110.7000 110.7000 109.4700 108.5500 109.0800 110.7900 110.4800 113.9800 116.2900 117.9700 117.9700 109.7100 115.6900 116.8600 115.9400 116.0500 116.3300 117.9600 115.8900 117.1000 119.0400 117.9100 116.8800 115.5500 117.3400 117.2400 115.1800 118.9400 118.7200 119.0900 118.1200 116.6500 117.7300 118.9200 118.9200 117.3800 118.2000 119.2700 117.8000 119.1700
109.7700 112.2368 110.3099 108.7500 109.1863 109.6025 109.9393 112.4753 112.0319 109.4026 111.5012 112.3469 116.6342 115.7133 116.1888 115.5636 114.9507 116.9818 116.1133 115.9812 117.2980 116.4590 113.2964 115.2397 118.0115 116.5211 115.5607 118.9212 116.8131 118.3555 117.6100 116.6013 117.1319 117.6860 117.3288 119.1308 119.3622 118.9737 118.8683 118.3100
110.1500 110.4730 109.0792 108.9515 109.1501 113.7587 113.0758 109.7870 113.3281 110.9377 109.8608 113.1331 111.4825 115.7075 115.4549 112.2260 109.8238 116.3303 110.1511 112.7199 116.6316 116.6468 112.5805 114.4861 117.9266 115.2061 115.9497 119.2275 116.5473 117.0083 116.0895 116.6797 116.6865 117.4078 117.1972 118.2375 119.2453 119.2843 118.5671 118.5900
109.8700 109.7624 108.8307 112.4707 112.3687 111.6276 110.5338 112.6975 116.1782 114.1566 114.6053 117.1368 108.3571 114.9225 115.5720 113.8229 111.2675 115.0440 112.9056 109.5123 113.0645 112.1985 111.4801 114.5953 113.6652 113.4381 113.8279 117.6577 117.7793 116.8016 113.7486 111.3125 114.1314 115.9018 117.2733 118.1591 118.6768 119.5059 118.6627 118.7200
109.1300 109.9243 109.4094 109.3133 112.0187 109.8346 111.3596 112.0810 113.7180 112.1692 110.6839 117.7905 112.1777 114.1994 114.7069 107.7389 110.4054 108.5719 107.0863 109.9351 115.6997 112.9990 109.6231 113.6329 115.7034 113.7870 114.2248 117.1271 112.1694 116.8082 113.5954 115.6248 115.6203 115.1239 118.1860 116.5486 117.5971 117.4361 118.3270 116.8200
113.4800 111.3839 109.4104 109.6782 111.0498 111.2196 115.4989 115.4028 111.6842 109.6040 110.6806 110.8311 112.0921 111.0589 108.1485 110.9849 108.4622 107.5757 107.4140 111.4517 115.4747 115.2664 109.8465 113.7579 114.4759 110.1877 113.6982 114.3512 116.9924 113.0354 112.3799 112.4428 116.0797 114.1108 116.0146 114.9877 116.0201 116.8064 116.8287 116.8200
111.7800 109.4494 109.1243 109.8022 109.4533 108.5059 113.1237 111.4019 113.5946 109.7259 110.1293 108.3362 112.0309 108.5707 108.4988 110.8332 108.2476 107.7234 107.1308 112.2112 113.7431 115.2648 111.7050 112.5044 107.5455 114.6338 114.4694 112.8503 116.0005 110.0266 109.2778 113.2143 110.8059 114.9377 112.8001 116.0691 114.5055 115.6998 114.9613 116.5900
110.0800 109.4414 108.5475 109.7300 109.3116 109.2555 110.1329 114.3287 114.7472 111.2441 108.3774 109.2921 110.7775 108.2614 108.6927 108.3395 107.5623 108.7324 108.3883 114.0562 115.1362 113.1506 113.0156 113.5313 110.3584 110.7950 111.4217 113.7848 111.4030 110.0006 108.5661 114.6696 113.5570 114.4949 111.2890 115.7279 113.5404 113.4158 114.0173 114.3300
108.6500 107.6712 108.7598 109.8057 108.9227 109.1117 110.6906 110.4881 109.7854 115.0159 108.4617 109.5934 105.9817 113.6649 109.6416 108.2697 107.6209 107.9822 112.6825 111.2911 113.5956 111.2774 111.6225 112.9880 108.0477 109.6324 111.6503 111.8569 108.7889 108.0690 112.6258 107.4104 115.6461 112.3469 115.9438 111.0311 112.1463 112.4319 112.7021 113.1800
114.6100 113.7750 110.4114 114.1978 111.3453 108.8096 108.8206 109.1266 108.7585 109.0440 108.6753 111.5100 111.6446 111.3728 107.1794 107.6208 107.6899 107.7748 110.1586 107.6387 114.4593 111.2638 106.9177 110.1963 110.6118 111.3586 111.4360 113.8938 108.6170 108.0067 108.6054 108.3793 109.4733 113.9096 114.2814 111.2530 110.4555 110.2468 111.8905 114.5800
110.1800 113.0454 108.6211 109.3462 112.8467 109.0460 109.1300 108.3257 109.3345 108.5062 108.4541 108.7957 110.0255 108.4686 109.2392 106.7400 107.0864 108.1836 107.3086 106.8404 111.8381 112.5054 107.3554 109.6513 110.5288 109.4793 112.0460 110.8744 107.9613 107.4796 108.4015 107.7870 110.5494 111.6472 113.4794 109.4751 108.2959 108.4690 110.5298 111.1400
113.2400 109.9794 111.1016 115.2852 110.0916 111.9066 108.5728 108.1448 108.7131 108.1519 108.7192 107.3957 107.8951 108.4326 114.3986 111.0507 109.4667 108.5328 108.1875 107.9961 108.1234 110.5593 106.7323 109.7841 107.2695 110.1419 110.9273 106.6827 107.3707 107.2770 108.1882 112.0598 112.6526 114.2384 112.4389 108.2419 107.9531 108.7322 108.5982 109.2400
109.4100 111.8993 113.0148 109.7474 114.1631 110.3845 107.9447 108.4252 108.8927 108.6077 108.3823 108.5550 108.5109 107.0104 110.5568 108.0732 106.1115 105.8168 106.6872 105.4277 110.1133 111.8315 105.2862 106.6845 107.6483 107.4016 111.1882 106.6327 107.5517 107.1946 111.2407 112.2368 111.7376 112.8341 110.3535 108.3435 107.6473 108.1032 109.0960 109.0900
114.9400 112.7950 110.1091 108.7367 108.2594 111.3072 108.3032 108.7696 107.7916 107.9142 108.5619 107.2515 107.6726 108.7871 113.0592 111.1791 107.7556 106.5786 108.3297 107.4343 105.7451 108.2836 105.1282 105.2987 106.8920 106.3919 106.3078 107.1497 105.9008 107.4821 105.3503 113.6366 108.0778 108.2505 107.7541 107.6475 107.7339 107.8208 108.0835 107.7900
116.4700 117.0512 115.2368 110.1921 108.9562 111.5418 108.6835 109.0042 108.3713 107.1123 106.8412 106.9047 107.9473 106.5885 110.9598 106.8800 105.9588 107.3266 109.8236 106.7058 105.1286 110.1849 106.4186 107.0263 105.6496 106.0158 105.3366 107.2596 105.8457 108.9824 106.9226 108.3137 108.8398 107.1812 107.6432 107.4446 107.9762 108.1572 107.4681 107.7900
114.8800 112.1759 114.5721 116.3971 108.6721 108.7916 108.2408 108.5163 107.9718 106.7074 108.3432 106.7079 106.4527 106.2398 109.0212 107.2036 106.3856 106.9562 106.8274 105.5034 104.8360 104.4508 106.3045 105.8079 105.7710 105.3027 106.0580 106.1136 106.5065 105.4688 106.5387 106.2357 107.8743 106.3390 106.4813 105.8005 107.5448 106.7266 107.2703 107.6200
115.3200 112.3420 113.6648 115.0435 111.2937 110.6724 108.2945 107.7573 107.9709 106.8020 107.5695 107.4005 106.1128 105.9290 105.6798 105.7930 105.1765 108.7450 105.4925 106.4637 104.2393 104.4372 105.9672 105.3856 105.0428 104.0040 104.5201 106.0556 106.6667 104.5100 106.2741 106.5217 106.1820 105.3396 106.8350 106.3447 112.3311 107.1382 107.6005 107.6200
115.3200 115.7904 110.3101 109.7262 111.5948 113.8553 106.2820 107.0823 107.4243 106.9192 107.1894 107.1264 106.8307 105.8415 105.5430 105.2731 106.0035 108.5535 108.9642 104.3548 103.5371 105.4742 106.0122 104.7962 105.4235 103.5713 104.6723 104.7303 106.8469 103.9414 105.0127 106.6768 106.3994 106.6830 107.0938 107.8742 108.0103 106.8954 111.9514 109.8600
109.0700 109.6321 108.5149 109.8071 110.3140 111.9834 107.1532 106.5670 106.9324 106.6945 106.1452 106.8559 105.8620 104.8757 105.2652 104.7757 104.8957 104.2923 105.0454 103.1662 103.0543 102.6921 103.9444 102.8199 104.0762 102.8940 104.0225 104.6694 104.9739 105.6976 104.6274 105.5272 106.4229 106.1240 106.1217 107.3451 106.9501 110.9836 107.8548 108.1000
108.2900 107.7724 107.4170 112.3188 109.2035 113.0501 109.9951 106.9246 106.1505 107.0702 106.0598 105.8686 106.5309 105.5851 105.1714 104.0454 103.3960 103.0584 102.6689 102.3965 102.1903 102.3120 102.1553 102.1645 102.0005 102.3195 102.4815 102.9865 102.2698 104.2599 105.1021 104.5594 105.5036 106.7406 107.2483 105.5565 107.3188 106.7609 110.7994 113.4100
108.1300 108.7377 108.4771 108.5989 108.3182 112.9211 107.8079 106.0972 106.4206 105.6400 105.7409 105.0238 104.3696 104.6423 104.2812 103.5304 102.6671 102.6870 102.0449 101.5942 101.3787 101.6190 101.7724 101.6844 101.5780 101.2366 102.1176 102.1339 102.1431 102.7002 104.7032 104.5008 104.2000 105.1369 106.6111 106.1403 105.9908 107.6220 107.7640 108.0100
107.0100 108.3036 108.3049 108.6486 107.0426 106.4454 106.9660 108.4625 107.5475 104.9290 105.7027 104.9729 105.0083 105.7600 103.3063 102.7342 102.2297 101.8136 101.2361 100.8274 100.3909 100.4268 100.3962 100.3947 100.5187 100.8211 101.3210 101.3647 101.6803 102.3797 102.7486 103.2850 104.6576 104.9013 105.9906 105.8745 104.8917 107.0278 106.7313 106.1900
109.2800 107.6207 107.1029 107.9307 107.5725 107.5098 107.6669 105.6033 106.7855 105.6555 105.2198 105.2604 105.2507 104.7880 103.1616 102.3582 101.9237 101.3136 100.7281 100.0359 99.3408 99.2757 99.1064 99.0994 99.2953 99.7145 100.0820 100.3660 101.2586 101.9047 102.4458 102.8816 103.3261 104.6984 105.8135 106.0378 105.6595 106.9041 107.4140 107.4400
108.7600 109.5320 108.4396 107.1730 108.9106 109.8487 107.1036 105.5093 105.3292 106.6006 104.7325 104.3098 103.5707 102.5651 102.1097 101.6892 101.3219 100.6069 100.0530 98.7623 98.1830 97.6459 97.8427 98.0962 98.1757 98.3175 98.8833 99.8822 100.6952 101.0824 101.8270 102.4999 103.0572 103.5956 105.5676 105.0558 106.1308 105.6763 107.4809 107.0800
111.1800 113.6159 111.2619 109.5838 108.9557 110.2897 108.5390 105.9341 105.1427 105.1099 104.3618 103.3822 102.8062 102.5606 101.6061 101.1438 100.5764 99.8480 99.0209 97.2855 96.8340 95.3672 96.5178 96.6898 96.8454 96.7528 97.6933 98.5130 99.8186 100.4784 100.9789 101.8945 102.4869 103.1956 104.8273 105.9200 104.2968 105.5323 106.8829 107.3500
107.8700 110.4352 107.2728 110.0445 107.0564 109.4815 108.5238 105.7582 105.4091 104.1807 105.3473 103.4296 102.6958 101.7710 101.2815 100.5823 100.1400 99.1525 97.8769 96.2345 95.2961 95.1177 92.8835 93.4161 94.2583 94.2186 95.4633 96.9666 99.0009 100.1783 100.5837 101.3738 101.6698 102.6487 104.0459 105.8699 105.5805 105.1492 106.3737 106.7600
107.6500 107.2590 107.1037 107.0657 107.4214 107.2443 106.0770 105.9234 105.2002 104.8795 104.9529 102.9203 102.3775 101.5673 100.9527 100.3021 99.2881 97.6139 96.0592 94.3089 92.3852 91.5544 89.5011 89.4400 89.9282 92.2003 94.8806 95.8632 97.9723 99.3042 99.8669 100.8467 101.7850 102.5117 103.0535 105.4290 106.3759 105.2833 105.3468 106.6700
107.6900 107.7381 107.8866 107.7518 107.6139 106.9760 105.9123 106.9130 105.7895 105.3284 103.7393 102.9183 102.1901 101.4068 100.4514 99.0192 97.9309 96.6718 95.1925 92.5113 89.3485 86.2578 85.2862 85.6111 86.3138 89.4133 92.8772 94.2928 97.8199 98.8637 99.3951 100.5897 101.3508 102.5633 103.1193 104.0573 105.3233 105.7343 105.8250 106.6200
108.2700 107.8098 108.5324 107.5400 107.6768 106.4729 106.1900 106.3174 104.8623 105.7639 104.0087 102.7965 102.0446 101.3576 100.6397 99.3784 97.8770 96.2894 92.9650 89.9330 85.5947 81.1173 78.3033 78.0148 81.2799 86.3563 90.9041 92.9960 96.0116 98.8541 99.6207 100.4226 100.9668 102.1581 102.7100 104.7456 104.3910 106.6053 105.8265 105.4900
109.0200 107.6844 107.3114 107.0807 106.5400 107.0534 106.7164 105.9199 104.7980 104.7910 103.2721 102.7023 101.7889 101.1339 100.6196 98.8131 96.9990 95.5324 92.6551 87.9741 82.9261 75.7194 70.5372 69.9647 77.5167 82.6895 89.4579 92.5129 95.0965 97.8566 99.5711 99.8454 101.1414 101.9445 102.5891 104.2495 103.9198 104.6983 105.3669 105.5900
108.5500 108.1631 107.6297 107.9976 107.1413 106.9738 106.4499 105.2476 105.4876 105.2481 103.0893 102.5929 101.7202 101.1036 100.5757 98.2112 97.2518 94.5133 90.9185 87.0898 82.4492 72.8744 64.3694 65.2320 75.1592 82.9827 87.5302 91.5017 95.3661 97.6171 99.5047 99.9133 101.2829 101.9633 102.6730 104.0963 105.9336 105.3770 105.1076 106.2600
107.7800 107.9255 107.5600 106.6619 106.1566 106.4843 107.2421 106.1690 105.4544 105.9746 103.6109 102.5999 101.6908 101.3593 100.6217 98.3394 97.3681 94.7044 91.2807 87.5589 83.5760 74.9454 67.8903 68.2528 76.7859 83.6575 87.7969 92.0469 95.3456 97.6446 99.5176 100.0191 101.2242 101.9982 102.6850 103.9334 105.3574 105.8964 105.3759 106.6900
108.3300 107.6047 107.6282 107.2821 107.1932 107.8091 105.7085 105.0146 104.4829 105.0136 103.3966 102.6410 101.8769 101.4387 100.3493 98.8091 97.6053 95.7810 92.9339 89.5234 86.9972 81.2662 75.2331 76.0818 81.0909 85.3979 89.0601 93.6930 95.1720 97.3200 99.4022 100.5943 100.9842 102.1082 102.8571 104.8506 104.3306 105.5237 106.7515 106.7700
108.6000 106.9042 107.3208 107.5320 106.4328 107.5060 106.1644 105.5933 106.2580 105.4556 104.0698 102.9290 102.1561 101.6061 100.3760 99.2148 97.9088 97.1080 94.4336 91.9535 88.4954 85.8481 84.8107 83.7399 84.2707 88.4292 91.6336 93.8795 96.1342 97.7519 99.2568 100.3033 101.5083 102.0098 102.9003 105.1333 105.3090 104.5881 105.9502 106.7800
112.7500 108.7528 107.0441 106.7637 105.6014 106.4595 105.9239 105.9720 108.7831 106.1852 105.0547 103.0364 102.3317 101.7185 101.1151 99.9437 98.8824 97.7116 96.1254 94.2989 92.6322 90.1661 89.4009 89.1904 90.3723 91.7438 93.3972 95.7183 97.5598 98.8342 100.0399 100.5605 101.7561 102.3288 103.6833 104.8060 104.8399 105.8443 105.0097 106.9700
112.7500 106.8612 106.8142 107.4705 108.3026 106.0649 106.3070 106.3202 105.7819 104.7414 105.4479 103.1089 102.6011 101.9027 101.4421 100.4775 99.7952 98.5598 96.9817 95.7377 95.4171 92.9576 91.8043 91.7880 93.1293 93.8906 95.5075 97.0486 98.2648 99.6453 100.5934 101.1557 102.0453 102.3655 104.8874 105.7090 105.3763 105.9426 105.7020 105.7800
115.2500 112.5003 109.8934 107.3744 107.2401 107.5090 107.2043 106.9084 106.7560 105.5258 105.1156 103.6645 102.7195 102.3283 101.6963 100.7335 100.2336 99.7002 98.3398 97.1753 97.0840 95.8569 94.3788 94.9180 95.5649 96.2585 97.4199 98.4423 99.3129 100.3522 101.1506 101.8012 102.3777 102.9610 104.4636 105.5603 106.0949 105.8803 106.0649 105.8500
109.1900 110.8991 108.7772 107.0053 108.0398 107.0794 107.6009 107.3231 107.2464 106.6024 104.4666 105.8661 103.5901 103.0327 102.2791 101.6261 100.9297 100.3295 99.8770 99.2178 98.4001 97.9561 97.2033 97.4738 97.9289 98.5278 99.0586 99.5113 100.2837 101.0024 101.8234 102.3492 102.8781 103.7725 103.6696 106.2113 105.4642 107.3125 105.4858 106.7200
109.3000 108.7612 108.7558 107.6632 108.2531 107.3173 107.4387 107.7255 106.1743 105.0671 105.4510 106.4016 104.1151 103.2080 102.8030 102.3507 101.8199 101.1234 100.6818 100.2673 99.7468 99.5688 99.4412 99.3870 99.3299 99.7720 100.0873 100.3793 101.1564 101.7885 102.2493 102.6888 103.3961 103.5981 105.8900 105.3436 106.1783 106.0961 105.7472 106.4000
108.4900 109.0700 107.2900 107.2900 108.2600 107.1100 107.6600 107.9400 105.6600 106.3600 106.7000 105.5300 104.3400 105.0300 103.2700 102.9300 102.5100 101.9900 100.9800 100.9800 100.4800 100.6000 99.7800 99.6300 100.5500 100.2100 101.0800 101.4100 101.9900 102.5000 102.5000 103.2100 103.6800 104.1500 106.6100 106.0400 106.6300 106.8500 112.7600 108.0800
