110.7300 110.3100 110.3100 108.6900 113.0900 111.5100 110.6500 111.3600 108.1500 108.8700 109.7000 109.4900 111.1500 110.8000 109.7400 107.7700 109.7700 115.8200 114.1900 114.1900 112.8900 114.3800 114.9400 114.0900 116.0600 115.9900 115.1600 116.4600 111.5400 111.4400 113.2300 114.8300 114.8300 114.1800 114.1800 113.7500 113.5400 113.3100 113.0800 114.2400
108.5600 109.0566 108.5923 112.0761 108.6124 108.9612 111.1998 110.6640 110.0957 108.8213 109.0197 109.2094 109.0982 109.8122 109.3050 107.8325 107.5200 111.9658 114.8738 112.9855 112.6214 109.1548 113.9788 114.7599 112.7995 111.9740 112.2467 112.4952 110.1627 112.6985 113.3081 115.3022 112.9081 114.6387 110.8602 114.2003 113.9077 114.9323 112.7762 113.2100
108.0300 109.0347 109.9577 109.6831 109.9634 115.5948 114.8909 109.2238 110.0971 109.9015 108.7618 110.9051 112.3302 110.0704 110.3037 111.8428 110.4146 112.5748 108.9752 113.7673 112.4768 109.9008 110.0140 112.0866 108.3875 111.1939 111.4071 111.4106 109.5757 116.8132 114.1585 115.7567 114.4359 112.9428 114.7996 111.7531 113.8743 112.4163 111.9242 110.6800
108.0300 109.4920 111.1750 107.9056 112.9724 112.6121 109.0009 107.8406 110.4052 110.4946 109.5779 110.7561 112.9942 109.0480 111.1572 112.0754 113.0077 116.8249 111.4513 114.5133 114.0319 112.1458 113.4550 110.8903 108.8384 108.4763 110.0094 109.3444 110.8967 113.9661 116.7730 115.6574 114.4580 112.7679 110.9665 109.1581 108.7062 111.2739 110.9795 110.7100
110.3300 111.9151 111.0001 109.3614 111.6423 112.6007 110.5348 113.5274 112.3737 111.9864 108.3450 109.5519 112.7722 107.2534 110.0606 110.3528 113.8791 113.3724 108.9490 111.2228 108.5054 108.9764 112.4486 107.3361 108.9517 109.9591 113.0348 110.8578 111.2206 112.3488 113.7975 115.4052 113.8303 109.0473 111.6752 109.9541 110.0108 111.5599 114.3523 112.2800
111.7600 111.1819 108.9910 112.0698 109.6845 112.5066 112.3340 116.5790 112.7465 111.5609 108.9514 109.3775 109.2155 109.5771 110.0412 112.5857 116.0320 113.3953 111.5325 111.5787 107.7388 108.6464 109.2341 109.7494 108.3869 110.1511 109.7046 110.2861 108.2316 110.7422 108.9765 113.7568 110.7161 110.0841 114.5767 112.6883 110.2293 110.1836 112.2496 112.2800
111.7600 109.1494 107.8453 112.0070 116.3639 112.5023 110.4902 110.0000 112.2647 112.4940 112.1373 108.5349 115.5781 116.1448 113.5098 116.2672 113.5646 115.5318 112.0383 108.8329 109.8025 109.1342 107.8515 112.9793 111.6063 110.3342 110.1680 109.7548 108.9366 108.5973 113.2618 108.4305 109.9879 114.9275 115.0600 114.3513 113.9760 111.7547 110.8426 114.3700
110.1400 109.3981 108.3867 111.2428 113.6175 111.1667 115.4417 114.2426 111.6207 110.0244 109.0359 110.5921 112.2870 113.2581 105.5831 113.8048 111.9779 114.9193 107.0330 107.2633 109.1941 107.8579 108.9760 113.0096 111.4047 108.2495 110.7612 110.4452 110.1649 109.3898 108.8675 108.7148 108.4468 110.8826 113.2693 112.9622 111.2089 111.7723 110.0085 109.1300
113.4200 112.7479 109.8800 114.1090 110.6340 111.2648 114.2196 113.4118 113.0078 113.7649 109.5041 113.7633 110.8003 110.2927 110.0318 111.5190 112.1202 112.5065 108.7100 107.9140 109.3590 108.3980 109.0063 108.8642 109.2311 108.8993 108.7331 109.1200 110.4804 107.9753 109.9348 108.4180 108.9948 111.6967 115.1142 110.6674 110.0245 109.3665 109.3434 108.8500
114.1400 111.8612 110.5302 112.5759 108.6874 115.2685 109.3641 110.8085 108.5310 108.3131 108.9258 108.7026 108.4751 112.8237 108.0092 113.4210 109.4321 113.4663 112.5834 109.1333 108.7745 107.2027 106.4542 110.8817 111.2240 111.0099 112.0317 108.0499 109.1072 107.6297 108.9887 108.0120 109.9403 109.4205 109.5163 111.0341 109.8768 108.5156 108.6585 108.8100
111.2200 112.4991 110.1414 109.1732 107.7344 109.6835 109.0084 109.0992 108.4845 108.5852 108.8425 108.9692 110.2126 108.0163 104.6590 112.3612 110.3373 109.9217 110.8514 109.2399 112.3764 112.6684 108.1009 109.8185 112.6447 110.1742 108.6658 107.8066 111.3469 108.1376 108.4247 109.3928 109.7960 108.8745 110.9572 110.0553 109.6364 111.2309 111.4702 110.5500
108.8500 110.4053 108.6449 108.2338 107.7028 113.5866 109.5427 108.5753 107.6467 107.4094 108.3527 108.4262 107.6055 111.8890 109.2201 108.0497 108.0742 108.5282 108.1787 113.6838 116.0455 115.8767 113.2637 114.6649 109.5561 116.0166 109.5661 109.1553 109.1792 112.5405 110.8028 110.1012 108.1267 109.9163 110.0053 109.7513 109.8446 108.4767 110.5084 109.4600
108.8500 113.6544 108.6571 108.0671 106.9530 109.9007 109.4822 107.9385 107.4694 107.5128 107.7564 108.5881 106.6471 114.5256 112.3073 107.6477 107.8563 108.2004 108.8472 112.5773 112.2499 112.9632 107.0179 109.3771 112.0028 107.1833 112.6168 112.4730 109.5775 109.8750 110.3307 107.4450 109.3174 109.4704 110.2621 109.2016 110.5384 110.1697 108.9446 108.6800
108.0400 107.7379 106.6921 108.1323 107.1422 107.7034 107.3828 108.0218 107.3080 107.0771 107.9010 107.4629 107.2153 108.4034 110.5426 106.7801 108.1170 107.2829 109.4287 108.7282 111.0046 114.1694 109.6790 112.1268 110.1820 107.9748 114.8567 107.5962 108.8412 109.5924 112.5248 107.8034 109.0804 110.0910 109.9786 109.6531 112.9979 115.0322 110.1071 110.3900
107.9400 107.3832 106.7907 106.5406 106.4258 107.0491 106.6419 107.8610 106.7268 106.6347 107.1838 106.6380 107.2445 110.3947 108.2032 107.8695 107.5180 107.7741 109.1236 111.7646 114.7459 111.9086 108.5806 111.3237 113.4599 110.0939 114.9011 109.1988 108.6068 110.0185 111.3259 108.4512 108.9429 109.5101 109.5773 110.0607 115.7678 108.3942 109.6908 113.9600
106.9700 107.5688 106.9377 106.3816 106.7421 107.2515 105.6594 107.2250 106.6200 106.6993 107.0637 107.2081 108.1461 107.6812 107.0104 106.2975 106.0171 107.6630 110.4118 110.5494 113.5289 112.2286 109.7988 111.8173 114.1793 109.2999 114.0489 108.4260 107.5135 110.9246 109.2554 108.0867 108.7855 108.8410 108.9843 110.4555 112.5092 111.2406 110.5501 112.2000
107.2600 107.5204 106.2232 106.5371 107.4691 105.5986 105.8475 105.5222 105.3756 105.3742 106.4884 106.2008 108.3848 111.3073 106.6753 106.6791 106.2091 108.9074 108.3481 110.7248 110.0636 108.5029 108.5351 110.5657 108.8982 109.2697 108.6806 111.1395 110.1646 112.5109 109.2082 110.7983 109.4889 109.5084 108.4476 109.2677 109.2104 111.0899 110.1686 112.2000
106.6800 105.9784 106.7390 107.0608 106.0229 105.5142 106.7206 104.7924 106.2595 106.8109 106.7354 106.6117 105.8489 106.2308 106.7688 106.2439 105.9209 105.7754 107.9117 109.1376 111.3881 107.9176 109.0705 108.5130 108.3190 108.8613 109.0166 110.6686 108.8692 110.9195 110.8927 109.9797 108.9962 109.4478 108.8011 109.8413 111.2448 110.6953 108.2054 108.9700
106.7800 106.7457 106.1822 106.6026 106.3486 106.1130 106.1618 106.2626 105.0892 104.4649 106.4146 106.5761 106.2194 106.3402 105.8382 106.0172 106.1777 105.8983 107.6655 109.8151 106.9011 107.7930 108.2985 108.2821 108.2262 108.4081 108.7582 108.3342 110.1590 109.8053 109.7584 109.4538 108.8193 109.7859 110.0626 109.5619 114.9807 110.6864 108.2635 109.1300
106.7800 106.5353 105.0498 106.1787 105.2018 105.3735 104.1782 106.2036 105.4341 104.8647 105.4674 106.0048 104.6570 106.5047 104.5725 106.3763 105.6769 105.4151 105.8446 105.7673 107.4635 107.6513 107.1624 108.0483 107.0837 108.0162 108.0906 108.5534 109.0137 108.5784 109.0346 108.4500 110.7881 109.3756 114.1769 115.6716 115.3198 117.2649 107.6052 109.4500
105.3800 106.1705 105.8429 104.7060 105.7309 106.1547 105.7678 104.3109 104.6043 104.6874 104.6364 105.4151 105.9730 105.7579 104.2445 105.7304 110.3840 107.0064 107.1032 108.8098 107.5347 107.1432 106.9828 108.0602 108.2040 108.3543 108.1978 108.8435 108.9748 108.2045 108.0823 108.1874 108.7766 114.5708 115.5802 115.8114 112.5340 113.4113 112.2113 108.5500
105.0500 104.6505 104.2176 103.9257 103.7111 103.9842 102.9340 102.7460 102.6769 102.5711 102.5105 102.6806 103.5202 103.5856 104.1761 105.7329 105.0360 109.7195 105.2566 105.2084 110.3345 106.3754 107.4160 107.7698 108.0432 108.2550 108.0733 108.6398 108.4744 108.1343 107.6337 113.8542 113.5217 110.1270 114.9274 111.9121 110.1759 111.7102 110.4689 109.0700
105.2200 105.0554 104.1931 104.5556 104.0337 102.3275 102.3531 102.1595 101.9577 101.9198 101.7835 102.1374 102.4657 102.4676 103.1287 103.7222 103.4148 104.3093 106.0802 105.8976 106.9129 106.9235 107.2414 107.3362 107.1473 108.1914 107.9330 108.3450 108.4033 109.1457 109.5619 108.8189 112.9287 109.0137 109.0304 110.5808 111.0789 115.4129 109.5740 109.3500
104.4700 103.4529 102.8431 102.3184 102.0653 101.1440 101.0405 101.1860 100.7734 100.5790 100.4782 101.2492 101.7107 101.8816 102.2090 102.6304 103.1956 103.3319 106.5822 106.7238 106.5027 106.4544 105.8071 105.7903 106.7886 107.7965 108.0784 109.4952 108.6748 109.7084 109.1379 108.8072 108.4654 110.7431 109.6451 113.1911 113.9248 112.6888 110.0916 110.1700
103.2400 102.4907 102.3092 101.9887 101.3651 100.3359 99.9456 100.1241 99.5165 99.4252 99.4857 100.3587 101.2100 100.9773 101.4721 101.8770 102.5909 103.2788 103.2516 105.5206 106.1581 105.7880 105.8552 106.3070 106.8429 107.6699 108.2016 109.1185 107.1906 107.8713 108.6604 108.4847 111.7148 113.0619 110.5197 110.6775 113.5128 112.7211 109.1664 110.1300
102.6700 102.2582 101.4484 101.2683 100.7767 99.9558 99.3475 99.2502 98.6714 98.6451 98.7552 99.1698 99.9738 100.1941 100.8868 101.4852 102.1227 102.6846 103.2379 104.2732 104.2734 105.7912 104.9026 105.9504 106.7522 107.6763 107.5281 107.7025 107.4543 107.1124 108.0758 110.8193 113.1354 108.7499 108.8905 109.4514 112.6084 112.7761 114.1860 109.0800
102.6700 101.8509 101.0508 100.6129 100.0461 98.3973 97.3093 96.8402 97.2140 97.2160 97.2064 98.0763 98.5822 99.2932 99.8432 100.6994 101.7194 102.3080 102.6627 103.3149 103.6503 105.9292 106.1912 106.5133 107.1980 107.1352 106.7488 107.4097 106.7393 106.7633 112.2876 107.9149 109.5091 108.0542 110.2364 111.6256 112.8047 115.4572 116.3866 111.5700
101.8600 101.5759 100.7725 99.3320 99.9482 97.8055 96.5474 94.9684 95.5484 95.8856 95.1016 96.7776 97.3832 98.2918 98.9070 99.9482 100.6377 101.2723 102.1575 102.9869 103.3329 105.7752 105.4957 105.3872 106.5736 105.8102 105.9737 107.4893 107.6579 107.2870 112.7564 108.5211 111.1204 109.1192 108.5193 108.8160 111.0607 110.7258 110.7358 111.5300
101.2700 101.0979 98.6416 98.0829 98.8832 96.4554 94.8842 92.5468 92.6673 92.3775 93.6622 94.6649 95.5903 96.7651 98.6922 99.7828 100.4702 101.3622 101.8696 102.6780 103.0188 104.6625 104.5398 105.4114 105.8078 106.3350 106.3849 107.2720 106.5399 108.2116 108.2769 113.7404 110.1583 110.3723 112.6889 105.9707 114.3225 109.2149 114.4976 108.9000
101.3000 100.6779 99.7863 98.1092 96.3497 94.1068 91.8858 89.3365 88.4868 88.6665 90.4326 91.4469 93.7937 94.9108 96.9361 99.0573 99.9371 100.4513 101.6197 102.2807 102.8691 104.2532 104.9514 106.4281 106.2919 104.8752 107.8179 108.0044 110.1079 110.4433 109.6231 110.7628 109.4300 113.7490 114.8445 115.3107 113.3443 112.5043 109.9297 111.1000
101.0100 100.2866 99.0479 98.1281 95.9167 91.6681 88.2906 86.5689 87.6028 88.1135 83.8648 87.7883 90.7684 93.1274 96.5032 98.7145 98.6249 100.2715 101.0744 101.8385 102.6130 103.2283 105.0687 107.0045 106.8932 105.1423 108.4210 112.7110 111.3423 112.4938 110.3322 113.5463 112.5744 114.9050 113.2849 116.8671 107.5397 111.5150 116.1137 116.1200
100.7300 99.7931 98.2800 96.7287 94.1102 91.5848 88.9391 87.9680 82.8991 80.5934 79.8279 84.5492 88.0686 91.6205 95.9929 97.4647 98.4215 99.8817 100.9294 101.8594 102.5738 103.3401 104.6378 105.7717 105.0592 106.6621 106.6482 106.1165 110.9378 109.8668 109.1111 112.8818 112.6111 114.5185 114.3821 113.7200 109.4595 111.4645 113.2091 108.2700
99.7800 99.6144 98.2157 96.1872 93.7111 90.2989 87.5091 82.9565 71.2940 68.9458 74.5730 81.3827 86.9024 91.2776 94.8977 96.4485 98.2257 99.5079 100.8332 101.8577 102.4921 103.1681 104.3552 106.7733 105.6361 106.2997 108.0266 107.8700 108.6446 110.6301 113.6951 114.1340 112.7195 114.1360 111.3919 111.6224 111.1300 110.0341 107.5249 112.7300
100.2100 99.7253 98.1521 96.4422 94.0423 90.0982 86.1966 79.2202 65.7557 62.8931 69.7293 79.6180 86.1090 91.4761 93.7986 97.3015 98.3352 99.5425 100.7922 101.8113 102.4904 103.1543 104.4940 106.9989 103.8447 105.8279 111.8955 109.1355 112.5512 111.5757 114.1115 109.6321 114.2939 112.4858 112.5564 109.7135 114.1250 107.7054 107.8947 109.2700
100.2100 99.6842 98.5294 96.4647 94.1383 90.6805 88.4612 81.9781 68.7806 65.0720 72.1524 82.2780 85.4934 91.2827 93.3641 97.7017 98.4730 99.8636 100.8065 101.8183 102.5255 103.1425 103.7994 105.2296 104.6976 106.3877 109.1485 107.9039 109.8447 113.7799 114.2180 112.9254 109.8327 114.6186 114.3363 112.9572 112.7257 112.3766 108.8679 108.9300
100.7200 99.8541 98.6904 97.2525 94.9768 91.9564 89.5526 84.0801 77.2370 75.6513 80.6413 83.1464 87.6666 91.7414 94.1265 97.5174 98.5510 100.0788 101.0982 101.7297 102.5539 103.2971 103.9189 105.0316 104.9460 105.9300 106.5943 107.5903 107.5522 109.9433 110.3914 112.1045 109.0502 114.8008 116.4811 112.3732 112.9388 113.4596 111.1132 111.6500
101.1300 100.2814 98.9706 97.9129 96.2592 94.6043 90.9038 86.7344 83.7433 82.9188 85.0927 86.8407 89.8686 93.7100 95.6485 97.6329 98.5053 100.1866 101.2347 102.1344 102.6790 103.4372 103.5561 106.3348 105.1073 105.8628 107.0520 107.0985 108.2765 108.3655 108.3183 107.9806 108.4942 111.0880 110.0591 114.5052 115.1341 112.6963 116.6339 107.9900
101.2000 100.6954 99.5613 98.4266 97.7228 95.7379 93.8241 91.6138 89.3865 88.5612 89.0930 90.8990 92.2788 95.3095 97.5399 98.7669 99.6765 100.6187 101.5236 102.3773 103.0500 103.4419 105.5986 105.2633 106.1656 106.3289 106.8839 107.3703 108.2522 108.2044 108.0556 107.6126 108.0933 108.4048 113.3095 110.8126 110.1789 111.8786 109.3984 111.4900
101.9500 100.8718 99.8977 99.4342 98.3302 97.1272 95.6349 94.2507 93.5607 93.2049 93.3143 94.2480 95.0350 96.3602 98.0011 99.5237 100.5496 101.3808 101.9254 102.6311 103.2509 103.7799 104.9004 105.8904 106.4301 107.1707 107.1014 107.9749 108.2890 107.3635 108.5777 107.9640 107.8910 112.3880 109.9052 113.3546 110.1370 110.6719 113.6086 111.7000
102.0300 101.5600 100.8000 99.4500 99.4500 98.8100 96.9100 96.9100 94.6200 94.6800 94.9600 95.3200 97.2400 96.5200 98.5400 99.8800 100.6900 101.7500 102.2600 102.8500 103.4600 104.6700 104.7900 104.8500 106.3600 107.5900 107.5600 108.0100 108.3600 111.8800 108.5700 108.9400 113.8800 109.5100 110.5400 110.0900 110.3200 111.4900 113.9200 109.3000
