109.1100 109.1100 113.0800 114.8400 111.9500 111.9000 106.4600 107.3900 106.1800 109.3400 105.1700 104.9300 107.7800 105.9400 105.4100 105.5500 104.9300 104.9300 103.1000 105.4600 105.6100 105.7100 105.5100 105.1800 108.1300 108.1300 102.9800 113.4100 111.6100 109.3600 107.8300 106.6200 105.5900 104.7800 104.1000 104.9200 106.8300 107.9200 109.2800 110.5500
107.6100 108.2073 107.4641 108.7875 108.5514 109.1463 106.2956 106.6937 105.8618 104.1794 107.2683 106.1906 108.1389 105.6950 105.2635 104.7408 103.9947 103.0026 102.3137 102.3722 102.4722 101.4503 106.0745 104.2729 103.7627 104.3907 105.9108 110.6036 112.5803 111.7460 110.1927 108.3274 106.9267 105.6648 104.5727 104.4149 105.4612 105.1340 107.6237 108.8600
107.8500 107.2545 108.2195 107.7336 111.3676 105.8113 104.8662 107.1182 106.5349 105.4825 106.0091 106.2607 105.2565 104.5769 103.9382 103.0490 102.4143 103.2655 103.3474 102.7410 102.4149 102.8687 101.2793 101.9895 101.6340 102.2632 103.2836 105.3913 108.3650 110.8902 111.4268 109.4659 108.3473 106.7724 105.4158 104.4552 104.9525 104.7455 107.6205 108.4400
107.4400 108.4129 108.4966 107.8888 106.7712 107.6603 107.0049 106.9657 105.3510 105.2413 105.2972 105.3306 104.9057 104.3444 104.2413 103.8763 101.6936 102.3980 101.2839 100.6499 100.4366 100.5509 100.7251 102.0696 102.2191 101.7971 102.2576 101.4282 104.4237 107.2591 109.2393 110.3831 109.5039 108.0767 106.4830 105.2218 104.2569 105.2195 106.5641 108.0600
112.7600 112.3667 107.3427 107.2083 108.0579 107.2732 107.3755 105.4960 104.7549 104.5673 104.1941 103.6367 104.5625 103.9462 102.3346 101.4163 100.6376 100.1838 99.7425 99.5967 99.4674 99.4117 99.5627 99.6451 100.2699 100.5874 102.3683 102.9618 102.2891 103.3444 104.4293 110.0756 110.2607 109.0803 107.5150 105.9252 104.7202 104.5128 105.8457 106.6200
109.4400 111.0229 108.8246 106.7179 111.2629 106.7029 105.3434 105.1155 104.8035 104.7808 104.1555 104.5100 103.1748 102.5680 101.1438 100.7043 99.9547 99.1204 98.6028 98.1593 98.0105 97.7600 98.5020 98.6114 99.1516 99.8702 100.3083 102.9399 102.1779 102.3429 103.4957 107.0103 110.5679 110.3240 108.6888 106.7190 105.4029 104.4652 105.3040 106.5300
111.8900 110.4509 110.5610 106.9910 108.8589 106.8470 106.6013 105.5772 105.2001 104.9492 104.7673 103.5300 102.1064 101.5170 100.7752 99.6987 98.6449 97.8210 97.0302 96.5122 96.2701 96.2527 96.6733 97.2911 97.8365 98.6652 99.5200 100.1795 101.3954 102.4928 102.7547 104.3520 107.4662 109.4649 109.4831 107.7429 106.0061 104.8764 104.9154 106.3000
108.4100 108.0858 106.5619 106.7077 106.7487 106.2596 106.4059 105.7579 104.7086 104.4509 105.1506 102.9652 101.8207 101.0696 100.3104 98.7931 97.6255 96.2278 95.0872 94.6685 94.0928 94.0420 94.5111 95.6177 96.2576 97.4148 98.5292 99.5568 100.3772 101.5942 102.4253 103.0872 104.6725 105.7274 106.9963 108.3041 106.5518 105.2832 104.7108 105.0100
108.1200 107.8260 107.5232 106.1040 106.4379 105.5570 105.4223 106.2224 104.5315 103.5451 103.2943 101.8590 101.1032 100.5631 99.5732 97.6854 95.9647 94.3139 92.7046 91.7669 90.6228 90.8842 91.7864 93.2384 94.6102 95.9929 97.4419 98.7221 99.8189 100.6967 102.3150 102.3603 104.2035 105.2989 105.6207 108.1768 107.0087 105.6260 104.7468 104.8000
108.3300 108.1549 107.3926 106.7078 106.5567 106.3603 106.1668 106.2013 105.5814 104.2839 102.2992 101.6149 100.3801 99.6347 98.2086 97.0071 94.4384 92.4719 90.2191 88.2567 86.9004 86.7363 88.1754 90.4098 92.7911 94.4093 96.6044 97.8897 99.2382 100.3363 101.8169 102.0170 103.5526 105.1107 105.8410 108.1164 107.7514 106.2154 105.0944 105.2100
108.4100 107.9900 107.4195 107.0636 105.6117 106.5190 105.5919 105.1301 104.1872 103.0254 102.4421 101.4981 100.4955 99.7225 97.9552 95.7610 93.4378 91.5224 86.7210 85.7983 84.6249 82.2456 84.4823 86.9159 90.4718 92.9426 95.4683 97.6651 98.6481 99.9741 101.1772 103.7091 103.8340 104.1617 104.5242 106.3628 104.9868 106.6568 105.1876 104.9600
108.1800 107.9903 107.8898 107.3627 106.3971 104.9144 105.5170 105.6046 103.6048 102.9472 102.0630 101.2993 100.3764 98.8801 96.9251 94.9126 92.2837 89.4147 84.6277 82.8942 74.9186 72.9958 79.8583 85.2062 88.4681 91.7389 94.5492 97.0863 98.7466 100.2899 101.0090 102.5066 103.7942 103.3084 104.5541 105.0699 104.9118 106.7242 105.2745 104.8600
108.0400 107.9190 107.8356 106.5076 105.9969 105.9472 106.0254 105.0678 103.7166 102.8212 101.4991 101.1775 100.1159 98.7987 96.2666 95.4702 91.8293 90.2356 96.2233 74.7117 65.4194 63.8016 72.4984 84.2654 87.2312 91.0302 94.2766 97.0289 98.5031 99.9579 100.9193 103.2290 102.6258 105.5580 104.2962 110.3433 104.6773 106.7153 105.2077 105.9900
107.9900 108.0556 107.7318 106.7191 107.0726 106.3731 105.5992 105.0448 103.9344 101.6688 94.8785 101.6683 100.1938 98.9518 96.4295 94.9382 92.8389 90.5041 92.6406 73.1430 66.7642 66.5213 72.7637 83.7361 88.1613 91.1438 94.3003 96.9059 98.3530 99.9620 100.8470 102.6463 103.0077 105.1048 103.7599 109.0165 105.0892 106.9388 105.6773 106.0000
108.1900 108.1276 107.7341 106.4091 105.4923 105.7241 105.7623 105.5359 105.2525 102.6257 98.1366 101.7378 100.1977 98.9225 96.6788 95.8409 93.7981 89.3852 86.7151 77.9871 71.6609 71.8504 77.0742 86.1412 89.6194 92.8884 95.2558 97.1264 98.1825 99.7774 101.0333 101.9614 103.5238 104.8234 104.1367 105.1404 105.9451 106.3331 107.0716 106.3600
108.4700 107.8150 107.3756 107.3905 107.3911 106.7636 106.5048 106.3071 105.2576 100.3771 102.9278 101.4158 100.2981 98.8065 97.4391 97.4839 95.9413 93.0214 86.9353 82.1568 79.6864 79.7113 84.3205 87.5837 91.6018 94.2418 96.5112 97.4571 98.7688 100.2504 101.3071 102.5524 102.8291 104.7444 104.4806 104.6741 106.5285 105.1526 105.5550 107.7200
108.3300 107.8990 106.8255 107.7133 106.4999 106.4267 105.6848 105.9261 104.6156 101.0327 102.4932 101.7088 100.6701 99.3457 98.1285 97.4306 96.3869 94.7780 91.1373 87.7710 87.3688 86.2087 89.2221 90.5748 93.5798 95.6735 97.1260 98.2944 99.4065 100.9554 101.6036 102.1018 103.9209 104.8162 105.3601 105.3199 105.6757 106.1360 105.5643 106.3600
108.1200 108.1440 106.5017 107.4535 105.5553 105.3847 104.9205 105.7708 105.2105 104.5976 103.8418 101.6792 100.9311 100.1368 99.3326 98.3634 97.2259 96.3889 94.2209 92.0957 90.9416 91.0668 93.4558 94.6591 95.7424 96.8407 98.1344 99.2751 100.0615 101.1811 101.7615 104.3727 104.9520 105.2352 105.7218 105.6592 105.4299 106.4346 106.6053 107.8700
108.3000 108.3439 107.6686 107.6705 105.7583 105.6011 105.9877 105.3928 105.3268 105.5358 104.6332 102.2316 101.3652 100.7158 100.0875 98.8086 97.9231 97.3718 96.6013 94.8690 93.2603 94.4314 95.7972 96.2520 97.3467 97.8674 99.3719 99.8253 100.8151 101.6018 102.6422 105.1073 104.8941 107.0689 104.8711 105.2062 105.3411 106.9877 106.8110 107.2900
108.4900 108.3955 108.2428 106.6658 105.8688 107.1775 106.4433 105.9217 105.9507 105.8298 103.6626 104.2122 101.9599 100.9420 100.8120 100.0387 99.3328 98.5162 97.7128 97.2817 95.7861 96.6828 97.5459 98.1082 98.3308 99.3013 100.2937 100.9730 101.6185 101.8943 103.9872 105.0711 107.8887 110.3507 107.2229 107.1474 106.2640 106.4834 106.5145 107.6500
108.6700 108.0976 107.4650 107.1820 106.0188 106.8594 105.6898 106.1553 106.3257 105.2912 105.1619 104.4890 102.5046 101.7876 101.4165 100.9826 100.4683 99.9604 99.0316 99.0664 98.8412 98.7793 98.9768 99.2226 99.4867 100.3172 100.9202 101.6849 101.7637 103.5483 104.8472 105.2406 105.3988 106.3992 105.2940 106.0439 107.5690 107.7755 107.3196 107.6700
108.8300 108.5559 107.9501 107.9680 107.5313 105.9257 106.8348 106.7524 105.0072 105.4875 105.6293 104.7922 103.3284 102.6706 102.1627 101.5871 101.1303 100.9120 100.2386 99.9763 99.6840 99.7531 100.2228 100.5954 100.5934 100.9273 101.6706 102.1159 102.6944 104.6094 104.9753 106.1508 105.7970 104.0899 106.4227 106.9814 106.3116 107.4675 106.2732 106.7000
108.7300 108.7149 108.1852 107.9101 107.1378 106.2110 107.2835 106.7790 105.6859 105.1968 105.3921 105.9018 103.4185 105.0709 102.5828 102.2413 101.8389 101.5859 101.2463 100.9317 100.8246 100.9174 101.2996 101.4279 101.7239 101.9202 102.3552 102.6694 105.6883 105.4634 104.8270 105.8512 106.4652 107.2708 106.7940 106.6577 106.4627 107.0715 107.4207 107.2200
109.1100 109.0087 108.1020 107.8118 107.2672 106.9100 106.8689 107.4492 105.8033 106.0776 104.6744 105.2267 103.4682 103.1540 103.5102 103.5311 102.5189 102.5460 102.0704 101.8163 101.7404 101.8339 102.0049 102.1071 102.1947 102.9975 102.9583 107.2984 106.2245 103.4230 105.0934 105.6802 105.7957 106.3204 106.9914 107.0530 106.2146 107.3517 109.2457 107.2200
109.1100 110.0447 108.8808 108.0983 106.2253 108.1832 107.4543 107.5835 105.9521 105.9573 106.3478 105.7659 105.1870 105.2684 104.1477 108.8515 100.1204 102.2154 102.5551 102.7972 102.3838 102.2191 102.5987 102.8698 103.5873 105.5978 104.6652 107.1448 109.7357 103.7938 105.5072 105.3344 105.9589 105.9475 107.6352 106.6206 106.8200 107.5102 107.8265 112.1600
109.3700 108.7698 108.7266 108.3981 111.0114 110.6759 107.9108 107.7287 107.7016 106.9766 106.9626 105.0250 105.8510 105.0642 105.3418 105.6928 103.6937 104.5093 100.0114 103.9232 104.7105 106.4984 103.8154 105.5300 105.0121 105.0524 105.5494 106.1006 108.3962 107.5609 104.5421 106.2932 105.6632 107.4974 107.6173 106.4634 107.1061 107.3143 107.2193 112.1600
109.0100 108.5222 108.8505 108.5350 110.7604 106.8315 108.0363 107.6947 106.4564 106.6431 106.9257 104.8005 105.7578 105.3920 105.2556 104.4328 100.7167 104.3380 105.3445 105.9106 105.6591 105.9644 106.1565 105.2123 105.3287 104.6051 104.9408 106.6702 106.5251 106.7466 106.0944 106.5732 106.4127 107.8942 107.5235 106.6964 108.0814 107.5445 107.6508 108.8400
108.9000 109.5851 109.1383 109.2705 109.6113 108.1693 107.7893 107.1685 107.5765 107.0938 107.3227 106.9091 106.3283 106.3403 104.7903 105.0669 109.5032 105.7683 105.4441 106.3284 105.7706 104.4531 101.6466 106.3101 105.8784 106.3917 105.1860 105.7058 106.4031 107.4646 110.2067 107.5694 107.0568 107.7797 107.9269 108.2667 108.7437 107.8837 108.1213 107.4200
109.6600 105.0019 109.2498 108.2029 105.7443 108.9933 107.9977 107.2751 107.4568 108.0403 107.4942 106.4966 106.7477 106.8186 106.0138 104.0948 107.8957 106.0345 106.9455 106.7839 106.8387 105.7368 107.9226 106.7233 105.9266 106.3246 105.4070 107.0598 106.1036 108.3563 109.5535 105.4603 106.5654 107.2658 107.6779 108.3815 106.8350 107.5726 107.0339 108.3000
109.8900 105.2739 108.2945 112.9707 102.9338 108.5968 108.7884 110.9167 107.2043 107.1068 108.6038 107.5633 107.2811 107.7566 105.8800 106.8993 109.0654 105.4961 107.5318 106.7848 106.7246 104.3479 106.9090 106.4928 106.8980 105.4841 106.7085 110.5354 106.5528 106.6186 111.1777 113.2820 110.7601 108.5663 107.2730 108.0886 109.4913 107.5200 107.8497 108.5600
105.2000 104.8085 104.9699 108.5982 109.4141 109.0873 107.2854 109.5467 111.0291 107.4588 108.6870 111.1332 108.4873 107.8719 106.4785 106.7026 107.7337 105.7430 105.7230 105.3151 106.2747 105.0068 107.4811 106.3943 106.4113 106.9636 105.3883 106.9163 107.9982 106.7662 107.0454 107.2519 110.5002 109.2916 107.3876 107.8832 108.0256 107.8513 108.2285 109.3800
106.1000 106.4913 106.0234 104.9228 107.6983 113.2961 108.0249 111.9358 110.0146 107.8741 108.9680 109.3599 109.4709 108.0411 108.8097 110.2786 111.6484 107.2021 110.1942 106.1990 107.6000 106.3914 106.3478 106.2237 106.5179 107.5853 112.6334 106.9915 109.2224 106.8550 107.7092 110.0923 109.7929 113.0181 106.3358 108.5756 108.2663 107.7401 108.5360 109.2300
106.0600 107.2599 110.8297 110.2418 114.6371 111.2692 109.8674 101.0452 103.1644 108.6486 112.5534 108.9265 113.3299 108.7717 111.8228 111.1248 108.9844 107.6933 112.0546 109.1593 111.6046 109.6794 107.7264 107.1065 107.5970 107.3934 111.9990 107.0419 112.8431 109.1307 107.5069 107.2298 109.2670 112.9204 109.9428 111.1073 106.1224 107.5370 109.6279 108.4800
108.8900 107.2986 109.5960 110.6470 113.0416 109.1099 105.9112 105.2158 108.3571 109.1258 113.9351 110.9713 111.1904 112.2787 113.4554 109.6470 107.4021 108.1676 107.9995 107.7487 109.2355 110.3915 106.7441 112.1474 107.4445 107.4608 108.4569 111.1582 114.2267 115.5767 111.0024 109.1576 107.5103 106.0786 106.6975 113.5020 110.5032 113.9791 111.8583 107.5100
107.5800 107.5498 106.9241 108.9772 108.8556 109.3119 104.8958 106.3658 111.6357 114.6981 115.2891 112.1079 113.1655 108.0924 109.4442 108.2458 107.7980 112.3758 110.5624 107.1954 107.6182 109.3431 109.0324 111.7304 108.3558 108.8438 110.4314 112.0196 113.3183 114.4871 114.5639 108.0768 110.7221 108.2761 107.3883 110.9982 117.3532 109.2791 111.7081 114.6600
109.5100 108.3340 111.4542 107.1823 107.0145 110.1855 108.6790 111.3182 109.9269 116.8378 112.2181 110.3348 112.0449 106.7277 105.1627 108.3466 107.9358 113.9013 112.8937 111.4285 113.6166 111.4309 109.5863 110.2737 110.1788 108.6263 109.0309 116.2157 109.2188 111.6184 114.9098 113.1361 113.1301 108.0587 107.6880 109.8336 116.2021 110.3805 107.9404 114.6600
109.5100 113.3018 113.6353 107.1140 107.0066 112.0805 107.0887 113.3924 118.6600 115.3717 109.8921 110.2237 107.8568 107.7331 111.0009 109.3059 108.6296 114.5155 111.4283 113.0239 115.3098 113.6664 105.8405 112.4767 114.6228 109.1793 109.1102 114.7243 111.1660 107.9634 115.2001 110.0442 108.4303 109.6890 112.0966 109.9813 113.9468 111.5566 108.9417 108.5600
109.6100 111.8196 114.5645 116.5693 114.0343 107.7237 114.2544 112.6152 116.5028 116.2803 112.8554 110.7169 109.7693 109.6550 109.5656 109.3501 109.2881 112.7949 111.8429 116.3434 111.8655 118.6064 106.6176 113.9009 114.7413 111.3463 109.0005 115.8290 117.1711 109.8999 114.3614 113.1036 109.9213 108.9933 109.6435 109.2270 113.7578 109.8266 111.0633 108.5600
115.0100 113.9656 110.8629 114.4389 114.6086 111.9202 114.4942 113.8421 113.7311 114.5970 111.6407 111.0927 109.0436 109.7097 111.5914 114.0733 108.7275 111.0666 112.9771 112.4439 112.8899 116.3788 105.4056 113.3769 115.6011 111.6674 109.6500 115.2731 109.6078 113.7705 113.6016 115.4062 111.6278 107.1472 109.2207 112.5368 111.6054 109.9738 113.3581 109.4700
116.4400 116.4400 116.0900 115.8400 114.3800 115.1500 112.8800 112.6500 113.4600 113.5600 113.5600 109.5300 109.4400 115.4700 106.6200 106.7000 116.1700 110.5100 110.4800 113.1000 114.2000 113.9900 110.5500 115.7500 115.7900 115.9700 109.8800 113.8100 116.6800 117.1200 111.1700 114.6400 113.1600 107.0000 113.0900 109.0400 108.4400 113.5000 111.2400 111.2400
