104.9700 104.0700 103.3800 105.4500 104.0100 107.6700 105.0600 104.0700 105.6000 104.3900 104.1400 104.1600 105.2600 106.0300 107.4700 106.2700 109.7600 108.4400 109.9400 106.3000 106.7100 105.6200 107.1800 107.1800 108.8200 109.6900 108.9200 107.1800 112.9900 113.8600 115.7600 116.0500 115.9500 116.7500 117.5000 117.7700 117.2100 116.9100 115.9200 115.9200
104.9700 108.7849 102.6260 105.3476 103.0003 101.7524 103.8346 103.6367 104.6046 105.0107 103.9207 104.4475 105.4625 105.6114 106.0014 106.4000 105.5844 105.7400 105.4488 104.8802 105.5490 105.9719 105.8338 106.7658 107.8549 108.2874 108.3788 111.3574 112.5078 113.3096 114.2779 115.4227 116.4459 117.5320 117.4828 117.5701 117.6694 118.4661 116.4360 116.2300
104.7700 107.2327 103.2596 102.7601 102.0641 101.3697 103.2385 102.2303 102.2279 104.4574 104.5690 103.8497 104.7809 104.8681 105.0356 105.5995 105.0885 105.9293 105.9227 107.3831 106.8523 106.4205 105.8880 106.0884 107.2038 108.2654 109.4570 110.4301 111.5452 112.8990 113.4726 115.4784 116.4188 117.0480 117.4980 117.2821 117.2793 118.1331 116.7237 116.4200
101.7800 101.9900 101.6488 101.3941 101.1977 101.0288 101.2024 101.0909 101.6030 102.3230 102.6860 102.6398 104.4482 105.0620 105.4956 105.6793 104.1522 105.3682 106.3337 105.9880 106.0964 108.8860 106.4537 106.0280 106.8310 107.5426 108.6371 110.2956 111.8141 115.1077 114.2187 115.1264 116.0105 116.6795 117.8678 117.9545 117.6999 117.3588 116.7365 116.5300
101.6100 101.5271 101.1228 100.7036 99.9950 100.0647 100.1362 100.9663 101.1162 101.3107 101.6108 101.9655 102.9930 104.0561 105.3731 106.2553 104.0905 105.9773 106.4853 105.9646 105.3742 106.2310 106.1832 106.5730 106.7980 107.1698 108.8637 112.8263 115.9348 113.9193 116.1244 115.6296 115.6258 116.9493 117.8299 118.0804 118.4846 118.3164 117.5683 117.3200
101.4100 100.1586 99.7342 99.8856 99.0429 98.7388 99.1130 99.9430 100.4180 100.7091 100.5967 101.4213 101.7443 102.6987 104.0789 104.5920 103.9788 105.7125 106.3138 106.8173 105.2272 105.8620 106.3849 106.5689 106.4080 107.0461 109.7429 112.6171 111.8326 112.0020 115.1938 116.4021 115.3888 116.7945 118.5633 119.0741 119.4879 119.0630 118.0810 117.9400
100.2700 98.6625 98.2394 98.7155 97.8774 97.3112 98.0775 98.0742 98.5654 99.8869 100.4083 100.6125 101.7285 101.8307 102.7507 104.8254 104.1930 105.5960 105.7246 106.3379 105.7860 106.6332 107.5205 106.5986 106.1046 107.2622 111.2688 109.2554 111.4467 113.1623 115.7344 116.9571 117.3623 117.2888 118.8934 119.9063 119.3225 119.4801 118.5846 118.3900
98.5600 97.2299 96.6627 96.7840 96.6602 95.2493 96.0237 96.5085 97.6187 98.1863 98.9167 99.9200 100.4743 101.3660 102.1693 103.4709 103.9620 104.7077 104.2417 105.9783 105.4732 106.8881 106.0152 110.7392 106.0707 107.9786 110.4722 108.0825 113.0110 114.6786 113.6157 118.5336 116.0979 117.3998 119.1031 119.4962 120.6018 119.8214 118.8967 117.9900
97.1400 96.4456 95.2983 94.6752 93.8979 92.7482 93.1329 94.6541 95.8321 97.0365 97.7302 99.1140 99.9172 100.5612 101.6702 102.4065 103.5939 104.5828 103.6931 105.4197 104.7453 107.5409 106.4446 106.8498 105.2265 107.0776 108.3976 107.0519 111.7400 113.4826 111.9647 118.5566 114.9501 116.5278 118.6771 118.4839 120.5072 118.3031 117.5307 117.3400
97.6100 95.3139 93.0569 91.9866 90.6748 90.2588 90.8034 92.8309 93.7228 94.9182 97.0325 97.9504 99.0841 99.8083 100.8376 101.6142 104.7847 104.3689 104.1014 105.1428 106.3623 105.0709 105.3095 110.7187 108.0523 106.7463 115.2049 113.2255 113.9119 115.4872 114.3270 112.7276 114.7868 115.3077 116.8597 116.4286 116.5896 117.3051 117.4222 115.9800
94.8200 92.8591 90.5134 88.7025 87.1115 85.8170 86.7732 90.1092 92.3519 94.5401 95.8140 97.7801 98.8360 99.7670 100.9461 101.6831 103.8785 103.2496 108.1185 106.0946 105.7719 104.1390 110.6257 106.8836 107.8260 107.5614 107.8850 108.6344 108.7424 108.5567 113.7003 110.7930 109.6169 110.8397 111.2945 114.1234 112.4499 111.3842 110.8553 112.6300
94.9100 91.0186 88.6517 85.2941 81.8114 80.2070 81.5752 85.6057 88.7139 92.6031 95.6037 96.7366 97.8232 99.4809 100.5583 101.2256 101.9031 104.3986 105.1344 105.6739 104.6030 106.1278 106.8137 106.6369 106.7273 107.4692 108.1814 108.6023 108.9266 108.3085 109.3354 109.3361 110.2836 110.9709 111.9287 113.8433 112.4652 111.2515 111.2407 112.7400
91.7200 89.6136 86.2848 80.9326 76.2335 72.6603 75.2275 81.4399 86.4450 91.0672 94.4781 95.7392 97.8845 98.9451 99.9428 100.8832 101.9911 104.3260 105.2746 106.0212 106.6112 105.6205 107.0571 107.3364 106.6082 107.6458 107.6341 108.6833 108.5761 108.7060 113.7242 109.6814 113.4384 115.0323 115.3906 110.6025 113.0498 110.6207 115.4929 116.1700
91.7400 89.0389 84.6129 77.1936 68.9947 63.8248 67.0892 78.8175 86.2376 89.8939 94.5533 97.5769 98.1201 99.0138 99.9587 100.8054 101.9445 102.6828 104.5707 104.5596 106.3635 106.2092 106.8847 106.5543 107.1825 107.4258 108.1528 108.4606 108.7979 108.3674 107.8940 107.5856 107.7119 114.0400 109.6970 113.4233 116.7477 115.4102 113.7465 114.1000
92.3100 89.0834 83.5471 76.4272 64.3645 61.0377 66.0003 78.2719 86.4731 89.8621 94.3789 96.7599 98.0185 98.9395 99.9705 100.6108 102.1664 102.9702 105.2116 104.7356 105.1487 106.6926 106.8363 107.5465 107.9216 107.9189 107.5199 108.6286 108.7226 108.8410 108.8443 108.7184 108.6638 112.5222 110.3170 113.7787 117.4113 117.2145 118.4109 114.0800
92.4200 89.7662 85.2408 78.3968 70.4213 69.6801 73.1094 81.3704 87.2621 90.6888 94.3942 97.0790 98.0411 99.1008 99.6136 100.7484 102.4457 102.9378 104.8871 105.7918 104.8533 106.7986 106.5627 107.3598 107.6907 108.1035 107.6618 108.5174 108.7405 109.0152 109.2685 108.9430 110.4571 108.9935 109.6006 113.6245 115.6336 115.6764 113.8122 109.4100
92.7000 91.6756 88.7316 83.6093 80.1537 77.7810 80.3045 85.0314 88.3541 92.3830 94.8622 96.9440 98.2640 99.5932 100.4751 101.0269 102.3350 104.2913 104.5167 104.8963 105.5776 106.7021 105.8390 107.1085 107.8100 107.5063 107.9276 109.1619 108.8683 109.0964 109.1907 109.8302 108.2291 108.9524 109.2466 111.5642 111.6819 113.2057 106.4011 108.6400
94.8100 93.3349 91.3173 88.3182 86.7949 86.1975 85.8481 87.8297 90.7436 93.6088 95.7830 97.2405 98.1878 99.0301 100.6200 101.4853 102.2885 103.7786 105.7404 105.9329 105.1480 106.0524 106.6849 107.5985 107.9792 108.1450 108.3256 108.3743 108.6453 109.0566 109.2776 112.5503 110.3079 108.1170 109.9098 113.6593 113.8963 115.9425 113.0678 116.9300
97.3600 94.9558 93.5538 91.8508 90.7443 89.7245 90.6588 91.6832 93.1948 95.4080 97.2624 98.2649 99.1082 99.9170 100.8896 101.8402 104.7248 104.4946 104.0622 106.0376 105.1028 106.7975 105.8787 107.4585 107.8089 107.8790 108.4376 108.4953 108.7916 109.1312 109.5543 107.8528 112.2754 108.1705 112.5532 112.8283 115.2246 116.9373 114.5364 112.7800
97.8300 96.7292 95.7372 94.4841 93.9525 93.2083 93.3294 94.8321 96.1807 97.0361 98.3318 99.2927 99.6822 100.4284 101.0581 102.3867 103.2768 104.5077 104.3532 106.5662 106.8430 106.4213 106.0314 107.1227 107.8215 108.3662 108.7471 109.0699 108.4529 108.1363 108.3109 109.5168 109.5654 110.0544 109.7405 111.4609 115.9235 115.4697 114.3670 115.1600
98.9500 98.1169 97.4190 96.8524 96.3683 95.6440 95.7844 96.3617 97.3711 98.1344 99.3371 99.9513 100.6092 101.6125 101.9024 102.6385 103.7991 105.2770 105.2186 105.9842 106.4046 106.6178 107.7593 107.0606 107.8898 108.2264 108.3436 108.0156 108.9262 108.1653 109.1703 108.7344 109.4798 110.0670 110.3046 113.2190 115.1147 110.3641 110.2273 110.5900
100.4600 99.4732 98.5279 98.0466 98.0248 97.7715 97.2970 97.6995 98.8929 99.4595 100.0773 100.7943 101.5707 102.0193 102.6275 103.2135 104.8278 104.8391 105.8077 105.7469 105.2276 106.5718 107.5926 107.7442 106.5300 109.6631 109.4809 110.6525 112.8210 110.7132 111.5030 112.4517 110.3206 110.5285 111.0386 110.3451 109.9716 110.7572 110.1570 110.5900
101.3000 100.4676 99.9441 99.4009 98.9638 99.1102 99.3984 99.3536 100.0783 100.6588 100.9054 101.5018 102.0916 102.3483 103.4220 105.6351 105.4992 104.7953 105.2537 105.2495 105.9389 107.2384 106.6239 107.3514 107.3859 108.4530 107.9841 108.0518 112.3519 112.7315 112.8072 116.7075 115.9280 116.3840 115.4508 111.4848 111.2972 111.3622 109.0818 108.7800
101.5900 101.5028 101.0992 100.9622 100.4132 100.3567 100.4702 100.5535 101.1496 101.3755 101.5348 102.1665 102.2766 106.1411 106.1001 105.3703 105.8195 105.5901 106.4736 107.3463 107.7035 107.8154 108.0042 108.1420 108.4039 108.6152 107.4455 109.1931 109.6435 108.9254 109.2132 111.0084 115.6752 116.5394 116.2914 115.8362 117.8544 117.3937 111.9885 114.0300
102.2600 102.0195 101.8008 101.2159 101.0234 100.8894 101.4774 101.6585 101.7868 101.9336 102.0320 103.2544 104.2448 110.4151 107.8028 105.1359 106.5246 106.2454 106.1502 106.7725 107.8729 107.3892 107.3413 107.5556 108.3353 108.7101 111.7649 108.4126 109.0873 108.9118 109.5304 109.3996 109.7599 113.7282 113.8770 117.6238 114.8515 117.4403 113.8118 114.0300
103.4900 103.8662 102.7078 102.5093 101.9929 102.1221 101.7747 102.3035 102.4848 102.6691 104.4765 105.3764 105.1844 107.0657 111.6523 105.1434 105.6909 107.3981 107.1107 106.5692 107.3884 107.8013 107.4708 107.2578 107.9810 108.6261 111.5897 111.0600 108.4376 109.0942 109.8249 111.3905 109.8487 111.5216 109.2350 110.5856 113.0867 109.4619 109.9609 112.6200
103.4900 104.9003 103.4246 103.8158 103.3079 103.4536 104.4117 102.7158 104.0123 103.0371 105.0571 105.3036 106.6908 106.8122 106.1447 106.8038 107.7093 107.3083 107.4001 108.7824 106.3229 107.7036 107.9325 108.1468 107.7893 108.9943 108.9374 110.5968 108.9010 108.3212 109.2458 110.0787 110.0587 112.3019 110.0992 112.1479 113.5363 114.9594 112.7534 110.5500
104.2600 105.0182 105.5349 105.4423 103.9706 104.5159 104.9232 105.5178 104.4806 105.0791 106.1903 105.1877 105.5036 106.2612 107.4881 105.6407 108.4163 109.6627 107.0453 107.9223 106.1603 109.9972 107.4959 108.6746 108.0624 108.9824 109.4642 109.5462 109.1307 110.6017 113.8586 111.8797 111.0100 114.6375 110.1151 112.2442 111.4242 111.4311 111.1208 113.8400
104.2600 106.2398 105.6119 105.9988 105.3943 104.9808 104.8232 104.7804 104.6160 106.2882 105.3966 105.9990 106.6770 106.8823 106.8450 110.0769 107.8906 107.5846 107.0169 107.7871 107.3819 111.1544 109.9670 108.9827 109.1770 108.9507 109.5409 109.7650 109.6522 110.0211 110.9903 115.0768 116.2316 116.7027 113.3794 112.0417 109.7123 111.8411 110.5043 110.4900
106.8600 106.9325 105.6228 105.7498 105.4294 105.2055 108.6185 105.7956 106.8464 106.5843 105.7665 107.0102 105.3118 107.4029 105.8798 110.9633 107.4937 105.9011 110.7117 108.0868 107.0650 109.0860 115.1883 110.3383 107.9406 111.0357 109.5695 109.2977 109.6729 109.4344 110.1128 110.4276 111.1170 114.8133 108.8595 111.5579 110.6709 110.8611 112.2964 110.6500
103.7200 104.7702 106.1646 105.2235 106.9728 104.9868 106.6998 106.4163 106.1383 105.3452 106.8824 111.5305 106.2215 106.7683 107.9308 110.6288 105.2337 112.8843 108.0362 108.1846 107.8648 108.9856 108.7471 113.0815 110.3492 108.5959 110.0277 108.8740 116.1262 114.9844 113.5568 112.6279 113.3374 111.6188 108.2309 112.0127 109.1880 110.2792 109.9058 110.6500
107.7000 107.1764 105.9550 106.1274 107.5683 106.7215 105.9919 106.6694 106.0007 107.3332 109.3080 107.5132 106.8770 107.2334 106.9274 111.8577 112.0619 110.1047 107.0961 114.1058 111.5212 110.7474 108.7875 108.9126 112.6554 112.6447 108.7180 108.5373 110.4254 115.4296 114.5809 115.2096 114.9741 110.5986 108.8238 109.2855 109.7897 110.8798 110.9377 112.0000
107.9300 107.0795 106.8049 107.2864 107.3541 107.5491 106.3075 106.0543 106.5039 106.8558 109.3420 107.7810 106.0641 108.3741 106.5138 108.0397 108.3914 111.8224 106.3522 111.3068 111.3669 108.5534 111.5928 108.5688 108.9365 107.4693 108.3397 109.8702 110.1713 113.7932 109.8957 116.4441 109.8829 115.0986 108.8836 110.3251 111.8515 111.1447 110.7938 112.0900
107.9300 107.3172 107.8776 107.6153 107.3823 107.4305 106.2390 107.3493 107.2731 108.0994 107.4551 107.9992 107.9999 107.0590 108.3657 115.5040 111.2511 110.2850 106.5242 107.3263 107.6182 110.8642 112.4752 110.6347 109.2246 107.8806 108.6895 109.5657 110.1952 108.1149 111.4843 112.7097 113.8486 111.8521 111.1406 109.1273 110.1001 110.2407 111.5746 112.0900
107.2600 108.6935 108.2211 108.5964 107.2788 106.7304 111.1050 107.2823 106.9394 107.4698 106.5793 107.4204 110.0213 107.4435 106.8913 107.4602 110.9660 108.2856 107.6120 107.8782 110.1749 112.5747 113.2992 113.2488 111.5904 111.3226 110.7448 109.1588 110.0845 111.4935 112.4409 109.2812 109.4556 112.4022 111.8375 111.9716 110.2963 109.6505 109.9528 111.0300
109.0500 108.4182 108.9244 108.3895 108.0721 107.4201 109.6748 108.6197 107.6303 108.1501 105.9781 113.3792 107.4236 111.6976 112.1829 107.8309 111.9149 108.5457 109.2874 110.4975 113.4827 116.2731 112.7953 109.0075 108.1128 112.4447 113.1167 109.0938 109.9415 113.2232 111.7927 109.0459 110.5819 110.0573 112.9684 109.8535 109.1036 109.2687 109.3819 110.4700
109.0500 108.4676 107.4092 108.6032 108.5349 108.6461 108.3607 108.1956 108.4930 108.8771 106.9313 111.0611 111.1116 110.0192 114.9164 108.5639 109.2155 112.6422 112.2354 110.6532 116.4504 116.2831 111.0579 113.0437 117.2109 116.1376 115.6012 113.8642 109.7028 113.0430 114.3094 114.6879 111.3927 112.6952 111.5881 113.3997 111.8931 111.7799 109.2711 110.4700
109.5300 108.4592 109.0558 108.4779 109.1459 109.3159 109.2626 108.7022 109.1720 109.0435 106.9436 113.5515 109.8004 108.2752 109.6485 109.0438 108.9258 114.7672 112.7510 109.7787 109.9721 114.7328 117.8964 116.4608 114.4084 117.4584 112.9437 111.6583 110.8455 111.7461 113.7621 115.0100 115.0130 115.3413 110.7983 111.6710 114.2598 110.9657 109.4260 118.5200
108.2100 108.5506 109.2733 108.9334 109.5026 109.2801 108.6376 108.5130 108.8805 109.5182 108.3861 114.5378 115.7917 111.9889 110.7394 112.8656 109.3432 114.2883 116.5337 114.7701 114.3324 116.6708 117.6203 118.1990 110.5411 111.3498 116.1122 113.3336 114.2396 112.7622 113.3563 112.9120 115.7469 116.6060 112.0665 115.2768 112.7263 110.9619 113.7213 115.6500
108.2100 108.1000 109.2300 109.6500 109.6100 109.6400 108.0900 108.4400 108.5400 109.5100 109.1200 112.5700 116.4100 114.1700 115.8500 115.6600 109.9800 110.1100 116.8500 116.8500 108.5300 108.5300 109.7300 109.7300 109.9600 112.8100 114.6300 109.2600 109.2600 115.7200 115.3800 112.5500 116.2200 109.2400 109.7200 109.8000 110.4300 111.5900 110.1900 113.4000
