111.5700 109.4000 108.3100 110.9200 113.0800 109.5300 111.2600 114.3800 109.1500 113.7200 109.1200 110.9700 110.9700 108.8400 108.9300 108.5100 108.1400 107.8900 108.0500 110.7700 110.7700 114.5700 116.8800 109.4600 116.3600 108.6900 108.5000 111.0500 111.9900 111.9900 112.6000 114.0900 115.5200 115.2200 116.6500 117.8400 117.1900 117.5500 118.0800 118.0800
110.6800 109.9739 108.9625 109.4526 108.8401 110.2856 112.2256 110.2302 108.9306 113.5210 110.1274 111.3563 109.2491 108.8251 108.6376 108.1369 107.7903 107.5181 106.9050 110.7656 111.0166 110.3077 111.1021 112.4245 113.8735 110.0732 108.7690 110.0902 110.3578 110.8532 111.5425 112.5438 113.5272 114.3305 115.3261 115.8995 115.2489 115.9604 118.5599 118.5700
108.7900 111.2601 111.4776 114.8329 110.0534 109.3410 110.0357 115.1544 108.4056 108.1944 112.2367 111.5554 107.9345 108.5354 107.3996 107.4156 107.7766 107.3798 105.8070 109.6494 109.6838 108.4581 109.3706 108.4964 108.2807 110.4789 108.2306 108.3684 108.8170 109.5389 110.2998 111.1281 111.9879 112.8325 113.8258 114.2397 115.6687 114.8517 117.4104 117.1800
108.3200 108.4158 109.4187 113.1668 110.8250 111.3771 108.8072 111.8303 109.5591 108.3375 109.8131 113.7675 110.0515 108.1729 107.5673 107.3118 107.4209 106.7205 106.1976 106.7247 106.4937 106.7966 107.7467 105.9086 108.4405 108.5858 108.2234 107.3081 107.5137 109.8035 108.9666 109.7264 110.5210 111.5148 112.2759 113.2720 114.3609 115.9302 116.1369 117.1800
108.2300 110.1425 109.5753 108.6400 107.4801 112.9146 109.3814 107.8808 113.4204 108.2636 109.0245 110.6336 108.7149 107.8797 106.8028 106.9368 107.5685 106.9399 106.5758 107.1446 106.9812 107.9776 106.4961 110.6602 111.2166 105.6963 106.5574 107.1150 107.1814 108.5439 107.4894 108.4676 109.2083 109.4624 110.8451 112.1150 112.7250 114.0328 115.3489 115.6000
109.8700 109.1673 108.8369 108.4326 107.8468 114.4626 109.8230 107.3699 107.7191 107.1405 107.8764 107.0799 107.5146 107.3642 106.6193 106.3784 107.5407 106.4241 106.1863 106.9787 108.0363 107.2087 107.4193 114.1858 108.3073 106.3226 105.7794 106.4088 106.3615 108.9463 109.2162 107.3862 107.4089 112.4973 112.7934 110.2036 112.9956 112.7635 114.2744 115.6000
109.4900 108.3968 108.2596 108.8841 107.8849 108.9374 109.3190 108.4458 107.0264 106.2291 107.4228 107.3938 107.4798 106.4808 106.4608 105.9437 106.0757 106.4585 105.8656 106.5411 106.7484 106.9239 106.0547 111.2872 105.9417 106.3916 106.4800 106.4070 106.2647 107.3371 112.4979 114.2861 111.5414 113.4254 115.4633 113.5617 112.3424 111.6242 112.9324 114.1200
108.6100 108.5496 108.5304 108.5805 108.3476 105.6914 110.3446 111.4269 106.7029 107.8704 106.7525 107.4078 107.1291 106.7506 105.2684 106.7391 105.5809 105.5813 106.5789 106.4685 106.5812 106.2332 105.6412 110.0270 106.2391 105.5895 105.7050 106.5233 104.9486 109.8055 113.8008 108.6208 107.6538 111.6948 109.1002 111.5294 110.2801 110.6604 111.6362 112.1400
108.6100 108.4872 108.6377 108.4684 108.4694 107.7113 107.6787 107.8919 106.5578 107.6392 107.4713 107.1387 105.7821 106.1602 106.1497 106.8944 106.2723 105.8799 104.6299 106.2652 106.1440 105.1793 104.5251 109.3691 106.6481 105.7971 107.0057 105.7891 105.2895 105.4270 107.2358 106.4337 108.9781 110.7925 106.6276 110.1946 108.4219 109.7095 110.7573 112.1400
108.9900 108.8981 108.6297 108.2972 107.1802 106.6995 107.2493 107.2794 107.3040 106.6162 106.4779 107.2046 105.3698 105.0118 105.7090 106.2375 105.4965 104.7794 105.2563 104.6093 104.8366 103.8804 104.9198 104.4638 105.7904 106.1644 106.1255 105.1949 108.2420 109.2318 105.9144 105.1279 106.3138 110.2673 111.3382 107.5406 107.3524 108.7826 109.8980 110.5600
108.8700 108.2962 108.6940 107.4976 106.7264 107.7860 106.2987 106.8711 107.3147 106.5290 106.9725 105.4336 106.2947 106.4225 105.6669 106.1389 105.7098 105.0940 105.0998 105.2143 105.1250 104.2305 105.2027 105.1073 104.5052 104.4596 105.2237 107.4721 110.2574 107.6997 105.7122 105.8693 106.7715 107.0798 109.1494 106.6499 107.1256 109.5261 108.7941 109.2500
108.3600 108.9636 108.5956 108.3594 107.1577 107.2945 106.5313 106.2371 107.1066 106.7580 106.7804 106.0343 106.4817 105.5021 104.4188 104.4805 104.4913 103.6059 104.4210 103.7290 103.5899 104.1265 105.1986 105.2701 105.0020 105.1137 105.2289 104.2738 104.4935 105.6826 106.6651 105.1675 106.7905 107.4963 108.5286 111.7373 107.0503 107.2115 108.2847 108.9400
113.6500 112.6490 107.8110 107.2250 107.9954 107.5902 107.4033 105.5200 106.8363 106.2487 106.1656 105.3831 105.2399 105.1070 102.8899 103.8523 103.9973 102.7388 102.7089 102.3189 102.0686 104.8623 103.5841 103.4863 103.2634 104.8664 104.1756 104.2679 104.1173 105.1466 105.7494 105.1305 106.4129 106.8848 111.3528 108.8027 105.2997 107.4547 107.3144 107.3000
113.4100 111.1427 107.4273 107.8772 107.0665 106.3233 107.3318 105.6007 106.3178 105.5904 103.8958 108.5970 105.1055 104.2515 102.4964 102.6200 101.9493 101.9317 101.8301 101.5369 101.3291 101.5921 101.6549 102.0800 102.3844 103.4645 103.1999 103.5058 104.1069 104.8232 104.7552 104.8557 105.9237 106.6705 106.6326 107.3448 108.8209 105.8522 106.1537 106.0600
109.9800 107.3842 111.5501 107.7919 106.8139 106.2578 106.7051 105.6263 105.6157 105.8323 104.8814 105.9803 103.6016 102.3531 101.2744 101.8079 101.5800 101.2538 100.5757 100.2674 100.3435 100.6083 101.0065 101.0957 101.6016 101.9261 102.4233 103.1963 104.2953 104.7308 105.0398 105.5858 105.7382 105.6600 105.8602 106.8521 110.7243 106.2473 107.7105 107.1500
108.0600 108.0943 106.8540 108.0298 106.5414 105.7266 106.7356 105.3872 106.2998 104.7223 104.2913 103.8828 102.0328 101.5317 100.8822 100.9358 100.5066 100.3705 99.9683 99.2451 99.4162 99.5167 100.1190 100.2561 100.6994 101.3770 101.6925 102.3979 103.3941 104.4112 103.8850 105.9102 105.2570 106.2202 105.6643 105.4006 107.5296 105.5607 107.9315 107.7000
113.5000 108.7126 108.9933 106.6300 106.3630 106.5541 105.8440 105.7011 105.2490 103.8127 103.8806 102.0659 101.5665 100.9976 100.4544 100.0148 99.5264 99.1159 98.6390 97.7907 97.6525 98.0271 99.0370 99.4738 99.9558 100.4626 100.9161 101.5796 102.3566 103.9805 105.0788 105.5894 105.1857 105.8068 107.8459 106.6841 106.3486 106.5500 106.6966 107.3800
107.9900 106.8792 109.8287 106.4248 106.5950 105.8409 105.5382 104.2027 105.1439 103.0337 103.3791 101.8243 100.9000 99.9542 99.7044 98.7047 97.6898 97.5438 96.6516 96.1159 95.8356 96.2592 97.5929 98.0398 98.6484 99.4310 100.6772 100.9370 101.6125 102.4074 104.6201 105.0596 105.1321 105.9460 107.5127 106.1675 106.4876 107.9106 106.4239 108.0600
108.1100 107.5608 106.2501 106.2357 105.1213 104.8699 105.4806 109.5131 104.8716 102.8779 102.2494 101.2274 100.1453 98.9917 98.8520 97.9691 96.6882 95.7660 94.1987 94.2088 94.2808 94.5630 95.7315 96.9840 97.4895 98.8435 100.0622 100.9962 101.2710 102.0868 103.4170 105.3002 104.8553 105.7557 105.3253 105.9094 107.1859 107.8157 107.3575 106.7700
108.0900 107.9483 106.0034 106.0136 105.6794 105.0062 104.6339 105.8224 104.0990 102.5903 101.8179 100.9499 100.3107 98.3585 97.9722 97.0730 95.1328 94.1979 91.2647 90.8879 90.7615 91.1862 93.4707 94.6416 95.7340 97.8597 99.1220 100.4841 100.9994 101.3613 102.5381 104.7943 105.4197 104.0130 106.0438 107.1168 107.1203 107.8061 106.0842 106.4000
106.8700 107.4459 107.2721 106.4771 104.9611 105.0881 104.2428 105.6596 103.2556 102.3232 101.5948 100.8485 99.2987 98.0803 97.5251 94.6602 92.9112 91.7284 87.5139 85.4297 85.6225 87.7811 92.3406 94.4827 95.7415 96.3707 98.2076 99.6549 100.3531 101.1577 102.0630 102.8631 105.2023 104.9233 105.8585 106.9296 107.1091 107.8098 107.8345 107.4700
107.4200 107.0136 106.3071 106.5349 106.1579 106.4436 104.3617 104.1789 102.9179 102.1282 101.3384 100.4629 98.8295 97.9198 96.3657 93.9654 90.7081 87.5163 83.6830 79.6794 79.2058 82.5419 87.5596 92.5417 94.0889 96.4945 98.5483 99.1280 100.2599 101.3273 102.1500 103.0053 105.7124 104.1000 104.3497 106.0536 105.4092 110.0633 111.8067 109.4000
106.4200 106.4508 106.3233 106.7025 106.1408 106.3404 103.8043 103.9520 102.6952 101.9374 100.9730 100.4736 98.7092 96.9104 95.5823 94.1266 91.5470 86.8892 78.2836 71.8634 72.2008 77.7800 84.4777 89.0761 92.7382 95.9223 97.7996 98.8790 100.4782 101.3377 102.2445 102.8131 105.4532 104.8263 105.0955 106.9297 105.8568 107.4167 105.8537 112.7900
107.0100 106.6502 106.1415 106.7508 105.3554 104.1819 105.3728 103.4944 102.6604 101.5260 101.1140 100.1286 98.8578 96.7694 95.4466 93.0337 92.4545 85.2838 74.7166 65.8898 66.6659 75.4724 83.4613 87.9944 92.0830 94.6964 97.0921 98.3602 100.3650 101.4995 102.1942 102.8594 103.4116 105.6144 105.8356 107.0398 107.0508 107.4396 107.8711 110.2500
107.0100 107.5231 106.7130 107.3504 105.5579 104.9928 104.4459 104.0874 103.7600 101.4074 100.8777 100.0929 98.7470 97.1925 95.3898 93.1251 90.8171 85.8615 76.0326 64.7238 61.4186 72.1279 82.8107 88.5944 92.6955 94.7729 97.3087 98.7373 100.4458 101.2660 102.0580 102.9404 103.8635 104.9583 104.8860 105.7877 106.7458 106.4491 107.5767 110.2500
108.1500 106.7074 106.8058 106.2109 107.2326 105.6652 105.4522 104.8398 103.9733 101.4479 101.1121 100.5041 98.8671 97.3158 95.4379 93.3683 91.5270 89.1910 83.3082 72.8762 72.8211 80.0573 84.7330 90.9731 94.3937 95.7568 97.7391 99.0920 100.6309 101.3829 102.0140 102.9120 104.1242 104.7091 105.4744 106.0931 106.3679 107.2287 106.3771 106.5300
107.8500 107.2568 106.8416 105.6234 107.3924 104.6563 105.7196 104.0291 103.4351 102.0988 101.3841 100.8061 99.3857 97.7203 96.6324 95.2292 93.4233 91.4970 88.4093 82.5700 82.3898 84.9779 90.6859 92.2356 95.2175 96.6255 97.5822 99.1423 100.7639 101.7145 102.1581 102.9582 104.5621 106.1653 105.2713 106.7675 106.1817 107.2164 106.8438 106.8700
107.1000 107.5763 106.2159 106.7140 107.0053 104.3630 104.9679 104.9265 102.6513 102.3025 101.7024 100.9168 99.9055 98.5215 97.5802 96.8831 94.9594 92.3469 89.8757 89.0271 89.1887 90.4185 93.6072 92.9323 95.2017 97.0827 98.7062 99.8092 101.0584 101.8490 102.4695 103.5309 105.8473 104.2647 105.3748 106.3081 106.4950 106.0636 107.3673 107.0500
107.5300 107.4237 107.1519 107.3821 107.2419 104.9772 105.5128 104.7197 103.9730 103.0623 102.1578 101.3758 100.5727 99.4907 98.5236 97.0529 95.3379 94.8131 94.2955 92.8985 92.6764 92.7598 95.0256 96.0433 96.9232 98.3375 99.7031 100.3193 101.6067 102.4104 102.6939 103.1582 105.7685 105.4314 106.1432 106.4765 106.7148 106.3510 106.5548 106.5700
107.6100 107.7107 107.2556 105.7834 105.7025 105.5372 104.8821 104.4061 104.8679 102.9527 102.5482 101.8087 101.0805 100.5454 99.8274 98.9135 97.8220 96.4997 96.4591 95.4793 95.5367 95.3779 96.2001 97.4094 97.7217 99.0815 100.4328 100.7497 102.2451 97.5327 103.6912 104.4599 104.8472 106.2035 106.1442 106.7964 107.1745 107.1933 106.6136 107.6400
108.4500 107.6834 107.3165 107.0445 105.8988 106.4145 106.1181 105.9757 104.6283 103.5871 102.7552 102.3170 101.4777 100.9907 100.5269 99.6732 99.1052 98.4388 98.0908 97.2663 97.2731 97.5067 98.3680 98.7999 99.6154 100.0610 101.1870 101.4305 102.4329 102.8845 103.4728 105.5684 106.1110 106.1480 105.9312 107.2373 107.0707 107.6174 108.1182 106.8600
108.2100 107.6122 107.1684 106.7868 106.1530 106.7581 106.6870 104.7582 105.4767 108.6592 103.8275 102.6629 102.0920 101.6825 101.3512 100.6033 99.8618 99.3998 99.0596 98.7699 98.8411 99.2403 99.7877 100.1651 100.5776 100.9029 101.4640 102.0913 102.5930 103.3563 104.5058 105.5890 106.4556 106.1723 106.7254 107.2528 107.2034 107.9733 107.9785 107.3200
107.8600 106.8913 106.8958 107.4715 107.1392 106.1898 106.2076 107.5446 101.6243 108.8018 104.5474 103.0632 102.5983 102.3466 101.9453 101.3203 100.9924 100.6400 100.2353 100.1386 100.1736 100.4823 100.6640 101.0098 101.3070 101.6369 102.0999 102.5567 103.4864 104.7204 105.8897 105.7132 105.3831 105.5566 105.3635 106.8875 107.5335 107.9305 107.7206 108.1000
108.2300 107.0877 107.2285 107.7684 107.1616 106.5914 106.7619 106.8508 105.1574 105.8026 106.2728 103.7242 103.0779 102.8682 102.3214 102.0138 101.6805 101.5936 101.4025 101.2451 101.2501 101.3106 101.5630 101.7169 101.8686 102.1900 102.7228 103.2040 104.9139 105.0289 105.6524 105.0338 106.3080 106.0918 106.8723 107.1064 107.9654 106.9560 107.3803 108.1800
107.6400 107.6801 107.5850 107.4192 106.4960 106.6349 106.4849 105.9023 106.3087 105.1252 105.8663 106.5121 104.2363 103.3928 103.0953 102.7742 102.4621 102.3788 102.1939 102.0775 102.0489 102.1838 102.3050 102.5070 102.7923 103.2553 103.5016 104.0378 103.9992 106.0898 106.0126 105.8359 106.4332 109.1004 105.7338 105.9766 108.0897 107.1082 107.2998 107.8600
109.0400 108.2942 108.6186 107.7728 106.6172 106.3659 106.1149 105.3526 106.4506 104.9476 105.5283 105.7114 105.8683 104.9506 104.3620 102.7352 103.1727 102.8470 102.8225 102.9049 102.9186 102.8380 102.8832 103.0286 103.1996 104.3081 105.3580 105.1286 105.9562 107.1009 106.1784 106.2636 107.2904 108.2053 106.7749 107.3273 108.3720 108.6999 108.1847 108.1900
102.8300 104.4030 109.1135 107.9492 107.4105 107.3846 106.9416 106.9620 105.9253 105.7068 106.7639 106.3403 106.5696 106.3355 104.4122 103.4723 105.6645 104.4888 104.1830 103.5772 103.3297 104.3510 103.5092 104.4451 104.4757 105.3494 104.6758 104.6547 104.6578 106.5495 106.4893 105.9374 106.4530 107.0492 107.7412 108.2872 107.6117 108.3494 108.8486 108.9100
108.2600 107.4650 108.3206 107.1461 108.0762 106.8865 107.9326 107.2569 106.2564 107.4664 107.2909 106.3261 107.0023 106.4675 105.6172 105.4562 104.6038 106.0660 104.5469 109.1683 109.8216 109.7323 104.7337 104.5681 104.9604 105.4912 104.7292 104.9749 104.9914 109.8187 108.6868 107.1338 107.0184 107.0652 106.3369 109.9613 109.3988 108.5229 108.0491 107.9700
104.2600 106.5802 108.1865 107.9525 107.5018 107.4491 107.7662 107.6266 107.9094 107.8591 106.9223 105.2043 106.2087 105.8897 106.4541 106.4251 105.9821 105.7719 106.0240 109.7594 109.6744 104.8195 104.3670 105.1307 104.8063 105.0219 105.7712 105.2922 106.4676 107.5111 106.6602 106.4636 106.3224 107.2590 107.6676 106.9382 112.4753 108.1652 108.8818 109.3700
104.2600 103.4900 109.1000 108.0900 107.9800 107.9400 107.2300 107.5400 108.1400 108.0600 107.7800 105.8700 105.9200 105.9200 108.2200 107.1300 105.7000 105.9800 105.9600 109.2300 109.2300 106.0200 104.7300 105.4800 105.3900 106.0100 106.9200 106.4600 108.2000 105.8200 106.8600 106.8000 106.8000 112.9700 107.9200 108.6500 113.7000 110.5300 114.0100 107.8300
