109.2400 114.5800 108.0500 112.9600 107.3100 115.5700 117.5000 111.7900 108.0400 108.2500 108.4100 113.7800 113.7800 111.3500 111.3500 109.5800 113.6800 107.2400 109.1500 107.9300 115.8100 117.5200 117.5200 117.4700 117.3500 117.4600 112.8800 112.5500 112.6100 113.8900 113.8900 113.7000 113.4200 113.2200 112.8000 112.5700 112.3600 112.1500 111.9200 111.7500
110.4200 113.2139 110.2988 113.0871 109.1152 112.4558 116.9349 108.5255 108.3302 108.6198 109.6176 110.2317 114.5147 111.0604 110.8676 109.3229 109.4272 112.0550 110.8218 108.2266 108.1994 117.5676 118.1109 119.1849 117.7663 120.1102 114.1721 115.1247 112.7497 112.7110 112.2644 112.3381 111.7509 113.0629 113.1464 112.7177 113.1409 113.6982 112.0537 111.9700
108.6600 113.0163 113.7236 113.8017 111.5938 113.8258 115.0207 107.8519 106.8887 112.6624 109.1293 107.4248 113.4518 109.7990 111.1220 108.8727 113.2254 113.1510 110.5688 113.8265 112.5291 115.8635 117.3205 119.6862 114.8700 114.9907 112.0342 114.8404 112.9075 113.3782 113.1878 114.1225 114.0793 113.8208 113.5947 111.7573 112.7225 112.3567 112.2224 112.1700
108.8900 109.6460 113.2304 109.9576 110.5166 108.9273 109.8469 107.7636 113.1069 112.6603 108.0430 107.3469 111.4592 105.7932 108.4025 107.9876 112.1176 107.1843 110.2873 112.7697 112.0411 114.0813 112.9347 115.5493 116.1138 115.9571 112.1566 112.1044 111.7912 114.2217 109.3643 112.0490 114.1409 114.1601 113.6332 111.2694 112.6516 112.9303 112.6002 112.2400
113.9300 108.1854 108.6009 114.7934 110.3006 108.9848 114.4076 106.9690 112.9403 112.5476 109.8560 106.7441 108.3073 108.4939 108.6809 110.5587 111.2268 108.7401 106.4836 112.5155 109.9460 116.8968 113.4253 110.9560 112.3923 113.9994 108.9758 111.1630 111.3528 109.9711 110.3091 113.2502 113.4749 114.5458 113.7258 110.9902 109.9937 112.2581 111.0647 108.9900
113.3700 107.7614 111.5723 111.3506 108.2913 110.2907 113.8240 111.0302 108.1012 108.3760 108.0852 109.6121 108.7799 108.0873 108.2083 113.1333 111.9760 112.9229 114.3238 112.2070 108.9009 118.2708 115.6014 111.4549 109.6226 109.2583 107.5337 107.4112 108.5732 108.8016 110.9597 111.2845 115.5330 114.4786 113.9525 111.5452 110.5375 109.8308 108.3104 108.9900
113.8500 108.5923 108.3578 111.5620 108.3194 107.1823 108.7059 111.1389 109.0860 109.1293 111.1564 107.4700 107.4645 106.6975 106.9658 108.7742 114.6001 113.2641 113.0295 113.5636 108.2908 110.6898 111.7475 107.6632 109.7072 110.1806 109.4733 109.1367 111.1114 108.9984 108.2917 111.7692 113.6530 114.0319 112.6718 111.3328 109.6817 110.1248 108.3122 111.2300
107.7100 106.5186 107.5486 109.4243 110.7151 107.3165 107.1501 110.8016 106.7837 111.5067 112.6213 108.8426 106.9349 106.9890 108.3071 108.2435 109.3507 112.2107 108.0125 114.5947 111.9208 111.4186 106.3902 107.6481 108.8803 108.2560 108.8011 109.8065 109.5252 110.8388 107.5737 110.3707 110.5531 112.2108 112.2078 109.8442 110.6782 112.8066 110.8886 110.0000
107.5900 107.2453 107.3762 111.0185 108.8997 108.0768 111.0214 111.3808 106.0637 107.4782 114.0443 108.7542 106.9695 106.8115 110.2084 111.4790 113.8048 111.2482 111.4433 108.7498 107.1011 108.8708 107.9250 107.9305 107.7538 109.2208 107.5952 109.5657 110.5647 111.1386 107.9932 109.4049 108.9964 108.2132 110.8446 107.5240 113.0595 112.3211 112.0020 110.2100
107.2600 106.2268 106.9339 110.8997 112.5524 106.7287 110.1034 105.2384 105.7453 106.0252 110.6981 107.1354 106.9309 107.4785 110.2892 110.4279 107.3462 108.3176 113.2410 106.4484 106.7424 107.1684 107.7325 107.9215 107.5209 110.1120 111.3225 110.4087 109.5432 109.3268 108.2635 108.1995 108.1557 107.7696 108.3535 113.0456 112.4692 113.5045 113.4282 110.2900
106.0000 105.7246 106.3538 105.6690 108.1192 106.3394 107.4445 105.4606 104.9091 106.6462 111.7374 106.2511 106.2333 112.4300 108.2886 106.6906 107.7337 108.2065 106.8323 107.9185 107.8615 108.2268 107.2406 106.7862 109.5522 116.9340 111.7152 112.3089 109.6169 108.1139 109.2733 108.6943 108.0134 107.9697 107.6253 110.2338 110.9432 112.0794 110.4510 109.2400
106.4200 105.1035 104.9868 104.2567 105.1351 109.1544 103.3897 105.8125 105.4966 107.4820 105.3275 106.1908 104.8754 104.9623 106.0374 107.2675 106.4392 107.5843 107.0498 107.0230 108.1341 109.2349 115.7874 109.0457 105.6560 114.2051 107.5841 109.2732 113.5045 113.0696 108.6644 107.9625 109.1549 108.1757 108.7581 109.0868 108.6878 112.3162 109.9379 109.3700
105.6700 104.2711 104.9924 104.0580 109.5350 104.8794 103.4731 105.7636 104.3021 105.9960 106.4051 105.3459 105.3185 104.6900 106.0271 106.3067 106.9717 108.5460 107.7794 107.6059 109.1916 112.5582 107.7430 111.7121 106.7833 107.4595 110.1199 109.9171 113.3330 107.4341 107.9946 107.7849 109.1706 108.3565 108.7253 108.6642 108.6624 109.7134 110.0775 109.2700
105.0700 104.9557 104.9965 104.0858 105.1551 103.4996 103.7589 104.0042 103.6199 104.9605 104.6056 105.7535 105.4115 105.1621 104.8427 105.5614 106.2941 108.4284 106.5667 106.4964 105.3972 106.1584 107.5512 107.6198 109.0524 106.8367 111.2631 113.4392 106.9714 108.6336 107.3813 108.2107 108.2323 109.3894 108.7457 108.6797 110.1343 110.4710 111.1091 110.2300
104.2300 104.3412 104.6608 102.8008 102.6497 102.4678 102.3994 102.6077 102.6673 103.0499 103.0620 104.6056 104.2894 104.2095 104.5625 103.9135 106.3453 105.5135 106.2425 106.9325 107.6025 106.6704 107.7081 108.4215 108.2444 108.7234 112.2673 109.8527 108.1863 108.8828 109.4521 108.6258 107.9224 109.4749 108.0448 109.0241 109.4779 108.4249 108.3463 108.6900
103.6900 103.1006 102.3354 102.0213 102.0643 101.8976 101.6853 101.7370 101.8914 102.2819 102.5252 102.6396 103.0683 103.0988 103.9886 104.6022 105.5369 106.0818 104.9649 107.3093 107.0249 107.5191 108.1294 108.3856 108.6160 108.3806 110.9140 111.7053 108.6823 111.8607 113.8695 109.0107 107.4816 108.6542 108.2984 108.9565 109.1367 109.8701 109.5148 110.6100
102.1300 101.9649 101.7580 101.3318 101.1926 100.9441 100.8555 100.9323 101.0190 101.3614 101.6916 101.8656 102.9040 103.7518 104.2024 104.9019 103.9729 105.5167 105.0249 105.8127 106.6812 106.9361 107.7682 106.6665 107.7473 110.0372 112.6241 109.6222 109.5129 112.2029 110.1549 108.9002 108.7016 109.8232 108.5504 109.2605 109.6616 110.0593 110.0000 109.4600
101.4000 101.3164 100.9205 100.4160 100.2605 99.8637 99.7843 100.0010 100.1963 100.6303 101.0664 101.3955 101.7957 103.0273 103.3954 103.1060 104.4388 104.2144 104.6865 104.9811 106.3481 107.2247 106.4291 108.7302 108.7087 109.1265 108.8023 112.0675 111.6657 109.9366 108.9241 108.5770 109.0927 109.6437 109.6689 110.0536 109.4750 109.8479 110.6284 112.4000
100.6600 100.5283 99.9395 99.5313 99.1900 98.5326 98.5492 98.3738 99.2453 99.5753 100.1581 100.6311 100.8803 101.1612 105.7345 103.0135 105.3005 105.0135 105.7754 104.9677 105.4908 106.9971 106.7562 108.3309 108.0015 107.7784 108.5201 109.6218 108.6786 108.7953 109.5067 108.1134 108.4310 108.5558 109.4823 109.9047 110.0147 109.7114 110.1663 110.1200
100.2800 99.6165 99.1752 98.2199 97.4011 96.8743 95.8487 96.5065 97.5945 98.2517 99.2104 99.6238 100.4718 101.1496 102.3133 102.5986 103.7263 104.6205 104.0847 104.9339 104.8154 107.0944 106.8554 106.9672 107.6332 108.2855 108.5598 108.7097 108.7005 108.2598 109.1808 108.6326 108.9267 110.1969 109.7189 110.4223 110.1069 110.4319 108.7315 108.7700
99.4300 98.7014 97.4645 96.2555 95.0440 94.3555 94.5894 94.5350 96.3453 97.1192 97.6912 98.9366 99.7943 100.6863 100.9211 102.2867 102.6355 104.3956 104.7739 106.0485 106.4145 106.6801 107.3495 107.5382 108.0495 108.1738 108.4683 108.6744 108.8735 109.2670 110.1177 108.6031 110.1594 107.6238 110.0217 113.5522 115.2488 116.0349 109.1668 108.8900
98.0600 97.5956 96.2596 95.0355 92.9411 92.0707 91.7291 91.8094 92.7851 95.1714 96.3987 97.7032 99.1012 99.9326 100.9058 101.7806 102.2923 105.0147 105.7006 105.4954 105.9930 106.8981 105.8490 106.8281 107.1999 108.2338 108.5544 108.6788 109.5501 109.8782 110.0290 110.5361 114.1855 115.1327 112.3738 113.1893 114.8905 110.8224 108.6076 109.1700
98.2900 97.0726 94.8528 92.6245 88.3070 86.8183 87.2892 89.4545 90.1464 92.9997 95.0359 96.5293 98.4537 99.7746 100.3166 101.4425 102.3301 102.6698 105.4348 106.2787 105.2114 106.3321 106.5967 107.4376 107.1069 107.7450 108.4529 107.9979 112.2732 113.9369 112.9335 113.5235 112.6908 109.3765 114.0484 115.1557 112.8876 115.0256 111.8618 110.9900
98.0200 96.1793 92.0862 89.0543 83.7224 79.3533 78.1106 81.6601 86.1995 88.9703 91.9893 95.5194 98.4688 99.2619 100.2404 101.1929 102.0796 102.7449 104.1127 105.1598 105.0321 105.0204 106.3410 107.2938 107.8405 107.5579 107.5369 107.0070 107.6488 108.3397 108.5842 108.7634 109.7300 109.9791 109.4836 109.1993 110.4508 112.9525 109.9545 110.9500
96.3900 93.9889 91.3400 87.6770 83.5894 69.5272 65.0712 72.5488 84.2116 86.4536 90.5250 94.3035 93.7469 99.6512 99.9428 101.0293 101.8421 102.5307 102.0672 104.5105 104.8692 105.8610 106.4044 106.3721 107.2164 107.4659 107.6159 107.9661 108.8432 109.3263 109.5032 109.6388 109.1857 110.3332 107.9768 108.9401 109.7505 112.3542 110.5266 108.7400
96.7900 92.9100 90.1378 87.4250 79.6361 61.8661 56.6153 63.9696 81.0306 84.7443 90.6583 94.6608 87.4127 99.7245 99.5035 100.8889 101.7662 100.7273 101.7138 103.9446 104.9482 106.2177 105.5871 105.0314 106.4719 107.1906 107.7047 108.0413 108.5275 109.2095 109.1173 109.4921 108.4107 110.3573 109.0436 108.4463 107.8647 110.6045 109.9927 110.3300
96.8400 94.3196 89.5695 89.6973 81.1514 66.4267 63.6617 71.0026 83.7225 86.5751 91.5959 94.4591 95.1367 99.1690 99.7875 101.1620 101.8404 102.6274 102.1321 105.0890 105.9262 106.5133 105.4851 109.5849 110.4861 108.1109 107.1973 107.8674 110.1428 109.1183 109.8164 109.6117 108.0120 109.3097 107.7641 107.6922 111.7781 112.2980 112.8483 116.1000
96.8200 95.9119 92.2576 91.9379 86.1303 76.2600 73.7457 76.7015 83.8916 88.9129 92.3108 95.4104 97.9377 99.1667 99.8092 100.9817 102.0834 102.6338 104.7043 105.4425 106.1765 105.0432 105.2104 107.9280 111.4411 112.6634 107.4946 108.1502 109.7053 108.3471 111.6172 108.2590 111.4539 108.8467 113.9146 114.4774 117.1321 110.3502 110.9746 111.1600
98.2000 97.6290 93.9692 89.0368 86.8732 83.3438 82.1216 82.9082 85.2507 91.7111 93.9789 96.8469 98.3675 99.4620 100.0770 101.9232 102.2197 102.5213 105.0020 106.9451 106.2499 105.0755 109.5644 106.8774 108.6842 112.1378 107.2925 112.9062 104.6832 112.7730 112.6413 109.1069 112.0558 113.3997 115.2624 112.6129 108.2147 110.1846 110.0948 115.9900
89.6200 87.8784 95.8411 90.9085 100.7985 91.3962 87.3222 90.2079 90.9998 94.2579 95.9821 97.9697 98.9165 99.7623 101.9789 95.3375 102.5313 103.0227 105.0530 104.7550 105.1715 107.0472 111.4223 110.6507 112.8942 112.6951 108.6547 109.9160 112.3956 107.3295 114.9901 114.6610 110.7366 109.5135 108.2972 112.2120 110.0984 107.0950 116.0669 108.7300
99.5000 89.1547 88.7206 88.4805 96.6723 92.7209 91.9535 93.1784 93.1098 95.2282 97.3578 98.5256 99.5912 100.3880 100.9020 99.8595 100.7790 103.3264 104.7483 106.3590 105.3975 105.7523 106.4970 108.1269 106.9582 113.4724 106.7515 111.1347 111.2684 112.3662 112.1076 112.8381 115.5385 110.0891 114.8315 113.0699 109.9719 108.1239 108.2505 108.9700
91.7300 90.3533 98.2198 95.9133 95.3742 95.7267 95.4008 95.7983 96.3350 99.1952 97.6963 98.9685 100.1790 100.9025 98.7214 96.5001 103.2662 105.6880 104.4145 105.4706 105.9975 106.9186 107.5869 109.3696 108.5479 113.7872 108.0464 111.7537 116.3700 115.4270 115.3943 115.1709 113.6656 115.3984 114.1045 114.9851 108.4703 109.1408 108.7074 108.3800
100.6100 101.6654 100.2363 99.7642 98.6553 97.5271 97.3333 96.5203 88.7423 91.5705 99.8235 100.0767 100.7172 101.3593 102.9821 103.6160 103.8475 105.5941 106.1726 105.4595 106.0764 107.0248 107.4369 107.8041 108.0532 107.7754 107.4440 109.5433 113.9011 112.6743 116.1120 117.1639 109.8854 110.8527 112.9310 112.7197 111.3140 110.6175 107.9774 109.5300
101.3900 96.8655 97.0657 99.9495 99.7110 99.5513 99.1924 96.0233 92.9018 100.6318 101.1946 101.0286 101.6656 102.0713 102.8615 103.2880 104.1644 104.3916 106.4995 107.0658 105.9379 106.6344 106.7225 106.9470 108.3371 108.1056 107.9967 108.4446 109.9460 109.8344 111.8708 111.0980 110.7649 108.5909 110.3754 110.7689 107.2114 108.0103 110.2862 109.5300
102.2400 96.3588 100.8313 101.5586 100.7639 100.4619 102.0317 96.6597 98.1726 101.6133 101.2477 101.7129 102.1391 102.8348 101.6090 103.1793 105.4747 106.0928 106.4591 105.9965 106.8161 106.4432 106.5260 109.6875 111.5756 111.8108 112.0743 112.5986 110.2497 109.1283 109.9802 108.6156 110.2442 109.6459 107.8777 108.3764 108.3232 109.8721 107.6027 109.8900
97.6900 100.4634 95.8627 101.4649 101.2291 100.8145 95.1923 95.9016 94.8862 101.4957 102.1411 102.1439 102.8034 102.9784 101.0719 105.5764 106.2891 106.7555 106.0658 105.5538 107.2226 107.3988 107.5428 112.4521 111.3182 112.7772 114.3260 113.0683 109.8578 111.9405 113.4332 107.4212 110.6125 108.3100 109.8710 108.2912 108.3307 111.6123 110.3727 109.9600
97.6900 98.5750 102.4194 99.9695 101.6620 96.8751 102.1353 101.7380 103.0245 102.8827 102.6019 102.9640 104.9054 105.6638 105.4805 104.7712 105.7752 106.6026 106.6444 106.8217 107.6091 108.1485 107.7029 113.0723 111.9118 110.6322 114.5137 113.8085 112.5228 113.0516 113.9558 110.1632 108.3817 109.5970 110.7345 109.9271 113.7247 108.4294 109.5031 109.2400
99.2000 98.3339 98.2690 101.1701 97.5321 97.9463 97.4146 103.4534 102.7280 102.9648 103.9069 104.7923 105.8717 105.9919 106.6295 105.4373 105.4714 105.8087 106.3461 107.9586 107.1040 107.9522 107.1804 109.5919 111.9231 111.9606 108.4976 110.8764 109.2262 111.6787 112.7958 113.1447 110.5692 113.8842 109.4504 112.2770 112.3180 114.8768 108.5370 111.8800
103.3200 102.3172 105.7389 100.6491 99.9962 100.5970 103.8157 103.5541 103.7185 104.1386 106.1826 105.8611 105.7111 105.2528 105.8601 105.1580 103.6085 105.4251 106.3842 107.9895 106.4559 107.1111 107.6172 107.6359 112.8013 113.4684 111.8298 108.6395 109.9494 113.5339 111.1808 109.9182 112.8257 110.9826 107.9590 110.0839 108.0731 109.9143 108.9685 112.2100
103.3200 102.8600 106.1100 102.0700 105.1800 101.8900 104.8900 105.2300 104.1400 105.5100 105.5100 106.0700 106.0700 105.3400 106.1000 105.9400 107.4900 107.4900 107.1700 106.6800 107.4400 107.8200 114.2400 114.2400 114.6500 113.7700 115.0700 109.4300 110.0200 112.4000 112.1900 111.3100 113.4100 109.9400 107.9400 107.9500 110.0100 109.7800 109.7800 111.1100
