111.5900 108.4500 107.7300 107.8600 107.1200 107.8200 107.7000 107.0500 106.2900 107.1100 107.1100 105.6200 106.8300 105.5600 104.9600 104.9600 105.3300 106.4800 106.6900 106.4600 106.5000 106.5000 106.4700 106.4700 105.6800 106.9200 106.9300 105.6500 105.6900 106.2500 107.0100 107.7100 108.6200 110.5300 110.5300 111.5600 112.6900 115.1600 116.2300 117.2500
111.8000 111.7708 109.4536 107.0867 106.8658 107.6050 107.7465 106.8756 106.2519 106.0428 106.2636 105.0448 106.5657 106.3975 104.8873 104.9782 106.0727 105.9124 106.2880 106.3384 106.4346 106.4846 106.5121 106.0739 105.8938 106.1640 106.9334 106.3910 105.7938 105.1938 105.8662 106.5409 107.6223 108.6345 109.7519 110.9669 112.2736 111.0861 114.2733 115.7400
111.9600 108.2125 107.8379 107.3743 107.5054 106.5665 106.6975 106.5449 106.3652 106.1183 106.7174 105.7984 105.5069 105.2602 104.9607 105.5185 105.8125 105.8383 105.7220 105.8958 106.0535 106.1501 105.7018 104.9866 104.7452 106.3948 105.7303 106.3139 106.5972 105.8058 105.2576 105.5875 106.6799 107.6288 108.7471 109.8969 111.6401 110.7170 114.6829 115.4900
111.7600 111.7718 107.6579 108.2966 107.0705 106.7215 106.1445 105.7063 105.9680 106.3260 106.3176 104.4319 105.4748 104.8623 104.2994 105.6949 104.7417 104.5169 104.6452 104.8795 105.1214 105.5554 105.8079 105.9576 108.7784 106.4047 104.6861 106.7929 107.2888 106.5153 105.9048 105.1717 105.7106 106.7631 107.8931 109.0433 110.3112 111.7206 113.3692 114.9800
107.6300 107.1995 106.1801 111.0983 108.3685 106.7083 105.9509 106.1847 106.2303 105.8049 105.8113 103.7693 104.1141 103.0874 103.9062 104.2949 102.6417 102.7909 102.8020 102.9750 103.7860 105.5376 105.3274 105.3779 108.9081 105.0231 108.2784 110.4508 108.9991 107.5590 106.6027 105.7195 105.2245 105.9774 107.0722 108.1247 109.3851 110.8162 112.1799 113.3800
107.5500 107.8489 106.7223 105.7228 111.1882 105.8409 106.4070 107.0401 106.5156 104.2200 104.6018 103.9732 105.1521 103.0516 103.1548 103.2100 103.9621 102.7851 102.9272 102.8963 102.7990 103.8001 103.3532 108.0840 105.4521 106.0112 105.9340 110.6809 110.1628 109.0264 108.0225 106.4980 105.8597 105.2286 106.2238 107.5166 108.6564 109.9612 111.2719 112.9800
107.9500 107.4763 107.4738 106.6843 109.6731 105.8025 105.5674 105.2870 105.5930 103.9919 104.5223 103.6958 103.5566 102.0894 101.9062 101.4367 100.8953 101.0557 101.0828 101.6983 102.7133 102.5778 104.6203 103.3165 104.5369 104.5448 105.0701 106.7633 111.3438 109.5155 106.7463 107.4175 106.3988 105.3371 105.6669 106.8582 108.0413 109.2256 110.5657 111.2400
107.5600 107.2130 106.7160 106.4018 106.5111 106.1278 105.7662 105.2873 105.5786 103.9583 102.5368 101.9711 101.4819 101.5440 101.0900 100.5341 100.1307 100.0404 100.1572 100.2732 100.8055 101.1428 101.8761 102.0062 104.2405 104.1613 105.1204 107.0796 108.0319 107.4593 106.3436 105.5824 106.3698 106.2547 106.2825 106.4743 107.6812 108.6827 109.9919 111.0100
107.5600 107.1163 105.7380 105.0851 105.9036 106.1988 104.2451 103.5911 103.5458 103.1324 101.7952 101.3250 100.6011 100.3524 100.0459 99.6644 98.7291 98.7890 98.8809 99.1828 99.8519 100.2840 100.7662 101.4637 102.7306 103.4850 103.6485 104.7724 105.2830 106.1485 106.2393 105.0109 106.0107 106.0564 105.8691 105.2109 106.3852 107.6884 109.1925 111.0100
106.0200 106.2402 106.1315 105.6719 105.7630 105.9772 103.9213 105.2144 102.4098 101.9090 101.2022 100.4402 99.5819 98.7317 98.5162 97.8692 97.4886 97.4486 97.8833 97.9529 98.6714 99.1009 99.9230 100.6984 101.1835 103.2411 103.1504 104.9142 104.7605 105.8230 105.7449 104.8573 105.7080 108.3766 109.2920 109.7990 109.9752 109.9432 108.4387 109.4700
105.7400 105.5825 105.5321 104.7973 105.0494 104.2691 103.4786 102.9862 102.0490 101.3208 100.9308 99.9014 99.0384 98.3688 97.2601 96.3992 95.5055 95.7159 96.2422 96.3587 97.9135 98.4342 99.1712 99.7103 100.6730 101.5839 103.2613 103.7182 104.1369 105.7809 105.8871 105.5924 103.5173 112.4732 104.4406 109.6559 105.4476 110.1682 108.2515 109.3000
106.2700 106.2076 105.1354 104.5521 104.1981 104.6379 104.4361 102.1993 101.7990 101.1122 99.8948 98.7539 98.1996 96.5129 94.1304 94.6565 93.1490 92.8552 95.0311 95.4420 96.7450 97.3643 98.4946 99.4093 100.0401 100.5754 103.0010 102.7599 103.6556 104.7624 105.0752 105.0073 105.4082 112.2573 104.5552 111.8216 105.6882 109.5142 108.1576 109.1500
106.2000 106.9174 104.9783 105.0190 105.3175 105.2656 103.0132 102.0812 101.3776 100.0560 99.2914 97.7899 96.3039 94.1297 92.1008 91.6225 91.1326 91.6272 93.0662 94.5088 95.1198 95.8111 97.0691 98.5429 99.6927 100.1955 101.2636 102.7102 103.6162 109.0571 105.2441 105.1544 110.0684 106.4084 106.6216 111.4633 107.5434 106.3448 107.6105 107.4400
105.6300 106.7985 104.9024 105.5689 104.5666 104.1298 102.3668 101.9175 100.8854 100.1984 99.5238 97.8054 95.0783 92.4391 88.5505 88.3898 88.2367 88.8362 88.8008 91.6194 92.1503 94.4361 95.8707 98.4300 99.7563 100.1794 101.0945 103.5932 102.2170 102.9560 104.1648 104.6975 106.5471 105.9355 107.9101 107.2133 107.1232 107.9951 106.2057 107.0800
106.1300 105.2977 104.9654 104.4107 106.0074 102.6968 102.2003 101.6054 100.5494 100.0539 98.1911 96.6763 93.7583 89.8080 85.8795 86.5641 83.2083 86.1513 84.8262 86.4117 89.4621 93.2081 95.1737 97.3641 98.9699 100.1125 101.1345 101.4880 103.5009 104.2514 104.3154 106.0003 106.5462 105.1981 107.4782 108.1081 109.2165 108.2063 106.2059 106.4300
106.0800 106.2095 105.8904 104.4150 105.0924 102.8872 102.1933 101.2299 100.4802 99.4852 97.7981 95.3880 92.1174 88.1052 83.0925 81.5946 73.1456 73.9082 79.9667 84.0214 88.0317 92.0459 94.9956 96.6751 98.5380 99.9246 100.8678 101.5512 103.6063 105.4592 105.4530 105.1527 105.0002 105.4918 107.1793 107.4203 109.2780 106.1345 106.9300 106.6500
105.5900 106.6937 105.9885 105.1502 104.2815 102.6270 101.9601 101.0427 100.2813 98.8949 96.9352 93.9928 91.2301 87.2014 82.6628 74.1899 66.1076 65.8847 74.3819 83.6681 86.6546 90.6358 94.9270 97.3913 98.3964 99.7281 100.7799 101.5109 103.5369 105.0048 104.6171 104.1936 105.0934 106.3846 107.2027 106.5554 107.8532 110.4242 109.0065 107.1800
105.9500 106.0729 106.3549 106.2996 105.1927 102.7827 101.9516 101.0880 100.0714 98.7087 96.6401 93.2212 91.3523 87.1759 82.8341 75.0856 65.4258 63.5336 73.7500 83.2839 86.4542 90.7019 94.9110 97.4462 98.6885 99.5359 100.8741 101.4463 103.9684 104.7504 103.9499 104.2895 105.4568 106.0639 106.7330 105.8946 108.2232 110.8365 110.7534 107.9900
107.1400 106.6914 106.0102 104.8364 104.2174 102.7607 102.0358 101.1121 100.4264 99.2543 97.1978 95.1006 91.6950 88.2479 84.0379 77.0310 68.6776 70.3300 78.2197 84.0949 88.2783 91.5172 95.3771 97.2626 98.6776 99.6390 101.0832 101.6417 102.6307 105.2724 104.8748 104.8111 104.9080 106.4776 106.1112 106.1220 107.3357 106.9226 108.6444 107.7800
107.1400 106.7679 105.5444 105.1155 103.9488 102.9076 102.2993 101.5531 100.5349 99.5245 98.0594 95.3489 92.5476 89.3227 87.5983 84.1169 80.4324 79.4246 83.3420 86.2453 90.7224 93.5615 96.1571 97.5748 99.1283 100.2068 101.2969 102.2794 102.7849 104.4413 105.0129 104.1629 106.1391 106.5081 107.8729 106.4211 106.9076 108.1686 107.3954 108.2900
106.8200 106.4702 105.7202 105.6475 105.9361 103.4672 102.2184 101.6542 100.6912 99.9521 98.4937 96.9882 95.5290 91.7962 90.1070 88.9645 86.7008 86.3586 87.9757 89.7301 92.8498 94.4347 96.8720 98.2095 99.3404 100.5024 101.4652 102.4285 103.1275 105.2932 104.0760 105.7777 105.8809 106.4696 105.9697 107.8260 106.9988 108.0462 107.5416 108.2800
105.6600 105.2186 105.5888 105.2906 105.1863 104.1025 102.4244 102.0205 101.1652 100.3097 99.3595 98.2045 96.8534 93.8945 93.6365 92.3993 90.7452 91.5448 92.6113 92.2851 94.3482 96.0335 98.1766 99.5432 100.3721 100.7303 101.8404 102.4982 104.5520 104.2324 104.4842 105.9277 105.8828 106.9322 107.1338 107.2905 106.8733 108.7091 107.9014 108.0400
105.5700 105.2274 106.0971 106.1921 105.1837 105.0910 103.9611 102.0745 101.7474 100.8215 99.9397 99.1107 97.3515 96.9366 96.2958 94.6795 94.4061 93.9472 94.8247 95.2125 96.1184 97.5160 99.2739 100.2874 100.8820 101.6864 102.4174 102.7673 104.1842 104.8747 105.6359 106.6244 105.2198 106.6442 106.7448 107.9185 108.5045 108.5040 108.1611 108.3700
106.6000 105.9347 106.6220 106.0181 105.3781 105.2831 105.2645 102.5015 102.0317 101.3242 100.5223 100.1414 99.2621 97.8728 97.4387 97.3773 97.6365 97.5918 97.4602 97.4991 98.0706 98.7299 99.7587 100.5623 101.3157 102.1111 102.5990 103.7766 105.2262 106.3191 104.6470 106.2366 105.2505 106.3814 107.5930 108.0939 108.3088 109.1830 108.0611 108.2900
107.5900 107.0560 106.5473 105.6635 105.8423 104.5225 105.3538 104.1263 102.5956 101.4416 101.2955 100.9176 100.2625 99.3407 98.9138 99.0480 99.0452 99.1166 98.9362 99.3513 99.4313 100.2253 100.6243 101.3719 101.9313 102.3938 103.0156 103.8893 105.7008 105.7901 105.9574 105.8194 107.0415 106.8954 107.1251 108.0767 110.2689 107.0186 107.2975 108.4500
106.9100 107.1077 106.2951 105.4535 105.4040 105.3123 103.7230 105.5849 103.6655 101.9883 101.7023 101.8373 100.9102 100.3703 100.2203 99.9774 100.1113 100.0602 100.3092 100.6349 100.3657 100.9053 101.3766 102.2709 102.5029 103.0942 105.0756 104.4794 105.0152 105.2426 105.9280 106.9134 108.3713 106.6583 108.3843 110.1849 110.9496 114.0429 107.6873 109.0000
106.9000 106.6059 106.7768 106.0110 105.7806 105.4509 105.4226 105.2086 104.4206 103.1655 102.6049 102.3331 101.7099 101.3193 101.1233 101.0956 101.2346 101.2339 101.2986 101.3355 101.4707 101.8461 101.9481 102.6227 103.2134 104.4921 104.7110 104.8214 105.8679 107.0601 105.8348 107.3125 109.7453 108.8944 106.8381 108.4830 106.9266 108.9776 109.6297 109.1800
106.8900 107.0884 107.3636 106.0666 106.2939 106.3324 105.4839 104.5374 103.8595 103.9183 104.8804 103.1548 102.4649 102.2064 102.1772 102.0719 102.0030 101.9321 101.9775 102.1468 102.3588 102.3317 102.7773 104.2333 103.4101 104.6046 105.8636 105.8502 108.6125 106.6904 106.2180 105.9514 106.9748 108.0224 107.2354 113.8882 108.6082 107.6454 107.5803 107.0200
106.7900 108.3033 107.7276 106.5149 106.4882 106.1409 106.3635 104.5805 105.2834 104.7927 105.8195 105.0315 103.3271 102.8564 102.7376 102.7432 102.4975 102.6010 102.6385 102.8324 102.8996 103.6086 108.8202 106.0182 103.7957 105.9165 106.8848 104.9700 110.4174 107.0222 106.8918 106.0155 107.8423 107.2888 107.3537 112.9533 110.1406 108.1917 108.6306 108.6200
106.9900 107.1983 108.3979 108.3564 104.7217 107.0453 106.9824 106.0765 105.1521 105.0233 105.2052 105.1871 104.6656 104.6465 103.1112 103.3643 103.1604 103.1424 103.3359 103.7350 103.9373 105.0082 106.3903 106.0353 104.1577 106.6835 106.1507 106.3659 106.4954 106.1069 107.2398 107.5026 107.6551 108.2247 107.7121 113.2542 114.6055 107.4689 110.8510 107.1300
108.7200 108.4635 106.9965 107.8588 105.9907 107.1737 106.6136 106.2218 105.8938 105.6136 105.2309 105.8127 106.3422 110.9340 104.7071 105.1546 105.7183 105.8019 104.9131 106.1176 105.8020 105.8680 106.9756 108.6489 106.0160 106.0158 106.7980 107.4927 107.0695 106.2750 106.6888 107.8160 107.7408 108.1350 108.0727 107.6062 107.3720 111.8173 112.2492 109.8800
107.6700 108.4582 107.8453 107.5056 107.4892 107.4805 106.7032 106.9165 107.2904 107.0040 106.3778 106.7705 105.5298 107.5829 105.2853 104.5105 106.5991 106.3529 105.7740 106.1986 104.9441 105.5155 110.3470 107.1940 109.6854 107.0967 105.7979 107.5704 108.4037 107.2780 106.7789 107.6867 107.2515 107.4031 109.0455 107.8930 108.4431 108.1817 114.4855 115.1200
108.4700 108.0459 108.3020 108.1179 108.2163 106.6024 106.8447 107.7166 105.9760 105.7882 105.5747 106.0362 108.1363 106.1245 106.5599 105.1388 105.9509 104.8404 106.2716 106.7810 105.8047 106.1442 105.5907 104.4254 106.7922 105.9534 106.8514 106.3438 112.7660 110.0808 108.0900 109.1004 109.8355 108.2403 108.5217 107.0032 111.1732 109.5972 110.1148 108.5800
108.7800 107.6653 107.3366 106.7993 107.3877 107.0313 107.3332 106.2882 106.1872 106.5536 105.2201 108.8219 111.4253 107.4852 106.4403 106.4227 107.1188 106.9201 106.2823 105.7944 106.9186 105.9389 105.7473 109.5501 112.6006 110.3232 106.9152 106.3361 109.4638 110.3307 107.2087 108.1024 114.2970 108.1746 108.7545 106.1820 109.3341 109.2849 109.3484 108.5800
108.1000 107.9866 104.8211 108.0426 107.3784 107.1441 107.3905 106.6866 106.1731 106.7866 108.1728 108.7903 104.5178 106.0882 106.6457 107.5970 107.0592 106.9202 106.0712 105.6917 107.8824 106.3083 106.5833 107.2663 107.6912 112.2561 108.6090 110.0239 107.3702 106.0688 110.9055 110.7210 109.7789 111.5595 110.6153 108.6090 112.4326 111.5562 108.4757 109.7800
108.7300 109.2511 105.7638 107.2035 107.4047 107.6940 107.1796 107.3851 111.3570 107.7923 110.0739 112.5769 108.4888 107.9044 106.6926 107.6265 106.8606 106.8465 105.9202 107.0726 106.7578 107.2838 110.2140 109.7142 108.2520 110.8442 112.4822 112.0811 109.2460 107.7379 113.4247 111.6193 111.5146 113.9325 114.2884 110.2041 109.1720 107.4620 109.3420 109.7800
108.7300 105.2812 108.5590 109.1268 107.0728 105.4027 108.2689 109.1290 112.8247 109.1735 113.9676 113.8073 110.0666 107.9187 107.6024 107.7974 106.9224 106.6444 106.4110 109.3188 107.9654 108.1980 111.1321 111.7904 111.0418 108.9582 114.6979 111.3685 109.6203 108.0489 107.5301 111.6243 114.7529 112.6944 115.8370 111.8139 108.8858 109.1943 110.3744 112.6400
109.1800 106.9469 108.5315 109.5093 104.9632 104.1223 108.0140 111.4652 112.8951 111.4239 113.5947 113.0843 109.4907 107.6526 108.5116 108.3139 108.4921 108.0162 108.0463 112.6660 107.9201 108.1971 110.9992 111.4649 109.2384 106.8002 113.8907 110.0581 109.6258 107.8110 108.9908 115.5928 114.1315 114.3966 110.2796 109.5334 107.9976 109.2849 109.5949 112.6400
106.7600 112.6996 109.7548 109.3560 108.9664 105.6112 110.6889 111.8049 110.8353 113.2470 110.7533 114.4021 108.0077 107.5095 108.9412 108.8633 108.7101 108.1546 110.0919 113.8832 107.7045 108.0138 108.3149 109.7630 109.6454 113.5164 115.4795 114.3127 113.0848 107.4140 109.2782 117.4998 115.4403 116.8401 109.2920 113.9339 108.1164 110.1849 109.9274 109.1300
106.7600 108.5900 107.7600 108.8200 114.4300 109.6900 113.8800 114.1400 114.1400 110.1800 112.8200 114.9400 108.1600 107.2200 108.8200 108.8200 108.8800 107.9800 108.7500 113.6700 109.0400 108.0400 113.9800 109.3600 109.3900 114.8500 115.2600 113.9600 113.9600 108.1700 117.7000 113.9600 110.1900 111.6600 110.2200 109.7100 109.9900 109.6200 108.9300 108.5000
