104.7700 105.4400 104.5800 103.5800 104.1300 104.0700 105.4700 105.5400 105.5400 105.7300 106.5100 105.1300 106.9200 106.7500 107.1300 107.4500 108.4800 107.0500 105.7600 108.1700 108.4200 109.3200 114.3700 115.7500 113.4100 115.2000 110.5200 115.3600 117.9600 117.6600 118.7000 117.6500 117.2600 116.3400 115.7800 115.2800 114.5000 114.1600 113.5300 113.3000
104.0000 104.2012 104.5159 104.3558 103.5393 104.3285 108.5852 105.7984 105.0791 105.5945 105.9095 106.5050 107.2132 104.4114 106.0763 106.5511 107.2486 109.0690 107.9106 109.1567 111.2707 111.7811 112.5072 111.1990 112.9997 113.8586 113.1849 116.7936 116.9537 117.8217 118.6469 117.8640 117.3010 116.6110 115.8738 115.2206 115.5170 115.9569 113.5933 113.5900
103.9800 103.5548 103.9426 102.4640 102.9351 103.4129 102.6799 104.2530 105.1108 105.7878 105.4566 105.4214 108.9365 107.7478 106.2481 105.6661 109.9705 110.6850 107.9458 106.3710 109.8083 112.5431 115.0601 110.3743 112.1434 113.3067 115.0999 116.1503 117.8689 118.2334 118.4086 117.8927 117.0800 116.4904 115.9369 115.4876 114.6806 115.7180 113.9024 113.6700
101.5700 101.5785 101.6346 101.7337 101.6273 102.2820 101.4773 105.7372 103.6298 105.1404 105.4588 104.2294 105.5221 105.8917 106.0084 106.9178 106.3080 107.2483 111.2679 107.7961 112.9348 112.6546 114.2494 110.3820 112.1884 112.6694 114.3346 115.6483 116.8419 117.2105 115.3262 116.5130 116.8199 116.5517 116.3073 115.4683 115.0567 114.6761 114.1608 113.7400
101.1800 101.0765 100.8534 100.8893 100.9164 100.7648 101.3502 103.1636 102.8414 104.3327 105.0514 104.6227 105.3255 105.8903 104.9451 107.8545 106.8344 107.8111 112.7306 110.7533 112.6168 110.8674 112.6665 111.1244 112.9793 111.9738 113.6081 114.9522 116.0249 115.5125 113.9345 113.5721 114.7771 116.7366 116.8359 115.8833 115.3726 114.8352 114.2494 113.7900
99.9700 99.4748 98.9453 99.6509 99.9523 99.5861 100.2443 101.4565 101.8802 102.3239 104.5984 104.3896 104.0843 105.2527 104.5585 105.5659 106.7654 105.1744 109.6361 106.0818 107.8606 110.3236 112.5903 110.2194 110.1923 111.5364 112.6810 115.5698 116.2496 115.8024 116.9982 112.7067 115.4752 117.7647 116.8982 116.0703 115.5048 114.9971 114.4125 114.2600
98.3900 97.7118 97.2593 98.2077 99.0114 98.9596 99.8149 100.2278 100.9992 101.7437 103.0029 104.1139 104.3520 105.1875 105.6144 105.5993 106.3669 104.8052 108.7927 110.4343 109.6559 109.8420 108.4690 107.6310 108.3963 110.7672 111.9526 115.3129 115.5758 116.3188 116.8816 114.1124 115.4268 116.0296 117.2398 116.6053 116.0062 115.1918 114.6034 114.3100
97.7900 96.3610 95.9886 96.6121 97.0094 97.4306 98.2224 99.3056 100.1827 100.9908 101.5639 102.2276 103.4727 105.1211 105.7482 105.7928 105.5888 104.9121 108.1781 108.9382 107.2350 107.1283 107.4097 108.7050 110.1260 112.1678 113.4279 115.8758 115.4376 117.1094 117.0124 118.8895 113.0455 116.6039 117.4106 117.2037 113.9749 115.6038 114.6548 114.3500
96.0300 94.6950 94.5453 94.4208 95.2708 95.9098 96.6500 97.9958 99.3902 100.4343 101.1019 101.7642 102.3979 103.7683 105.0799 106.0165 105.6072 105.2256 105.3304 106.4018 107.2692 106.9234 108.9142 108.0316 111.6084 113.0338 114.8804 116.9810 116.6529 117.4495 116.9452 120.2579 112.2333 117.4634 118.0040 117.4599 113.4195 116.1988 114.8633 114.3900
94.0500 91.4863 90.8530 91.2112 92.6903 93.5721 94.9934 97.6853 98.8481 99.5675 100.4343 101.4347 101.9491 103.7440 103.4321 105.7403 106.1715 106.0048 106.1810 107.3815 107.5148 107.8950 108.2779 111.6352 110.6462 112.0309 116.5050 111.9357 111.6286 115.6232 115.0531 112.5982 119.7693 116.1866 117.2948 116.5762 113.7394 111.2952 114.4186 114.3800
85.5300 87.4127 86.7461 88.2646 89.8423 91.7896 94.0223 96.5876 97.6276 99.4401 100.2162 101.3041 101.9344 103.3005 103.3068 105.0696 104.9547 104.9678 105.3691 107.3338 106.6014 106.6099 110.6797 113.2682 112.7205 114.5194 111.5850 114.6981 107.2513 109.6666 110.1552 109.4003 113.4421 115.0113 117.7024 116.6670 113.8594 111.1800 111.2343 109.7900
84.8700 82.1945 80.8409 83.9020 86.8978 89.1950 91.4321 94.9954 96.9548 98.8419 100.2537 100.8194 101.5420 102.5180 103.1806 105.2940 104.4845 105.6394 105.7852 105.7493 107.3751 106.6445 106.4800 107.6467 112.0016 113.8305 111.6287 110.1529 110.0600 109.3205 109.7794 112.2121 112.6328 113.3609 115.6530 115.4436 113.7552 111.0350 111.0929 109.7000
79.1800 75.0361 72.6023 77.2476 83.1887 87.2578 90.8946 93.7123 96.2283 98.5062 99.8258 100.5221 101.4856 102.2915 102.8788 104.6905 104.6491 105.3895 106.5283 106.1598 106.8932 107.9891 106.6481 107.2335 107.9646 107.1621 108.5097 108.4943 108.7152 109.4777 109.5420 110.3162 112.0296 111.6427 115.0156 114.9507 113.0091 109.4616 110.7636 111.9800
78.1400 69.3234 66.5405 70.3593 80.5933 87.0593 91.1638 92.8678 96.6241 98.2748 99.6323 101.1788 101.7659 102.4673 102.8984 104.0393 104.5366 105.6637 106.0849 105.7413 106.5856 107.6220 107.2340 107.3359 107.9781 108.7352 108.7674 108.5726 107.2733 111.6066 109.9245 111.5398 107.9563 108.6922 111.3439 112.4160 109.7427 113.9099 112.8417 115.7800
79.7000 69.2682 66.2075 69.2391 78.1101 85.7249 91.4896 92.7181 96.7228 98.2211 99.6828 100.9792 101.7424 102.3279 103.1761 103.9496 105.0327 104.9372 106.4051 106.0965 106.5072 106.9386 108.2226 108.3037 108.8510 108.7752 108.6207 108.8344 110.3186 111.6925 110.9375 112.2929 108.7160 108.7501 110.1681 110.7906 109.5395 113.9540 112.1306 115.6600
79.7000 74.0775 71.3551 74.0056 80.9616 87.1588 91.1913 94.2882 97.2598 98.4077 99.7246 101.0883 101.6649 102.3458 103.3026 104.7377 105.7669 104.9280 106.1857 106.0386 106.8012 106.4949 107.7630 108.0363 108.1939 108.8407 108.2785 108.9551 111.9320 109.5854 114.0046 110.7579 109.5723 108.4216 108.1863 107.8973 108.6248 112.6423 113.6752 113.6700
80.8400 80.4552 82.2757 81.7841 85.1223 90.0303 92.2182 95.2221 96.3896 98.8142 100.0038 101.1594 101.5583 102.2146 103.2194 104.2897 105.5970 105.0944 106.7021 105.8322 106.1187 107.5578 107.7530 107.2690 108.2852 109.0356 108.2418 108.6510 111.6593 108.6970 115.9678 109.2246 109.6640 109.1889 108.4028 108.8978 109.5269 110.2138 110.0397 110.5700
86.2900 88.1397 87.4957 87.8728 89.3841 92.4768 94.0932 96.0633 97.4588 99.0569 100.1525 101.0438 101.9686 102.9599 103.7092 103.9159 105.3869 105.3622 106.3915 107.4511 105.9232 107.3470 108.2644 108.6198 108.4219 109.2375 108.3309 109.2783 112.4717 113.0364 113.5726 113.3348 108.0806 107.9619 108.2311 111.2439 113.0610 111.4449 111.1885 110.5700
93.6400 90.9293 90.5210 91.4160 92.4884 94.2097 95.7499 97.3335 98.1693 99.6650 100.8713 101.3702 102.1062 102.6125 103.1935 104.6604 104.4655 106.7716 105.9077 106.9729 105.9421 111.0416 107.5255 107.6544 108.5594 108.3431 109.0076 108.5241 109.2613 109.7797 114.2473 111.2913 108.0918 108.7585 110.5295 111.0869 109.3438 112.0286 109.0290 111.1200
96.3300 94.4319 94.0735 94.7072 95.3045 96.4620 97.0643 98.4765 99.5876 100.3522 101.2023 101.9820 102.3381 102.8999 105.7057 105.8064 106.7190 106.8857 106.9888 106.3545 107.0220 107.5276 106.6728 111.3475 113.0695 114.2090 114.3715 109.1901 111.9415 112.7773 111.7046 114.3119 108.3243 110.2984 115.2314 109.9919 110.4805 112.4322 113.3106 109.8300
97.7800 96.7638 96.4765 96.7777 97.3367 97.9390 98.3396 98.9471 100.2235 100.8406 101.6394 102.2617 103.2791 105.2702 104.9006 104.5475 106.4741 106.7547 106.7697 106.8815 107.9474 108.1475 107.8832 107.1946 111.7028 111.6422 115.0192 113.1842 113.1859 116.2047 111.1020 109.3400 108.9762 112.9696 111.2670 117.3910 111.6991 112.2488 114.5951 115.2100
99.4700 98.3890 98.2288 98.6708 98.3916 98.8323 99.6495 99.8742 101.0780 101.5822 102.0873 102.6742 103.9863 104.7028 105.3789 104.6292 105.8159 106.0023 107.0277 107.7044 111.0717 108.1905 107.8538 107.2211 107.4887 111.3940 111.9693 115.9840 109.8439 108.7843 109.7084 109.4973 114.3359 114.4406 114.4081 113.3247 111.2956 112.3718 114.5364 114.8600
99.4700 99.7175 99.6349 99.5183 99.8523 100.1239 100.6891 100.9806 101.5496 102.2614 102.7593 103.2802 105.2161 104.9252 105.6924 105.0313 105.4875 106.6609 107.3907 107.5451 108.9181 108.0002 108.9876 107.6337 111.9535 108.7262 109.1516 108.7551 109.1232 114.1795 113.5979 112.9231 113.4363 115.9377 112.2034 114.6572 116.1215 111.7747 109.6217 110.4300
101.5000 100.8655 100.9176 100.9758 100.7261 101.0847 101.5240 101.9327 102.2720 102.7451 104.1613 106.6835 106.6656 105.1132 106.6477 105.1866 106.2244 107.1508 106.8530 107.2670 111.2661 106.7718 107.1898 110.0451 111.7002 115.2948 110.6659 109.1448 111.3266 114.4871 111.0004 116.3726 116.3636 116.4876 115.8332 115.0088 114.9034 117.4541 113.1538 110.4300
102.1000 101.8118 101.9354 101.7001 101.4980 101.4514 102.1501 102.6727 103.5436 104.3634 104.9028 107.6235 111.3272 105.0777 106.5611 105.6965 106.2253 107.3751 106.9377 107.4195 107.6304 109.1393 109.7123 110.3601 110.5014 112.3503 113.2793 110.5933 115.6288 114.6324 114.7547 114.2391 115.1157 115.5597 113.7836 111.9935 111.6482 113.4230 114.0976 109.0900
102.6500 102.6358 101.8470 102.1443 102.6631 103.0489 102.6320 105.8241 106.3626 105.3894 105.8011 104.2255 107.8152 103.6256 105.9394 105.6096 105.3593 108.3351 107.7474 106.6556 108.6526 111.6796 111.6886 108.4073 114.3666 113.8121 112.5469 111.8248 113.4803 115.2795 116.7689 115.2668 115.4168 116.3193 107.9894 107.1891 108.5948 109.3855 111.7760 110.2000
103.3600 103.0325 104.6597 105.7473 105.2809 104.0616 105.4465 104.9647 105.1569 104.6446 106.4317 104.8738 106.3897 108.4984 108.3106 106.9893 106.1454 107.8056 106.1970 107.1620 107.7236 109.2378 111.0791 111.1220 115.2163 111.5718 114.9021 111.6962 112.9924 115.8441 115.5766 116.4570 107.5596 114.8218 116.5660 115.1844 109.7334 109.7516 110.4956 110.6400
105.7900 105.5814 105.2464 104.9523 104.2445 104.9908 105.1640 106.1219 105.7975 105.8039 106.4706 105.3441 107.3330 106.7708 107.4632 107.5547 107.1595 104.7785 111.6837 108.0963 108.2340 108.0342 111.5914 112.8267 108.9965 108.6414 110.2635 112.0814 115.3635 114.5418 113.6211 115.1669 115.6087 115.2457 116.2713 113.9460 109.5337 110.2249 109.2596 113.9900
105.9500 106.4245 106.4282 109.8115 106.9095 105.3647 104.8753 105.8113 104.9990 110.1918 105.0555 105.7000 106.1253 105.9333 106.7679 106.7480 107.3897 112.8059 114.2085 110.0338 107.4385 108.0758 110.9285 115.6441 107.9348 110.0790 111.4765 109.3227 111.1534 116.2124 114.3628 115.2102 118.2348 118.1075 112.3393 109.9059 108.9577 108.8684 109.3587 115.5100
106.8400 107.3494 103.2179 106.6865 104.9145 104.7912 105.5731 106.3945 104.6568 107.5953 107.5105 108.9177 106.1770 106.6439 107.0941 106.6188 110.2401 108.0101 112.5731 111.1039 113.7339 113.6051 109.3075 114.3270 109.2520 107.7346 109.2214 108.7653 110.7856 115.9060 114.9609 113.9611 109.1128 111.8484 109.7784 110.7735 110.4609 110.2126 111.2706 109.7400
105.2400 105.1173 106.0123 105.5830 107.4510 104.9869 105.8357 106.2175 110.5125 106.6858 110.0364 111.1228 106.6368 106.6719 108.2992 106.8947 107.3862 112.9520 110.1953 110.6651 114.7238 113.9348 111.5459 113.0562 114.5546 108.6802 110.4965 110.1130 108.8742 113.3599 110.5171 112.7953 112.4916 111.6621 111.2395 109.4085 109.7694 109.5185 111.0171 109.5700
106.7900 105.1957 106.8206 108.3713 106.7447 106.4437 107.6013 105.6917 107.1223 107.9561 111.8163 107.7220 106.7839 107.6615 108.6027 108.0259 108.1482 108.0385 113.7297 112.6400 114.6264 115.7763 113.2385 116.4949 112.1294 114.0711 109.9970 110.4124 109.7530 112.5989 113.7689 110.0638 116.0657 115.2707 110.2128 110.9042 111.0781 109.5613 110.3009 109.7900
105.3900 107.2559 107.9209 106.5229 105.9598 107.4810 107.2236 106.7765 107.7129 107.4240 111.3080 107.0501 106.5074 107.8822 108.9764 109.0424 108.2646 107.3722 116.0801 112.6359 112.1675 114.3887 114.6523 117.8046 116.7271 111.7498 109.2083 111.4205 108.3643 109.6400 109.4579 110.1133 110.6275 113.5858 115.9428 110.8399 110.2915 110.8885 111.8989 110.1600
111.0100 107.4474 108.1969 107.5497 106.5933 107.8225 107.8263 107.9648 107.4034 108.0171 108.1985 107.5743 107.4015 108.1479 108.2900 107.6225 108.5819 107.9095 111.1397 113.6065 113.1035 112.2435 111.3941 116.7283 110.8364 110.2195 108.7218 108.2342 108.9338 108.4202 109.4468 110.7061 110.4673 110.8701 112.0283 109.7487 109.2199 111.1817 113.0463 110.1600
111.0100 106.9930 107.3430 107.7461 107.6690 108.3826 107.3292 108.3925 111.3011 107.9350 108.4379 108.2786 109.9246 110.2047 110.7596 108.2065 109.1659 109.5311 109.5744 109.3269 115.8754 115.1762 110.1978 115.0688 113.3977 112.9872 108.4708 109.1577 109.5671 108.5924 109.5283 109.0263 108.7565 110.8137 110.0131 110.6010 110.4689 112.4184 111.0665 112.1400
109.6900 107.3900 106.8515 108.3167 107.5741 108.4770 108.0190 108.6260 109.5451 107.6857 108.5874 108.8605 111.7347 114.5047 114.2355 108.9263 109.3225 109.5353 109.7556 110.5986 115.8498 116.9152 113.3181 111.5328 107.6426 106.9007 108.5516 110.6874 110.8445 110.9834 108.5862 109.4750 111.6194 110.1891 109.4612 109.8914 111.1255 110.7322 110.1866 110.5700
109.0000 109.1767 108.5403 108.3575 108.1022 108.3741 108.8815 108.7546 107.4686 108.0315 108.4747 107.7305 109.4755 113.6944 113.4755 111.1921 111.6223 109.3952 110.2281 111.1020 110.8748 114.5583 116.4647 113.1391 111.6020 109.1593 108.3267 110.3511 111.9822 112.6673 112.7649 108.4968 109.7332 111.2154 111.2849 109.3790 111.6995 111.2438 111.6397 111.2500
107.9000 103.3451 108.8896 108.0649 107.6950 106.9811 107.5382 108.8284 107.9119 108.0144 108.6904 108.2708 110.9488 110.5196 111.1003 114.2544 113.9033 109.5678 110.1951 109.8280 113.3833 114.4373 114.9599 115.5685 116.1267 112.0401 116.5895 113.6975 111.3630 109.4638 113.4858 110.1365 110.6596 111.7258 111.6474 111.4814 110.3978 111.4151 111.2517 115.2900
107.8300 109.4934 109.1059 109.3928 109.8876 103.6591 107.8882 109.2037 109.1509 108.3714 109.7753 109.4431 111.5479 115.8398 112.7448 111.2874 112.9157 110.4055 109.7924 114.3124 116.1653 114.2967 115.2764 114.7925 114.2753 112.1110 116.7062 111.4570 115.0463 113.5194 111.6798 110.2539 111.0253 112.5818 110.3665 110.8982 111.6318 111.4227 110.8240 114.3700
105.2300 105.6600 105.6400 108.4100 109.6500 109.5100 108.7400 109.8000 109.7500 108.8400 109.4400 109.8600 109.8600 115.2600 112.7200 112.7200 112.8600 113.0500 114.0000 109.1500 110.5700 110.0100 109.2300 109.2300 108.9700 108.6200 108.6200 109.4900 110.4800 111.0700 111.1500 111.0100 112.6600 112.4700 109.5600 109.4300 109.2200 110.4500 109.5000 112.1200
