112.2500 110.4100 109.8700 110.9100 111.1300 111.1300 109.5100 110.2500 108.5700 112.6200 108.9000 111.1300 111.1300 109.7200 112.4500 115.6200 115.7100 115.7500 111.9000 111.9400 116.0000 115.7000 115.7100 115.7100 115.2700 114.9000 113.3700 114.8300 114.5000 112.4000 116.4200 116.2200 115.7600 113.4500 115.0900 114.9300 114.7100 114.4600 114.2700 114.0800
109.9600 110.8428 111.0717 109.2224 110.9629 112.7659 111.0357 114.4897 110.6145 111.2897 109.0261 108.8628 110.1410 111.1761 110.4954 111.9405 109.8691 109.0914 111.4111 114.4897 114.1166 113.8532 110.7167 115.0378 115.7573 110.9913 112.3253 114.9569 115.9772 111.4408 117.5187 116.3340 116.0929 114.9896 112.2467 115.5513 115.6230 116.6391 114.6709 114.3600
111.4000 111.7550 112.8172 109.6768 109.2737 112.7212 116.8455 114.3285 111.7826 110.3030 109.0572 108.3711 108.5599 111.2658 113.5778 110.6604 109.7503 110.2899 119.2056 114.1623 116.1555 114.7079 111.8547 112.8928 114.0356 108.3921 109.4696 111.5908 110.9205 116.5976 114.2530 116.2465 115.5707 113.9120 112.0223 114.6565 114.1707 115.4606 114.3483 114.4600
112.8000 111.5226 111.7598 113.1025 110.3292 112.5884 114.4883 111.0370 110.7425 110.5887 110.8697 107.8253 115.9503 109.3340 111.8958 109.2039 111.4684 113.8891 117.1801 109.8164 115.3988 114.7788 109.9157 113.6107 113.1264 109.2221 110.6435 111.5264 108.6674 110.8281 115.7773 115.7967 117.0663 114.5186 111.8783 111.0773 111.1133 110.8633 111.5024 114.8500
116.8300 109.5504 115.4681 110.6835 110.2749 109.8909 113.4470 111.4664 112.3163 113.6868 110.7396 109.0742 111.0439 109.5736 110.4135 108.0829 111.7356 115.9456 115.7957 110.9358 112.5285 113.8947 109.8313 112.1599 108.9373 109.7671 114.2557 114.4631 111.1192 113.4395 113.3070 113.6642 114.5774 112.7502 109.6262 110.8451 113.2007 113.0788 111.6511 114.8500
114.7100 108.9846 112.6676 115.5208 109.4388 107.6147 114.1612 112.6977 116.5578 113.8662 112.7004 110.4821 108.8328 109.3760 108.9313 109.4487 112.3690 113.0430 113.9775 110.7207 109.8745 109.2889 110.0007 111.7948 109.9038 110.0110 110.7076 114.6432 114.3912 108.7369 110.0321 115.7588 111.0273 110.4473 112.6010 117.5029 114.6764 112.3047 112.6911 113.3300
111.7300 109.5901 112.0135 111.6456 109.7559 109.1823 113.0401 110.6500 113.5953 115.1897 113.6630 112.3507 109.3751 110.0572 110.8175 110.1921 114.6937 112.4009 113.5575 110.0649 108.8085 109.4008 109.6654 109.8057 110.9260 113.2822 110.8058 111.1338 110.4548 109.6932 109.1587 111.0173 109.4943 109.5857 113.4365 116.6265 116.8956 111.9335 112.9337 112.1000
115.0200 109.4629 111.3831 109.8310 109.2045 110.5032 112.5874 112.2219 113.2404 115.5066 111.4370 111.1563 108.9825 110.0891 110.1964 110.1121 110.0392 112.1000 110.0767 109.8047 109.2931 109.3760 110.0281 109.2998 115.4654 111.9226 109.6458 111.0289 108.8745 110.6881 109.9170 108.7980 109.4395 109.2228 112.7585 115.4616 114.1164 110.4946 110.8378 112.1000
114.0300 112.7429 109.8876 109.6229 109.8839 108.7683 114.2698 109.9411 110.4027 111.4856 114.8337 110.1626 109.5816 109.9562 109.4391 109.6186 109.9884 109.9428 110.0810 110.7898 109.8604 109.2891 107.7100 108.9641 111.9489 109.3680 108.8054 108.9850 109.9171 110.8546 111.1069 108.7491 108.7629 109.2004 111.1585 113.0672 110.1996 109.4337 109.3415 110.0200
111.8600 108.9229 109.5662 109.7087 109.3660 108.7695 112.5464 109.0215 110.4599 109.5445 113.2550 109.4642 109.4119 109.5342 109.4224 109.8690 109.8760 109.9339 109.6290 110.2465 110.0955 109.2668 107.8973 108.6016 108.1781 110.0344 115.5938 110.4596 108.5957 108.9750 111.1877 108.7451 109.2753 110.1309 109.3661 111.6803 111.3480 109.2360 109.2498 109.2600
114.0700 109.3165 109.5076 109.4668 109.4765 109.2114 108.9974 108.9867 109.3990 109.7391 110.2677 109.1125 109.5357 109.5722 109.2502 109.2169 109.5666 109.4021 111.5718 110.9318 111.2916 115.5041 112.4543 111.4514 110.0713 112.2118 116.4886 110.5974 108.9997 111.5157 109.6718 109.2893 110.9818 108.6300 110.8549 110.3853 111.4042 112.6114 112.7029 111.2100
114.6400 109.0655 109.2260 108.4128 109.2434 108.9696 109.2192 108.9513 109.0574 108.3832 108.4256 108.9089 109.5831 109.4886 109.1895 108.9038 108.6647 108.7131 109.7269 109.9390 113.8186 114.0722 115.0330 114.8629 107.8388 111.4121 117.7266 114.0924 111.0129 110.3316 112.1433 109.6784 110.7894 109.9204 111.0019 110.6527 109.3178 110.0451 109.1355 109.2700
109.1600 109.2169 107.4347 108.2851 108.8713 107.8872 107.6969 107.7257 108.6634 108.8353 108.8164 108.0313 108.4696 109.0147 108.9961 109.3726 109.4408 108.4357 109.3366 109.5294 110.8562 113.7695 114.0349 115.5887 112.5773 108.9902 107.8787 114.6528 116.4092 110.1815 110.0325 108.9098 109.1731 109.9798 111.1210 110.4845 112.0140 110.6424 112.0101 111.2200
107.7700 108.1408 107.4932 108.0655 108.0031 107.9982 107.9588 108.2713 108.2727 108.4904 108.4791 108.2943 107.2510 108.9607 108.5969 108.8894 108.6447 109.1105 109.0693 109.1063 114.4042 115.0162 108.8747 113.3600 113.2239 110.4866 112.1987 112.6528 108.2154 111.1296 111.2799 109.7667 108.8952 109.0689 111.1631 108.8796 111.8512 116.5875 114.9687 112.5100
108.5800 107.7459 108.7940 107.2138 107.6328 107.7191 107.7702 107.8769 107.3283 107.0278 108.0615 107.8190 107.8350 108.6566 108.4597 108.4523 108.2015 108.9066 108.7554 112.5084 114.5602 114.7807 112.9545 112.7964 108.8050 112.0882 116.4569 113.3163 108.9157 111.2646 109.4998 109.6969 109.1134 108.5751 109.8043 109.4409 112.8415 115.1954 114.7812 112.5100
108.4900 107.4132 108.4330 107.8777 107.5493 107.9159 107.3080 107.3374 107.0242 108.4739 107.8081 107.0879 107.9424 108.6108 108.3555 108.8705 108.1357 107.7077 107.5366 113.2441 111.0791 109.8771 109.6072 111.2731 109.8175 115.4810 115.3977 115.2567 109.3895 110.6529 112.5961 108.6634 111.2171 108.5085 108.9667 110.3372 113.0516 111.5585 110.7851 112.9400
107.3500 107.2751 107.3876 107.6649 107.3403 107.8043 107.8884 106.4138 107.2477 107.2797 107.0662 107.4593 107.5981 106.9705 107.9196 108.5253 108.7364 107.8007 107.0696 113.1938 108.4506 109.1911 109.0193 109.4758 112.7587 110.2191 111.5207 111.5093 112.6785 110.3329 111.7113 111.0607 108.2715 110.6995 109.0933 110.2371 111.4267 111.4997 109.1758 110.5600
107.4600 107.6263 106.0340 106.7919 107.6414 107.7231 107.8913 106.1516 106.2598 107.5782 107.7671 107.3631 107.1090 106.6946 108.4024 107.8663 108.5006 108.4374 107.8533 109.5935 109.0912 108.1527 109.4304 111.1373 111.1022 108.7895 109.2610 110.2244 112.2606 111.6083 110.0296 110.9651 108.9147 108.7766 109.5815 114.4359 109.0822 116.0143 110.4343 112.3200
106.4200 107.4431 107.1192 105.5333 107.3437 107.1208 105.9609 106.3133 107.2361 107.4543 106.5658 106.9236 106.3671 106.5132 107.8113 108.0695 106.8867 111.1878 110.6813 107.9670 108.3918 108.8483 109.4044 109.4801 108.8775 109.0497 109.4912 109.7004 111.7535 111.1392 110.2942 109.2908 109.2583 111.5226 113.3427 113.6914 113.5368 110.8911 108.6043 111.3600
107.3000 106.6568 106.7409 106.7119 107.0850 106.0143 105.9954 106.9479 107.0430 106.6632 105.2410 107.5155 107.2669 106.1817 107.7642 108.1042 108.5170 107.2629 108.3674 107.9976 106.9224 108.8899 108.4852 108.2054 108.5516 108.5901 109.7542 109.8136 111.3546 109.3133 109.9761 110.0048 110.2923 113.0822 114.4160 115.5567 116.8898 116.8435 113.2809 112.7800
106.8500 104.9754 106.7140 105.5112 105.5321 105.2292 105.8221 105.0342 106.0401 106.1865 106.3324 107.2497 106.1788 105.4432 107.1880 106.3888 109.0455 107.2133 107.6821 107.2174 107.4899 107.8307 108.2746 108.9776 109.4326 108.2554 109.4249 109.7410 109.7744 109.2816 108.6485 109.3151 109.6619 112.5661 116.5849 115.1104 110.1233 110.6567 112.3747 109.2700
106.6300 105.4848 105.4876 105.2851 104.7558 104.4486 104.4296 106.0672 105.5575 106.2267 106.6761 106.6495 106.6627 105.8020 106.6973 106.0880 105.5208 107.1656 107.8381 108.1302 108.2829 108.6738 109.1070 108.8576 108.9397 108.9806 108.7410 109.6922 109.4367 114.8245 115.1880 110.9135 113.2013 113.0314 114.3895 112.3528 114.2805 116.5106 109.9572 108.9600
104.9700 105.5331 103.9511 104.8594 104.4980 103.5909 104.3596 106.9061 104.3233 105.1317 105.0271 105.4041 104.9301 105.8154 105.8325 106.0883 106.8705 107.6949 107.5559 106.7112 107.1667 107.7471 108.7754 108.9720 108.6219 108.5155 109.0531 109.3716 109.6886 112.2006 113.1692 115.5248 114.2782 112.7129 110.7244 113.5249 117.3363 116.7802 110.8523 109.8900
103.4600 103.1007 103.0379 103.1572 102.6134 102.1631 102.6430 102.5153 103.1375 104.3461 105.0252 104.1618 105.6526 106.8643 105.6116 105.7075 105.9053 107.5102 106.7305 106.7586 106.7325 107.4154 107.5792 108.4265 107.7803 109.2089 109.2501 111.4195 109.8300 110.8983 110.7377 110.1899 115.2577 117.2236 112.5550 115.9033 112.4304 114.9923 114.0566 109.0500
103.0000 102.6451 102.3956 102.0920 102.2175 101.5709 101.7683 102.1167 102.2435 102.0494 103.1066 103.2350 103.6208 105.0678 104.5385 105.3981 105.4397 106.6687 107.3147 106.9379 107.2275 108.0134 107.1436 108.1878 107.6684 108.3762 108.5906 111.4561 111.2442 111.4416 116.3387 112.0155 116.5440 113.2497 111.7880 113.7057 111.6464 114.9037 111.7299 109.7100
102.5000 102.1131 101.4160 101.5702 101.5543 101.3147 101.2264 101.2545 101.7202 101.8197 102.0988 102.6672 103.2729 103.3862 104.0345 106.4156 106.6712 106.8675 107.6572 106.9730 107.9005 108.2343 108.5067 107.8753 107.1930 110.1340 108.8575 113.2868 111.5482 108.2885 114.8576 113.2050 116.0628 112.8478 114.5419 112.0268 112.6632 116.4171 112.2314 117.2300
101.7800 101.3476 100.8927 100.7126 100.9949 99.8504 99.9483 100.1172 100.2693 101.3305 101.3833 101.9266 102.5091 102.9373 103.1927 104.3247 104.9868 104.8230 106.3161 106.6858 107.2346 106.6163 107.2180 107.0598 107.7164 113.0186 110.5638 113.8626 108.5405 110.6158 115.4636 115.1632 111.6242 115.2820 116.9467 110.1034 112.4708 109.0556 113.2893 117.2300
100.4000 100.7655 100.0683 98.1430 99.8960 99.4460 98.9104 99.3770 99.0002 100.4125 100.6159 101.4150 101.9887 102.4818 102.9429 103.4709 103.7990 105.7192 105.8705 107.2610 107.3778 107.0089 105.9839 106.8963 108.9395 109.7955 106.9626 110.4699 111.6677 107.7603 115.5621 112.0510 109.3858 111.0309 115.4850 113.7714 109.0957 110.7084 110.4561 109.5400
100.1800 99.9674 98.7705 97.6226 99.2697 97.9893 97.3965 97.8646 98.3384 99.1012 100.1082 100.7391 101.2299 101.9014 102.5827 103.3734 103.5455 105.7294 104.7266 105.8002 106.0634 106.7211 107.3659 108.9476 111.3008 109.3335 108.5097 112.0998 110.8435 108.3528 109.8303 109.5456 109.2429 110.7436 113.2967 115.0637 115.0656 109.6824 114.8250 109.2400
99.8900 99.2052 98.3291 97.4864 96.6364 95.4524 95.8241 95.7644 96.2939 97.6683 98.9884 99.8409 100.6129 101.0905 102.1297 103.0643 103.2978 103.8335 104.5644 105.5201 105.5947 107.9181 107.4137 106.9026 107.7165 113.1316 107.8472 112.5915 108.4417 109.0612 111.1198 113.4247 113.7261 109.5123 113.2236 116.7077 113.9591 110.3741 112.9202 113.7400
97.6400 97.3330 96.2148 94.9484 94.7764 93.4307 92.9819 94.6773 95.9377 97.2501 97.5849 98.5245 99.6750 100.4767 101.5397 102.6554 102.9868 103.5668 104.2055 105.4951 106.8559 108.2415 112.0165 106.8391 107.5951 108.4447 110.6202 108.8993 109.1034 109.2394 109.7463 112.9203 113.8766 109.4032 113.6082 115.6616 112.8131 114.5477 115.8219 116.0800
96.6400 95.3687 94.2510 92.3289 91.3586 91.0450 91.7164 93.4905 94.9734 96.6037 96.4617 97.7392 98.8636 99.7705 101.5479 102.0318 102.4510 103.3400 103.7850 105.7203 104.8431 105.0653 106.7214 106.4831 106.5011 107.9755 109.2507 108.6823 108.8903 109.0532 109.0491 109.0794 109.2839 109.8335 112.8439 113.9708 110.6749 112.3915 113.4540 113.6700
94.6800 93.9404 91.8358 89.6277 88.0993 87.3483 88.4287 90.1696 92.1108 93.8496 95.7335 96.7115 98.5175 99.6585 100.8831 101.5157 102.2571 102.9249 103.5776 104.1256 105.2335 105.4459 107.1123 106.8538 106.8012 107.7570 108.1992 108.7492 110.5150 109.4084 113.0895 111.4723 111.0436 112.8959 113.7746 111.3086 110.3390 107.7029 108.0716 108.2800
94.3200 92.4120 89.7796 86.1446 83.6964 82.6794 84.3351 86.9129 90.3425 92.0818 94.0534 96.0857 97.4565 99.2180 100.0778 101.7474 102.2370 102.9373 103.6253 104.1852 105.7072 105.7707 106.8202 106.3011 106.7565 107.1168 110.4067 110.2030 111.3704 111.1241 113.8698 115.6709 111.6949 116.3043 114.9934 113.6316 116.6208 109.5202 109.1957 108.6300
91.6300 90.3277 86.7657 82.3537 76.6894 73.6647 77.5784 83.0492 87.5214 90.3914 93.0298 94.7948 96.5925 98.5077 99.4201 101.4410 101.8922 102.8954 103.5027 103.8007 105.3546 106.4025 105.9946 107.3695 107.6682 107.4373 109.7527 108.2379 108.4593 108.5182 112.6559 111.8192 111.8808 116.4615 115.6869 113.6088 115.1219 114.6025 113.7618 113.0400
92.7400 89.5392 83.8974 78.2453 67.4814 63.7727 69.1515 79.2883 84.6380 88.6184 92.1929 94.2124 96.1632 98.3949 99.8039 100.9588 101.5722 102.6982 103.3780 103.8369 106.3753 106.4907 106.8064 107.2751 106.9290 106.6405 107.6912 108.7528 108.7985 113.4880 113.6490 111.2221 112.9987 111.5029 115.0284 113.6598 112.4198 115.4660 113.5649 110.1100
92.6900 89.3437 83.2226 75.7559 63.8280 60.5950 65.6122 77.4667 83.9396 88.1482 91.5663 94.1954 95.9075 98.4218 99.7952 100.8212 101.4666 102.6836 103.3696 103.8412 106.3631 106.5223 107.3772 107.1111 106.5119 107.2978 108.3213 107.9721 108.1406 112.8771 109.6049 110.1919 111.8406 113.4073 116.3492 115.7297 115.8831 109.7594 112.1444 110.1100
92.4600 89.1017 83.9841 77.8836 69.7093 67.3681 71.1654 78.9202 84.8815 88.9626 91.9880 94.8593 96.2676 98.7151 100.1854 101.0933 101.9445 102.6717 103.3833 103.8276 106.4870 106.3746 106.9754 106.6786 105.3864 106.3559 109.3991 114.5206 112.9840 114.5137 112.8329 114.1659 114.4756 114.2368 113.0987 113.0211 112.7127 113.2250 113.6271 112.9500
93.5400 89.9334 85.1243 81.9535 77.3496 75.8160 77.6603 82.3822 87.6269 90.4578 93.5676 95.2970 96.9685 98.4610 99.9293 101.2279 102.2596 102.8985 103.5459 103.8499 106.8990 106.1890 105.6330 106.4764 106.7192 109.2668 109.7254 110.5461 114.0505 114.4290 113.4516 112.0038 114.7416 115.3557 110.5705 116.7847 111.1236 110.2068 109.9644 109.1200
93.5400 91.5400 88.2000 88.2000 80.4300 80.8400 84.7600 84.2100 90.1200 92.0000 94.1300 95.6900 97.9300 98.7500 100.1300 101.2400 102.4900 102.9800 103.3500 104.2700 105.4900 106.1200 107.3700 106.7300 106.5200 108.0300 107.6600 108.0600 109.0600 114.6300 114.6300 112.8600 115.1900 113.1400 114.8300 113.8200 114.0700 115.2500 110.0600 109.1800
