116.8300 113.2400 113.4600 113.2700 107.4400 110.0700 111.7000 108.5800 114.0500 112.9700 112.3200 114.6500 114.2700 115.4900 115.5000 116.3700 113.1000 117.0100 115.0300 116.7400 114.9000 115.0700 113.9700 117.8600 116.3200 116.6300 117.5200 117.5200 116.6600 119.0000 117.7500 116.8400 117.2600 117.2000 116.5200 116.2200 115.9800 115.5600 115.1500 115.1500
116.8300 113.7876 110.1066 108.1216 108.2615 115.1899 109.5135 108.8813 110.5845 110.2662 111.1604 111.8237 113.0035 110.1460 109.3277 115.7702 112.8345 116.0403 116.5759 116.8532 112.9264 115.0028 115.2087 116.3128 116.4005 118.5854 117.1520 114.0196 117.8777 118.9565 117.6298 115.7001 117.8223 117.6265 117.1467 116.8005 116.8748 117.9693 115.4767 115.1500
112.5600 114.4148 113.1487 114.4574 107.6923 108.8075 108.1019 108.5205 109.0787 109.8605 109.3287 111.0320 113.1472 108.9903 109.4589 109.2896 115.4253 116.1297 117.7545 115.9503 110.5683 113.3954 112.5513 112.4074 116.9774 116.3094 118.3801 119.4604 118.1817 118.6006 117.3123 116.8827 114.1432 117.6292 118.0645 117.9453 117.3541 116.4386 115.8540 115.7700
111.0900 114.1541 113.7103 111.1136 110.3699 110.5260 108.6076 108.4418 108.7907 115.1513 114.7522 112.3796 108.4566 111.7460 110.5825 111.2506 112.1788 114.6513 116.3390 110.9514 108.8359 113.2750 110.3275 107.8968 113.7581 111.9588 113.7541 118.1818 117.4120 117.3226 117.0687 117.1935 116.4365 116.2827 116.9398 119.3249 116.1050 115.6616 116.5792 116.6200
113.4600 114.0184 114.8701 112.6981 110.6585 107.8533 112.6444 109.2682 111.5218 111.2371 116.7616 112.2251 115.9801 113.6049 110.5083 113.0443 110.5205 112.4410 116.1674 109.2547 108.9417 113.0737 109.2607 107.4742 111.9291 114.2421 111.1108 115.6558 115.1946 115.9785 118.2182 114.8109 113.9582 113.6090 108.5491 110.6247 112.4193 112.9342 117.4689 116.6200
110.3200 108.5774 114.5111 108.5102 111.6745 111.2457 108.9690 112.3993 108.8077 107.8943 109.2496 109.5748 114.4776 111.0864 109.1237 110.9236 112.8831 113.4541 115.3348 108.4692 108.9332 108.4865 107.8710 112.0363 113.4042 111.7604 109.4343 116.1176 114.9271 116.3444 117.8294 111.8288 113.6424 114.9921 109.8951 111.6563 117.3360 117.7779 115.3408 117.0900
107.6200 107.0497 113.7985 111.0210 109.0992 111.2441 115.0504 114.3344 107.2741 108.9635 108.6991 110.9787 112.1910 106.7007 107.0381 107.5147 108.7468 113.7402 108.9999 107.9806 108.3849 107.9741 107.6563 112.3924 111.7029 114.2984 107.1811 108.3333 108.1785 114.9146 117.9097 108.8470 113.8610 114.9502 117.8781 113.7498 113.9329 119.5135 116.7323 117.0900
112.1500 110.4140 113.2638 109.5606 108.0478 109.4412 115.2177 115.3322 109.1559 107.2579 114.8251 112.8833 110.1985 106.8053 108.0475 107.6260 107.6956 106.6951 106.9288 107.3672 107.3439 112.1394 112.9064 115.1793 113.1241 114.9693 109.9812 108.4376 108.5454 110.2351 110.3633 113.1472 115.7540 117.4824 117.4761 113.9644 116.1532 117.4234 118.7174 115.1500
110.0600 111.7839 114.4080 114.3629 108.6063 110.9155 114.3753 114.5268 110.8101 108.4710 109.6079 109.9233 111.0580 110.3386 109.8048 106.8727 107.6901 106.2682 106.8729 106.0558 108.1691 107.5665 115.1346 111.9579 115.0309 110.2214 108.1124 110.4151 110.0822 110.0450 109.5084 113.6963 117.0244 117.1189 115.1892 110.4412 114.6347 114.5161 117.3187 117.9400
110.4600 112.6648 109.2940 113.4277 109.9468 111.6598 110.8384 110.6752 111.8779 107.6870 107.9481 107.5755 106.7544 109.2097 107.7293 109.1759 107.2513 109.7179 108.6576 105.6713 106.7936 107.5416 113.6519 109.3800 112.5469 111.9860 110.7022 112.6344 110.7108 110.0637 109.1905 114.1686 116.5848 117.0685 116.2922 108.5409 108.9779 112.4909 117.3854 118.1700
108.4900 112.4095 111.5228 107.4613 108.4667 110.5933 113.0621 114.4525 107.6894 106.8415 106.7053 107.7592 107.0672 106.8391 106.8232 108.6605 106.5654 113.2408 111.5153 108.3106 113.3732 111.6227 113.2653 109.0295 108.1443 106.9198 112.4677 108.4963 111.8649 109.3926 108.3003 111.9394 109.8532 113.9914 111.5864 108.1760 109.0919 109.0448 115.1560 116.5800
108.7900 108.2892 108.5995 107.4781 107.5883 109.0352 112.3714 115.7254 106.5977 107.0012 106.3524 106.8622 108.1850 107.5953 107.0726 106.8001 107.1320 111.0087 109.0018 109.6582 106.7746 110.7933 110.1127 106.2931 108.0153 107.9748 108.7748 108.9968 115.0005 112.6414 112.3767 109.5506 112.2045 113.8963 111.5746 109.3879 110.2843 111.2512 115.5906 118.0600
108.5500 108.0763 107.9639 108.5350 111.7855 107.3295 107.2279 108.0197 105.2494 106.2628 107.4367 106.5798 106.7072 106.3064 106.6455 106.5089 105.7074 105.6201 106.9822 106.2107 106.2712 106.8377 106.7926 106.2993 107.6051 108.9796 107.5441 109.9521 112.7712 112.9430 111.4755 107.5470 111.5538 112.7443 111.4810 114.4818 112.8761 113.0684 110.9848 111.6400
108.0100 107.6124 107.8806 106.5289 107.0682 107.3416 107.0877 105.8839 106.3517 107.2587 106.9510 107.0925 105.6489 106.6641 106.3946 106.5501 105.5028 105.9106 105.2409 107.3255 106.3583 105.5269 107.1040 107.0799 107.4678 106.7962 110.2741 108.0122 109.6661 113.1026 111.9309 107.7396 112.3717 112.3807 111.8482 112.3055 109.2662 113.4566 112.8694 115.4400
107.1200 106.8673 107.3968 106.6677 106.2317 106.0379 106.9986 106.2115 105.0177 106.3381 106.5927 105.6523 105.1464 106.1012 105.9780 106.1134 105.4230 106.7127 105.4785 110.4421 106.6971 105.4522 106.4057 106.1382 106.8771 105.7478 110.6986 107.7876 107.9685 109.5990 110.8364 107.4797 106.5993 106.7516 112.9964 110.1901 110.3665 111.2069 108.7845 115.3300
106.5100 106.9539 107.3738 106.9395 107.4701 105.4276 106.4794 105.6572 105.7719 109.7982 105.0914 105.2771 104.5975 104.1590 103.9647 105.5603 105.4727 105.7163 105.4181 105.2813 106.4202 105.6491 106.8694 106.1522 106.3492 106.1883 107.0085 107.1460 107.6264 107.9154 110.4125 108.3713 107.5029 108.8518 113.3857 112.0888 111.8640 111.5766 111.5866 115.3300
105.8600 106.9364 107.7262 105.8750 106.9846 106.2114 104.9234 105.4146 104.7372 110.8849 104.2184 103.4982 105.2610 103.6372 103.5784 104.2724 105.5200 106.0802 105.7513 105.7956 105.8609 104.7949 106.4777 106.0861 107.1883 106.2741 105.8881 107.0373 107.3591 108.1380 107.6256 107.4252 109.8712 107.9020 111.3778 112.7004 108.5581 113.9161 114.3152 109.9700
105.8600 105.5624 107.1163 105.2347 106.6834 105.8167 105.1675 104.9860 104.4361 105.1350 105.3291 104.8480 103.1186 102.8947 102.9487 103.3249 103.5242 104.0464 104.9945 104.9451 105.0287 105.0843 106.0371 106.3304 105.9964 105.3812 106.7854 106.3227 107.7158 107.9069 108.8379 110.8805 108.7062 108.3358 108.3669 110.0340 110.7747 110.5365 113.6661 108.6200
106.0800 105.6912 106.6902 106.2274 106.4364 105.7668 105.6570 104.4409 103.2798 102.9162 102.4273 102.1947 101.9047 101.9845 101.9525 102.1928 102.4421 102.2823 102.7282 103.1514 104.1984 106.0654 104.4431 105.8323 106.5218 106.6456 105.9338 106.7019 106.3360 108.3760 107.6393 108.8935 111.1321 108.2759 108.8521 109.1096 108.7103 108.8122 109.2676 108.3700
107.0600 106.5649 106.1344 106.1164 106.2730 105.0458 104.8429 102.8849 102.4980 102.1816 101.9333 101.5639 101.5476 100.7326 100.7961 101.6691 101.5883 101.9710 102.0789 102.4036 102.5993 103.6000 103.4038 104.7944 105.4382 104.9106 105.7020 105.9540 110.1696 106.1640 107.9523 107.0048 108.2531 107.7938 107.5958 107.6870 107.8532 114.2347 106.4023 110.0800
105.6600 106.8061 105.8553 104.2278 105.2573 103.7977 102.5840 102.4418 101.9578 101.4645 101.1327 100.8984 100.2756 100.2860 100.2945 100.6202 100.4405 100.8292 101.5566 101.5079 102.0357 102.6093 103.3493 103.7146 105.9125 104.5646 105.3403 105.0850 107.8253 111.9258 107.7500 108.0271 107.6428 108.1673 107.2958 112.8059 113.2662 115.4398 110.6892 110.1400
105.3800 105.3715 104.4626 105.8608 104.8932 102.4724 102.3565 101.6689 101.2202 100.6733 99.9148 99.7252 99.1631 98.8362 98.7672 99.4063 99.6093 100.3471 100.4817 100.8757 101.3464 101.9561 102.8405 103.1258 104.6709 106.2556 106.8702 106.7767 106.9608 107.1726 107.0114 106.5513 107.8693 107.3598 108.7605 110.9839 113.3694 115.2046 109.5508 113.2900
104.9000 105.1582 105.4509 105.8990 103.9297 102.3526 101.6683 101.1111 100.3775 99.4628 98.7290 98.5109 98.1654 97.4000 97.2318 98.0205 98.8169 99.6347 99.7434 100.3314 100.7287 101.4477 102.1470 102.7056 105.0654 105.6527 105.8259 106.5842 105.6344 107.2767 107.1001 107.1382 107.1942 107.1202 107.0987 107.6800 111.2071 106.9223 109.6676 111.6900
104.9100 104.7006 105.4338 103.0870 101.0767 101.6223 101.1533 100.3745 99.0717 97.4128 97.3615 97.3519 96.1164 95.9925 95.7945 96.0549 96.9809 98.0971 98.9743 99.8025 100.0444 100.9639 101.5974 102.2816 102.6645 105.3556 105.5363 106.3511 105.9231 106.2899 106.2287 106.2540 107.0031 106.8164 107.5449 107.8623 108.6291 109.1657 109.3663 108.2200
104.1600 105.1645 105.5313 102.6256 101.8960 100.8100 100.4668 99.3140 97.7838 96.8189 95.2419 96.7486 93.6143 92.4730 92.7296 93.1852 95.4322 96.8920 97.8847 98.9618 99.1378 100.2993 101.0680 102.1402 102.7608 104.2623 105.8299 105.6693 106.6510 108.0715 106.2418 106.7686 106.7767 108.3572 107.3913 108.8287 108.1964 108.9004 111.6130 111.0000
105.5000 105.8830 104.2956 102.3768 101.9737 100.7050 99.3992 98.7345 97.0554 95.7584 94.1154 93.3981 91.0715 89.2904 90.2129 91.2595 93.1563 94.8914 96.8385 97.7963 98.8132 99.8981 100.9941 101.6220 102.5237 103.0695 104.9394 104.8071 108.0405 112.3661 106.8955 106.7618 107.0397 107.2316 107.1809 108.5792 109.1617 108.9027 109.7052 114.1600
105.1600 104.5282 103.2088 102.5434 101.5960 100.3491 99.0904 97.9520 96.5565 94.6679 92.3625 90.1532 87.2947 84.7799 84.5173 86.5344 90.9534 93.1869 94.2866 96.6054 98.2789 99.2519 100.7383 101.1804 101.9501 102.6983 103.7847 105.3948 107.8564 107.4492 105.9985 106.0668 106.6733 107.2662 110.1834 109.1587 108.6685 108.2381 109.7189 108.3700
105.6300 103.4059 102.7420 101.9743 101.6277 99.9024 98.2017 96.8169 96.0452 93.1361 90.9766 87.2985 83.4865 79.4413 79.3375 81.2516 85.8861 88.6017 92.6926 96.0276 97.6774 98.8440 99.9559 101.1077 101.9298 102.5487 103.5677 105.7834 104.4216 105.7799 105.4069 106.2507 107.3125 106.8361 108.6336 108.4371 108.1550 107.7161 108.5686 108.6800
105.9900 103.6633 102.8162 101.3297 101.7301 100.3322 98.7273 97.2418 95.4911 93.4810 89.8116 84.2792 78.8696 72.7395 70.7695 77.2211 86.0533 90.2554 92.0609 95.6598 96.7437 98.5429 99.6327 100.8860 101.5756 102.3767 103.3538 105.7092 104.9609 106.4276 106.0969 106.9968 107.6563 107.4689 108.2629 108.5630 108.3845 108.3971 107.5487 107.6200
99.6700 101.7517 103.0499 102.1183 101.3918 99.9416 98.4735 96.0024 94.3606 92.8557 88.9519 83.5805 73.4498 61.6378 61.7567 71.7006 83.7929 86.6987 91.3340 95.4640 96.5652 98.3980 99.7448 100.9702 101.7506 102.3973 103.1522 104.0602 104.1713 106.1748 107.3627 106.5888 107.4121 106.5727 108.1688 109.2011 110.1628 107.4905 108.8600 110.2100
99.6700 101.8010 103.0864 102.3040 101.4065 99.9405 98.6079 96.1222 94.4981 92.9687 89.1845 83.9964 74.3853 65.0566 64.4074 74.3212 83.6632 87.1073 91.5570 95.4430 96.5876 98.4345 99.8170 100.9861 101.7766 102.4465 103.1964 104.1732 104.2837 105.8156 107.2723 106.1869 107.2516 106.5534 108.0656 108.9630 109.4572 111.6075 106.7493 107.0500
104.2100 103.7987 103.0666 102.4633 101.2776 99.7566 98.6709 97.9793 96.5447 91.5603 89.8413 85.6428 80.4436 76.8615 75.2648 83.8332 84.0382 89.1361 92.6668 95.2153 96.7684 98.7488 100.3110 101.1285 102.1237 102.7313 103.4109 105.0848 105.0453 105.8697 107.0167 106.6036 106.3056 106.6021 107.4523 109.3823 107.3928 107.3874 107.7154 107.7200
105.9600 103.5777 103.1159 102.4635 101.6509 100.8485 100.1792 99.0479 97.7768 94.5314 92.2862 88.2807 85.1448 87.4080 86.5743 87.7204 87.0821 91.8225 94.0424 96.2566 97.9210 99.3893 100.5264 101.3266 102.0398 102.6950 103.7308 104.4700 105.0472 106.8185 105.8127 106.1037 107.0869 106.5793 106.7732 112.5036 107.9236 109.9776 107.9154 107.5900
106.1600 103.9813 103.3207 102.6597 101.9610 101.2496 100.4398 99.4959 98.0340 96.6436 94.1658 92.3788 89.8145 90.3879 89.4129 89.1282 90.9317 93.0114 95.6889 97.3429 98.7846 99.8333 100.8322 101.6679 102.3946 103.0448 103.4640 104.3355 105.1913 106.2475 106.5912 106.5962 106.6321 109.7965 110.0055 113.7141 107.1810 107.0003 107.4673 108.1200
106.5300 104.1741 103.5986 102.9665 102.3579 101.6625 100.9256 100.2450 98.7297 97.5094 95.5707 94.9353 93.8356 91.8612 93.1618 93.5255 94.5268 96.0505 97.4829 98.5796 99.4772 100.4142 101.2862 101.9804 102.5908 103.6431 104.9099 104.1790 105.4825 105.2855 105.8950 105.2871 105.8060 110.3207 110.3890 112.2126 110.5895 114.4376 110.6095 109.7400
105.2100 104.5568 103.7451 103.2950 102.6828 102.1011 101.4220 100.7083 99.5984 98.6242 96.1917 96.6752 95.7038 94.3208 94.8840 96.7464 96.5856 97.6979 98.4672 99.1772 100.1880 101.0182 101.6108 102.1336 102.7392 104.1802 104.0641 105.3404 106.2834 106.7871 109.8059 111.3343 111.6445 111.8684 108.3358 109.3288 112.9876 114.4286 110.5685 109.3100
106.2500 106.1349 103.8531 103.5415 103.0403 102.5233 101.8983 101.1588 100.2659 99.8034 98.3080 97.6702 97.5429 97.3031 97.2390 97.6267 97.6987 98.8644 99.5080 100.1743 100.8579 101.6321 102.0395 102.6598 103.1256 104.3534 104.5401 105.1461 106.6737 106.3565 104.9131 110.4847 104.6855 111.8097 110.0901 110.4792 110.7099 108.0872 112.5807 111.4700
105.6100 106.1903 106.0421 103.7675 103.5213 102.9667 102.4067 101.8849 101.2473 100.5260 100.1355 99.1335 99.2364 99.3590 99.3163 99.3438 99.1203 99.9146 100.4360 101.2201 101.6988 102.1758 102.7224 103.1264 104.2908 105.9381 106.3990 105.3521 105.5650 105.9980 106.9999 107.2069 106.8375 107.1879 110.5111 113.2985 114.8833 113.7021 113.1149 108.1800
105.6300 106.5648 106.5352 104.8301 103.6517 103.2772 102.9243 102.5244 101.9573 101.3805 100.8367 100.4692 100.2591 100.2135 100.3160 100.5869 100.7713 101.0397 101.3526 101.8343 102.2851 102.7651 103.2372 103.5004 105.4762 105.4813 105.1438 105.4108 105.7117 106.6447 106.4548 106.2451 106.9093 106.3025 114.3637 109.0336 116.2618 109.8375 109.0719 106.5600
105.6300 106.5100 105.3700 105.5400 112.1100 103.5300 103.5300 103.2000 102.7300 101.7000 101.8000 101.0600 101.0600 100.2600 100.2800 101.4200 101.4800 101.4200 101.7600 102.1800 102.5300 103.0700 103.3900 104.2800 105.8600 105.5600 105.0900 106.7100 107.1300 107.5100 107.4300 106.7700 106.8000 106.3900 114.6200 114.9100 113.9900 114.2000 109.2400 109.0900
