109.5500 109.5500 109.9900 109.9900 112.0600 110.4000 110.4000 113.7700 109.4600 110.6300 110.7900 112.2000 118.9100 109.4400 112.7000 112.7000 110.0400 110.8400 114.6900 109.6000 111.0100 113.2500 113.2500 117.3000 118.5200 118.4300 119.3100 118.1100 112.6900 112.7300 117.2500 117.2500 117.2200 117.5300 117.4300 116.9100 116.1100 115.5600 115.5800 117.3700
109.7700 109.4343 109.4264 109.4977 111.2647 112.0626 110.8816 111.6136 108.8110 109.6104 110.7687 112.9035 114.7618 109.6116 115.1688 112.9435 109.9174 113.5312 108.3966 109.4026 111.4815 112.9270 112.1916 114.6351 119.0935 118.6756 118.8110 117.8149 113.1987 112.9661 110.9541 110.4481 116.1076 113.0608 117.0674 117.4004 116.8148 118.0692 115.8911 115.9400
110.1300 109.1151 110.1533 109.7011 110.9217 111.5072 109.5241 111.4673 111.5052 108.6022 110.3406 113.4355 115.8783 110.5876 112.7138 113.3889 112.1050 116.1322 107.4960 108.1162 108.8150 109.9899 109.9597 111.9975 113.4765 116.3819 117.4151 117.6153 113.2719 113.9416 110.1187 110.7266 113.0828 118.7831 115.5527 117.4962 116.5769 118.4980 116.6710 116.5200
111.1100 109.8933 109.5057 108.7728 111.3316 113.9084 114.4402 109.2669 112.8065 112.4566 116.2742 116.4675 113.1572 111.0124 111.1990 114.5869 110.6757 113.3854 109.1094 108.7699 111.8885 112.0077 109.7045 112.2468 114.0924 111.2500 114.3247 115.7199 110.1191 112.0311 112.7519 116.4919 111.8468 117.4744 115.6390 117.8751 117.4846 117.7729 116.6183 116.1400
114.2900 111.8043 108.9575 109.4458 111.1455 111.6537 113.7469 110.7088 114.9496 112.6438 116.4874 116.2829 112.1924 109.2654 109.6754 107.9037 108.1207 112.1895 109.2617 107.9759 110.7490 113.6811 112.6502 110.9314 112.6628 111.7850 115.0670 113.2435 114.8606 115.1121 116.8238 114.0211 112.8027 117.2191 118.4755 116.4635 117.3390 118.4761 116.2438 115.9200
116.4500 112.6822 108.3018 110.4631 111.2158 113.4559 110.2225 112.4151 117.0739 116.9857 114.9367 115.2764 109.0890 108.8737 108.2032 109.6815 109.0122 109.1668 111.5084 111.3991 111.0346 111.6737 113.3194 107.7441 107.9626 108.9529 109.5213 109.7204 115.0255 116.7077 116.9504 115.1658 112.4913 115.8538 117.6396 114.9160 117.7254 117.9173 116.6700 116.5000
113.5900 111.7950 108.9129 114.1531 110.0387 109.0240 112.5471 110.7887 114.9042 114.4895 115.0845 116.7682 113.8639 111.1589 110.7599 109.0705 109.4537 107.8893 114.4744 112.3645 110.5251 110.2154 110.0997 112.4278 110.7480 109.8602 109.4908 109.3774 116.2383 116.2906 115.7742 113.4504 107.4039 111.2607 113.6160 116.5851 118.4142 116.1347 115.6043 116.5000
111.4200 110.4333 108.5255 109.0316 112.2597 111.7307 116.6443 111.9801 112.6667 114.8503 116.7070 114.7347 110.6959 115.1500 115.1139 109.4327 108.8143 108.6204 107.5701 113.6813 112.1426 109.4511 108.9336 110.0784 110.2749 110.1452 108.1236 109.3040 112.8092 109.9807 114.2035 108.0911 108.0118 111.2242 113.5467 116.7298 116.8760 110.6531 118.7819 116.1100
112.9500 112.1117 110.1540 111.7836 116.3471 109.0028 116.4386 114.7148 109.4559 110.4516 115.3520 114.0412 108.7350 111.0495 114.0284 111.2667 109.4224 108.5493 109.2508 115.0008 111.4685 108.8499 108.3867 110.3501 109.6398 108.2213 109.4110 109.9482 109.7220 112.8122 112.6447 109.5428 112.1109 109.9516 114.0588 117.5445 113.4497 115.6151 117.3417 110.3800
110.0500 111.4669 111.1440 112.1932 109.2514 109.9644 115.7100 111.8056 110.1962 110.2572 114.2691 112.0571 110.2672 108.7422 112.2061 110.8281 109.0561 111.8172 110.4120 110.1765 117.1943 108.2785 108.5168 112.6171 112.2175 109.7457 114.8622 110.2146 111.1467 113.9470 111.7280 111.9157 114.5016 113.0853 110.9172 115.6695 112.1771 111.6299 109.2489 110.3500
110.0500 109.7274 108.6977 111.3677 112.5464 116.0037 117.1352 115.9859 110.5562 108.8652 112.2355 109.9396 110.7927 110.3882 113.7343 111.5733 111.2314 116.2905 113.3768 112.8291 111.9553 110.9125 110.6352 112.3716 107.3331 110.7655 110.2424 107.9726 110.6280 111.1676 115.4505 114.6488 109.6723 110.5643 111.6213 112.2931 109.9072 113.6718 109.2150 109.5100
110.6300 110.6345 114.4430 117.4784 112.9167 111.7895 112.7491 115.2793 109.8481 109.7291 110.3085 108.9048 110.1701 109.1035 109.9208 110.2483 110.6237 111.3973 111.1739 110.2785 113.3639 115.5898 114.0374 111.3365 112.7597 109.7229 109.2441 109.8367 109.4908 108.7933 115.9152 114.2696 110.2859 112.3161 109.6103 110.3205 109.7698 109.9235 109.6849 109.2700
110.9600 111.6269 116.0459 117.5413 114.0658 112.5942 112.4461 113.5695 115.1410 113.1957 109.2832 109.3427 111.1355 111.6443 108.1199 109.6290 112.7155 109.3958 107.5665 109.2715 115.8490 113.8213 112.3606 111.1787 113.6920 111.7503 111.2325 110.8070 108.0183 111.2925 115.6872 111.7217 109.1640 109.9273 109.2449 114.3283 109.8103 109.0227 109.4892 112.1700
110.7000 117.1235 115.2826 116.4160 109.8312 118.2878 117.1540 108.9572 114.1273 108.7635 112.7626 109.5512 108.9059 110.2809 113.0993 113.7437 110.7673 111.5423 110.9579 115.0549 113.9262 111.1306 110.2962 112.9711 111.7405 115.1494 112.6335 112.0036 109.0395 113.8735 113.6424 112.2460 109.8468 112.7210 109.0202 109.5914 108.8674 108.8597 108.2603 112.1700
110.4500 110.2874 115.6531 114.9388 112.2201 115.7777 114.3995 113.7075 110.1095 108.2510 108.7370 108.7761 109.4456 108.9960 110.5867 109.3426 111.5891 112.9184 114.1964 111.2545 110.9687 112.7055 109.0411 110.1323 111.3283 113.0765 112.9242 108.8453 112.0397 114.9270 111.0468 112.2673 111.9350 108.9878 109.0742 108.3262 110.9608 109.3839 108.3287 107.7300
114.3100 113.3250 110.2080 114.1540 110.4620 116.1113 114.3348 114.5942 111.0788 108.6464 109.3570 109.7760 108.3936 108.8846 107.2899 111.9346 110.3067 113.7356 112.6472 111.6382 107.2578 110.0523 107.7587 111.3776 110.4083 109.8129 108.7768 106.8083 114.1660 112.8412 109.3032 107.5690 108.0129 108.3370 107.8630 108.5160 111.2653 108.5815 107.8620 108.0500
114.3100 109.5570 108.6027 109.3626 112.2056 114.4497 116.3028 112.1070 113.5096 110.5159 113.5600 112.8162 108.2585 107.4926 107.5931 108.7186 108.8222 113.2667 111.7070 109.4449 111.3549 108.5540 107.3737 109.6370 111.2690 109.8330 107.3711 108.4131 111.3271 112.9159 108.0783 108.4368 107.4869 107.9159 108.3425 106.2248 107.2304 108.7934 107.2464 108.7700
113.0300 114.8919 108.9566 108.1622 109.7713 111.5626 116.0655 114.2825 109.4816 110.0851 110.7548 113.0110 108.6329 109.4064 108.0901 107.1808 108.8306 111.2780 109.4989 106.8394 110.9475 107.3099 106.3380 110.1905 108.9187 108.6142 107.9868 107.3585 108.0892 107.9455 107.9749 107.8928 107.1524 107.5233 113.1276 112.9264 115.7578 111.3177 107.0344 107.3300
107.5200 107.7452 108.9512 108.3111 109.3003 108.2705 109.5728 108.4838 107.3245 106.3952 106.6102 112.0544 111.9820 107.8847 107.2234 107.9205 111.5920 109.0467 112.7492 110.3574 106.3446 106.7268 107.2808 111.7312 107.5878 107.7563 107.3153 106.4078 112.0449 107.2361 108.7813 107.2768 107.9618 108.6708 108.8997 107.8120 109.0681 107.0187 109.0236 109.7300
109.9000 114.0247 111.8542 110.4232 108.8721 108.7452 107.7817 109.0131 111.7165 106.0517 109.9622 108.9234 110.3114 108.3433 105.5480 108.4382 110.9173 105.6462 112.5981 113.7670 104.1735 106.5452 107.3717 109.1628 106.8618 106.9276 106.0147 106.4387 107.8519 106.0851 111.1022 105.2186 108.3591 108.2270 107.0866 108.9726 108.1850 107.8883 108.2063 110.3200
109.7500 109.2976 113.7161 113.3375 112.0235 108.8219 108.7064 108.5415 107.3072 107.3740 108.3877 107.5803 108.3598 113.0670 109.8304 106.4619 108.0208 107.0834 109.2405 108.1150 107.0029 105.9070 105.4910 110.1744 107.4894 106.7632 106.9771 106.8244 106.1494 105.5451 110.1442 106.9042 108.1170 107.5639 107.2372 108.3536 108.4559 107.8925 107.9757 108.7100
113.9500 112.0862 108.6020 111.2240 112.7719 112.6240 108.4150 108.7384 107.5964 107.1529 107.9316 108.5097 111.8881 109.0647 108.6310 107.2283 105.1569 106.6794 105.6339 103.8106 106.6582 104.9852 105.0290 106.5219 105.0685 106.9932 107.0576 105.8152 106.4117 105.5057 107.4696 107.6801 108.2382 107.3406 107.1208 107.0987 107.6193 108.7901 107.2883 108.7800
109.7200 108.4410 108.5983 108.6100 110.8119 115.0006 108.9479 108.3509 107.5995 106.9661 106.4120 103.6831 109.6299 110.3318 107.4516 106.1431 105.7303 105.3924 105.8760 106.8258 106.1746 105.1440 105.6378 106.4678 104.6469 106.7275 105.6779 104.7948 105.7589 106.0994 107.3211 107.5785 107.2404 107.3023 107.2401 107.5323 107.0938 107.5665 107.7708 108.3800
112.0000 110.7141 108.7014 112.6743 111.8381 109.4930 110.2408 107.9861 108.7977 107.1018 107.0891 107.5397 108.4845 106.1948 106.1210 105.5510 105.7990 106.3240 104.8912 106.1391 104.5840 106.2061 106.0146 104.9749 103.9450 105.3956 106.2833 105.4580 106.6545 107.1780 106.2881 107.0986 105.6837 107.1033 107.1222 107.3395 106.4566 107.8147 108.8393 107.9900
109.3400 112.0549 110.2237 108.9752 109.1178 108.0768 107.0321 108.1413 108.6406 107.0562 105.9589 107.7627 106.4199 109.4721 105.6888 104.5336 104.0617 103.8038 103.1370 107.9280 103.3063 104.1043 103.5911 103.4621 103.5870 103.6709 104.6165 105.8088 105.5832 106.6348 105.8345 106.9812 106.5705 106.7553 106.9407 107.0985 106.5042 108.6028 108.0988 106.9600
108.1600 108.1737 109.5943 107.0348 108.0159 107.5913 107.6873 106.7370 106.5137 106.9339 106.2434 106.7658 103.8316 105.8812 105.3966 104.0032 103.5800 103.3470 103.2000 102.4730 102.3433 102.6569 102.7716 102.6286 102.7333 102.7732 102.9183 104.4774 104.0241 104.4500 105.4520 106.1383 106.0094 106.9075 106.3712 106.7786 107.1877 107.2512 106.6857 106.9600
109.2500 108.3453 108.4002 109.9491 108.0781 109.1121 108.7506 106.9895 105.7216 106.2135 106.4495 106.5972 105.8251 105.6076 103.4254 103.3225 103.0667 102.5224 102.3891 102.2810 101.9906 102.0281 102.0545 101.7886 101.7935 102.1562 102.7137 102.7699 103.2228 103.9941 105.0017 104.2564 105.8306 106.4454 106.8587 106.1264 107.2702 107.3868 106.6340 110.9600
107.9500 107.8133 108.8722 106.1620 108.4682 108.0092 107.2317 110.5908 105.6095 106.8805 105.0252 106.4695 105.2618 103.9920 102.9371 102.4749 101.8904 101.8125 101.6694 101.2918 100.9665 100.7983 100.8054 101.0918 100.8876 101.5362 101.9537 102.1245 102.9963 103.0011 104.7026 104.4843 104.7704 107.0290 105.7089 105.8012 106.6720 107.2866 110.7964 109.3800
108.5300 108.0751 108.4558 107.0960 107.3729 107.5305 106.1182 106.3946 106.2272 105.9259 105.2151 106.3357 103.4444 103.1694 102.7597 102.2850 101.6598 101.1723 100.8609 100.1652 99.9077 99.6403 99.6715 99.8614 99.9787 100.3837 101.1730 101.3206 102.1238 102.9096 103.1947 103.4429 103.5987 105.2826 106.4522 106.6817 106.4519 106.3820 109.3892 113.2700
108.8600 107.4067 108.3704 107.3692 106.2469 107.0794 106.5837 106.3805 105.4693 106.1696 105.8355 103.2813 102.9778 102.5618 102.3693 101.3477 100.7028 100.3546 99.5797 98.9715 98.5998 98.6480 98.7121 99.0420 99.3275 99.0696 100.6707 100.5781 101.4471 102.2380 102.7617 103.0613 103.2754 105.2555 103.9767 107.4831 106.6370 106.4410 105.4903 106.6900
107.8300 107.3730 107.0563 108.3461 107.6450 107.2518 106.8761 105.8964 104.6082 105.5007 103.8784 103.0996 102.4450 102.1678 101.8781 100.3855 100.0122 99.0184 98.1081 97.5267 97.5292 97.4320 97.4029 97.4914 98.0220 98.4222 98.8708 99.7519 100.6309 101.6594 102.2305 102.5323 103.2025 104.9616 104.4841 104.7987 108.1462 107.8916 106.4816 106.2200
108.4300 107.8351 107.7595 106.8137 106.5760 106.2497 105.8491 106.6617 104.8152 105.0731 103.4819 102.7054 102.0150 101.8010 100.8831 99.7137 99.0594 98.2394 97.0273 96.1716 95.3966 95.2262 95.1999 95.3682 95.5826 96.3222 97.6141 98.7541 99.4624 100.6838 101.7198 102.4004 102.8949 103.5124 105.0353 106.2021 105.1768 106.3180 107.0856 106.2300
108.3400 107.7442 107.6548 107.8329 107.5295 107.4270 106.5199 105.0473 105.6601 103.6945 103.0618 102.6164 101.8317 101.2669 99.9876 98.8733 97.7240 97.2201 95.7319 94.1589 92.6716 92.3014 92.5473 93.2968 93.6610 95.1976 96.4726 97.6399 98.9759 99.8537 101.0990 101.8169 102.4419 102.8860 104.6960 104.4470 105.9162 106.2034 107.5797 106.8500
107.4800 107.4353 107.3396 107.9512 107.9208 106.2185 106.6047 104.8766 104.5074 103.5232 102.7826 102.2617 101.3981 100.5954 100.0584 98.7782 97.0205 95.5516 93.7529 91.4530 89.4657 88.6190 88.3250 89.0610 91.4949 93.2606 94.6961 96.7013 98.3366 99.5181 100.7602 101.1255 102.3014 102.7545 105.0099 104.5890 106.7161 106.8436 106.9669 105.0800
108.1600 107.7549 107.6379 107.0074 107.4863 106.4974 106.2667 106.1366 104.4226 103.3801 102.4083 101.6964 101.0326 99.6876 99.6497 97.3901 96.2830 94.0984 91.0047 88.6968 85.8485 83.1813 83.2084 84.7054 87.6327 90.4352 93.3059 95.6685 97.2694 99.2182 100.2177 100.9062 102.0427 102.4088 104.1987 105.3753 105.3333 106.9944 105.7796 107.1700
108.2500 108.5949 107.6885 107.6072 106.6099 105.7239 107.2620 106.2634 105.3149 103.1546 102.3501 101.5855 100.8922 99.7730 98.5564 96.3739 95.3589 92.7603 89.1710 84.7956 80.6523 74.0343 73.9255 79.3821 84.8219 89.0714 92.7988 95.1526 96.8613 98.7978 100.0630 101.0013 101.6461 102.5399 103.1184 104.7894 104.9007 105.0308 109.2336 107.2300
107.1400 107.7300 106.9262 107.2725 106.7626 105.9936 106.1459 105.7323 104.1954 103.0601 102.5010 101.3570 101.0329 100.0337 98.4950 96.7237 94.5429 91.5799 88.3593 83.0789 73.3041 67.3570 68.4977 75.1661 82.9172 88.3320 91.9437 94.4413 96.4749 98.4315 100.0690 100.9814 101.7739 102.8106 103.1732 104.5788 105.0462 105.3590 106.7348 107.9000
108.0200 108.1960 107.3998 107.7881 107.0358 106.7085 106.3030 105.7379 103.7910 103.2491 102.3565 101.4740 100.8057 99.7458 98.6749 97.4064 94.1961 91.4665 87.6639 82.0018 69.4071 60.0555 60.3730 70.6958 81.9940 87.8902 91.6958 94.2533 96.1279 98.2975 100.0382 100.9356 101.7416 102.8073 103.1232 104.1841 104.8933 105.4670 106.0612 107.9000
107.9900 107.8112 108.1628 107.9524 107.3757 107.0905 106.9959 104.8408 103.9265 103.2621 102.5256 101.5406 100.8262 99.6907 98.8123 97.7591 94.8330 91.8820 87.8590 83.2727 75.0800 69.5964 69.7194 76.1161 82.8302 87.7193 91.9270 94.1709 96.9594 98.7744 99.8125 100.7100 101.9338 102.7182 102.9715 103.7547 105.5758 106.2985 106.9847 106.9500
107.9900 106.9700 106.9000 106.9000 107.6500 107.6500 106.8400 104.3100 103.8400 103.6500 102.7000 101.5300 101.0100 99.8600 98.7900 97.7500 94.6700 92.7600 86.3000 86.3000 72.8300 74.6500 74.4400 79.3700 85.0500 90.0400 93.1000 94.3400 97.4900 98.7700 100.1500 100.8800 102.2700 102.4400 103.0100 105.6700 104.7400 106.4500 107.0300 110.1300
