110.4600 111.8900 113.1600 108.9900 108.9900 112.6500 108.6100 109.1700 111.1500 109.2800 109.1600 111.9800 113.1000 109.2500 116.0000 116.0000 112.2500 118.5600 118.5600 113.9200 113.6500 116.0000 115.4300 117.7300 116.7400 116.1000 115.7900 117.9600 117.7800 117.5200 117.5200 118.3800 117.7800 117.0500 116.8500 116.3200 115.8600 115.6100 115.3100 115.3100
112.3400 111.8132 108.7007 110.6432 109.2355 112.0455 109.4658 108.8132 109.3676 109.5074 108.4643 110.5090 112.6547 110.2146 113.0021 113.6017 115.2726 117.2084 115.1120 113.8073 115.1955 111.9956 111.3463 112.9004 114.7105 113.9694 116.9655 116.1819 117.6020 117.5600 115.8628 116.1964 118.9789 117.8114 117.7812 116.7086 116.3714 118.5279 116.0994 115.9000
112.2300 112.0849 115.1950 112.1434 109.2499 110.5332 109.5202 111.3400 111.7014 110.5892 111.4361 110.7242 108.8995 112.4094 112.0413 112.5672 113.3206 116.2711 114.7693 110.8182 112.0711 112.1506 112.6990 111.0990 110.5540 111.2755 114.5882 115.9805 117.5079 118.4821 116.3444 112.7705 116.2878 111.3379 110.7840 113.3505 115.9417 116.2145 116.2811 115.9000
108.1700 110.8440 113.7962 108.4705 108.5389 107.8865 107.7697 109.2086 109.9025 110.6623 108.3475 111.8951 112.0260 111.7006 112.1766 114.9294 112.5109 116.8150 113.4812 113.5248 113.6552 108.4206 108.5209 110.8187 110.8316 110.4258 114.4853 116.9555 117.5254 118.6454 116.8740 111.4908 112.6376 109.6940 110.4352 112.6106 113.4099 115.1212 117.1956 116.3900
117.5600 116.1918 114.4976 109.1225 108.5289 107.6334 112.0800 108.4375 110.1786 108.8673 110.1078 111.2138 110.7951 109.6507 112.4024 115.2374 113.6764 114.8602 113.0956 110.1747 109.2812 108.8297 108.3262 113.9569 111.0136 109.1855 115.0088 111.2027 115.0142 117.6110 118.7927 109.6713 115.7076 112.4835 114.3930 113.4269 115.8530 117.5008 116.9965 116.7100
113.2000 114.3614 113.6280 110.5809 110.8768 107.2071 115.3272 108.3577 109.7188 109.8970 109.1505 111.7791 109.5219 114.1247 108.7857 109.7419 109.7575 113.1994 109.6574 109.0535 110.5208 107.6077 109.3575 111.3305 114.9459 110.9355 109.0183 109.2623 115.5423 114.6573 111.4746 117.9516 120.1692 116.5934 112.0206 113.1512 115.8587 117.9398 117.3054 116.7100
110.1700 108.2237 108.6071 116.0008 114.8657 109.7596 111.0980 110.2961 109.6686 108.6785 109.7512 110.1536 111.9823 113.3492 110.3463 111.4395 106.9410 107.4749 108.4339 107.9098 108.9748 107.6906 115.8644 108.5873 111.4160 111.3183 109.0204 108.7442 113.4443 109.2182 110.3840 119.2637 117.7146 119.7856 114.8958 113.1868 117.7979 117.2778 117.1328 117.1600
109.1600 108.6121 114.0733 116.8529 114.6626 109.8784 113.1776 112.3604 111.0197 110.9255 109.8087 109.7560 110.2886 110.4554 109.4906 111.9850 108.1680 107.6872 109.1351 108.5130 110.9753 114.2650 114.7899 112.7824 111.7748 112.1215 111.5940 108.7991 109.3356 110.4043 110.3771 116.7752 118.0353 116.4718 111.9740 108.0155 114.4380 116.0261 117.7850 117.9400
115.8800 110.2189 109.5782 118.0793 113.1561 110.7573 112.6470 114.3700 111.3379 109.6612 109.3589 108.5206 109.4526 108.9929 110.3289 109.4456 108.7958 107.5644 108.9724 107.5539 108.4490 111.7518 114.3240 110.8586 111.2945 110.0644 112.0640 110.5506 109.9676 109.3874 110.4089 116.3879 113.8558 111.9307 108.9967 108.8452 110.1548 115.9211 118.1602 118.4100
115.0100 114.3922 111.9184 115.7490 110.6364 112.8276 113.8810 118.5990 111.6549 109.4044 109.0749 108.8677 109.2134 109.2334 110.6396 109.1217 109.9444 109.2689 107.2898 107.8415 108.3707 110.0773 110.9629 108.8312 107.8489 108.9345 109.4516 112.8955 108.9009 108.8389 109.5555 112.4463 114.5854 111.5976 108.3408 111.7201 111.4630 115.9759 118.9381 119.4200
115.0100 111.3912 109.5719 108.8521 112.8770 110.5952 110.7846 113.3974 109.3722 109.1794 107.9906 109.1248 107.5344 108.5893 110.3305 108.8539 109.8607 109.2940 109.8481 109.3806 109.3394 108.9126 108.8862 110.1871 110.5068 108.7070 112.7237 114.5593 110.5878 111.8562 110.1984 113.4921 112.1201 110.8979 113.1636 112.3073 113.1348 110.5044 114.9626 116.8900
112.9200 115.3091 109.3334 109.4250 113.1707 110.9373 111.2999 114.9948 110.4329 107.7738 108.3341 107.5784 108.0558 108.3430 108.8823 108.5568 111.2539 108.6914 109.1339 108.5766 108.0486 108.7487 109.0806 109.7547 107.7990 106.3689 108.9984 110.3735 116.1919 111.7816 109.5482 114.0200 112.1801 113.6792 111.5001 109.9443 112.8937 111.6956 116.7009 117.5900
115.3700 114.5051 106.9564 109.5350 108.4641 111.7332 109.5829 108.2377 110.5275 108.6422 108.5714 107.1848 108.3803 107.6898 109.2195 108.3452 108.7840 108.8180 108.2079 108.6832 107.7403 108.8637 108.6610 107.9100 111.2581 111.9649 112.6963 109.3743 110.2563 109.3934 108.4936 107.5193 107.1180 110.1019 109.1545 110.4331 111.7143 109.1744 114.5012 117.0300
114.4100 112.2445 107.6865 108.5360 108.7563 110.7040 109.0162 107.8566 109.0697 106.3659 107.1788 108.6012 107.7995 106.8705 107.3281 106.9147 108.8421 106.9658 107.7636 107.9257 107.8557 108.5261 108.1749 107.3897 109.0919 110.6325 112.3147 113.1934 110.4327 114.4185 112.8376 107.7213 107.6469 112.4930 111.0782 109.5313 113.1633 112.7170 116.0922 116.8800
111.9100 112.3894 107.9981 109.2447 107.7118 110.6571 108.8005 107.0875 106.2449 107.3832 107.3959 107.4391 107.4130 107.7564 107.1767 106.7759 107.0376 106.8313 107.2967 107.3349 108.1062 106.9919 107.7146 107.5526 108.6226 109.1334 107.7355 106.7628 109.0458 114.9309 114.0147 109.2808 107.2865 114.9833 112.6373 112.2214 117.2712 114.0129 117.0249 108.3100
111.9100 110.7821 107.7285 108.2847 107.0362 108.3413 106.6854 107.9952 107.9827 106.7049 107.1705 107.7691 107.3212 107.4485 107.7540 107.7736 107.0292 107.3461 107.6359 107.8934 107.6917 106.4526 107.6234 106.5328 111.1339 108.9761 107.9286 111.6690 110.3896 114.3532 112.5789 109.8873 112.4151 113.7079 114.4302 114.1343 112.7617 112.1926 113.2222 110.2500
112.3200 108.3249 108.1756 107.6560 106.7783 107.8377 107.2548 106.8131 106.7999 106.6495 106.7599 107.3978 106.3230 106.0258 106.1072 106.4569 105.9042 107.0747 107.5601 107.5621 106.8887 107.5721 107.1140 108.0959 107.3288 108.0664 109.5998 112.9667 113.1562 111.3127 108.1416 109.7636 109.0728 109.8952 110.9798 111.8323 112.1887 108.3231 108.8019 108.6600
107.8200 107.6349 107.2896 107.2504 106.9477 106.9578 106.9214 106.0963 107.0207 106.6172 107.4994 106.4114 105.7614 105.3572 106.8504 106.1465 106.6096 107.2082 107.1624 106.9086 107.0092 107.5820 106.2992 109.5885 107.6840 110.7497 107.0683 114.8671 113.1791 111.1638 109.1428 109.5156 111.8057 107.2543 108.2116 109.3880 108.8025 109.1023 109.7854 107.9300
108.3700 108.3362 107.6823 106.7570 107.3730 107.7902 106.0050 107.4436 106.5741 105.6304 106.3604 105.4824 105.4979 105.8983 105.5591 105.5974 105.3401 106.7781 106.3903 106.6749 107.1192 106.4660 107.0652 106.5695 105.8589 106.0532 107.5558 110.1258 112.1232 107.2483 110.5128 111.5875 114.3258 112.6525 112.5444 109.7663 114.1184 106.9811 111.1610 107.9600
107.9300 108.1320 107.6478 107.2843 107.7068 107.4125 106.8379 105.6074 105.5963 105.6184 105.5196 106.6780 105.3114 105.0699 104.8114 105.1137 105.5883 104.5400 106.3095 106.6366 106.4612 106.2760 106.9748 106.3350 106.5616 105.6182 107.0837 110.7274 112.6017 110.7025 109.7764 113.5079 115.6913 111.6094 107.5273 107.9769 112.6334 114.6713 115.4559 110.8400
107.8500 107.5081 107.5758 105.7198 107.1754 107.1535 106.0258 106.1715 106.3901 106.4344 104.7909 106.3688 104.8867 105.0044 105.0207 103.6791 105.7559 105.2459 104.3135 105.7802 106.0091 104.8102 108.9485 106.1656 106.4916 106.8927 111.0155 112.7611 110.3613 114.7829 113.2890 114.0693 108.5545 109.2883 109.0672 112.5783 109.3278 114.5747 113.4195 114.2300
107.4600 106.9586 105.8355 105.4407 105.5443 106.3616 105.0946 105.8518 105.6156 105.3798 105.2017 104.5040 104.4593 103.7063 103.2972 103.3932 104.5025 103.6628 103.4193 105.1767 105.7900 104.5393 106.0021 106.5956 105.3225 106.2750 106.7218 109.6404 109.8042 109.0272 109.7497 106.5231 108.5037 107.8113 108.4165 108.6176 114.4627 113.2586 107.7208 110.3700
107.8600 107.9106 106.2127 105.8394 106.9028 106.2955 105.7929 105.9650 105.5506 104.9650 103.8417 102.9258 102.8687 102.3817 102.5029 102.6418 102.7485 103.1302 103.0074 103.1936 103.7424 103.7942 104.8776 105.1368 105.7090 106.8055 105.2743 104.6446 111.2556 106.1648 107.8955 105.9603 110.5300 107.8149 107.4326 108.2185 113.5014 113.6818 110.2944 113.3900
107.6000 107.5896 106.5096 106.6699 105.8431 104.0377 105.1526 105.2592 104.4649 102.2139 102.1649 102.3064 101.9314 101.9701 101.7632 101.8444 102.0811 102.2223 102.5168 102.8698 102.7070 103.0439 103.6579 104.8318 105.4849 106.5375 111.2742 105.0776 111.4960 108.5980 107.1469 107.8108 106.2997 108.2387 110.0874 108.2530 113.0206 111.5312 116.0198 113.0200
107.6000 106.8226 106.0493 106.0102 104.6625 104.3510 104.7315 102.6836 101.9578 102.0145 101.6027 101.9838 101.2344 100.8099 100.8021 100.6844 101.1303 101.7662 101.8356 102.0204 102.0564 102.5868 102.7689 103.3884 104.9816 104.7617 109.5264 104.3922 105.4713 107.9054 106.0063 106.5445 110.2991 107.2377 111.7039 107.2525 108.1856 107.2310 111.7750 113.7800
105.4100 106.2573 105.5861 105.5029 104.3998 104.8276 103.0631 102.5250 101.7043 101.4432 100.8163 101.0160 100.2979 99.7258 100.2731 100.0273 100.2647 100.5732 101.0831 101.1854 101.5798 102.0080 102.2252 102.9865 103.3648 105.9239 105.7385 104.0139 105.2718 106.2793 110.3986 107.6850 109.9088 106.6758 106.7422 108.5130 109.1275 107.9281 109.5349 113.7800
105.6000 105.9987 106.3432 106.5372 103.6158 102.9176 102.1987 101.8786 101.3139 100.5765 100.0262 99.7936 99.2755 98.4161 98.5385 98.5451 99.4360 99.2847 99.5862 100.3747 100.7607 101.3814 102.1171 102.3436 102.6804 104.6835 104.8585 104.4778 107.0085 104.9709 109.0632 105.9626 107.6398 108.0927 107.0195 109.2135 109.2847 106.9175 109.0682 107.5500
105.9700 106.5448 106.1140 104.6875 103.3847 102.3901 101.7733 100.6180 100.8228 99.7826 99.2765 98.7042 98.0712 97.1212 97.2179 96.9600 96.2630 98.2433 98.3797 99.4144 99.9165 100.5395 101.1969 102.0392 102.3784 102.9568 104.2595 104.6166 106.2396 105.9939 106.7305 106.5827 107.2620 108.2506 106.8974 108.1824 107.7268 109.6244 112.7789 106.4800
106.5700 105.2659 104.0021 103.2530 103.3689 102.1433 101.5783 100.6352 100.0359 99.1380 98.4937 97.2267 96.0960 95.8863 96.4258 96.2089 95.6588 96.1688 97.2518 98.3105 98.7777 99.6638 100.3763 101.3906 101.8606 102.7380 103.3517 104.9889 104.8547 105.2081 105.8851 106.5038 106.5012 107.1505 108.1300 112.7723 110.7231 107.0378 107.6606 113.1200
106.0300 106.1297 103.7839 103.3966 102.6453 101.7789 100.7537 99.4368 98.6820 98.3181 97.0954 95.6755 93.8985 93.0501 93.9135 94.3616 92.4257 93.6647 95.3804 96.7199 97.6604 98.8481 100.1070 100.9097 101.7815 102.0949 103.0332 104.8792 104.7734 107.6323 110.7510 104.8879 106.6298 107.3478 108.1060 107.2411 107.2393 109.9354 112.9416 111.9800
105.1300 104.6296 103.8167 103.2818 102.6794 101.0427 100.2236 99.6201 99.0121 96.2064 94.8216 93.4300 91.0824 91.0211 90.2865 90.1951 88.7513 91.7439 93.0175 94.3665 96.5867 98.1400 99.8119 100.5059 101.6480 102.1458 102.7228 102.9831 106.8488 106.1219 105.9576 107.0742 106.3988 107.0976 106.7499 107.1807 107.5055 108.1349 109.0599 108.7800
104.7300 104.2114 103.6657 102.9491 102.1967 101.3611 100.6977 99.9449 99.2571 95.9211 94.1177 90.8833 88.2378 87.1791 84.2186 83.6173 84.8161 88.1674 91.0123 93.6257 95.7502 97.6288 99.1887 100.0775 101.0596 101.6668 102.5339 103.1961 105.5678 104.9073 105.7935 106.2864 106.0844 106.7193 106.3337 107.7759 109.5296 108.6623 109.9175 108.4600
104.3000 104.1506 103.4974 102.8252 102.0791 101.3664 100.5833 99.3923 97.5580 95.7340 92.5834 89.9626 85.7390 81.7392 76.5584 75.9504 79.6789 84.1383 89.3290 92.7972 94.9533 96.7630 98.6371 99.8808 100.5221 101.5697 102.3993 103.4065 105.1229 105.3185 105.2019 105.7731 105.5445 106.5351 109.0660 112.5104 111.6526 107.8331 108.6504 108.4300
104.5000 104.1005 103.4924 102.8580 102.1015 101.2974 100.3607 99.4326 96.9572 95.2448 91.1331 88.4302 83.0416 76.3569 70.6921 67.9687 71.9667 82.3795 87.4183 91.2648 94.3325 96.5379 98.3343 99.6111 100.7501 101.5371 102.2822 102.9138 105.1326 106.6617 108.1983 105.9646 106.5996 107.6949 111.0120 112.2242 111.9752 114.6975 115.0582 113.0100
104.4700 104.0768 103.5055 102.7985 102.0649 101.3426 100.5029 99.2281 96.8113 95.0876 89.9971 87.0771 81.3678 73.8202 66.2467 63.3995 68.5989 82.3391 86.3690 90.8946 94.0883 96.2447 98.0885 99.2140 100.4545 101.2949 102.1417 102.8887 108.4888 111.9500 112.0582 105.9823 107.8722 105.9768 108.6437 111.1667 113.4088 113.0692 113.9813 113.3100
104.7500 104.0764 103.4344 102.8970 102.1168 101.2927 100.3679 98.6720 96.8328 95.2110 90.5706 87.6453 82.3466 75.3360 69.2351 65.4648 71.2144 81.5573 87.2675 90.3214 94.2347 96.7062 98.0532 99.2268 100.3824 101.3683 102.2388 102.9814 104.9042 106.5173 108.1757 105.6122 106.7456 106.6534 106.9634 110.2073 112.7053 111.7932 114.6922 113.6500
104.5400 104.1937 103.5711 102.9960 102.2687 101.5611 100.4138 99.0771 97.1620 95.1120 92.1759 88.3649 84.9465 79.9797 75.5042 74.9902 78.2143 84.1505 88.9082 92.3817 94.9044 96.9643 98.2788 99.2884 100.6826 101.6858 102.5369 103.0784 105.3383 105.5430 105.7550 105.4892 106.6309 106.3938 106.7565 106.9715 109.0910 108.6120 110.3423 109.7000
104.5500 104.2609 103.5875 103.0434 102.5434 101.7596 100.6995 99.5255 98.1205 96.2090 93.9583 90.5120 88.8445 86.3413 83.3468 82.5154 84.8222 87.5221 90.8780 93.9761 96.3012 97.7453 99.2078 100.3218 101.2438 102.0894 102.7250 103.2272 104.6432 106.5682 106.7163 105.6311 106.4310 107.0837 107.3041 106.9891 108.4024 108.4552 107.9121 107.1100
104.6400 104.0854 104.8505 103.2055 102.6899 101.7767 101.2024 100.1219 98.9287 97.4676 95.0819 93.3210 90.9113 89.0131 88.8438 88.6839 90.7379 91.9451 93.3998 95.4513 97.3587 98.7060 99.8505 100.8104 101.5179 102.1529 102.9424 103.3338 105.2444 106.4465 105.0133 106.3987 106.1295 106.4528 107.7279 107.2949 108.7459 109.6456 108.1695 106.5100
108.8000 104.6700 103.9200 103.4900 102.6800 102.1300 101.6800 100.2100 99.2700 97.5700 97.5700 96.1100 92.0100 92.0100 91.3600 91.3300 93.3800 93.3800 94.6800 96.6700 97.9300 99.0700 100.6100 100.6100 102.0300 102.3700 102.9900 103.7000 104.3200 105.8500 107.6200 106.7800 106.3600 106.1500 109.4700 113.2300 113.7500 111.6400 109.2100 108.9400
