105.7400 105.7000 107.9600 105.6800 105.2800 100.7000 99.4500 98.1900 97.0500 93.9000 91.2200 85.0200 81.0000 74.1600 74.7100 72.8700 84.5600 87.9900 93.5400 95.3500 96.5200 98.8100 99.7000 102.8000 100.2100 107.5200 107.7100 115.0600 107.6900 106.0100 103.9400 104.1400 117.7700 118.0300 110.8400 112.6200 116.9100 119.5200 120.3500 120.5900
103.6600 104.1408 104.6127 103.0290 101.4396 100.5345 99.3409 97.6740 95.6397 92.9939 89.2965 84.3257 78.6261 69.4744 67.7062 73.2516 82.0109 87.3338 91.6360 94.9209 96.7499 98.4672 99.7661 101.0626 100.4818 105.7934 107.5337 112.9494 107.9050 105.2809 103.8528 105.1065 109.3794 111.2317 110.0626 112.8273 116.4860 114.8156 119.2361 120.5900
103.9800 104.1716 103.6861 102.9107 101.3345 100.4411 99.4989 97.6576 95.2681 92.2499 88.2074 83.4746 74.9097 66.2458 65.8035 71.3508 80.7229 86.6969 91.2490 94.7285 96.6199 98.3744 99.7144 101.0354 100.5538 105.5556 107.7499 112.7589 108.0244 105.1663 103.5640 103.8255 105.5909 107.5453 109.9990 112.7023 116.7968 115.0847 119.2358 120.5800
105.6000 105.6746 104.7486 103.1319 101.4456 100.4456 99.6139 97.9430 95.6646 92.7207 89.1348 84.5012 77.7363 70.1223 68.9080 74.9698 82.0325 87.3829 91.6011 94.8669 96.7611 98.4806 99.7531 101.0171 100.6318 105.1096 113.8403 113.2433 107.8872 105.0933 103.5268 103.9147 105.8785 107.7675 110.1347 112.8059 116.1706 120.2180 118.8543 120.5800
105.8600 107.5172 104.3434 103.8115 102.0969 100.5703 99.2730 98.4658 97.0367 94.5727 90.8545 87.5231 82.6162 77.7468 77.4574 83.8240 85.6870 89.1785 92.5722 95.2066 97.2002 98.7628 99.9128 101.4535 100.4689 105.9671 114.1710 112.4819 107.4376 104.9587 103.4750 104.0789 105.9912 107.8810 110.2909 113.0127 116.5598 119.9378 120.2683 120.5800
106.0200 104.4442 104.0093 103.5306 102.1683 100.7943 99.9722 99.1302 97.7940 96.1175 93.3284 90.0979 86.4866 84.8116 84.4112 85.8197 88.7095 91.4399 94.0339 96.1363 97.8296 99.2165 100.2133 101.6555 100.3042 107.4826 115.2516 111.4685 106.5555 104.2377 103.1342 104.2159 106.1386 108.1276 110.5554 113.3781 117.0099 120.0820 120.2425 120.5900
105.8300 105.3344 104.4321 105.0999 103.3669 101.8022 100.7136 99.9058 98.7790 96.8599 95.3475 92.6503 91.2117 89.4403 89.3669 90.1909 92.1532 93.5069 95.5599 97.1809 98.5403 99.7807 100.3675 100.6540 102.3662 110.1460 115.4198 109.6783 105.6315 103.6523 102.7447 104.2460 106.2042 108.3687 110.8290 113.8050 117.6816 120.1024 120.3310 120.6300
105.7200 104.7228 104.7656 103.9851 103.3358 102.0025 101.0353 100.2256 99.5873 98.4918 97.2096 96.6580 95.0979 94.2076 94.1280 94.4443 94.7971 96.3310 97.0092 98.2327 99.3176 100.1654 105.6916 101.2326 104.2765 113.2610 115.0352 107.9828 104.9175 103.2542 103.0320 104.7212 106.6521 108.8474 111.3854 114.4263 118.4255 120.1394 120.4098 120.6500
105.3400 104.9414 105.3102 104.0841 104.0115 102.7673 101.4914 100.8353 100.1475 99.3397 98.6125 97.9599 97.1328 97.2697 97.1571 96.7793 96.8994 97.5044 98.3049 99.2333 100.1132 101.1074 103.8460 103.0102 107.3829 114.1750 108.1356 107.1764 104.3808 102.7526 103.5060 105.2950 107.2696 109.5176 112.1648 115.3647 119.1992 120.1720 120.4965 120.6800
105.8600 105.3981 104.9446 104.5534 104.9429 103.4530 101.9291 101.5029 100.9346 100.1999 99.6596 98.8883 98.4371 98.6320 98.5882 98.7273 98.4635 98.7309 99.4329 100.1540 100.9805 102.2087 101.2307 104.0823 109.8649 106.4468 102.9693 103.3769 104.3336 103.3753 104.3968 106.0193 108.0281 110.3256 113.0907 116.6512 119.7821 120.2265 120.5833 120.7100
106.4100 105.7692 106.0703 105.2545 104.4716 103.6499 103.0244 102.0408 101.5447 101.0194 100.6918 100.1506 99.5883 99.2728 99.4270 99.8585 99.9211 99.9589 100.5926 100.9820 103.4010 102.6051 103.4834 107.8869 106.4391 103.3246 104.4811 104.4949 105.0547 103.9239 105.5471 107.2299 109.0260 111.3403 114.2270 118.3149 120.0298 120.3563 120.6754 120.9700
106.6800 105.2510 104.9587 105.7398 105.8484 103.3536 103.8224 102.6669 102.2796 101.7877 101.5603 101.2279 100.7021 100.8760 100.8705 100.5259 100.7428 101.0989 101.2875 102.0192 105.4631 102.9661 103.5351 103.8682 108.8382 104.9721 107.7414 106.6907 105.7760 104.8735 106.4553 108.2316 110.2971 112.7092 115.7227 119.4709 120.0609 120.4734 120.7987 121.0100
106.6200 107.7062 105.4978 105.4574 104.8525 104.1600 107.4448 106.8740 103.4495 102.1005 102.1226 101.6680 101.6236 101.7610 101.6021 101.7300 103.6787 103.0489 105.5133 103.0600 105.5668 104.1124 102.9450 107.8615 106.4779 102.7206 104.6885 107.1047 106.0799 106.1814 104.8088 106.4742 111.4919 113.9622 117.3483 120.0341 120.2612 120.6559 120.9185 121.0600
105.8000 106.1461 105.6390 105.0755 104.1571 104.2103 107.8352 107.2419 103.8388 105.0291 104.8720 103.4200 103.0567 104.6521 103.6060 102.6575 105.6466 103.7495 104.3229 101.9387 105.1712 103.6322 104.9680 104.6263 105.2550 103.9159 103.5121 107.3203 105.9007 107.5787 108.8600 109.0381 114.2390 115.0351 118.5080 119.6184 120.3549 120.5489 120.9139 121.3700
106.0000 106.8814 105.5180 106.1124 104.0865 106.7175 104.2010 103.3515 105.3564 104.7669 99.0270 105.6632 104.4554 104.8408 103.8932 103.2025 104.9866 104.1275 103.8487 105.6270 105.4288 105.4058 106.0153 105.4273 107.0199 107.9550 105.8454 107.2955 112.1615 110.9066 106.4398 110.6181 114.8375 115.2418 118.9454 119.0396 120.5004 119.9912 121.5178 121.3700
107.9100 107.4864 106.8444 108.2547 105.3405 105.8030 105.6052 102.4495 102.4576 100.9002 102.8802 100.7069 104.7592 105.0146 104.9896 104.9905 106.1862 102.1991 103.9692 105.1567 106.2787 106.5649 106.5649 106.8759 106.2656 111.2106 106.8896 107.9361 107.9309 107.3588 107.0972 111.8697 114.5468 115.0230 115.9828 119.7047 120.9608 121.0462 116.5949 120.5700
105.4000 107.5505 107.0349 110.7589 106.1812 106.7245 105.8009 104.4554 106.7761 105.7222 106.4567 106.2119 105.2736 105.0690 104.4705 105.7868 104.4929 102.3332 104.1533 106.6595 105.0540 105.8610 107.0045 106.3728 107.9023 106.0502 107.2157 111.6820 117.9369 108.4169 105.8762 109.9922 118.8185 113.3116 116.2625 119.1162 117.5378 114.9195 110.5932 111.7500
112.6800 106.6067 108.5508 108.7363 110.6043 107.5199 108.1265 105.8254 103.6812 105.3555 106.3183 104.6889 105.7119 105.2371 104.9561 106.3347 107.4738 106.1892 105.6562 107.1175 105.3282 105.6279 107.1946 107.7548 106.9144 107.2884 105.1774 111.2156 115.3425 111.7700 108.3024 110.8626 116.4262 118.9148 110.7877 118.5867 119.8835 111.2377 110.9829 113.3100
108.2000 113.4638 109.8884 104.9977 111.8141 111.6746 105.6880 107.0070 106.5362 105.8905 106.0330 106.7700 105.8825 106.0257 105.9349 106.5579 106.2729 106.3668 106.7501 106.4457 105.8298 106.3681 107.3177 105.7380 108.9083 110.5233 110.8027 114.4214 115.2258 113.0666 108.7946 109.2920 117.4302 114.1725 112.5326 115.5962 119.7740 117.1919 114.6120 114.5700
108.7200 111.6098 112.8103 112.2589 111.3106 108.1473 107.5376 107.5709 107.0443 105.2541 106.1172 106.7704 106.9720 107.0631 107.2434 106.3870 107.8062 108.6505 107.2635 107.2086 106.4561 106.5430 106.4646 105.7841 112.3145 109.9728 113.5213 109.5010 112.4754 113.6931 114.2326 110.3715 111.0575 113.2446 106.3062 109.0582 114.2181 111.1174 114.7277 116.1200
114.7700 115.9748 113.7642 114.9166 110.0516 108.1417 108.0869 107.1168 107.2181 107.2928 107.1736 107.5720 107.3602 107.4469 107.2094 106.6868 107.6894 108.9372 106.7549 106.8530 106.6550 106.6376 106.5941 109.1599 109.6363 111.6276 111.3960 110.0542 109.6040 106.4318 112.6802 109.5597 114.8478 105.5479 105.1348 106.1101 109.0142 113.2895 113.9792 117.2700
108.0600 116.3380 115.8221 108.8609 108.2176 109.8781 109.2815 107.4035 106.6192 106.3387 108.9654 107.2811 104.4140 107.1445 107.7080 107.0049 107.9644 108.0130 106.9094 107.6126 112.8787 107.9843 107.3865 111.8863 113.8522 114.9143 114.2197 113.2792 110.2683 108.3522 110.3266 116.7908 117.9119 105.8664 110.7688 111.6064 107.6905 110.6067 118.4663 117.4500
114.4900 115.2362 110.4495 108.7905 109.4755 107.8775 107.0162 107.5822 106.2799 107.8226 111.4106 107.7360 108.1128 107.6859 107.9131 107.0261 107.3123 110.0841 110.4937 107.0122 111.7674 109.2082 108.9337 108.8775 114.7994 107.7950 106.3136 111.3072 108.5051 114.6721 111.6204 109.2576 111.8732 109.8431 117.2070 114.3333 114.5595 115.5531 111.5217 115.7300
114.7800 110.1277 109.1110 108.3613 111.3486 110.8013 106.7259 106.7421 109.3846 109.6631 110.6790 107.9653 109.0107 108.3536 107.5928 108.5062 107.7315 107.2918 110.4125 108.0865 108.7659 109.8309 108.6255 108.1142 112.3713 111.8195 111.1098 117.4238 104.8409 116.2492 111.5260 111.7866 114.6678 112.4254 113.3506 111.8862 117.3387 115.1604 109.3110 113.8500
112.7000 112.2683 107.9148 107.9312 108.2912 108.7844 107.9687 107.6257 109.1634 107.1983 114.8130 109.1344 112.0419 112.5476 109.5912 107.8000 108.7581 107.0764 113.2860 104.8763 109.7503 111.6131 108.9632 109.4088 108.5457 113.7988 115.5712 113.1794 106.9623 103.6790 115.3189 113.9542 112.8468 116.2077 111.3183 114.1741 117.4192 115.4091 118.1806 108.6400
113.3000 109.2261 112.0349 112.1662 110.8723 107.3022 108.1546 108.1917 107.8032 106.9150 111.3673 104.4691 115.2549 113.2579 109.2482 108.9343 106.0096 107.2032 109.5228 102.8999 108.6572 112.5821 110.9419 103.9923 105.2426 116.2880 118.1275 113.6727 112.2658 115.5740 116.7684 114.8300 114.0193 115.8592 110.9116 111.1019 116.5901 115.3070 113.4184 109.5900
106.7400 109.5363 112.9208 112.7624 108.2440 108.1787 108.5914 109.2737 110.0682 110.3667 113.9384 103.9185 108.7467 114.2802 109.8689 105.4325 107.1328 108.6225 110.9352 105.0143 108.2319 112.0441 108.3247 106.0956 107.0715 109.0806 117.4160 114.6046 114.0067 116.2141 111.2415 114.4224 109.6043 115.4803 113.9162 111.6200 115.8669 117.4348 115.7368 109.5900
108.6900 111.0271 114.9248 112.6604 105.9946 110.1384 108.5158 108.9538 109.1384 113.4119 115.1684 111.1563 113.9767 115.1834 111.8462 108.0569 106.9540 106.7465 113.3195 110.4371 105.3826 107.2409 111.0892 112.8807 112.4587 112.5924 113.2031 111.7059 113.3100 113.9183 111.4199 110.6442 114.5266 113.9998 114.1671 111.0875 114.7033 111.5255 112.8777 108.9800
109.4000 115.2279 115.4081 110.2830 107.2445 109.5755 109.2972 108.1169 106.3113 113.2413 115.2497 115.2000 112.8932 111.1024 110.7344 109.9649 106.6926 110.1433 115.3668 108.7196 107.1557 109.2523 108.5130 111.8843 113.8869 110.2435 111.8415 110.5644 114.1994 113.8612 111.6796 109.5731 115.4173 115.6557 114.3873 111.0417 110.5642 109.3126 109.3986 108.6300
112.4200 116.4312 113.9821 107.7978 108.5040 108.2350 107.5675 108.4182 105.6019 113.2796 111.2775 111.5972 113.7330 112.3199 108.6902 106.5640 112.9209 111.3085 112.7055 109.7629 110.0468 108.3972 109.1190 109.4498 111.4350 115.1546 112.3929 110.1716 111.8587 115.4444 115.6658 108.9974 108.9409 110.8377 107.7023 110.0914 112.1743 111.1196 109.0009 111.3500
117.3200 115.7374 114.3256 108.4244 113.0370 108.7153 109.3707 109.2087 110.2850 112.2442 108.2965 108.0296 115.0671 109.7436 108.8319 106.9228 112.4148 110.9043 110.6664 111.7708 109.2608 108.9987 112.0658 109.6107 110.1051 111.5250 111.0492 110.0053 111.2427 113.8755 112.7200 110.3489 116.0420 112.1181 108.9745 110.2864 109.8586 110.3496 110.2085 110.8500
117.3200 116.5536 114.5916 114.0368 114.6995 109.5303 108.2275 107.7301 113.9120 112.4809 110.0128 110.0979 113.9054 114.1182 109.7358 108.0176 113.9614 114.0530 115.0232 113.2401 110.9443 110.9302 111.5253 112.7567 114.3595 115.2602 109.9734 111.1073 111.4531 114.2026 115.3086 113.8509 111.7008 111.3501 108.3509 109.9146 110.3234 109.7803 112.6566 115.8900
112.4600 114.7037 112.1757 110.0044 109.6816 109.1415 110.6223 110.9950 112.7716 116.1301 116.3937 113.6692 113.1999 110.7543 108.9295 109.1117 108.6049 114.8228 110.0618 114.1757 113.1546 111.9112 113.4535 111.8423 111.8833 109.6637 111.7534 114.0837 109.7782 112.8349 111.8902 110.9329 111.9907 112.5460 110.5143 110.0524 109.5457 112.0899 112.0453 110.5100
118.5100 111.8443 114.7502 111.2489 112.3973 111.4252 112.7371 113.5556 114.6101 117.4550 113.6302 117.1224 108.0265 111.1872 111.8612 109.2006 108.5493 110.4284 117.2448 115.6637 113.8922 112.3198 115.6032 113.2901 110.5314 111.6032 113.2441 110.9293 110.3795 110.5047 112.3726 114.4279 112.2604 111.2413 111.0479 110.5324 110.8937 112.1675 113.3187 111.7600
118.5700 118.2057 113.4685 112.7860 111.8999 113.6165 112.9007 113.6822 113.3092 118.6729 112.5360 119.8282 112.0591 118.1358 113.6610 111.3403 109.0934 109.7668 113.0889 114.3044 113.0653 109.3481 115.0424 114.7149 114.6819 111.6178 115.1375 112.1711 112.6639 113.4757 110.2304 107.2609 115.2650 110.7329 110.8676 110.8447 110.2986 112.2495 111.8863 111.1500
112.5200 112.9655 114.9574 115.8813 114.7769 114.3245 113.4685 115.3635 113.5184 113.8571 110.7065 109.8269 110.7907 113.4416 109.5289 110.9526 112.7735 112.0338 112.9103 111.3208 111.5308 110.4906 113.3990 116.0936 112.4020 112.3883 112.4253 110.8832 112.8368 114.2235 113.9452 111.8032 114.1259 111.2254 112.8658 108.0156 108.8498 113.2541 109.1041 113.8600
114.4800 116.3154 114.5030 115.9036 115.9178 114.5110 114.4188 113.5559 112.3013 113.9889 109.0664 111.7220 113.3956 116.1061 114.1246 111.5202 112.1590 112.6431 114.3692 112.0869 111.8586 111.6095 110.8765 111.7579 112.5488 112.9306 116.4126 112.9001 113.1796 113.6843 113.4766 111.1310 109.7759 114.9173 116.8118 115.1921 113.0823 112.1286 114.0392 116.2800
115.1100 116.1688 114.8185 114.2725 117.6282 115.8274 115.2337 114.9086 113.5582 111.9335 112.1955 109.9503 115.5459 119.8197 117.8867 112.5368 109.4180 115.1133 116.6121 113.4839 112.8876 112.5752 115.4206 115.9962 117.0855 115.9738 116.6986 114.3859 113.0606 115.2934 114.5111 114.4594 111.7589 117.5179 116.3006 116.9548 119.0090 111.7455 114.4751 114.5600
117.3400 116.6744 113.3995 116.1362 119.1164 114.6008 115.5342 115.8885 114.7913 113.7633 113.8050 111.9563 112.1066 116.6496 114.7152 114.9791 114.2072 114.0266 114.0540 115.9642 113.9252 114.6774 115.9323 118.1456 116.4580 116.4166 117.2037 115.2340 110.7578 115.8258 115.2714 115.2547 115.2814 116.3097 110.5329 118.0992 109.5362 110.8680 112.0889 114.5600
119.1000 119.1000 110.9200 116.0700 116.5700 116.6100 116.8700 117.0600 114.5200 114.1300 112.9900 112.5500 116.7800 116.7800 114.4200 113.9000 114.9100 114.7500 114.7500 115.9800 115.5600 115.6000 115.5600 117.9300 117.0100 117.2800 115.6300 114.9000 115.7500 114.4900 115.4900 115.8200 116.0900 116.7500 109.7100 116.7400 110.4000 113.5800 112.1200 112.1200
