108.4900 108.4900 115.0800 109.4200 106.9500 106.4200 110.3500 110.4400 111.5500 107.5400 111.7200 107.3300 106.8500 107.0500 105.3700 106.5300 105.9400 108.2200 106.6300 106.0900 105.6000 105.6400 106.0400 106.3200 106.4100 106.4100 107.2900 107.0800 108.8000 109.6800 111.2900 112.2900 113.6100 114.5200 115.0400 115.2200 116.9700 117.6800 118.1600 117.3500
108.4700 108.2662 113.4862 107.2566 112.4181 107.3648 107.2207 107.3471 111.7671 106.4194 109.7927 106.4844 106.9162 106.8831 106.0258 106.1941 104.9804 107.4973 105.7246 106.1155 106.1264 105.9646 106.0838 106.0330 108.6954 108.0582 107.0789 107.1203 107.9974 109.0210 109.9584 111.0809 112.3181 113.4377 114.4419 115.8407 116.7797 116.4301 117.4093 117.5400
108.4400 108.0515 107.5761 107.2294 110.8376 106.8276 106.0858 105.9136 108.3836 107.0085 106.6264 105.8195 106.5281 106.3885 105.5402 105.0087 105.8364 105.7845 106.1436 106.1955 106.1778 106.1725 105.4361 105.5341 106.4697 106.0037 107.0025 108.3952 107.0447 108.0046 108.9771 110.1084 111.2221 112.3137 113.6865 115.4590 116.4050 115.2990 117.2966 118.0000
108.1400 107.8655 107.1552 107.3876 107.3373 109.8044 111.3109 106.2526 107.5901 105.6939 105.4784 106.3137 105.7106 106.1350 105.3372 105.7475 104.7057 105.6156 106.1708 106.1670 106.1891 106.3113 105.3877 105.7268 105.3700 106.4963 107.2467 106.7344 106.3927 106.9768 107.9314 109.0896 110.2245 111.5975 112.9568 114.0218 114.7958 115.8656 116.8790 116.7800
108.0400 108.1204 107.1207 106.3894 107.1010 106.5172 108.3413 105.0862 105.2086 105.8633 105.8401 105.2804 105.1672 104.4531 104.3658 104.3132 104.1608 105.3213 105.5569 105.7596 106.0035 106.0503 104.8354 106.0114 105.3395 105.7992 105.8945 106.2965 105.8260 105.8154 106.9207 108.0379 109.3178 110.5514 111.5901 113.0349 114.2902 115.1918 116.0623 115.9600
107.3200 107.3558 107.5298 107.4654 106.5971 105.5277 105.1563 104.8711 105.3305 106.8277 104.8387 103.6148 103.5545 104.0477 103.6076 103.4235 104.6316 104.4370 104.8755 105.4047 105.4403 105.6050 105.4817 106.3140 105.5300 105.3897 105.7870 106.0444 106.2895 105.0100 105.8965 108.0347 108.2850 109.5822 110.6373 112.0781 113.4197 114.7330 115.5672 116.5600
107.3200 106.7414 106.9498 106.4587 106.4393 105.7734 104.2656 104.0020 104.8769 106.6146 107.2951 103.2939 103.4627 104.8517 104.4780 104.2821 103.2024 104.0193 104.5509 103.7515 104.8812 104.5746 104.9241 105.1803 105.6680 105.0897 106.5563 106.0849 105.3881 105.3266 105.8269 108.9339 107.0031 108.6775 110.1444 111.2521 112.8654 114.3611 115.1946 116.2000
106.0200 107.2247 106.0342 105.3296 105.2539 105.2375 105.2291 104.4430 104.7947 105.8908 104.9302 102.1975 102.4469 101.9612 101.5547 101.7147 101.4566 102.6721 103.1431 103.8726 104.2650 103.9576 103.0715 104.2227 104.6305 104.8528 105.1566 106.1193 103.9689 105.7674 105.5896 107.7177 110.7175 107.0953 108.9493 110.3404 111.4323 113.3659 115.1641 118.0000
107.4300 106.4803 105.3346 105.2345 104.7271 105.8273 105.1678 103.2126 102.9752 102.5855 101.5710 101.5781 100.9158 100.9905 100.8262 100.7044 100.6783 100.6597 100.6564 101.7659 101.9514 103.1949 103.4074 104.0343 103.7067 104.5226 106.2610 105.9201 105.8732 106.5710 105.9044 106.7677 111.6411 111.9299 112.6537 112.2650 115.7522 117.9944 117.6802 118.0000
105.6600 105.7574 104.8048 105.2732 104.4264 105.6223 104.9103 102.5290 102.1951 101.7336 101.2984 100.5880 99.7899 99.5886 99.7614 99.5546 99.5299 99.5820 100.2918 100.5583 101.1248 101.7218 103.4368 104.1643 104.6272 104.3908 104.3150 105.5832 105.4794 106.3189 105.5427 106.1955 107.6152 110.0099 114.0543 113.3996 118.8502 113.7476 117.7136 115.1600
105.4700 105.3753 105.7847 104.5415 104.2133 103.8356 102.8561 102.2569 101.7431 101.0632 100.4336 99.8910 99.1001 98.9690 98.2455 97.7059 98.4581 98.5434 99.3231 99.4311 100.4463 101.0236 101.6699 102.6165 103.7471 103.1476 105.2351 106.0522 104.7238 106.3902 105.5321 107.6334 114.7268 111.9699 113.9744 111.9079 116.6326 113.4792 116.7365 115.2800
105.4500 104.7302 104.6326 104.8476 104.8585 102.6662 102.2839 101.6118 101.0983 100.4991 99.1677 98.3957 98.2130 97.0277 95.9444 95.8545 96.9120 96.9625 98.2262 99.0359 99.9846 100.5170 101.2543 102.1884 104.7769 104.6749 105.0449 105.4813 106.0736 106.6144 105.8976 105.6950 109.3872 106.0846 109.4954 112.7284 114.4250 115.1011 113.3821 114.4200
106.6400 104.4042 105.8950 104.3220 104.4982 102.8291 101.7309 101.0366 100.5217 99.2686 98.4893 97.6116 96.1979 95.1055 93.4144 94.0886 94.7325 96.3013 97.8861 98.3697 99.3299 99.7154 100.4826 101.0483 103.7386 104.3025 103.6481 104.6773 104.4266 109.1354 108.9181 112.4383 107.3754 107.2718 109.0759 110.4595 114.3254 114.8081 112.5670 115.0200
104.4600 105.1220 104.4854 105.1159 102.7113 101.9863 101.5955 100.8053 99.7891 99.1030 97.9125 96.8284 94.5233 92.2017 90.2373 89.6136 93.2486 94.9277 95.7832 97.3788 97.6922 99.0097 99.7967 101.2440 101.7211 104.0343 104.7729 103.7432 108.1367 105.9825 105.6208 106.6986 106.5728 105.8011 110.3425 111.9175 113.3035 112.5867 113.0713 110.8800
105.7200 105.0463 104.3039 104.6002 102.8590 102.0069 100.9822 100.2697 99.2388 98.2334 96.6012 94.7784 91.4924 88.0096 85.9579 85.7817 91.8320 93.4027 94.1461 95.0720 96.3421 98.4411 99.4275 100.6425 101.5770 102.0024 104.8335 103.5000 104.7861 105.9514 106.2853 108.1224 106.4841 108.9119 108.8225 107.0354 110.7112 111.3159 115.2082 114.3200
106.0000 105.2645 105.4471 104.1681 102.3626 101.5841 100.9670 99.7701 98.9143 97.3074 95.9011 92.3167 88.1351 84.0228 80.8727 80.8447 84.2472 88.8278 93.1556 94.1273 95.8336 97.8647 99.2921 100.2168 101.2818 102.0358 103.0544 104.7776 104.0317 106.5777 105.9370 107.0430 107.2462 109.9901 107.0558 107.2841 111.5158 110.1574 114.8084 114.1900
104.9000 106.1962 105.7144 103.0303 102.3631 101.4807 100.4572 99.2639 98.2182 96.3810 93.5161 89.0381 84.9765 79.4089 74.0674 74.0164 79.9894 86.3897 91.3963 93.7150 94.9987 96.7911 99.2037 100.4469 101.0750 101.9695 103.3790 105.4041 104.4456 106.1539 105.3512 105.9000 107.9554 107.5283 111.4080 110.0025 111.7250 110.0318 114.2274 111.1300
104.8500 105.3244 105.6721 103.0223 102.3095 101.3665 100.3139 99.2031 98.0844 96.3545 92.7868 88.6658 82.4730 74.9666 67.7820 65.2215 70.9229 82.7645 89.0025 92.3256 94.8967 96.4465 99.0076 100.2471 101.0940 101.7276 103.1641 104.3277 105.1684 104.9009 105.0801 105.1560 110.6029 112.3802 112.9841 113.1553 112.2392 110.3048 113.2926 111.3700
105.4900 104.9423 105.3829 102.9376 102.2829 101.3022 100.3740 99.0928 98.2554 96.5769 92.9061 89.2810 82.3821 74.6770 66.3166 62.3167 69.1548 82.0027 88.6488 92.2615 94.8745 96.3319 98.9959 100.2274 101.0438 101.7496 102.6242 103.9053 105.4466 104.4908 105.2357 105.5568 112.1061 113.4937 108.7538 113.1570 113.7535 111.6936 114.0365 114.6500
104.8400 105.0206 104.5102 103.1597 102.3904 101.4290 100.6229 99.6640 98.1818 96.6500 94.0393 89.0413 84.0218 78.1493 73.7042 72.5023 79.4316 83.9783 89.6669 92.5786 95.8687 97.7009 99.1816 100.2497 101.0936 102.1051 102.6888 106.1785 105.7401 105.3062 106.2441 106.6464 106.7062 107.6667 108.1482 108.4934 107.4466 108.3852 109.2662 109.1700
104.8400 104.9953 104.7512 103.3688 102.4573 101.3562 100.4683 99.7399 98.3457 97.2671 94.8159 92.0309 89.4878 82.7939 82.6791 85.5013 86.8545 88.1789 92.5072 93.7099 96.4779 97.7816 99.4931 100.4210 101.1586 102.1987 102.7742 105.4922 105.8217 110.3816 105.7909 106.2237 107.1838 106.4629 106.9889 108.3470 108.7416 108.2285 109.2555 109.2800
105.9800 105.9681 104.3678 105.2181 102.4371 101.9565 100.7468 100.2076 99.0179 97.7769 96.3649 94.4347 91.8268 87.8377 88.6929 90.7098 87.8323 91.9367 94.4571 94.9683 96.7287 98.3525 100.0328 101.0742 101.7962 102.3005 104.0845 106.0779 106.0713 103.6044 108.8357 106.3773 106.4441 107.5148 107.7883 108.5462 108.4665 108.4126 108.4703 109.1300
106.4500 106.1847 105.0932 104.8578 102.8187 102.1567 101.4320 100.3864 99.8566 98.5505 97.2952 96.1156 93.5716 92.0440 92.6411 92.6885 92.7037 93.7189 95.6288 96.6504 97.9548 99.1313 100.4835 101.3999 102.0786 102.7108 103.9743 105.3117 104.8891 106.7158 109.9793 104.2445 105.5651 107.0236 107.0363 107.1252 106.4557 107.4598 107.9862 109.2700
105.9800 106.3113 106.4040 103.5900 103.0300 102.5763 101.8203 101.1426 100.2554 99.3217 98.0319 97.7978 96.0776 95.5199 94.8939 95.5147 96.5870 97.0725 97.6861 98.2918 99.1672 99.9438 100.9372 101.6380 102.2924 103.7135 105.5167 105.3673 106.0334 104.7219 105.7981 105.8017 106.7820 108.6251 108.6546 108.6604 109.6111 108.5526 110.1701 109.2700
106.8000 106.4868 106.0971 105.3632 103.6526 103.0535 102.0745 101.6362 100.6456 99.5887 99.2564 98.8785 97.9513 97.4544 97.2296 97.4928 97.7480 98.6415 98.8979 99.7497 100.0678 100.8776 101.4638 102.1782 102.7151 105.0644 104.6655 105.4864 106.2897 105.6769 106.5769 105.9594 106.8778 108.8476 113.5350 112.3861 112.0484 110.9671 115.9061 113.2500
106.4800 105.7523 103.9885 104.7780 105.0000 103.5668 103.2006 102.0980 101.3174 100.4846 100.0747 99.8991 99.3088 98.9641 98.8071 98.7416 99.3879 99.5665 100.6206 100.5272 100.7731 101.3641 101.9216 102.6419 103.0021 105.2131 105.2533 104.5985 106.1497 106.8912 106.4348 106.4882 108.5127 108.4964 113.2164 112.9840 110.7715 110.3869 112.4722 108.3400
107.2900 106.1215 105.8918 105.5790 105.6612 103.5721 104.3228 102.5260 101.9591 101.7819 101.4279 101.0608 100.5063 100.0186 100.1762 99.9727 100.7056 93.6202 100.9625 101.3069 101.6242 102.1886 102.3593 103.6173 104.2646 105.7353 105.6718 104.5952 106.0144 106.2727 105.9616 107.9270 112.9704 108.3413 113.9267 110.6848 107.5531 109.1542 110.6970 107.4200
105.8100 105.7968 106.6322 106.5824 106.3105 104.6959 104.1597 103.4500 102.9635 102.3429 101.9551 101.7388 101.4275 101.0934 101.0855 101.2187 101.3424 101.6962 102.2589 101.9848 102.3275 102.6812 103.0738 105.4878 104.0912 105.0580 104.8357 104.8096 106.0543 107.0747 107.1433 107.1955 108.5526 107.8740 108.9175 107.8982 112.1216 109.2817 108.5263 107.4800
107.7300 106.9986 106.1742 106.5851 106.0994 104.5769 105.4261 104.1997 103.5117 102.9328 102.6319 102.4985 102.1606 102.0115 102.3665 101.8895 102.0140 102.1553 102.2849 102.7642 102.9494 104.6037 104.5045 104.2616 104.9900 104.3426 105.2751 106.7450 105.6674 106.8762 107.2465 106.7223 110.9293 106.9354 108.4775 107.8619 107.8782 108.4684 107.7426 108.4600
108.0700 106.0041 106.2504 105.6544 103.2748 106.7374 106.1548 105.0191 104.0201 103.8311 103.5692 102.9713 103.6233 102.9094 97.9679 103.0147 102.6096 102.7947 103.0307 103.1875 103.7256 105.6145 106.0847 105.0939 103.8921 109.8518 105.6854 105.7137 106.8168 106.8568 107.8524 107.6313 113.8626 113.5090 108.5907 110.3729 107.9784 108.2544 108.2904 108.3400
107.4900 106.3896 106.3120 107.2462 105.8870 106.9446 106.3648 105.5768 104.9149 104.5337 104.3200 104.9463 104.3752 103.4372 101.0148 99.2208 105.8657 104.1250 104.7625 104.7863 105.4303 105.2646 105.2489 105.9792 105.4925 106.1707 107.3488 112.1135 108.1633 107.9074 107.5433 108.4759 108.0527 114.4087 114.9811 112.2478 106.7113 107.4810 108.9303 109.1400
107.7700 106.7105 108.0655 106.4306 106.8897 106.9680 106.7388 105.4962 107.1477 108.6172 107.6615 110.2938 106.0267 106.0139 99.5727 100.8753 104.6699 105.7559 106.1588 105.1077 106.4205 106.1797 105.4627 105.9717 107.4597 107.3121 107.0276 107.2743 111.1723 109.5732 108.5642 108.6857 108.5403 107.9853 111.7342 112.0612 107.0453 107.1916 109.8380 108.9600
106.9500 107.2868 108.0386 106.5601 107.3934 105.6483 105.5977 105.3354 105.7388 105.7373 104.4458 104.4690 105.5459 106.4309 106.0752 105.4545 105.1195 105.3392 106.7139 106.8070 106.7112 106.5024 105.5023 106.3916 107.3155 109.6666 108.3164 107.8057 111.8112 109.4970 112.1171 109.4129 107.5568 107.8935 112.1844 110.4878 109.0779 108.0002 110.6872 109.2500
108.1200 106.9109 106.7615 106.9220 106.7174 106.3865 106.5717 105.8382 105.4350 105.3980 105.4493 105.7848 107.9130 105.0861 105.5284 104.6724 112.1659 107.5825 106.2319 106.1716 105.5332 106.8068 106.3553 107.9272 107.6823 111.5582 113.0603 109.8359 111.9443 110.9245 112.7012 113.7091 111.2028 108.4673 109.1778 111.0427 111.2723 108.4136 106.8820 109.2500
108.5900 108.1542 107.7458 107.6227 107.4104 107.1013 107.3808 107.4164 105.6368 105.6764 106.5487 104.4751 107.9510 106.2070 106.7180 106.0848 107.6248 108.1181 107.5354 105.5904 106.0600 105.5815 107.7858 107.4403 106.7978 107.0967 112.9492 112.7131 113.3000 109.6370 110.5003 113.7821 112.2187 109.5921 111.4917 111.5987 109.0884 108.8180 108.4555 108.5300
103.7600 109.8512 107.8476 107.2087 107.7899 107.1747 106.0078 106.6939 107.4815 107.7648 112.6301 112.5283 107.8146 107.1917 106.3979 106.3688 108.0212 112.2599 107.0347 107.1192 106.9071 107.4616 107.9500 107.8582 111.2183 108.2216 110.1940 112.2296 113.9135 114.1686 110.7630 113.3713 114.6383 109.6999 111.8893 109.6746 108.5153 108.8314 109.1879 108.5300
103.2100 106.8735 109.9381 108.8280 109.2141 107.7170 106.6361 107.4186 107.6021 110.4969 114.5064 112.4584 112.3504 108.1379 107.4098 106.3243 111.2506 111.1123 107.0395 107.1152 107.6180 108.0502 108.1665 110.4776 111.8826 111.2430 108.6115 110.9033 113.0846 115.2981 109.1054 115.3239 110.1013 111.7701 111.8678 112.5389 110.5457 111.6151 109.8461 109.7700
103.2100 102.8988 103.1614 108.5146 108.8636 109.1582 108.6253 108.0372 109.4531 114.4635 111.7265 111.8255 110.1197 108.0080 108.1512 107.8992 112.9449 111.2871 107.5620 106.4355 107.6219 108.5831 108.3217 108.1662 107.8587 108.9338 111.0940 113.2958 113.1234 112.3145 110.4422 112.0288 113.9133 114.5994 114.4755 115.5334 109.2198 111.9573 109.7329 108.4400
104.1200 105.6324 109.2088 105.3758 103.7757 105.5222 109.3348 109.9649 113.5506 113.9499 111.2640 113.5956 110.4042 107.6620 107.8230 108.4953 113.4428 109.6082 110.2062 107.8205 109.4877 110.2067 108.2639 108.5532 109.0283 109.3215 109.5318 112.6831 109.2564 116.5544 112.9754 115.6222 113.2739 115.0466 106.9220 113.8563 111.5567 108.7395 111.0633 112.0800
104.2400 104.7400 111.5200 103.7800 103.2900 109.1700 109.1700 109.0400 114.9600 112.8700 113.9300 110.8700 112.3900 107.5400 107.6000 108.5400 113.0300 112.3600 110.5300 108.7500 113.7700 113.7700 108.4700 108.5600 109.0800 114.0700 114.0700 112.9800 113.6500 117.5700 112.6300 114.5300 114.5300 112.8200 114.0900 113.5600 109.0300 108.2600 112.2400 112.2400
