86.9700 86.8100 89.7000 91.6700 93.9600 95.2700 98.2600 99.0200 100.2900 101.3600 102.0200 103.0800 104.5000 105.1100 105.7700 105.0800 104.6600 105.8400 106.5500 107.5500 112.8000 110.0600 111.3700 114.2400 115.9400 119.2800 118.2400 119.4300 119.9300 117.6400 116.4900 115.5000 114.5300 114.0500 113.1800 112.7900 112.0700 111.6800 109.8500 111.0300
80.8500 84.0830 86.8950 90.1025 92.5821 94.9002 97.5519 98.6277 100.2772 100.7785 102.2272 103.8476 105.1159 105.1952 105.9369 105.8727 105.9238 105.6129 106.6990 106.9843 111.2128 112.9096 114.6068 112.8170 115.3165 117.6426 116.8006 118.7056 119.1312 117.9155 116.8108 115.7454 114.8000 113.9977 113.3271 112.7595 112.0709 113.2380 112.0790 111.3400
70.9600 77.0750 82.7995 87.3240 91.8132 94.0340 96.1456 98.7770 99.5373 100.5403 102.2720 102.6415 104.6846 107.4933 105.5939 106.2880 106.4711 105.5335 106.9218 106.9670 111.0157 110.5748 111.6400 113.9175 115.5192 118.5118 118.0045 113.5186 119.7693 118.5783 117.3541 115.9245 114.8785 114.0252 113.3636 112.7259 113.0782 113.0219 111.2563 111.3500
70.9600 68.3820 80.0959 87.5397 91.8700 93.3605 95.8979 97.5454 99.2268 100.7710 101.5250 102.7763 104.7572 103.2634 104.3519 105.8796 104.9104 107.3204 108.5837 108.3404 110.7678 115.2274 114.4177 115.1098 116.2199 118.1861 121.0590 122.0775 119.5189 118.2562 117.2161 115.9028 114.8988 114.0734 113.4088 112.8054 112.2533 111.8589 111.5302 111.4200
71.9000 67.0398 80.6420 85.9051 88.9586 93.0580 95.8197 97.3338 99.5724 100.6788 101.4887 104.3304 103.4880 104.1998 104.9129 106.0624 104.8661 105.1724 105.6315 105.4927 107.7687 109.8169 110.4446 116.1800 116.6848 115.8827 117.5470 117.4025 118.5052 117.0640 116.6753 115.5813 114.7760 114.0577 113.4313 112.7966 112.3748 112.0121 111.5433 111.3600
75.7800 72.0435 81.6130 88.7731 91.0873 93.5160 96.0244 97.7117 99.8492 100.8119 101.5534 103.8377 104.3388 104.5767 105.2987 105.4643 105.3477 105.3914 108.3257 109.3696 109.9141 112.5940 113.3382 115.1062 116.2249 116.5776 118.2933 118.5138 118.7548 117.2518 116.7658 115.6789 115.1505 114.2033 113.4290 112.7893 112.3496 111.9723 111.4973 111.3700
75.7800 83.5739 86.0345 89.1991 93.1034 94.3830 96.3612 98.6858 100.3779 101.2040 101.8721 102.6821 105.0329 105.3984 105.4572 104.6484 105.6914 106.1616 107.2833 110.3697 109.4575 110.9369 111.5072 113.7719 113.7986 116.3280 118.6257 119.6221 119.3557 117.8696 116.8081 115.8441 113.2655 113.1854 113.3714 112.8129 112.4194 111.9799 111.6251 111.3600
85.0900 88.2226 87.3491 90.8240 94.9873 95.7499 97.5525 99.0717 100.0740 101.4171 102.1907 102.5519 105.3849 104.9523 106.1625 105.9165 105.2466 106.9845 107.3422 107.4657 107.6555 107.7730 108.3861 112.2172 113.7075 114.2200 117.1918 118.5590 116.9921 116.8917 116.1577 115.9608 112.7601 112.3332 113.6968 112.8783 112.3147 111.9062 111.5712 111.2400
87.4200 90.6245 90.4286 93.4820 95.9264 97.3109 98.2218 99.7381 100.7051 101.6313 102.5885 104.6992 104.6924 104.9849 106.0578 106.6099 106.7718 106.9850 107.3155 107.5572 107.9430 108.1071 110.3184 109.2723 114.9422 114.6800 115.8303 116.4957 116.4553 116.7466 113.4131 112.0583 110.5004 111.0344 111.8028 111.9000 112.3919 111.9338 111.6137 111.3400
95.7800 94.8441 93.9999 96.2587 97.4603 98.7527 99.0200 100.3071 101.1302 101.8130 103.9468 104.5781 104.8949 105.6393 105.6625 106.8446 107.1721 106.6324 107.0909 107.5376 108.0827 107.8992 107.7336 112.4541 112.3077 115.1638 115.7740 116.1383 116.1815 114.2450 113.0828 112.1966 113.9563 110.4537 111.3207 111.6367 112.3912 111.9393 111.6554 111.4300
97.0100 97.1583 97.1564 97.7101 98.6630 99.3431 99.8163 101.1754 101.4655 104.0026 104.8037 105.1961 104.4952 105.8055 105.2340 109.6015 107.9031 108.6329 106.6558 107.6642 107.7760 107.9420 108.2028 108.7541 112.9978 115.1348 115.8229 116.0459 116.4541 113.5722 112.9105 112.2801 114.5041 110.0686 111.5310 111.8767 112.3091 111.9100 111.6036 111.4200
98.6400 98.4555 98.7347 99.0809 99.8017 100.2659 101.0159 101.7467 102.3106 103.5941 105.3813 104.5691 107.4977 105.0283 105.3386 105.7093 108.9895 111.3761 111.5770 109.5177 110.3736 110.5271 108.7345 109.3267 112.5660 114.8734 115.2655 115.0910 116.1320 111.4861 115.5669 112.6738 111.9051 111.8371 111.3222 110.9303 112.3550 111.9747 111.6335 111.4600
99.6600 99.5905 99.7718 100.4336 100.8375 101.1657 101.3933 102.3477 103.0273 104.2268 105.7163 103.7300 105.1263 106.5398 108.3248 114.9615 105.9518 108.7451 108.5236 107.8017 109.7180 107.3078 114.7647 113.6817 112.7607 114.8990 115.0374 115.2876 115.3881 115.1011 114.0999 115.3622 111.3546 113.4559 109.2306 112.5942 112.1295 111.8452 110.2593 111.5100
100.5300 100.7046 100.8832 101.3060 101.5902 101.7781 102.8720 104.9129 104.3475 103.4729 104.8880 105.3925 106.1533 105.6904 104.5986 112.1510 110.1776 112.1184 109.7642 108.5514 106.4806 108.5722 114.5410 114.8582 111.2163 115.7153 116.0647 114.5518 115.5271 115.6183 115.6254 111.6419 111.5579 112.8495 110.4805 112.2313 112.0567 112.6823 111.6273 111.0600
101.4800 101.6056 101.7328 102.1115 102.2825 102.5475 104.4456 104.3313 104.0631 104.4165 103.8719 103.7344 104.9305 105.7825 106.0122 110.4929 109.7865 106.0757 109.0581 110.1049 112.0984 112.2034 108.5698 109.6475 110.7603 116.7097 116.6353 109.7420 112.6032 115.1284 114.9340 108.6736 109.4716 109.7547 112.2150 111.5316 111.7892 113.9226 113.0803 111.0600
102.2900 102.5551 103.1361 102.7073 103.0363 104.1743 105.1509 104.1465 105.4339 105.6456 103.3925 106.5604 106.0077 106.8993 107.3633 104.5556 110.5805 109.0549 114.2406 110.0762 112.1683 114.6238 112.0625 113.1891 111.8141 114.6194 116.5657 109.1999 109.5698 113.1724 115.8668 108.1199 108.2979 108.4985 108.9438 111.3461 112.9395 111.8588 110.6053 111.9400
97.7800 101.8935 104.3526 103.6576 104.6829 104.4140 104.6125 104.9912 105.8994 106.7049 104.3184 105.4701 107.1067 107.1764 107.0639 106.9782 107.4246 109.1061 110.2034 108.6422 111.1161 114.0969 115.0708 116.0369 111.7514 111.0111 115.7396 115.9068 111.8820 116.7712 114.4785 108.6096 107.4747 108.9376 108.2856 110.4406 111.2477 110.7281 110.1769 110.8500
105.0500 105.9778 103.7877 103.9439 104.8344 105.3609 105.2069 104.7323 105.4069 105.6215 106.6864 106.6837 107.2088 107.5620 107.1326 107.9284 107.8867 108.4059 107.7496 110.7189 114.7443 112.8438 111.3245 115.4601 114.7175 112.2034 113.2288 116.8596 109.0005 114.1126 109.4700 111.0701 113.0849 109.1858 111.7300 109.3238 109.2111 112.0981 111.7782 113.2700
106.0300 105.8407 106.0955 106.6183 104.7206 104.9830 105.6065 105.8930 105.2459 105.7606 106.8094 107.8023 107.8421 107.6649 107.0658 107.9779 107.6325 108.3603 109.2027 109.3498 110.1074 113.0271 115.6445 114.5847 113.1841 113.6407 116.9288 113.5304 106.4494 111.1935 109.4924 108.1961 110.3166 109.8004 113.1428 110.4282 109.3562 111.6447 112.0630 111.2100
106.3800 106.7381 105.9730 106.9884 104.4770 104.8750 106.5384 106.0865 106.1819 106.0548 105.5355 106.9814 107.2933 107.4539 107.6375 108.4440 108.4951 107.8303 108.1605 109.0686 108.5753 114.9087 114.7122 113.9090 116.8949 110.8111 112.9334 117.1984 116.2944 109.0518 109.7025 108.4229 109.1342 111.4702 110.0542 113.1490 110.5442 112.6070 110.1343 112.1400
105.7300 105.7907 105.8230 103.9087 109.3868 108.0706 107.2796 107.0422 107.8328 107.6290 106.3651 107.7635 111.8789 108.5237 108.0247 107.5144 109.0642 108.1304 107.9596 107.8793 109.8700 109.1464 113.7110 113.9594 109.3080 113.2407 115.7017 116.1415 109.7146 108.7096 109.2099 108.6549 109.0124 111.6939 117.5182 115.0180 118.5479 121.1148 108.0837 109.4600
106.5900 106.8530 106.8843 107.9402 112.2608 109.5067 107.6212 107.4874 107.9324 108.1589 110.2044 112.8259 109.1734 108.0019 109.2320 109.0760 107.5595 108.4488 108.3794 109.7886 111.0121 113.3841 113.2332 109.3398 114.2177 107.8227 108.1333 108.6017 108.2615 111.4479 111.2418 110.1839 113.5579 113.5216 110.4250 113.7637 117.2421 121.4808 114.0962 111.0200
107.0500 109.1031 107.4151 112.0122 112.3508 113.4130 108.1185 107.9770 108.1114 108.2168 109.2021 108.5024 110.3813 109.5951 110.1321 111.2025 108.4311 108.2962 109.7908 109.8574 111.9505 113.2273 116.0817 110.6465 112.8412 110.3386 109.7038 109.1452 109.8045 108.5183 109.7830 113.0701 114.7227 115.1689 113.0773 113.7626 116.9693 114.6386 109.4632 110.0300
105.4600 107.0844 106.9626 108.0821 110.0747 112.0273 114.2992 108.7921 108.7974 108.1148 107.2909 113.7157 114.7429 113.4254 109.0138 109.2628 110.5783 108.3473 108.9602 112.7115 112.2660 112.8241 115.7890 116.3123 112.1033 112.0645 115.0761 108.9448 111.8081 110.4622 110.2631 114.7967 118.6354 118.1312 117.8567 115.1980 116.7812 113.5940 112.6055 109.5900
108.0800 110.8259 109.4617 109.3842 105.9311 108.0878 113.0369 111.2918 110.6092 109.1997 107.7647 114.9682 111.0955 116.6202 110.8604 111.5903 110.3906 106.3499 107.8681 108.4122 113.7477 114.1028 116.7796 115.8982 113.3008 113.1926 112.2742 112.7148 110.5394 113.4717 110.8834 114.1838 109.8747 123.6887 118.8214 112.7085 112.2349 114.6966 110.7751 109.5900
112.5400 111.7199 112.3287 111.1462 113.2028 113.9697 108.5050 107.9182 108.2234 107.4859 109.6492 112.0495 118.1263 115.0733 111.1688 112.3489 109.9121 113.4773 107.7313 107.8867 112.1594 115.9821 114.6921 115.6036 114.8717 110.9808 115.5256 111.9864 113.0217 111.6950 109.3027 111.9871 111.1318 114.6949 110.1349 111.0613 109.9689 107.8543 109.4875 110.9500
113.6500 112.1117 110.7616 112.8922 109.9636 111.2179 112.1810 109.8200 112.2443 108.5601 109.6107 109.2472 111.2275 113.3884 114.4116 116.8168 111.7167 111.6255 111.6841 110.4902 108.3721 113.0739 114.9351 116.5189 117.5056 111.1197 110.9727 112.0407 114.8855 118.5441 110.3408 109.2671 110.8136 114.1351 116.1793 108.9047 113.2133 120.2312 110.2400 112.2100
112.4300 111.8756 110.2196 112.1354 114.5041 112.1308 110.9655 111.0921 110.1415 111.8199 108.8925 109.4267 113.6351 116.5762 110.3761 116.9943 114.4131 111.3452 115.0792 114.4415 114.3426 109.7763 112.5664 116.8269 111.1624 112.8608 112.1339 114.1492 112.7624 113.6976 109.7541 109.6067 109.4184 112.4897 115.3412 117.8706 109.8818 114.0338 112.4161 116.7200
114.8300 112.7244 104.7683 116.0219 112.9003 111.1391 109.8739 107.4939 110.0766 114.0761 110.9836 109.5382 110.3580 112.0488 115.3094 113.1085 112.5299 110.0690 110.3876 114.0705 114.1328 114.8581 110.2257 116.4387 109.8904 112.7350 116.5554 113.9291 118.7693 116.0581 110.6722 111.1888 109.9123 115.3569 111.3182 111.9077 110.5224 111.1879 112.0932 113.1300
109.7900 111.6143 102.3770 115.0660 108.7562 112.1208 110.4893 111.4080 108.3487 114.4457 111.9525 110.0543 109.3029 109.1215 116.2083 113.0142 112.3017 111.0230 111.2788 113.1423 117.4919 116.7682 117.2284 111.9678 110.1142 108.6284 112.7948 108.7473 114.7664 121.5979 117.6769 111.4162 110.3898 111.1496 109.8122 110.8952 110.4518 109.7385 111.6951 109.7400
111.6200 106.7325 109.7026 112.1759 111.7550 113.2364 109.9452 111.0636 110.3668 112.8993 113.6104 113.1034 109.8090 110.7735 113.2358 115.0674 112.5654 109.9692 111.6441 111.1232 113.7283 118.1112 117.7998 116.7984 115.0107 107.6912 118.1915 110.3461 110.9109 119.6906 119.2471 109.0302 111.2838 109.5717 110.6391 109.9099 113.8456 109.8669 110.7665 110.2400
112.9800 113.1985 112.0828 110.0640 113.2426 112.9539 111.9564 112.2194 110.9155 113.8254 112.8687 116.3041 113.0550 109.5584 112.0598 117.2049 108.8203 113.3304 112.2865 110.8745 111.7575 117.6114 120.5792 117.0121 119.6099 114.6089 109.3704 109.2532 110.3301 114.9703 123.5612 112.8911 115.9353 112.7668 110.6879 111.3204 114.3074 113.9477 112.8031 112.1500
113.4500 113.0492 112.8973 113.4400 114.1376 109.9963 112.0530 114.1374 110.7390 110.5611 112.1928 116.6321 111.4367 111.5015 111.7921 115.4108 110.4972 112.2773 114.0301 110.8258 114.6218 116.9467 112.8592 117.5945 114.6937 109.6679 111.0249 114.8377 109.1673 112.1499 118.0447 117.7542 109.4401 117.7124 109.6261 112.4719 113.8801 115.4181 113.0587 114.4000
114.5700 110.5406 114.3067 113.6204 110.5502 108.8776 111.7702 115.3363 115.5309 113.6885 116.3331 115.1168 113.9033 112.6222 113.4934 111.1211 111.5611 111.7174 113.9086 116.6412 114.7848 112.7298 115.7678 116.9896 119.3218 110.4834 109.8574 110.2243 109.9156 111.0252 108.5051 112.9967 110.0017 110.8885 111.4317 113.1897 112.4455 113.5940 114.4709 114.4000
111.4100 112.0550 115.5503 115.6246 110.8077 112.1318 113.3208 116.1630 115.7583 113.1797 115.4992 115.1940 117.5647 111.5582 117.4002 114.5443 112.6557 115.0951 115.9805 114.4498 113.3266 114.6407 115.2346 113.8409 119.3042 116.3064 110.6201 111.0174 111.6551 117.8077 112.7175 112.5410 111.5016 111.5982 110.3923 111.1840 111.8545 111.2937 113.3446 112.4300
113.6700 112.8631 114.0380 115.2771 116.6887 117.2700 115.6025 116.9635 116.7845 112.3344 115.1261 108.2181 110.2516 109.5009 113.7511 112.5530 111.8189 117.7417 115.7923 112.2196 115.4135 115.4256 113.0305 109.8466 110.4072 108.9091 110.8273 111.0142 110.8755 116.1454 111.6553 114.1027 110.2012 110.0082 115.8203 112.4336 110.2355 111.7638 111.9548 112.4300
114.7900 114.0589 116.1371 115.5640 117.7559 117.3214 117.6902 115.4349 114.1688 112.1964 113.7500 108.3368 110.9850 111.5898 112.4183 111.0386 114.4047 116.3634 117.7028 111.8714 113.9724 115.6435 112.8465 110.1133 112.2310 113.4487 109.2352 115.7074 111.2521 116.0780 116.8923 117.1892 109.8086 116.7861 121.8054 116.7614 121.1070 114.6500 111.4911 114.3100
116.6700 117.1446 117.3778 113.9419 116.3640 118.8909 116.5866 115.5607 116.1429 113.3452 112.0082 113.7405 111.8551 115.0249 115.9385 114.5468 116.0204 117.5411 118.5521 120.6437 116.7413 115.0691 116.5660 117.3609 119.2405 120.7013 115.6875 110.3943 112.2434 113.8870 119.9306 121.4902 119.5577 123.9605 112.5968 123.5739 114.8585 118.2953 112.5157 115.9700
110.3800 120.3485 113.8666 112.4729 114.7339 117.8591 111.6556 121.1628 117.9811 118.0179 115.1546 114.7267 113.2388 115.4988 116.0261 116.8484 115.9669 120.0389 119.5124 117.0770 117.3134 116.5390 117.3466 118.1769 114.0972 116.2367 119.5972 115.8820 118.4689 118.8210 121.1591 114.9295 122.5373 119.2000 107.5503 120.5704 111.6964 114.9143 113.4653 117.4200
110.3800 118.5700 110.9500 110.9500 116.2600 115.4400 111.5100 119.5000 118.4500 116.1700 116.1700 115.9600 115.9600 118.2500 115.5000 116.9000 119.6800 122.6400 118.9700 120.0300 116.8600 116.8600 115.9500 118.8400 118.7400 121.4100 121.4100 110.0800 110.8500 119.8900 122.1200 122.6800 122.6800 111.2600 111.5900 110.3000 114.7200 114.3300 115.9800 116.2500
