100.7500 100.7500 98.8900 98.1400 96.5700 95.2600 94.1500 93.2900 89.7800 89.8600 89.7100 92.1100 93.7700 95.5700 97.7500 97.7500 99.6000 100.3700 101.1800 101.8200 105.6300 111.3200 109.7300 107.6900 108.6800 107.1400 113.1500 106.1400 106.3100 107.3800 108.3500 110.8400 112.2400 120.4200 120.6600 121.1200 121.3400 121.7800 121.9800 121.2500
100.4500 100.0141 98.4867 97.1493 95.3015 93.3571 91.9501 89.5372 87.4187 86.9362 88.0503 89.8465 92.1136 94.3581 96.1431 97.4066 98.7812 99.9641 101.1063 101.7978 102.3032 106.9028 110.2599 108.3383 110.0547 107.3757 108.4503 104.6004 105.3941 106.8026 108.4211 110.1835 112.3040 114.8020 117.9190 120.8801 121.3081 121.6173 121.9728 121.3800
100.4400 99.2008 98.1902 96.3713 93.9361 92.0862 89.7627 85.5452 83.5163 82.7596 83.6003 86.1523 89.6321 92.5118 94.8880 96.6934 98.2121 99.4920 100.7424 101.7749 102.5233 103.7700 107.8414 111.9312 110.3787 107.6817 105.7235 104.4287 104.7514 106.2402 107.9559 109.8500 111.9845 114.4670 117.4632 120.5980 121.2923 121.5850 121.9432 121.6000
100.1900 99.3577 98.4112 95.6155 92.8851 89.4815 86.1335 80.9864 76.3889 74.6898 77.9794 83.1327 87.3752 91.0179 93.7450 96.4535 97.9119 99.1729 100.3519 101.3931 101.8448 104.4035 109.5346 114.1368 111.4097 108.1288 106.0716 104.5339 104.6377 106.0736 107.7954 109.5869 111.7120 114.1660 116.9786 120.1698 121.2923 121.5553 121.9421 121.1800
99.4500 99.1876 97.7853 95.3188 92.1626 88.2759 82.8902 78.6192 68.5451 66.2196 71.1865 80.4866 85.7249 90.0691 92.8802 95.6797 97.5335 99.0657 100.1776 101.1254 103.7947 103.3355 108.6959 113.4379 111.5826 108.3124 106.1721 104.7776 104.6579 106.1130 107.8177 109.6144 111.6442 113.9372 116.5283 119.7389 121.2995 121.5406 121.9597 120.8000
100.1200 99.5490 97.7637 95.7535 91.6876 88.0393 85.3157 79.6160 64.8855 60.3895 66.3156 79.0591 84.6833 90.7016 93.0599 95.8597 97.4558 98.7950 100.1784 101.0992 101.8153 102.9341 108.7448 114.2685 111.8880 108.3597 106.2182 104.7802 104.5873 106.2273 107.8478 109.5766 111.6019 113.8959 116.4731 119.7251 121.2915 121.5326 121.9626 120.7100
100.1300 99.4482 97.7174 96.1804 91.8671 88.8012 86.1239 83.0706 71.3260 69.0354 72.4386 81.2800 86.3010 91.0950 92.9684 95.8501 97.7483 99.2466 100.2480 101.2555 103.7345 103.6314 107.2923 112.7006 111.0299 108.4315 106.2772 104.1829 105.6244 105.7676 107.6098 109.6312 111.6666 113.9528 116.5476 119.8461 121.2894 121.5366 121.9221 120.7200
100.3700 98.7438 98.0954 96.6782 93.5428 91.5406 87.8952 86.2812 81.7313 79.9337 81.4554 84.4601 89.1082 92.7613 95.3541 96.8168 98.2627 99.4438 100.3405 101.3753 102.9063 103.9052 104.8395 110.1985 109.9074 108.0312 105.4375 107.4482 109.2247 108.1839 109.9976 109.7349 111.7699 114.1228 116.6346 119.2533 121.3289 121.5200 122.0961 120.6800
100.6200 99.1211 98.7267 97.1721 95.0514 92.7711 90.1734 87.1160 86.3113 86.0123 87.7942 88.7166 91.8787 93.1282 96.4520 97.8946 98.6133 99.6086 100.6300 102.3644 102.8187 106.1024 109.4244 105.7414 110.8844 107.9758 105.2970 109.3376 110.0597 109.0618 111.1947 109.9551 111.9034 113.9669 116.2345 118.2534 120.3487 121.8075 121.1359 119.3800
100.8900 100.1970 99.1869 98.4533 96.7180 94.1865 92.9724 91.4441 90.2375 89.8578 89.8758 92.3486 93.4694 94.6460 97.3837 98.6450 99.7067 100.1217 101.3290 102.9328 102.7900 104.5803 105.3814 109.7672 112.8124 104.2473 104.6929 106.5873 110.2969 115.6442 110.1272 110.1166 112.1190 114.1928 116.3964 118.1743 120.0205 120.4345 120.3829 119.2400
101.8700 100.9139 99.9032 99.0194 97.8343 95.8568 94.7228 94.2702 93.4845 93.2054 93.6841 94.8002 95.4562 96.4615 97.8758 98.8098 100.0921 100.5493 102.9746 103.6272 103.4169 104.9038 105.9434 110.9820 108.4012 105.4848 107.2760 106.6357 108.3072 110.3383 112.0472 114.1920 112.1895 114.6501 117.0606 118.2948 120.4728 119.6243 120.2525 119.2100
101.8100 101.3042 100.5044 99.8837 98.9925 98.0372 97.6522 96.9014 96.3426 96.5475 96.4096 97.2334 97.5122 98.3377 99.5971 100.2011 100.8112 101.2975 102.2955 103.7786 105.0139 103.9783 105.7434 106.2952 106.0661 105.7346 105.7179 106.2199 108.8232 110.2787 112.8085 114.4803 112.6342 115.5539 117.5209 119.1355 121.2203 120.3200 120.2381 119.3300
102.4800 101.8854 101.5772 100.9467 100.0098 99.3677 98.9731 98.6418 98.4518 98.5215 98.6744 98.7347 98.9369 99.8883 100.1553 100.1793 101.5126 102.4503 104.0027 104.9515 104.4240 105.3350 105.6935 106.7836 105.9164 105.9210 105.7706 105.4512 105.7108 106.8279 110.8591 107.6558 112.6706 118.2046 118.5762 120.2476 121.2532 120.0593 119.9239 119.4800
104.7100 103.5508 101.9304 101.6077 101.0332 100.3487 99.9321 99.6760 99.7804 99.7667 99.5483 99.5150 100.0574 100.4463 100.7502 101.0976 101.8275 104.5650 104.1973 104.3666 104.6633 105.6499 106.2559 105.8228 106.6812 107.6705 107.6420 108.5626 108.8362 112.8571 107.2272 112.8999 113.0771 115.4605 114.1695 117.1068 119.2429 120.1415 121.0807 121.7400
105.3200 105.1117 102.7967 102.2065 101.9203 101.2859 100.9392 100.8491 100.7733 100.7093 101.0332 101.1261 101.3599 101.4749 101.1868 103.7577 103.2799 105.4544 105.1863 106.3011 104.6669 106.8932 105.7960 106.2425 107.1801 107.2035 106.9520 110.6086 110.6213 111.6223 110.7021 113.0752 113.0099 114.9139 115.4066 112.4951 114.3603 114.6431 114.8771 119.3100
105.8600 104.8733 105.0728 102.8889 102.5912 102.2548 101.8858 101.7945 101.6267 101.6362 101.8767 101.9366 101.9832 102.0539 104.0167 103.8893 103.7774 105.3141 106.2797 105.3399 105.0963 106.4068 106.7490 106.0887 106.5960 109.3173 108.3022 110.8452 109.3572 112.8497 112.3758 113.3933 114.2982 115.6625 112.7876 115.4303 113.3666 109.0830 112.0230 110.6800
105.5100 105.4327 104.3885 104.2454 103.2757 102.8225 102.5826 103.2981 102.3039 102.4450 102.2948 102.6649 102.8334 103.1757 104.8092 105.5761 105.8037 105.3173 104.8740 105.6851 105.7159 106.4543 107.4842 106.9290 106.2974 106.8879 108.4152 108.1682 112.5595 110.5687 113.2090 116.0414 115.1740 112.6059 112.4269 112.8091 111.2926 112.2334 111.3858 112.7400
105.7700 105.0114 105.2411 105.5446 105.0824 106.0820 104.9445 104.2690 103.4731 103.1705 103.3229 102.2188 104.4632 105.6006 104.7263 110.9076 105.3125 105.6166 106.6772 106.1243 106.2675 107.2659 107.7104 107.7163 107.8326 107.3835 112.2158 111.8939 113.5528 109.1471 110.8993 112.2989 112.1948 114.0287 113.0851 113.9553 116.6024 115.8936 115.4464 114.0300
105.7700 105.3809 106.7978 106.6211 105.6889 109.2959 104.7749 104.6416 103.9727 104.4212 104.4790 105.1485 104.4257 105.8005 105.4434 110.8132 105.4786 106.6795 105.8472 106.8900 105.9917 107.2019 107.3199 107.7765 107.5626 108.1822 109.2847 111.8565 113.9844 110.2796 109.6638 110.4343 109.2444 113.7509 113.9644 113.6987 117.3452 117.3956 117.7844 115.4400
105.6900 106.7871 105.8972 105.4453 105.8720 108.9018 104.7425 105.0217 104.6928 104.7399 105.8885 106.0498 105.4896 105.7607 104.8908 105.7527 105.7748 106.2878 106.0459 106.9821 106.0900 106.1797 107.6761 108.0015 107.9924 108.3945 108.8823 109.1978 110.0933 114.9915 113.3677 112.4494 109.8315 110.1883 113.7839 114.0340 115.2258 117.5927 117.5776 116.8000
106.5300 108.3671 105.6332 106.9377 106.2648 104.2215 107.1909 105.5400 105.7772 105.0956 106.3161 106.4299 106.4274 105.3478 106.4262 110.9144 109.2762 107.8041 106.5106 107.7603 107.9071 107.8578 108.1652 108.6175 107.3112 108.1865 108.2887 107.8324 112.6347 111.4545 114.7225 107.6460 116.7663 115.3934 116.5859 115.4437 115.3594 110.9945 116.1894 115.4700
106.1100 107.6156 107.9711 106.0396 106.5668 105.4199 106.9522 106.1572 105.1982 105.1703 106.7413 106.8817 106.5338 107.0195 106.2180 106.3062 106.1993 106.8118 107.2052 107.5490 107.7387 108.1094 108.2725 108.7819 108.4373 111.3609 109.8049 108.6737 109.3750 109.4415 114.0176 113.7353 113.5809 112.0573 117.0620 115.3307 116.0198 116.5383 115.5005 115.3900
109.0600 111.6391 111.7748 107.7906 106.3999 110.5780 106.0624 106.7545 108.3014 106.9280 106.1665 106.7085 106.8123 107.1282 105.8847 106.5371 106.3147 107.1165 107.8897 107.6424 107.8166 108.5269 108.7071 108.6072 109.0222 108.8322 107.9633 110.9678 109.5598 109.4948 109.3738 111.9303 114.5714 115.9604 115.7277 116.7156 116.3566 116.3544 112.3043 116.0300
105.8300 109.3239 107.7793 106.5553 105.9943 112.4546 106.2884 106.6412 111.1564 112.1142 107.1978 107.7497 107.0718 107.4237 106.9073 107.7162 107.2146 109.5735 107.9286 106.9311 108.4899 108.5807 108.6291 108.8103 109.0323 109.4241 110.6028 113.7174 114.9453 110.4717 110.4309 110.1627 110.1168 113.8125 117.0350 116.8429 116.6263 116.7280 109.8432 113.3600
110.9700 109.0227 113.5255 111.3239 110.0602 111.4608 108.6796 109.7982 109.8252 110.0958 108.0496 107.7371 107.4067 107.3388 107.3025 107.6556 107.2792 110.3704 108.4166 107.1742 110.7082 108.6643 108.9370 108.9488 109.2144 109.2171 110.4062 111.5728 113.2294 109.6542 113.1983 113.8544 109.4436 111.1374 115.1833 114.8456 112.1916 115.0967 113.9313 111.2600
114.4700 112.5369 113.2302 115.3796 117.5339 107.3916 106.4459 111.0678 111.6467 109.0898 106.1045 107.9300 108.3704 106.7757 108.0557 107.1375 106.9100 107.9052 107.6794 108.1683 110.5331 108.7651 108.5160 109.5528 109.1860 109.3842 109.7977 113.6081 111.6465 112.2426 113.1232 111.3944 109.2003 111.2300 113.0005 113.2357 109.9503 111.9779 113.7906 111.2600
114.4700 114.7661 112.5812 113.5514 113.2229 109.4212 108.6656 112.6677 112.0965 111.2869 109.0318 108.7308 107.6695 107.3979 109.3080 107.4452 108.1754 108.9091 107.5076 109.1209 107.4893 109.0400 113.6597 110.8471 111.5387 111.2350 111.5046 115.0660 110.6001 108.1732 113.7426 111.5023 109.7240 109.2511 115.8023 110.3316 111.2595 117.1744 114.1622 116.1500
113.4500 113.9721 113.2766 113.3567 106.6770 110.3163 110.3689 111.0715 113.7579 113.3501 108.2447 108.7671 108.4823 108.2547 110.9503 107.9203 108.4732 107.8687 111.2024 108.5282 108.4507 108.8988 110.3281 112.5769 114.4234 113.3124 112.3662 115.9613 113.8469 113.7707 111.9899 111.3264 110.9952 115.6944 114.6751 111.8672 111.5572 113.1660 111.1598 108.7200
115.2400 115.0191 115.1333 109.5816 105.4944 113.1907 111.1507 108.0217 113.6189 110.1495 108.3091 108.7871 109.0833 109.0515 108.5453 108.0811 108.3113 107.9812 110.2889 109.4708 109.7969 109.9971 116.3004 113.5639 109.7841 114.2961 115.9289 112.4418 111.3834 114.1496 113.0178 111.8254 113.9745 117.8531 116.6052 109.9961 109.5402 109.7182 111.7445 109.1600
115.4300 106.3470 116.2732 112.5405 103.1448 114.4555 114.0331 116.1740 114.7509 112.6337 108.1548 113.8991 108.6235 109.4580 105.4109 107.7607 109.6602 108.8461 111.0910 111.6863 115.2303 113.3480 113.1318 109.7477 113.3080 115.8029 116.4873 114.7591 113.8598 111.5226 114.1018 111.0374 110.2080 113.2167 109.9625 110.8799 110.7630 109.6883 111.1720 112.4600
116.0300 108.9578 112.3118 108.2702 108.5925 114.6134 113.3363 109.4053 111.1635 113.7223 109.7069 114.6877 108.7477 112.1224 110.5395 108.3925 110.9977 108.9371 108.3684 111.6471 112.5633 113.7883 109.5834 110.9658 109.4085 112.2443 115.0090 112.9102 114.7263 116.5123 112.7479 109.2987 112.9522 114.5081 113.5230 111.1108 109.3124 109.8985 110.4243 110.2600
112.3600 112.2758 110.0013 110.2890 108.7204 114.1184 109.8752 115.9828 114.2271 113.3454 110.4385 113.4604 108.6774 113.9884 110.1994 106.4217 111.9385 109.4218 109.8173 110.8161 112.9507 114.4565 113.5190 116.2067 115.2960 114.8957 117.5456 114.3202 113.9561 116.5252 114.5276 110.9772 111.4813 109.0718 109.2443 112.7479 111.8920 109.9431 109.8198 111.3900
112.3600 114.3603 114.0491 113.9040 109.7503 110.4233 114.8053 107.1783 108.4439 108.2843 114.7426 115.0962 109.1259 111.6107 108.3083 111.3752 112.3303 109.3487 113.3538 111.5133 116.5931 114.9004 115.4316 113.0315 110.7047 115.4665 117.4685 116.4366 112.8464 116.2113 112.7026 109.7014 108.8492 109.9554 109.4573 109.6520 110.6799 110.0128 109.7287 112.5800
113.7500 111.3837 115.5097 111.6378 110.0898 113.9799 113.1946 114.8556 115.3929 115.8109 110.8688 116.1006 109.2769 112.6508 112.6233 109.9582 112.5178 110.2009 116.7958 112.8464 115.6246 114.0942 115.4225 114.2950 111.4741 109.5204 116.4200 114.6678 111.2313 113.0550 110.4663 110.7115 110.2132 109.7005 109.8169 109.0713 109.7503 113.9029 112.2324 115.7500
113.7500 113.4747 111.2704 108.4079 108.0921 114.6288 116.1101 113.0865 112.4120 113.8979 111.7219 115.1924 112.3102 114.7083 115.1777 110.3391 113.5088 112.8850 112.9190 113.3667 113.0548 115.8940 113.0268 115.2379 113.8035 110.8149 112.5862 112.4047 115.0634 116.8219 112.1787 110.2200 109.9956 109.8288 110.0069 109.1071 109.6669 112.3337 112.2819 111.0700
110.5700 113.0761 109.2855 109.5436 114.4712 115.2086 116.2000 116.0296 110.6678 115.9362 113.5653 113.0939 109.9538 111.6017 110.4031 110.3037 110.6555 115.3016 111.4182 111.6172 112.8865 115.6281 108.6502 108.7949 108.7672 108.8801 109.5774 113.2483 112.4916 114.0350 110.4890 109.8881 110.4656 109.8448 110.1614 109.9251 109.7292 110.6398 111.5476 111.0700
110.5700 112.0278 114.1697 109.6798 113.6139 116.0353 116.3015 112.8242 114.5420 115.9268 114.2809 112.5437 114.6722 109.6565 109.7344 112.3807 112.6467 117.6446 116.8841 112.7390 112.5983 110.2887 108.9194 109.1262 110.7371 109.3980 110.2623 111.3580 109.3371 114.5620 113.4616 110.7871 109.6683 110.5553 110.8417 112.1877 110.8195 110.1691 110.1797 113.7500
111.4000 110.4928 117.0259 111.5238 111.1517 113.5382 111.7804 109.9637 114.9475 116.1299 111.0720 115.0553 115.3460 110.7851 113.5272 111.8348 110.8038 113.8972 118.0007 117.4892 111.9142 110.4422 109.1612 109.7031 110.3723 110.0311 110.4153 111.5490 110.3606 114.5652 111.0245 111.2478 113.0415 117.3575 109.9350 110.7411 110.8740 109.6684 113.5976 112.5600
112.9200 111.3295 111.0298 114.7604 113.0442 115.4342 112.2012 111.4527 115.7505 115.1423 111.2763 118.0162 113.4588 111.6664 114.3806 113.8272 112.5195 111.7118 115.9516 115.5670 115.5458 112.4654 112.7538 111.7934 109.9131 110.4360 109.9708 112.7638 111.8836 112.9300 111.2395 112.6858 112.9760 112.0088 110.9205 109.9402 109.9663 109.4647 112.8696 113.9500
112.9200 115.6500 113.1100 117.6800 116.1300 115.8100 116.5400 112.1000 118.3200 114.5500 111.5100 117.2400 111.7300 109.9100 109.0700 115.8600 115.8600 112.9100 117.6300 117.6300 110.2100 116.0400 112.5500 111.0900 110.1500 109.7200 109.3600 113.9700 113.7300 114.6400 113.5700 113.7300 110.8400 111.2100 109.7400 110.5100 109.9900 109.9900 110.4700 117.3400
