108.7700 109.5200 108.9500 109.5400 109.8600 108.9200 113.7600 111.8800 109.5300 109.4900 111.1500 110.2600 110.2100 109.8000 109.8000 110.0600 109.2300 109.1300 118.6900 118.6900 112.1800 112.2100 109.2600 113.5700 109.6100 109.6100 109.4100 109.8600 110.0100 111.0400 112.3700 114.0100 114.0600 113.6100 110.7700 113.2500 113.1000 112.9900 112.8800 112.8800
109.0500 108.8185 108.2704 109.5325 110.9211 113.5647 112.1753 111.5115 109.7405 109.8489 111.5923 110.2311 110.2146 111.9605 109.4587 109.9186 110.0110 109.6456 118.5077 111.4602 112.8711 112.4999 109.9636 111.1821 109.6043 109.2239 109.0650 109.9117 110.1048 114.8154 112.7440 114.5412 114.0968 112.0711 113.7681 110.8293 113.1627 109.5991 110.8058 110.6300
109.9100 108.3403 111.3672 110.4924 109.2453 112.1503 113.5050 111.5347 109.1235 110.1627 108.5165 111.2440 109.5130 111.3763 110.9384 111.1725 109.5173 113.9039 113.0856 108.4497 115.1192 111.3486 111.9598 113.6806 112.0245 109.7282 109.9954 108.9897 108.6029 110.3820 112.0188 114.7337 113.9104 111.3497 111.1427 110.3027 109.4284 111.7346 112.3262 110.6800
108.8000 110.1380 111.8365 109.1563 108.7472 109.7767 109.3688 109.5769 108.9237 109.8741 110.7283 110.2456 110.3437 111.0322 109.4176 110.8380 108.7786 117.4002 109.7037 108.6574 109.6613 111.8288 111.9178 112.4038 111.3456 109.6994 111.8490 110.3073 108.3913 110.8915 111.3372 114.3722 113.1310 109.5298 110.6715 110.0634 109.4152 110.4467 112.9043 113.2000
111.0200 113.6862 111.9936 109.2428 109.8438 109.7878 110.9114 111.1801 110.0452 110.0221 109.8046 110.0711 110.1238 109.4960 109.8163 108.6374 113.5139 118.0308 112.0178 110.2398 110.0951 109.9344 109.3895 110.9978 109.9793 109.4484 109.5761 112.1860 108.9685 110.7333 110.0627 111.5048 112.8775 109.4760 111.6957 112.6187 112.3096 110.9817 111.2796 113.4400
109.4000 114.8605 111.1520 111.9781 108.5887 110.1095 110.2369 111.4487 110.7508 110.3187 109.7601 109.6687 109.9117 110.0498 109.1871 114.2612 110.8272 118.3065 115.1272 109.9674 110.4201 111.8657 110.0363 110.0428 110.4836 109.8256 109.6517 109.5829 108.8488 109.4312 108.5625 110.4370 109.5031 110.6828 113.6343 115.0021 111.9388 111.3040 111.5054 111.0400
108.8800 110.6600 109.1629 112.4214 109.7224 109.6534 110.3220 109.9342 110.2217 110.5605 110.0544 109.9473 110.3458 111.5082 111.6615 111.5802 113.8878 115.7954 112.9273 109.8624 109.2437 111.0888 108.7267 112.4946 114.1751 108.8310 110.0408 109.2607 109.8877 109.3765 108.8639 108.6584 108.7722 109.8463 113.1980 113.4271 111.2924 110.5546 110.4641 111.0400
113.2200 109.6867 108.9830 111.3260 109.8861 108.9997 110.1552 110.0933 110.1327 110.1135 109.4853 109.9901 110.0871 111.4005 109.6474 112.8264 113.9429 115.2877 113.5901 109.2561 109.7780 110.3384 110.0433 108.1724 109.5605 108.3646 108.7712 108.5376 108.9091 109.2956 109.8385 108.8614 109.5212 109.6220 111.5172 112.9316 110.1213 109.9465 109.5077 109.8900
113.5800 111.5917 109.5571 109.6193 109.8288 109.0136 109.8394 109.9011 110.1222 110.1430 109.3164 110.0863 108.9456 116.1305 108.9347 112.6564 114.1166 112.0179 110.0931 109.2300 108.7478 108.8875 108.9397 109.6768 109.6735 110.3562 112.2595 108.7437 109.6632 111.6164 108.6987 109.1601 109.6512 109.7519 110.0644 110.4546 109.5390 110.2195 109.4242 109.6800
110.2100 111.8414 109.7221 109.6365 109.8056 109.3218 109.9302 109.9137 109.6285 109.4057 109.7649 109.7447 109.3477 110.4075 111.0903 114.2980 114.5863 111.7466 108.6354 114.9642 111.1406 108.4334 108.4238 110.8188 110.1902 112.9296 112.9373 107.5283 111.8136 111.2298 109.5818 109.1918 109.8918 109.4772 109.9187 110.7469 109.6037 111.4746 110.4737 110.3600
109.9500 109.3986 108.8946 109.2875 109.7971 109.2174 108.5083 108.7366 109.3705 109.5180 109.5960 109.4118 109.8195 109.6367 111.9156 115.1465 113.3210 110.9045 114.6311 114.5325 113.4016 113.6834 108.7811 107.6411 107.8737 113.5480 112.2098 107.9240 109.9003 109.3299 108.5895 110.1808 109.1491 110.2466 110.2696 108.9578 109.3697 109.4502 109.4180 110.4500
110.7500 107.8577 110.1953 109.1607 109.6248 108.6734 108.9953 108.9886 109.5216 109.6360 109.5376 109.2844 109.5363 109.5728 111.1685 109.4087 111.0984 113.4917 113.9256 107.9730 114.4149 112.3614 111.6260 111.5770 107.5220 107.6067 108.1376 111.8604 109.6768 110.3493 108.8957 109.3704 109.7719 109.8075 112.4024 109.9955 108.8322 110.0315 109.6619 109.5600
109.4200 109.4153 108.6924 109.0039 108.5608 109.2269 108.7845 108.7634 109.3427 109.2251 109.0039 109.4582 108.9152 109.4633 109.2445 111.0473 115.2257 112.7475 112.1462 112.6614 117.5033 111.4627 108.2670 111.4669 112.9749 108.0633 112.3296 113.5617 109.6271 110.2145 109.8723 108.7554 109.0651 111.2104 111.8569 111.0111 109.5823 110.1453 109.9186 109.3400
114.2800 108.9577 107.8432 108.7564 108.6995 108.6221 108.4035 108.4132 107.6382 108.1389 108.5207 108.6531 107.6972 109.2884 108.8313 107.3578 109.2847 112.6969 112.4122 109.6071 114.9641 112.1574 110.4685 115.3458 115.8335 113.0984 114.6075 109.0510 108.6842 109.5196 109.6361 109.4199 108.2959 110.0499 109.6117 109.5369 111.1136 113.8229 110.7385 111.3800
109.1800 108.5483 108.2620 108.7265 108.1300 108.6318 108.1811 107.8669 108.2337 107.8452 108.3278 108.9463 107.9208 109.0889 111.4618 108.9596 110.8894 109.8499 108.4416 110.3398 109.9030 112.3020 114.6379 113.0133 114.1773 111.5038 113.8455 110.9393 110.2931 110.7080 109.2952 108.9579 109.5669 110.0943 108.7706 111.2722 110.4172 113.4468 110.3031 111.3800
109.1800 108.4319 108.9517 108.8025 107.4628 108.1221 108.2554 108.1788 108.2267 107.6755 108.5331 108.7179 107.5584 108.5925 108.4972 108.5866 112.3617 107.5104 108.9337 115.0759 109.7855 109.8660 107.6646 110.0168 113.1846 110.4595 113.2018 112.2337 109.8735 113.0398 113.0290 109.6514 109.9476 112.5747 108.3080 108.3750 109.0073 110.5135 109.8572 109.6600
106.8900 107.3548 108.5841 107.0300 107.4490 107.5110 108.2815 108.1613 107.4992 107.7465 108.4358 108.1306 108.1742 108.4927 108.4826 108.3434 110.5275 109.9926 111.0012 115.2936 110.5443 111.6937 114.1961 110.1194 109.2575 108.6342 108.8410 110.4949 109.7050 110.5401 109.9204 111.4046 109.8985 111.7060 109.4357 110.9619 111.0344 110.0015 111.6243 111.3200
107.2700 109.0921 108.0265 106.7024 108.4630 107.4884 108.1486 107.8315 106.7283 106.7155 107.9711 107.9693 108.0912 107.6282 107.2393 109.1298 109.5728 113.9568 110.8493 111.2978 108.3064 108.3120 109.4788 108.7618 108.9419 108.6797 109.4444 110.1616 113.7678 113.8641 113.7069 110.8085 109.1544 109.6948 110.8789 111.7712 113.1937 108.3830 110.9702 112.9000
107.3900 106.8563 107.4935 106.5843 106.5135 107.2147 107.0163 107.1359 107.7560 107.6479 107.6324 107.2459 107.1527 107.1287 106.4660 112.9685 105.2819 112.6846 110.1368 114.6615 113.4280 108.2380 108.3963 107.9589 108.7037 108.7794 111.3499 114.3559 115.2768 110.1515 109.3145 108.4063 109.6832 108.5560 110.9911 114.5929 112.0224 112.5868 109.6171 110.0900
107.1500 106.5306 106.8334 107.4989 106.7269 106.8878 106.8407 106.9498 107.0810 106.1217 105.9809 106.1566 106.5375 106.4786 108.4337 106.2788 106.5702 107.0057 107.6055 112.2220 114.4422 108.7476 108.3064 108.6439 107.8022 108.4209 110.2084 114.8780 110.3064 109.4222 108.7264 108.7157 110.0482 115.8262 118.2816 118.2456 117.0857 111.5870 112.0280 113.3300
105.8800 106.9953 106.3761 107.4559 107.1118 106.8337 106.0334 105.5342 106.4943 107.0361 106.2310 107.1358 105.9967 105.9966 106.8914 106.2732 106.7955 107.6320 107.6874 110.3721 113.0380 108.7290 109.2430 109.0771 108.9567 110.9253 110.0619 109.0810 109.6014 108.2007 109.0561 107.7524 112.0210 112.9433 114.0316 115.8043 112.5943 118.0355 113.4935 113.6100
106.7600 106.6842 105.1134 106.8978 106.4922 106.6713 105.1385 105.2282 105.3318 105.8028 105.9626 106.6737 106.8759 106.1810 106.0108 105.4908 105.9270 106.8051 107.2556 108.8160 107.1108 107.6727 108.3170 108.2996 108.3836 108.9564 109.3847 108.5234 113.0471 111.1040 111.8594 112.9837 115.7254 114.1554 114.9114 116.4186 115.4447 115.3418 110.8899 109.6500
106.7600 104.9184 106.7579 105.2093 104.0698 106.1105 105.2573 105.3438 105.6874 105.8948 105.8376 106.1215 106.9383 106.0221 105.8939 106.3967 105.5175 109.6692 107.2415 108.0589 107.8399 107.3805 107.3442 108.0586 108.9992 109.3233 109.3276 110.5132 115.3338 112.5423 113.5462 112.4136 114.7413 110.3660 113.9351 117.8832 114.4409 113.1542 111.3518 109.3600
104.6800 104.5297 105.9232 104.2191 104.4566 104.3609 105.5130 105.3785 104.6263 105.4305 104.4439 105.4351 105.4224 105.7441 105.2434 106.1520 109.1870 108.1785 106.4258 106.7162 107.3406 108.2688 107.7191 108.0710 108.6651 108.3818 109.8155 113.4600 112.6253 110.8251 112.9579 110.1655 115.5245 111.8171 109.9474 114.7939 112.6025 112.9820 113.9663 108.6200
106.1900 105.2121 105.7403 104.4505 103.3988 104.3732 103.7703 103.5174 104.3157 103.4213 104.2613 103.8076 104.1255 104.7088 104.6480 105.9094 107.8740 104.6314 106.5125 107.3727 107.2063 107.7770 107.9909 107.2075 107.8399 107.7691 112.2148 114.4550 109.7465 112.2682 115.9472 112.0582 116.3561 113.7325 113.3372 109.7819 111.1733 112.9046 112.9569 110.2700
103.7200 103.7247 103.0755 102.8866 103.0565 102.4612 102.4819 102.5041 102.3937 102.6090 102.7277 103.0066 103.3908 104.9833 103.6721 109.8271 109.3251 106.2520 107.3624 107.0826 107.2826 107.5955 107.3708 107.6173 107.1272 112.3051 114.6689 115.2519 112.0742 109.3004 115.0109 113.2135 114.0021 115.0805 110.4141 112.3352 110.9025 116.8166 110.8067 115.5800
105.2300 103.1321 102.6634 102.5927 102.4822 101.7280 101.3020 101.3014 101.6567 102.0257 102.0235 102.4541 102.6710 103.2411 104.0897 105.7474 105.3902 105.1646 105.6809 107.4383 107.5054 106.9965 107.1124 108.1350 111.9058 108.8253 108.1655 112.3172 111.7541 111.6848 109.1213 109.5565 112.2767 112.0103 111.3804 114.7543 115.9536 113.3112 110.0668 109.8500
102.5300 102.6954 102.0587 100.7593 101.7313 101.0811 100.6799 100.5643 100.4701 101.3156 101.1308 101.8585 102.1995 102.4882 102.7755 103.4794 103.6570 104.3589 105.1065 104.9606 106.0501 105.8816 109.6812 108.8106 109.0409 108.6665 108.0942 109.2027 108.4476 109.4467 109.1490 112.9878 109.9468 115.1209 113.6558 113.5655 109.7991 109.6467 114.5075 108.2100
102.3300 102.2433 101.2171 99.9886 100.9756 99.9867 99.7952 99.7261 99.3079 99.8165 100.6374 101.1457 101.3395 101.8273 102.6218 103.0903 103.4827 103.8085 104.7425 104.7828 105.9671 106.2847 106.8039 107.2682 107.8161 108.0263 109.1412 108.6187 108.6145 108.2616 110.0744 115.4216 110.6611 110.4235 114.4388 112.1646 110.8527 111.8417 112.5045 108.5700
102.0200 101.5818 100.5175 100.2849 99.7326 98.2294 97.9571 97.8130 98.1277 99.0368 99.7836 99.6021 100.6354 100.9537 101.8737 102.7521 102.9060 103.4854 104.0626 105.9609 106.2774 106.0799 106.4932 106.5636 108.0767 107.7977 110.6266 111.0400 108.6656 108.9741 108.3514 109.4729 109.4150 113.6662 114.8829 114.1737 112.6253 110.9984 116.2112 116.3400
101.6000 100.7550 100.0949 99.2431 98.5229 97.3988 96.5193 96.2084 97.5954 98.8248 97.6700 98.7490 99.4602 100.0970 101.1740 102.1754 102.5768 103.1006 103.4996 105.7542 105.7559 106.2797 106.8850 105.6920 106.9258 107.7897 108.0994 108.7512 108.6281 108.2072 108.9668 109.1595 112.3899 113.3324 114.0449 114.5011 111.6379 113.3573 115.7181 115.6200
100.5000 99.7038 98.8795 97.5683 96.6548 95.9587 96.0093 95.9732 96.3292 96.5333 96.5326 97.6500 98.3190 99.4382 100.9816 101.4016 101.8867 102.6904 103.1960 103.7619 104.6917 106.6879 106.2524 106.0514 107.3968 107.9808 108.1169 107.8595 108.2613 108.9116 109.8348 109.5543 111.6471 109.7945 113.6811 112.6743 108.6122 108.1509 111.8581 109.5600
99.4000 99.0892 97.6710 96.3876 94.8175 93.8383 93.4912 93.2281 93.6166 93.7445 95.3276 95.9481 97.7759 98.8543 100.1594 100.7536 101.4874 102.2047 103.1431 103.6769 103.9410 105.0059 106.0396 106.7993 106.9792 107.2790 110.3387 110.0295 109.2404 110.2623 113.5166 112.9188 113.8995 114.3116 115.4675 111.2647 110.9807 109.9295 109.3461 109.6900
99.2400 98.3294 97.1916 95.0257 93.1304 91.4305 89.9656 89.6645 92.1002 90.9535 92.5902 93.7854 96.2310 98.0660 99.0347 100.7969 101.2443 102.1452 102.8353 103.4608 104.0587 105.9991 106.1368 106.8515 106.5552 106.8117 110.1357 111.1689 108.6785 113.3659 115.2476 113.2807 114.1523 112.9283 113.4814 110.3443 115.8643 111.6610 109.1958 108.0400
97.8800 97.4307 95.7948 93.6817 90.2031 87.0914 85.2949 84.9110 84.9839 87.2746 90.4681 91.6845 94.8220 96.6816 97.9711 100.1040 100.9723 101.9105 102.6473 103.1995 104.3403 106.5484 105.3707 106.6677 107.1977 107.1866 106.6799 107.9741 108.9325 110.9081 110.3201 114.6817 109.2558 114.8513 115.7048 113.6167 111.2166 110.7865 110.7879 111.8300
98.5300 97.1705 94.1036 91.8854 88.8855 86.1270 79.5651 76.4704 78.9010 83.2623 87.7415 90.6691 93.4599 95.8780 98.0604 99.5294 100.4153 101.3830 102.5273 103.1860 104.3640 106.4543 106.2155 107.0607 106.7919 106.9674 108.4494 107.9220 107.8717 108.1754 111.0850 111.6161 109.4326 114.9030 116.5263 115.2214 113.7307 114.1599 110.8637 110.2300
98.2600 96.5655 93.9093 90.8720 89.4431 79.9952 71.1022 67.0734 70.6568 81.6143 85.9100 89.9748 93.2132 95.3413 98.3379 99.6527 100.5432 101.5476 102.3220 103.1237 104.0106 105.5440 105.8162 106.0350 106.1982 105.4845 107.8116 112.3054 112.5829 111.4927 113.5072 113.8836 112.6510 113.4063 115.4202 111.2454 111.7221 111.8846 111.9702 112.9300
98.5800 96.0223 92.0943 89.4147 89.3132 76.5301 66.8608 61.0125 65.2287 80.1936 85.3416 89.6415 93.1973 95.0872 98.2839 99.6712 100.6150 101.5801 102.2782 103.0541 103.6466 105.3753 105.7025 105.5347 106.1823 105.0536 108.0857 113.8960 114.1943 113.2309 113.5151 114.0212 114.3992 112.8242 115.3228 110.5171 110.0428 111.1922 110.8782 109.4000
98.6200 95.1331 93.7941 90.8479 86.4923 78.5016 71.5959 69.8453 73.4382 81.2372 86.7945 90.1773 93.2181 95.5534 97.7499 99.5553 100.8264 101.8671 102.3895 103.0918 103.6509 105.2639 104.6979 106.5925 105.5591 107.2576 107.5913 108.2255 108.7591 108.5943 113.0319 110.7171 111.8925 113.1951 113.8570 109.5864 112.9080 110.6961 110.5487 110.6800
98.4000 97.5500 93.9200 91.2500 88.4200 85.7800 74.0800 74.7200 75.0300 84.1100 87.9600 90.7900 94.6400 95.9200 97.9500 99.5000 101.1200 101.7300 102.1900 103.2800 104.3100 105.0300 104.7000 105.2000 106.7100 107.8700 107.8100 107.6100 107.4300 107.4600 111.6300 113.0300 112.3900 113.1000 110.8400 113.0900 109.2400 110.8200 110.4700 112.0100
