108.8200 108.5300 109.8000 109.5200 113.3700 114.2100 110.8800 110.8800 109.8200 108.6600 108.9600 110.0700 109.8800 109.0500 109.0500 110.1800 108.6900 108.5500 114.5500 114.5500 114.6200 114.6300 114.2800 112.3900 114.0000 110.4900 113.1700 113.7100 110.2000 115.4400 115.1000 114.8200 114.5000 112.5400 114.0400 113.8300 113.4000 113.4000 113.2100 113.3400
108.8200 108.6904 108.2388 109.7888 109.9319 115.0892 111.4336 113.3745 110.1682 109.2658 109.0395 109.9534 109.9838 112.5325 109.9164 109.2354 108.3444 107.5435 111.6196 110.9312 113.3025 110.3290 112.0393 113.8477 113.2237 110.9188 108.9297 112.6935 110.2494 112.7552 115.9055 114.8865 114.9394 112.7207 112.4362 114.1793 115.2989 110.5244 112.8891 113.3400
109.1300 109.2546 112.3724 111.0963 111.9128 112.0614 114.5437 112.8977 110.1732 109.6949 108.9999 111.8202 110.0708 111.2599 110.4973 111.1860 111.4308 110.1574 115.5078 109.2015 115.1196 113.1313 109.9016 112.5512 110.2590 108.8542 109.6706 109.1831 110.5316 111.4766 114.6094 115.5867 113.5500 113.1289 111.3278 109.5955 113.1672 109.6161 110.2959 113.4100
108.7000 109.0545 112.2005 109.6041 109.9328 112.7930 109.3978 110.3386 109.4215 109.0576 109.4346 111.9332 110.6426 112.1882 108.3316 111.9387 111.1709 114.2862 111.8248 113.9467 112.6746 113.7617 110.8323 113.7734 109.3311 109.1929 109.5556 109.4899 109.7781 112.3219 111.8292 115.5354 115.1249 112.1237 109.0086 110.7784 110.5076 110.3160 110.9689 113.7900
113.0100 110.2601 112.4707 110.4317 108.1148 110.1771 110.9247 109.6743 111.6747 111.4046 109.1966 109.6133 110.4912 109.6796 108.2209 110.8751 113.6028 116.8383 112.1213 109.0747 110.0749 111.6508 108.7252 110.0615 109.8120 109.6343 113.0721 110.7620 109.1757 111.9191 112.2537 112.4268 112.9428 112.8241 110.9445 111.4055 111.5853 111.4804 111.2615 113.7900
110.9700 114.5612 111.3185 111.8651 108.3532 109.3563 113.5186 112.9787 113.7159 114.3480 109.8238 109.4790 109.8209 109.2651 109.1032 109.7550 118.1307 115.2750 111.9315 110.7310 109.2159 108.8494 110.0775 111.4416 110.3917 111.0364 109.9818 114.4035 109.6422 109.0695 109.9870 112.7235 109.8802 109.1872 114.1951 116.8364 112.8743 110.3951 111.5064 111.2500
109.0700 110.5942 107.9546 113.2994 109.3781 112.0763 112.6083 111.4995 111.6841 114.2370 113.7991 109.2860 110.1602 110.2868 115.8311 110.2032 114.0827 113.7408 113.6983 108.7188 109.3687 109.7958 108.1975 108.2225 112.5046 110.2545 109.1436 110.4076 109.1112 109.5874 108.3867 110.3532 108.1435 110.8144 113.3013 115.7784 115.2725 111.4277 112.3902 111.2500
110.0500 110.6063 109.3117 113.2165 108.9100 110.7937 113.1380 112.6676 115.3215 115.3020 108.4437 109.6643 109.1142 109.7155 113.8415 109.7834 115.1182 114.3594 113.9852 109.3859 109.4409 109.4959 109.0769 114.5664 110.8920 109.0495 108.6944 109.3313 109.1837 110.6143 109.0008 108.5056 108.7784 108.6621 113.1042 114.0808 112.4078 110.2924 110.4608 114.4000
109.9400 114.9770 111.5334 113.3618 111.4555 109.5110 110.1366 109.6190 109.6992 109.6636 111.5099 109.2530 109.5911 109.6682 109.8389 108.7693 114.3449 114.3775 110.4418 109.8686 109.7355 110.0076 108.7586 108.3596 109.1698 110.1453 110.5007 108.9257 109.2882 108.5416 109.8887 108.5062 109.0536 109.5792 109.9439 111.8108 109.8440 110.0747 109.1649 109.5300
109.8100 109.4006 112.1859 114.4220 114.8395 108.9639 110.1388 109.3962 113.1552 113.8039 108.9412 109.3991 109.3661 109.7722 109.8770 113.6458 112.8119 110.5869 109.2891 108.8336 110.5852 108.2350 107.8386 108.1404 108.4248 114.5377 115.4355 108.3004 112.0521 108.4519 110.2894 108.9211 109.3258 109.5827 109.4109 110.9938 110.5095 110.4263 110.3363 109.2100
109.4200 108.7110 111.8391 109.5169 109.5780 109.9355 109.0944 108.0362 108.8647 108.4901 109.4498 109.2227 109.3918 109.0854 108.6162 113.8643 111.1857 108.9126 110.0174 109.4402 114.8454 113.8911 112.0350 109.4075 108.1997 113.7867 113.4611 109.0451 109.9830 111.0921 108.7742 109.8860 110.4112 108.7547 110.4103 110.7711 110.3655 112.0499 111.9071 110.5000
109.4200 108.8059 110.5096 108.3331 108.9472 108.8228 108.0383 108.2608 109.1928 108.2072 108.5135 108.8676 109.0912 110.5274 108.3811 109.1094 108.7231 109.5719 109.3294 109.8502 110.6767 115.1041 116.0619 112.5411 111.4428 112.3438 109.8781 111.6909 110.3585 110.5625 109.0245 109.1004 110.2014 109.5460 110.3387 110.1176 109.1143 109.6462 108.7217 109.0100
108.7600 108.9233 107.8670 107.4216 108.2519 107.0574 107.5444 107.8095 108.7169 108.8172 107.5600 108.2342 108.2126 108.9205 108.9315 108.6391 107.7441 108.8183 108.9979 109.1159 113.6199 114.5081 108.4547 113.9722 111.4401 108.8905 110.2528 115.1314 114.6298 109.3863 109.0190 108.8175 108.9537 110.0098 111.8538 109.9629 111.5746 110.5460 111.4712 110.5600
108.3200 108.2492 108.1479 107.7291 107.8098 107.3889 106.9384 107.0779 107.9323 108.0261 107.7206 107.7106 107.8006 108.7987 108.1840 107.4691 108.4172 108.7160 109.1009 107.3020 109.0765 113.8466 108.8222 110.0625 110.6648 111.1079 118.2239 110.4627 108.3308 111.0726 112.0260 109.7076 108.7137 108.6073 111.2429 109.0104 111.2163 113.5358 112.0563 111.6800
107.1000 107.9791 108.2840 107.1266 107.3763 107.1015 107.7743 107.3744 107.1178 106.9464 108.4903 107.1563 107.4208 108.4584 108.4339 108.1091 108.0436 107.4197 107.9064 112.0428 112.3760 114.4310 108.0118 112.1227 115.1284 114.9178 116.7179 108.3225 108.9217 109.3548 108.9404 110.0768 109.9362 108.6598 109.5814 110.2523 112.4115 112.4328 109.5463 111.6800
107.4900 108.1855 108.1173 106.8333 106.7428 107.7652 107.0055 106.8725 107.2306 106.8544 107.2809 108.1080 106.2433 108.2513 108.5060 107.3028 107.0561 107.9873 107.4562 113.1734 109.5074 112.0212 109.1457 111.4396 114.7804 114.9867 114.9549 110.9247 108.4345 114.0159 112.2068 107.5521 109.3114 108.6606 108.2272 110.9908 111.1931 111.0898 110.3323 112.0700
107.4900 107.8588 107.8517 106.8524 106.9683 107.9803 106.2934 106.3493 106.7812 106.4080 107.7544 107.7913 106.9109 106.6922 108.1089 107.5401 108.2093 106.6975 107.5644 110.8701 109.1191 107.5709 108.6310 110.8764 111.4019 115.4380 109.4887 113.7019 112.8731 111.0816 110.5195 110.4947 109.0523 110.7059 109.0688 109.6097 109.7434 111.2421 108.3673 109.8300
107.9100 107.7980 107.3127 106.6640 107.7277 107.2215 107.4503 107.4095 105.5974 107.4349 106.4543 106.3290 106.5660 107.7201 107.9955 108.4358 111.1275 106.8325 108.8949 108.3407 107.6356 107.6975 111.6932 111.0472 110.7505 110.1164 109.7641 110.6568 112.1139 111.0319 112.2448 111.3586 108.8743 108.8894 109.5073 113.2958 109.2123 109.3227 110.6501 112.5300
106.0800 106.7005 107.4507 106.5591 107.1289 105.3193 106.5803 106.9035 107.3314 106.9468 105.8720 107.5116 106.6930 106.2742 107.5372 106.4951 106.9400 107.7224 107.1554 107.8516 108.1899 108.1581 111.3385 109.3203 107.8886 108.9220 109.9554 109.1721 111.2928 114.3100 113.3692 109.0779 110.4415 110.6142 112.3756 112.6917 111.8431 109.6258 108.3920 111.5300
106.1900 107.3943 105.4005 106.2790 106.6511 106.6767 106.2536 106.4193 106.4629 106.1944 106.1686 106.7596 106.2695 106.8226 106.8234 105.8132 107.1508 107.5773 107.1828 106.4356 107.4879 113.5885 107.2754 108.9469 107.6501 108.7528 109.4057 108.9712 111.9674 109.3453 109.0154 109.6540 109.3834 113.3791 112.4552 115.5637 115.6765 112.6825 112.9787 108.7900
106.8800 106.5265 105.5372 105.5834 104.8053 105.6839 104.9228 104.7829 106.7918 104.5560 106.2456 106.3672 106.8269 106.1886 106.0151 105.8762 105.6562 106.2203 107.6902 108.7677 111.3874 107.1225 108.7596 108.7611 108.9124 108.5362 109.3767 108.8778 114.5448 107.7107 108.1048 107.8668 109.0660 115.8575 117.0023 114.5280 110.9845 111.2598 111.2924 108.7000
105.1200 105.2054 105.5602 104.8067 104.9052 105.2592 105.2556 105.7041 105.0907 105.8569 106.0908 106.3779 106.3523 104.1713 104.7255 106.0846 106.6701 106.2258 106.5376 109.9298 110.0755 107.8566 108.4349 107.9687 108.8123 108.8942 108.2971 109.9355 113.8668 114.9501 109.6757 115.8169 113.0037 113.4270 114.6287 113.0262 113.7437 115.1650 110.3087 109.2100
104.2800 104.6136 105.8324 104.2198 104.0366 103.6169 103.9621 104.1255 103.3602 103.4037 103.8560 105.0484 105.4777 106.1816 104.9986 105.9015 106.9403 107.1494 107.2968 105.5483 105.8825 107.5562 107.8512 107.7919 108.3392 108.0183 110.0341 113.7993 113.4039 110.5618 112.9832 113.4280 112.6995 112.8571 110.7846 114.9383 116.5862 116.0312 109.8787 109.9800
103.6100 103.6933 103.2203 103.1844 102.6511 103.5313 102.2854 102.2663 102.6317 102.8102 103.6628 102.8103 103.2830 104.2001 104.5868 105.6507 106.3467 105.9319 108.1533 106.5863 106.8390 107.6896 107.4127 107.0585 107.7506 108.5184 112.6678 110.0210 110.7713 110.0913 110.7200 110.4372 111.9003 116.3540 112.4374 113.8148 113.4214 113.5673 112.7738 108.3200
103.4000 103.0078 102.5875 102.2683 102.1004 101.5414 101.0862 101.2651 101.6100 101.4971 101.7433 102.4472 102.9671 102.9470 103.4303 104.1552 104.9849 105.1932 106.6242 106.1650 106.8725 107.4166 106.5347 107.0995 106.8369 108.0351 107.8530 110.1605 108.8650 111.0477 114.9531 112.1716 114.2197 113.7891 111.4855 110.1337 110.5314 113.9922 111.3266 108.9300
103.0400 102.4976 101.6909 101.6795 101.6058 100.8915 100.8500 100.8131 100.8886 101.0548 101.2088 101.5695 102.2421 102.3991 102.7247 103.4030 103.7392 104.9542 106.2459 105.5603 107.1677 106.7102 107.5759 106.7868 106.8455 110.3489 108.4041 114.2936 109.6003 108.0853 112.7124 112.1139 112.7128 113.0658 115.0277 109.8315 112.1622 112.1470 112.0203 115.2300
102.5300 102.0625 101.0982 101.0354 100.9956 99.8063 99.1008 99.0113 99.2732 100.3083 100.2295 100.8714 101.3625 101.7673 102.1437 102.8230 103.5658 103.7125 105.3090 106.0684 106.5422 105.9742 106.5218 106.8066 107.2822 109.2932 107.7893 113.0635 108.8458 110.5046 114.9031 112.9784 114.6617 115.7961 112.5937 109.6264 109.0710 109.7355 116.7720 115.2300
101.5900 101.3354 100.7985 98.7133 99.8526 98.9075 98.2693 98.1786 97.5491 99.0782 99.0351 100.1214 100.6464 101.2288 101.7792 102.2947 102.9451 103.1206 105.7806 105.5993 106.9992 106.2726 106.2595 106.4062 107.6788 106.5138 108.3533 109.8162 111.9456 107.6402 111.0603 115.3645 110.8555 111.1107 113.4529 108.0983 109.0519 111.0336 110.8471 109.5500
101.5000 100.9089 99.0092 97.6117 99.2634 96.9725 96.7256 96.7014 96.7207 97.1306 98.4462 99.2340 99.5996 100.4569 101.2696 102.1598 102.6627 103.1451 103.7384 104.2470 106.0070 106.2521 106.5708 106.1173 107.9892 106.0775 108.7160 111.2025 109.3348 107.9270 108.9649 108.9059 108.3396 109.7235 112.2439 113.5690 114.2068 108.7714 114.5508 109.3400
100.3900 100.0105 99.2078 97.6089 96.6517 94.9991 94.2400 93.7740 93.6166 95.9547 96.2224 97.7158 98.7109 99.6454 100.6202 101.7845 102.0699 102.6040 103.2452 103.9509 104.7328 105.5766 106.2641 105.6511 105.0065 113.0415 107.4675 108.6454 108.5666 108.7555 110.6332 112.4706 113.9031 113.0912 111.6849 115.3551 112.7695 109.5307 111.9759 112.9300
99.8300 99.2042 97.9400 97.1310 95.5741 92.5973 91.4192 91.5523 92.3257 95.7761 93.6687 95.5639 97.3641 98.4177 99.8336 101.2940 101.6723 102.4064 102.8617 104.3816 106.2031 106.1270 110.8142 106.5492 107.0010 107.7299 108.4953 112.6488 108.0764 108.3833 108.1980 108.8781 109.2388 112.5035 112.4136 115.0142 107.9802 111.5092 112.0188 115.0900
98.2600 98.1100 96.4981 94.4888 92.5395 90.6975 90.2228 89.9638 90.6838 92.0215 92.4598 94.5556 96.0517 97.3582 99.8279 100.4268 101.0255 102.0664 102.7546 103.2161 105.2532 106.2098 106.6908 106.6306 107.2918 107.6266 107.8055 107.1243 108.8054 108.7633 108.7694 109.5943 109.5290 109.6009 109.5549 113.2667 110.4066 112.1198 112.6885 112.6800
97.8500 97.4957 95.2738 92.5781 89.9272 87.0886 85.5191 84.6246 86.1889 87.5760 91.0104 92.6124 95.4604 97.2108 98.9613 99.7976 100.7762 101.6266 102.5882 103.3393 104.2427 105.8733 106.4353 106.1767 106.9386 107.1382 108.0458 108.3607 108.4857 107.9272 108.7159 108.7213 109.5815 111.5503 111.6908 111.2974 108.9404 110.3871 109.0396 109.7500
98.4800 97.0776 94.4209 91.5872 87.8184 84.1286 79.5474 78.1897 84.3136 84.7063 87.9195 91.4275 93.8490 96.5852 97.8550 100.1995 100.7705 101.7033 102.4739 103.1749 103.6626 104.8691 106.4016 105.9422 106.0263 106.4579 108.0409 108.3738 108.4510 110.5927 111.0668 112.1206 112.9669 113.5179 113.5553 111.6875 115.3171 112.2450 109.3107 108.7800
97.5900 96.2746 93.7914 90.3570 86.0676 80.3197 71.7594 67.5210 72.5662 81.2469 85.8428 90.0952 92.3029 95.5330 97.2173 99.5857 100.6288 101.5455 102.4026 103.0328 103.5299 105.0099 106.3712 106.2597 106.9174 107.5689 107.5767 107.4582 108.5997 110.1400 111.8954 112.5807 111.2927 115.0209 116.0426 113.1358 113.2381 113.4989 110.9421 110.6200
98.4300 95.8028 93.1183 90.3532 85.0908 76.7943 66.4879 62.1586 65.9479 78.5078 85.3436 89.5066 92.5031 95.0819 97.2607 99.0491 100.5022 101.3035 102.4027 102.9495 103.3472 105.2228 105.8612 106.1068 107.3884 107.2722 106.9155 107.1986 108.2842 108.5169 108.7648 109.7829 112.0134 115.2053 115.0380 112.3863 111.1522 113.9874 113.2016 113.8600
98.4800 96.6276 93.5410 90.4116 87.7258 81.5591 70.6849 68.4592 71.3984 79.8559 85.6517 89.7215 92.4283 95.2849 97.8201 99.2944 100.3028 101.2591 102.3991 103.1223 103.5067 105.7452 106.4393 106.7822 106.7390 106.5821 108.0457 107.8509 108.4643 108.7162 108.9077 112.2736 109.1809 115.1602 115.5555 115.5334 114.3519 114.8778 110.8879 109.1800
98.4200 96.8671 94.2806 91.6472 90.2994 87.0589 78.1225 75.8774 79.4573 83.8088 87.6865 91.2352 93.8870 96.0704 98.6644 99.8721 100.7564 101.6587 102.4197 103.1841 103.7064 105.5284 105.5807 105.4414 106.1622 105.6803 107.3413 108.5764 108.5657 109.6218 112.8587 110.3772 113.6215 113.3417 115.0173 111.4158 110.2525 112.0499 109.7542 113.3500
98.9100 97.2182 94.0844 93.8971 90.9529 87.9513 84.6327 84.0466 85.1664 87.5953 90.4965 92.4292 95.0264 97.0072 98.3181 100.2169 101.2484 102.1242 102.6479 103.2993 103.7007 106.3313 106.1469 105.9100 105.5944 109.1903 109.2380 108.3271 109.2022 110.5120 113.9760 109.3381 113.7746 115.0141 110.4186 109.1205 111.3409 110.5421 110.5397 110.7200
98.8300 98.8300 96.4400 94.6400 94.6400 86.2000 87.2400 87.4200 89.7300 89.7800 94.2800 94.2800 96.6100 98.0100 98.3900 100.6900 101.3300 101.9000 102.8200 103.3900 104.9600 105.3900 107.0000 106.1600 105.8400 107.6000 107.3000 108.4800 108.5900 109.0800 109.2200 111.1800 113.4500 112.9500 112.6500 112.9700 110.5900 112.5900 109.1500 110.7200
