115.4400 107.7200 108.3700 108.1900 114.0600 109.0100 108.7800 113.0900 113.9600 108.4500 107.0100 107.7800 107.7800 106.9300 107.4400 107.4400 106.3700 106.9100 106.4300 107.2300 106.4200 107.0400 104.4400 107.2300 106.1700 106.3200 112.3000 105.9700 105.5700 105.7600 106.4900 106.3400 107.8600 107.8600 109.5500 109.5500 110.4700 111.3400 113.2900 113.2900
115.2100 111.8510 108.9437 107.7390 107.9885 112.8376 112.0176 110.0424 114.9421 109.7944 107.6079 107.9669 106.9253 106.4741 107.0342 105.6974 106.8699 106.8289 106.7055 108.1268 105.8293 105.5520 103.8587 106.4595 107.5535 107.8822 108.7689 106.2732 106.2025 105.9726 106.3228 106.6024 106.5823 107.1261 107.9331 108.9550 108.6076 108.8809 111.8950 113.0900
111.4400 114.0755 109.7464 109.2121 108.7758 109.0033 108.5492 108.9438 112.5082 110.7939 107.2595 107.7141 107.0354 105.6095 106.6099 105.7385 107.2935 106.4085 106.7794 107.4275 105.5875 105.3309 109.1100 107.4431 106.0237 109.3222 108.1357 107.7056 106.4551 106.4187 106.3233 105.5606 105.3758 106.0600 106.8957 107.7794 108.7156 109.8444 110.9416 111.6000
111.9800 112.4371 112.6527 112.8528 107.6231 108.4572 108.2845 107.2174 106.2324 110.9119 107.8022 107.2316 107.3997 105.4003 106.8141 106.7619 106.4514 106.4431 106.0425 105.3131 106.0908 107.9986 110.2526 107.0552 107.6520 108.5532 109.6482 107.5350 106.7066 106.5099 106.3541 106.3750 105.7596 105.4042 106.0344 106.7656 107.6649 108.7109 109.7990 111.1700
114.1000 112.4730 111.4359 111.9284 109.0978 108.2026 107.6722 107.3248 107.6718 107.0659 106.3905 107.1120 106.0949 105.2012 106.5894 106.2654 106.0652 105.9274 105.8024 104.9942 105.5040 109.4378 110.9590 110.3419 109.2687 105.9219 111.0881 109.9710 105.7687 106.4291 106.3785 107.3578 106.5036 105.8687 105.3186 105.6669 106.6963 107.8149 108.8551 109.8100
108.7500 108.1456 111.6891 110.9167 110.3541 108.8658 106.5759 107.0330 107.6982 107.0518 106.6366 106.3373 106.7825 105.3277 106.2453 105.7493 105.7303 105.3216 105.3153 105.3254 104.0315 109.4742 107.6643 109.2704 111.9205 105.8878 105.7556 107.2836 106.3326 106.4774 108.2591 108.2752 107.4309 106.5240 105.6985 105.1448 105.8685 106.9144 107.9805 109.4500
108.7900 108.1535 108.0101 110.1672 107.2653 107.3057 107.4137 106.4631 106.8338 106.9494 105.4788 105.9933 106.0617 104.8150 104.6294 105.3601 104.1698 104.8092 104.2675 103.1102 104.6746 104.3446 104.0038 103.9557 108.3518 103.9353 104.7161 105.2533 105.4287 107.0300 111.6688 109.6205 108.8530 107.6130 106.5868 105.7943 105.4402 106.0821 107.2111 107.9500
108.9200 107.7372 108.6792 108.1694 107.8955 106.6342 106.7577 106.5885 106.4172 106.2290 105.9632 105.5435 105.6449 105.4437 105.3780 104.1331 103.1548 104.2465 102.3406 102.0020 101.7420 106.7374 105.4661 104.3014 103.8104 104.2579 103.2254 103.7209 106.1321 107.2403 110.0829 112.7026 109.4532 108.3967 106.8901 106.3619 105.7449 105.3994 106.4703 106.7800
108.9200 108.3732 108.5102 108.1083 107.2177 107.5004 106.0322 106.0806 106.7928 105.2058 104.4727 104.9269 105.6875 103.5119 104.1194 104.5594 104.2552 102.9251 101.2082 101.3297 100.9960 100.3939 101.0534 101.7832 101.7430 103.4048 102.7956 102.5248 104.6498 105.3800 107.7506 103.9828 106.2834 105.0952 105.0881 106.1531 106.5502 105.4971 105.9722 106.5000
108.7300 108.6315 108.1652 107.5645 106.3921 107.5028 106.5630 105.7189 106.1813 106.1774 105.8274 104.5882 103.4196 103.5604 103.8186 101.6205 100.8851 100.8091 100.4705 100.3183 100.0752 100.3428 100.2791 100.2890 100.6274 102.0094 101.9087 103.1383 103.0786 102.8138 103.5914 104.6784 105.6217 105.2201 109.0658 104.3977 106.2700 106.1529 105.3330 105.2900
111.8800 108.1151 108.1477 108.1463 106.1754 107.0301 105.7844 106.7276 105.7539 106.3074 104.0442 103.9224 103.0198 102.3894 101.7782 101.1168 100.4056 100.1244 99.5845 99.5380 99.5648 99.3247 99.3613 99.5960 99.7857 100.1329 100.7391 101.9088 103.1258 103.3189 103.5810 105.3703 105.7404 104.1864 109.6950 105.7007 107.8367 106.1754 105.4928 105.0800
108.5000 108.1814 108.2851 107.6173 106.6226 107.0548 106.5603 105.4326 106.1293 105.6585 103.4899 103.3749 102.5131 101.6134 100.9124 100.4416 99.0762 99.0694 98.9263 98.5017 98.0669 97.7869 98.2290 98.3016 98.3481 99.0684 99.9101 100.8558 101.5031 102.3141 103.5108 104.6241 105.1156 104.2147 105.4257 109.7066 107.9696 106.7526 105.6153 105.1000
108.1400 108.2057 107.9156 107.2646 107.3539 106.9565 106.4243 106.2842 105.2365 103.4383 103.2382 103.2040 101.7316 100.8971 100.0244 99.6160 98.6206 98.6536 98.1694 97.2829 95.9734 96.0168 96.1370 97.5224 97.5925 98.1066 99.0195 100.2679 100.8295 101.6923 102.5710 103.8818 104.2304 106.4601 105.2613 106.6190 105.7634 108.3573 106.9758 105.5700
113.2700 108.7954 108.0439 107.2251 107.1875 106.6115 105.6583 106.2655 104.4871 104.2255 102.9690 102.4045 101.4333 100.3253 99.0058 98.4805 98.1991 96.7904 96.3807 94.4099 93.5672 93.6499 94.1084 95.3626 96.8476 97.2908 98.4032 99.0538 99.9814 101.0117 101.6783 106.9192 103.5702 105.4649 104.6022 106.3117 106.0763 110.8379 109.9953 107.8000
108.4800 108.1029 109.2928 107.6074 105.7301 105.3987 106.0690 104.9316 103.9458 103.4052 102.6844 102.0193 100.9933 99.5089 97.9636 98.6797 97.6604 95.7016 92.8160 90.7397 91.1783 90.5261 91.6944 92.7517 95.0228 96.2815 97.6855 98.1915 99.4955 100.6803 101.5998 103.3782 103.8770 104.5293 104.5199 104.9294 106.3284 106.0269 108.2948 109.9300
108.4700 107.6144 107.3940 106.5444 105.8143 106.0414 105.5733 104.6380 104.7265 103.2873 102.4455 101.5270 100.3656 99.0387 97.3822 97.0918 95.8223 93.8095 90.7614 87.8688 85.8963 86.1497 88.3738 89.7634 92.6209 95.0905 96.5535 97.8386 98.9615 100.7342 101.4732 102.2795 104.4302 105.2807 104.3462 107.9714 105.6115 107.8704 105.5645 105.7800
108.2000 106.2111 107.1022 106.1559 106.7990 106.8475 105.1172 105.7232 104.6813 102.8481 101.9758 100.7638 99.9281 98.6950 97.6561 96.0466 94.1978 92.1190 87.7933 83.2592 79.0569 80.3385 85.7154 88.5712 90.6604 93.5947 95.5881 97.5603 98.6326 100.1098 100.9234 101.5874 104.3080 107.3039 104.5287 110.2033 106.2458 106.6473 106.7477 107.5400
108.2000 109.8296 110.0659 106.6506 106.4902 106.0419 106.0924 104.9458 103.1793 102.7930 101.9213 100.7971 99.7960 98.1010 97.2713 95.1514 92.7272 88.9987 84.6271 76.5237 69.1240 71.4839 79.0856 86.2048 88.7263 92.0004 94.9895 97.0296 98.3352 99.8113 100.8811 101.4457 105.9179 106.5132 103.9878 109.3774 108.5062 107.2538 107.6262 107.2500
107.4600 108.5724 107.8342 106.6115 105.9248 105.7609 105.9412 105.7766 105.0596 102.6120 102.0300 100.7520 99.4530 97.6209 96.9944 94.6958 91.6559 87.9147 81.6424 73.1330 65.7982 65.9398 74.1187 82.6252 88.1023 91.8440 95.1818 97.5421 98.9824 99.5500 101.0354 101.5439 104.0488 104.0087 105.2065 106.5161 106.4219 107.1465 106.6097 107.0900
108.1600 107.7794 105.8542 106.5994 105.7430 105.6087 106.3867 104.6806 105.8093 102.5740 101.9698 100.6807 99.3016 97.5672 97.0013 95.0701 91.6038 87.9470 81.5217 73.4697 66.3276 66.3932 74.1689 82.4906 88.1793 91.9742 95.2221 97.7072 99.0362 99.5232 101.0389 101.6483 103.4322 104.4622 105.2421 105.5754 106.2867 107.1427 107.2051 107.0900
106.8500 106.6923 106.8226 108.9822 106.2670 105.8460 103.7321 105.9603 103.9973 102.7242 101.9818 101.0616 99.9372 98.1360 97.9587 95.5080 93.0669 88.8733 83.9876 78.1897 68.5818 68.5794 78.4970 84.2283 88.6864 92.3333 95.2872 97.8914 98.9365 99.2742 100.9932 102.4423 103.6426 105.1242 105.9815 105.7830 105.1683 106.6913 106.9419 107.8500
113.2000 109.5594 106.7229 106.3074 106.1725 105.6255 106.6351 104.9855 105.0097 102.8230 102.2662 101.3506 100.0845 98.9473 98.2548 95.5468 94.2305 91.5566 87.2444 83.3722 79.6197 80.5700 86.5092 89.5310 91.8839 93.1359 96.1504 97.7841 98.7797 99.8324 101.0931 101.7782 102.6494 103.8665 105.0937 105.9700 105.5913 106.9704 107.1000 107.8700
111.4100 109.0699 106.9399 107.2073 106.2724 105.2919 105.8443 104.2209 106.1831 103.5036 102.3452 101.6723 100.3793 99.7147 98.6720 97.2544 95.0887 93.2949 90.0452 87.6040 86.0568 86.2092 90.5164 92.6794 93.8368 95.8566 97.9086 98.3856 99.7487 100.7103 101.6984 102.5288 103.2486 105.2121 105.7913 106.3324 106.3927 106.0934 106.2234 107.3500
107.2800 108.4230 106.6781 113.0911 106.8467 105.8745 105.4503 104.7951 105.6023 104.8341 102.6308 102.1057 100.9840 99.8860 99.1326 98.6527 97.8644 96.0055 93.6285 91.9428 90.4662 90.8136 92.2453 93.4860 95.2995 97.2905 98.1992 99.2376 100.6817 101.3793 102.1305 102.7412 104.5929 104.4026 105.9299 107.0907 106.9895 106.3249 105.8000 106.9800
108.3900 107.7906 110.7606 110.6778 108.6175 106.7553 106.7535 104.7973 105.6693 103.5032 103.7910 102.1865 101.5077 100.7292 100.0932 99.1650 98.6840 97.5584 96.4670 95.1134 94.9074 94.9327 94.9837 96.0990 96.9478 97.9282 98.9368 99.8102 101.1434 101.8070 102.4402 103.0547 104.7570 104.2318 105.6633 105.2118 106.9492 104.6738 107.2015 106.5800
108.0500 107.8315 109.4782 107.2566 105.3171 106.3381 106.7173 106.0574 105.9128 103.1207 103.9122 102.7255 102.0242 101.4556 100.5898 100.0215 99.5254 98.9427 98.6760 97.0122 96.5099 96.6773 96.6620 98.3204 98.6615 99.3454 100.0736 100.8583 101.6208 102.1548 102.4891 103.2707 104.8517 104.4925 106.6273 106.9922 107.0607 105.8777 107.5602 108.1500
107.9100 107.1311 108.1040 107.8392 106.2401 107.2497 105.9905 106.0255 105.6794 105.1867 104.9573 103.4734 102.5300 101.8436 101.4689 100.9080 100.7703 100.1149 99.5764 98.8849 98.8678 98.5853 98.8705 99.6235 99.8413 100.0105 100.6268 101.2281 102.1691 102.7929 103.6303 103.7333 105.9556 105.5533 106.2406 107.0933 106.9325 108.1598 108.2427 107.9200
108.6400 108.4250 108.2882 107.4258 107.0810 105.3608 106.5058 104.9794 105.7505 105.9391 105.7719 105.1640 102.8273 102.4995 102.1174 101.6806 101.3402 100.7561 100.6429 100.2761 100.1375 99.9978 100.4278 100.3124 100.4548 101.0455 101.6142 101.9305 102.7153 102.9771 103.9031 104.9669 105.2694 105.0334 106.3364 107.0695 106.2500 107.5152 106.6445 106.9200
108.6300 108.1863 108.0794 107.1875 106.7772 110.4646 105.9779 106.6590 106.2464 105.1205 106.1927 106.1865 103.9411 102.9973 102.6458 102.4020 102.0082 101.5555 101.3415 101.2021 100.9503 100.9552 101.1667 101.0406 101.3299 101.9158 102.3027 102.5182 103.1618 104.3278 105.1391 104.8090 106.3327 105.0087 106.3580 106.4557 106.9804 107.3214 106.7494 107.1300
108.5500 108.4376 106.9705 108.7945 107.8104 107.9523 106.1375 107.1611 106.5856 106.9177 106.4357 105.8863 105.9271 105.6177 103.3358 102.7378 102.5979 102.3746 102.1768 101.9457 101.8674 101.7853 101.8388 102.1564 102.0441 102.5552 103.0491 103.9160 105.5434 100.2340 105.5689 106.4443 105.6578 106.5134 106.6542 107.1668 107.2620 107.8981 107.0873 106.9100
103.2800 108.5676 107.7513 107.8832 106.0524 107.6227 107.5626 109.0596 106.2553 106.2504 106.3960 106.6686 105.6431 105.2096 103.6499 103.5024 103.3398 102.9593 102.8612 102.6276 102.5363 102.6299 102.7521 102.7444 103.0766 104.9490 103.6072 103.3837 106.0012 105.8773 106.6908 105.7794 105.3625 107.3556 107.3658 107.9392 106.9721 107.8843 106.5426 106.9500
107.9800 108.6168 107.9860 108.0787 107.1515 111.5719 109.4270 106.2285 107.2532 106.3298 105.4852 105.4494 105.1682 105.3425 103.9393 105.5463 104.4868 104.1119 103.1569 104.1860 103.2107 103.2757 103.4447 103.4908 104.4189 104.3379 104.6646 105.4441 105.9274 106.0630 106.7040 107.1301 107.0514 108.7060 108.3701 108.2031 107.9675 108.3860 106.8429 111.7800
108.3500 108.4422 107.7545 108.4571 108.5612 107.6196 106.3642 108.0367 106.4916 105.9923 106.0730 105.7597 106.8380 106.4426 105.1777 105.1478 104.8437 105.0210 105.1706 105.2332 104.6816 104.9156 104.7495 105.6973 106.1129 105.0324 106.3348 106.1733 105.1860 106.4117 107.1292 107.1281 107.0305 109.3080 112.3572 112.8206 108.0445 109.7155 108.1929 107.4300
108.1900 108.5410 108.5265 108.1047 108.0173 107.9606 107.4542 107.2713 107.8174 107.0542 106.3019 105.6943 106.6297 106.0132 106.6167 105.0076 105.1907 105.0335 105.0059 105.5053 105.9543 105.0259 104.9955 104.7545 104.8768 105.9170 106.8535 105.5312 107.1206 108.5173 105.9455 106.5819 107.0129 106.9048 106.7536 110.9454 109.3884 113.3659 106.9071 107.4300
108.1900 108.5407 108.5039 108.3969 108.3263 107.9850 107.1248 108.2997 107.5765 107.5295 106.2845 105.9985 107.5707 107.2224 106.5032 105.3868 106.2845 105.0391 105.2078 105.1500 105.5639 106.1005 110.6517 104.7182 106.7576 107.8258 106.4922 105.7229 106.0358 108.2046 106.4587 107.6601 106.5528 106.5348 106.1016 111.2324 113.7736 111.8612 107.1502 109.3100
109.8500 108.7999 108.5610 108.8495 108.9440 108.7402 107.7723 109.0054 110.1059 107.9158 106.9932 106.7678 107.7316 106.6269 106.3889 105.8782 106.3631 105.8984 105.3096 105.1369 104.8622 110.0612 106.0563 105.7573 106.4854 107.2182 106.6371 105.5745 107.7541 107.8454 107.2736 108.4352 108.1263 107.7863 107.2593 108.1119 110.9755 112.3449 110.6720 109.3100
109.8500 108.8694 115.4803 109.7576 109.8292 109.1838 108.8106 110.5395 111.1891 107.9451 107.5867 107.9161 108.1454 107.5590 107.6320 107.3945 106.8474 106.2486 107.1789 105.4835 105.9076 108.1829 105.9527 106.6324 111.1328 105.3391 108.0764 105.8654 111.5421 107.6741 110.3372 107.6073 107.8884 108.3847 107.3019 108.2543 108.9250 108.5243 113.3800 110.6300
109.8900 112.9537 115.8253 109.7773 105.1166 105.4180 110.5276 112.4146 108.6814 108.3612 107.9489 108.1681 107.8968 108.0597 106.5633 107.7410 110.5403 106.2334 104.7892 105.8214 105.5824 105.1479 107.1813 106.9812 107.3301 106.8104 108.8735 106.7338 111.1999 107.4089 110.4333 106.6088 112.6406 107.9412 108.6702 107.8633 109.4428 108.8834 110.9688 107.8600
111.7400 112.4795 111.8050 109.7222 108.3434 113.3907 110.8687 108.5711 109.1119 108.8482 107.8523 107.7720 108.2682 108.8089 107.7143 107.5491 112.0921 107.9999 106.1835 105.9796 105.1790 105.3253 106.3909 107.1237 107.9050 107.6909 110.5062 107.4961 110.4735 109.0357 108.9675 110.1420 115.1360 108.0905 107.8758 108.3642 109.2099 109.2781 109.2019 108.4300
113.9100 113.9100 108.9800 109.6600 109.6600 113.6300 114.0700 108.4100 109.1500 108.5600 107.8300 108.3600 108.3600 108.6400 108.3500 107.6900 113.0900 107.7000 109.0500 105.5400 105.5700 105.5700 107.0000 107.6100 108.1600 109.7600 112.3800 112.0700 107.7300 107.7300 108.6300 112.4300 113.5000 112.2300 108.6000 106.9800 109.1300 108.8700 109.7400 107.8000
