112.8400 109.8700 109.8700 110.3200 109.4800 115.0300 108.4700 108.0300 107.6500 111.6000 112.6500 108.6600 109.8700 109.8100 109.8600 114.7800 114.7800 116.3900 116.5900 116.5900 110.8600 114.4900 117.4800 117.4800 113.9000 114.7000 112.0200 116.4000 112.8900 114.4800 112.5200 113.9300 113.9300 113.7200 113.2500 113.2500 112.8700 112.7100 112.4600 112.3400
110.3400 112.7910 109.2016 110.3340 109.4936 113.9190 115.6719 112.2066 108.6910 110.7456 108.2421 108.0980 108.8526 108.0831 109.3940 108.8497 112.1016 112.8475 108.4393 112.3820 113.4376 112.6582 114.0763 114.5514 113.8792 112.6792 110.6774 113.4288 113.2676 112.6265 111.9449 114.6863 114.3049 112.6547 113.2924 113.3153 113.1573 114.2405 112.5442 112.6200
110.2700 109.0931 108.8202 110.7513 108.8388 111.5658 116.6276 110.2829 110.6508 110.7077 108.7505 107.6620 108.0597 111.6702 111.3579 110.3850 107.2593 109.3158 110.8706 111.2441 113.8073 113.0375 112.7438 111.9751 114.1902 109.6228 109.5680 111.9940 110.6312 109.7202 113.3368 115.1201 114.5055 114.3516 111.6933 111.4773 113.0550 113.7410 113.2115 112.6700
111.4400 109.5845 112.4919 112.4777 110.3291 110.3755 113.0357 107.3445 112.5968 109.8815 107.7541 108.0522 112.3088 109.0079 111.7235 108.3493 109.9927 111.2444 114.7839 110.0774 110.8093 114.1970 112.4614 109.6017 111.9703 110.5789 108.6446 109.1944 108.9673 110.2453 111.5693 115.0982 114.8928 113.8660 111.4544 112.7197 110.5454 108.8715 112.4441 110.3000
113.4000 113.0789 108.5274 109.1126 109.5735 110.3953 115.7623 116.2882 110.6460 110.3240 108.9430 108.1110 111.2710 109.4484 111.3573 110.2634 112.1413 114.7288 116.4113 109.8858 109.2745 114.0692 109.2627 112.6244 110.2744 110.4167 109.7789 111.6010 109.5007 109.1870 111.8051 112.8600 116.2272 113.1644 112.6862 110.2015 109.9601 108.7072 111.3834 110.4800
111.0200 110.3616 111.3302 113.3115 108.8302 109.6075 113.3816 111.2575 114.1649 114.2662 112.0479 107.6908 108.4512 108.7682 107.6995 111.3090 111.6821 114.4131 113.9196 110.0597 110.3192 109.9299 108.8242 111.9728 111.7599 108.1498 110.0099 111.3506 111.9333 108.0651 110.6549 110.2993 113.7837 111.4308 110.5958 111.0278 111.7924 110.1928 111.0581 110.4800
108.9300 107.9644 110.1860 113.3097 108.8150 111.7539 115.8566 108.2567 109.8948 113.8366 113.8088 111.7809 108.5080 109.9360 109.9156 112.3910 113.4453 114.6797 114.3383 111.4078 108.7991 108.0227 109.2430 109.7157 110.0263 109.6243 109.6541 109.7070 113.5039 109.0695 109.3987 111.4163 110.2242 111.4506 108.6643 112.0087 113.7602 110.9379 110.3046 109.5100
113.8900 110.8440 112.0138 112.6118 108.2146 110.8337 113.9326 114.2398 111.3191 114.2247 108.5985 111.4924 108.4660 110.4379 112.7899 114.5370 111.8136 115.5130 115.2903 109.4592 107.8483 107.9370 108.3547 108.8427 109.0389 111.9943 110.1037 110.0893 109.0190 108.3952 108.4071 108.9968 108.1328 109.7761 112.0082 112.9917 112.9427 112.9786 110.7260 109.5100
109.1900 112.5822 113.9705 109.3781 109.7828 109.2529 114.6744 114.6739 111.7844 111.9247 109.4962 113.4467 107.0467 108.2869 114.1231 113.0118 111.7174 112.7621 113.3657 114.8832 109.3189 107.5787 108.2980 108.6817 112.8767 112.8801 109.2688 110.0399 107.8657 109.8197 109.1673 108.3982 108.2962 108.3771 109.4723 112.3535 112.9590 110.3479 110.3654 110.2500
108.9300 108.7992 112.0425 109.5886 113.1343 108.8427 111.1098 109.5169 111.1686 113.4352 111.6390 108.9191 111.8081 109.8607 111.8953 108.3889 107.7078 108.8124 113.3479 109.3860 111.2905 108.4866 108.4620 107.8152 108.0960 109.6784 109.7027 109.8650 108.6761 109.7046 108.2646 109.5669 108.2839 108.8021 107.9720 113.1151 110.0238 109.7666 110.1827 109.3300
108.7200 108.3347 108.1540 108.1671 110.3131 113.1546 112.4352 108.2269 107.3869 111.2775 108.4538 109.6861 113.5324 111.4421 108.2650 108.8633 108.9377 111.1299 108.2702 111.9538 114.3351 109.3351 109.1543 108.4697 108.3066 107.6050 112.8807 111.3595 108.1515 108.5508 107.7242 109.0703 108.8432 109.3448 109.1561 109.1317 110.3430 110.1316 109.7109 109.2700
108.4300 108.1252 111.1663 107.7127 107.8340 111.1970 109.5347 108.0859 108.0709 108.4048 112.9133 113.8409 114.0095 108.4359 108.3729 107.7138 107.7592 111.5153 110.5931 113.8227 108.2780 110.8085 114.3419 112.0726 109.1497 109.9983 115.8515 116.0577 118.0298 110.4375 110.6601 108.6351 108.8586 109.2205 108.8096 109.3126 110.1042 109.3904 111.2526 110.1200
108.0400 108.2459 106.6018 106.9204 107.3025 107.9599 106.4415 107.3159 106.3287 105.4361 107.3888 109.3633 109.6055 107.9411 107.7504 107.4732 107.7833 107.3292 105.8344 110.8605 109.1192 113.0522 114.7387 111.1669 111.5842 109.1378 110.8653 109.8382 109.8434 108.6299 108.0056 108.7722 108.9870 108.7201 109.5601 109.6200 108.6229 108.9421 110.1577 110.0000
106.1700 106.6589 106.5700 106.4647 106.2387 106.3498 105.6092 107.1595 106.2857 105.6888 108.5183 106.8839 106.7135 107.9257 107.7794 107.2505 108.0103 108.4690 107.3842 108.0739 108.8584 112.5997 114.0046 114.8031 112.6170 111.0511 111.3836 108.1569 106.9371 108.0262 109.1695 108.0618 108.6426 109.0397 109.7648 111.5456 110.2842 110.1163 112.8493 109.1600
105.5200 105.4438 107.3431 106.7668 107.3755 105.4829 105.6407 107.6618 105.6987 109.8522 107.2305 106.4690 106.0652 106.8909 107.8034 107.6303 106.9558 108.1977 108.7250 107.6537 108.3068 112.0892 110.5496 111.1583 108.8961 116.0175 113.6110 109.1779 107.0460 112.1083 109.4947 110.0074 108.4618 108.5433 110.1703 112.1622 110.5977 112.0749 114.3200 115.0400
106.0900 105.8334 106.6454 106.0839 106.6804 106.3614 105.1601 106.9976 105.6201 108.7330 107.3503 105.8568 106.0090 106.5147 107.1559 107.5131 107.2539 107.7973 106.2534 107.2529 109.2244 114.8970 111.4414 108.7631 111.7659 111.3839 110.4315 115.2308 109.6290 117.8639 108.4148 108.7363 107.6787 108.4251 108.6715 109.6156 109.2425 113.3381 113.0319 112.9800
105.5400 106.2762 106.0516 106.0406 106.4476 106.2088 105.6818 106.2517 105.5098 106.1365 107.7580 104.9278 106.8624 105.7013 106.5328 107.1279 107.2913 107.3648 107.4082 108.5365 113.8505 108.5364 109.5902 109.4748 111.2693 112.8537 112.8556 115.0721 110.8580 113.3880 109.3142 108.5559 108.2029 109.8646 108.7474 109.9630 109.6253 109.5564 110.6081 112.9800
104.8600 105.0502 104.6069 106.2818 104.6496 105.1319 105.0682 105.7924 104.9823 106.9320 106.8656 105.9225 105.8675 105.1903 108.4862 105.2159 105.9058 106.0372 106.5294 106.0242 108.8510 108.1582 108.5188 108.5472 107.9100 111.0832 110.5600 114.9962 114.9248 110.0294 109.4017 109.2956 107.5545 108.7862 108.3266 108.6282 108.9664 110.2673 109.2992 109.6300
105.7400 103.7374 105.0336 105.0581 104.6687 104.3866 105.2578 104.4246 103.5618 105.7730 105.9829 105.2631 104.8496 104.0360 105.6546 104.7586 105.3570 105.6860 106.1664 106.3233 107.0064 108.0372 108.2897 107.3976 108.2365 110.4728 108.2848 110.1403 110.4149 109.9577 111.5881 111.2680 108.5991 110.8198 114.6997 115.5420 108.1611 110.6557 109.7783 109.8800
103.3900 105.1853 104.1145 103.3407 102.8709 103.2255 103.8743 102.4813 102.8127 103.4158 105.1639 104.4488 105.5614 105.3238 104.9773 105.1989 107.0861 106.4906 107.0014 106.0890 106.7123 106.9863 108.0024 108.5646 110.1957 108.7394 107.7706 108.1278 108.6121 109.2122 111.2693 107.4956 110.4759 116.0656 117.3830 111.9294 116.4210 117.0172 114.7678 110.8600
103.3200 102.8914 102.4570 102.3313 102.0980 102.0641 102.0192 102.0384 102.4424 102.4937 102.6755 102.7748 103.4778 104.3239 104.7368 104.7968 105.9434 105.2603 105.5621 106.7009 106.9152 107.8334 107.1244 107.1027 107.7825 107.1121 108.2532 109.9337 113.0391 110.6279 113.5066 108.0396 108.0024 111.3603 110.9658 110.6558 112.0841 115.9173 111.7448 111.0000
102.6900 102.3865 102.0885 101.8548 101.4542 101.2714 101.3469 101.2193 101.3290 101.7691 101.9800 102.3232 102.6341 103.5300 106.0050 105.1697 106.1601 106.3415 106.9589 107.0450 105.3302 107.2691 106.8356 108.1227 108.3440 108.2665 108.9846 113.2540 114.0932 113.6384 115.5597 115.9907 111.8089 111.8904 108.7675 110.3012 111.5046 112.4844 110.2148 108.9700
102.0200 101.9634 101.1683 100.3088 99.8442 100.1542 100.0078 100.5565 100.4740 100.5962 100.9061 101.4629 102.2432 102.2517 103.7109 104.4342 105.9915 105.7594 106.6074 107.1400 110.6373 106.8108 107.3354 107.1493 108.3717 108.9290 112.1151 112.2746 114.1515 114.3088 113.1925 112.3821 112.8371 115.5634 115.5877 114.3197 115.0128 114.8726 115.2705 108.8400
102.0200 100.7264 100.2948 99.6314 98.8530 97.8194 98.0832 98.7382 99.5361 99.0850 99.2738 100.8609 101.4090 101.9874 102.4357 102.9531 104.7383 105.1839 105.9907 105.4914 105.8528 106.5329 106.9056 108.1145 107.8882 110.6103 110.8721 111.3660 115.4200 114.9423 114.6886 109.1885 113.4723 109.6081 113.6853 113.2842 113.8333 112.8268 115.3806 111.3700
100.1700 99.6186 98.7462 98.2555 97.8098 96.8443 97.1710 96.6350 97.4505 97.7269 98.4674 100.0280 101.0346 101.2354 101.8978 102.4996 103.0046 104.9819 105.7109 105.3805 105.6694 106.5231 109.2213 107.1167 107.7982 111.5304 107.8462 109.8279 110.9526 111.7741 110.4815 109.0959 109.3097 110.0663 109.0566 110.7068 114.0235 111.8069 111.3656 108.9700
100.2800 98.8610 97.4727 97.2453 97.0309 95.7213 94.9299 95.9031 96.4982 96.8866 97.7408 99.0401 100.3541 100.7335 101.4118 102.3391 102.8798 103.1989 106.4312 106.4420 105.5871 106.6511 108.4681 105.8822 106.2456 107.2424 107.9925 108.3236 108.8083 108.8619 108.7099 108.6820 108.7425 109.1608 113.5143 112.5172 110.3723 114.5916 111.2445 114.2000
98.0800 98.2285 96.6101 95.8694 95.4749 92.1783 92.1330 91.9202 92.9742 95.2549 96.4188 97.8691 99.2198 100.1874 100.8458 101.8126 102.6843 103.2615 104.2121 106.0661 106.0050 106.4074 106.5359 107.1471 107.4535 108.2006 108.3433 108.7211 108.2856 113.1303 113.3347 113.8959 113.1050 114.2929 111.5596 113.0849 115.9453 111.1102 114.5280 111.4600
98.0800 97.6410 96.1631 91.5926 93.1042 90.2128 88.3464 89.7012 90.0257 94.0214 94.8249 97.0789 98.6034 99.7287 100.5179 101.4768 102.1164 102.8196 103.5099 105.8990 106.5146 106.8578 107.1104 107.8346 107.8697 108.0436 108.3694 108.5802 108.0954 109.4925 110.6617 110.6604 110.5685 110.8981 110.4296 111.5049 108.7888 110.0341 110.7407 114.8900
98.0100 97.6037 91.9642 88.6644 89.4082 85.7769 83.8217 85.6172 87.6211 91.2451 93.5726 96.4483 97.6505 99.1589 100.4786 101.4990 102.1301 102.8566 103.4197 104.6883 106.2044 106.2784 105.7869 106.0702 107.6023 107.6662 108.5358 108.5858 108.5757 107.7970 108.7988 109.3992 108.8822 109.6461 109.3711 109.5910 109.6478 108.8201 116.1598 108.5300
87.5200 91.8577 94.1723 89.2479 84.4092 78.1328 75.6323 79.1922 82.9494 88.0661 92.7807 95.2241 97.1853 98.4275 99.9851 101.3389 101.8522 102.4986 103.3159 104.3821 106.0911 106.0990 105.1757 105.9027 106.2470 107.1981 107.4366 108.4405 108.6993 108.6003 108.6162 109.1493 109.5976 109.7320 109.1638 114.2969 111.2397 109.9023 112.0541 113.0900
96.4500 95.2334 91.7299 89.6491 84.5194 67.8828 64.1434 70.4631 80.5362 88.3282 90.4681 93.1335 96.3792 98.0085 99.7049 101.2324 101.5616 102.4975 103.0275 105.2756 105.9370 106.2551 107.4331 105.8439 107.1560 107.2239 107.6362 107.6248 107.7650 108.6781 108.6330 108.7247 109.9478 109.8830 109.2879 110.5958 110.4215 111.5343 111.8530 109.3800
95.7200 94.0101 90.7832 86.4796 78.6766 66.4322 62.7213 69.2241 83.8304 91.7863 90.6873 93.8635 95.8740 97.6616 99.9981 101.0131 101.5989 102.4762 103.0680 104.3115 105.5962 104.8115 106.0027 105.7962 106.7542 107.7027 108.4055 108.7275 108.9270 109.3400 108.9579 108.9268 113.0344 111.5468 110.3150 111.0394 110.2906 111.4071 108.4196 110.5000
95.7300 94.4388 91.1265 87.0248 79.9913 70.0155 67.0134 71.8894 85.0857 90.2365 90.9951 93.8406 96.1844 97.8836 100.0152 100.8976 101.6127 102.4330 103.1580 104.5426 105.8968 105.3190 106.0577 105.9628 106.8868 107.3510 108.1172 107.9008 108.2955 108.3993 109.1436 109.6685 110.5139 110.3767 112.2396 110.2527 108.6968 110.4239 108.2512 111.2100
95.5400 95.8691 92.2249 88.4591 84.3628 78.9699 76.1952 81.5148 88.6192 89.7208 92.8585 94.5069 97.1927 98.6608 100.1904 100.8286 101.6995 102.4835 103.3716 104.5180 106.8040 106.5662 106.6057 106.6986 106.5063 107.4463 108.4156 110.8715 110.4619 111.1632 111.3239 108.1793 110.2881 111.0890 112.5190 109.7983 111.4738 108.9370 108.8232 111.2000
97.4400 96.6856 94.8003 92.0104 89.9306 87.6570 87.3311 88.9748 91.5711 91.8103 93.7673 95.5317 97.3625 99.0013 99.8666 101.4509 102.0330 102.7995 103.3112 104.0879 105.8259 105.8409 105.8390 106.5474 106.0894 106.4474 108.9093 110.8460 112.7557 114.1647 113.2298 108.6005 110.9396 110.3117 106.7744 108.3808 115.3919 109.4618 109.5976 110.7700
97.8800 97.4074 96.2574 93.9438 92.0549 91.5484 91.3159 92.1815 93.9682 93.4125 95.4008 96.6497 97.8516 99.2194 100.2776 101.5872 102.2184 102.9154 104.0036 105.0968 106.0539 105.2255 106.0290 108.8730 111.2157 111.5111 112.1129 110.9039 112.4791 113.7051 111.2227 111.5883 113.4939 109.8031 113.2736 109.0411 113.2679 111.6832 109.8977 110.3800
99.6000 98.5340 97.4436 96.0077 94.8201 94.7162 93.9944 94.1697 94.3347 95.5256 96.7053 97.3841 98.7471 100.1042 100.9772 101.7863 102.3603 103.0792 103.7536 105.3016 106.4187 106.2094 107.0192 107.7809 109.1498 108.5917 109.5816 111.6076 114.1560 114.2593 114.8835 113.0195 114.4297 116.0900 115.5462 115.7679 117.9961 109.5887 114.1562 110.6700
100.5800 99.5342 98.5573 97.9517 97.1401 97.2354 96.7548 96.5165 96.7504 97.5082 98.1751 99.0909 99.7051 100.6729 101.7288 102.3148 102.9074 103.2331 105.5813 105.8507 105.2484 106.3984 106.6518 106.0011 107.7296 108.2613 108.2742 107.7882 109.7308 110.8721 114.1067 114.2043 115.0290 113.3179 116.5402 117.4538 115.2599 111.5837 112.3020 114.5300
100.7600 100.2158 99.4492 99.1246 98.6352 98.2721 97.8879 98.3012 98.7357 98.9252 99.4545 99.9120 100.5203 101.4196 101.9250 102.7479 103.3317 103.8075 106.0017 106.3112 106.4490 106.4542 106.3211 107.1118 106.9041 108.4315 111.1837 111.8913 108.1045 113.2445 112.2741 113.4374 115.9769 115.8908 111.7232 111.7893 112.4108 109.1079 109.2282 113.3800
101.4400 100.8500 99.8200 99.6900 99.6300 98.7400 98.4800 98.6000 99.5200 100.1600 100.2000 100.7600 101.2200 102.2300 102.6800 102.6800 103.5300 103.8900 105.1400 106.2700 106.2300 105.6100 106.5600 107.8200 106.6000 108.4600 112.0700 108.5000 113.3300 114.6000 114.7900 115.3900 116.4300 111.2700 112.2600 110.7700 110.3400 108.2500 110.3000 110.7800
