99.1500 97.7500 96.2200 93.5100 90.4100 87.5500 79.7800 74.6100 74.5200 81.0300 85.7800 87.9900 90.4500 95.0100 96.5200 98.6100 99.5300 101.1500 104.9100 101.9100 109.7100 113.5200 104.8700 103.8300 104.6000 103.8600 107.3600 105.2300 109.6000 111.1200 112.7500 116.4900 118.4000 118.3600 117.2200 115.0900 114.2700 116.7600 115.7900 115.0000
98.8800 98.1187 96.0364 92.8286 90.1141 84.8763 80.5570 70.8700 67.7349 71.5010 81.0518 86.5314 90.8846 94.3612 96.4298 97.9990 99.4365 100.1464 105.1418 102.3579 108.4654 113.7474 106.7694 103.7663 104.2200 103.9142 104.2412 106.8621 108.7180 110.9707 113.4534 116.4093 119.3597 119.2555 116.6733 120.0310 119.6495 118.9088 115.7894 115.0300
99.0300 97.5154 96.0308 93.2192 88.6819 87.6971 79.3271 64.7344 60.5118 66.1772 79.0675 85.3033 90.4856 93.8467 96.3157 98.0145 99.3518 100.5224 100.1920 102.7716 108.3283 114.9866 106.7205 103.5939 104.2192 103.7694 104.0294 106.6620 108.6041 110.8905 113.4883 116.6031 120.0042 120.6226 120.9964 121.4275 119.4486 122.3185 115.6212 115.0300
99.0500 97.6999 96.4256 93.6774 89.0798 87.7548 80.9020 70.2815 64.8108 69.6782 80.9011 86.3452 91.0294 94.1971 96.5106 98.2698 99.4597 100.6149 101.1127 103.9047 108.2535 114.4571 107.7216 104.2759 104.1300 103.7290 104.9457 106.7361 108.6750 110.9342 113.5568 116.6301 120.0150 120.5039 120.7921 121.2970 119.2387 119.3930 115.5062 115.0200
98.9600 98.4797 97.6332 94.9315 90.6495 87.4471 81.8563 78.4242 78.5609 83.3102 85.9500 88.6904 92.2588 94.5786 96.9004 98.6641 99.8344 100.7246 103.5888 104.4978 108.8096 111.3602 109.8970 107.2257 105.0707 103.8480 105.1245 106.8319 108.8212 111.0952 113.7700 116.9322 120.1526 120.5577 120.8831 121.3748 119.1315 117.0187 115.5197 115.0100
100.6100 99.2425 97.9954 95.7169 92.6608 90.4563 87.2177 85.4540 88.0400 87.3566 89.5799 91.6904 93.9181 96.0845 97.5172 99.1009 100.1999 101.0583 100.3372 107.0023 109.5130 110.7661 108.3693 106.4158 105.0629 104.2447 105.6352 107.2592 109.1068 111.3943 113.9768 117.3686 120.3234 120.5827 120.8953 121.3746 118.9448 117.0792 115.6473 114.9900
100.6100 99.6009 98.6880 97.4950 94.6761 93.2004 93.2566 92.7641 93.5844 91.3146 91.8109 93.8643 95.5278 97.5062 98.2734 99.7440 100.6563 102.2792 105.9992 112.5808 109.2770 109.9328 108.3877 106.1208 104.5894 104.4345 105.9190 107.5460 109.5862 111.8241 114.3506 118.0286 120.2468 120.6483 120.9342 121.2257 118.6989 116.8514 115.4463 114.9100
101.2600 99.9090 99.2369 98.6979 97.1471 95.3017 95.4772 95.5867 94.5742 95.4201 95.8118 96.5620 97.7389 98.5629 99.4061 100.4981 101.1760 101.7491 109.7475 110.7459 107.8043 115.1446 113.3806 106.2466 104.8771 104.5313 106.1938 108.1555 110.1846 112.0571 115.0038 118.1835 120.3652 120.6886 121.0683 120.9678 118.3498 116.6134 115.2794 114.8500
101.2600 100.5433 99.9642 99.5627 98.9264 98.0409 97.0430 96.3406 96.6062 97.4312 97.7120 97.9076 98.8303 99.5486 100.6380 101.0976 102.9286 103.0326 105.2509 105.5421 105.7305 106.4633 106.6703 113.9812 104.7796 105.1724 106.7724 108.0183 109.5817 117.4625 114.8668 119.3093 120.3944 120.7500 121.1419 119.7875 117.9146 116.3172 115.0811 114.1000
102.3400 101.3942 100.8267 100.2842 99.5661 98.8858 98.5692 98.4695 98.5961 98.4586 98.4351 99.1893 99.7417 100.1219 101.1323 101.7356 102.9497 104.0272 102.3156 104.1624 105.2256 104.1121 105.9593 107.5458 104.9241 105.9488 107.1570 113.4514 117.9674 117.5581 119.8426 120.0646 120.5282 120.8357 121.1400 119.5332 117.5081 116.0146 114.8546 114.0600
102.4500 102.0635 101.5973 101.1459 100.4930 99.8308 99.8631 99.5906 99.6695 99.8741 99.8659 100.3685 100.6555 100.8802 101.8075 100.9960 103.5895 103.6805 104.9349 103.1071 110.8112 105.6265 106.3040 104.3035 106.4447 109.0206 107.9078 112.7711 118.7703 116.2267 117.2807 120.2064 120.6695 120.9340 120.9711 119.0182 117.1101 115.7008 114.5872 114.0100
104.8100 103.6535 102.3415 101.9057 101.2575 101.1553 101.0344 100.8711 100.6091 100.7340 101.0536 101.3884 101.4472 102.9601 102.9970 103.9728 104.4690 104.5011 103.9451 105.4327 105.4363 106.7806 108.1895 109.1117 104.1064 110.5063 112.2222 109.0093 118.3473 112.6577 111.7582 120.3270 120.7260 121.0276 119.8769 118.2489 116.5877 115.3485 114.3120 113.9200
105.5600 105.6996 103.2109 102.7710 103.1572 102.0156 102.1540 101.6448 101.6173 101.7109 101.6908 101.9882 102.5274 104.9762 104.3493 104.4795 104.0215 105.4577 104.5976 106.0946 105.0089 107.4549 108.3007 110.2573 106.4414 107.6733 115.3569 107.4099 111.5962 110.4119 117.4414 119.1521 120.7990 120.8826 119.1507 117.4932 115.9846 114.7527 113.8001 113.8400
104.2100 106.1451 105.3668 104.4773 102.6078 104.6736 103.4928 102.6410 102.8719 102.9334 104.4065 102.9961 103.8507 108.8447 104.6632 105.2773 105.6808 106.9280 104.7530 104.5240 105.4268 106.4319 107.3400 107.4178 105.4152 108.6071 114.0994 111.6690 113.3614 117.7228 116.8200 118.3838 120.0073 118.9830 113.9241 117.0631 115.8275 117.1443 115.3602 115.3800
104.3200 104.2124 104.0623 104.5035 100.2510 104.4155 105.3669 101.6412 105.1541 105.7104 102.1272 98.8478 103.9217 103.9926 106.5196 105.7813 105.3379 105.6542 105.3415 106.4885 105.7510 107.4258 106.5319 107.7354 108.3437 108.8927 106.8547 110.1775 119.5367 118.4097 115.8830 114.0455 119.7212 118.1535 117.9221 114.0404 113.8095 117.7459 118.6569 117.7600
106.6400 105.6283 105.2223 104.9516 104.7105 105.6531 105.7219 101.2453 104.5495 104.5960 100.9089 106.5554 105.1816 104.5522 104.8871 109.7247 106.6578 103.8647 106.0604 108.2107 106.0350 106.2840 106.9446 106.9795 106.4471 105.1190 108.2454 115.6889 114.5352 113.8838 117.4820 116.5304 116.0656 117.3135 116.1770 112.1805 110.3287 108.9058 114.5033 114.4400
104.4800 105.9911 106.5843 105.6103 105.9786 105.6374 105.2680 106.2387 106.3877 105.2740 102.3785 105.3804 105.8634 106.6082 115.6196 106.8087 105.5429 105.1285 107.2389 108.1660 106.5752 106.6310 107.9052 107.0331 108.1957 108.7830 108.5811 112.0104 115.9912 110.8296 117.2156 117.2731 117.2189 116.9750 117.0860 117.5128 114.2906 111.0525 108.4554 108.9800
105.6900 106.2223 106.8433 105.0537 105.6206 105.4159 106.1998 105.0764 105.2508 105.7035 105.7707 105.2977 106.3793 105.2186 109.7026 105.8873 105.6526 106.7597 106.2865 108.5886 107.7562 106.1175 106.6994 107.8237 108.3527 111.9573 110.5894 109.8528 110.7452 112.9943 113.1709 114.2640 115.5089 117.7661 113.8461 121.4805 120.4775 113.6635 112.1416 116.0100
107.4100 106.0883 105.6607 106.0061 105.4043 105.8543 107.1153 106.4616 105.9194 108.7409 107.7819 107.1858 105.5241 106.3241 108.3357 108.3110 109.6466 106.7242 106.4405 107.2616 108.4500 109.0181 107.3439 108.7297 110.6405 110.3644 113.6542 110.2178 111.2577 114.4179 113.4451 111.3838 113.4734 118.1002 114.0783 119.7185 119.4041 117.8381 114.3126 109.5100
107.7500 106.9747 108.3788 106.2254 106.8546 106.7488 105.9842 105.9527 104.9474 110.8709 106.6265 107.2512 107.1956 107.2445 106.2686 108.9915 111.0413 107.3145 107.1530 107.1612 108.4522 108.6870 107.2709 108.0528 108.1064 110.1158 114.7844 108.9382 115.4493 116.1073 113.7431 113.5060 112.9269 111.9914 117.4563 119.0917 118.7796 115.3439 118.3273 113.5900
112.7500 109.3056 107.6925 106.5266 106.7044 108.3487 107.5731 106.3335 110.6100 112.5250 113.4474 107.1349 107.3631 106.8451 107.8277 107.6894 108.2863 107.2814 107.0406 107.9253 107.0811 108.5995 109.5019 111.0642 110.3506 108.5043 107.8467 110.3227 113.4187 109.0511 114.2239 106.4572 112.0101 117.0203 117.9861 119.5476 119.6083 113.8662 120.6725 121.0400
108.3700 114.0552 107.4625 109.7668 107.7164 109.3195 113.8766 109.2313 113.5341 112.4621 112.4485 106.6698 106.6520 107.2382 107.1869 107.1750 113.6233 108.5547 106.5493 111.0542 108.3351 109.1000 107.5666 107.6517 112.5594 108.6256 109.0135 110.4315 112.9930 111.1286 113.9538 110.6003 111.2076 117.0746 109.4324 119.4460 118.6244 118.3812 117.1742 112.9800
112.9000 113.7399 108.4250 111.8879 107.9253 113.1785 112.4455 111.8124 110.2037 113.6681 113.8338 110.8132 106.3629 107.4360 108.3822 107.2502 114.0122 113.7563 111.9607 108.9216 106.7186 113.3763 107.6383 107.0303 114.4699 114.9615 109.5761 109.4015 114.2684 115.9809 116.7099 115.3835 117.8343 114.4319 110.2916 111.0623 111.8024 116.1014 112.3375 115.8000
116.2500 114.0329 111.8893 107.5487 108.1923 114.9486 108.1632 109.2502 113.9473 114.3129 110.1317 108.0851 107.6163 108.5051 111.2312 112.8368 114.7791 105.6206 109.2777 108.1369 106.8140 109.4755 108.9220 109.6644 108.5612 114.7124 113.9772 116.5064 114.2497 114.1592 116.4923 117.5845 114.8853 118.6829 115.3255 114.7861 115.1171 119.5447 110.1648 114.2400
114.1900 115.0103 112.7893 111.4361 107.1662 112.7537 109.2527 111.5500 113.8920 107.2898 111.3379 107.1990 110.5696 109.9739 111.2379 110.2295 109.6415 104.1466 105.3955 105.2450 107.2682 109.9246 110.0306 109.9483 109.3620 110.0362 110.8060 112.9639 115.7162 113.6342 116.9610 119.3844 114.4686 117.8935 115.0285 113.8488 113.7482 115.6154 109.9132 114.5500
115.2100 113.3141 109.0211 108.1337 114.1010 104.9959 112.7354 115.8740 111.5158 107.0536 106.2878 108.2577 109.7399 110.5211 112.4669 110.6880 109.5566 114.1300 102.7604 104.4636 112.0874 109.1324 110.8401 109.1763 106.4495 108.4253 112.3054 113.4529 116.7234 113.2489 111.6384 117.4455 111.4907 116.7054 110.8035 110.1495 109.6285 111.3589 111.6765 114.5500
110.9000 109.8086 108.7058 107.7985 114.8143 112.0591 108.1557 114.6450 113.8523 112.4141 107.8380 112.1963 107.7684 112.2074 112.2332 114.3823 110.0771 105.9485 105.4070 108.6326 114.6372 111.9886 110.3218 111.2629 108.9224 109.2444 110.0187 110.9171 114.8898 114.5421 112.5654 115.0147 109.4810 113.8514 114.2501 110.7130 112.2286 115.7101 114.6128 110.9500
111.7500 110.5276 108.5531 108.3191 110.8140 115.6498 113.4078 112.4343 112.8066 114.8824 110.1496 110.4156 107.2570 112.9757 113.0929 110.7133 111.8266 107.2116 110.9521 109.3261 109.2354 111.8484 113.8108 110.8751 108.2858 108.8030 109.0413 111.4112 114.7616 116.8057 111.1489 109.2436 112.8080 116.4109 119.0916 111.6983 111.6376 114.8549 109.6031 111.1400
112.0800 108.8605 110.8754 108.4097 109.5117 110.9636 109.3502 107.2998 106.1201 112.3124 110.4666 114.6903 112.7772 114.8076 114.6818 108.9987 111.4064 109.4167 115.7159 108.3472 112.1821 111.3023 114.1305 110.6584 109.9017 109.0146 109.5375 111.8934 114.2237 118.7197 114.0216 108.6623 117.1652 115.8517 114.3107 110.3411 111.7815 113.4101 113.1810 109.4900
112.7900 111.2307 109.7815 109.4884 110.6589 110.7944 113.5528 115.8280 112.1293 110.3617 110.7803 113.9162 112.4983 115.3120 112.2910 109.5558 106.9959 109.2045 112.4559 116.1165 114.2832 116.5237 116.6330 112.2735 108.7676 110.6447 110.7311 110.0308 115.0127 120.2507 118.6058 109.9185 111.0926 112.9499 109.8383 109.1860 111.3687 112.3594 110.4117 112.7000
113.7600 113.3013 110.6757 112.5760 109.8628 111.5797 107.4106 107.5869 109.2414 110.0881 111.5285 110.6743 109.1494 112.7033 112.2911 106.7323 110.4450 115.4322 109.1914 112.6142 114.5337 117.7929 116.8228 116.3872 112.9978 109.3920 113.4073 110.2558 112.9056 120.1900 112.0699 108.5837 109.9711 110.0040 109.7580 110.4780 109.7036 110.9646 110.7686 110.6200
114.1200 114.1457 112.4549 113.0933 110.8877 112.2799 109.1484 109.7951 111.1934 111.7657 110.2939 107.8989 110.5675 110.5682 115.8440 108.2058 117.0220 114.4922 112.1995 110.6854 112.6273 112.9141 113.6570 115.7340 115.1061 112.3919 111.9651 114.1881 112.6771 117.0367 115.0515 115.8154 110.2437 115.6736 111.7513 109.9991 109.6895 109.7742 111.1991 111.9500
111.5700 112.0657 112.1069 113.8517 109.6976 112.9917 112.7921 111.8803 117.2845 112.8063 109.0212 110.4946 110.8251 111.1965 118.5630 113.0716 113.9431 113.4788 113.9523 114.1610 113.4045 115.0996 117.9394 112.0742 116.2752 110.8342 113.5168 114.6643 110.5200 114.3336 115.3383 112.9142 109.5415 110.6057 110.6184 110.1490 111.3132 111.0962 110.9366 109.7000
112.5100 112.7618 111.7627 112.9471 109.7694 112.4793 115.3768 111.9013 112.7490 114.0317 112.1985 110.2937 109.8738 111.6567 115.1675 112.3292 110.9332 114.6085 112.0159 113.4596 112.7074 110.6724 113.2579 111.3318 111.5369 109.7703 111.8121 110.2542 111.9488 111.3659 113.4089 114.5365 116.1276 111.0290 110.6339 113.2418 114.9747 112.7520 111.7693 112.4100
114.5700 114.0897 114.6592 115.8573 115.1535 113.9542 113.9558 114.4591 114.7174 113.5472 112.4349 110.0392 112.5287 112.7311 114.1424 115.0216 113.0400 110.7811 115.4535 118.3396 111.7567 111.9232 112.7879 114.0892 111.8353 111.4328 110.9859 113.9803 113.6649 114.7851 109.7218 112.3310 117.7285 111.6571 110.8590 111.9249 110.2867 113.2775 112.2399 112.6300
114.6500 114.5666 114.7442 116.3159 116.2382 117.7025 116.4536 114.7352 113.4816 112.1095 115.0825 108.8862 111.3140 110.2817 113.3207 116.5856 113.2772 112.4342 119.7318 115.3948 114.8967 113.3482 114.1978 112.1613 108.4138 109.6306 108.7470 111.8505 111.7192 118.6397 110.5505 112.4153 116.5139 111.3874 111.5711 114.4620 111.2817 112.4930 112.8616 112.6300
117.7300 115.6357 114.7827 116.7038 118.0659 119.5680 116.7124 112.4285 114.5655 110.6921 113.5528 109.9761 110.8093 111.3392 111.6114 114.3100 111.4251 114.1915 120.2668 109.5819 114.8702 114.1485 108.3065 113.5958 113.1814 108.8642 110.9025 113.0393 118.2026 118.5419 118.4690 114.8401 109.9944 115.2132 118.3549 118.6957 115.6817 110.9419 118.3889 111.9600
118.4600 115.9175 118.7976 115.9466 117.9374 118.8080 114.4443 113.4388 117.8060 112.6807 110.6606 110.1868 111.3668 115.0115 114.4445 113.3992 115.5874 115.3792 117.9125 115.6798 113.7228 113.9495 116.3043 116.9756 116.3857 116.3204 115.7960 117.3615 110.4725 118.6081 121.3982 120.1531 115.8145 120.5440 114.2864 118.8688 120.8333 112.9439 111.8249 119.7300
118.4600 118.4881 117.5294 116.0869 117.8140 119.2536 115.3188 114.3512 118.0328 114.2724 113.8295 114.3395 112.1352 113.9473 113.0026 115.6597 116.5613 119.7460 114.7484 116.3957 115.6145 115.0396 116.8929 116.4310 116.1429 116.3632 116.3280 116.3863 114.9428 118.3993 117.9070 118.1231 119.4245 117.2231 109.0862 113.1589 111.8951 110.0950 114.7293 116.6200
121.8300 121.0500 120.7700 118.6100 118.4900 120.5500 115.4700 115.4700 118.4000 115.2700 114.5700 109.9500 116.4900 114.4200 113.7500 116.2400 117.0100 120.0100 115.7300 109.4200 116.6600 115.7300 117.1700 117.1700 115.8100 116.0200 115.5300 110.5900 119.0300 119.0300 119.2800 118.0100 120.0600 110.5800 110.4800 110.4300 110.4300 110.5200 119.3100 119.3100
