105.3700 105.3900 105.6300 105.3900 105.6800 105.4700 103.9000 104.9100 104.0800 102.3700 102.3700 101.3600 101.5100 101.5100 100.6900 101.3900 101.3200 101.2300 102.5700 102.4600 102.7000 104.9400 107.2500 109.3300 114.2700 113.5700 116.4100 110.5600 106.1100 104.2400 104.7600 105.6600 106.8000 109.0200 110.1200 111.3600 114.3700 116.1600 118.1700 120.5600
106.7000 106.7454 105.6650 105.9437 104.8217 104.4237 102.7378 103.9299 103.7510 101.4758 101.2001 100.8719 100.7222 100.5071 100.4204 100.4441 100.6484 100.9112 102.3534 103.7735 102.4643 101.6079 104.1876 107.4442 111.7215 113.0514 116.4357 108.8785 106.8842 105.6013 104.7477 105.1523 106.5020 107.8146 109.2420 110.7977 112.1166 111.3597 118.0174 119.7400
106.5900 105.5216 105.5861 104.3320 105.1846 105.0472 102.3730 102.7284 100.9384 100.6274 100.1321 99.8357 99.5676 99.3319 99.3447 99.3199 99.6347 99.9631 100.3690 101.0046 102.1004 103.3316 101.8268 104.2357 107.6060 112.6074 114.3505 111.3924 108.2609 106.6340 105.6695 104.8461 105.8001 106.9461 108.4659 110.0313 112.0903 112.8160 116.2261 119.5900
106.1200 105.8871 104.6252 104.5929 104.9238 103.9970 101.8139 101.3046 100.9147 100.2036 99.2980 98.6600 98.0757 97.7679 97.8274 98.2693 98.3208 98.7898 99.3945 100.1154 100.2672 103.8295 102.6062 101.7424 104.7265 109.6320 109.0599 112.7848 109.0754 107.4171 106.0369 104.9056 104.9703 106.2916 107.7842 109.4831 111.1673 113.4056 116.0000 116.9800
106.1800 105.0163 105.4954 104.3305 104.1424 103.1626 101.0491 100.8798 99.9882 99.1168 98.1543 97.1694 96.8071 95.8849 95.9763 96.3148 96.7003 97.3449 98.1831 99.0494 99.9765 100.6550 101.7883 102.6590 103.2156 106.4182 108.2625 110.0567 110.1310 108.3647 106.4745 105.2320 104.6200 105.8765 107.1720 108.8130 110.5986 112.6309 115.0610 116.6500
106.5700 105.0913 105.4863 103.7587 103.3180 101.3290 101.2165 100.5860 99.3073 98.0101 96.9970 95.5376 95.4382 93.5350 93.6488 94.5666 95.0166 95.6482 96.8088 97.9591 99.0452 100.0754 100.7435 103.1301 104.5006 104.2730 104.3026 105.9465 110.6684 109.1634 107.0616 105.6468 104.5837 105.0762 106.7014 108.1948 110.0328 112.0912 114.4452 116.3100
105.7600 105.7160 103.9661 103.1304 101.9245 101.2779 100.4658 99.5015 99.0518 97.7242 95.3819 93.8611 92.8091 91.5415 91.3598 92.0677 92.7767 94.0701 95.2570 96.7945 98.1150 99.4735 100.5625 100.9834 103.1769 104.3849 108.5140 102.0828 110.3073 110.6549 107.5038 105.7988 104.4924 104.6153 106.1286 107.8103 109.5846 111.6051 113.9077 115.7000
109.5800 107.8914 103.4658 102.3388 101.5164 100.8933 99.7468 98.6345 97.4250 95.5111 93.6074 91.2282 88.4024 88.3780 87.9456 88.9063 89.5457 91.7740 93.6217 95.5586 97.3774 98.9093 99.9620 101.1903 101.6246 103.0528 107.5664 109.7490 109.9239 110.4541 108.1582 105.9442 104.6079 104.3864 106.0353 107.5801 109.3285 111.2869 113.4576 115.4400
105.4000 105.1652 103.6308 102.3138 101.3935 100.3253 99.2841 98.4222 96.7206 93.6280 91.8896 87.8965 83.9396 82.8437 82.2782 84.0853 86.4643 89.0028 91.9513 94.3899 96.7824 98.1233 99.5601 100.8553 102.7057 105.0021 109.8454 113.7723 110.1340 109.5066 108.7280 106.5742 105.1127 104.4925 105.8936 107.4071 109.2019 111.0417 113.0933 115.2400
104.3400 103.5691 104.1872 101.9721 101.0051 100.0976 99.4187 97.5570 95.8557 92.7943 89.9429 84.8821 78.8892 72.1735 70.6853 76.4481 83.2774 87.0995 90.7772 93.6811 96.0642 97.5851 99.2799 100.2951 102.0888 102.1743 107.4970 108.9899 105.4927 112.7489 108.7966 106.3153 105.1691 104.6203 105.9026 107.4917 109.1179 110.8474 112.8359 114.7000
105.6600 104.9678 102.7868 102.0545 101.1476 100.1588 99.3478 97.7072 95.8640 93.0316 89.6622 83.1791 75.5028 69.1203 67.8265 72.8706 80.4708 85.9468 90.4809 93.6133 95.8131 98.1040 99.2394 100.6122 101.2598 104.1242 104.8572 106.6535 111.0929 108.5371 109.1124 106.4390 104.7379 108.7645 105.5876 107.3729 109.0532 110.8035 112.7385 114.6500
105.2200 105.5049 102.8665 102.2449 101.1546 99.8489 99.2364 97.2788 95.8275 92.8775 89.4470 83.3466 73.6978 64.1479 65.6593 70.9036 79.9061 85.6199 90.2516 93.5066 95.7827 98.0940 99.2219 100.6429 101.3110 104.0073 104.7431 106.3312 110.8446 108.4917 108.9977 106.5810 104.6672 108.8278 105.6222 107.7551 109.2714 111.0199 112.8740 114.6300
105.9800 105.4692 103.8093 102.1488 101.1389 100.0400 99.1641 97.8003 96.6613 93.6972 88.6093 84.1701 80.1246 70.1614 67.0690 72.7934 82.3464 86.2367 91.2068 94.8224 96.4412 98.7737 99.6630 100.8593 101.8155 103.5498 102.9756 104.3520 105.6675 106.1391 106.7578 107.0460 106.0693 109.5373 108.5117 113.8149 113.8257 114.8561 115.7619 115.7200
105.1100 105.1121 102.6862 102.3681 101.5075 100.3811 99.2709 98.3559 96.9779 93.7783 92.0183 87.1298 82.0628 77.3511 76.4684 80.6540 85.8325 89.0629 93.4802 97.2151 97.7197 98.6336 99.5271 101.1752 101.9302 104.1023 104.5314 104.6556 106.1103 105.9903 106.9530 105.1304 106.0698 109.4348 111.7249 112.5470 112.9867 113.5444 111.5694 114.1000
105.7400 105.5532 103.8323 102.5404 101.9666 100.7002 99.9367 99.1406 97.4051 96.8624 95.6357 92.0011 87.7646 85.7254 84.5146 85.7692 88.3656 93.2424 94.8461 97.5823 98.1378 99.0577 100.2933 101.4019 102.2097 102.9429 104.7317 104.7964 105.2216 106.5971 106.2577 106.2315 106.5215 110.6214 109.4300 113.6585 115.0455 110.2140 111.9966 114.8100
105.3600 106.0791 105.0769 102.8942 102.1549 101.2936 100.3909 99.6902 98.3610 97.6186 95.6789 94.0468 91.6557 89.2007 89.1824 88.8706 94.0800 95.6709 96.6498 97.7640 98.2303 99.8834 100.6692 101.6473 102.3574 103.8417 105.1447 104.3193 105.9791 106.5076 105.9284 107.1863 107.6646 107.2090 106.6775 109.0307 114.8348 115.9626 113.7721 112.8300
105.5100 105.5144 105.4368 103.0902 102.4415 101.5820 100.9873 99.9200 99.4118 98.2235 97.6651 95.6641 94.3629 93.1658 92.4523 92.8635 95.6076 96.8920 98.0842 98.6916 99.3597 100.4622 101.3241 101.9814 103.1359 104.2526 105.6298 105.6777 105.0124 105.8387 105.5423 107.4823 107.1448 107.3189 107.8897 107.0708 109.6061 111.3768 114.7307 111.8000
105.1800 105.8018 105.4734 104.6921 102.5766 102.1487 101.3705 100.5987 100.0037 99.2490 98.4303 97.4173 95.7554 95.8017 95.4234 96.1799 97.2011 98.3410 99.2769 99.9444 100.3050 100.7465 102.0055 102.6256 103.3085 104.9048 104.7683 105.8148 105.0561 106.4388 107.0340 107.2161 107.4399 107.3090 107.1805 107.9116 107.5541 108.3093 110.0814 109.4200
105.9100 105.6818 104.9291 104.8282 104.3294 102.5734 101.9899 101.2265 100.7222 100.3158 99.2618 98.2550 98.1222 97.7056 97.6852 98.2308 98.3884 99.3845 100.1077 100.5127 100.8553 101.4578 102.3212 102.9169 104.3807 104.9714 105.8110 104.9287 105.5371 106.6648 107.0682 107.4333 107.8910 110.5319 110.5436 107.3700 112.1903 108.3053 113.3964 113.8400
106.9700 105.2461 105.5022 105.7469 105.0120 103.0406 102.5622 102.1374 101.5644 101.1443 100.6282 99.7510 99.2203 98.7628 99.1198 99.5669 99.8862 100.2565 100.8687 101.2234 101.8484 102.3329 103.4416 104.8509 105.4784 105.4919 106.7190 106.1197 106.6272 106.3448 106.4420 107.6009 107.8303 108.9998 106.1985 107.3491 110.6377 109.6157 114.6153 113.5300
106.5400 105.0410 106.5313 106.0858 105.9389 104.1667 102.8492 102.6561 102.0628 101.8188 101.4436 101.0081 100.5576 100.0778 100.1601 100.8979 101.1391 101.2008 101.7517 101.9495 102.5027 102.9622 104.5248 105.6110 105.8102 105.5745 106.5107 106.0515 106.8729 111.0225 107.7270 109.3923 108.7531 107.0939 107.9232 108.2761 108.8565 108.2546 108.9318 109.7900
105.8800 105.3300 105.4320 104.8633 104.7963 105.9286 104.5758 105.0960 102.6286 102.3934 102.1637 102.0223 101.9329 101.3564 101.4035 101.8256 101.7601 102.0958 102.5223 103.2280 102.6360 103.1730 105.0701 106.2467 105.6077 106.3734 105.0745 106.0947 106.6279 107.7308 107.6957 107.5915 108.0824 107.1565 109.0447 108.3083 108.1811 108.2600 109.6083 109.3500
105.6200 105.8071 105.7206 106.6552 104.9480 105.4432 105.4796 105.2267 103.5199 104.5911 103.3267 102.7303 102.4998 102.1662 102.1715 102.6751 102.5922 103.1131 102.9292 104.5533 104.6131 105.1558 104.9729 105.7933 105.3099 105.1887 105.6065 106.8394 106.3796 108.4108 106.6798 107.7564 107.3347 107.1984 113.5401 108.2721 108.5745 108.7613 109.5287 109.8400
107.1900 106.1841 106.2412 106.6309 105.2670 105.0150 105.1092 104.3738 110.6037 108.8255 105.1300 104.3141 102.8547 103.6275 104.1879 102.9033 103.3771 104.9814 104.8014 106.0963 104.9801 104.9664 105.2622 104.8259 106.5982 105.6216 106.6540 107.2707 106.1605 110.5973 106.7870 107.9133 108.3437 108.1694 109.1754 109.4501 108.9841 109.2482 108.9490 114.4600
107.0400 106.5481 106.9383 106.9360 106.6374 107.7607 104.5085 104.5854 105.5299 104.6531 104.9624 104.4927 105.5999 105.4623 104.9433 105.5358 106.0064 105.5780 105.8545 105.6516 105.4232 106.4523 106.4934 105.5466 105.8078 106.8057 107.0127 107.5389 106.5983 107.6574 107.3151 107.1356 107.5775 108.2674 108.8831 108.6235 109.0841 108.9967 109.5267 113.5800
107.0400 107.1608 106.5446 107.4480 104.9359 108.7812 110.2230 109.8021 104.5486 106.0189 105.5381 105.6409 103.8227 106.2523 106.0821 106.0204 106.4060 106.3016 106.6189 106.2849 106.4496 106.2888 105.5114 107.2744 106.4000 106.6732 107.2984 107.6820 107.3035 107.9189 107.8215 107.2726 112.9267 109.2747 108.9601 111.1072 112.3599 109.0073 108.9505 113.5800
108.2100 107.3715 106.0044 107.3331 107.0395 106.7838 103.8016 108.7655 106.5993 105.1197 106.2795 107.0443 105.3036 106.3660 106.1081 106.3530 105.9659 105.8642 107.2124 106.2988 106.4778 106.4958 107.0877 107.3839 106.7714 106.4479 107.6249 107.5800 108.9788 106.8860 108.3884 107.8152 114.7819 109.7642 110.8126 110.1175 113.8664 114.2983 111.6656 114.9700
108.4300 108.0332 107.1123 108.6613 106.9344 106.0263 104.7638 108.8275 105.8754 106.2990 106.0818 106.1825 105.0604 106.1672 106.0500 105.7990 105.7620 107.0882 106.9682 107.7042 106.2291 106.3745 107.9512 106.5352 107.0830 107.0650 107.9191 108.0732 109.4090 113.0827 109.6110 110.0866 109.2328 110.3668 112.0867 114.6388 113.1350 110.2017 110.7021 112.2800
108.7900 108.3653 109.0069 107.8064 107.2952 109.3013 111.2856 109.1200 106.2420 106.6760 105.4222 105.4985 105.3519 107.3021 106.4268 107.0144 107.5763 107.2387 105.9247 106.4037 107.1395 107.0573 106.2353 106.3820 106.9215 107.5330 108.3236 108.4259 109.2773 108.3537 111.9537 109.7080 109.7980 108.7043 112.1795 111.9008 108.2810 108.6481 111.3216 113.4500
108.8800 109.2676 109.7290 108.7918 107.8028 114.1266 110.0848 107.4634 107.1182 106.4999 106.4696 106.1959 106.3896 106.2104 106.7124 106.8434 107.3744 105.6852 106.9422 106.0768 106.5868 107.7158 107.2955 107.4533 109.0331 107.3533 108.1200 108.7398 107.4373 104.9265 112.1096 113.0810 109.7501 108.5813 111.1527 110.2607 109.3521 107.8345 112.6793 108.5600
107.9400 108.0062 108.8085 107.7237 109.6175 114.2914 108.3357 108.8148 108.4555 106.3886 106.8879 107.2243 107.4861 106.2637 106.8864 106.8396 106.8595 112.1492 109.1423 106.3944 107.7921 107.8090 107.9845 107.9945 107.9211 108.9041 107.8436 109.1135 109.1237 112.3650 109.5065 109.3268 112.7038 111.3232 112.6049 112.2984 108.0647 109.7360 110.4682 110.6100
108.8600 109.0435 108.7062 108.9395 110.5135 114.3082 107.7630 106.7357 107.2008 108.7662 110.2635 112.2376 105.6380 106.9261 107.2080 107.2766 108.3310 108.5450 108.0227 107.0451 113.1797 108.0827 108.2415 109.1635 107.9890 112.0998 111.9949 108.7593 113.1996 115.1994 110.4486 108.3639 115.2401 114.2033 109.9844 112.4452 107.8169 108.6636 110.0229 108.6400
109.0900 109.1182 108.8420 109.6279 111.8925 109.4094 109.6325 108.3705 109.2579 112.7545 113.1616 112.6588 110.2369 107.4817 107.2121 107.7288 108.6876 108.3905 108.4846 107.8815 108.7419 108.6954 111.9049 112.2148 112.7456 113.2616 114.4668 113.2973 114.5389 111.5016 111.8802 112.5709 115.5381 115.3462 110.3011 108.2926 109.5150 110.4544 109.3542 110.0300
109.1100 108.6487 108.5989 111.2313 109.6477 109.1635 109.6040 108.4129 107.5067 107.6292 108.9222 109.2530 111.5352 107.3004 110.0358 111.7507 108.5602 108.9602 109.0062 109.0271 109.1607 108.1776 111.2118 110.6167 112.6288 113.9374 116.3346 112.5496 110.6007 107.9959 110.1185 114.7923 113.6843 111.5820 112.6758 110.0358 111.0720 109.8517 109.2871 110.0300
108.8300 106.8311 111.6949 111.1735 107.9710 109.6548 107.5220 105.3168 106.9800 112.1285 110.9654 108.9050 109.1799 112.9213 110.3474 110.7386 108.8574 109.2166 109.3742 109.3906 108.7888 108.8217 110.3803 112.1098 111.3485 113.6442 114.9539 113.8932 112.8818 112.2460 108.9489 110.8039 114.4397 111.4363 110.8105 109.4956 109.2000 109.9069 109.8257 109.0300
108.8300 108.7867 111.0678 108.1542 108.7654 109.2013 109.9698 106.6080 111.6569 114.3020 108.0163 110.5764 112.7570 113.5603 108.1877 108.6829 109.0496 109.3436 109.0062 108.3177 109.3877 108.7144 112.9918 113.3354 117.3639 112.8871 112.7937 109.5545 110.5600 110.9966 108.6822 109.8882 111.1975 112.1990 113.7688 113.2491 109.0585 110.4571 108.9178 111.8100
106.6600 107.7073 108.5578 109.8300 108.2449 106.9923 108.2831 108.3687 115.2813 108.0606 110.9950 112.4626 115.6405 112.1256 115.5843 110.4279 109.2789 109.7530 109.8515 109.3228 109.1741 111.0822 109.3840 109.9546 110.9899 108.7463 116.0083 115.9295 115.0451 112.6678 109.2084 113.0041 111.1881 114.1538 115.6176 114.9843 114.5772 109.4376 108.1704 108.5100
108.3800 109.0372 113.7552 107.4545 106.4284 106.9553 109.3099 108.0661 117.0599 115.0744 113.6764 111.9932 114.9679 112.7739 111.4865 112.9619 111.3898 109.7139 109.3456 109.8288 109.5400 109.2616 111.0170 113.2592 113.4476 111.1750 117.3553 110.5543 112.9270 117.6794 112.1368 113.6599 111.9790 114.7988 112.5894 116.2210 111.9646 110.4278 109.1014 112.0900
109.1900 108.3593 110.9731 109.5959 107.6806 108.6050 110.4606 108.7019 116.0377 114.7110 114.4059 113.3061 114.3996 111.3801 111.7139 114.9014 112.8509 110.6995 109.3710 109.9163 110.0717 109.5036 112.7878 114.4186 113.0076 114.1560 114.8449 109.3486 110.4629 118.1509 117.8317 116.2144 117.4659 114.7980 107.9438 110.5138 109.7701 110.5964 109.6348 112.4300
109.2400 109.9700 112.4900 109.4900 108.9800 110.2600 110.3900 115.6700 116.1500 115.7400 112.6700 114.3700 115.7200 114.0900 110.9600 115.4500 107.7400 110.0500 111.6600 109.9100 110.0800 109.9000 111.6900 110.5800 111.3500 111.3500 115.5400 114.9200 116.1300 117.6700 118.4600 118.2100 117.6300 109.0300 109.5500 111.8900 110.8400 112.6600 114.8300 110.6700
