108.8500 108.8500 108.9600 109.9800 108.5300 110.3500 113.1900 114.7900 114.7900 115.7300 109.8400 117.2100 115.8000 113.4300 115.9500 115.2900 117.4300 117.5300 116.8200 116.5900 117.3300 117.9000 117.9000 114.7000 114.7700 116.0400 111.2000 116.4100 117.4900 118.5100 118.8200 118.6000 117.2900 118.0600 118.4000 118.3700 119.2300 117.7400 118.3400 119.6400
108.8500 111.8611 109.7563 109.9711 108.1166 109.0716 112.0331 114.1198 111.3850 116.0599 117.8215 111.2751 115.5286 113.6117 115.8592 114.5416 113.9045 117.4569 116.8733 119.6830 116.7342 118.3478 117.0977 114.4874 115.8772 114.2888 113.6116 116.5759 117.8573 117.6417 117.4995 117.4599 117.7600 117.6427 118.4065 118.3552 118.0513 117.3940 118.5771 118.5000
109.6900 110.1550 109.8918 108.4423 108.9294 109.0708 110.7780 109.8613 109.4689 114.6920 115.5132 108.3407 114.2869 114.1840 112.6557 114.9963 112.3914 116.8487 115.1302 113.9892 116.2499 117.8891 116.8819 113.2817 113.3035 114.6947 114.2227 115.6980 117.8587 116.6575 115.5360 115.3592 116.1771 116.9243 117.6310 118.6501 117.7807 117.2811 119.2900 119.2300
109.3800 109.6928 109.8275 109.1980 110.1729 109.3460 112.9473 112.6878 114.2789 115.6795 110.2103 109.7863 109.7625 112.2020 112.7903 114.9501 110.9927 115.5114 114.7644 108.5374 109.4663 112.5722 112.0842 113.0382 114.9676 112.1799 112.7154 114.4736 117.1681 117.0146 113.0005 113.3384 114.5902 116.3462 116.8416 116.0159 116.9969 118.1689 119.2468 118.4400
114.1400 111.0175 109.8049 108.8298 108.8381 111.4067 110.7043 115.2839 110.0513 117.0891 111.5388 114.9130 114.6217 110.2549 111.0944 111.5785 109.0190 111.5854 114.9808 107.9443 109.0958 113.0775 112.5519 109.5517 115.2165 109.9312 111.0301 113.0941 116.7562 118.2613 113.9542 111.0794 115.1689 117.0073 116.3218 115.0981 116.1429 117.5687 118.8673 118.4400
114.2800 112.8824 109.7296 109.5563 108.3115 111.6978 115.0640 114.2305 110.5564 112.0987 112.5510 108.2762 114.8855 111.7009 108.5822 108.5141 109.8967 112.5179 110.5132 106.6146 115.0123 114.3511 112.7181 108.4177 114.4644 112.0754 110.3675 111.4574 113.0474 114.5777 111.1704 112.0674 116.1419 114.0475 114.2599 114.3414 115.8519 116.8425 117.1418 117.8200
112.3800 110.2967 108.8240 108.6875 109.6708 108.8613 107.7410 112.4278 109.5419 111.3328 110.3950 109.1287 110.6961 113.7109 107.8039 108.3961 108.2994 109.0007 105.4820 112.0582 117.3564 114.8995 113.6800 107.6163 107.2256 109.4614 112.6849 114.0692 113.8926 111.6656 112.4658 113.2622 115.4356 113.4562 112.0278 112.7856 114.3615 115.2726 115.8065 116.6700
109.0400 108.7499 110.0402 109.7983 108.8740 108.9245 112.0945 110.0234 113.3259 114.6189 106.9839 107.1817 108.2990 114.4870 107.8452 107.9348 107.6453 108.0232 114.0428 113.7598 117.7268 113.0753 110.6936 108.6017 108.6228 111.8777 111.6806 111.6778 114.6905 112.4631 110.3621 115.1555 114.7959 114.2298 112.3075 115.2558 115.1680 113.9112 114.6124 115.5600
109.0400 107.4234 108.2324 111.2427 109.5264 108.8083 111.0430 108.1778 113.1863 109.2114 111.7159 110.9271 107.4006 109.4333 112.7129 108.1370 107.7158 107.3867 115.6379 111.3893 114.9634 109.9722 107.9560 108.2878 108.2137 107.7552 112.7087 112.2413 110.3301 109.8903 108.4649 109.3590 110.0381 113.7324 110.4682 113.0510 113.4188 112.2216 113.6734 113.8700
114.6800 114.3405 107.9365 113.3689 109.0716 108.4244 108.5479 108.5143 110.9131 107.9931 107.3173 108.8384 108.9396 108.1274 110.9213 106.8648 107.6422 108.6858 109.0158 108.5423 109.7754 109.6043 107.9672 107.5565 107.8520 109.0923 109.4990 112.0314 110.8878 109.0813 112.2222 110.8369 108.0805 112.8093 114.7697 110.5774 110.2597 111.3625 112.1665 112.3500
114.1700 114.3839 112.7444 113.2885 109.6328 109.1623 108.9661 108.0084 108.6006 108.2596 107.1309 112.8244 109.9916 107.6360 107.7159 108.2935 107.2473 107.9780 108.8693 111.6150 107.1309 108.9932 107.6908 107.2843 110.4354 109.2146 110.7382 110.8711 108.8425 108.1839 110.6212 108.7592 108.2692 111.6315 112.9851 113.9982 109.4069 110.1894 111.0116 114.0500
113.1300 109.3155 109.3726 111.8835 112.5231 108.7154 109.1073 107.6486 108.5340 107.8654 107.8391 108.6880 106.2067 106.6787 106.6049 107.0250 107.0160 105.1504 106.3934 107.3041 111.9077 108.3002 107.3823 107.1627 109.9205 110.1627 112.5857 108.4375 107.6463 106.6683 106.7580 107.5690 109.6520 111.1698 111.7457 110.4621 111.3567 109.8117 108.8008 108.6800
113.0100 113.8169 109.8944 113.9843 112.8628 108.6380 107.9880 108.8208 108.5200 107.2731 106.9568 108.3838 107.6896 106.2656 110.7596 111.1222 107.2618 105.5457 107.9613 104.4869 108.1524 107.8586 107.0799 105.5941 105.2939 113.3861 106.0753 109.2013 107.3005 107.1062 107.6084 107.0909 111.4514 112.3592 113.5338 113.8000 108.7793 107.8129 108.1364 108.9500
111.0200 114.3775 108.4424 108.8464 108.1760 112.7796 107.3896 108.4899 108.0473 107.3435 107.2154 107.4195 107.8095 107.2488 106.3583 107.3809 106.0743 106.1330 109.5039 108.1355 105.0394 105.7904 105.8112 105.2176 105.3853 106.7714 106.4007 106.6442 106.6068 106.7788 106.4062 110.8959 112.2350 109.4716 112.4587 111.8693 107.8179 107.6022 109.2019 108.9500
115.4000 115.9729 109.4352 110.8771 108.6763 108.4324 108.0233 108.2124 107.4744 107.6040 107.2799 107.1609 107.0646 106.9919 105.7659 105.4578 106.6442 106.8169 106.5258 106.7730 106.3032 105.9679 106.0262 104.4992 105.4631 106.7980 106.7268 106.0146 106.6204 106.8237 106.9680 109.0916 108.6558 109.1902 113.6941 106.6189 107.8515 108.1474 108.3925 107.1400
115.4000 114.7553 109.6615 112.2409 108.3388 108.1778 107.4873 107.5353 107.1667 107.6854 106.9707 107.2564 105.3010 106.1293 106.9963 105.8337 105.9076 104.6455 105.3288 110.2987 105.5568 104.6362 104.9566 105.6529 105.7233 104.2246 106.1974 105.8648 106.0139 105.6489 106.5607 105.7442 110.7648 109.7070 107.7745 106.6851 107.6187 107.4074 107.7735 107.1400
113.1600 113.1471 109.8810 111.9763 107.8211 108.3479 108.1675 107.7124 106.5229 105.3295 105.7948 106.5593 105.5603 105.2901 105.3982 106.0652 106.0440 104.5599 104.3053 105.6665 105.4818 106.3256 103.8509 105.0484 104.3025 104.0322 105.5684 104.7474 105.7211 104.3547 106.1390 106.6902 106.8737 106.1802 106.0616 106.4344 107.4639 106.7009 106.9767 107.0900
113.1600 113.5964 110.3244 110.8295 107.5299 107.5813 107.8313 107.3940 107.3516 106.6695 105.6836 106.8160 105.9174 105.4794 105.9361 105.0660 104.1313 105.6502 103.7322 103.8619 104.0934 103.9375 102.9773 102.7307 103.0393 103.0918 104.3390 105.0513 105.8118 104.9874 104.7325 105.4509 105.4903 106.4324 106.2471 105.9281 106.8108 108.1805 108.2438 107.5300
112.2800 112.8592 110.5607 106.2961 110.4731 112.2928 110.3218 106.8996 107.2295 107.4328 106.6668 106.0878 105.4029 105.7481 104.7301 103.7133 103.2269 102.8855 102.2334 102.3811 102.0267 102.0167 102.1707 102.2533 102.2498 102.5057 102.9817 102.9598 104.7470 104.8105 104.6600 104.3088 106.1902 106.3666 106.7704 106.8311 109.8443 108.0533 107.9676 108.1800
108.3200 109.2390 110.6303 106.4090 107.2258 108.5968 111.1861 108.6395 106.1773 107.3196 105.1201 104.3849 106.1401 105.2241 103.6974 102.8859 102.5065 102.3389 101.7570 101.5931 101.2456 101.5098 101.5604 101.5191 101.3152 101.6305 102.2349 102.5226 103.9019 104.7242 104.4619 103.7153 106.0824 105.7226 105.9734 105.4191 107.2733 106.7604 109.2258 110.3400
107.5400 108.2061 108.4788 107.6438 107.1258 106.9407 110.1354 106.9027 105.2869 105.9966 105.7492 105.5157 104.3284 104.0654 102.8496 102.1999 101.8661 101.6104 100.8598 100.4072 100.2007 100.5818 100.6974 100.9634 100.8843 100.9328 101.6006 101.7799 101.9094 104.3282 103.8901 105.0195 104.8084 105.8810 106.8664 105.9180 106.9515 106.3203 109.6577 112.7800
107.8400 108.6543 108.6025 107.6038 106.3497 106.0410 106.6574 105.2174 105.3334 105.0178 105.8701 105.7440 104.1427 102.5990 102.2390 101.6264 101.0546 100.7876 100.0848 99.3841 98.9058 99.1142 99.2053 99.4569 99.8244 100.4218 100.8600 101.0504 101.7756 102.0961 103.1434 103.8977 104.2199 104.7690 105.5946 105.8956 105.9626 109.1951 107.4427 107.6300
108.9100 108.0857 107.2632 108.0911 107.1991 107.1487 107.2663 106.7296 106.7351 105.7385 104.5299 103.4656 102.5891 102.0426 101.5296 101.2421 100.7444 99.8608 99.1402 98.1740 98.0256 97.6998 97.6509 97.9049 98.2838 98.8981 99.7939 99.9869 101.2373 101.9176 102.4651 103.1159 103.7507 104.5771 105.5356 105.7995 105.9494 105.5186 106.3240 107.1300
107.6700 107.3339 107.7992 107.1994 107.4993 106.4495 105.3413 106.2552 106.1336 104.0529 105.2066 102.9275 102.4876 101.6246 101.1084 100.3755 99.7791 98.8512 98.5037 96.7815 95.9534 95.4495 95.4017 96.5807 97.5499 97.4380 98.4119 99.4287 100.6196 101.4033 101.9587 102.7138 103.1926 103.7805 105.7103 105.7172 106.1536 107.0677 107.2766 107.1700
107.2100 111.5044 109.2289 106.5037 106.3332 108.9832 106.5682 104.9363 105.3123 103.1289 104.9005 102.5617 101.8207 101.3148 100.2879 99.5555 99.0474 98.1009 96.8712 94.7569 93.7766 92.9222 93.0872 95.2244 95.7315 96.1292 97.3929 98.7902 100.0878 100.7666 101.2848 102.2791 102.7313 103.5360 104.5685 106.4810 105.4180 106.8343 107.1310 107.0200
107.7800 110.6115 106.6708 108.2766 105.3630 109.8677 105.1448 105.0312 105.3242 106.7540 104.0620 102.5858 101.6026 100.6550 99.7778 99.1343 98.2097 96.9366 94.9738 92.9040 91.3300 91.0811 91.4819 91.1915 92.6852 93.8768 95.6316 97.0217 99.1954 100.4680 100.9800 101.6979 102.0638 103.0116 104.7506 105.5062 106.6335 107.0405 106.3722 107.6100
107.3500 106.7860 107.0481 106.9003 106.5182 106.7309 105.3659 105.5241 106.1754 104.0731 102.9436 102.2479 101.4057 100.2160 99.6344 98.8627 97.3198 95.0519 93.6839 89.8310 87.0447 85.4749 85.6625 86.3137 88.7560 91.5506 94.8219 96.3631 98.4291 99.8484 100.6437 101.3308 102.2636 102.9299 105.1513 106.0218 105.7113 106.0634 105.5400 105.5100
107.7900 107.9095 106.7561 107.4304 106.1759 107.1247 106.1158 106.2422 106.0674 103.4444 102.7426 102.1000 101.2488 100.1363 98.8720 97.4544 95.3571 93.1259 90.4425 86.6076 81.9435 76.8984 77.2979 83.2777 86.5238 89.6871 93.8401 95.4055 98.4193 99.5490 100.1854 101.2490 102.0010 103.0061 104.2530 104.1326 105.1412 104.7946 105.1889 105.5000
107.8600 106.9709 107.2564 107.9033 106.5185 106.9197 104.9790 104.5789 104.7725 103.6916 102.8271 101.9026 101.1394 100.4040 99.2760 97.9380 95.4970 92.8467 88.4843 83.3766 74.5860 66.8614 68.7141 76.2730 82.4968 88.1977 92.8832 94.7323 97.5180 99.7452 100.3976 101.1182 101.8607 102.5112 105.4759 105.0580 104.6725 106.4348 106.5279 106.0500
108.7600 107.3616 107.8886 106.0826 106.4439 106.2607 106.3226 104.3144 104.2788 103.6053 102.6917 101.9411 100.8323 100.2508 99.3943 96.9110 94.6329 92.7797 87.2999 81.7807 69.7246 62.8316 65.3138 73.5779 82.8748 86.6047 93.3079 94.4350 97.1038 99.2455 100.3212 100.7955 101.9601 102.6116 103.6544 104.3183 105.2598 106.1229 106.6319 106.0700
107.8600 107.4065 106.8957 106.1881 106.6960 107.0272 106.0320 106.4625 104.2224 103.7996 102.5946 101.8898 100.8550 100.2605 99.4581 96.9687 94.7789 92.9269 87.6486 82.5037 71.2932 65.8058 67.8923 74.9628 83.8002 87.0413 93.2510 94.4757 97.2210 99.3079 100.3656 100.8351 101.9752 102.6634 103.5188 104.3190 105.4747 105.6028 105.9904 106.0700
107.3700 107.4567 107.6273 107.4699 106.5217 106.5906 106.3370 106.5517 104.9452 104.9824 102.5880 101.9658 100.9768 100.4580 99.6781 96.9955 95.9596 92.5958 88.5367 84.6288 79.8270 76.3559 76.3589 80.9077 86.3789 89.2728 92.5678 96.0761 97.6900 99.5847 100.5584 101.0951 102.1530 102.8485 103.2494 104.3081 104.9448 106.9311 106.1926 107.1300
107.4000 107.6669 107.0916 106.9169 106.2430 105.9839 107.0855 106.1494 104.1859 103.8344 102.9000 101.9807 101.3148 100.8120 99.6275 97.8364 96.5700 94.3765 91.7162 88.3795 86.3156 84.3437 84.3592 85.8685 88.9783 91.7181 93.5535 96.3892 97.8897 98.9129 100.4803 101.5712 102.1905 103.2045 103.6285 105.6734 105.0847 106.5511 106.5074 106.9200
108.3100 107.9527 107.0473 106.6793 107.1439 107.0788 107.0664 104.8812 104.1476 103.5941 103.0382 102.5209 101.6301 101.0856 99.7493 98.5455 97.1777 96.4933 94.1799 91.4443 89.5269 88.8545 88.9299 89.5944 91.5040 93.3763 95.5176 97.0240 98.3607 99.6241 100.8059 101.6628 102.3414 103.8548 104.0735 105.8446 104.9291 106.6885 105.8759 107.4300
108.3600 107.0874 107.1764 107.3671 106.4133 106.8853 106.9829 105.3619 105.2449 104.7192 103.1559 102.7031 101.9318 101.3143 100.7511 99.5379 98.5196 97.4168 96.2484 94.8470 93.4339 92.9570 92.7133 93.6778 94.8370 95.9592 96.6728 98.2023 99.5027 100.4625 101.3554 101.7113 102.6986 104.4468 104.2843 105.1922 105.9848 107.3520 106.8140 106.3200
112.7700 108.6524 108.7125 106.8556 106.4153 106.3815 105.8037 106.1837 105.3709 104.5714 104.4368 102.7352 102.2807 101.4696 101.2628 100.1485 99.6822 98.5846 97.0119 96.5764 95.8035 95.4034 95.1103 95.3486 95.9835 96.9550 98.0709 99.1535 100.0602 101.0885 101.7661 102.2450 102.9834 103.8366 104.9593 104.8219 106.9652 105.5084 105.1294 107.6500
107.8700 107.9953 107.8698 108.1175 106.0060 107.1136 106.4710 106.2031 105.9254 104.8901 105.1121 103.2518 102.8402 102.1357 101.5864 100.5606 100.3158 99.6379 98.9415 98.3549 98.0558 97.1710 97.0501 97.0211 97.8532 98.8517 99.3768 100.1967 100.8361 101.7271 102.3183 102.8715 103.5756 105.5994 104.4673 105.1191 107.0602 105.9679 110.7905 109.1300
111.2000 108.7108 108.5052 108.6569 107.5370 107.9065 107.3724 106.4793 106.5693 106.8373 104.7378 104.4349 102.9891 102.8305 102.2195 101.6410 101.1599 100.6355 100.2637 99.6234 99.3728 99.1772 99.2307 99.1279 99.5754 100.1000 100.5748 101.0502 101.3939 102.2169 102.7842 103.1426 105.3784 105.7642 104.5602 105.9635 106.0251 107.6004 106.9255 105.9900
109.1600 109.2176 108.1509 108.6254 107.4094 106.2960 107.1142 106.5591 107.1524 106.5252 105.8452 105.9610 103.4815 103.0358 102.8557 102.3737 101.8352 101.3857 101.0607 100.8347 100.5113 100.5181 100.5312 100.5856 100.6431 101.0124 101.4213 101.7921 102.2778 102.8232 103.0607 105.7639 105.8971 106.4852 106.2087 105.2285 105.6312 105.7422 106.5914 109.9900
107.5400 107.5400 111.2900 110.4700 108.1500 108.1500 107.7000 107.4900 106.3100 105.1100 105.0100 106.5400 106.0000 103.4500 103.4500 102.7300 102.2400 102.2400 101.9300 101.3900 101.3100 100.7300 100.7300 101.3700 101.2000 101.8700 102.1700 102.0200 103.1200 103.1200 104.9500 106.2100 106.3800 105.8500 105.8500 105.3900 105.6700 107.6500 110.8400 109.9900
