113.1200 106.3800 105.8500 105.4000 104.1500 104.8100 104.0600 104.9200 107.1600 104.7100 102.6900 102.6300 102.5900 104.0100 104.0100 102.0400 103.4800 103.1800 103.3900 105.0800 105.1000 105.1000 111.6400 110.7400 110.0900 108.6100 110.7200 109.1200 105.5600 105.0600 105.7600 107.4600 108.5600 109.5100 111.9200 113.3100 114.8700 118.6900 121.0400 121.6200
106.6900 106.6732 105.2367 105.0464 105.0136 104.8812 105.0161 102.8226 107.3168 101.5422 101.7196 101.4989 101.3918 101.3737 101.4027 101.5083 101.7994 105.0012 105.7656 101.9114 103.5376 104.5265 108.4523 109.8960 107.0823 111.7453 111.8292 107.3547 106.1632 105.0865 105.2671 106.5945 107.7728 108.9871 110.6074 112.2829 114.4737 112.4457 118.5754 121.5700
106.5100 105.4229 107.8305 103.7023 105.3872 104.8130 104.5054 102.7493 105.1882 101.1088 100.7380 100.4710 100.3509 100.3372 100.4828 100.7984 100.6442 102.7595 102.8281 105.8591 102.4235 102.9920 104.4071 106.7821 110.6864 110.8601 109.1181 108.1243 106.7890 105.8555 105.1852 105.8509 106.9549 108.1391 109.7149 111.4346 114.0270 112.8925 118.6825 119.5800
106.0300 105.9688 105.9318 104.2039 103.8821 102.5091 101.5736 101.1506 101.0340 100.4284 99.8993 99.4697 99.1231 99.0126 99.1751 99.4177 99.8992 100.2930 100.5462 101.7537 103.3368 102.7088 103.3329 104.3698 104.8813 107.9061 107.9493 109.4952 107.6873 106.3930 105.1344 104.8522 106.2486 107.5827 109.0532 110.7369 112.7411 115.0831 117.3883 119.1800
103.9200 105.4465 105.4910 104.6958 104.0275 101.7652 100.9182 101.0330 100.1522 99.3003 98.6581 97.9121 97.6409 97.4889 97.8165 98.1123 98.6152 99.0730 99.9547 100.3757 102.4533 102.6438 102.5702 103.3670 105.3949 105.4525 107.3865 109.1203 107.5249 107.0153 105.5487 104.7812 105.6224 106.8795 108.4239 110.0602 111.9481 114.0527 116.4775 118.8300
105.9100 106.0839 106.6910 103.0655 103.1240 100.9268 100.7771 100.4583 99.6857 98.4605 97.3099 96.7885 96.3297 96.0674 95.7971 96.9092 97.4645 98.1843 98.7806 99.7194 100.4370 101.5572 103.5927 103.2098 104.8304 107.8721 108.0339 106.1137 104.9616 106.9879 105.9087 104.5943 104.9438 106.2967 107.9332 109.5602 111.4003 113.4028 115.4574 117.7900
105.5900 104.7817 104.5146 102.3715 101.4179 100.6952 100.0303 99.0947 98.5000 97.7118 95.9379 95.5702 94.1521 94.1991 94.9162 95.0951 95.6326 96.7583 97.6900 98.8119 99.8759 100.8464 102.7955 104.1132 105.7439 110.4745 110.5762 104.6618 110.3230 108.2856 106.1234 104.9662 104.8120 106.0351 107.7446 109.1798 110.9186 112.7654 114.8650 115.5000
104.5500 104.9326 103.4219 101.8500 101.0305 100.2512 99.1778 98.0666 97.0541 95.5541 93.3451 92.3290 90.8836 91.4356 92.2955 93.0736 93.8035 94.9868 96.4743 97.8779 99.1778 100.2841 101.1095 102.7886 105.9304 109.5013 110.6822 109.2125 109.1225 106.3139 107.0955 105.7392 104.9441 106.0433 107.3183 108.9542 110.5590 112.3060 114.4012 115.0600
104.5500 104.7994 102.3456 101.8397 100.6267 99.5769 98.3856 97.3542 95.6086 93.2667 90.7899 88.6136 86.4729 86.3163 87.5785 90.4957 91.8287 93.1153 95.2041 96.9315 98.5289 99.8849 100.8129 102.0471 104.0950 105.5775 109.0148 109.8550 107.7343 108.6426 107.5035 105.1926 105.7242 105.8246 107.1795 108.6720 110.2145 111.9881 114.0786 115.1200
104.4700 103.3424 102.1657 101.4213 100.2527 98.7080 98.1919 96.6337 94.4888 91.0680 88.1605 84.4705 81.3316 80.2107 83.6728 85.9578 89.3635 91.8566 94.3307 96.3417 97.9941 99.2319 100.5232 101.3561 103.7204 104.0471 104.9344 109.6782 107.8283 109.9298 108.0175 104.9830 105.6763 105.4683 106.9948 108.4978 110.0849 111.8312 113.7233 114.7400
105.0200 104.8186 101.7651 101.3112 100.1560 99.0185 98.1500 95.5883 93.8862 89.9319 86.4296 80.6782 71.9362 70.2595 77.6160 83.0844 87.0326 90.6205 94.2468 95.7589 98.0810 99.3052 100.4287 101.7279 104.3362 104.8446 105.3222 105.6981 106.9455 105.9410 106.8984 106.1708 107.0919 107.1330 107.1285 108.3928 109.8332 111.3151 113.0616 114.0300
104.5700 102.7906 102.1504 101.3140 100.1003 98.3030 97.3965 95.2850 93.4323 90.0749 82.6798 74.3106 64.0571 62.3616 69.4474 79.6646 86.4690 89.3910 93.3107 95.9692 98.1156 99.6911 100.5539 101.4876 102.4421 103.1494 103.4380 104.6662 105.3725 107.1538 107.3185 107.1249 106.6217 107.4912 112.0870 112.9667 112.5775 115.1837 115.2252 115.6900
104.5600 102.8655 102.2151 101.2790 100.0866 98.7064 97.1070 95.3987 93.2915 89.6071 82.0960 72.9381 63.0700 61.7116 68.0307 78.0298 86.1422 89.2017 93.4286 96.1152 98.1028 99.5749 100.5128 101.4964 102.8016 103.4902 103.4911 104.9430 105.3742 106.7356 106.9438 106.8909 106.7072 107.4906 111.0701 111.9115 112.2718 114.6181 115.1173 115.6800
105.1900 102.8302 102.2202 101.3642 100.3219 98.8832 97.2880 95.8023 93.5871 89.5536 85.9748 76.6679 67.6739 65.9642 72.9670 81.2159 87.2611 90.7868 95.0254 98.2329 98.7198 99.3924 100.3956 101.7376 103.0407 105.0230 104.0418 105.8673 105.5843 105.9673 105.9375 106.3840 106.8539 107.6372 107.8616 107.7166 112.4843 113.4256 113.3849 114.8600
103.2500 103.2325 102.3649 101.4571 100.8806 99.2881 97.9154 96.8376 94.3007 92.1595 91.3084 87.2188 79.7242 77.3934 81.4629 84.2592 89.2335 93.1819 95.5594 97.4800 98.6724 99.6726 100.6629 101.9395 102.4943 104.7185 104.5544 105.4267 106.3809 107.1267 106.6941 107.3972 107.6097 106.9657 107.0753 108.1557 112.2562 111.3439 112.1247 111.7800
106.1000 103.3745 102.4382 101.6875 100.9147 99.9554 98.7178 97.4133 95.9438 94.4531 91.4176 88.2321 85.5661 84.9604 85.1262 87.2755 93.3684 95.3802 97.1611 97.7716 98.7515 100.2530 101.1098 102.0173 102.7957 104.4518 105.5208 105.3914 106.1620 106.3818 106.6804 107.5658 107.2648 107.5282 107.5624 108.0049 110.2644 108.3843 112.4876 112.1700
106.1000 103.2326 102.6387 102.0543 101.3598 100.1554 99.4926 97.8790 96.9962 95.4004 95.2518 91.4811 90.1208 89.7671 89.6505 90.9358 94.3925 96.7635 98.0336 98.7690 99.5193 100.6981 101.6077 102.2864 103.4584 104.6200 105.6681 105.3752 105.3685 105.4153 105.4645 107.6695 107.4011 106.9065 107.3890 107.4586 109.2160 109.5984 114.4883 114.5400
104.1500 104.9742 102.7491 102.2816 101.8035 100.8719 99.8988 98.7932 97.7691 97.0551 95.4565 93.9685 92.9881 92.5862 93.1025 94.9082 96.2262 97.4277 98.8815 99.7567 100.2682 101.0830 102.0921 103.1568 103.5077 105.0266 106.3957 105.0006 105.1512 106.5038 107.6115 109.2209 107.4315 111.3257 112.2686 107.5958 109.1737 108.9059 111.6021 109.5500
105.6200 105.3511 104.9923 102.5533 102.1800 101.3375 100.6029 99.6192 99.2060 98.1261 97.2474 95.7790 95.2060 95.5049 95.8996 96.8147 97.6203 98.4924 99.6070 100.5606 100.9791 101.3757 102.3245 104.4773 105.1869 105.9181 106.4995 105.6572 105.3116 106.7098 106.7772 111.1968 112.5069 113.2665 115.4878 111.3019 111.6885 110.6348 113.3541 113.8600
104.4200 105.8038 105.2228 103.7852 102.5982 101.9535 101.4280 100.8883 100.2319 99.7114 98.9361 98.0973 97.5682 97.2197 97.5539 98.4654 98.7324 99.7115 100.4263 100.9297 101.6704 102.2893 102.7862 105.6126 104.2226 105.4393 106.8150 106.3112 106.1197 105.9752 106.5218 108.5229 112.5385 114.5644 109.8298 110.7067 110.1049 111.8648 114.2767 113.0400
104.4500 105.1782 105.9274 105.1142 102.9355 102.2473 101.8368 101.4854 100.8958 100.6558 100.0553 99.3226 98.8422 98.8271 98.7616 100.1919 100.3879 100.7626 101.3826 101.7028 102.3024 102.8032 103.4319 105.2372 105.1079 104.6521 105.7498 106.9986 106.0379 107.0226 107.9164 109.3487 108.4344 108.2738 107.5000 108.4996 108.2793 107.6284 109.2247 109.3500
105.8500 105.6991 105.9355 104.8949 105.3958 103.3845 102.2480 102.2259 101.7560 101.3180 101.0403 100.8843 100.7982 100.8011 100.3929 101.1300 101.0169 101.6577 102.1006 102.0222 103.0886 104.7834 105.6687 105.9641 106.0808 106.2395 105.9933 106.2298 107.1232 107.7050 107.7072 107.8120 108.0659 107.7655 108.4124 108.8815 107.8141 108.3378 109.2961 109.7100
106.0700 106.6042 106.0191 105.3785 105.7271 105.2745 103.1751 103.0369 102.4177 102.1638 101.8523 101.8049 101.5643 101.5547 101.3717 101.9167 102.0477 102.2368 102.4838 104.4590 104.9619 104.5892 105.8725 106.2606 106.5209 105.3205 105.6973 106.2583 106.6905 107.2139 107.3794 107.3688 107.7362 107.3990 113.3911 108.3632 108.6605 109.3253 116.2779 109.9400
106.7700 109.0045 105.7485 104.8667 107.9841 104.2739 105.3510 105.5303 103.5214 102.8080 102.5803 102.3803 102.2159 101.8039 102.2621 102.6472 102.9419 103.1023 105.0229 105.6007 104.8043 104.8144 106.5291 106.2621 104.9161 106.2565 106.1473 106.7292 106.7491 106.7713 107.9695 107.1275 108.1955 108.9615 108.9751 109.6542 108.9098 108.6628 113.9705 115.2700
107.3200 107.2444 107.2285 105.4953 108.6203 103.1965 106.6354 104.7769 102.8453 105.0502 104.2034 104.8780 103.2237 104.7270 104.7203 103.3952 103.7536 103.6458 105.7690 105.9202 105.9946 106.2810 106.4704 106.3499 105.6933 106.4518 106.6280 107.1654 106.5768 107.4437 107.0867 108.0265 107.9114 108.4965 110.4083 109.1722 109.6386 109.8757 109.7049 110.0800
106.7100 107.4231 107.0908 105.4670 104.8228 112.4806 109.6026 104.0339 104.9881 105.8868 105.0880 105.9283 105.1874 104.2125 103.9389 104.9043 105.3957 105.6131 105.8805 106.1397 104.7061 105.7604 106.2222 107.5761 106.1180 105.8335 106.2542 107.4733 107.2064 107.4757 107.7496 107.9749 108.6700 109.3912 110.7388 111.7094 108.7774 109.5020 110.7310 110.0800
106.7100 106.9617 110.1566 108.6340 106.1545 108.4009 107.0590 106.4780 105.1135 104.7275 105.7363 105.1038 105.2993 104.5491 104.4637 108.0044 104.9942 106.8094 106.6028 106.8816 105.6440 105.9386 107.6444 107.5014 106.9302 106.5166 107.7172 107.7668 108.5317 107.4248 108.9394 108.1924 108.4413 109.0047 108.8941 113.0907 112.1259 109.7362 111.3134 110.4000
107.0400 106.8032 107.4902 108.1885 105.9338 106.1159 109.0294 107.8467 105.3585 104.9266 104.6462 106.5254 105.8776 105.2666 105.0876 106.7872 105.3202 106.7860 106.9297 107.2262 106.8845 106.3962 106.9326 106.2725 106.8302 106.9803 107.4305 107.8701 108.7972 108.6057 109.0308 109.1553 109.0498 108.5393 109.0647 114.9649 116.4401 111.6316 108.8876 112.0900
106.7700 106.7691 109.0359 110.8567 107.3602 107.6638 111.1813 111.3017 106.2406 105.7470 105.2689 105.8099 105.7436 105.7747 105.2164 105.8195 107.8638 107.4299 106.4831 107.2549 106.8960 106.8154 106.6328 106.7548 107.2331 106.9866 107.0373 108.5914 106.6982 109.2036 109.1332 109.1459 109.0148 112.1334 109.1873 109.3159 108.4252 110.9902 109.4056 113.4500
107.5400 112.2466 106.5548 109.3033 110.3250 110.2530 107.5921 107.1752 107.3157 106.9365 106.4180 106.1773 107.0623 107.3754 106.0629 106.7410 107.3033 107.7177 106.7625 106.9675 107.6094 107.1511 107.6502 107.6131 107.8559 107.2998 107.5338 108.8002 108.8867 109.4479 109.1360 114.3646 108.6601 111.0820 114.1737 112.3803 111.5723 108.8937 110.9501 109.7900
112.9900 110.6635 108.0702 108.4420 105.3923 105.6339 106.3321 106.2970 107.0302 107.9254 108.7821 106.5760 107.0958 107.5058 107.1945 107.6199 107.2524 107.4612 107.0804 107.7256 107.9048 108.2494 107.8771 108.5428 107.9913 108.5433 108.2238 108.9947 109.4188 109.9286 109.0192 109.1100 114.4540 114.0630 110.3292 113.5452 108.7757 110.1319 109.7740 109.6100
107.8300 107.9111 107.6941 106.8195 106.0679 112.5497 108.1253 108.6192 107.1926 107.9132 109.2151 109.8633 108.8127 108.6611 107.8305 108.4361 111.7025 107.7982 107.9695 107.8788 107.8477 108.5760 108.4505 108.4826 108.1790 109.5291 113.1108 110.2026 109.3875 111.0824 110.5776 109.1500 111.2529 115.4408 111.6003 113.0047 108.0953 108.5374 110.7039 111.2700
107.7800 108.1567 109.3516 107.3282 108.7061 107.4842 107.0852 108.0172 108.7949 107.3695 106.7821 113.6610 110.3633 108.5721 107.1090 107.8918 110.0677 109.2516 108.1189 108.5315 108.5434 108.8761 108.9078 108.9704 112.3571 108.8361 110.7530 113.3484 110.4275 112.1842 112.2954 111.3871 109.9439 110.5314 113.8812 107.8489 108.9184 109.1982 109.9891 109.3700
108.1800 109.0001 108.9862 108.8713 108.5784 107.3471 111.6147 107.6678 108.8701 108.0655 107.8013 108.7739 108.8335 107.3985 108.3923 108.2913 110.7219 113.0793 108.0043 108.9980 108.9840 108.8390 109.1641 107.3560 115.1931 112.9971 112.1766 114.4109 111.0548 110.6684 108.1981 112.7573 109.9029 112.3177 111.2686 108.1337 111.3060 110.0825 109.8347 110.5900
108.2300 108.7062 107.0911 109.1689 109.1873 109.1004 111.0025 108.6440 109.9309 107.9958 107.5624 107.2136 105.9533 107.7572 107.4671 107.9501 107.5355 110.7386 108.0481 108.7903 108.4077 109.1788 108.6726 109.5149 112.6664 109.3855 114.8033 111.7937 114.0632 109.2299 109.6434 112.1610 109.7596 115.3048 112.2487 110.3297 110.6938 109.0681 109.0299 109.6000
109.9700 108.1739 104.7134 108.8535 108.6052 109.8872 108.4678 102.7856 106.9862 110.2575 108.8437 110.6515 111.1399 110.5114 109.9187 108.0097 109.3875 110.7563 113.4791 108.8764 108.2246 109.3216 108.8860 111.2655 112.7483 109.6115 113.5241 111.3430 113.1682 113.6519 114.3509 110.7527 114.2770 114.7802 114.4650 109.9135 108.6682 108.9595 108.8477 109.6000
106.2800 108.7297 109.6224 109.4696 109.1843 110.8699 108.4301 109.3616 110.0035 111.0344 112.5566 113.1451 114.5662 114.8963 111.1637 108.8006 114.7378 115.3310 113.5929 109.0814 109.2454 109.4016 108.4853 109.7808 111.8636 110.3554 112.0696 112.4237 108.1368 117.0435 112.4117 112.9294 110.4559 113.6099 114.5411 110.5940 114.4092 111.7199 110.4366 109.1200
106.2800 107.6514 109.6587 109.8953 106.7800 107.0659 109.1226 109.3481 110.1786 114.7444 115.6598 112.0597 114.0654 113.5633 109.6582 108.8456 114.4363 112.5331 112.4149 110.0603 109.7738 109.8078 109.7842 109.3817 113.9199 113.2654 114.1010 110.8443 110.0626 115.3280 117.6799 115.9884 117.6369 117.0953 111.2714 111.8910 111.6733 111.5303 111.0664 109.7400
107.7400 108.9093 113.7228 110.3849 108.1887 108.5855 110.1026 108.5833 112.5697 113.3920 110.8557 114.5612 111.7522 113.3685 108.7706 109.6783 111.5375 112.2528 111.2046 110.1592 113.6734 109.8689 115.2841 109.7067 112.2520 113.6033 114.4660 112.9847 110.6548 117.0229 112.4805 116.0734 116.5043 118.8438 110.9307 111.0903 111.3584 109.6570 110.6361 109.3300
108.2900 108.2900 108.0700 109.4000 109.4000 110.0700 110.0800 106.3400 113.6500 112.2600 109.4900 113.3600 112.0500 117.1800 113.3600 109.7000 109.8400 114.7700 116.1000 109.3100 113.8600 113.8600 109.5900 110.3100 110.0900 114.7400 114.7400 115.0300 116.8200 113.9200 116.4900 116.4900 115.9900 115.9900 111.4900 111.4900 111.3400 109.0500 110.4000 110.4000
