109.6300 113.7000 110.1300 109.6100 110.1300 110.1300 108.6300 110.8600 107.8700 111.0300 109.9000 108.0400 111.2300 108.3000 109.8200 111.5100 115.2400 110.6700 110.6700 114.9300 114.6100 114.6100 114.1900 114.1000 113.7600 114.3800 114.7600 113.0300 113.0300 112.7000 111.0400 114.0700 113.8600 111.7900 111.7900 113.1900 112.8700 112.6600 112.5400 112.5400
107.8900 111.9395 108.7943 109.1221 110.3608 111.6704 112.1457 113.6637 108.3087 111.9061 109.6503 108.0874 109.5688 108.3362 109.2415 110.0264 113.6075 113.3202 109.2589 109.6065 112.0785 113.8357 113.3730 114.0707 112.3646 112.2693 110.2084 110.6191 111.7420 113.6019 111.2786 114.5439 114.2302 113.2715 111.8208 112.6968 114.3737 114.3413 112.6191 112.6000
110.2900 110.7178 109.7360 110.6376 108.4104 110.3207 116.0944 112.4289 109.9681 110.8876 109.1884 108.9489 108.2704 110.9668 109.7482 110.9091 109.2169 107.7161 109.1131 113.5761 113.3958 113.9290 111.4627 110.3907 114.3646 112.1594 109.6793 111.0408 111.3383 110.6982 111.0222 112.8019 113.7801 114.4714 112.1829 110.5341 113.1808 113.9354 113.0141 112.8000
113.7200 109.8560 110.2221 111.2481 109.8934 111.7754 112.7514 108.1675 112.5980 110.7321 111.1236 108.5213 107.3577 111.0762 110.6892 110.8021 109.1565 110.9687 117.1593 118.2867 109.8735 116.3454 113.9121 109.9190 112.1479 110.8927 109.0029 109.3558 109.1589 109.4156 111.7681 115.6414 114.9702 113.9319 112.2639 110.6334 110.2365 108.8641 109.4126 110.3900
115.1900 113.0144 112.1831 109.0682 109.5887 108.0645 114.3728 109.2867 110.5721 108.8485 109.8020 107.8213 108.6754 110.0303 108.7955 109.7146 110.3814 110.6671 117.2589 115.4284 109.6409 114.2453 112.8408 112.1835 113.3990 108.4899 110.1218 112.0402 110.3217 108.6829 111.4125 114.5352 115.5055 114.3066 113.0553 110.4404 111.0092 109.2340 111.3381 110.5800
113.0600 111.3227 113.8287 109.2734 108.8915 107.1190 111.5651 115.2594 111.0398 111.6793 110.7811 108.2375 106.5192 109.1720 107.1806 111.1130 111.2355 110.8542 115.5661 115.8294 110.2073 110.2337 106.4991 107.8295 112.0200 109.2100 109.8648 109.4567 112.4648 108.3397 110.1898 110.4550 113.4191 112.1390 110.7083 109.1131 111.6850 110.4838 110.7690 110.5800
109.0600 109.0168 110.3028 109.5381 109.2084 109.0355 112.6327 108.3900 108.2780 115.3331 112.6111 111.6227 109.3465 108.1033 114.9462 112.2196 110.4970 110.3439 114.0561 115.9980 109.5015 109.0260 108.8893 108.3478 109.9675 110.7445 109.9238 109.7595 110.9347 110.6258 109.4009 109.2813 111.7031 111.7336 109.6519 112.5696 113.1247 113.5103 110.6469 109.5700
109.5800 109.2080 109.0643 109.3226 108.6396 108.1280 112.9617 114.0210 110.7315 111.1799 110.2490 109.9143 109.3257 111.4938 115.2317 115.4449 110.8341 111.5235 113.7727 110.6857 108.0441 109.2393 111.1546 108.6335 109.8988 112.8516 110.4399 110.2033 109.3224 107.7512 108.5960 108.6207 108.2163 109.5554 108.8100 112.6484 113.1374 114.8527 110.8739 109.5700
109.3600 108.9077 109.0667 109.0616 109.0874 108.0457 113.2842 108.3406 108.5247 116.5914 110.4738 112.8462 108.3428 109.9842 114.2716 113.6182 109.9795 112.4696 114.6870 115.3224 109.0520 108.3586 109.0428 108.1252 111.3752 112.8089 108.9694 109.6778 108.6524 109.7140 109.8105 108.9242 108.7874 108.7102 108.6646 112.0988 112.6945 110.6212 109.3001 110.5700
108.9200 108.9417 108.9380 108.8026 108.6968 107.2790 111.1392 108.1394 109.2038 107.9680 115.7004 112.8302 110.6784 112.8571 109.9612 112.4932 109.1591 113.7888 115.2142 109.6499 110.0743 108.5440 109.1580 108.5940 107.7866 109.4260 110.1462 108.9572 108.9871 108.8056 108.4544 109.3355 109.0043 109.1528 109.0815 108.7293 110.2548 109.9439 110.2511 110.4100
108.9000 108.5070 108.6555 108.6815 108.7331 108.5345 108.1420 107.6568 110.1665 113.4703 110.0388 108.4754 110.3878 113.8457 113.0127 112.8896 107.4593 109.2194 107.5353 109.0071 112.2839 109.8571 109.1194 108.7549 109.0254 108.0935 111.2541 111.9510 107.5580 109.1057 108.6563 109.8592 108.5923 109.1640 109.4895 108.3018 110.1155 110.1192 109.2108 111.2100
108.3800 108.4509 108.4207 107.8743 108.4386 107.8563 108.4250 108.0993 107.5367 112.3049 106.8105 113.6589 115.3017 113.2232 108.6866 109.9528 108.1556 108.7585 109.0488 115.2529 109.5082 109.2822 109.9958 114.4895 109.7015 109.0544 109.8553 115.5122 110.8764 111.4761 108.4354 109.5270 108.9592 108.5077 109.5448 110.2422 110.4109 109.3393 110.8456 111.4300
108.0000 108.2909 107.7061 107.1786 108.3108 106.8558 107.0628 108.3469 107.6421 107.2471 112.9291 108.0060 112.5878 113.2119 108.1666 108.1683 107.3569 108.2115 108.1480 108.3165 108.8786 111.0626 110.1468 111.7534 111.7326 107.8096 108.3399 110.3320 108.5279 108.5961 109.1246 109.5033 109.3023 108.5975 109.9383 109.6237 109.9946 109.2069 110.1388 110.1700
106.7300 106.9999 106.6478 107.1054 107.6465 106.0310 106.4370 106.6317 110.5526 106.4612 112.2086 106.1645 106.5013 108.6795 107.8843 108.4749 108.6013 108.6302 111.0194 109.0323 108.2908 109.5016 110.5738 114.8189 114.6001 111.5239 114.2484 110.0937 107.9668 108.1470 109.2137 108.4941 109.6498 109.3710 109.7548 111.0013 111.2884 111.3967 112.3662 109.4400
107.0300 106.2780 106.2655 105.9606 106.9167 107.5055 106.2870 107.1156 105.6132 106.1444 112.3017 106.5413 107.1620 107.7014 107.7827 108.1707 107.8143 107.6901 106.9503 108.5868 109.3683 112.7177 115.5238 110.7349 110.9201 114.9089 114.8124 110.9067 111.1980 114.4504 111.3420 109.0150 109.7086 108.8920 109.1225 111.7148 111.0338 111.0688 112.5118 114.7800
105.5500 106.7443 106.6613 105.1893 107.2654 106.9246 106.1411 106.2787 106.7677 105.8507 109.0596 106.7804 106.0014 107.3816 107.8651 108.0337 107.1638 108.3118 108.0190 108.6140 111.6867 115.4646 114.8399 111.9063 113.1221 116.0698 113.9943 113.7679 112.9967 115.8996 111.4824 108.9217 108.7764 108.9607 109.3199 110.1368 110.9117 109.7286 113.1246 114.7800
106.2600 106.4057 106.7671 106.3382 106.8783 106.4213 106.1476 105.0480 105.8728 105.4454 104.6699 108.7514 107.1715 106.5574 106.0495 107.5509 108.0059 108.2480 107.3304 107.3039 112.4954 111.6837 107.8984 114.7867 110.4551 110.9507 115.7994 114.7588 114.7232 111.1923 108.5751 109.3803 109.4122 108.7608 109.2025 109.7246 109.7050 108.7680 109.7899 110.1800
105.0500 105.3774 105.0623 104.6079 106.1317 105.7089 106.3461 106.1654 105.4178 107.5544 108.5573 105.1061 106.2182 105.3466 106.3599 107.4477 107.2956 107.2663 107.2119 107.0755 106.6037 112.3824 111.1670 109.8765 108.5854 111.3861 114.0320 114.1655 115.0552 110.8173 109.4775 109.9447 108.7901 107.8366 108.2249 108.7375 108.0888 111.0698 108.5120 111.0300
106.1300 106.1535 103.9800 106.1716 105.0257 103.9399 105.3578 105.1057 105.7316 105.8706 106.7360 106.5035 106.6661 106.5528 105.8466 105.8464 107.3654 106.6364 107.0553 107.0945 110.1388 108.2771 108.8110 108.3047 108.3632 113.8001 111.3320 109.7936 110.4908 110.5568 111.5096 112.2406 108.3850 110.6562 114.1840 112.4140 110.6442 111.8840 111.2409 109.3100
105.3000 105.4014 104.9075 103.8551 104.4966 103.1829 104.5141 104.3275 105.2411 105.3090 105.5013 104.2702 106.2765 105.6601 106.3757 105.6606 106.2403 106.3082 107.2192 109.5474 107.3630 108.2469 108.5323 108.7166 108.7139 108.3313 108.1530 109.0543 109.5421 107.9516 112.2712 107.7914 108.6504 113.4273 118.8416 111.9193 111.4385 117.5242 111.1014 112.4900
103.3800 103.2106 103.1176 102.8289 103.7032 102.6683 102.5958 104.0957 103.0204 103.7375 104.8841 105.6016 104.0465 104.9307 106.0165 106.9996 106.4548 105.4741 108.1201 108.0537 107.5496 108.0000 107.9968 108.0493 107.9833 107.5780 108.8271 108.3635 114.0602 110.2165 113.9745 108.5070 115.4872 113.8920 109.5883 109.5990 112.3634 114.1766 111.0262 111.1200
103.0000 102.6077 102.4132 102.1665 101.9432 101.9562 102.0229 101.9865 102.3624 102.6162 102.9938 104.6127 103.3446 104.3573 105.7006 106.5465 106.3391 106.1381 106.5559 105.7620 106.9264 108.1701 107.6271 107.9327 108.1674 109.8283 109.8255 112.8719 114.4611 113.6392 113.5767 115.7781 112.7427 110.3537 110.0828 111.4885 112.7550 113.4027 110.8808 109.5100
102.3500 102.2283 101.6694 101.2806 100.4583 100.9557 101.0611 101.4596 101.4479 101.7820 101.7896 103.1781 102.8274 103.7219 105.0622 105.9291 106.6643 106.9787 106.7225 107.1388 107.6666 107.4700 108.2283 107.9893 108.3770 109.9896 112.2993 109.3911 113.6104 111.2198 109.2189 109.4338 114.9804 112.6702 113.6477 115.4192 116.0743 116.5555 113.3388 110.9000
101.3900 101.0602 100.5304 100.2851 99.9635 98.9099 99.3530 100.3041 100.6693 100.6197 100.9848 101.8374 102.6714 102.7157 104.8053 105.9934 105.9061 106.7588 106.2791 107.5196 106.5513 107.6799 108.4475 110.1160 109.9043 108.8255 110.6535 108.5319 108.8911 109.6258 109.7864 112.0346 111.8045 109.4109 113.2126 111.8331 108.4553 115.8942 111.1665 110.4000
100.3300 99.8581 99.4800 99.0386 98.9402 98.1167 98.4953 98.3867 99.2895 99.5182 100.1381 101.2722 102.1505 102.3469 102.9044 104.6859 105.6977 106.2862 106.4216 107.2106 105.5105 107.4084 107.8765 110.9244 110.0202 108.2113 108.6154 108.6921 109.5303 109.6490 109.5548 109.6258 109.7840 110.3672 109.7824 111.5237 111.9788 115.5761 108.6943 111.7900
100.3300 99.2130 97.8543 97.9898 98.0729 97.4599 97.0524 97.7173 98.4447 98.9962 99.6590 100.5104 101.5088 101.8813 102.2877 103.2531 104.3528 105.5719 106.7804 106.4647 105.5071 106.2470 106.8583 106.8350 107.0703 108.2350 108.3679 108.3274 109.2879 109.3305 109.6810 110.0352 108.4408 109.7728 110.8232 111.8067 110.4535 110.6920 110.1794 111.0800
98.5700 98.2668 96.9078 96.2321 96.8853 94.5550 94.9419 94.8960 96.1821 97.7943 98.7940 99.6557 100.6436 101.3892 101.9519 102.7366 103.2817 105.4408 105.2688 105.2900 106.8196 107.0931 107.8990 107.6881 107.9015 108.4160 108.5690 108.7132 109.0434 109.2160 109.5876 109.7055 109.3809 110.1849 110.2205 110.9908 113.2363 109.8347 112.1344 111.7300
97.3600 97.5565 95.4402 92.1289 94.7104 93.6099 92.5243 93.3823 93.5785 97.0680 97.2799 98.9215 100.1348 101.0150 101.6775 102.3697 103.0761 104.4586 106.0256 106.0855 106.8448 106.7322 106.9330 107.0750 107.2944 108.4737 108.8019 108.9906 109.1067 109.1789 109.6770 109.8173 109.5828 110.3313 110.2480 110.1765 110.5771 108.6071 111.0272 114.8600
97.0800 96.7608 92.8068 89.4519 92.5805 89.4346 88.8975 90.8329 92.4912 94.9296 96.9717 98.5514 99.4686 100.4798 101.5093 102.4272 102.9707 103.6921 105.1811 105.3420 105.7665 106.7083 106.6027 106.6995 107.9151 108.0267 108.7223 108.9002 109.1397 108.5269 109.0159 109.7854 109.3406 109.9947 110.0427 109.8504 110.1055 111.1565 110.3554 112.8500
96.2700 95.8253 91.4731 87.9734 86.4603 83.1309 84.9442 86.7315 89.1315 92.5098 95.9094 97.6187 98.9374 100.0236 100.9703 102.1746 102.8503 103.2174 105.5490 106.4141 106.6860 106.4732 106.3199 105.7627 108.0332 107.6277 108.4505 108.2935 108.8720 108.5264 109.1798 108.4186 109.6834 108.8943 110.8049 111.5501 112.3965 111.3752 112.9288 113.2900
94.8700 93.2322 89.1968 86.1976 82.3421 76.5383 78.2396 82.9880 87.4429 92.6624 94.6062 95.3849 98.2029 99.5654 100.6899 102.0095 102.6578 103.0325 106.0903 105.5030 106.5389 105.9622 107.5626 105.8266 107.4837 107.7197 108.4469 107.8439 109.2064 108.9455 113.2524 109.1713 112.0577 114.1935 109.9382 111.8021 110.7804 112.7282 111.6692 112.1200
93.6900 90.9522 86.2780 81.5187 71.8108 68.5984 72.5866 82.1091 89.0423 93.7408 93.4894 96.4455 97.5871 99.3623 101.0428 101.7059 102.2904 102.9688 103.5571 105.2142 106.2092 105.4027 106.6132 106.0593 107.5115 107.9466 109.0282 111.8176 111.3916 114.9939 114.9190 112.9601 111.6080 115.5569 110.8282 113.7530 109.5842 112.4901 108.5235 111.3900
93.1000 91.2816 84.8973 77.7199 67.0341 63.1962 68.3590 83.3920 88.2031 90.8402 94.1980 95.7967 98.0393 99.3962 100.7788 101.3719 102.2576 103.0004 103.7548 105.6645 106.9084 106.3375 106.7938 106.5983 106.7908 107.8264 112.3215 109.0082 111.8487 112.1436 115.5108 115.3728 111.2463 114.1151 115.9862 108.1408 108.8897 110.2858 109.2974 111.3900
93.1100 91.6190 85.8900 80.5934 71.0159 66.7158 71.6484 84.3824 89.1101 91.4073 94.4275 95.9184 98.3475 99.4313 100.9337 101.5261 102.2930 103.0207 104.0195 105.7300 106.3141 105.9872 106.3142 105.8462 106.7844 108.3473 111.5697 113.4698 113.1620 113.5271 112.1859 111.5668 112.9301 110.1955 111.3024 108.2332 109.9109 108.9892 108.8712 111.4000
94.9800 92.7054 90.2883 85.7514 80.3227 76.4220 81.6876 87.0531 91.4987 92.9342 94.4490 96.7340 97.9435 99.7649 100.5229 102.0317 102.4954 103.2800 104.4291 106.6584 105.5638 105.5336 105.6151 109.8415 108.4641 111.8104 113.4590 114.0932 113.9771 115.3598 110.8020 109.1533 111.7435 111.6540 109.2554 111.0178 111.9740 108.8230 109.2257 109.5900
96.9900 93.6369 92.4124 88.1295 86.6120 85.9986 87.4592 89.5518 92.3482 93.7340 95.9392 97.1111 98.5804 99.6916 100.7535 101.9560 102.6408 103.3367 104.4656 105.7092 106.1834 107.0143 106.5507 108.1896 108.9744 110.8474 110.5925 114.3579 113.0412 115.5318 115.7776 112.2065 116.3883 112.5786 112.6781 115.4375 112.2485 112.7456 109.8330 110.5100
97.5200 95.8809 93.9417 91.9164 90.3642 91.4150 91.4217 92.1209 93.2367 94.9603 96.6032 97.7355 98.9028 100.3451 101.2938 102.2030 102.6545 103.2823 105.3237 105.5409 106.1080 106.7900 106.6693 107.6761 107.4033 108.2218 108.3911 109.6797 111.1650 112.4305 115.1197 112.2033 111.8331 114.9043 115.1569 117.2976 115.5287 115.5657 111.4447 110.6200
98.8300 97.4066 96.0001 94.8555 94.4830 95.5565 94.5275 94.7388 95.6047 96.8998 97.8618 98.9796 99.7716 100.6715 101.9761 102.5483 103.1331 103.5377 105.9685 106.0285 106.4210 106.4769 106.3687 106.9226 107.0461 108.4539 108.8122 108.8743 110.2128 112.8247 114.2924 113.3061 111.7501 115.4866 117.3696 118.1263 110.7234 116.9014 108.2362 114.7300
99.9700 98.6390 96.8393 96.9647 96.9107 96.8200 96.2568 96.9557 97.6358 98.3068 99.3352 99.6107 100.5833 101.3637 102.0366 102.8844 103.5433 103.8238 106.3094 105.8745 106.3784 106.0340 106.7103 108.2234 106.7357 108.7047 108.6812 109.6773 111.2099 109.6703 113.5921 112.9051 115.8264 116.9076 110.9611 111.9935 109.6053 110.3811 108.2793 110.6900
100.0100 100.0100 96.6800 98.3600 97.2100 97.2600 98.4400 98.4400 98.9200 99.6500 99.6500 100.8400 101.4100 101.9400 102.8800 103.3500 103.7300 103.9500 105.3300 106.4700 106.7300 105.8000 107.7100 107.9900 106.7800 108.6000 108.7600 108.9500 113.4200 113.9800 114.4500 111.2100 115.7300 108.6300 109.3300 110.4300 108.2100 108.2200 108.3000 110.7200
