111.5500 111.5500 112.0400 108.9800 108.9400 108.0800 107.2400 108.4200 109.1300 107.1500 107.3400 107.8600 107.3300 111.5400 106.7800 110.8500 110.8500 112.6600 109.9900 107.6900 108.5900 109.6200 110.6000 110.3900 112.5500 112.5500 114.2600 116.8000 115.6100 109.7800 114.7700 115.3100 115.1000 115.9300 115.8300 115.4100 115.4100 115.9700 115.1800 115.0900
111.0800 111.4467 111.5832 108.2783 113.3249 107.2108 108.3250 110.6551 112.4458 108.4495 107.3675 107.7498 107.2566 107.8132 109.1319 107.6332 108.9770 111.3123 109.2949 109.5846 109.8356 108.3853 109.0045 109.8258 110.9529 113.7160 117.7964 114.9774 109.2775 109.4938 109.9663 109.4443 114.8735 115.4406 115.8272 116.5921 116.1900 117.5823 115.9170 115.7000
109.0100 110.1428 109.1613 106.9441 107.8190 111.1455 110.4022 113.0467 111.4799 108.5438 106.6570 107.4423 110.5202 106.1923 106.5539 107.1259 113.0135 111.6744 108.1824 107.4220 106.6554 107.0108 107.7421 108.8088 112.5928 114.1298 114.4329 110.2472 109.1102 109.5613 109.6544 109.7734 109.4009 113.1204 117.3802 116.3783 116.8885 118.0649 116.1309 115.6700
111.5200 111.7298 108.1236 106.9361 105.4256 111.7058 112.3271 110.3791 107.0829 106.7611 105.3793 106.8756 106.3700 105.7152 105.4151 108.5929 114.4110 113.0582 110.0719 104.9707 105.3111 105.7921 106.6532 108.6090 110.7557 110.3760 109.8910 108.9165 109.1229 109.4243 109.5218 109.7685 110.6408 116.7032 116.8217 117.4648 116.6257 116.4601 116.5467 116.1300
110.1500 106.4778 105.6001 106.1905 105.4056 111.0319 109.9178 107.1101 107.6886 106.4484 105.3657 106.0330 106.0276 105.3072 106.2365 105.6363 108.1033 105.1387 110.2077 106.4449 106.5098 105.7973 106.2937 109.5595 113.0865 107.5964 108.4243 108.7766 108.8865 109.2819 109.2201 110.4743 115.3301 111.1121 116.7044 117.0011 116.8299 116.5408 116.6742 116.1300
106.2700 108.6198 104.8728 107.2965 104.8749 109.4812 104.6951 109.9013 105.0504 106.2538 104.7804 106.1594 105.3160 105.2518 104.9855 108.4305 108.2389 105.3455 107.2780 105.0029 104.2431 108.4366 107.5252 107.1229 107.5894 107.8510 108.1683 108.5478 108.6967 108.8743 112.1073 112.5163 115.3402 118.8092 114.7532 116.9850 115.9143 116.5483 116.5733 115.8400
106.9200 110.5671 105.5429 109.5074 104.7598 108.7830 105.1393 105.9674 104.5831 105.3170 105.3044 106.1000 106.5165 106.0055 105.8540 105.7624 108.3063 107.4762 104.7204 105.2877 105.9756 107.7945 106.9745 106.3123 108.0391 108.0876 108.3563 108.4716 108.8343 108.3159 111.3838 108.6964 114.0781 115.3881 115.3371 116.6357 116.5649 117.9293 118.0284 117.6000
106.3600 107.1868 105.1179 111.5913 106.4289 105.3651 106.7125 103.6791 104.1895 105.2738 105.8701 104.4535 104.9953 105.1721 106.0256 106.9483 104.0149 105.5874 106.3472 106.5322 105.5804 105.2933 107.3709 106.1962 107.7608 107.9140 108.2618 108.4380 108.5067 108.7309 108.7204 111.7192 111.3869 114.0526 114.0124 113.7407 113.3959 111.8585 114.8303 112.4500
105.0600 105.7861 105.9055 107.8964 106.7381 104.5615 103.7779 105.4101 107.7771 103.0237 104.8238 105.2539 104.6581 103.9288 104.6049 107.9531 105.3068 105.8874 105.5076 105.0477 105.2601 105.8146 106.2292 107.0363 107.3546 107.7430 107.6841 108.0397 108.4050 108.8255 108.5171 110.9206 113.6357 113.6075 110.6765 113.8199 109.2059 114.9036 111.9844 112.7600
105.3000 106.1647 105.6695 102.8612 106.9863 103.6563 102.7066 104.6185 102.2626 102.1799 102.0479 102.2819 102.7788 104.1778 106.9801 103.7003 103.1161 105.0050 104.5526 104.7490 105.6514 106.1059 106.0056 107.0632 107.2047 107.6973 107.7986 107.8504 108.3259 107.6747 108.9350 108.8219 108.4780 114.4839 109.4147 114.3687 109.0562 112.4368 118.0623 115.5300
104.0900 104.5632 105.1099 105.0012 103.7177 102.0539 102.3334 101.7480 101.9301 101.9635 101.7908 101.8993 101.7989 101.5931 102.1625 104.1550 104.4346 104.3349 105.1055 104.5924 105.6559 106.4467 105.7282 106.7962 106.8147 107.4568 107.8400 107.2992 107.5745 107.3066 107.0331 113.6772 114.8764 116.7232 113.3850 116.2673 114.4957 113.1235 114.9533 118.4000
104.1000 103.3991 103.3279 102.6655 102.1586 101.7095 101.4665 101.0579 101.0522 100.9478 100.6000 100.5123 100.8191 101.2874 101.2097 101.3061 102.1614 104.2739 105.0030 104.2898 104.9494 105.1317 106.2080 106.9378 105.8435 107.1022 107.4770 107.5995 108.3578 108.3823 113.3199 111.8488 108.1098 112.9782 115.9628 116.2272 114.9046 113.6309 113.4040 113.4000
104.2900 103.2836 102.6610 102.1296 101.6201 100.8922 100.4264 100.3686 100.0917 99.9869 99.9472 100.1580 100.0627 100.1241 100.2105 100.8037 101.7210 102.1743 102.7889 103.0754 104.9129 105.9132 105.8706 106.1559 106.1449 107.0847 107.2949 106.5387 107.4813 111.6984 110.7967 110.7256 110.1589 111.6104 116.1936 116.0340 115.3489 109.6408 112.9019 108.1500
104.5000 102.9757 102.1847 101.4961 101.2199 100.3834 99.5698 99.5852 98.8113 99.0343 99.2190 98.9737 98.9772 99.1050 98.9441 99.6536 101.0566 101.8488 102.3509 103.1610 104.4106 105.1873 105.6498 105.4684 105.1778 106.6379 105.6927 108.9940 108.6685 113.1785 110.8200 109.8786 109.8998 109.3986 113.9057 114.1944 114.1236 114.3598 109.5986 108.1800
102.9000 102.1018 101.6233 100.8660 100.2677 99.2991 98.8131 98.1373 97.2531 97.0861 98.0912 97.2887 97.5093 97.6979 98.2147 98.6311 100.6754 101.3511 101.9138 102.9205 104.2880 104.5541 105.2906 106.1640 105.4586 105.3928 106.8111 111.1664 110.9596 111.9431 111.1090 108.6518 108.6436 111.2663 108.9396 112.6192 111.7411 106.2327 111.0394 110.5100
102.0700 101.9396 101.1437 100.1425 99.5447 98.3533 97.2459 95.8113 95.6696 94.9087 94.9563 94.9326 95.0297 96.2184 96.8609 97.7451 99.6533 100.7417 101.5676 101.9668 102.6955 103.8982 105.4092 105.1098 106.5342 105.3512 108.9663 107.0318 106.7955 107.0729 107.3583 110.6591 109.6572 110.6360 109.3977 115.1977 114.0283 113.2350 114.2458 112.9500
102.0700 101.4969 100.4821 99.6556 98.7438 97.4008 95.2383 93.3338 92.4308 91.4235 90.7779 91.1004 91.2364 93.6147 95.3655 97.2490 98.9644 100.1610 101.0526 101.8960 102.2039 103.2457 106.1715 103.9512 105.2585 105.3921 106.9676 107.0181 111.0695 110.7581 110.9574 112.9050 114.4692 108.7047 113.8426 117.1443 116.7907 114.7599 114.0781 112.9500
101.3600 100.9394 100.1028 98.9231 97.8023 95.6773 93.4475 90.7403 88.7488 88.6068 87.4837 87.2942 89.6578 91.1550 93.3945 96.5873 97.4962 99.0105 100.5332 101.3788 102.1203 102.6549 105.5637 105.1004 105.5260 105.7747 105.8408 110.7788 109.1553 112.5401 112.9334 112.8480 109.9406 106.5492 110.4801 109.5953 110.3869 109.6774 113.0908 110.3800
101.3700 100.6912 99.7291 98.5140 97.0011 94.4021 91.9346 89.4953 85.1753 81.8441 81.9173 82.9300 85.3298 88.5143 91.1591 95.3626 97.1513 98.5476 100.0979 100.9519 101.9839 102.4818 105.6281 104.7326 105.1681 106.1566 105.4585 108.2702 110.6315 107.1966 111.2502 113.2378 108.6385 112.5462 110.1017 112.0086 108.3799 114.8979 113.6851 113.1600
101.2100 100.5188 99.6133 97.9872 96.2741 92.3655 89.5541 85.6559 79.9179 74.6321 72.4693 76.2363 82.4288 88.5425 90.3592 95.1464 97.1780 98.5609 100.1272 100.7041 101.8382 102.3113 103.9025 104.8201 104.4303 105.6637 104.5312 111.0956 110.4219 111.0954 109.3984 108.9700 107.9954 108.2118 108.5701 109.1596 109.7501 110.2466 109.9909 109.8900
101.2700 100.3498 99.0294 97.2073 95.5378 92.6926 88.5151 85.2444 75.5037 64.4488 63.3255 70.7460 82.4607 86.8043 89.3398 95.0370 96.3432 98.3442 100.0358 100.5403 101.5439 102.4465 103.2299 105.8934 106.4442 105.0830 106.4605 105.9400 106.5515 106.7384 107.6895 107.8798 108.8421 109.3004 107.6872 108.8092 109.4243 109.8745 109.7959 109.8900
101.1700 100.3490 99.1901 97.2596 95.5414 92.7047 88.5482 85.1667 76.1716 64.6220 64.0058 71.1637 81.7219 86.8753 89.6440 95.0382 96.4208 98.2785 100.0180 100.5699 101.5597 102.4456 103.0699 105.7886 106.2535 105.0133 106.5528 106.0894 106.9484 106.9669 107.7436 107.7957 108.6442 108.9846 108.4425 109.5593 109.0046 110.2080 110.2250 109.8900
101.2000 100.5190 99.3935 97.9537 95.6623 93.8450 89.9682 85.3274 82.5669 74.0118 70.9678 76.0146 83.8375 87.1001 92.1591 94.8047 97.1171 98.7273 99.9016 100.8542 101.6511 102.4857 103.7122 105.7469 106.2833 107.5962 108.6179 105.6922 106.9198 108.5837 108.1254 109.9701 109.8817 110.3154 113.7755 112.5565 113.0516 113.8507 110.2482 112.7400
101.5100 100.9254 100.0404 97.6264 96.2748 94.6695 91.7495 88.7749 85.5194 81.8604 79.9595 82.7012 87.7142 90.9157 92.6422 95.2651 98.0392 99.5469 100.4677 101.2210 101.9732 102.6220 103.6213 108.2316 105.9859 108.0133 110.6850 107.7331 106.9578 107.3280 108.1289 111.1809 112.6332 113.6526 114.5620 114.1084 114.3872 116.9253 109.2053 108.6300
101.4500 101.3460 100.1204 98.6474 96.1816 94.7636 93.6238 91.6126 88.3667 85.6460 86.2707 88.2069 90.4339 92.5607 94.6919 96.5998 98.4065 99.9215 100.8432 101.7830 102.3303 102.8691 104.6684 104.0831 105.3036 105.6565 105.2133 106.7411 106.3798 111.2020 108.3977 107.2020 113.0509 109.9020 114.0693 116.2745 110.4544 113.3467 112.6124 107.6100
102.0400 101.1538 100.6582 99.7394 98.1300 95.8630 94.3944 93.7846 91.4189 89.6869 89.2662 91.5751 94.2063 94.5903 96.2047 97.7863 99.1823 100.4691 101.2624 102.0081 102.4736 103.5707 105.2814 105.1571 105.1959 106.3342 106.7612 107.6372 106.4626 107.2215 109.9368 112.4142 110.9822 112.1966 114.9436 114.7041 116.5333 110.3345 110.1581 108.8600
102.5000 101.7874 100.8886 100.2653 99.5888 98.1328 96.0658 95.4318 94.4305 94.2697 93.2672 95.0903 96.7383 96.6190 97.5009 99.0471 99.9373 101.0632 101.7283 102.3772 102.8988 103.3617 104.4487 105.3312 106.7736 106.9504 106.1108 107.1912 106.9477 107.2987 107.2878 110.1987 112.0111 110.4422 114.1124 111.7523 110.7462 117.0021 113.3714 109.5700
103.0400 102.4335 101.5926 101.2514 100.6564 99.3259 98.5124 98.0010 97.3121 96.8788 96.6631 97.1173 97.8272 98.4235 98.8675 99.9512 100.8935 101.5468 102.0387 102.6218 103.0321 104.1395 105.8954 106.3171 106.2847 107.4043 106.0292 106.5803 107.1573 107.5509 107.5423 107.7455 111.2931 112.1528 114.2938 113.7492 112.9927 112.3796 111.7185 107.2500
103.2000 103.0656 102.3257 100.9948 102.2240 100.7152 99.1958 98.0972 98.9558 98.3665 98.5438 98.8679 99.2561 99.7217 99.9744 100.7518 101.2996 101.7552 102.5143 103.0273 105.5946 105.6438 106.1806 106.2997 106.8361 107.2077 105.8530 107.3030 107.6790 107.0134 108.1195 108.5400 108.6382 109.6610 110.8390 112.0856 108.9488 111.5949 110.5662 108.3200
103.7600 98.9377 103.4285 102.8521 96.2285 100.3052 100.8512 99.9711 100.3374 99.9039 100.0293 100.2971 100.4311 100.8049 101.2674 101.7061 102.1043 102.6491 102.9031 103.9038 105.2189 105.7447 106.1613 106.7543 106.5401 107.4385 107.1337 107.9779 107.5118 107.9101 107.3529 108.8319 108.7520 109.4884 109.5421 110.0545 115.3727 108.9023 109.0378 109.5500
105.9500 100.5400 103.7244 103.4232 101.9048 102.6097 101.5833 101.0232 100.8283 101.0533 101.2834 101.2322 101.3818 101.4965 102.0090 102.4088 102.6410 102.9954 103.4972 106.1946 104.6402 106.0146 105.6838 106.9816 107.2483 107.8562 106.4821 108.3556 107.8250 107.2707 107.5185 108.7146 109.2465 109.5083 109.2418 109.2828 110.2661 108.8818 108.6775 108.8500
106.3700 104.7924 104.1792 103.4814 103.2597 102.6456 102.1310 101.8067 102.3840 102.2863 101.6204 101.9304 102.0822 102.2248 102.6873 102.9488 103.5397 104.0636 104.9201 106.1697 106.2283 105.9507 105.5039 106.2999 105.7040 107.9852 108.1773 108.4001 108.3459 108.1859 112.7772 109.2001 108.7704 108.7965 109.3318 108.9994 108.8087 109.2187 108.5662 108.7000
105.8200 104.9536 105.8631 104.9718 104.8225 103.6483 103.1619 103.2498 98.5321 102.8693 102.4475 102.6667 102.6099 102.8592 103.4271 103.5184 105.2836 105.6641 106.1500 105.1966 106.1981 106.2442 106.6977 106.1904 107.7248 110.4994 108.2264 108.0242 108.7012 109.0565 108.4330 108.8651 109.7739 110.6439 109.1967 108.8434 108.8279 109.8081 110.3866 110.9700
105.7800 106.7544 104.4783 104.2344 105.5389 104.6499 103.8202 103.7739 103.8318 103.4389 103.1843 104.6370 103.9555 104.4750 104.4886 104.2188 105.4692 104.3105 106.3592 106.0184 106.0696 107.3033 106.1593 106.7669 111.3482 111.8123 114.1317 110.5051 108.3218 109.1163 109.1220 109.5637 109.4465 115.2664 108.9945 108.7398 109.0822 110.5649 111.9959 112.8900
106.8000 106.2360 104.5968 106.0115 105.8988 105.1565 104.7443 104.5530 104.1218 104.4185 105.6642 104.0667 105.8807 105.2561 105.7692 105.9925 104.8541 105.6890 106.5651 107.3570 106.9079 107.6552 106.9276 106.2201 109.9037 112.7500 111.9134 112.6181 111.2768 107.9974 109.0179 109.4039 109.4494 111.8607 107.8076 108.8432 111.1958 111.1709 108.7073 112.8900
106.8000 106.2767 104.5776 106.5374 107.1220 105.5154 105.5568 105.5829 106.4006 105.8605 105.0563 105.8690 105.2747 104.6285 105.5145 106.4442 105.0509 107.1127 107.1737 109.0768 107.2205 108.4363 107.0066 110.4785 110.5595 113.4704 113.4167 114.2164 114.7642 113.3093 108.7180 109.5087 108.4216 112.6208 109.7731 109.2907 111.9958 112.5302 109.0868 109.7500
107.5700 106.3049 105.9049 106.9545 107.2918 104.3287 105.8536 106.0922 106.7528 106.1919 105.3226 106.0284 105.0311 105.8106 107.2232 107.1152 106.3259 107.4825 107.3078 107.5637 106.4073 105.7787 112.2952 108.0795 108.3511 113.3829 113.9089 113.3702 114.8072 115.3607 113.7960 113.5268 113.7850 114.1904 111.6017 110.1716 113.3207 108.5260 110.2376 110.0600
107.2100 107.4823 106.7706 107.1505 107.8334 104.8727 105.7045 106.6033 106.1653 105.6372 106.6361 106.1053 106.3385 105.8163 106.0966 107.0106 106.5882 107.5248 107.4201 106.8729 107.4120 106.5863 107.8936 111.8512 108.6557 113.3437 108.3532 114.2889 113.1584 110.8776 112.4142 115.6842 112.5565 113.9122 113.8403 112.9230 114.6311 112.8412 111.6035 112.0000
107.5100 108.1657 107.9795 107.4496 106.7126 105.7668 106.9477 107.5895 107.1912 106.2094 106.5903 106.9946 106.0307 105.9086 106.9030 107.3765 106.2762 107.3850 107.7296 107.0509 106.9986 106.6940 107.4658 109.7903 109.1327 108.1754 112.7190 111.3996 114.9844 114.3549 111.2765 111.1877 110.5540 111.3042 110.0112 113.6212 112.2980 108.1716 112.1212 108.1100
107.5100 108.3000 108.1700 106.7100 108.1700 107.9900 108.0600 108.0600 107.4200 106.7800 107.0400 107.3100 106.9400 106.0600 105.5400 106.3600 106.3600 108.2000 108.1100 108.3900 107.1400 107.3000 114.0300 116.4200 111.1700 109.4600 109.4600 114.1200 111.1200 112.1300 113.7100 112.9600 114.9100 109.8700 117.7900 112.6400 111.1500 113.5900 112.2700 109.3700
