114.1400 114.1400 110.4600 110.1300 110.1300 110.1200 110.1200 115.3900 110.9800 108.7500 110.5900 108.6100 112.1900 108.8600 115.0300 113.4200 113.4900 113.1800 111.2400 115.5300 115.5300 111.3800 111.3900 113.3300 118.8800 119.1800 118.0600 115.0700 117.2500 114.5400 112.4000 117.0000 117.0000 116.6800 116.0900 115.7400 115.3500 114.9800 115.0300 114.9200
111.1600 110.5956 109.6082 110.6564 108.6458 110.0488 109.1305 109.4274 109.6819 107.7189 109.1328 108.3851 111.5688 108.6883 111.0024 111.8734 113.7989 113.1052 113.0593 112.8474 114.6229 108.0426 109.5037 112.5794 114.6674 113.9227 115.5314 115.9090 117.3606 117.1358 113.1036 118.5039 111.6584 114.0706 115.6161 116.1852 116.1147 117.2333 115.0092 114.9200
110.2700 109.7381 108.4722 108.8373 108.6680 109.8060 109.5732 110.6091 109.4587 113.4898 109.7991 109.9056 111.4809 113.1172 117.5461 109.6945 116.1724 113.4883 112.3491 109.6268 113.1757 108.0705 109.3950 110.8451 110.1409 111.1161 118.4018 116.7941 118.4708 116.3833 111.7587 114.5830 110.7590 109.2722 110.6729 112.4296 113.7144 115.1983 115.4045 115.3800
110.3300 110.3999 108.7754 111.3120 108.2964 108.4473 109.4198 112.1111 109.5217 110.5378 108.8676 111.7364 109.9350 112.0508 116.0852 110.8641 115.0428 114.6152 110.5745 111.7315 112.8319 109.5642 111.3506 112.2006 110.1565 110.4186 114.2324 116.6799 116.6741 116.7570 110.4644 110.3891 109.7437 111.8799 112.6578 116.7091 116.1326 116.3203 116.0630 116.0600
110.3300 111.7718 108.8743 111.1069 109.4920 109.2214 109.9667 111.7737 111.2574 108.4939 109.7326 110.8262 118.1113 114.4904 114.7337 112.9372 109.1283 110.4091 110.0148 113.1679 107.2169 110.4860 111.2633 110.4275 110.2732 107.1400 108.4754 111.3782 114.8982 113.9904 110.5359 115.7027 116.6096 115.7345 112.1868 114.6211 114.6387 116.8012 116.8613 116.6000
114.9800 111.7892 110.4573 113.6293 108.8921 108.9477 109.5978 110.7065 111.3219 110.0865 111.5508 113.4221 116.9260 111.7965 110.6194 109.8138 109.4779 108.6960 107.8663 109.9236 110.4944 111.6878 112.2511 113.2941 115.2615 108.4443 108.3503 108.2389 109.8379 110.2596 116.8955 117.8746 117.5712 114.8909 111.4027 115.5546 117.4675 116.3575 117.9292 117.3700
112.5600 110.2468 108.1641 117.2128 109.8821 110.3053 111.0143 109.7820 111.9371 108.7523 112.5681 112.8476 115.3259 107.6613 114.1627 107.0988 109.0062 109.3315 107.5591 107.8438 114.3400 113.9506 110.7479 112.2229 110.7708 110.7493 109.6538 109.0251 108.9588 108.5498 115.6989 115.4937 116.9178 114.2202 109.5981 112.2950 117.8057 116.2897 117.9106 117.3700
114.3700 110.0914 111.2125 116.4078 109.4204 108.9788 110.1939 109.8645 111.1130 110.2400 114.0531 113.5972 115.1388 111.4626 110.9420 112.5452 108.0783 109.2481 107.8877 108.5266 112.6777 111.1234 109.0321 112.5271 108.3035 110.5658 111.1189 110.2895 109.7433 108.3041 114.0257 110.8977 116.1652 109.3416 109.1957 110.4807 112.8972 118.7594 119.1706 117.9300
113.5300 112.5687 115.2932 115.8296 114.7824 111.1890 109.6925 112.6233 109.7111 109.8379 109.2768 114.3391 115.0306 113.9607 108.5215 112.1145 108.2474 108.5836 108.3273 107.3245 110.0152 113.4030 113.8741 112.2000 108.2500 109.1619 108.5421 108.5976 108.0108 109.3782 115.3541 112.1393 112.4655 107.9700 108.8832 109.0768 112.5881 116.9217 119.1006 119.5800
113.5700 112.3803 113.7754 114.9041 114.4413 108.9568 110.3660 109.8051 109.4384 109.2335 108.7812 109.1530 113.6390 113.6766 109.2645 112.4072 108.5921 109.0466 107.4185 106.8009 112.6329 113.3256 113.6288 108.3776 107.3754 110.0400 111.8796 109.3538 110.2400 109.5942 110.6633 113.4226 111.7117 111.4504 114.0059 112.8048 115.2275 115.2390 119.1567 116.1900
114.2800 111.3587 109.0075 109.8381 115.0690 112.8393 113.8410 109.6979 109.4056 109.4093 108.4150 108.4011 109.0127 110.7048 108.7833 112.3715 113.1776 112.5932 114.5051 110.5581 112.7856 110.7947 111.7732 111.0414 107.9615 109.2057 112.2311 112.6032 113.8166 109.7237 110.9540 114.2132 111.8054 111.0322 110.9579 109.3977 112.9411 115.1905 116.4522 117.7600
113.2400 110.0997 109.6985 111.2160 114.9214 110.7360 110.3934 108.7787 109.5801 109.0459 109.4198 110.9624 108.3824 108.1834 108.7471 111.5974 108.4173 111.9148 113.4308 113.2562 108.4625 108.5429 114.8234 110.8777 107.1583 107.5963 108.1504 113.2807 115.7611 112.0477 108.2724 112.8226 109.6013 111.2728 109.3618 112.9395 110.5368 115.7545 116.4214 115.7500
113.2700 110.8623 109.3061 109.9492 110.0695 110.0393 109.0611 109.2876 109.4084 108.9717 109.4219 108.5841 109.2624 112.6237 109.9975 109.1292 108.7699 108.2021 113.2047 107.2187 107.6782 107.7506 113.1531 110.3415 110.8770 112.9778 116.2644 112.6342 110.5815 109.6584 109.0879 107.1139 114.5879 110.0352 108.1636 111.8642 111.3313 115.5003 114.1315 115.7200
113.2900 110.8239 109.9020 108.6957 110.0231 111.9727 109.0506 108.3637 108.8504 108.8931 108.4387 108.1475 107.9463 114.0403 106.6110 108.2546 107.6318 107.6005 109.6014 107.7643 108.0042 109.2036 113.0543 111.2834 110.6680 111.6920 108.2975 113.1527 109.9434 110.4419 110.4845 109.5687 113.4160 114.5906 109.8614 117.0313 113.9989 114.2668 111.2075 109.5900
111.3900 113.3468 109.6322 109.1051 109.1513 108.9713 107.3589 107.3686 108.6837 108.7371 107.8714 106.9406 106.8068 113.0511 105.2641 107.7969 108.0458 107.1723 110.3935 108.0181 107.7508 108.9971 108.2008 113.2976 111.2752 109.7340 115.0173 107.0117 109.4029 112.0174 108.4157 113.6980 116.9887 116.4692 112.2364 111.8658 114.7949 115.0468 110.0570 109.5900
115.4200 113.9578 108.7392 108.9391 108.5159 109.0759 107.6161 107.3361 107.3479 108.5057 107.3367 106.8912 108.3511 106.8716 108.5968 108.1194 108.2365 108.3661 107.6784 107.6623 107.9486 108.3480 106.6871 107.0459 116.9608 106.7556 113.7771 109.0818 108.9918 112.8264 111.5361 112.5122 115.4382 112.6686 110.1902 108.4494 111.3879 108.0017 109.7645 109.9600
115.4200 110.4337 106.9245 108.6157 109.0258 109.0209 107.5903 108.9630 108.1998 108.4219 106.9449 107.5033 106.9873 106.5591 108.9889 107.0488 107.9722 107.6452 106.9680 107.2213 107.6738 107.4556 106.5882 110.1504 109.0929 110.0256 111.1951 114.0931 110.2337 110.1519 108.4625 113.0149 111.3762 108.3228 108.2391 108.5171 106.9312 107.4987 112.7545 109.9600
108.6500 108.0740 109.3366 109.3732 109.1379 107.0697 107.9406 106.9477 107.2887 107.4638 106.9943 107.2244 106.5249 107.4876 109.0399 107.5798 106.4737 106.9098 107.3676 107.7227 107.1373 106.4069 107.1663 108.9868 107.7864 109.5850 107.5157 110.2924 108.0709 112.1459 114.3020 114.7712 108.1668 107.8855 107.9766 107.4988 112.6467 109.5880 107.4687 107.5500
107.9700 107.3956 109.9013 105.5220 114.0319 108.0892 108.4350 107.8339 107.4755 106.4657 106.7536 106.7556 107.0769 107.8556 106.0580 105.3889 106.5690 107.0056 106.9003 107.2538 106.3545 106.1755 105.7805 105.9140 105.7495 107.1725 107.7972 108.6325 111.6507 112.4225 113.6807 113.6721 107.2339 108.5567 109.3448 108.7465 114.3608 107.2104 109.6316 112.1200
108.7000 108.2730 108.7275 110.2424 112.8509 107.8764 107.3198 105.8137 106.2912 106.2696 106.2983 106.3139 107.0094 105.8124 106.3608 105.8578 106.8434 106.3607 106.0363 106.0460 106.3663 105.5174 106.8860 105.3172 106.3410 107.4431 108.0325 107.6376 108.4111 109.9695 111.8045 107.8261 107.6988 108.6968 107.5526 113.2687 115.5635 115.6937 111.6790 112.6800
107.9200 108.5452 108.3425 108.3516 107.0382 105.7842 105.7493 106.0716 106.4680 106.3241 105.8360 107.0662 106.6535 105.8741 105.9418 104.0659 105.8103 104.6481 105.5350 106.5469 105.7480 104.8893 106.8002 107.3389 106.7569 106.2706 106.6582 106.8257 110.1263 107.1146 107.0857 108.4041 107.6868 108.6761 108.3892 112.3292 114.3440 114.3836 111.4752 114.6700
107.7900 108.1404 107.6010 106.8652 106.0681 106.6718 105.5106 106.7919 105.6874 105.1684 104.4931 105.8673 104.8138 105.1302 104.5645 104.5046 104.8838 104.6746 104.8402 105.2037 105.7775 104.6650 105.1714 106.0156 106.5658 105.6949 107.2896 105.9723 108.2736 106.9313 106.8713 106.8089 107.0998 107.1269 110.9379 113.4084 111.6304 109.1573 115.0488 109.8300
108.4200 108.1333 107.5886 106.7705 106.5141 106.6519 105.6588 105.0930 105.1075 105.5752 104.1205 106.3829 105.3607 105.2833 103.6178 103.4425 103.4811 103.4934 104.1532 103.8337 104.3364 105.3126 105.5326 105.2687 104.4927 106.8968 106.8752 109.0159 110.3757 106.9272 106.1304 106.5373 106.4890 107.1350 110.7259 108.8533 108.5989 110.8174 112.1871 109.3100
106.5200 106.7443 107.6051 106.5711 106.2272 105.5385 105.7874 104.3675 105.0005 105.1985 103.5172 104.8214 102.9563 103.5125 102.7492 102.7970 102.8824 102.8869 102.8517 103.1712 102.8251 103.0320 104.4686 105.5434 105.2988 105.3972 103.9844 107.8711 108.3775 106.2594 107.2544 106.7019 107.0540 106.9611 105.9826 108.0360 108.5987 111.9021 108.6254 108.2800
106.5200 106.9857 106.8318 106.5799 106.9815 106.8174 104.3813 104.6004 106.8895 104.5690 103.1599 103.0277 102.6448 102.1441 102.1514 102.0366 102.2975 102.3400 102.3289 102.3112 102.2867 102.6424 102.5652 103.3316 103.8964 105.5024 106.0740 110.0617 107.4091 106.2973 108.1810 105.5628 107.0360 106.8523 106.9382 107.5512 107.8653 108.3709 109.0560 109.3700
106.1600 107.1786 106.9350 106.2033 105.5371 105.0023 104.2646 104.4022 105.9942 102.8134 102.6921 102.4437 101.9892 101.4363 101.6475 101.2255 101.4186 101.3372 101.5510 101.4025 101.7100 101.8366 102.3331 102.6814 103.2335 102.3764 105.5392 104.2289 105.6186 109.4398 107.4722 106.8215 107.1820 107.3599 108.2086 107.1736 106.7935 108.4198 108.8687 109.2200
106.5100 105.9354 106.1511 107.0865 106.4594 105.2874 105.2620 103.2852 103.1296 102.3970 102.0784 101.6762 101.2511 100.4826 100.3455 100.6233 100.4538 100.3608 100.2294 100.7712 100.8358 101.1737 101.6338 101.9002 102.3518 102.9348 103.5230 105.6056 105.5338 108.1941 105.3579 107.2126 107.4651 107.2048 107.0785 107.6510 107.6478 108.8305 108.3406 108.2600
106.5100 107.6726 106.7214 105.9168 106.7303 104.0785 105.6572 103.8627 102.6698 101.8572 101.5822 101.0139 100.4751 99.8991 99.6222 99.1045 98.2246 98.5557 99.0235 99.5851 99.8632 100.1346 100.6442 101.4960 101.7744 102.4615 103.0313 104.3236 104.1922 106.6547 106.2982 106.7759 106.0709 107.6709 106.9103 107.5570 108.0088 107.6037 108.2982 106.5400
106.9200 105.7700 106.8458 105.9072 104.6187 104.6850 103.9454 102.6218 102.1619 101.5405 101.0953 100.0978 99.4561 98.9887 99.0816 98.1849 97.9464 97.5750 97.7392 98.0241 98.5011 99.1833 99.7929 100.6763 101.0818 101.9626 102.7338 103.1557 104.4955 105.2441 106.8358 105.4950 106.7304 107.2728 107.3446 107.4738 105.9245 111.7440 106.0694 108.3200
106.5600 105.8450 106.4163 106.6403 105.3099 103.4693 102.7423 101.8452 101.3482 101.0562 100.1328 99.3652 98.1064 97.2285 97.8849 95.3469 95.0793 95.0999 95.9342 95.9884 97.0780 98.0636 99.0198 99.9728 100.8796 101.1675 102.2439 102.9303 103.4802 104.6517 106.5396 105.5280 106.8498 105.9183 105.6466 111.1899 107.1324 108.3438 108.4806 112.3500
105.3900 105.5385 105.3569 105.5198 104.3053 103.7297 102.3106 101.9396 101.4391 99.6497 98.9948 98.0992 96.6214 96.2241 95.9457 93.0763 92.6440 93.0425 92.8380 93.5653 95.3688 97.0002 98.5566 99.2771 100.5178 100.9682 101.6945 102.4607 103.2350 103.7849 105.1251 105.3394 106.8957 106.9918 106.7444 106.0635 107.1980 110.5814 108.9405 111.0600
106.9700 105.7980 105.3166 106.0361 103.7351 103.1199 102.6049 102.0550 101.4958 99.6802 98.6687 96.6738 95.3562 94.8606 92.2718 89.7787 88.8808 88.7872 90.1322 91.8598 93.6401 95.6727 97.2684 98.5618 99.5869 100.5387 101.2066 102.3753 102.8154 103.5272 105.8196 106.5379 105.8530 106.8353 107.3102 106.3735 113.4256 112.1265 109.5409 113.7300
107.2000 105.7995 105.4921 105.6358 103.3952 103.0926 102.4744 101.6923 100.5474 99.5565 97.8522 96.5881 94.4048 91.9565 88.8198 86.0262 83.6521 83.5013 86.4256 89.0266 91.7558 93.8462 96.4392 98.0690 98.9099 99.9892 101.0434 101.8991 102.6103 104.2104 105.9230 107.8080 106.8186 105.6056 106.8678 108.4601 112.0003 111.8638 109.3516 113.2800
106.9800 106.8499 106.9970 103.9731 103.5298 102.9673 102.3207 101.6169 100.1947 99.2755 96.8243 95.8064 92.9226 90.4652 87.4708 81.5661 77.5311 76.8983 81.0229 85.6530 89.5857 92.7326 95.2679 97.3478 98.7807 99.9612 100.7092 101.7367 102.5797 103.0459 105.3828 104.9016 106.3509 105.5221 107.1084 107.7665 106.7476 110.4812 107.1859 107.8500
107.3800 106.8099 106.3336 103.9814 103.5975 102.8833 102.1591 101.3549 100.0665 98.8703 96.1603 94.2920 91.5079 88.0741 84.6350 75.1456 70.1860 70.3600 75.0727 82.1627 87.7960 92.2957 94.2947 96.2006 98.0204 99.3886 100.6555 101.6578 102.4126 103.2016 105.1520 105.6793 106.3819 105.0842 106.3908 107.3979 107.8545 107.9239 107.9209 108.6900
107.4600 106.8390 106.1880 103.9175 103.5606 102.8860 102.0977 101.0242 100.0285 98.4701 96.0399 94.0611 91.1183 87.1105 82.6976 71.0333 63.7141 64.9830 71.8395 79.6669 87.0504 91.9055 93.9420 96.0239 97.8268 99.3524 100.6336 101.5631 102.3504 103.1732 105.2093 105.4822 105.8351 105.2040 105.6876 107.2810 108.1962 108.0157 107.7118 108.6800
107.4300 107.0253 106.3991 103.9848 103.6479 102.9629 102.1477 101.1147 99.9847 98.4015 96.4422 93.9902 92.1225 88.2059 82.9763 73.6269 64.5955 63.3854 73.3498 83.7300 87.7730 91.7273 94.2126 96.1289 98.2275 99.6854 100.8915 101.7435 102.4853 103.1462 105.4183 106.1045 106.5012 104.6230 106.0482 106.6128 107.4892 108.4249 112.3415 112.0400
107.4300 105.6451 105.7654 104.1157 103.7520 102.9608 102.2213 101.3934 100.3094 98.8458 97.4954 94.7640 93.5149 90.7233 86.4188 80.9415 76.2108 76.1193 80.7816 85.6111 90.1221 93.1567 95.7391 97.4634 98.9974 100.2456 101.0948 101.8836 102.4466 103.2182 105.4430 105.0306 105.4392 107.0850 105.7570 107.1681 110.1602 111.6396 111.6741 112.2000
107.0900 105.5097 106.6111 104.4779 103.7739 103.0268 102.4202 101.7180 100.6683 99.6635 97.7056 96.1448 94.1309 92.3518 89.8655 87.9205 84.9522 83.4881 85.8151 88.8451 92.3320 94.8266 96.7912 98.3414 99.3517 100.2337 101.3177 101.9897 102.8447 103.3629 104.7847 104.5233 106.0423 107.0043 105.1170 111.4546 107.7670 107.9449 107.5331 106.4600
105.9600 105.9600 104.9900 104.2100 103.8500 102.9100 102.6400 101.4500 100.7100 100.1300 99.1800 96.8800 95.8500 93.2900 90.5500 90.5500 87.4100 87.3100 91.0200 91.0200 93.6000 95.5300 98.0000 98.0000 100.1200 100.5600 101.4300 102.3400 102.8200 103.7900 108.8700 104.8700 106.9000 105.9400 109.3600 113.0200 111.8900 112.0200 113.8800 108.0700
