106.9200 109.0100 109.6600 104.8700 105.8800 104.5200 103.7700 112.7800 110.5200 111.0900 111.5500 101.0200 101.0500 101.3000 99.8800 99.0200 98.4400 97.4400 96.0300 96.0300 94.2400 94.2200 96.0500 95.9800 97.2400 99.3100 99.3100 100.0600 101.0300 99.7600 103.5900 113.9900 114.4700 109.1700 104.3700 103.2200 103.3900 104.6700 106.0500 107.5500
116.3800 114.1909 107.3805 106.6491 105.1531 104.4394 106.0931 111.1813 107.7769 109.0665 108.5780 105.8440 100.9203 100.5225 99.5310 98.4652 97.2169 96.1620 94.8158 93.4097 92.7091 92.7291 93.4904 94.6717 95.9850 97.4337 98.7274 99.5954 100.6468 99.6748 101.8216 109.3363 114.9315 110.0020 105.6260 103.5925 102.7690 102.8833 106.2103 107.5100
115.1800 112.7276 110.0612 108.9376 106.5118 107.4746 104.6449 109.3368 104.7630 110.5188 106.1456 104.0601 100.8156 100.0318 98.9391 97.4912 95.9252 94.4441 92.2663 90.0328 88.8287 88.8686 90.1349 92.0874 94.1451 95.9786 97.5458 98.8968 99.9374 100.6792 99.9092 105.6357 114.6816 112.1176 106.6510 104.1202 102.8765 102.7517 105.5238 107.0800
112.7500 112.9030 105.7223 114.3222 108.9728 106.1397 105.1395 111.4822 102.7895 107.1838 104.9142 100.8049 100.6852 99.6560 98.6787 96.7942 94.4701 91.8563 88.8321 85.8403 83.7754 83.8271 85.9797 88.9880 92.0511 94.6021 96.6400 98.2308 99.4502 100.7378 99.7809 103.1196 112.9741 113.5622 107.9573 104.8023 103.0225 103.2798 105.1915 106.9700
108.2700 107.9987 107.1885 109.4422 112.6839 103.7201 106.1466 110.8030 107.8793 102.3322 102.8565 99.9894 100.4125 99.2411 97.6198 95.6943 93.1739 89.8248 85.6027 80.8862 76.0637 76.2342 81.0787 85.7546 90.0274 93.3561 95.8459 97.7006 99.1378 100.4117 100.7717 102.1249 110.9028 114.2457 108.9394 105.1515 103.2314 102.9897 104.9274 106.8400
106.5900 107.1570 107.0858 105.6591 108.4864 104.5611 105.5485 100.6443 102.6051 104.3719 104.9805 101.5268 100.6032 99.0283 97.8484 95.9452 92.4295 88.2790 83.1671 75.1369 67.9861 68.1848 75.8386 83.7175 88.5538 92.4691 95.3117 97.3620 98.9177 100.1293 101.0615 101.4157 109.7556 114.4952 109.6162 105.3886 103.3710 102.8738 104.7800 106.7500
108.2600 107.0456 107.8819 105.9285 106.3767 108.4298 104.5016 104.4950 103.6936 102.3632 103.4656 101.0784 100.5285 98.8997 97.7143 95.7350 92.9062 87.7763 82.3753 72.7715 64.5336 64.7054 74.0571 83.1141 88.0562 92.2034 95.1549 97.2641 98.8559 100.0453 101.2129 101.2318 109.4142 114.6044 109.7819 105.4508 103.4103 102.8316 104.7375 106.6900
107.6600 107.2842 107.0831 106.3581 105.9743 105.6925 104.3222 102.8092 104.6933 99.4715 104.9027 101.4215 100.5217 99.3752 97.9678 95.5324 92.8848 88.5442 83.7004 76.7030 70.1160 69.8959 78.9147 84.9360 89.0552 92.6456 95.4137 97.4261 98.9616 100.1618 101.0350 101.5118 109.9126 114.5542 109.5084 105.3491 103.3494 102.8770 104.8082 106.7200
108.0200 107.1638 107.3326 107.1337 106.9643 106.2667 104.6857 104.1670 104.8492 102.9492 103.8809 102.3503 100.7417 99.8409 98.5206 96.1418 93.5673 90.2902 86.4749 83.0620 79.4242 79.8499 85.4093 88.1058 90.5855 93.6508 96.0212 97.8242 99.2183 100.4065 100.8071 102.6164 111.0718 114.3011 108.6424 105.0656 103.1943 103.0451 104.9868 106.7900
110.7600 110.5660 108.6851 106.9248 105.5621 110.3007 105.6334 104.4730 104.0466 103.2089 104.5933 102.3583 100.9126 100.1591 99.1388 97.5531 94.6916 92.4544 89.6257 88.4237 85.7158 85.9008 86.9347 90.2890 92.8367 94.9414 96.8611 98.3820 99.5934 100.6951 100.7573 104.4016 112.3790 113.2170 107.7937 104.8164 103.1361 103.3045 105.2572 106.9000
113.6400 108.8333 109.6667 107.6200 107.0407 106.8018 105.3780 105.5553 104.1506 104.0652 104.7375 103.2618 101.0290 100.2349 99.4146 97.9630 96.5174 94.8370 92.5129 91.4485 89.5807 90.1651 91.4511 93.5918 94.6738 96.3298 97.8565 99.1429 100.1182 100.6177 101.3952 106.9384 114.0284 111.5255 106.9597 104.6665 103.3339 103.9107 105.8143 107.2000
108.4800 112.3312 110.2617 107.5091 106.4265 106.6339 103.7899 104.4536 101.9829 105.7965 99.0688 103.7459 101.3536 101.1123 100.1865 99.0479 98.0311 96.9194 95.5384 95.6591 94.3260 94.1511 94.9331 95.2765 96.6485 97.7095 98.9370 100.0202 100.6777 100.4834 103.2918 110.0215 114.6216 109.5615 106.0411 104.1629 103.4100 104.8490 106.6269 107.5800
113.8300 112.9402 107.7065 106.6209 106.6275 107.6264 107.2865 106.5971 102.9877 101.6541 104.1990 103.6949 102.4840 101.3270 100.5893 99.7586 99.0899 98.6366 98.1981 97.7273 97.4722 97.2310 97.5385 97.7938 97.9193 98.7633 99.7043 100.8765 101.2540 107.6258 102.0055 106.7460 112.3371 107.7548 105.3043 103.6724 103.7387 105.4041 107.2511 107.8100
107.5300 111.1962 108.0060 107.8350 107.9285 106.3342 105.1287 105.8777 102.6429 104.9198 102.9377 105.0601 104.2225 104.0238 102.7041 100.5348 100.3802 97.0927 93.4854 99.3612 98.7346 98.4544 98.8959 99.0426 99.5070 99.9297 100.5275 102.4375 103.3821 104.4822 104.2761 106.7330 109.0034 105.9627 103.2451 102.9130 104.0340 105.1608 107.5752 107.4000
108.2800 112.4092 108.4646 107.9537 105.6946 106.5117 106.2949 103.5905 105.5610 100.0006 103.6836 102.3901 102.5539 103.5778 109.8025 101.8818 100.8046 100.8388 93.9377 100.5738 99.9441 99.9341 99.9569 100.4585 100.8652 100.9437 101.8347 104.2333 102.4025 105.3708 104.3515 105.8006 107.1673 108.8752 109.1288 107.9133 106.9241 105.5865 105.1536 107.8400
112.0700 110.5930 108.0591 108.9787 107.6395 108.3325 105.4392 104.3157 102.5988 105.8635 104.1521 101.4082 103.8913 108.8813 107.4419 97.9044 96.9333 100.1039 95.7156 101.1261 100.9101 100.8506 100.7977 101.1498 101.3728 101.8479 103.5257 102.5679 104.5422 104.7346 106.9222 103.8565 109.5293 114.2345 107.2357 107.4804 109.8617 109.1436 108.2485 109.9400
107.9200 108.7973 108.7789 112.7192 108.6517 109.0892 105.6452 110.2069 106.3685 108.3403 102.1091 104.8248 103.9843 105.8149 103.9767 104.6255 101.4281 95.7499 102.5273 101.9428 102.3979 102.0617 102.4359 107.3995 102.9131 102.8086 104.7208 103.9617 104.8885 103.6700 105.5584 105.1119 111.6041 108.6087 108.8036 104.9442 106.8885 106.7974 112.4835 110.3800
107.9900 112.6489 115.4449 112.9362 107.3174 107.4109 109.7602 108.2187 106.3231 107.7475 105.4183 105.5303 106.9875 105.0304 105.6278 104.5343 103.9454 98.6901 100.7775 103.2017 104.4420 102.6613 102.3193 102.9928 104.7925 103.1890 104.1657 104.5065 105.6158 105.5103 106.0110 105.4743 109.2192 107.9702 113.5715 108.4080 107.4755 105.6237 107.6001 110.3800
109.5600 110.5158 108.8475 109.7286 107.6908 109.2896 111.4139 107.4895 106.2212 106.0530 106.7468 105.8692 105.6744 104.2748 105.8561 105.1465 105.2603 100.9416 101.5159 103.9372 102.9936 107.0172 103.0435 101.6183 105.4688 105.2566 104.7307 105.6578 106.0820 104.4635 104.2985 106.0374 104.7299 109.5121 108.6098 106.8213 108.7136 105.9628 107.4816 108.6800
105.7600 109.5578 107.4409 108.9289 108.6763 109.9226 107.6884 105.2899 107.3440 108.5200 106.3602 106.7966 109.5015 106.9861 104.3357 105.3715 105.2581 105.4468 105.3014 104.0594 104.2208 111.9559 103.7820 104.6226 105.3656 105.3950 102.1651 108.4561 104.1533 107.0748 104.5451 106.4902 105.7310 107.1360 111.5620 106.0028 108.1896 105.9977 108.2406 109.9700
108.3600 108.8451 103.8938 108.4721 108.7177 106.1686 110.3359 113.1784 105.8372 105.1142 105.4118 111.7819 103.0657 106.4398 103.3984 103.2321 106.9649 105.1911 105.2098 106.1784 104.7935 104.8746 107.7693 104.9791 106.7507 108.5554 103.1140 104.6701 111.3322 113.3666 106.6830 108.5193 107.5258 107.1354 108.3104 107.6274 108.5506 107.9978 106.5412 107.0200
104.3100 108.3901 107.9627 108.2831 107.8925 113.5069 111.5259 105.2275 107.4150 109.3234 106.3615 106.9411 106.9272 107.4899 104.6963 105.1732 106.1409 103.1484 106.3130 104.8100 106.0877 105.5704 109.6702 103.9729 104.9110 107.8764 105.1211 107.9682 113.4627 110.1820 107.1011 106.9334 111.1214 109.4781 107.8125 108.7170 109.0450 106.3051 104.5188 106.9800
110.5900 109.6717 107.6121 108.1359 110.3227 112.7553 114.8951 113.1294 110.4737 107.5048 108.3359 107.2904 107.5708 107.6519 105.9503 107.6089 107.1233 105.7630 106.6685 105.0874 106.8944 104.3066 107.2423 108.0517 103.2073 104.5653 104.4243 111.1893 110.5155 110.4516 108.9513 105.3703 110.2832 110.6022 108.5664 108.5095 108.8561 108.8954 109.6153 108.5200
109.4700 104.2841 105.4793 105.8279 110.5621 114.6099 112.9934 112.6000 109.7604 110.8676 109.6602 107.3437 107.7577 107.7752 106.5822 106.9680 105.6441 106.1027 106.2010 107.4838 106.1570 107.8110 104.9703 109.9307 105.6521 104.7179 105.2635 111.2643 104.9493 106.0803 109.5523 110.4077 107.3538 108.1268 107.4932 108.4804 106.1709 102.6661 108.3952 109.4400
105.9800 107.3931 108.8629 108.1411 109.9003 110.2969 103.9272 115.5612 116.1230 111.4717 106.9965 108.5741 108.1830 108.1565 107.5414 106.8359 105.4102 105.6812 105.2887 107.7098 105.6834 104.4073 115.9781 108.1655 108.8144 113.6007 109.3688 112.2756 107.3682 109.9141 108.2326 108.7587 110.5406 111.1530 111.6678 104.5822 108.2646 105.6225 109.9856 113.9800
106.9000 107.9708 112.1298 110.4165 117.7182 108.5910 110.5383 115.7765 116.2927 114.1425 109.8510 109.9810 108.0540 108.5812 108.3870 107.7317 107.9652 107.1155 105.7856 108.3901 105.7656 112.5393 114.4487 107.9520 109.6916 113.8644 112.2073 108.6301 110.9609 114.2056 112.7476 110.6438 112.0415 104.8099 117.4038 111.5891 113.9672 105.8381 113.9193 113.9800
109.2500 108.3667 108.9010 111.1793 106.3615 111.1241 113.1005 110.2879 112.8126 108.5469 109.2632 107.3199 109.6022 108.0229 108.5415 108.3803 107.7099 107.6460 107.2010 108.3365 106.2021 114.0242 110.1773 108.5289 110.8422 111.5067 114.9116 112.1290 109.3841 111.5716 112.3631 115.7745 105.9130 104.9055 112.9392 114.1820 110.1357 106.6765 110.2034 107.2400
108.8700 110.2124 106.9071 112.5100 104.6159 113.8567 115.1506 111.5890 108.8092 109.3493 110.6868 102.9602 105.9855 108.8717 109.3946 113.8387 109.3327 108.7127 108.4491 108.6972 106.4521 115.3853 110.7219 113.7112 112.6259 115.1021 115.7278 112.2239 112.1607 112.3698 106.1801 113.9265 106.5046 107.4548 108.1793 113.4055 111.9143 108.1044 108.3708 115.1000
109.3000 110.8172 109.6197 108.3159 107.3036 115.9095 113.2047 108.2683 108.6607 108.9542 104.8694 104.0672 103.3164 104.6128 103.9393 109.0098 109.6702 109.8730 109.9412 114.4126 106.9653 112.7541 115.2157 115.9395 112.0833 114.4151 110.4518 113.5173 104.6667 110.4649 108.9078 106.2109 108.5885 109.2455 111.9251 114.3033 115.9899 115.1286 110.7790 113.4400
111.7700 115.1850 112.9412 107.3115 108.0368 109.2955 111.0532 108.9445 107.7832 110.2684 107.1113 105.0556 104.8158 104.6277 107.0980 109.6458 106.6519 108.5872 105.2554 110.3038 108.3874 112.8345 110.8598 112.0061 112.6793 111.6818 110.4197 115.4888 110.7653 105.8886 109.8096 104.4850 107.2532 109.1780 111.5926 112.7367 113.9992 114.3443 109.3542 114.8000
111.3500 113.3992 116.0141 115.0137 114.5465 109.1391 108.7205 108.5199 107.5450 106.8006 105.5887 105.7396 105.6635 105.0341 109.4243 108.6354 109.1097 105.2271 105.7520 107.5960 109.7486 113.3474 108.8719 110.1049 106.4417 112.8790 108.1671 112.2703 110.5088 106.2091 106.6307 107.8557 107.2659 114.6301 111.5313 114.8814 110.8086 115.3647 114.8177 110.4900
111.7500 113.4514 115.2100 116.2728 114.3265 108.9973 108.2724 109.5525 110.3148 110.8664 106.9799 106.3572 107.7269 105.9076 110.0042 108.4621 108.1990 106.8928 111.6430 108.7663 111.8454 112.9843 109.5731 110.8254 105.8840 110.5635 116.5613 114.3707 111.3113 113.9801 109.7574 108.8573 107.4464 110.3167 116.4441 115.1346 113.2732 115.1413 114.1398 114.1800
112.4200 114.0459 113.3456 111.8712 112.9019 109.5070 108.2999 113.3388 108.2384 112.7657 105.6894 109.6198 108.7353 111.3806 109.2203 105.2508 112.3972 110.3575 111.5947 112.8574 112.6772 113.3596 111.4920 106.6218 109.1562 106.5579 108.5848 113.6996 107.4431 114.2052 111.1374 111.4924 112.8024 111.6193 116.6613 109.0456 109.4525 112.5778 110.1818 108.4300
112.6200 116.7412 114.6579 110.5715 112.1641 110.8356 112.5124 115.9770 113.9992 110.7715 106.7361 107.9856 110.2438 112.0794 108.4304 105.8947 110.3198 107.7110 111.9567 113.6595 113.7479 110.7293 105.2120 104.7597 107.4052 105.7841 106.6169 107.6940 107.7043 107.3894 108.9868 111.8674 111.9207 110.9867 109.6394 110.6517 110.7615 113.5214 111.3122 109.3500
114.5600 115.6388 112.0744 111.6900 113.0860 111.0615 111.7779 112.2860 113.0172 108.7418 108.7005 112.0261 109.9646 109.5585 109.7651 106.9487 110.5059 112.1146 114.0105 115.0594 114.3020 112.8985 110.2223 107.4451 108.9765 106.6951 107.0869 107.5648 109.5837 106.9635 107.0984 108.3196 110.0725 109.8287 109.0654 109.9837 109.2464 112.4194 110.2189 109.2400
115.7700 113.8658 114.5554 113.7134 113.6941 112.6712 114.0413 111.3656 111.5798 110.9256 108.5726 108.0782 107.1796 109.3494 111.4254 108.0901 111.9891 113.8747 111.8664 113.9483 113.8065 115.5510 106.4817 108.3906 108.5109 107.0364 107.3037 107.3137 107.5165 108.5029 107.5418 111.0245 111.5410 109.4070 112.3388 110.4019 110.4888 110.8305 110.6377 112.8700
116.8700 115.7716 114.9743 113.9541 113.6747 116.3265 117.7927 112.5767 113.1169 111.5359 109.2228 108.8663 108.1436 109.2336 109.0148 106.9581 111.0495 111.6032 113.5813 114.9457 114.9749 114.1079 109.0512 109.0280 109.2271 108.9842 110.0979 107.8726 107.7372 110.3250 108.2469 110.7227 108.8681 109.6819 110.0768 111.4719 110.8348 111.2844 111.4073 115.8300
117.6500 116.2645 116.7507 114.1640 119.0954 118.0990 116.9486 115.3878 115.6463 113.7297 109.0687 108.6944 108.5468 108.9825 112.6382 108.5775 110.2176 109.6147 115.2493 114.7776 116.9881 113.7742 113.1217 111.0060 110.9925 110.8638 111.1997 109.0129 108.1820 110.5440 109.3934 111.4815 110.3927 113.9656 110.2013 112.0352 110.1107 112.5585 110.2344 114.6300
117.6500 117.8167 119.3137 112.7114 114.5002 114.5018 115.7810 116.1716 116.1747 113.7163 110.7156 110.0218 109.8703 109.5111 109.9990 110.2375 109.2553 109.5272 111.3434 113.9255 118.2580 115.6221 115.6147 112.4420 111.5475 112.1968 111.6052 111.9450 110.0009 111.7801 110.6686 112.1395 112.2389 110.8342 111.9096 113.0050 111.9906 109.5168 113.6597 115.0300
120.1400 116.1800 116.1800 113.9000 113.1600 118.1200 114.4100 117.3900 117.3900 112.7100 112.3300 110.8800 110.7900 110.1400 111.6900 111.3600 114.9600 109.5800 112.3200 112.2800 118.4400 115.7500 115.5000 113.1800 110.1600 110.1600 111.8200 112.5100 113.4100 112.6500 112.7500 116.4100 115.8500 112.9600 112.9600 111.4700 111.9000 111.9300 111.9300 115.0300
