109.7000 109.6600 109.4500 109.5800 109.3300 111.4200 111.4200 109.3400 110.2600 109.1600 111.0700 110.4300 111.7200 113.6400 108.4600 114.0800 112.1900 111.8200 110.5400 114.1500 109.4400 108.8800 109.0100 109.1000 109.3400 113.3300 118.3600 116.5300 115.9700 113.7400 111.6200 115.3600 109.2600 115.1900 115.1900 112.8500 114.5800 114.3100 114.3500 114.4600
109.7000 110.2538 109.8196 109.5180 110.8688 110.6394 111.3311 114.6006 111.2125 109.3469 109.4768 111.1095 118.5431 113.9354 108.2751 111.1055 112.5505 112.1366 111.2636 112.9501 108.7606 109.0428 111.8452 108.9116 109.2373 114.8317 117.9347 116.8323 114.3481 113.0926 109.4664 111.1931 111.3498 111.8506 111.5445 112.7332 114.1678 116.4800 114.3971 114.4600
108.9700 109.5902 110.4064 109.3080 111.4011 110.9577 109.7477 115.6738 111.1039 109.4726 108.7021 110.6893 118.7433 113.5019 109.2795 109.5639 113.3242 109.9667 113.4967 111.8792 108.6210 109.1105 112.8038 108.8225 108.6443 112.9123 113.8055 114.4482 114.4271 112.8549 110.8364 110.3674 112.0222 113.2180 114.7735 113.7902 115.7764 117.1923 114.9213 114.8300
111.0600 109.8524 110.7187 108.9891 108.5019 112.4968 114.2298 109.7630 111.1490 111.6130 111.3451 115.8396 116.8872 111.4729 110.5059 109.5138 110.5682 109.5516 113.9139 108.3029 109.4546 109.7647 109.9427 110.6623 108.5547 113.1106 110.0884 113.0410 113.2336 111.7137 116.4351 114.6345 112.5764 111.9226 113.2943 115.2077 115.1503 115.9166 115.2661 115.4100
115.6000 113.0766 110.6289 110.2969 109.1093 108.7039 115.0167 113.5972 113.9268 110.2613 110.5963 111.8272 115.1690 114.7853 108.8651 109.2218 112.1007 108.5921 111.7844 110.4205 110.1374 109.2716 109.9119 109.8115 108.6674 108.9956 109.0118 111.4421 110.0905 112.9582 115.4837 117.5256 113.8003 110.9869 111.9459 115.2940 116.4448 116.4441 115.8670 115.5200
115.6000 111.1840 110.9337 110.8327 109.8152 107.8139 112.6114 118.0209 114.0776 115.8971 112.6575 114.0638 115.1521 115.8861 110.9587 110.3380 109.5450 109.3806 110.0454 109.8961 111.3394 108.1737 111.2688 107.2854 109.8355 109.3133 107.9425 108.4781 109.9540 111.3236 115.9534 114.7260 111.1531 112.6874 112.2220 112.0830 114.2443 116.6012 116.6651 116.8200
109.1500 108.4063 109.3441 112.4440 111.4831 108.8782 109.5092 113.9073 114.5154 112.9417 116.1069 117.3383 114.7298 113.0157 110.6897 108.9724 111.6247 108.8413 110.6148 113.8548 111.7885 116.3834 110.1429 107.2936 110.8001 109.1704 110.4372 108.1114 108.9195 111.1222 116.4120 116.7934 108.6540 108.6353 109.1987 113.5551 118.0480 117.4723 116.9256 116.8200
109.8700 112.7746 110.3917 110.5726 109.2865 108.8926 113.3490 113.9741 115.9690 114.7667 115.6610 114.1935 114.8662 114.6585 115.6031 112.4555 107.4514 110.0959 108.8987 110.6160 111.9089 117.9138 108.0867 108.2820 109.5937 108.1147 110.6419 107.6725 107.8173 107.8559 111.9843 111.6440 108.9902 108.6377 108.0943 113.5078 114.5080 118.3097 116.1978 116.5200
111.0600 113.1126 108.8737 111.9970 113.8533 107.7814 113.0218 111.1476 114.2652 114.1092 115.6649 111.9001 113.2191 110.5684 112.3285 113.8832 108.9102 107.9207 109.6523 108.0594 115.0268 119.3653 108.9041 107.3252 110.1438 109.9680 107.9766 108.9419 110.8414 109.0421 110.7151 111.4838 109.6349 113.5849 110.8151 110.9714 111.7789 117.2125 114.4487 114.9900
116.3100 115.6425 108.7011 111.5393 111.7956 109.5071 116.7890 114.7890 113.7083 111.6839 108.2953 111.3366 113.4358 110.8579 112.5824 109.3111 112.6116 107.9988 109.9092 108.3143 112.0049 111.9308 106.9759 108.8104 108.3437 108.7645 109.7929 108.3694 108.0409 108.7285 112.6787 109.8552 111.4178 111.7480 112.3395 110.3625 112.4034 115.7660 115.0253 114.8100
116.2700 116.8343 110.9779 113.6540 113.4392 111.9051 116.4584 113.2913 110.7364 111.0337 110.3691 115.6265 114.4226 109.4323 109.2164 113.0620 110.8214 110.3667 113.3000 108.9720 112.5338 115.5839 115.9830 109.0368 109.5015 109.8470 111.2878 108.6162 107.7974 110.8778 110.5546 109.1024 109.8275 108.7818 110.1264 110.7532 114.0653 115.8466 116.3181 109.0000
116.0400 112.6448 113.4287 114.7957 115.3721 112.3014 113.5964 112.1386 114.4060 109.5725 110.9990 111.0861 113.1382 108.7522 108.1857 113.4961 108.4123 114.1807 114.4290 111.2836 114.6257 115.8762 114.3907 112.8557 108.1531 109.4327 114.4298 109.1046 112.5154 108.3726 107.5359 109.1551 111.3722 107.3446 111.1680 108.5982 112.1679 113.9818 112.3900 110.1600
115.4000 115.1484 116.5984 113.1051 113.7465 115.0408 112.5162 114.6104 115.8415 108.7770 109.1706 110.0910 113.1784 108.4971 108.8875 112.8283 114.5294 112.8923 107.5930 108.4794 111.1322 117.4776 110.2440 113.1906 113.1207 111.0533 113.4507 113.7970 116.1350 108.2774 108.2694 110.0368 118.8150 108.8910 113.9856 114.2778 116.4365 111.4052 110.5436 112.3100
117.1700 116.4089 113.7763 111.4012 110.7691 111.2448 113.9776 112.7264 113.0617 107.4965 108.4755 110.0454 111.8663 108.0412 108.9888 111.3634 110.5845 116.2956 108.3355 109.9183 112.3851 115.3718 117.5998 115.2807 114.2029 109.2827 111.5993 113.8561 110.4029 109.0028 112.0936 112.4643 115.7173 111.4236 113.6743 113.8220 113.0208 110.7014 111.7136 109.6200
115.1200 116.5080 110.7633 108.8496 111.2964 109.9758 113.7742 108.6397 113.6780 114.1134 109.1577 111.6123 111.8595 111.8535 108.0775 109.2560 110.4480 115.3405 108.6272 110.9438 114.2594 113.9229 116.8220 115.1401 107.9326 116.3022 114.3722 109.4998 107.0737 110.9424 112.2277 109.9045 110.4678 112.2758 112.1658 110.6351 107.1675 109.4776 110.2750 109.6200
115.1200 115.5354 107.5888 111.2638 109.0621 113.9310 111.0199 109.1239 110.9917 109.8978 109.5501 113.6837 110.9588 111.4923 105.7105 107.9022 108.1886 114.6601 108.2545 107.9330 112.4842 113.2518 111.9841 115.1330 112.0515 113.0662 113.1317 113.6928 111.8791 116.7660 114.3463 109.5891 109.0925 107.5963 107.9553 107.2307 108.4575 109.4358 109.4856 109.2700
114.7400 116.6561 108.1590 111.5165 111.5004 111.1509 110.9885 109.2433 108.5050 110.5419 113.3746 114.3181 112.4959 111.5004 112.7772 109.3260 108.7735 113.6290 108.2134 108.1222 111.1671 111.5644 109.4156 108.9783 110.9763 111.2860 110.4851 115.3338 112.1131 114.3300 114.7749 108.6807 107.7711 109.1249 107.9666 106.8655 111.8820 107.1545 108.4123 108.4800
113.9400 112.2452 107.7911 108.9182 111.1115 108.4199 108.5461 110.3868 108.6071 107.1942 110.3786 112.9504 113.1280 108.6278 110.9623 108.3515 107.7977 112.2463 107.2855 108.2259 109.7724 115.9792 108.1080 107.4262 112.6075 109.9008 111.4459 110.8642 111.7968 114.5232 109.4602 108.3149 107.8022 108.4269 110.3579 111.3785 109.4743 114.6410 108.8171 107.9300
109.7800 111.8171 112.3002 111.1997 111.1637 107.6360 107.8552 108.7826 108.9022 108.1294 106.8787 108.2252 111.6793 108.9128 110.6717 108.9227 107.6145 112.2994 106.9214 108.5485 107.0457 114.7374 107.0624 108.4491 109.3076 110.2245 114.4202 107.0041 112.8022 112.1030 109.7876 109.2520 108.2075 110.1297 113.1641 114.4512 112.8677 111.0769 111.4532 111.6000
108.5100 109.9249 109.3820 112.1951 111.2945 113.2923 112.4696 108.3652 108.6282 107.9860 106.9548 107.6161 107.2103 108.5509 111.4357 111.8454 108.5442 107.9104 107.2418 107.3777 113.6411 110.5881 105.8296 107.2418 110.4283 112.8928 110.2400 107.8890 113.0083 108.2290 112.3449 108.4656 112.1128 113.0374 110.3820 108.7944 109.7224 108.1616 115.1552 108.7500
108.9300 108.8847 107.9150 113.9338 114.4451 112.5000 112.3358 107.5776 108.0805 107.6527 107.4375 106.0532 106.6035 107.6945 113.0026 108.5261 107.6438 106.0940 107.4972 107.3464 108.3638 108.8369 109.1400 107.3090 108.8262 107.2338 105.7969 107.8504 105.8456 109.6485 107.9765 113.3574 110.8415 107.7174 109.0542 112.0860 108.6353 108.2114 111.4258 113.0100
108.6200 108.4206 108.2153 108.0655 109.8808 109.6015 111.2066 109.3936 108.0530 107.7298 107.5769 106.2845 107.7518 108.0488 109.2728 105.7624 105.4096 106.4852 105.6080 106.9337 109.0948 107.5166 107.3719 106.1125 106.3793 106.8521 104.8774 106.7643 106.7985 108.6737 107.9940 107.3006 108.8754 107.5549 108.1367 109.3970 109.1829 109.4813 108.0384 110.2100
108.7700 108.1011 107.9465 107.4811 107.7189 110.2184 112.2232 109.0238 110.0049 107.2556 107.4614 106.4394 106.4865 107.7028 108.1641 106.3814 107.0126 105.6672 106.2391 106.4360 105.1103 106.5532 107.4833 106.1344 105.1644 108.2566 106.3845 106.1625 110.7065 109.8501 107.0449 106.8873 107.2371 107.9484 108.8485 107.8355 109.1470 108.6608 108.4420 107.5900
108.5600 108.6685 108.1683 108.1656 106.9012 107.8954 111.5041 108.1972 108.8545 107.6350 106.8915 107.2443 106.8224 105.5904 108.5962 106.2187 105.9260 105.5504 104.9203 106.2480 105.2826 105.4416 106.1786 108.9412 105.6563 106.1332 106.5880 105.7206 108.8148 106.8318 106.5966 107.9332 106.7349 107.2043 108.0743 108.1261 108.7086 111.0551 108.9595 107.5900
108.5600 108.0132 107.9488 107.8316 107.5551 106.6164 108.2821 107.2899 111.2059 105.3279 106.9103 105.5804 105.2961 105.2278 104.9899 106.2228 105.7371 104.5696 105.2243 104.5631 106.1577 107.8243 103.7068 106.7434 104.8945 106.5889 104.9412 104.3534 106.9087 109.0612 107.1507 107.3425 106.4913 107.5134 108.2854 107.1496 107.9433 111.0847 108.7822 109.2300
107.4000 107.7066 106.6944 107.5936 107.8615 107.7271 106.2593 105.8756 109.8949 106.3052 105.1493 106.1649 105.9764 105.1897 104.3887 104.2042 103.5469 103.4008 103.3545 103.1620 102.7580 109.5698 103.8963 104.8206 107.2017 103.9697 106.2578 105.4623 110.2358 109.1830 106.6898 105.9144 107.0178 106.7404 106.9153 106.6172 108.1806 107.9470 108.7110 109.2300
107.4000 108.3029 107.9882 107.4371 106.8959 107.6976 106.1564 105.7626 106.3057 105.3869 105.2396 105.7247 106.1804 104.6889 103.0420 103.1975 103.0400 102.7670 102.7489 102.8722 102.6292 102.5915 103.1213 103.4362 105.3564 103.8225 106.0883 104.2246 106.6838 106.8656 106.7011 105.7667 106.7490 105.8800 107.8141 107.0747 108.6380 108.0505 109.1143 109.6700
108.6400 108.2179 106.8606 106.1535 106.1161 106.1281 106.2692 105.6809 105.9991 105.9482 105.0085 103.8867 103.2841 102.8126 102.7507 102.4469 101.9519 102.0130 102.0553 102.1255 102.0396 102.1088 102.3029 102.7269 102.3779 103.0954 104.1429 104.7684 105.0312 106.0091 106.2906 105.9568 106.4395 107.1995 107.6802 107.3037 108.3515 107.2013 108.9669 107.9600
108.6300 106.8164 107.6165 106.1143 107.0852 106.2190 106.0769 104.4239 105.6924 105.1071 103.5064 103.1718 102.5713 102.4673 102.3815 101.9085 101.6114 101.3482 101.3666 101.0909 101.1010 101.2282 101.4630 101.7801 102.1252 102.6600 103.0827 103.8019 105.0992 104.3706 106.7011 106.4216 106.7006 106.4513 107.7469 106.8965 107.5934 107.0120 109.7629 112.6500
108.3200 107.0893 107.2989 106.4385 105.9440 105.5010 104.7587 105.7143 104.1607 103.6457 103.1249 102.6562 102.1211 101.7471 101.7320 100.6400 100.4191 100.0595 100.2625 99.8970 100.0852 100.3481 100.8226 101.1089 101.7010 101.9296 102.7877 102.9440 103.5461 104.3518 106.1087 105.6467 105.8664 107.0011 105.9495 106.6020 109.3969 110.8802 112.9014 107.8300
107.7400 106.8111 106.2246 106.5575 107.3970 106.2401 104.7414 104.2160 103.6853 102.8560 102.3317 102.0016 101.2813 100.9426 100.9023 99.6797 99.3850 99.0516 98.5314 98.2147 99.0399 99.5576 99.9369 100.3650 101.0560 101.3914 101.8415 102.4659 103.1188 103.5560 105.2166 105.8842 106.2361 105.6300 105.9914 107.1023 109.2566 106.9137 110.5281 113.4300
107.8300 107.5658 105.9798 106.6998 105.8053 105.0371 105.0522 104.0117 103.6287 102.6786 102.1644 101.2322 100.5730 100.4972 99.6856 98.4981 97.8660 97.9242 97.2433 97.2098 97.7060 98.1717 98.8009 99.2431 99.8768 100.5372 101.2061 101.9631 102.4169 103.2135 104.2319 106.1148 104.8878 106.7052 106.0520 112.3988 107.7254 112.3059 108.2600 111.0700
107.3800 107.2859 105.7203 106.3396 105.5293 105.5490 104.0737 103.7062 103.0489 102.4200 101.5527 100.9858 100.2034 99.3163 98.4251 97.1564 96.1591 96.0321 95.6294 95.1795 95.7979 96.3312 97.3927 98.3383 98.9754 99.9864 100.7223 101.4287 102.0537 102.5895 104.4645 104.9436 106.6720 103.9341 108.2163 110.2248 108.3051 105.9594 109.0440 108.0700
107.8900 107.8271 106.2286 106.8116 107.0135 104.5658 104.0318 103.5189 102.7420 102.0332 100.9325 100.7003 99.2299 98.3495 97.7137 95.8634 95.2093 93.4438 92.3553 93.1847 93.2497 94.4006 95.6069 96.8586 98.2551 99.2274 99.9421 101.0566 101.7772 102.5991 103.2200 104.4762 106.4090 105.0651 108.6120 110.1969 108.1261 106.8402 114.2584 109.5300
106.3500 107.4196 107.6142 106.2877 105.5857 104.4199 103.7979 103.2476 102.4354 101.6894 100.3458 99.1488 98.2220 96.9746 96.1553 93.5231 91.8890 90.6226 88.5081 88.4632 90.4458 92.3500 93.6720 94.9371 96.5941 98.0367 99.4193 100.5222 101.3665 102.3655 102.9623 104.0632 104.6736 105.4306 107.0836 109.6095 107.3042 111.4511 113.6681 113.5900
106.9800 107.8423 106.5317 106.5320 105.4760 104.1978 103.6438 102.9017 102.1062 101.2789 100.0153 98.8887 97.8871 96.0395 94.2198 90.8765 88.5631 85.7762 84.5624 84.9691 85.8954 88.4707 91.2080 92.8113 95.8848 97.7507 99.0476 100.3655 101.0968 102.1385 102.9145 102.9085 107.6114 104.6975 109.0070 104.6757 107.6841 111.9347 110.0321 110.9900
106.4800 106.5776 106.5894 107.1133 105.4147 104.1335 103.4764 102.8853 102.0323 101.0550 100.0708 98.2902 97.8535 96.1724 93.1564 89.6954 85.5358 81.0287 76.8479 78.2449 82.9106 85.5310 90.0235 92.9732 95.7074 97.5549 99.0638 100.1052 101.0025 101.7289 102.8143 103.2819 107.0685 106.3832 107.4648 106.2360 107.3250 112.0892 108.6767 110.9900
107.4800 106.7160 105.8719 106.9928 104.4432 104.0223 103.5103 102.8112 102.0813 101.0133 99.8461 98.2876 96.9153 95.3314 92.9568 90.8259 83.4052 76.0089 68.9492 68.4621 76.1376 84.4719 88.8841 92.5885 94.8629 96.9044 98.7228 99.6918 100.9983 101.9463 102.5977 103.0876 103.9810 106.4666 109.4721 105.7474 106.6738 109.0989 107.0624 106.3700
106.4800 106.3865 105.3820 106.9483 104.7825 104.0142 103.4747 102.7181 101.9558 101.1112 99.9369 98.4398 96.5940 95.0591 92.0127 90.3774 82.3898 73.4141 65.3214 64.8197 73.5873 83.9265 88.3165 92.2400 94.6556 96.7307 98.5890 99.6501 100.9599 101.9339 102.5664 103.2101 103.7096 106.6578 110.4667 105.5713 106.5414 108.6114 107.2434 106.3700
107.7200 107.1200 106.8700 105.8400 106.4400 103.7600 103.3600 102.2400 101.7800 101.1800 100.3800 98.4800 97.6100 94.7500 93.1900 87.7800 83.6500 78.9300 71.6000 69.1600 69.1600 83.6200 86.9000 92.4100 95.4300 97.3600 98.8700 99.4200 101.0700 101.7800 102.6700 103.1300 104.0600 104.5300 109.8700 106.7300 107.2200 107.3000 107.7100 110.5200
