107.2000 108.8300 112.8300 111.0400 106.6000 107.2500 107.0700 107.4400 104.3500 110.2000 107.0600 106.6400 106.4800 105.8300 105.8300 106.0300 106.0000 107.0400 106.8400 105.5900 105.9200 105.1800 104.6900 105.6700 106.4100 106.1500 108.2000 109.0600 109.9200 110.8800 111.4800 113.5500 113.5500 115.3900 115.7600 116.2900 116.4100 115.6400 115.6200 115.6400
107.0900 107.4834 111.6500 113.4748 110.1901 106.4347 106.4786 108.5185 109.5639 111.1243 105.7980 106.2829 106.3825 106.1432 106.1086 105.6592 104.9106 106.8263 104.9800 106.0740 106.0530 105.8256 105.2434 105.0652 106.1359 106.8312 107.9655 107.7392 108.6792 109.6863 110.9166 111.9451 113.0971 114.1611 115.2221 115.6275 115.5873 116.0412 116.2122 116.3100
107.3300 107.6417 107.2394 106.8883 110.2734 107.9453 105.0103 105.4560 107.8238 110.2325 107.6850 105.3781 105.4160 105.9907 105.7588 104.3941 104.3400 108.9209 106.2441 106.0639 105.8558 107.1087 105.9197 105.7128 108.4518 108.7295 110.4902 107.1112 108.2464 108.4844 109.8191 110.9884 112.1469 113.3980 114.3848 114.7583 116.1903 115.8920 116.2836 116.3300
106.6700 107.3754 105.7654 106.4866 110.7225 106.8068 107.1442 104.8934 105.0891 105.1412 104.5756 106.0025 105.0948 105.5757 105.0520 105.0412 104.4701 105.3075 105.5240 106.0375 107.6671 108.3728 105.9057 104.9909 105.6799 105.4984 108.4806 107.5313 108.2925 107.7173 108.8638 110.0355 111.4375 112.2751 113.6261 114.6847 115.7501 116.6216 117.2742 117.1700
106.5700 106.4236 106.2621 106.0913 105.5283 109.5229 108.9463 105.6992 105.8525 104.6369 106.0317 105.1342 104.7528 103.3835 103.2724 103.4031 103.8449 104.8984 105.1137 105.5795 105.6184 105.8656 106.1043 104.6085 105.4164 105.6516 105.5037 111.8463 105.1687 107.6409 107.8105 109.1348 110.2725 111.7014 113.0392 114.1435 115.6480 116.2724 117.3597 116.9700
106.8500 105.9310 107.2090 106.5123 106.0005 105.5800 104.6380 105.5309 105.5653 104.2844 106.8271 104.3032 104.3841 102.9033 103.2537 103.7050 102.6278 103.3685 104.7018 104.3925 105.3615 105.5592 105.6327 104.7691 106.0812 105.0322 104.4690 105.4727 107.9140 107.9104 107.0409 108.1890 110.5774 110.8795 112.2400 113.7844 114.7549 115.6947 116.8864 117.4300
106.8500 105.7960 106.2043 106.1908 106.0582 105.9877 104.0677 104.4669 104.4056 102.9843 104.4269 102.7011 102.0007 101.9199 101.8467 101.8108 102.5962 102.3468 104.4110 104.0426 104.6186 104.5983 105.3835 105.5624 105.9484 105.2888 105.0277 106.2784 108.3401 105.1791 106.2107 108.3972 111.4699 109.7773 111.3852 112.9987 114.1971 116.0240 116.8264 117.2700
105.9600 106.0770 105.7020 105.1871 105.0032 105.1010 104.8737 103.0611 102.2770 102.4464 101.4823 101.2090 100.9398 101.2681 101.1646 101.2441 101.2242 100.8347 102.0711 103.7884 103.6846 103.6698 105.1986 105.6215 103.8604 104.6455 105.1376 105.9546 105.8291 105.2308 105.4999 107.6807 110.4247 112.0982 110.1502 112.5668 113.6555 115.5575 116.3229 116.1800
105.9600 106.3921 105.3088 104.2378 105.9826 103.3025 103.7958 102.1501 101.7962 101.2319 100.8231 100.4222 99.6616 99.6175 99.7137 100.0108 99.9294 100.2066 100.4092 101.3478 102.1665 103.2201 104.5208 104.4548 103.8207 104.9282 105.9195 107.5308 105.9226 105.7032 105.5286 106.0890 110.1600 115.1304 109.9351 111.1993 112.3184 114.1207 115.1279 117.7500
105.6100 105.9892 104.5618 104.6868 104.3799 103.6699 102.3102 101.7495 101.1395 100.5533 99.9170 99.4918 98.5739 98.6751 98.8070 98.4691 98.9275 99.1541 99.7857 100.3597 100.8500 102.1388 102.9725 104.5577 104.7689 104.5014 104.9655 106.1162 105.3544 105.9185 105.8978 106.7374 111.5874 108.2564 111.7563 110.3455 112.9145 114.8389 115.9025 118.2500
105.0300 104.4804 105.1751 103.5737 102.7620 102.3997 101.8102 100.8939 100.5857 99.7816 99.3017 98.1580 97.8314 97.1706 97.2174 96.7636 97.1821 97.8638 98.9790 99.4892 100.4760 101.2710 101.9045 103.9615 103.8745 104.6826 104.8271 105.7972 104.9868 105.8207 105.9628 106.5472 107.8883 108.2599 112.3217 114.0865 115.8312 115.0442 116.4783 118.0600
105.4300 104.8620 103.7972 103.9449 102.7190 101.6536 101.2374 100.4346 99.6924 99.1851 97.4652 95.5928 95.7037 94.7945 94.2982 93.9902 96.3087 96.3364 97.9466 97.9189 100.2382 100.9027 101.5418 102.1657 104.0840 103.8880 104.6225 105.8966 106.6068 107.0056 106.2003 106.8410 112.6625 113.5560 108.6089 113.3937 114.9679 113.0794 116.6035 116.1500
104.4900 104.3903 104.7859 103.2353 102.2236 101.4272 100.5751 99.9377 99.1826 97.2265 104.6203 96.1990 93.1653 92.3190 91.1980 91.8431 94.0024 95.6098 96.4118 93.3400 100.1138 100.1681 100.8227 102.4757 104.2295 103.4187 105.2322 105.4498 105.4488 106.3701 106.7899 106.4315 111.3891 111.5738 108.6880 112.7861 115.4647 115.0407 116.9176 117.0600
104.2800 105.0174 103.5745 102.6859 102.1685 101.0495 100.3031 99.4815 98.1920 97.3593 102.7486 91.6858 90.2073 86.7660 86.5995 87.3017 93.4490 94.3426 96.3982 98.2756 98.5956 99.6357 100.4467 101.6639 102.2961 104.5510 105.0773 104.2694 105.9864 106.5127 106.9156 107.2630 108.8181 109.6995 110.8657 109.3896 113.5202 112.3399 114.0563 116.6600
107.4600 104.2565 103.4307 102.5191 101.8061 100.8607 100.0336 98.9508 96.9983 101.3739 93.0834 91.8975 86.1230 82.2231 81.0552 82.6413 91.8394 93.4036 95.1780 96.5395 97.2945 99.3172 100.2977 101.3453 101.9689 104.4148 104.9334 104.4574 105.0095 106.0800 106.6670 109.1836 110.1997 111.4816 110.5635 113.0541 109.3768 106.2990 110.5812 112.9200
105.6100 104.8348 103.3878 102.3658 101.6711 100.7644 99.6770 98.3880 96.8937 100.7139 91.2985 87.1345 80.9453 74.1096 70.9000 75.8965 87.0202 90.1545 94.9260 96.1570 97.3534 99.0555 100.2032 101.1315 101.9344 103.5220 105.5763 104.2577 104.6134 105.7309 106.3327 105.7913 109.9368 110.9936 111.1145 114.0047 111.9952 108.2449 109.8703 109.3500
103.6300 104.9507 103.1357 102.2946 101.5840 100.6839 99.1326 98.0203 96.5111 93.5133 89.2647 83.7618 74.9430 67.6247 65.5283 71.4549 84.3607 89.2543 93.4774 96.4152 97.3782 98.3627 100.2096 101.2341 101.9275 102.9652 104.3066 104.4346 105.1729 105.2848 105.4530 110.1242 111.4974 111.8903 114.0392 112.2588 113.6795 114.1778 112.3732 113.2900
103.6400 104.2459 103.0336 102.3136 101.5824 100.5907 99.2915 98.0308 95.9880 94.0430 89.5668 81.9539 75.3037 65.9255 62.8231 72.0052 86.0488 90.3521 93.1086 96.4272 97.2720 98.2017 100.2314 101.3382 101.8815 103.7393 103.7871 104.9434 105.3143 105.7428 106.6892 109.4841 110.3311 113.8578 115.1355 112.7071 113.7381 115.3788 115.3721 111.6600
107.6300 104.6024 103.7740 102.3281 101.5688 100.6274 99.4058 98.1747 97.0496 94.8971 90.4326 86.6776 79.0630 69.2878 70.9434 78.5119 83.5726 88.4968 93.5938 95.9890 97.7651 98.3177 100.3591 101.3659 101.9674 102.7772 104.5134 105.0971 106.2765 106.0760 105.6308 106.2660 112.4928 110.6278 113.6128 111.1314 115.2254 112.5117 113.1669 115.5400
105.3000 104.8917 103.7148 102.5293 101.7604 100.8260 99.9950 98.9047 97.3463 95.7645 92.9655 88.4845 83.2778 79.1693 80.5886 85.0694 89.3716 91.0213 94.7481 96.1392 98.2795 99.5230 100.6372 101.4063 101.9493 104.8922 106.4742 107.6108 105.2988 105.0148 105.5232 106.5049 107.7818 107.6139 107.8183 110.7585 112.6902 109.6608 110.7740 113.2900
105.5900 104.7515 103.9944 102.6796 102.0346 100.8174 99.9803 99.2047 97.7921 96.8208 94.5975 91.9943 89.0234 86.7283 86.1424 89.3943 92.5598 94.0150 95.8898 97.1971 98.8717 99.6781 100.8641 101.6626 102.4117 106.2346 103.4403 108.6520 105.0227 112.3306 106.8623 106.9076 107.4371 107.4934 107.6900 108.7649 108.3147 109.1860 109.5044 109.5900
105.2600 105.3036 104.9248 103.2382 102.1218 101.5318 100.4058 99.8325 98.7311 97.6109 96.3885 94.9444 94.2909 90.4406 90.8302 94.5019 93.9841 96.1534 97.7206 98.1953 99.0673 100.3926 101.4164 102.1584 102.5560 105.2172 106.9070 104.0590 106.9026 105.9241 106.1808 113.4207 110.3741 106.6162 108.2059 109.3777 103.7905 110.0624 108.9300 108.2900
105.3800 106.2759 104.8884 104.2877 102.4579 101.9113 101.1390 100.2937 99.7207 98.6992 97.7575 96.8448 96.0648 95.6154 95.3637 96.3152 96.5124 97.2701 98.4015 99.0921 99.9350 100.7901 101.6901 102.4493 103.3366 104.4262 104.6610 104.4879 105.3187 105.1772 104.2919 106.6685 106.3758 107.4171 109.4705 109.0579 109.2038 109.0378 109.0285 109.4800
110.8100 106.0076 105.5675 103.7841 103.0740 102.4095 101.6240 101.0736 100.3609 99.6461 98.5283 98.4991 97.6377 96.9228 96.8228 97.9184 98.5454 99.0078 99.6242 100.2028 100.7848 101.4798 102.1392 102.5507 104.4836 104.0486 105.0253 106.7718 107.2993 106.3705 108.0653 106.8662 107.5186 106.7083 107.2712 112.5170 109.8401 108.4360 109.7827 109.5000
105.9200 102.6812 105.4626 104.6242 103.5657 103.4912 102.1507 101.6231 100.9526 100.1106 99.4463 99.6796 99.2253 98.9142 98.7732 99.1079 99.5737 100.4326 100.5186 101.0896 101.5128 101.9387 102.9962 103.3873 105.5319 108.2873 107.9913 106.5209 106.2777 105.4346 107.3111 107.4603 109.9839 108.3073 111.4971 112.7094 114.8234 111.9125 113.5382 110.4200
106.9500 106.3678 105.2123 104.5032 105.2814 104.0029 103.3219 102.0285 101.5245 100.6988 101.6415 100.0467 100.6057 100.1497 100.1512 100.1677 100.7207 96.9737 101.5190 101.7567 101.9575 103.3057 104.9429 103.9182 104.3331 105.4868 108.1477 106.8156 109.1212 109.2477 107.8567 107.1902 112.6892 110.5325 114.0108 112.0794 113.8422 115.1089 110.3800 108.6500
106.9500 106.5250 104.9584 105.3762 105.6223 104.0902 103.9136 103.2921 102.2171 101.6418 101.4125 95.5509 101.8012 100.9177 101.0799 101.2463 99.1278 97.6354 102.5687 102.3556 102.6575 104.0003 101.1906 105.2648 105.6889 105.7994 104.7922 107.3377 107.4089 105.7169 108.4307 111.5315 107.7361 108.3184 105.4727 112.2629 112.9709 111.5428 114.3296 111.9100
105.8100 106.7177 105.1605 106.3595 105.9561 105.3813 104.8315 103.7999 104.4272 103.2380 102.7003 102.6283 102.0956 101.9318 101.8421 102.0314 102.3797 102.8110 102.5086 102.9238 103.0356 105.0784 103.8930 104.7400 106.1505 105.6357 106.1728 106.6929 106.0716 107.8823 112.1832 113.0117 111.2771 109.8564 107.7987 111.8869 114.3732 109.3150 111.3572 111.4100
106.9900 106.5668 105.4242 105.4465 102.5402 105.8508 104.6689 105.0393 105.4709 105.1729 104.2060 103.0956 102.7799 102.6801 103.1398 102.9130 102.9163 103.2950 104.3121 104.7848 103.7697 105.4095 106.5445 106.1063 108.8734 106.6399 106.3635 107.4056 106.5708 106.2625 111.2459 114.0775 108.9932 108.2367 111.6580 109.3312 109.2042 107.4401 107.5352 111.9400
105.2000 105.8984 106.8702 105.6559 102.6444 106.1105 104.4053 105.3593 105.2341 105.4578 105.4116 104.4035 105.6479 103.7670 101.6610 98.9957 105.2600 105.2036 104.5990 104.2619 105.0616 106.0639 106.8508 105.8889 104.7464 106.9691 105.8687 106.7768 107.8933 106.3206 107.5610 112.3902 115.6983 114.2519 109.7722 110.0676 107.3910 107.8967 108.2118 109.0400
107.6500 106.3041 106.3499 106.9532 106.7711 106.6120 105.3577 105.4291 104.8263 104.3626 105.3510 105.3780 110.3387 104.9975 103.4965 99.8550 105.5452 103.9616 104.5778 105.8418 106.2855 106.5376 107.0104 106.9530 107.7904 110.9926 107.7972 108.2211 108.9568 108.0307 108.4801 108.0050 111.9309 115.8900 112.3934 114.1553 109.4572 108.5230 110.5194 112.0000
107.8600 106.3903 106.2836 104.8503 104.1415 106.5849 105.7393 106.5556 106.4218 105.6314 105.7076 106.6317 106.3965 106.2906 104.8599 102.2461 106.3527 104.9072 106.4985 106.4428 106.4715 107.0988 107.1208 107.5312 106.9247 110.4704 107.5151 106.3272 107.5209 108.4125 109.9462 108.9616 109.2073 110.5819 113.1789 115.0518 106.5381 108.5587 108.6997 108.7000
108.5100 108.4639 106.6382 108.2817 107.7772 107.7815 105.4951 105.4747 104.8177 105.6605 105.9110 106.9749 105.1540 102.9122 103.5745 106.8886 105.7020 104.9376 107.1086 106.9710 107.3575 107.3692 107.4682 107.4457 107.6216 108.6348 111.8241 108.0035 114.0260 111.9853 114.2019 109.2922 109.9765 108.9441 114.4722 111.6689 108.1014 109.5130 108.3652 108.2100
107.5100 108.3134 108.0355 107.2082 106.2732 107.4324 105.2783 105.7723 105.9201 106.4333 106.6973 106.7485 105.8015 105.0794 105.7257 106.5639 107.8696 106.6411 107.6079 107.5647 107.2749 107.7259 107.8560 107.9783 107.4301 109.9490 114.5482 109.1257 113.7067 113.6164 114.0373 111.9957 114.0732 109.9476 110.9582 108.3439 110.0927 109.3644 108.8978 109.9200
109.3000 108.2796 107.4991 107.1230 106.7154 106.4855 105.8701 106.3480 105.5099 106.9564 107.2342 106.0645 107.2076 105.5858 106.2729 105.4032 106.6276 110.2736 107.3814 107.6919 107.1166 108.0704 107.7644 107.7898 110.2272 110.3674 111.9375 109.6118 110.4912 114.9756 114.5824 111.1283 112.7536 109.7139 109.4949 110.8932 109.8149 112.1199 108.0158 108.1000
109.3000 109.1624 109.0074 107.7078 107.0840 106.8656 107.1839 107.1475 106.9833 107.0308 109.3726 110.6936 108.0168 109.0456 111.1385 105.5412 107.1084 107.3235 107.4297 112.1957 108.3534 107.9461 108.0554 108.0214 112.3186 110.6646 114.1539 113.3909 114.7817 116.3838 117.7800 115.7127 112.0202 108.5462 110.1889 110.2140 110.7311 109.2616 109.2010 110.4900
103.9500 104.4709 105.8602 109.1558 108.6623 107.9364 107.4865 107.7242 108.8197 108.4751 108.7987 112.6459 112.8266 110.4978 109.6037 107.7187 109.9973 109.0870 109.8487 108.7076 109.9266 107.7511 108.2412 108.3948 111.8559 114.4728 109.3398 111.9195 116.0185 113.2782 111.0016 115.8789 111.4210 112.9356 110.6216 110.4103 113.4230 111.4606 111.1820 109.1500
104.7500 104.4553 102.7557 105.8943 108.6162 108.7896 108.7881 111.1487 110.2819 113.0043 113.3029 110.5036 112.2597 107.4516 108.0471 108.1494 107.7296 113.2185 105.3585 108.0856 111.0160 110.2158 110.2452 110.0755 113.2738 114.3050 109.1347 113.6785 112.1897 114.2542 114.9961 117.2196 114.4347 112.1028 110.2933 110.3316 111.0879 111.1665 110.1198 110.2300
104.7300 106.8521 106.2081 104.1506 102.7666 104.4021 109.6895 110.5184 109.2488 114.6333 110.0747 112.5154 111.0250 108.8371 108.0237 108.8066 110.3244 114.5123 107.2792 112.2262 111.0865 114.0452 105.2077 109.7077 114.0776 114.1535 114.3897 114.9570 114.6777 115.1035 117.4904 118.0003 112.3574 116.1128 108.6481 109.8202 111.3710 108.9850 109.7823 109.4900
105.9600 105.1100 104.9900 104.7800 104.2200 104.3900 104.1200 108.3500 108.9200 114.0400 108.8900 108.8900 114.4100 108.6000 108.6000 109.1500 116.1600 112.0900 110.2500 111.4700 108.1700 111.1100 113.5300 113.5300 109.5400 114.5800 115.2400 112.5000 116.0200 116.0200 111.0000 109.8900 113.3900 111.5300 109.2100 108.8900 110.9100 108.0500 113.0400 113.0400
