109.5700 109.3200 109.7900 111.4500 108.5700 110.7000 110.7000 112.4100 112.8100 115.8100 116.4900 111.3900 111.3400 117.8000 115.5300 115.5300 115.7700 114.6700 117.6700 116.9500 116.9500 118.8800 120.2800 119.3600 117.5200 117.5200 114.8700 117.5500 117.7900 116.1200 118.8300 118.8800 119.2700 118.0100 118.1300 118.1300 119.6000 117.3400 116.7300 116.6500
109.5700 108.8050 109.7330 109.3029 110.0146 114.2373 107.4868 109.3819 108.5351 113.9879 111.4162 112.1485 112.7384 115.9973 115.4554 116.0613 116.0438 111.6131 117.6264 117.3350 117.3607 118.7302 120.1376 117.7425 117.0480 115.6861 115.2448 116.8722 117.5041 116.9397 119.4258 119.5889 118.7323 118.3275 119.0252 118.2995 119.1531 119.2122 116.9668 118.8700
109.8900 109.7664 110.9004 108.4420 108.3873 110.5177 115.1989 109.8109 113.4499 111.6429 109.4989 113.7266 113.9436 110.6842 112.1190 115.2337 114.0003 109.9863 116.3847 112.7610 112.1839 117.6089 119.4073 116.7906 116.1591 116.5839 115.0074 116.0295 116.6881 116.1578 117.2116 118.2443 118.8082 118.0396 118.2721 119.7573 118.7591 118.4101 117.4910 117.1900
109.1500 109.7391 110.0885 109.3605 109.2783 108.5741 109.3443 111.3339 110.9106 110.0372 113.9016 107.9635 114.4149 111.4274 112.9704 113.7561 114.8890 109.1017 113.9644 109.8970 108.1472 110.6945 112.2331 112.5142 113.6708 113.7207 113.1597 114.2693 115.6845 116.6103 116.9341 116.3493 113.0400 110.1451 115.6276 119.1331 118.9696 118.5779 117.7733 117.6600
112.6000 110.1461 110.0988 108.7531 108.6683 109.9371 108.6659 115.1976 113.6371 115.3011 110.3657 112.3396 113.6218 114.4835 114.3822 108.4990 112.3987 109.1160 108.7469 107.2421 107.7690 116.3118 116.6562 110.9095 111.0294 115.7330 113.0758 112.8092 115.1228 116.4284 116.4883 113.9697 113.8177 115.5850 117.4267 118.6347 118.3731 118.1746 118.6404 118.1600
112.7300 110.8819 108.8832 109.7059 108.8259 109.1887 109.1614 110.6351 112.6554 114.4257 109.9069 110.5450 110.3468 113.2591 114.7856 109.0210 109.9917 108.4838 108.4107 107.2817 107.6218 115.7569 115.3762 110.8690 110.9970 111.8832 108.0305 112.6592 114.0737 114.9494 116.3429 111.7606 115.4558 116.2064 116.5319 117.8175 117.3091 117.2688 118.4274 118.1600
110.7000 108.0376 108.6605 110.9692 108.6089 108.7982 109.0972 108.8779 108.0475 109.2513 109.5256 110.0715 106.6896 111.9636 115.0481 108.2222 108.0731 107.9744 108.3457 108.3560 110.1169 116.7957 115.8934 110.9177 109.5860 109.1839 111.4711 116.0359 110.7899 113.1533 112.5420 112.9496 115.6335 117.6049 116.6236 115.1291 115.9195 116.9674 117.6597 118.2100
109.0700 108.0080 108.9163 112.2341 108.6565 109.1695 108.7318 109.6545 108.8951 112.9966 109.9321 108.5376 109.8149 109.8041 111.4453 108.0076 107.2945 107.4344 108.2899 114.3518 113.8007 114.1539 114.4811 113.4356 110.5970 109.3906 112.5512 110.9908 111.5955 113.3651 113.5409 111.5267 115.4555 117.3364 116.7498 114.5192 117.2043 117.2674 117.3848 117.6200
115.0000 112.8929 109.9626 111.6390 109.3583 108.8063 109.0007 109.2033 107.1670 110.4479 109.6361 107.3501 107.9092 106.5673 111.1765 107.9364 107.1388 108.5672 108.5346 112.5456 112.2167 113.7063 114.5694 113.3809 109.7349 109.1103 108.3742 109.4790 113.1659 113.0812 112.0874 113.6951 117.5936 116.6738 115.1187 111.9975 115.0664 115.5615 116.2153 116.4400
114.0500 115.0164 112.8554 112.8982 109.0335 107.8783 107.7773 107.8891 109.2262 108.2046 108.7674 107.3246 109.3113 110.0772 109.0915 107.1179 106.6708 107.1411 108.0268 114.5994 108.2368 112.1831 113.5458 112.9002 111.5285 112.4815 108.0647 111.0886 109.9323 111.9425 110.4668 114.3187 111.8088 105.3441 111.4059 114.7591 114.0996 113.9813 114.8957 115.9300
115.3000 113.6167 113.3102 114.1265 109.0379 113.9072 108.2054 108.0342 108.0588 108.2787 107.2770 109.6227 106.8454 113.5274 105.8799 107.8493 106.7626 107.3883 109.8546 107.8545 104.9532 110.4759 111.4191 114.6059 108.9518 112.7268 109.3127 113.7327 108.8557 109.2224 109.3962 116.7050 114.2635 110.3670 109.7371 114.4971 114.7421 112.5600 113.8809 114.6800
115.7800 115.5119 112.0657 108.9211 109.5225 109.9909 107.6658 108.3689 108.2020 108.4497 107.8095 109.5532 108.0159 107.7168 107.1148 106.9626 107.2440 107.3270 107.0321 106.8141 106.5152 112.0341 108.8871 108.0330 106.4493 110.5363 110.1188 111.9224 108.1268 110.2635 112.2930 111.5218 108.4528 113.9167 113.8853 112.5513 114.8603 113.5661 113.1881 113.4900
116.2400 110.2480 115.5453 113.4370 108.2992 108.9814 107.5680 107.5840 108.1508 108.2206 107.3388 107.6447 110.0726 106.8550 109.8105 106.5959 107.1878 106.5620 107.5592 104.7288 105.2282 110.1424 111.5528 106.9969 106.2899 109.0033 106.5064 105.6402 107.8289 108.4302 112.6921 114.2795 111.7982 111.4135 112.6898 113.3079 114.0660 114.1290 114.7620 113.7800
109.4800 112.4692 113.9432 113.7316 107.8762 108.2484 108.2284 106.7871 108.1246 107.6697 106.7237 107.5239 106.6550 107.1449 107.5057 106.2924 105.8485 106.7192 106.2985 108.8950 108.7893 104.7083 106.3716 105.2095 105.2196 110.0786 104.9295 111.2503 112.7371 108.4518 109.3997 109.5771 107.5459 111.4009 113.2286 113.3153 114.0812 111.4998 111.9246 112.5200
114.4800 114.1486 112.8962 112.9416 110.5791 108.8149 108.0360 106.9912 107.1880 106.7440 106.7080 107.4496 106.0490 106.7251 106.2661 106.3710 105.7316 106.5157 106.2594 105.0757 106.4347 107.2425 104.5630 105.6004 105.5935 105.7512 105.8687 109.0559 107.4875 106.2448 106.4295 106.5289 107.9476 109.6427 113.4420 113.9498 111.9007 112.8458 110.8563 112.5200
113.8900 111.6532 108.8807 109.6485 108.7151 112.8045 108.2979 107.4640 105.4840 106.1744 105.8348 105.8190 106.8001 105.8555 106.0378 105.7058 105.5196 106.4322 105.2193 106.0978 106.4535 104.7705 105.5408 105.9921 106.2812 106.3553 106.6204 108.8284 105.7903 105.9973 106.2308 107.7800 108.4823 107.2843 109.1833 106.3212 107.4905 112.2745 109.6166 108.2500
113.8900 108.8661 112.2897 109.9504 106.4782 107.9879 108.1112 107.0720 106.1310 106.6110 105.5720 106.1068 106.0236 103.8708 104.9147 106.1836 104.9968 105.9337 105.5963 105.3602 105.0774 104.9680 108.4879 104.6231 105.6617 105.8504 105.5432 105.4684 110.0001 106.5188 106.1492 106.5978 104.7680 108.1840 109.4511 107.0209 110.5968 113.3128 108.1129 108.2500
108.8400 109.1227 107.2204 107.5804 106.6747 105.6317 108.8360 107.7774 106.5225 107.4558 105.0652 105.8635 105.0712 105.0896 105.0727 104.0022 103.3501 103.0550 104.6669 104.0165 104.1544 103.4018 103.1159 103.4874 105.1982 104.9101 103.6406 103.6444 107.1903 106.5166 106.8638 106.4855 109.3407 106.6745 107.7327 107.0047 109.9994 108.9256 106.4918 106.5700
108.2900 108.2895 107.8978 107.0343 107.1817 106.1643 107.2747 105.5191 106.4474 106.6711 105.4731 105.4493 105.2986 104.6282 103.7798 102.9404 102.6111 102.5040 102.0877 102.0596 102.1723 102.3164 102.5087 102.4459 102.8402 105.4170 105.7007 104.8678 105.1957 105.1644 105.3479 105.6716 106.7071 107.3220 106.7537 110.9397 108.2265 109.0953 110.1823 108.5700
108.4500 108.2986 107.5790 107.4890 106.8791 106.4272 105.7790 106.4737 105.1895 106.7669 105.8584 104.6374 104.0941 102.3285 102.5317 102.3583 101.9552 101.9342 101.3094 101.3438 101.2878 101.3341 101.6870 102.2268 101.9595 102.4794 102.7416 104.5657 105.0169 105.2416 104.2612 105.0963 106.1409 106.2435 105.7163 108.3680 107.7947 108.3795 108.1388 108.4500
107.5700 108.0698 106.7385 107.7435 107.4869 106.6022 106.1427 106.3331 106.0403 104.6865 105.8045 103.5629 102.8196 101.9421 102.1144 101.4559 100.9649 100.9879 100.4603 100.1657 100.2058 100.4954 101.2208 101.4607 101.5713 101.6540 102.4441 102.7441 102.8091 103.7360 104.0355 110.5134 105.2426 105.9963 107.0814 106.4023 107.6507 106.8283 108.2011 111.4300
107.4400 107.7111 107.7985 107.1756 106.9834 106.9084 106.0957 105.7934 106.0849 104.9183 104.8490 102.5627 102.1620 101.6269 101.3005 100.9881 100.4810 99.8331 99.4600 99.1435 99.1005 99.1565 99.9847 100.3354 100.7559 101.3005 101.9251 102.2437 102.9777 103.8681 104.3459 106.9620 104.7555 105.7563 105.4522 106.2459 106.2013 107.1487 112.3169 112.9400
108.5200 108.0583 106.7696 106.7457 107.4266 105.3606 106.1832 104.8183 106.2307 105.0206 102.7983 102.4993 101.7773 100.8090 100.3626 99.9715 99.8502 98.9727 98.5357 97.9462 97.9215 98.2783 98.5587 99.0991 99.7896 100.6149 101.1741 101.6134 102.5138 102.9973 103.9565 104.6229 104.8097 106.0162 106.6622 107.0438 106.8245 106.5356 106.6878 107.9000
107.5000 108.0518 106.5087 108.0006 107.6058 105.7303 105.4229 105.3093 105.2794 102.7855 102.4307 102.0012 101.1255 100.3305 99.3793 98.9240 98.4683 97.5880 97.6820 95.9835 95.6948 96.3498 96.9997 97.9651 98.7588 99.4153 100.3345 101.0663 102.0748 102.6190 103.1191 103.7933 105.2352 106.5524 105.9822 107.0588 106.9520 107.0630 108.1041 107.8200
108.0800 111.4857 106.3678 110.8216 107.4725 105.3231 105.3780 103.9378 104.1211 102.7614 101.9742 101.6352 100.4112 99.4978 98.5650 97.8528 97.5403 96.4585 95.4409 93.6863 93.7331 94.0140 94.9305 97.1241 98.1947 98.6154 99.6733 100.6352 101.6764 102.2491 102.8297 103.2931 105.1025 105.8844 105.8274 106.7027 106.3833 106.2952 107.2884 106.7600
107.1000 107.3680 106.8356 105.1146 107.0017 104.8912 104.9926 108.1556 104.1314 102.2866 101.9127 101.2088 99.9117 98.9973 97.7490 96.6111 96.1451 94.1753 92.6171 90.8263 90.9750 91.3505 94.4864 95.3896 96.3997 97.7387 98.5266 99.6714 100.9869 102.1041 102.6807 103.1715 105.4448 106.0115 104.3762 105.9968 105.8318 106.8858 107.6652 107.9700
107.8700 107.1458 107.2715 106.6090 106.7147 106.5710 105.5500 106.8875 103.6794 102.3061 101.4596 100.6474 99.6178 98.1882 97.3378 96.2193 93.9368 90.1067 88.6525 87.0200 86.5327 87.5555 90.9750 92.1805 94.4368 96.2209 98.3166 99.4776 100.8527 101.5603 102.2787 103.0735 104.5980 106.3669 106.0518 105.9102 105.9611 107.0994 106.5040 106.9600
106.4100 107.1462 106.8418 105.9855 106.4218 105.4236 104.5186 104.5574 102.7659 101.9692 101.3563 100.4628 99.3747 97.6651 95.8689 94.0393 89.8445 86.0511 85.2052 80.7994 79.7058 83.0151 86.8001 91.2336 92.9768 95.8612 98.1604 99.0432 100.6154 101.5670 102.1017 102.7341 104.8613 104.9492 106.7492 106.5184 106.6657 105.9842 106.2529 106.9400
107.3300 107.9940 106.3331 106.0656 104.3783 106.2366 104.0772 103.5387 102.8157 102.0904 101.3490 100.2058 99.1515 98.0820 96.5951 94.1492 89.9806 84.9953 80.1295 69.6866 70.3963 76.8047 83.2852 88.7454 91.4835 94.8502 97.7792 98.7267 100.2094 101.5624 102.2401 102.6862 104.9611 105.3976 104.5906 106.1385 107.1969 106.7191 106.1958 107.5900
107.6300 106.7313 106.3865 105.4050 105.4309 104.6997 104.5429 104.3537 102.5590 102.1144 101.1947 100.2374 98.6190 97.7945 96.8674 92.2690 87.9290 85.6544 74.0305 63.4167 64.6274 73.2103 83.3065 88.3475 92.5470 94.0793 97.7021 98.6493 100.0434 101.3438 102.1733 102.6087 104.0685 104.5092 106.1308 105.3444 106.2984 107.1531 107.6035 107.8700
108.2800 106.7921 105.8486 107.2834 105.2444 106.0070 104.1933 104.1122 102.8595 101.6340 101.2413 100.2553 98.6732 97.8137 96.9931 92.4442 88.1662 85.9566 75.3931 67.1435 67.3738 74.9325 85.1237 88.7002 92.7330 94.2209 97.6868 98.6716 100.1065 101.3730 102.1874 102.6394 103.9691 104.3215 106.5095 105.6666 106.7332 106.3983 107.6226 107.7100
108.0100 107.4088 106.8824 106.5400 106.8177 104.9321 104.2005 103.2915 102.3238 101.8032 101.1392 100.2487 98.8661 98.1416 97.4299 92.6640 90.7012 85.5378 79.4598 75.0567 75.1100 82.5130 88.3852 90.2957 94.1505 95.5966 97.3304 98.9580 100.3734 101.4964 102.2944 102.7823 103.8090 105.4159 106.0094 105.5815 107.0682 106.5868 107.7981 107.8300
108.1600 106.4133 106.5580 106.0681 106.6959 106.1109 106.0384 104.0659 98.6992 102.7133 101.5312 100.3709 99.3960 98.7317 97.4292 94.4647 92.5263 89.1662 85.6810 84.2366 84.8273 88.0801 90.2769 92.1695 94.7553 96.1882 97.9173 99.6364 100.1696 101.4620 102.3722 102.9846 104.4123 106.0838 104.9346 105.4243 106.2655 107.3758 107.4094 107.8900
106.6000 106.7351 106.2275 107.4558 105.5220 105.7851 105.9943 103.9271 103.6734 102.5728 101.7355 101.1121 100.2042 98.8269 97.5400 95.8468 93.8089 92.4189 90.9499 89.4787 89.4429 90.0183 92.4232 94.2203 95.7106 97.1112 98.6864 99.8949 100.7380 101.5501 102.6003 103.7768 104.6795 105.8695 106.2065 106.7031 106.5142 106.8629 106.8958 107.9000
108.2500 107.0560 107.0672 106.6987 107.2306 107.0583 106.3380 103.8334 103.1375 102.8079 101.8786 101.3587 100.5365 99.4102 99.1113 97.5324 96.3282 95.2873 94.3413 93.2860 93.1174 94.1964 95.1733 96.6303 97.6226 98.4327 99.3629 100.4516 101.2671 102.1207 102.6875 104.5778 105.5802 106.0476 105.5203 106.2964 107.0891 107.2366 109.9068 110.1600
108.5000 107.0627 107.0046 107.1363 106.5851 106.9653 105.3842 105.5130 104.9066 103.0806 102.3373 101.6036 101.0420 99.9195 99.7587 98.7814 97.9405 97.1005 96.2470 95.7049 95.9842 96.5634 96.5457 97.1210 98.3476 99.1277 100.1302 101.0028 101.6663 102.5146 102.8333 105.2309 104.4911 106.1113 105.7113 107.0981 107.4455 106.2417 106.3424 111.0100
106.8400 106.8217 106.5306 107.4794 106.2100 105.7112 104.9711 106.6952 105.5689 103.5730 102.8458 102.0526 101.5987 101.0317 100.3179 99.5048 99.0910 98.7176 97.7430 97.8124 97.8569 98.3633 98.0278 98.4645 99.5600 100.3169 100.9506 101.6374 102.1938 102.8606 103.6517 105.8634 106.3176 106.3248 104.8407 105.5940 107.5366 107.3779 107.2091 112.3400
106.9100 106.5376 107.2304 107.3436 104.7269 106.5099 106.0542 106.3610 106.1666 103.4499 103.2098 102.5780 102.2798 101.8602 101.2774 100.4297 100.0790 99.7249 99.7073 99.4275 99.3837 99.3274 99.7022 100.1153 100.6694 101.2518 101.7305 102.2085 102.7323 103.2831 103.7657 106.3619 106.2828 106.9204 105.5488 106.7335 107.3348 107.3857 109.0225 111.6600
108.1400 108.1805 107.9064 107.2785 106.7357 107.4499 106.6377 106.5285 105.5903 105.6670 104.7288 103.0467 102.7183 102.2544 101.9950 101.5734 101.1645 100.7629 100.6214 100.5632 100.5982 100.6279 100.9632 101.1567 101.4783 101.9084 102.3411 102.7734 103.1811 103.6971 105.4553 106.4948 106.8096 106.8833 107.2503 106.3586 109.6686 110.5792 113.5433 113.1500
107.3100 107.7700 108.2600 107.2700 107.5300 107.5300 107.3800 106.8900 106.8000 105.8700 106.3200 103.4500 103.1200 102.7300 102.7300 101.8500 101.9100 101.3800 101.4600 100.8000 100.8000 101.5200 101.4400 101.9800 102.2500 102.2500 102.7700 103.0700 103.4400 106.0200 106.0200 105.9700 106.8900 106.1600 106.2200 107.7300 107.5200 109.4400 113.4600 106.5500
