107.4100 106.8000 107.8400 107.6800 113.1100 108.7000 105.2300 105.4400 105.5200 104.4900 105.7200 110.8800 109.1200 102.1600 104.7900 102.6600 102.5300 101.5300 101.7900 102.4100 102.0700 105.5600 104.7700 108.2500 108.2500 112.7800 107.2500 114.7100 107.1100 105.8900 105.2000 104.5900 105.3600 106.3800 107.2700 108.6100 111.2900 112.8000 116.4000 116.4000
107.8400 107.1867 106.5488 110.9532 107.6084 105.6507 105.6471 106.7101 105.0281 104.1291 104.9499 105.3423 104.4328 101.4150 103.3799 102.7176 101.8532 104.0070 104.8167 102.6517 102.1790 101.4633 101.6049 104.6279 107.5172 110.8154 109.6892 113.2882 109.4544 107.3288 105.8719 104.9475 104.0746 105.1981 106.7168 108.2464 109.2995 109.0969 114.1243 115.8300
107.6500 106.8798 107.0639 107.0061 106.6107 105.6185 104.7423 104.6304 105.0817 103.7178 104.3754 103.5760 102.3024 103.1747 101.5286 101.2979 100.8635 100.6799 100.5054 100.8167 101.4603 103.2238 100.9193 101.3764 105.0093 105.5527 109.9179 113.4789 111.1458 108.6384 107.0552 105.4452 104.2614 104.5098 105.8630 107.3314 109.0477 110.1043 112.2367 115.2600
107.6800 107.4016 107.6834 107.1761 106.5418 105.2900 105.1999 105.4567 105.5131 104.0951 104.2008 102.4780 102.0748 100.9202 100.7367 100.2747 99.8847 99.6397 99.6935 99.7741 99.8764 100.3608 100.9841 101.2403 103.1726 101.6320 105.2886 107.8899 110.6648 110.8744 108.4563 106.4901 105.0697 104.2734 105.0691 106.6185 108.1316 109.9426 112.0406 113.0800
107.7300 105.8836 106.2285 106.2367 105.8729 106.2388 105.4532 105.3914 105.0625 104.5086 102.9963 101.4401 100.6517 100.0810 99.5393 98.9516 98.4335 98.2343 98.1979 98.4102 98.8274 99.3346 99.9425 100.2496 104.1063 103.5657 102.6608 105.2231 109.7567 114.5113 110.2573 107.7369 105.8066 104.6160 104.4914 105.9408 107.5352 109.2050 111.0541 112.6800
106.8100 109.1530 107.0818 105.7723 105.0158 105.4212 106.0004 105.5327 104.8225 102.4947 101.4488 100.8511 100.2388 99.0763 98.3263 97.8527 97.3875 96.4496 96.4549 96.7512 97.3015 98.0442 98.7961 99.6609 100.1342 101.0161 102.2036 102.9579 107.0641 111.9057 112.0122 108.9994 106.6884 105.2230 104.3563 105.4457 106.9971 108.6027 110.4067 112.2800
109.9500 114.2475 108.9036 105.5116 105.2158 104.3892 104.4094 104.9402 102.5700 101.8650 101.3215 100.3584 99.7266 98.3702 97.5148 95.9573 94.6447 94.2038 94.1274 94.5945 95.4189 96.8494 98.0784 98.7454 99.7037 100.5369 101.3475 101.1307 107.2088 109.2680 112.7537 110.2106 107.4920 105.8453 104.6941 105.0331 106.5724 108.0842 109.8641 111.9200
107.3200 112.0156 106.9361 104.7188 106.1682 105.5529 103.7596 104.3805 102.3048 101.5285 100.5542 99.6543 98.5319 97.6685 96.4322 94.0694 92.1312 91.0768 91.0154 91.7532 93.3744 95.1146 96.3625 98.2101 98.8470 99.9164 100.7970 101.5000 103.8440 107.0925 110.8497 110.6990 108.1856 106.3002 105.0583 104.7624 106.2008 107.7346 109.4051 110.2300
107.3200 108.7185 105.7851 104.9341 105.9821 104.9192 104.7155 102.7400 101.8494 100.8777 100.2617 98.8137 97.3625 96.6888 94.8209 91.2926 88.4619 86.9503 86.9019 88.2846 90.8054 92.6131 94.9362 96.8611 98.1997 99.3251 100.4170 101.2953 101.4492 105.1148 107.6123 110.4663 108.8368 106.8360 105.5107 104.7212 105.9272 107.4409 109.0408 110.0600
107.4500 106.4471 105.3683 106.1904 105.5278 104.4646 104.0008 102.3645 101.5748 100.8063 99.7580 98.0721 95.7672 94.7380 91.0402 88.5355 84.3355 81.6678 81.6783 84.0598 87.4799 90.5501 93.4210 95.7051 97.4324 98.8039 100.1535 101.1241 102.2080 103.5261 105.4609 106.1713 106.2130 106.6215 105.6854 104.8172 105.7724 107.1814 108.8010 109.9300
107.3700 107.3315 105.0472 105.6578 104.9042 104.0441 104.7926 102.0601 101.6167 100.6143 99.7574 98.2513 96.0789 94.5867 90.7685 84.7836 79.7522 75.7764 75.5776 78.4463 85.7552 89.0309 92.4569 95.4675 96.7987 98.4012 99.8332 101.0204 102.2351 102.9817 105.2244 104.4365 105.9987 106.6152 105.8798 104.8322 105.5980 106.9976 108.6221 109.8500
107.2100 106.6268 106.4378 106.1127 105.7441 105.2399 103.6123 102.1157 101.5303 100.6805 99.1033 97.6503 96.6120 92.8086 87.0611 85.4976 72.0725 65.4941 67.8064 73.3934 84.9662 90.2114 92.4456 95.4257 96.6604 98.1657 99.6093 100.9625 102.4209 105.2387 103.2142 105.3371 104.1831 105.4319 106.9389 106.6251 107.3951 108.4512 108.7327 109.6700
106.7700 106.6251 106.3591 105.9805 105.5803 104.2865 104.3846 102.0236 101.5169 100.4002 99.6211 97.7631 95.5161 92.6931 86.8592 85.1791 70.9627 74.4554 81.6221 79.2888 84.8624 89.7187 92.2270 95.3314 96.6133 98.1206 99.5714 100.9885 102.3384 105.0433 103.5007 105.2472 104.1734 106.2814 106.4046 107.0238 107.0112 108.7835 108.7885 109.6600
108.4900 107.0943 105.8932 105.4071 105.2143 105.3219 104.3971 102.1371 101.5248 100.5775 97.3359 98.0154 96.0247 93.1655 88.0164 86.3976 77.9802 73.3033 84.9748 87.0167 88.1753 88.7555 92.6558 96.1348 97.3700 98.3567 99.9684 101.1889 102.5113 103.9881 104.3114 104.6371 104.6829 107.5430 105.1080 109.5266 105.9212 109.2884 108.1055 108.0300
107.3500 107.4701 105.3801 105.4581 106.2791 104.8124 105.2194 102.3839 101.8098 96.7087 94.1059 99.2633 96.8138 94.5575 89.7309 89.9433 88.8776 82.4267 83.1534 85.4957 89.3744 90.6015 93.5141 96.8977 98.3650 99.2120 100.4451 101.1720 103.9413 104.2375 104.4690 103.9442 106.8077 104.6066 107.4214 112.3252 107.6606 105.5398 105.5701 108.1000
105.4700 107.3832 106.2685 105.2284 106.2581 105.7246 104.7575 102.3392 102.2331 93.7503 101.3020 98.8655 97.3835 95.1594 92.0212 93.5039 92.2741 90.3626 90.4560 88.4552 90.2460 93.4311 95.6883 97.3186 98.7504 99.8840 100.8911 101.5056 103.4328 105.1091 104.5800 105.1565 105.1580 105.4761 106.7858 110.0217 107.7291 106.8805 110.1506 106.7100
107.1500 106.7542 106.2346 106.4394 105.9709 105.5309 103.8545 104.0354 102.6063 98.3340 100.6405 99.6342 98.4973 96.8627 95.4081 95.6112 94.3576 93.4572 93.0743 91.7503 93.4720 95.2268 97.0733 98.1831 99.2596 100.4796 101.2088 101.7447 103.7029 104.9549 105.0050 106.2375 105.0370 105.8592 106.8481 106.9052 108.1095 107.7973 110.0012 107.6700
107.6000 107.0348 106.6085 106.7318 105.6895 104.4829 104.7145 105.3910 102.7304 102.0816 101.0833 99.8750 99.0878 98.0191 96.9133 96.2739 96.1257 96.1187 96.0446 95.8479 95.8606 97.2047 98.4105 99.4834 100.0081 100.8932 101.5673 103.3840 103.4696 103.4827 104.5392 105.4019 106.1043 105.4436 107.2240 107.5478 107.5640 108.0802 107.4719 107.4900
107.1000 107.5782 107.1282 106.2171 106.4133 105.1016 103.9039 104.9748 104.0055 102.1128 101.5370 100.7204 99.8353 99.0172 98.7344 97.4697 97.5248 97.6213 97.6755 97.6838 97.4662 98.4095 99.5701 100.1644 100.8153 101.3534 102.0617 103.9175 104.9314 103.6283 107.0508 104.7876 108.7219 107.9959 106.2114 106.3490 112.4273 108.8273 107.8417 108.0200
106.8400 107.1934 107.5776 106.5728 106.0854 105.8714 104.3875 105.5400 104.7806 102.6234 102.1487 101.3360 100.6112 99.7391 99.5817 99.3899 98.8879 98.8840 98.8402 98.9995 99.1888 99.4987 100.4080 100.8864 101.4786 102.0393 102.5173 104.5336 105.6477 103.3736 103.8442 105.7795 106.1074 106.8346 104.8255 106.3103 114.3992 107.6538 113.2079 109.7800
107.6700 107.3231 106.9797 106.3239 106.0292 105.5477 105.8725 105.5988 104.5648 102.8065 102.5811 102.1182 101.7455 100.8781 100.5507 100.5502 100.1430 100.0702 100.0034 100.0494 100.3539 100.7980 101.1804 101.6036 101.8747 103.0659 104.7122 104.9769 103.8681 104.8521 108.8535 113.3746 105.6307 109.0939 107.8753 112.2915 106.9340 107.8459 107.3968 107.9800
108.8400 107.3483 109.4554 107.0655 105.9163 105.3497 105.1312 105.9012 105.7960 104.5912 103.2603 102.8826 102.5079 101.7952 101.6946 101.3179 101.0879 101.1547 101.1291 101.0081 101.2493 101.4562 102.0961 102.4740 102.5903 104.6908 104.7785 105.6193 104.0772 105.6155 105.1357 110.8530 104.1769 106.5698 107.4911 106.2279 108.5299 108.1875 108.4958 108.1300
110.1900 107.7418 107.9150 107.7173 107.6604 106.4906 105.2340 104.8716 105.5430 104.5851 103.7022 103.9176 105.1995 103.0750 102.1544 102.1425 101.9567 101.8790 101.8568 101.5595 101.9288 102.1780 102.1986 100.1419 105.4875 105.1451 104.8109 105.3830 104.9933 106.5746 106.3698 106.4536 106.4737 107.6381 108.4692 107.7471 107.4531 107.7965 109.9429 109.0800
108.3900 108.3552 107.5691 107.9752 107.8935 107.2812 105.7215 104.9836 105.7576 105.9221 104.8930 105.5595 104.8168 105.0769 103.0671 102.9244 102.9038 102.6521 102.9044 103.7562 105.6983 103.4026 105.5410 104.7431 105.9382 105.2072 104.8768 105.0266 106.5163 106.1802 106.9711 107.0889 107.5468 107.0592 106.9847 107.4763 107.3149 108.1268 112.5637 109.0100
108.7300 108.4539 108.1893 107.8030 105.7606 107.5883 106.6817 106.6372 106.6400 106.4395 105.6139 105.9723 104.9824 104.9059 105.2148 105.4334 98.4485 105.5374 106.5202 104.2688 109.9928 104.6596 104.4787 104.3014 104.3495 104.4251 104.6667 106.2340 105.1141 105.2950 106.3659 105.9513 107.6918 107.9805 107.9302 108.3050 107.6914 108.4617 108.8760 111.7800
108.7300 108.3376 108.2753 108.1924 107.3877 107.3607 107.2162 106.7046 106.9224 106.5420 106.2150 105.8930 105.8171 105.1243 104.3372 105.2757 104.6891 110.1435 107.1682 99.7828 104.7410 104.1172 105.6336 105.7271 106.4720 104.9926 105.3310 104.4621 105.4122 106.3437 107.6506 107.0727 108.1309 108.2177 107.7662 107.0885 108.0862 108.4808 109.7241 107.6100
108.7700 108.4791 108.0733 108.4187 107.9399 108.0768 106.9394 107.2131 107.2368 107.1326 106.8353 106.8789 110.4515 106.4736 104.7492 104.8409 100.5108 106.8765 105.9195 105.4342 106.1679 105.7046 104.9123 105.1348 106.7597 104.7527 105.6516 106.7326 107.3387 106.3009 107.3429 107.0923 109.7079 109.0045 110.6505 109.0269 108.2911 108.4056 112.8297 111.0300
108.9200 109.5521 108.3475 108.4938 107.4869 108.1381 107.5585 107.5318 107.3732 107.0435 107.1768 108.5428 105.3895 107.6258 104.3880 105.4861 104.5007 102.1533 101.7981 106.1548 106.2160 107.8740 104.0955 106.6897 107.4725 106.7897 107.3635 108.4850 106.8671 105.2058 107.6146 107.7701 109.2800 108.2898 107.1432 109.3537 108.5160 108.3442 108.8542 111.0300
104.4100 104.0571 108.3519 108.2327 107.9565 108.1811 108.1984 107.9167 107.0947 106.8018 106.6578 105.5008 105.7334 111.6374 105.2977 105.3413 104.5849 106.9431 109.7296 104.3613 107.1664 105.2280 107.0333 105.9348 106.7817 107.7967 107.8823 108.0098 106.4574 112.1335 109.9657 109.1375 111.3841 110.0194 113.6504 110.6576 107.3778 109.6462 109.1492 109.3000
105.1200 103.3687 109.4019 106.2783 109.1513 108.3326 108.4109 108.1398 107.7846 106.3695 106.7113 108.0633 107.8761 109.4942 106.2857 105.9570 105.9065 106.4733 106.3438 106.4102 106.6818 105.8246 105.7938 108.6101 108.7849 107.5611 107.8249 108.2239 107.4102 109.6629 113.2908 110.1818 107.7468 111.8271 107.9697 107.4651 109.6694 108.5832 110.5525 108.5200
105.9000 103.3928 111.4107 108.3704 106.4658 109.0009 108.4739 108.2751 110.4612 106.7503 106.5492 107.7376 109.9914 106.6266 105.5326 106.2121 106.4447 105.9931 106.4497 106.4711 106.5049 106.9630 106.3955 107.2820 111.6771 108.2050 107.3772 108.5619 108.7167 109.0046 110.0798 114.4306 108.1803 110.6416 109.6710 107.6493 109.6166 107.7210 108.1582 108.8000
106.0600 106.0982 107.8337 103.9024 103.3095 108.8011 110.8768 110.3758 109.3245 108.1181 110.7381 106.8032 111.5484 108.2021 106.1966 107.6816 108.2149 109.1489 107.9661 108.5348 107.7424 107.3155 106.2878 107.0696 107.5808 108.3288 108.2603 108.8147 109.3737 111.6990 108.3600 116.4149 111.6286 109.2013 108.8763 108.7963 108.1375 107.8807 108.0946 107.9500
106.8000 110.6977 105.4323 109.1085 109.2414 108.6566 102.8685 112.5667 107.1444 113.8514 110.4796 109.3885 111.1564 108.5168 108.9085 107.3058 107.2555 113.7053 112.2526 108.6752 108.1109 107.3172 108.8227 108.1784 112.0338 109.9932 108.7792 108.9860 108.8895 111.1502 112.0194 112.9299 115.4285 112.5585 107.5046 109.9694 108.1597 109.4856 109.9609 109.4100
109.9500 108.6368 106.2530 108.6482 109.0276 110.8349 107.5332 105.9846 106.0165 105.1213 110.5313 109.4433 111.5709 109.1795 108.6706 111.3636 107.9640 111.7988 113.0583 108.0720 109.7802 113.3801 109.6776 108.6478 115.9020 111.0675 108.6470 107.8759 107.6883 116.5146 114.3328 113.6850 110.6224 108.5775 108.4127 109.9190 110.1397 108.1407 110.7676 109.9700
107.0800 106.3713 105.8183 105.5830 105.8872 106.3500 110.5446 105.7481 113.9725 112.4660 114.0703 111.2373 110.8990 109.4472 108.1585 109.0506 110.2878 110.2806 115.2285 108.0726 109.7393 109.3492 109.5068 106.0425 113.9500 109.7939 108.6669 108.9753 109.2936 111.8656 112.9847 110.6412 111.9148 109.3778 109.1654 109.6820 109.8352 107.4945 111.1228 113.3800
107.6400 107.4726 107.2658 106.4563 106.2135 105.7305 106.5934 107.3484 113.0186 109.4059 111.0547 115.5933 114.8000 108.8408 103.9351 109.0056 105.7279 111.9978 111.9560 107.8857 109.8497 105.9455 113.7899 113.8132 114.6090 110.5890 111.6660 107.1727 108.9444 111.1967 111.8435 111.9071 111.7352 113.8817 111.0066 108.9813 109.2219 108.0683 111.8356 108.7100
108.2300 108.2616 108.3500 107.2348 106.3148 106.4283 106.0781 110.7450 111.6308 114.5180 113.6772 113.7880 108.7594 110.0589 106.7488 107.3576 105.5187 105.8174 107.1094 107.6045 112.7441 109.7705 110.2353 111.7526 113.9166 114.1753 116.9237 108.2090 111.1239 113.1813 107.6545 117.7332 113.8182 112.0671 111.0611 111.1266 108.1681 108.4196 110.4877 109.9600
108.8700 109.1665 109.0095 108.5416 109.3745 110.3246 108.2070 111.2332 114.3185 115.5316 116.4931 109.4949 113.2075 106.4476 111.5034 106.7981 106.8600 105.4382 108.8739 104.4304 112.3530 109.9617 110.4134 113.2700 113.7189 111.9521 116.8372 113.9908 115.0975 110.2202 108.6895 112.6111 113.1315 113.8486 111.0371 112.1290 108.5719 109.3625 109.2472 112.9400
109.8300 109.8571 108.4443 109.3517 110.3925 111.4447 110.7057 112.6827 114.3926 114.3622 116.2729 112.0940 108.1292 110.8362 107.6130 106.5463 107.8212 108.8274 108.0533 105.4728 111.2190 109.9165 109.5111 111.0039 111.3916 104.8000 114.5079 113.6659 109.5678 114.0255 113.0045 110.8998 110.8329 115.6432 112.5892 109.3952 108.8214 108.6502 110.3105 111.1100
109.8300 110.2900 110.4900 115.4200 109.4400 114.5900 111.4800 114.8900 112.2500 114.2200 115.6400 114.5400 107.1900 107.1900 107.3800 108.1200 106.3200 106.4600 106.4500 106.1300 110.8200 111.2400 112.4000 110.0900 111.7800 107.5600 113.7600 110.2200 116.0000 112.1300 111.3800 111.2000 111.2000 111.4500 111.4000 111.6000 111.4800 108.9500 108.9500 111.1100
