109.1100 109.1100 109.4200 109.4200 109.8800 110.5200 108.4000 115.0300 112.7400 111.1200 108.8100 116.6600 117.7900 117.7900 113.7400 115.7200 116.4600 114.8400 115.6100 117.0000 117.0000 118.6800 118.8600 119.0600 119.4200 118.7100 116.4900 116.4900 116.3200 118.7500 118.8300 118.2000 118.1600 117.9700 117.5200 117.1100 116.6900 116.3100 116.3100 116.4300
108.9200 109.4644 110.0770 108.5557 109.8532 109.1857 109.3338 114.7255 107.8884 109.5794 110.6984 113.9000 111.2439 112.1215 112.4462 115.8728 115.2538 115.5587 117.4800 114.1022 113.7216 116.8080 118.1438 119.2093 115.1029 117.1288 116.9916 117.7463 116.2653 115.5687 118.1957 119.2868 118.8482 118.1089 118.7070 117.3552 118.3333 118.3679 117.3160 116.9400
110.3200 108.4800 109.3821 109.7043 110.1632 109.4729 109.8798 112.2190 113.6221 108.6516 110.5112 110.3205 114.5907 116.0573 113.1484 115.6523 113.2129 111.8907 115.1420 110.5945 108.8745 112.0354 113.6633 112.0909 118.2953 114.7120 117.2809 117.8243 117.1630 115.7844 117.3379 113.2192 117.9679 116.8683 116.6807 115.5071 117.1661 118.9726 117.8808 118.3300
108.3200 110.3325 110.3300 109.5781 108.6836 109.6237 110.2097 111.3144 110.7043 115.2639 113.3223 112.4640 114.9538 114.3527 111.4912 114.1200 114.6682 112.4948 112.1854 110.2011 107.8932 109.2754 109.6770 109.9873 116.1265 114.7404 115.3614 116.1832 117.4330 114.3795 115.1855 113.2411 110.3233 112.9981 114.2250 115.8450 116.7144 118.3557 118.1037 118.0000
110.2600 111.1272 109.1963 109.9663 109.3206 109.2578 110.5564 110.1438 111.7891 115.7972 110.5867 111.1081 112.0105 116.9656 112.6706 109.2962 113.4187 109.5538 109.4182 108.4494 107.6280 115.7030 116.7792 110.1802 116.7894 115.5612 114.3484 115.8212 114.1719 110.0542 115.0835 110.1081 114.9417 114.6758 116.7723 116.4051 118.3571 119.3418 118.5751 118.3100
115.0000 112.1056 109.7979 110.2807 107.2158 109.1092 110.1326 110.2346 110.0525 115.1700 112.7365 109.8280 108.4163 108.5293 109.0770 108.2833 111.2595 109.4507 108.3290 107.0667 107.8993 112.9731 114.7707 111.6393 112.9105 106.6129 114.7234 116.5506 111.3912 112.4855 116.0409 114.4466 114.9918 112.6909 115.5509 116.7755 118.8444 119.7862 118.7524 118.8800
110.4200 108.6174 109.3315 111.8307 109.2649 110.7518 109.2978 109.6015 109.6239 110.2860 114.8480 109.1336 109.1388 110.0440 113.4897 108.1066 108.1903 107.6404 109.2983 115.0520 115.0009 116.0606 117.6058 111.6623 107.7973 110.1902 113.0956 112.3427 111.7785 116.3412 116.4279 116.6954 115.0548 113.7096 114.3219 116.5229 118.4457 118.9554 119.6082 119.0200
110.5100 111.9814 108.9005 109.9702 111.2811 108.4075 109.5223 109.5076 109.9643 110.2447 115.0298 108.4794 109.2784 109.2345 115.2330 109.0406 108.0599 107.5124 109.1143 114.8097 113.7717 114.5433 113.3852 115.0211 112.6866 110.4398 108.6374 109.9397 111.5682 114.9475 114.9762 112.8234 111.7702 112.9066 114.3032 116.4876 117.6081 118.2013 119.0901 119.9400
110.5100 111.3884 113.4354 113.3725 115.3730 108.3696 109.4475 108.7090 108.6031 109.3206 110.5296 110.4343 109.0271 109.1399 114.2890 108.8562 107.3114 108.7819 109.0656 113.7170 113.2612 115.4582 116.4564 116.0743 112.0809 110.5975 112.4726 109.3549 111.0824 114.0565 113.5147 112.9658 109.1417 108.2283 110.3935 116.5612 117.8129 117.5869 117.7916 117.4600
114.5900 117.4429 114.2149 117.1577 109.1990 111.3263 112.4906 109.5813 108.7973 108.3342 109.1887 113.0454 113.4689 108.1560 109.3673 109.9941 106.7541 107.2626 107.4937 112.4799 113.2378 111.8701 113.1740 110.3118 107.7849 109.1035 111.9083 109.4127 113.3676 112.4849 113.5105 114.6206 109.6454 109.9629 110.2328 116.3785 117.4539 115.7394 116.4022 116.1400
116.0300 116.5254 112.6888 110.5090 111.8910 113.0421 111.9231 107.4742 109.3003 108.5621 108.1481 113.1987 108.1161 107.4000 110.0266 108.2893 108.2204 108.9811 108.4625 111.4636 110.5084 113.0368 114.5133 109.9218 105.5792 109.7638 108.4685 114.0711 113.1591 110.4364 113.2912 114.2542 110.9308 113.6453 111.9399 113.1235 116.5393 114.2193 115.3951 114.3200
115.8900 115.6530 117.0194 115.5576 113.1794 109.1077 113.6864 108.2394 108.9967 108.2441 107.1485 111.1675 108.3450 108.4160 108.7052 109.1340 113.2342 108.5101 108.2434 110.5325 110.7642 113.9720 115.0694 110.9826 114.8082 111.3096 110.7329 108.2635 115.3355 111.2384 108.5304 110.2096 113.9563 112.9049 115.6315 111.1439 115.6966 116.6553 113.0836 114.5200
111.6100 109.8705 114.2463 114.8970 116.1623 114.3064 115.0573 108.9471 109.1800 108.1273 108.1172 107.7969 108.5544 108.5241 108.0026 108.1158 108.2502 107.5695 108.2909 106.7258 107.4595 109.0432 115.4324 108.6365 109.7759 114.7182 109.3301 109.5865 110.8685 107.4033 111.1821 108.8943 114.1282 110.7583 114.1508 113.6851 116.5644 113.2186 113.8778 112.9000
113.8700 115.3411 110.5557 111.6385 109.2652 112.7359 114.4608 107.7084 108.4855 107.5597 107.1368 107.1692 108.3314 107.7057 107.3395 106.9650 107.6938 106.5342 107.1076 112.0971 112.3857 105.2601 108.8616 110.8459 107.8087 111.5553 105.4720 111.5787 109.0360 108.0393 110.0151 112.2607 111.6477 111.0915 113.2735 114.1440 111.5629 108.7121 110.7506 109.2000
111.4500 113.6589 114.2515 108.3948 109.0926 113.0959 108.8365 108.4128 108.2289 107.5746 107.0742 107.3697 108.0113 107.1693 106.6995 107.4918 107.4691 106.2169 106.2688 105.1913 105.0059 108.7203 105.7254 109.1056 107.5244 108.2265 108.1209 113.0539 106.8470 108.5212 107.7853 112.8256 108.9963 109.8525 112.5741 107.3884 108.7501 108.1937 108.6225 108.7600
109.1900 108.7381 113.7265 112.1513 109.3202 113.4686 109.2220 110.2952 108.2433 108.0006 106.7418 107.1004 107.7776 106.5836 107.0666 105.6801 105.6603 106.8632 106.3381 106.9456 106.7116 104.8909 107.8144 109.1127 106.6086 106.7984 107.3879 111.1105 107.7377 110.5257 107.0108 108.6633 108.5285 113.9798 109.9775 108.3163 108.6673 108.0154 108.5678 108.7600
109.2900 109.3677 109.8557 111.2929 106.2392 107.4128 108.0756 112.8107 108.0330 106.7504 106.4845 107.3814 107.4381 106.8657 106.7362 106.8241 105.9389 106.4488 106.4556 105.6895 105.8085 106.3133 110.4111 109.1519 105.8309 106.2113 106.0170 108.0197 111.3416 107.6275 107.6579 109.6930 110.4155 109.7159 108.4343 108.3745 108.2164 111.4983 108.2629 112.0700
109.2900 108.7898 107.7602 109.0108 107.1602 106.0203 106.7587 111.9359 106.7418 107.5622 106.5335 106.0144 106.6865 106.7326 106.9653 106.2174 106.3234 105.6332 104.9434 106.0972 105.8987 103.1241 105.1913 105.7956 105.3248 104.9967 105.6798 109.7230 107.0401 106.6018 109.9757 108.3771 107.1739 106.7047 107.6739 108.0748 107.4284 107.9564 109.3714 112.0700
107.8800 109.6264 107.3185 108.3818 107.0178 108.6701 107.9791 107.5520 106.2256 105.8860 106.6824 105.4889 105.1876 105.9484 106.3930 104.3147 104.6736 104.4456 105.5763 105.3120 105.6172 106.5648 106.2382 106.1660 104.6955 105.4212 104.7960 105.0770 106.4670 106.6227 105.3203 107.4456 106.6224 107.2503 108.0421 107.0770 108.2795 109.1084 108.0040 111.1500
109.5600 109.5549 108.5015 108.5847 107.6152 106.7893 107.4712 106.4010 105.8040 106.7225 104.8309 105.1911 106.3015 105.4989 105.5149 105.2165 104.6247 104.0340 105.4996 105.1117 105.1501 108.1301 109.4080 104.3260 104.0971 105.5737 105.2110 105.9713 109.8903 106.9746 105.7916 105.7438 106.5050 107.4946 107.7204 107.5946 107.5289 108.3406 113.2306 112.3600
107.8400 107.8568 108.4644 107.1589 107.7971 107.3943 105.8977 107.1134 106.5787 106.4974 106.5027 106.4143 105.6096 105.7545 104.9760 105.3565 103.8623 103.0967 102.6878 103.7456 103.5087 102.0229 103.0073 103.2458 103.3928 104.6546 104.2200 105.0373 105.2709 105.8764 106.2083 106.8673 106.8485 106.5221 107.9666 107.7053 107.0259 108.6385 110.6954 107.4500
107.8600 107.6776 107.4340 106.9600 107.8437 106.5547 105.9446 105.9377 105.1762 106.4668 106.4505 105.2039 105.0046 104.7309 102.7529 102.6866 102.4478 102.3123 102.1352 101.7648 101.8313 102.0984 102.4331 102.5378 102.8057 103.1269 103.3675 105.4913 105.0569 105.5479 105.6539 105.2927 107.1722 107.2815 107.3976 109.6206 107.7320 108.6494 107.9836 108.7600
107.1000 107.4875 106.7897 107.8180 106.2629 105.5990 106.8303 105.3503 105.7794 105.2527 105.7665 104.8467 103.5174 102.2668 102.4838 102.1357 102.1523 101.7057 101.4202 101.2060 101.1590 101.2667 101.4597 101.6760 102.0299 102.4691 102.8405 104.3918 103.8070 105.0846 105.7131 104.9825 106.3686 106.5081 106.7463 107.1257 107.6941 106.5449 107.0399 108.0900
107.3100 107.7331 106.8382 107.4947 107.2393 106.3432 105.6230 105.1775 104.9592 105.7806 105.8482 103.2532 102.6236 102.1421 101.7440 101.3542 101.1699 100.7904 100.8839 100.0958 100.0162 100.2741 100.3747 101.0332 101.4581 101.6749 102.1143 102.5504 103.2960 105.0239 105.6775 105.7615 106.8836 105.7686 106.5194 106.1101 106.9216 107.3525 108.2116 106.8400
107.3900 106.7246 106.8771 106.5750 105.9815 106.8848 105.5801 104.8091 105.3082 105.0662 104.1052 102.6401 101.9429 101.2971 100.9310 100.4513 100.4881 100.0899 99.6815 98.9316 98.8844 99.0282 99.3907 100.4110 100.7124 100.8961 101.5105 102.1254 102.7833 103.9923 104.1381 105.4421 106.0351 106.3651 106.8991 107.0697 106.4574 107.0344 107.1760 106.7200
106.7800 107.5952 107.7607 106.6204 105.5012 106.1188 105.1842 105.5508 104.7638 103.3720 102.7274 102.4733 101.4428 100.6367 100.3754 99.6544 99.3326 98.6082 98.3855 97.7330 97.8382 97.6924 98.9024 98.8857 99.6921 99.9986 100.6384 101.2163 102.3435 102.9737 103.8484 105.7884 104.8152 106.4171 106.2195 107.0362 106.6546 107.6197 106.5323 107.4100
107.0100 107.4023 106.7688 106.3606 106.2727 106.5089 105.5495 104.7997 104.3589 102.8998 102.2448 101.7270 100.9378 99.8922 99.2232 99.1214 98.1003 96.5869 96.2022 95.9934 95.7691 96.0611 96.8304 97.0450 97.7165 99.1769 100.1725 100.7862 101.9160 102.4259 102.7729 105.5792 105.0046 105.0987 104.9483 107.0826 107.6072 106.9928 107.5889 107.9500
108.3400 107.7285 106.6250 106.9951 105.4125 106.5693 105.2491 104.7969 103.5945 102.4873 102.0552 101.3150 100.4716 99.3175 98.4166 97.0032 95.0429 94.5440 94.1489 93.2128 93.0594 93.2814 94.2508 96.2965 96.8264 98.2923 99.5760 100.1571 101.4721 102.2684 102.5652 103.6264 105.1534 106.3835 105.6601 107.1857 106.2517 106.8537 107.7655 107.7500
108.2300 108.3127 106.9321 106.5450 105.1990 106.1634 105.0913 103.6335 103.0392 102.4954 101.7934 100.7900 99.9802 99.2741 98.2326 96.5702 94.8709 92.5073 91.2454 89.0538 89.2005 89.8202 91.6626 93.4540 94.8707 96.9112 98.9467 99.6902 100.7224 102.0208 102.6683 103.0221 104.5618 104.5289 105.5124 106.2126 105.4586 107.3225 107.4115 107.9500
108.1500 107.9284 107.4786 106.4266 106.2219 105.5524 104.6358 103.6519 102.6649 102.2936 101.4806 100.5307 99.1975 98.6967 97.5780 94.2201 91.7802 89.7534 86.3819 84.2591 84.3646 86.6999 89.4156 92.0216 94.4315 95.7196 97.7932 99.5619 100.4722 101.6880 102.2586 102.6479 104.6471 104.3537 106.2850 106.0323 106.4612 107.0776 107.8747 108.0700
107.8800 107.3249 106.9325 107.4852 106.6016 105.0484 104.6880 103.4402 102.9158 101.6311 100.9206 100.0548 98.6579 97.7629 97.3642 92.5503 90.0767 85.9804 80.6721 77.0982 76.9840 82.3122 86.5733 90.9318 93.5848 95.2456 96.9997 98.7154 100.2145 101.4080 102.2032 102.6623 104.3804 105.9096 105.7489 106.1323 106.0423 106.0640 107.7505 107.7100
107.1800 107.0469 106.4466 107.0182 106.4632 105.9081 103.7023 103.5748 102.9684 101.8017 101.0782 99.6197 98.5412 97.8289 95.5546 91.6861 88.5695 83.6369 75.7370 68.9094 69.2510 77.2047 83.8696 88.4204 92.0928 94.7791 96.4633 98.8781 99.5418 100.9583 101.9773 102.8125 103.9381 104.5675 105.5187 106.5460 106.4588 107.0749 106.5486 107.9000
108.0800 106.3321 106.9018 105.9618 106.2843 106.7099 103.8765 103.5216 102.7653 101.9685 100.8440 100.0371 98.6578 97.2066 94.2253 91.2977 86.9212 84.2791 71.0266 59.1696 59.5574 70.1721 82.3885 87.8720 90.5720 93.6552 96.5992 98.1371 99.3771 100.5423 101.7290 102.8019 103.8557 106.0686 105.4644 105.9993 105.8723 107.2843 107.7029 107.3000
106.4700 106.2703 106.2796 106.2014 107.1114 106.5782 103.8699 103.5382 102.7511 102.0160 100.9084 100.3045 98.7133 97.2179 94.9878 91.6935 87.5106 84.6712 75.4261 65.0921 64.8443 74.0856 83.1823 88.5697 92.0650 94.5130 96.7114 98.3627 99.6677 100.7409 101.7850 102.5510 103.4237 104.7867 106.0780 105.7216 105.9607 106.5856 107.0282 107.2900
106.1100 106.2658 105.7945 106.1978 107.0785 106.8301 103.8954 103.5739 102.8185 102.0862 100.8845 100.0847 98.9091 97.2402 96.6102 93.1292 90.1454 86.2940 81.3072 75.9381 75.7017 81.8288 85.5267 89.8008 92.3215 94.9798 96.9106 98.7586 99.9523 101.1319 102.0656 102.4508 103.2879 103.8952 105.8261 106.2761 105.6612 108.3105 109.7649 112.1800
107.1000 106.9934 106.2160 106.1965 106.2625 106.2072 105.1949 103.4753 102.9178 102.3781 100.9503 100.2307 98.9884 97.6501 97.1575 94.2181 92.5843 88.9509 84.9392 83.3142 83.7449 86.3305 88.1101 90.8301 93.6106 95.6568 97.6191 99.1318 100.2654 101.4498 102.1096 102.6491 104.1768 104.3549 104.7187 108.1688 105.6208 106.3114 109.6230 107.9900
108.0000 107.4175 105.9714 107.2234 105.4195 106.5647 105.6257 103.5091 103.1051 102.3793 101.4514 100.5305 99.8550 98.7357 97.3550 94.8145 93.6731 92.0840 89.4021 88.7603 88.8559 90.2585 91.5265 93.3679 95.3814 97.3094 98.6545 99.9076 100.6771 101.6798 102.5486 103.1010 104.5332 105.5599 104.9361 105.9856 105.7433 107.0488 106.7323 107.5900
107.4700 106.9049 106.2910 107.4543 105.4217 105.0548 106.0218 104.0025 103.4238 102.6419 102.0318 100.9765 100.5068 99.8142 98.6779 97.3134 95.9050 94.4567 93.9465 93.0981 92.9032 93.6941 94.5912 96.1781 97.2520 98.6216 99.5337 100.4266 101.0487 101.9789 102.8584 103.1613 104.9206 105.9588 104.7149 105.6528 107.1080 106.8754 109.9642 105.1600
108.2800 106.7270 107.4887 107.6828 106.4813 105.3184 105.2531 104.8457 103.6225 103.1106 102.3352 101.6695 101.0184 100.1438 99.7106 98.9916 97.7617 96.6708 96.2755 96.0908 96.2331 96.4477 97.2808 97.9396 98.5241 99.2862 100.2962 100.8346 101.7740 102.4721 103.0477 103.5463 105.9113 106.5388 105.2956 106.2535 107.5380 107.6695 108.1578 105.5100
108.2800 106.6000 107.8800 107.8800 107.5300 105.2600 104.9600 106.1900 103.7400 103.3600 102.8900 102.4400 101.8600 100.4600 100.3400 100.3400 98.7100 97.8800 98.2500 97.0000 97.0000 96.9100 98.0900 98.7200 99.6700 100.0600 100.9500 101.8600 102.4300 102.9400 103.3500 103.6300 106.0200 104.8300 105.8800 107.2300 107.5500 107.9600 108.0300 107.6200
