108.8700 108.8700 107.2700 107.3500 106.9800 106.7800 106.6400 112.6100 107.7100 107.5100 107.5100 107.2900 105.7900 105.7900 109.8900 107.5100 107.5200 105.1800 105.5600 105.7200 105.7200 105.2900 105.8500 106.8900 107.2300 107.2300 107.1300 107.1300 109.4200 110.4400 112.5400 113.5200 113.5200 115.9300 116.9500 117.1200 118.0400 118.4500 118.2500 117.2800
108.1400 108.2292 112.6735 108.1257 107.9444 107.4570 107.5751 110.2481 113.0752 106.7934 107.2925 107.4198 106.9193 107.1470 106.8879 106.6481 106.1631 104.4646 107.1644 105.8721 105.7467 105.7144 105.9445 106.7158 107.2467 108.8784 108.2804 107.9661 108.5893 109.6577 110.7933 112.1722 113.2489 114.6668 115.5579 117.1185 118.0955 117.7281 118.2657 118.4100
108.6100 107.5788 108.3604 107.7151 107.6290 106.4054 106.1123 106.3820 107.7510 107.7451 105.3950 105.8584 106.7374 106.4873 106.1528 104.5620 104.8004 106.3008 108.8489 105.7664 105.8325 105.8944 105.3656 105.9484 106.1973 104.6461 108.2923 108.9493 107.3948 108.4476 109.5873 110.7970 112.0443 113.2787 114.6584 116.2730 117.1573 117.3808 118.2908 117.9500
108.1800 108.2590 108.3524 107.4702 111.6547 110.3037 106.6285 107.4170 104.9258 105.4044 105.6473 105.1968 106.3879 106.1394 105.8808 105.0292 105.0934 109.0494 108.7827 105.8101 106.3119 105.7296 105.2069 105.7230 105.2465 108.0247 107.5848 106.9171 106.1923 107.1947 108.3892 109.6289 110.8252 112.1159 113.7082 114.8802 116.6267 117.6058 117.6285 117.2000
108.0200 108.0888 107.7929 107.3371 107.4202 109.1243 106.3178 106.3003 104.8958 104.8827 105.6094 105.7181 104.3878 104.7650 105.9082 104.2579 104.6567 106.0909 106.1803 105.7264 105.4212 104.6068 105.1433 105.7832 104.5638 105.8196 105.9740 107.4228 106.2011 106.0760 107.1584 108.3676 109.7771 110.9786 112.4085 113.9650 115.0423 115.8962 116.8472 117.5000
108.0400 108.0097 107.2619 107.4633 106.8361 106.7771 105.9667 106.0869 105.6780 105.4153 105.5833 104.9441 104.4181 103.2763 104.1081 104.9673 104.9468 104.9730 105.0666 105.2947 105.2309 105.0656 105.6411 105.5758 105.2573 104.7190 105.6548 107.3520 106.1956 104.8888 107.3197 109.2081 108.2505 109.9490 111.5113 113.0717 114.1859 115.4985 116.8323 117.2600
108.0400 107.0380 106.8624 106.9523 106.6316 106.7055 105.6913 104.9732 105.2718 105.5598 105.0656 105.0014 104.5684 102.9530 104.7279 104.0294 104.0005 104.3385 104.3467 104.0739 104.8388 104.9419 102.9299 105.4638 105.0421 104.0227 106.7469 105.2000 104.7344 105.0108 107.2629 108.6838 111.2191 109.0724 110.6965 112.2417 113.9666 115.5660 117.2087 118.2400
107.7200 107.1813 106.8740 106.0127 106.5249 106.5453 105.9885 105.5248 105.6987 105.0483 103.0232 103.7943 102.8320 102.1425 101.9726 102.6512 102.0502 103.1463 103.3083 102.4219 103.7577 103.6108 103.1907 104.8941 104.4342 104.0128 105.7163 107.1814 104.8446 106.0557 104.9139 108.8389 111.5827 107.3607 109.0229 110.8691 112.6580 114.5248 116.7991 118.2400
107.7200 107.4063 106.7510 106.7001 105.3136 106.3526 105.7039 105.2665 104.6280 103.6639 102.7463 102.0617 101.3986 101.5551 101.1904 101.0051 100.7466 100.4677 101.0809 102.1962 102.3327 103.4773 103.2736 103.4342 103.4064 104.3981 105.4481 105.7303 105.7522 106.2067 105.1473 109.8119 110.5432 112.2349 113.6970 111.7272 116.9195 116.4768 117.9308 117.9000
106.1100 107.0315 105.8405 106.5174 105.8052 105.9649 105.2366 105.2999 103.5014 102.1030 101.7412 101.3081 100.5763 100.0547 100.1566 99.6822 99.7255 99.8404 99.9537 100.3152 100.7848 101.4666 103.0684 102.8652 104.4093 104.1637 104.7914 104.0359 104.8348 106.1124 105.4721 107.0043 111.2977 112.5818 114.4100 112.7177 116.6743 115.0298 117.5233 116.3000
106.9800 106.8841 106.7331 106.1475 105.0467 105.1360 105.4914 104.0304 102.2853 101.7874 101.1048 100.5913 100.0347 99.3130 98.9228 98.8228 98.6338 98.4439 99.5071 99.4916 100.4016 100.5907 101.3710 102.1436 103.2052 104.5300 105.6030 107.6803 104.2622 105.8888 105.2876 105.0201 113.9126 112.1414 112.4960 113.7878 111.5049 113.4547 115.5369 115.7300
106.7500 106.6385 105.6607 104.2197 104.4106 104.8258 104.7610 102.0623 101.8563 101.2173 100.2631 99.5090 99.1882 98.1875 96.9575 97.4474 97.1972 96.7614 95.6991 96.4924 99.8018 100.0568 100.8239 101.4445 104.1828 104.2731 104.4320 104.7950 105.5026 110.8535 105.3528 110.9516 104.3515 106.2803 111.7560 114.4014 113.8508 115.1111 113.1092 114.1000
106.6600 106.4868 105.4636 104.0448 105.6900 105.1832 103.1495 101.9825 101.2862 98.3360 98.7225 98.8402 97.5050 96.6889 94.5764 94.9562 95.0226 95.6904 96.6174 98.5596 98.7592 99.1850 100.0475 100.9021 101.3641 102.3478 102.7814 104.4979 104.5687 104.9203 108.4375 109.7868 105.6776 107.2760 109.1110 113.2897 115.0670 115.1893 112.5550 111.7900
110.5400 106.3799 104.4024 104.0732 105.9238 103.7540 102.1258 101.6967 101.0661 97.8614 93.2383 98.8328 96.3724 94.0658 90.9211 93.8627 93.9140 94.5714 95.5078 96.1993 97.0048 98.1951 99.1121 100.5566 101.4101 101.8941 103.6325 103.6410 104.6115 105.1552 105.2257 109.5996 107.0074 106.7116 108.1112 110.6076 111.8561 112.3214 114.4169 111.5200
106.6300 105.7817 104.8220 104.1490 104.5733 104.4061 101.9531 101.3408 100.6816 93.6394 97.5659 96.9260 94.4012 91.1337 87.6416 91.7599 91.2938 92.8025 93.6071 94.3234 95.4291 97.4574 98.8231 99.8558 100.9201 101.6089 103.8044 102.9614 105.0137 105.0476 105.9903 106.1299 109.1750 108.1861 107.2887 108.2738 108.2924 110.2250 114.4182 114.1400
104.7000 105.8839 106.0109 105.4470 102.8320 102.2306 101.7421 100.8551 100.1790 94.8656 98.4409 95.2315 92.2667 88.4626 84.9124 84.4875 84.3493 89.7327 92.0119 92.9216 94.5209 96.5646 98.5085 99.3840 100.6389 101.5089 102.7901 104.3848 103.6670 105.8109 105.9186 105.4308 106.6997 107.6743 107.4587 107.4287 110.6837 109.7475 113.5451 114.6900
104.7700 105.6707 106.0430 105.1836 104.6515 102.4017 101.5201 100.6222 99.6836 99.0598 96.9340 93.3880 89.7767 85.8103 80.9078 74.4442 73.6952 81.3484 89.6187 92.7376 93.3794 95.1668 98.2604 99.5147 100.2830 101.3920 102.5572 104.6950 103.6534 105.4898 105.5586 104.9309 109.4135 110.4394 110.7585 110.7162 112.2032 109.7197 113.4868 111.7300
105.1600 105.6461 105.6970 104.2350 104.2082 102.2123 101.4903 100.4943 99.5749 98.3452 96.3303 93.2488 88.6619 83.7979 76.6106 66.2944 65.6724 73.8104 86.9325 90.4842 93.3606 94.5268 97.9684 99.4614 100.2467 101.1770 101.8535 103.6988 104.3807 104.9929 104.7740 105.3526 110.9822 111.5973 111.7652 113.8018 113.6672 110.5966 114.1851 111.9500
106.3900 106.0152 105.9371 104.9502 103.1561 102.1362 101.5284 100.5060 99.6524 98.5547 96.4927 93.6536 89.3972 83.1954 76.8651 64.9945 63.6703 73.3017 86.5088 90.0646 93.5647 94.3892 97.9445 99.4033 100.2069 101.1323 102.0633 103.4126 104.7729 104.8202 104.7054 105.8347 111.0490 113.1273 110.8555 110.4279 114.6914 112.2072 114.3300 114.4100
106.2400 106.2262 104.7387 104.6108 105.1812 102.0554 101.6041 100.8232 99.7175 98.4978 97.1069 93.5694 88.9709 87.5729 83.3312 73.0978 72.3199 79.7716 88.6734 89.5472 94.2348 96.5178 98.2173 99.3548 100.4396 101.4046 102.2725 102.5007 105.0127 104.5418 105.5431 106.4896 106.5014 106.6963 108.0485 108.2382 107.8653 107.6778 108.9954 109.0400
105.2500 105.8344 104.6932 104.2549 105.3553 102.5268 101.7075 100.8481 99.9802 98.8446 97.2721 95.2551 93.8722 88.6558 89.1349 86.2113 86.0994 87.5745 90.7348 91.7360 95.2776 96.5036 98.4594 99.6213 100.5565 101.5274 102.3882 102.7039 108.6767 111.0786 104.8216 109.0515 106.5240 105.5118 106.2654 108.0912 108.5274 108.7224 108.7553 109.1600
106.9200 106.1410 104.7926 104.1172 103.9796 102.5606 101.8732 101.2614 100.3089 99.2996 98.1746 96.9092 95.2670 92.1876 92.1062 89.8936 89.0650 90.9883 93.6353 94.0722 95.4615 97.7730 99.3579 99.8559 101.1267 101.6880 102.2841 105.2511 103.8789 108.1826 105.1948 109.3742 106.1725 105.7162 107.5496 108.0813 108.6895 109.0399 107.9796 109.0900
106.0100 105.4830 105.4377 104.3929 104.3788 103.5555 102.2396 101.4923 100.8196 99.8750 98.7823 97.9273 95.7237 94.6454 94.6381 93.3180 93.1690 94.4617 95.1086 95.7437 97.1343 98.3376 100.2010 94.8247 101.8855 101.9807 102.7979 105.2274 104.8708 106.2494 107.7932 104.9008 105.1232 106.1519 108.7960 106.1951 108.1477 107.2824 108.4620 108.8600
105.6200 105.4718 104.8352 104.4435 104.8704 104.5814 103.0438 101.9811 101.2447 100.2151 99.4192 98.9563 98.0077 96.5271 96.2801 96.5164 95.7773 93.6089 97.8383 97.7865 98.3163 99.5099 100.3783 101.4787 102.1603 102.5940 103.4290 104.9113 105.3925 103.4284 104.8053 106.7852 105.7564 109.8842 108.1662 108.9152 106.7897 107.9529 109.6080 109.0000
106.1000 104.7904 106.7828 104.1642 105.5809 104.1161 104.3167 102.0219 101.4807 100.6044 100.2717 99.7976 98.8731 98.3764 97.8533 97.8778 96.2393 91.4529 98.4249 99.0284 99.5982 100.4129 100.8973 101.5260 101.8781 105.2465 104.2983 104.9607 105.6434 104.3033 105.6482 105.0996 107.1937 110.1125 111.6876 110.5271 111.0775 112.0796 115.2163 115.1400
106.1000 107.2745 106.1697 105.5607 105.4551 105.4049 104.9907 103.7005 102.7188 101.3281 100.9641 100.5638 100.0286 99.7396 99.2417 98.9891 97.4730 95.8559 98.5956 96.6546 100.4779 100.9649 101.5196 102.2748 102.3943 106.9680 104.3368 104.0236 104.7940 105.5340 107.0815 106.1248 108.9972 108.8239 110.9748 111.0531 109.0942 113.1279 108.6007 108.4100
106.1700 105.6628 106.4299 105.7348 104.7777 104.6085 105.6347 104.8980 104.0196 102.2661 101.8308 101.4438 100.9927 100.5211 100.7417 100.7775 97.1722 96.2837 92.2987 100.5042 101.1510 101.6941 102.0973 102.5534 103.9037 104.1263 104.0869 104.4290 104.9940 103.9180 106.1462 107.0409 109.1002 107.7750 107.6344 111.1627 109.4153 109.3366 112.8116 109.1800
106.8600 105.8353 106.8174 106.7130 104.1339 106.2556 105.8465 104.4452 103.1880 102.9111 102.4432 102.1466 101.8213 101.2285 97.1147 98.1908 96.1629 100.7256 93.9157 96.0968 102.0692 102.3238 103.0584 104.2630 104.2096 104.0095 104.7256 105.2043 104.7880 105.7848 107.2421 111.6861 106.0675 107.7038 108.9650 108.3435 110.4994 109.9888 108.4282 110.7000
105.3500 105.2727 105.6546 106.9220 103.6827 106.1967 104.6887 104.6307 105.1896 104.1731 103.4421 103.2322 102.2922 102.4375 102.4896 99.3409 99.9132 101.4577 102.5971 101.5115 103.5427 103.8124 103.6212 105.6270 104.6336 104.9090 104.6534 105.6158 105.0856 104.9475 107.3947 111.1307 108.7874 107.5237 107.8738 107.3565 109.1178 107.2268 107.3578 107.9600
106.0400 106.5261 106.8720 107.2345 103.4644 106.4978 104.9771 105.4202 105.0485 105.8180 104.9264 104.6539 103.9070 103.9728 97.2640 99.1205 97.9909 102.6494 102.3111 103.3661 105.2696 105.6056 105.3862 105.0362 105.0775 104.9833 105.8068 106.6950 107.0558 105.6290 110.1925 108.6998 111.7081 110.2407 106.3627 107.6356 107.8325 107.1544 109.1214 110.6200
107.9500 107.2516 106.0658 104.4386 106.0138 105.7455 105.6284 105.8200 106.5930 106.4627 106.2039 105.2576 104.7501 108.1130 98.6222 103.1071 103.9292 105.1915 104.5910 103.2446 105.9111 104.7879 106.7742 105.6060 106.6588 107.7211 104.9598 106.4568 107.5642 106.8602 107.2071 108.3367 112.4363 117.2092 115.4349 112.7173 107.6495 107.3723 108.9286 109.2500
107.1600 108.0483 107.6578 106.5514 105.8617 106.6443 106.5132 107.1914 103.3504 102.4471 105.2978 106.5621 104.4860 107.3341 99.4813 103.7590 104.6019 105.8442 105.0738 104.6378 106.4306 105.1188 103.3513 104.3436 104.6948 106.2832 105.2391 107.5141 107.6974 107.4364 108.0282 107.3552 108.7919 113.3082 116.1071 112.6176 106.4523 107.7289 107.7119 108.3200
108.4500 108.2739 107.2530 107.2717 106.6078 107.4748 104.3520 104.8772 105.5343 106.4416 105.4512 106.1742 103.8645 107.1172 102.7133 105.4200 105.7875 105.5965 105.7824 106.8197 106.7594 102.6428 105.2956 106.1739 112.3332 108.2819 106.4481 107.4263 108.1057 109.1566 108.2037 108.5693 107.7822 108.5013 111.1921 107.9351 108.1417 107.1025 109.0705 110.2700
108.7700 108.3421 107.0972 106.9467 107.4048 106.2602 105.5409 104.9225 105.0457 104.1951 106.1540 106.0506 108.5960 103.3630 105.6983 106.2323 106.4572 107.1810 102.2246 106.7779 107.1478 106.7933 107.1810 106.7260 111.9609 107.5120 111.1460 113.1799 114.2377 111.0305 109.3927 109.0190 111.3877 108.5189 108.2201 111.4912 110.4451 107.3447 108.0966 110.0600
109.6800 108.4202 108.2658 107.1782 106.9483 106.6848 105.4101 105.3243 106.5596 107.2325 106.8982 106.6528 109.0869 105.4191 102.7841 107.1638 106.7669 106.8801 104.4845 106.6144 107.2734 106.1403 107.4308 108.2017 108.6851 111.8177 113.2787 113.1309 111.9434 108.2611 110.6495 110.5146 109.9297 109.5849 109.5051 108.5801 108.7721 109.3695 107.9703 107.8700
102.8000 102.2000 109.6943 107.7060 107.5586 107.3207 107.8960 107.5097 107.6416 106.5492 106.5558 107.3653 107.1942 105.5653 105.3236 106.8701 106.9183 105.3605 106.2258 106.7292 106.3439 106.5784 109.1003 110.3510 111.8607 113.3850 113.5734 110.8894 111.6922 110.6129 113.6018 112.1644 108.6713 109.7192 111.0868 110.0578 109.3131 112.1885 108.7336 108.1800
104.1400 102.5253 106.8473 110.0464 108.3364 107.5704 110.5578 111.0194 113.2778 107.3836 108.4418 108.1734 115.2248 106.3774 106.8154 106.4694 107.4832 106.2419 106.4968 107.9833 107.5834 107.5369 108.7462 113.7587 113.9602 113.0931 112.3048 114.2367 112.1587 112.6264 112.3319 114.1801 110.5281 110.7462 110.8105 113.1267 107.9107 110.5009 108.6894 112.7700
104.1400 103.4262 103.5989 104.2464 106.1899 109.2715 109.3299 109.7361 115.4876 109.2751 109.9012 110.8754 108.0923 107.2575 107.6852 110.0307 108.6073 107.2253 107.9404 107.2137 108.3410 108.4254 108.6740 112.8470 113.5687 110.8113 112.8739 114.3119 115.2836 112.7941 110.4507 113.1411 113.5883 111.3876 112.2602 114.2641 109.0209 108.4176 110.7775 109.9400
104.9900 103.8492 108.7256 106.1164 103.4140 106.9507 108.4970 113.7623 114.3319 111.1114 113.4318 112.2184 108.9068 107.3001 108.0212 112.6074 110.9002 107.9745 108.6925 108.6100 108.8744 108.8601 109.9290 113.4279 114.5315 114.6859 112.9760 112.3601 116.5599 108.3449 113.9594 114.8778 117.0367 109.4325 108.6926 107.9385 108.7849 108.7838 111.4004 111.0000
109.7600 109.7600 109.4600 110.7200 104.6300 108.2600 107.8400 110.3500 113.9400 113.6800 112.3000 111.2500 107.9500 107.2500 108.4400 113.0900 113.5300 108.2200 109.2800 109.2300 109.1100 108.8900 112.1900 114.3900 114.7200 115.2000 110.2200 112.1400 113.4600 113.8500 113.8500 109.0700 109.0700 108.4900 111.4700 108.5900 108.5900 109.4700 111.5800 112.5600
