107.1200 108.4000 108.4000 112.2700 114.0100 113.4700 113.0900 110.7500 108.8600 108.6800 113.8900 113.8900 111.7500 110.2000 112.4100 110.0400 115.3000 115.1100 111.6900 111.7000 114.4700 113.0900 113.0900 113.9400 114.5200 114.5500 112.7800 113.1000 114.8400 115.2600 115.5600 117.3400 117.3400 117.0300 116.7800 116.0500 115.8600 115.2300 115.1800 114.8100
113.0300 105.6730 114.2560 109.6204 111.2713 114.8662 114.0769 114.6196 110.2894 109.3081 112.9420 112.4854 109.3834 109.7238 111.5246 110.5401 109.6533 114.0681 111.3167 109.5672 110.6782 111.3218 112.6866 112.7093 115.1028 112.8574 110.5257 114.6454 112.4680 115.2300 115.7417 116.8384 117.5394 117.3613 117.0304 116.4348 117.0750 118.7766 115.8721 115.3900
116.0300 114.3918 113.1664 110.0782 108.0413 112.1792 114.8744 113.4567 108.8049 108.2179 112.0857 109.3277 110.1197 109.8964 107.3006 111.1954 110.9240 112.8178 111.9104 108.2470 109.5720 110.1390 109.7788 112.1113 112.2895 108.7764 108.6612 112.1079 111.0698 111.8765 116.5605 117.2371 118.0051 117.0667 117.1388 117.6098 116.9306 118.4152 116.1571 115.7000
113.1500 112.6580 110.2241 110.4204 107.2113 108.1090 112.4427 111.0248 109.1984 108.2139 109.1508 112.1558 109.4426 111.1823 106.6577 113.7135 111.1630 108.8562 113.1455 108.0014 109.9888 110.6484 109.2649 112.2926 109.3204 108.9205 109.4244 109.2510 109.2048 114.6093 114.9970 116.3829 116.3088 117.0270 118.9267 118.5610 117.7061 117.3773 116.6846 116.4800
113.1500 107.1415 110.2176 108.2451 110.0443 107.5854 111.2231 110.5673 109.4814 107.8326 108.5768 108.4942 107.4756 111.5553 107.0620 108.8742 109.7548 106.6222 109.5538 108.4096 111.7198 109.1730 107.9452 107.9233 108.5875 108.8928 109.1268 109.0914 113.2408 114.8808 115.1142 116.1430 116.0572 116.6914 117.7245 119.1472 119.6081 118.4415 117.4365 116.7800
110.5000 110.3119 111.3197 105.2300 106.5448 108.0659 110.3885 109.9889 107.5608 107.2376 106.4939 106.8564 106.1968 106.3290 109.1251 107.5754 107.8693 109.8800 109.3053 107.5293 111.5556 106.6341 108.3986 108.4181 108.4659 108.6767 108.9641 108.8588 109.6339 111.5378 114.6365 114.9991 116.8025 115.8296 115.9709 119.2647 114.3730 119.4497 117.1996 117.0100
108.1000 116.8137 115.8622 106.3325 107.4306 106.1953 109.8171 113.3492 111.0809 106.9745 106.6299 106.1041 106.0613 105.5811 105.7358 105.7176 106.3621 107.5202 106.5744 106.6430 107.8142 107.6385 107.5153 108.0977 107.6951 108.2242 108.6794 108.5411 109.4357 109.9218 112.0897 114.5426 116.3400 115.0426 115.0625 111.3326 108.8217 113.9398 113.7893 112.1100
106.7500 108.3036 112.0827 108.6649 107.2475 110.9589 113.8390 106.4218 110.3769 104.2486 105.9391 105.6485 106.4325 105.6897 105.8345 105.6322 106.0194 106.4240 107.2263 106.4965 106.1059 107.4574 107.1481 107.6941 107.3553 108.4489 108.3686 109.3841 109.5383 114.7568 113.5908 113.9339 118.2906 112.3120 111.8809 111.1766 114.5967 112.5131 116.1603 112.1100
110.7100 110.7135 111.6481 106.5849 105.5651 107.2141 110.5066 107.0010 110.0478 105.1648 105.2086 105.4181 106.5015 106.1810 105.6362 105.9318 107.8786 105.8752 107.0011 107.2511 106.8651 107.2375 106.5473 107.2384 107.1869 107.9563 108.3460 108.1020 107.7556 107.8566 111.7155 116.5475 117.4161 109.1530 114.5358 115.8013 115.5074 112.0323 116.3418 115.0400
107.2600 107.8379 108.5982 103.3271 106.7648 105.3094 106.2985 103.7054 106.9613 106.2470 105.2927 105.0660 105.3135 104.4239 106.1175 105.8337 108.0606 105.4822 105.4757 106.1380 106.1907 105.5335 106.4006 107.1607 106.9395 108.0419 107.9415 108.1723 106.7815 109.7015 108.1200 115.0338 110.1616 115.7556 114.9351 116.8316 113.6555 112.0957 114.3351 118.1900
110.7300 110.5491 107.8860 104.3320 108.6538 105.0254 105.1614 104.2011 108.5413 105.7100 105.2365 105.2946 105.4154 105.6592 105.6757 105.9601 106.0052 105.8789 106.0556 108.5786 106.4799 106.1997 107.3321 106.5971 107.3918 108.0198 107.4858 111.8146 110.5102 110.8075 109.9634 109.7360 109.6535 113.9348 116.7708 116.7311 114.9764 113.3165 113.3446 113.1200
111.2200 111.8300 110.0246 105.3981 105.4598 106.6643 105.1563 103.3384 103.5497 103.3243 104.1783 103.0583 104.4736 105.3787 104.1244 104.3349 105.3752 105.5470 104.2856 105.4556 105.6817 106.6669 107.2789 106.4077 106.9239 110.0342 110.0762 113.0271 112.3896 113.6495 110.6817 111.2056 109.7242 110.0480 115.2055 116.2813 107.1397 106.9690 109.6716 113.2300
107.4700 109.0253 104.5867 105.8456 105.9233 105.7760 103.6156 104.6565 102.7003 102.7073 102.4312 102.5111 102.1976 102.5211 102.8316 104.5893 104.8866 104.6852 105.0212 106.0944 105.8520 106.1602 106.6732 105.9539 109.2915 111.5149 113.0898 110.6978 114.3804 110.3302 107.7696 110.7152 111.0071 109.4672 115.2986 113.5752 110.2180 107.7742 107.8452 109.2400
106.3700 104.5457 105.6045 105.9723 103.4376 104.8486 104.0046 102.2776 101.9447 102.0155 101.9573 101.9608 101.9281 101.7228 102.1167 102.9110 102.8246 104.0831 104.3446 106.1454 105.0011 105.5910 106.4406 106.3225 105.0124 106.5572 105.8178 111.8353 110.6675 113.7699 107.5761 109.5961 111.5501 109.2679 112.7331 112.2629 115.0133 110.9222 117.0086 109.4500
104.4800 105.0063 105.1465 103.7220 102.6516 102.1908 101.8506 101.6315 101.2733 101.0104 101.0308 100.8616 100.7037 100.8191 100.7140 101.0433 102.0908 102.6678 102.6169 104.9004 104.0465 104.6184 105.5797 104.6412 105.1567 107.2682 109.5507 109.1889 106.4033 113.6606 109.6249 114.6755 108.0886 107.4633 112.9083 111.3292 110.7256 113.3540 112.7118 116.0500
104.6300 105.6296 102.8590 102.5237 102.2489 101.4141 101.1786 100.3363 100.3986 100.0534 99.9487 99.7466 99.5088 99.3802 99.8370 100.4418 100.9617 101.9690 102.3944 103.0886 104.8597 103.8165 104.8769 106.0537 105.5237 105.0053 107.0745 111.2943 109.9279 112.6235 112.1811 114.5204 110.5434 106.0434 112.4967 113.9576 109.8392 111.7550 108.8855 110.9700
103.2400 103.6826 102.5650 102.0057 101.6127 100.8940 100.2143 99.4441 98.8541 98.6789 98.0848 97.9509 97.5115 98.3087 98.8457 99.6939 100.6093 101.2501 101.9374 102.2201 104.3229 103.6049 104.1953 105.9824 106.0580 105.8510 106.5533 110.9529 113.2405 112.1317 115.2723 113.6497 110.5447 106.9915 108.6706 108.9596 108.7624 109.4245 113.0356 110.9700
104.9600 102.6297 102.2834 101.4757 100.9220 99.9533 99.2842 98.0531 97.8904 97.4071 96.4855 96.2479 96.2366 96.1955 97.4498 98.6394 98.9877 100.1464 101.1924 101.9194 102.4726 103.7951 103.8738 104.5751 105.2543 105.0482 105.4367 110.7631 111.1825 109.8092 109.8113 109.4872 108.0637 107.6638 108.1905 108.0083 109.1316 109.6664 113.2759 109.6300
104.9700 102.4112 101.7347 101.0607 100.2196 99.0741 98.1760 97.5115 96.0458 95.2353 94.4930 94.1887 93.5264 94.1943 95.5799 97.5395 98.4705 99.3693 100.5746 101.1717 102.0757 102.8652 103.8327 105.6365 105.1544 106.1403 106.8715 107.2374 107.4916 107.3390 107.3105 108.3552 108.1655 108.7161 108.1425 109.3531 109.5929 109.3890 109.9262 109.8900
102.5600 102.0936 101.5017 100.4989 99.6404 97.8149 96.5828 95.3691 93.4103 92.4290 90.9105 90.4845 91.3709 93.5717 93.3267 96.7602 97.9279 98.8873 100.1990 100.6886 101.7029 102.3716 103.2780 105.5950 105.2341 106.5132 106.6299 107.1062 106.3747 106.3662 107.7107 107.9288 108.6409 108.7024 109.0442 108.3115 109.7727 109.7112 109.5959 109.7200
102.5400 101.7710 100.8564 99.6714 98.6166 97.3259 94.8683 93.8831 91.3506 87.9726 86.7164 86.5778 87.8585 89.9114 90.7220 94.8462 96.7654 98.3099 99.6196 100.1638 101.1852 102.0680 103.0056 104.0381 105.6064 105.2287 106.5869 105.3096 106.7499 106.5730 107.6031 108.0690 108.5042 108.3107 108.9007 109.2559 109.7931 109.5904 113.5173 114.8800
101.8700 101.5751 100.7015 99.6117 97.9318 96.6188 94.4389 91.0050 88.7779 84.1722 80.2109 79.0976 83.4975 85.9055 90.0601 93.4800 95.7319 97.4883 99.0091 100.0580 100.9238 101.7927 102.8252 103.9088 106.1089 106.3681 107.2841 105.5774 106.3182 107.4124 107.5357 107.8197 108.4617 108.6167 110.1267 110.3783 113.8788 114.8236 110.8992 113.1500
102.0200 101.5882 100.5150 99.0728 97.4249 95.8685 93.2286 90.0965 85.5101 79.6828 69.3406 69.8937 77.7367 83.4888 87.1535 91.5591 95.8971 97.8675 99.1247 99.9996 100.9542 101.7140 102.4106 105.1839 105.1483 106.0382 106.4781 106.8931 106.1289 106.5683 106.6280 106.8975 108.2249 111.7747 113.4985 115.1205 113.3717 116.3504 110.6240 108.6600
101.8600 101.6931 100.3629 98.8393 95.9589 94.8285 93.5183 88.5644 83.0741 73.2552 62.8460 61.4425 70.4855 84.1588 86.4296 90.6401 94.8074 97.9012 99.0154 100.2023 100.9491 101.8849 102.5079 103.0112 104.0763 104.3515 105.2075 106.7691 105.4999 106.6404 106.2896 106.5532 107.5238 107.9643 107.1364 110.2271 108.6880 111.8594 111.1910 108.5400
101.8500 101.5594 100.2161 99.8475 96.7057 94.0982 92.8234 89.4125 83.0819 74.1007 65.0670 65.1489 72.1965 81.0048 86.9817 90.9352 94.8938 97.5623 99.0180 100.2692 100.9165 101.7674 102.5733 103.2961 104.4587 105.2565 105.8895 106.7282 106.3483 106.3144 107.2052 107.2023 108.1701 108.8003 110.2715 111.9048 109.9716 112.9702 110.0494 108.5300
101.8700 101.3004 100.4491 99.4169 97.8460 94.8000 92.1888 89.5435 84.5563 78.9150 71.3050 69.9015 79.7332 83.1373 88.3656 91.8932 95.2981 97.9899 99.2383 100.4486 101.0542 101.8529 102.4559 103.3442 104.9616 105.0441 105.9726 105.9144 106.8926 106.6590 107.7254 108.4091 108.2949 108.8585 110.1805 111.4690 110.5865 110.3600 108.0902 107.7700
102.6400 101.4903 100.6614 99.7569 98.7237 96.1865 94.3180 91.8085 88.0542 84.6432 82.4426 81.9565 87.6884 87.0859 90.0134 94.7382 96.4501 98.4588 99.6513 100.5540 101.3417 102.1728 102.7592 104.1529 104.2054 105.3086 105.7092 106.0261 105.8771 106.9694 107.2014 107.7353 107.3607 108.9209 109.0501 108.9128 108.5759 109.9821 109.6195 109.0200
102.6800 101.9227 101.1398 100.4991 99.5033 97.0327 95.4252 92.9351 91.8961 89.2294 87.8328 87.4961 89.4556 90.6893 92.5976 95.6089 97.7598 99.0969 99.9104 100.9491 101.6240 102.3916 103.1166 105.3167 105.2992 105.6238 105.3198 107.0445 106.5653 107.3412 107.5394 108.2413 108.4677 108.8580 108.9973 109.4963 109.5299 110.2083 108.5286 108.8100
102.8100 102.8165 101.9672 99.8445 100.2692 98.0103 96.9213 94.0689 94.7539 92.5127 91.9994 91.8464 93.0815 94.1543 95.4223 97.0720 98.1446 98.8933 100.2466 101.3059 101.9839 102.6008 103.5143 104.4471 105.0165 104.9550 105.3633 107.0577 105.9177 107.6652 107.4127 108.6770 108.5175 108.6500 108.6824 109.2138 107.7574 108.0521 107.3995 107.6700
103.3700 100.5104 99.7776 100.7828 95.2477 100.1520 98.4944 96.8601 97.3481 95.7285 95.7457 95.6276 95.7886 96.5709 97.9243 98.7845 99.5404 100.3975 100.9583 101.6638 102.2552 102.8086 104.1724 105.3733 106.2538 106.4043 105.4127 106.7225 107.7544 107.2656 107.9432 107.7355 107.4455 109.0197 108.3236 108.8578 109.0922 108.3086 108.1868 108.8900
98.8600 103.2675 102.6531 101.8097 101.1195 100.3328 99.3439 98.1332 98.0043 97.7931 97.8418 97.7222 97.7348 97.7305 99.0241 99.8965 100.1433 100.7083 101.5283 102.2014 102.6347 103.3081 104.1843 105.7709 105.3223 106.7623 106.4631 106.1523 106.6318 106.8243 107.7807 108.6178 108.2183 109.0810 108.8273 109.0029 109.3051 109.6027 108.9876 108.9100
103.5900 103.3782 102.9549 102.4338 101.8903 100.9138 100.0433 100.5045 99.0504 99.5834 98.4816 98.8362 99.0953 99.1405 100.0506 100.6954 100.6990 101.5124 102.0712 102.4093 102.9236 105.6890 105.6987 105.2228 105.0203 106.6909 107.0750 107.0508 106.7823 106.9339 107.8058 108.5831 108.0670 108.7641 108.9981 108.9726 109.4207 108.4264 108.6730 109.1500
105.4600 103.8460 103.4026 102.8686 102.4208 101.9272 101.4378 101.4183 94.8506 100.5007 99.8523 100.0699 99.9700 100.4257 101.0215 101.2820 101.5851 102.1713 102.5960 103.0136 103.5200 105.1174 105.6701 106.1540 105.8895 106.7738 107.1233 107.2600 107.8806 107.9552 107.5972 108.8458 108.1295 107.9994 109.0609 109.2564 108.9277 110.5416 110.4836 113.2900
105.1000 104.1460 104.9990 103.3182 102.9878 102.5348 102.1329 102.0993 102.0572 101.4519 101.1990 101.1097 101.2136 101.4438 101.7275 101.9206 102.2860 102.6371 103.2018 103.6644 104.8783 106.1459 104.2650 105.9742 106.2668 106.4237 107.2619 107.6283 107.9331 110.2157 108.9346 110.9306 110.0601 109.7376 108.8852 109.4247 109.9673 110.2639 112.8749 109.4300
106.6800 105.0613 103.8945 104.1085 103.4824 103.2019 103.4469 102.5592 102.5947 102.2180 102.0307 102.0785 102.2200 102.1767 102.3667 102.7821 102.9482 103.1525 104.6455 105.4436 106.5352 106.5713 106.4489 105.4069 106.7691 106.5536 107.2482 107.7915 108.1852 108.3567 108.2836 109.0849 113.7469 113.7733 111.0922 112.0590 112.1610 109.4702 110.4300 109.0900
106.8500 106.3044 103.4164 104.7045 103.9741 103.8005 102.7745 98.8146 103.2078 102.8534 102.5976 102.2730 102.7550 102.8653 103.7128 103.3342 103.0111 104.6569 106.3191 104.9187 106.1057 106.1577 108.9188 105.4611 105.6401 107.0223 107.6965 107.9943 108.4081 108.8724 108.8555 110.6602 109.9814 111.0410 115.5030 108.3492 113.5294 112.4437 108.6805 109.1400
104.6600 104.7069 105.6285 105.2113 105.7754 105.0533 105.2744 104.2979 104.6588 103.8719 104.5145 105.1408 105.5565 104.0900 105.7801 104.1988 104.7572 105.8761 106.6276 105.5592 106.6313 106.8871 107.6570 110.8319 106.8032 107.3256 107.9863 108.0157 108.5009 109.0031 108.6408 114.2115 110.6836 112.5071 114.2873 113.1316 112.5718 109.8689 111.0207 108.0800
105.7000 106.0029 105.9204 105.2682 103.6402 102.4680 106.7769 104.5353 110.9062 106.3430 104.9748 104.4697 105.4545 106.0226 107.8049 105.9646 106.1312 106.4423 106.6160 107.0325 106.5302 105.9131 106.3801 108.4886 107.4353 107.2620 107.8078 108.0167 108.5493 108.5794 113.6596 113.1783 112.7608 115.8054 114.2448 116.9988 112.4250 114.8694 112.9072 108.0300
106.7500 106.0759 107.1917 105.5991 106.5141 105.0886 106.7520 106.3551 106.2140 106.7223 105.8088 105.5938 105.9208 104.6014 106.6952 105.7809 105.6987 106.6353 106.1882 106.7369 106.7409 106.1694 106.8872 106.6451 109.5670 112.1504 113.6280 109.3832 108.9694 108.7981 110.8953 114.1969 109.1386 113.6349 110.3391 116.8724 111.8687 114.1544 113.3954 108.1400
106.8400 105.5700 107.3700 107.0400 107.0400 107.1700 106.7100 105.7000 105.9800 106.5100 106.2400 105.0100 104.7400 105.3600 105.2400 106.0700 106.5500 105.7000 105.9100 107.4800 106.0200 106.8600 108.1300 108.2200 108.2200 113.6600 113.0600 113.7400 114.2300 109.3900 109.5200 111.7900 111.3600 109.2400 115.7600 111.9500 111.4800 111.7400 108.6700 109.1500
