107.5200 114.3700 114.3900 114.1800 112.5000 109.1900 109.2600 110.5400 115.2600 114.0200 112.9400 115.3600 112.3900 114.1800 114.1900 109.7600 111.7200 113.4400 112.7600 114.8000 113.4200 113.8500 114.1600 114.8600 116.3700 116.3700 115.1700 118.5500 118.5500 119.0800 119.2600 117.6400 116.9200 118.2200 118.0000 118.0000 117.3600 116.7400 116.3400 115.8700
110.6300 110.4687 111.6664 109.1994 108.5623 114.7168 109.6840 109.3629 112.8292 110.8177 112.0454 115.8788 114.0337 113.1335 111.1393 113.6800 113.9703 113.9501 114.0471 113.6139 112.5623 113.1761 114.1123 113.9444 116.1991 118.4987 114.7337 116.1545 117.6673 119.0842 117.3236 118.3853 117.8704 119.3893 118.3131 117.8566 118.3326 118.7150 116.3969 116.2800
110.5600 114.8801 112.4016 113.0829 106.3923 114.8717 108.8186 107.9759 112.5266 109.0242 109.8107 112.9595 114.7677 110.0726 109.8540 107.6438 115.8046 114.7168 113.3323 114.6627 110.6400 108.8241 114.9968 113.8452 116.3837 118.0234 115.9630 116.2965 117.4139 117.5726 117.2085 116.9343 118.6695 118.7296 119.0227 119.0587 117.9260 118.6982 117.1749 116.8700
112.1400 117.0141 115.8721 111.8995 111.1642 111.9820 108.1718 108.6843 110.3557 114.3145 112.3892 113.3854 112.7966 108.9026 109.2841 109.0225 109.9943 114.9286 116.0880 113.0820 109.0195 109.2136 111.0033 114.1999 116.7510 117.1565 114.6588 116.3222 119.8241 115.9827 116.4634 115.9681 117.6635 118.9470 118.7723 119.7056 118.2423 117.6696 117.4669 117.0300
112.1400 113.9222 116.0673 114.1421 110.1750 109.9049 114.3133 109.4923 110.2078 112.6205 114.9635 113.6728 114.1327 114.2554 111.3432 107.3875 111.8878 110.8976 113.8525 110.0379 108.9557 112.9980 108.6520 108.2912 115.4080 113.5870 112.5049 117.6923 114.4625 114.2601 115.0392 117.6265 115.0169 116.6674 111.5199 117.1927 115.7435 116.6784 116.4989 118.2900
115.3500 111.2424 115.1085 113.7591 112.5464 108.9366 114.5751 111.5104 108.3602 107.9173 113.2514 108.5072 109.6415 112.0033 109.5252 109.2890 111.6772 112.3667 113.5377 107.9561 108.6319 108.8730 107.9090 110.3856 113.1229 113.0377 112.3017 118.2285 115.4860 114.4876 117.8643 118.1612 111.1954 112.9387 113.8537 115.9647 113.2470 115.3339 119.1569 118.2900
107.0300 107.5265 112.4634 111.5304 110.1467 111.2153 114.5946 109.4223 108.5432 108.3948 110.3155 108.2640 110.2622 107.1963 107.3506 108.1075 110.1144 109.7052 107.8420 107.9721 107.9320 108.3973 108.5541 113.1303 113.5319 114.9456 109.2596 113.3113 112.4064 114.1747 117.4640 115.4702 116.0837 113.4127 113.0531 116.4871 116.3836 117.1655 118.6339 118.3300
107.0300 107.8140 114.5869 111.2862 107.0465 110.2419 117.7590 110.0577 107.2893 107.5416 107.6800 110.4966 109.4130 106.7503 107.5805 109.8113 106.9030 111.9783 107.2545 107.5412 107.2858 107.0908 108.1338 113.2205 113.9039 114.5585 109.3323 106.9415 108.5889 116.8163 111.9601 112.3585 115.8925 117.1942 115.9295 113.2291 111.8482 117.7507 117.5722 117.9000
114.9800 113.7815 115.2145 110.6582 111.3981 113.5679 115.9266 113.7261 110.1996 109.0582 109.6764 107.4209 109.8162 106.9679 107.6282 108.1111 106.6437 106.5463 106.5255 107.8848 107.5261 113.5674 109.0641 114.3809 115.1078 112.1356 112.1112 109.7535 110.0218 111.1857 111.0215 113.0463 115.2374 117.1334 115.7971 116.0570 115.1850 116.4238 117.4037 117.9000
114.9800 109.5321 109.2503 111.0239 110.8706 111.4340 113.1738 110.2638 109.9885 107.0361 107.3604 106.8911 107.7241 107.7980 107.4884 105.6962 106.6493 107.6222 105.9561 106.6607 113.0256 108.1128 114.3307 113.3165 113.5781 109.5105 110.8215 112.3942 109.6622 109.9677 113.0711 109.4913 117.0997 115.6341 114.0374 108.4113 114.4650 110.8094 115.9696 118.0200
113.7300 111.1507 108.4865 109.6740 108.7444 108.6019 105.9687 105.7554 107.7258 107.5228 107.5550 107.2779 107.2561 106.2132 106.3326 106.6085 106.2016 107.9518 107.4379 106.3262 113.6280 108.2558 110.0256 110.7961 112.8820 107.9737 108.4774 108.9620 113.2251 109.0526 110.8524 111.3577 110.9186 115.9475 114.9083 109.7050 109.3987 116.2770 116.9234 118.6500
111.9400 109.9901 107.4789 107.0069 106.6377 110.6308 109.8863 110.6109 106.3519 107.3759 106.9777 106.3864 107.2238 107.2025 106.5515 106.7065 106.2960 111.8721 107.8386 106.9074 105.1771 107.6696 106.8873 105.2341 106.7548 110.0056 110.6760 107.6350 113.0536 113.7430 115.0963 115.1278 110.6684 114.1059 113.0652 109.2383 109.2266 115.2330 116.7528 119.0500
107.7600 107.8479 107.1193 107.0885 107.4786 108.9700 106.2579 109.6200 104.7656 106.7254 106.3201 105.2039 106.3148 104.9141 105.7061 105.1497 106.3297 106.0556 107.0411 107.1246 105.7010 106.9896 107.4836 106.4983 106.4839 108.8308 107.7420 108.0240 108.2896 113.3123 113.0721 109.8227 113.4899 113.9186 113.8155 114.2773 116.5940 113.0026 115.1276 114.7300
107.6600 107.1889 106.2052 109.1414 108.1209 105.8282 105.4421 109.2867 106.0540 105.7156 105.7347 105.5420 104.3163 105.6652 105.4080 105.3467 105.1661 106.3892 106.1757 107.4064 106.0958 105.4137 106.6677 105.8752 106.2564 107.3772 108.0068 107.7717 111.9132 109.8387 108.0414 109.1446 112.0352 113.2391 111.1691 111.5348 112.7243 117.4768 114.3699 117.0000
108.1000 108.0587 107.7836 106.9554 107.1341 106.3006 106.7643 109.6474 109.8585 105.8467 105.5517 106.1818 103.9011 105.6124 105.5021 104.0254 106.2197 105.6535 105.8795 104.3296 105.1708 105.9326 105.1986 106.2424 106.3006 106.7801 107.4461 108.1449 109.3828 106.9417 107.7987 108.9327 106.3569 113.7475 114.1986 111.0610 110.3276 112.5322 111.0856 112.0800
106.5400 107.7888 107.1227 106.3564 106.2411 105.3252 106.6391 105.3735 107.9194 105.8763 105.4813 105.7301 104.5784 104.4309 104.8856 104.5280 104.4248 104.0232 106.4950 106.2543 105.1379 105.8723 106.9322 106.5632 105.5838 105.6671 106.9655 107.1563 106.9123 107.3533 110.0902 111.4682 105.2140 113.5478 115.5621 110.5265 109.7566 113.1996 113.6507 116.1000
106.5400 107.1547 107.1134 105.2805 106.0896 105.6623 105.8277 106.0643 105.1173 103.8708 104.1607 103.5446 103.2936 103.8473 104.0481 102.7720 103.1164 103.2265 103.6839 104.2255 104.4678 105.1946 104.6716 106.6640 106.7316 105.6972 107.2843 107.4188 107.6115 110.8270 107.7219 111.7926 106.0386 112.3073 114.0679 109.7794 109.3233 110.8229 111.4228 112.1500
105.7300 105.7364 106.9094 105.1974 106.0616 104.6348 105.1843 104.7393 103.1204 102.9005 102.5852 102.1930 101.8482 101.2718 101.5525 102.0451 101.9362 102.3983 102.7752 102.9056 104.3074 105.5121 105.9117 104.8595 106.2336 104.8951 106.0659 106.5874 107.4390 108.7144 106.8293 108.9096 107.7080 113.9350 109.5223 109.0358 108.7506 109.3590 113.1158 112.1500
106.4700 106.1024 106.6421 106.3749 106.2791 105.6859 104.0184 103.0627 102.5141 102.3340 101.8418 101.2163 101.1543 100.8454 100.9381 101.3410 101.5767 101.6335 101.9829 102.1082 103.0559 103.7960 104.5648 105.8707 106.2394 106.1166 105.9963 106.6196 107.0725 107.0531 107.3929 107.9877 108.0178 109.0102 108.7216 111.2783 111.5521 108.6024 113.7478 114.7400
105.8800 106.0820 106.2675 104.3464 105.4801 103.9161 102.4427 102.2157 101.7626 101.3633 100.9713 100.5435 100.4775 99.4481 99.5547 100.6512 100.5515 101.0057 101.4512 101.5702 102.2030 102.4909 102.8877 105.7271 105.9457 105.5334 105.2490 107.1156 105.9879 106.7026 107.2170 106.3264 110.0127 107.4936 108.5424 107.9526 109.1646 111.0089 111.4195 112.2200
106.0400 105.4247 104.3224 105.3709 104.2189 102.5837 102.1521 101.7834 101.1448 100.4950 100.0830 99.7466 98.9094 98.9656 98.9547 99.3580 99.1466 99.7070 100.6016 100.5268 101.2192 101.8513 102.8524 103.0227 105.1507 104.7298 104.8563 105.4499 106.3636 107.1240 108.2695 112.7387 107.7754 107.1760 107.7170 109.2815 108.7887 113.4381 111.1905 110.5900
106.2600 106.3932 104.1811 104.6872 102.6597 102.2921 101.4552 101.0146 100.1025 99.5600 98.6195 98.2959 97.5354 97.0401 96.9348 97.8157 98.1748 99.0386 99.3900 100.0228 100.4763 101.2061 102.1213 102.9443 103.3149 104.2814 105.5540 106.1708 105.6868 106.5452 106.7733 106.6545 107.7409 106.9972 108.2127 111.3519 113.4296 114.6069 106.3824 108.4500
104.8200 105.8772 104.1359 103.4188 102.3476 101.7942 100.9754 100.1440 99.4228 98.4104 97.2006 96.7299 96.2119 95.2339 94.9952 95.9952 97.1914 98.2856 98.3808 99.1265 99.8927 100.7835 101.5776 102.2295 102.8189 103.8449 105.7866 105.0938 105.7411 105.6828 106.0700 106.8941 107.0885 106.9449 107.0682 107.9943 110.1143 114.2307 109.5143 112.5700
104.3600 104.2427 103.7609 102.5643 101.5926 100.8067 100.6428 99.3242 97.9352 96.0272 95.4614 95.3250 93.4814 93.1458 92.8942 93.3578 94.6886 96.4276 97.4830 98.8099 99.1553 100.1732 101.0437 101.9114 102.5140 104.2716 104.3217 105.4556 104.9315 106.2297 106.5501 106.2539 106.3789 107.5492 107.1090 107.1155 108.3448 110.2390 109.7129 106.9200
104.1500 104.8299 104.5605 102.3779 101.6702 100.1040 99.0242 98.4580 96.2376 94.5684 93.5659 94.2711 90.2296 88.7008 88.9154 89.7142 92.7746 94.9068 96.5270 97.7778 98.3338 99.5257 100.2645 101.7359 102.4805 102.8945 103.4962 105.9871 106.6537 106.0971 105.7492 106.4721 106.8011 108.4942 107.5104 108.9412 108.0930 108.8514 111.0042 114.3200
106.2200 105.7543 102.6866 102.1734 101.4960 100.1868 99.0181 98.0109 95.8284 94.0505 92.1014 91.0791 86.7728 84.5605 85.2669 86.7426 89.7599 92.6059 95.1433 96.6609 97.7204 99.3568 100.0980 101.2697 102.2702 102.7246 104.9004 105.2581 106.2946 106.8453 106.3183 105.9125 107.0896 107.4785 107.1641 107.6640 108.7856 109.0880 108.4613 109.5800
105.6400 104.1770 103.1444 102.4167 101.0394 99.8175 98.5840 97.1279 95.3435 93.1136 89.9044 86.6298 82.6626 77.4291 76.5418 81.1910 87.1381 90.4795 93.1403 95.2574 97.6712 98.7429 100.2670 100.8500 101.6452 102.3973 103.5000 103.8671 106.3880 106.5771 107.4715 105.8848 107.3227 106.6211 108.0346 108.1479 108.8892 110.1489 112.2456 107.9100
105.6400 103.3862 102.8738 101.4875 101.4191 99.7966 95.5617 96.4693 94.7792 92.0575 89.0094 84.2990 77.4761 68.1618 68.7135 74.5523 82.6451 86.4419 91.0271 94.7865 97.0601 98.3594 99.5720 100.7839 101.7406 102.2822 103.2199 104.5898 104.6621 105.7794 105.6467 106.3457 107.4911 106.7429 107.7166 108.4068 107.5972 107.9444 109.3791 108.7300
103.7900 103.6203 102.7326 101.2488 101.4967 99.9448 98.8062 96.4341 94.9059 91.9803 88.8434 82.9688 72.9210 62.5238 62.5204 71.6367 83.9536 88.0716 91.1417 94.9992 96.3132 98.1966 99.3717 100.6954 101.4230 102.1888 103.2039 105.0394 105.1141 107.0156 107.1228 106.8317 107.6975 106.9187 108.0339 108.3037 108.2238 108.1817 108.0057 110.4000
103.8600 103.6395 103.0767 101.1489 101.6333 99.9842 98.5849 96.5639 94.9046 92.1354 88.8992 82.9883 74.8475 65.4277 64.6957 74.0008 84.3084 88.7148 91.3854 95.1176 96.3133 98.2526 99.4124 100.7102 101.4188 102.1995 103.2126 104.9659 105.2705 106.3349 105.8972 107.0062 107.6676 107.3553 108.2316 108.5286 108.4909 108.3008 107.5708 107.8400
104.1800 103.6814 102.8780 102.3173 101.0942 99.9688 98.0534 96.4666 95.3992 93.5485 89.7946 85.6550 79.6208 74.2963 74.7881 83.6549 84.1373 88.2544 92.4947 95.6415 96.7038 98.4684 99.8600 101.0009 101.7942 102.4130 103.2377 104.1420 104.3129 106.2721 107.3922 106.2658 106.3628 106.7208 107.9067 108.4064 108.4743 108.1127 107.2771 108.0000
104.2100 103.7205 103.1406 102.5621 101.4807 99.8732 98.8627 98.0422 97.1686 92.9322 90.8947 88.2050 83.9126 83.0368 84.0189 89.2256 85.8891 91.1921 93.2439 95.3567 97.2393 98.9259 100.4500 101.1949 102.2151 102.7570 103.5316 104.4291 105.9929 106.0690 106.9743 106.0397 107.9016 106.8694 107.5703 108.3684 107.3501 108.2744 107.3314 113.0000
106.1100 103.8545 103.2670 102.5800 101.8091 101.0046 100.3677 99.3988 98.7628 95.7715 93.2931 90.7870 88.4926 89.7601 88.8901 91.0626 90.4402 93.0870 95.5056 97.0327 98.3867 99.7457 100.7404 101.4896 102.0827 102.8265 103.9387 104.5889 105.5362 106.5119 105.5083 106.4360 106.7608 106.6521 107.2232 110.4484 106.4432 107.8624 108.4551 109.0200
106.3000 104.0637 103.4700 102.8460 102.1710 101.5131 100.8290 99.8663 98.6503 97.2550 95.4538 94.1501 92.7300 92.9536 92.6231 92.2094 93.3658 94.8338 97.2879 98.3274 99.2123 100.1207 101.1604 101.8421 102.4102 103.0390 103.5884 104.0571 105.3049 106.3418 106.4110 106.1977 107.2080 108.7365 109.4367 114.6274 108.3130 106.5906 107.9354 107.8100
104.7600 105.4089 103.6888 103.2137 102.5962 102.0252 101.3538 100.7424 99.4695 98.5260 97.1210 96.2544 95.9034 94.4216 95.4144 95.6762 96.2023 97.0920 98.2293 99.1478 100.0375 100.8561 101.6108 102.2858 102.7780 103.9977 104.0556 104.2948 105.3604 105.8102 106.7911 106.3358 106.8675 110.6748 111.8463 111.9524 110.6298 113.4022 108.2256 106.8800
105.0600 105.1603 104.1675 103.5269 102.9754 102.4389 101.8306 101.2160 100.1418 99.4801 98.7716 97.6873 97.3740 96.2984 96.6456 98.0777 97.9647 98.8224 99.4135 100.0338 100.7698 101.5517 101.9952 102.5092 102.9189 104.8433 104.7032 104.9517 105.9689 106.2254 107.9726 106.3727 106.4890 109.8160 111.4034 108.5328 110.0023 114.6119 111.3512 115.5600
105.6100 105.4511 104.4884 103.9145 103.4105 102.9250 102.3512 101.6961 100.9654 100.6091 99.4256 98.8821 98.6021 98.6601 98.6132 99.2258 98.8643 99.9139 100.3477 100.8680 101.4744 101.9938 102.4722 102.7780 104.3281 105.9860 104.8211 105.2126 106.5613 107.0725 106.8002 107.4306 107.5510 110.5725 107.7219 109.8681 114.6086 113.1431 111.7526 115.4000
105.7500 105.5714 104.6916 104.1233 103.7822 103.3412 102.8555 102.3091 101.8253 101.2907 100.8497 100.1318 100.0511 100.3615 100.3404 100.1039 100.0909 100.7889 101.1990 101.7944 102.1594 102.5898 103.1620 103.3388 105.7217 106.2180 104.9057 105.2950 106.2908 105.6196 106.5306 106.2129 106.9841 107.8353 109.5956 111.1886 114.0494 112.1936 112.0452 107.5400
105.9400 105.9781 106.3109 106.1183 103.8001 103.6693 103.3258 103.0153 102.5415 102.0252 101.5681 101.2511 101.1157 101.0077 101.1154 101.3482 101.5949 101.7480 101.9925 102.4248 102.8258 103.2210 103.4138 105.0033 105.8762 105.3060 105.2872 105.7971 107.0310 107.9807 105.7768 106.4777 106.3863 106.4411 112.5885 110.7483 115.7291 110.3678 109.6378 108.1700
105.9300 105.9300 107.1900 112.1800 110.2400 110.2400 103.7100 103.2800 102.9000 102.9000 102.3700 101.7800 102.0100 102.0100 101.0800 102.0900 102.1500 102.1200 102.4300 102.8200 103.1800 103.5300 103.6200 104.8200 106.5900 105.5200 105.6200 106.1000 106.8200 107.6900 105.9800 105.6100 107.2500 113.9500 112.9800 112.9700 114.4300 109.7400 108.9400 108.9400
