104.8100 104.9400 104.5000 103.1300 102.0400 100.5000 99.0300 98.5900 95.7200 105.0000 88.0500 87.5300 71.9800 71.9800 71.6100 71.6100 79.2800 88.0500 90.6200 95.0200 96.5600 98.8500 99.7300 101.2200 100.3200 110.2000 110.3300 114.5500 106.3200 107.4000 103.3600 104.5700 111.2600 113.4300 118.7000 114.3800 119.5500 119.8200 120.3300 120.5800
105.0400 104.8321 103.9596 103.2281 102.1078 100.2310 99.3015 98.0932 96.4488 93.7443 89.3325 85.1950 78.8725 70.0231 68.6846 74.2007 82.5560 87.7558 92.3672 95.2552 97.0181 98.6722 99.9017 101.4694 101.2551 107.7897 109.4489 110.1179 106.4993 104.7413 103.6324 106.3930 110.6919 116.6698 118.2923 114.1010 118.8218 119.8410 120.2258 120.5800
105.7000 104.3174 102.8992 104.8568 102.1424 100.6155 99.9680 98.3582 96.4405 94.1873 91.0744 87.3220 82.5186 78.3930 77.2219 80.6714 85.2599 89.4533 93.1783 95.7928 97.3987 98.9330 100.1211 101.3104 101.7998 108.7978 110.5970 111.2686 105.9653 104.2052 103.5007 106.7546 111.2989 112.6253 111.3895 114.7359 119.2768 117.1673 120.3016 120.5900
110.6900 104.5004 103.3767 102.7221 102.9767 101.6002 100.0450 98.8185 97.0058 95.1495 92.5315 90.1252 87.2160 85.5432 84.7572 85.6865 88.7233 91.6796 94.6933 96.5342 98.0059 99.3214 100.4794 100.9121 103.0739 109.9923 113.9046 108.7535 105.7974 103.9779 103.6835 106.7400 110.7336 112.3414 112.3544 115.5039 119.2191 120.0053 120.2613 120.6000
105.6600 104.3699 104.9703 107.1795 108.7041 102.3166 100.6027 99.5768 98.5388 97.3544 95.0526 92.9851 91.0905 89.7534 89.7869 91.5550 92.2580 93.8743 95.7579 97.3573 98.7172 99.8040 100.7754 100.8517 105.0254 112.7854 112.9118 107.8701 105.1794 103.6343 104.0424 105.6215 107.3522 109.8336 112.7879 116.2114 119.5846 119.9020 120.3401 120.6100
111.0400 106.2984 107.6586 105.6669 106.0385 102.7191 100.2030 98.9057 99.3795 98.2865 97.1122 95.8212 94.0516 93.2280 93.3436 93.7243 94.9238 95.9808 97.1992 98.3951 99.4646 100.5060 100.5817 102.0549 108.0445 114.7100 110.9411 106.7199 104.4356 103.2229 104.3895 106.1925 108.3476 110.7148 113.4279 117.1026 119.7293 120.0142 120.4090 120.6300
111.2000 106.3032 104.2777 104.7236 104.4849 103.6556 101.5670 94.7394 100.5535 100.1403 98.3208 97.7104 97.0747 95.9275 96.0173 96.2865 97.0898 97.3381 98.4498 99.3342 100.2254 100.1827 100.8479 105.1955 111.9637 114.1616 108.7372 105.7528 103.8440 103.3330 104.8321 106.6605 108.7558 111.3061 114.2047 118.2662 119.8127 120.1187 120.4822 120.6500
106.0800 104.6235 105.5604 105.4510 103.4918 103.4078 103.9644 98.2138 101.0763 96.2540 99.2493 99.2029 98.7531 97.9113 97.8386 98.4724 98.6368 98.9195 99.5100 100.2475 101.1222 101.0547 100.8204 106.4801 112.4470 111.5730 106.9146 104.7853 103.2686 103.7953 105.5265 107.4443 109.5015 112.2373 115.3257 119.3818 119.8713 120.2274 120.6086 120.7100
106.1400 106.0109 106.2265 104.7818 105.1270 105.2124 104.0504 102.9821 101.6446 95.5348 99.9302 100.2956 99.9316 99.7361 99.6999 99.7521 99.7213 100.0754 100.7086 100.7517 100.9325 100.6963 105.8201 105.7407 112.5052 108.5747 105.4273 103.9258 103.2969 104.6089 106.3172 108.3466 110.5541 113.3214 116.8001 119.7672 119.9781 120.3011 120.8117 119.2600
106.1900 106.7438 106.3017 105.5495 105.3627 103.6895 104.6186 104.2245 103.1933 102.1850 101.5711 100.9249 100.6361 100.8609 100.8407 100.7968 102.4022 101.9053 100.2072 102.0274 99.5761 103.3929 109.5522 112.9885 111.2772 104.8697 103.6063 102.7161 103.5913 105.6216 107.2804 109.3607 111.7319 114.6552 118.3780 119.8420 120.1285 120.3896 120.7833 118.9300
104.8900 106.7085 106.4136 106.4703 106.1071 110.1000 103.8499 104.1419 104.9727 105.9265 102.4797 103.6428 102.0631 101.7213 101.6499 102.6792 104.7247 104.2722 102.0993 103.3525 107.0072 114.4269 111.3141 116.1740 107.6844 106.0633 103.3267 104.8858 105.3269 106.1634 108.4664 110.4783 113.1238 116.4809 119.4057 119.8971 120.2635 120.5867 120.1961 118.6000
105.9100 106.4049 106.7742 106.8260 105.9592 105.6434 102.1693 101.2319 105.0284 104.4978 100.1627 104.7110 104.2591 103.5068 104.1412 108.8377 107.9222 108.7422 102.3619 108.3903 102.7378 106.4739 115.2373 111.9174 101.9386 108.7079 107.9583 106.9698 109.8436 109.4298 109.4062 111.9699 114.7712 118.6415 119.7480 120.0829 120.4043 120.6226 118.8566 116.7300
107.7200 106.9360 105.5369 105.0465 105.5427 106.2487 107.5158 102.9468 101.8613 100.5838 103.6873 104.5941 104.6121 104.3341 104.0177 107.7905 105.9357 109.5095 107.2310 111.5670 102.7761 106.5270 111.4281 116.3471 104.2156 105.0958 105.3005 112.0855 105.8990 104.8256 107.1149 108.9354 116.6180 119.7551 119.9084 120.2530 120.6267 120.0976 117.7174 116.4400
107.7300 106.9331 106.1501 105.5198 106.9016 105.5588 106.6790 105.2196 104.6522 100.1243 105.4105 105.4974 104.7456 103.9336 106.1398 104.3764 106.9905 107.2651 103.4920 103.7062 105.7159 111.4206 111.8180 106.8311 102.1895 104.9430 106.6550 108.5416 114.0506 109.6712 112.5202 112.5147 119.0769 119.8384 120.1357 120.4785 120.9757 118.9396 118.8262 120.7000
108.0100 108.1689 107.7474 106.9134 104.1228 102.4688 106.5364 105.6028 106.3253 102.2533 101.7993 102.8738 103.0802 105.2201 108.7736 106.2209 108.2038 108.9717 105.2414 102.8953 107.3064 107.9694 111.1121 112.5161 109.4599 106.0194 104.2359 110.3543 112.2442 110.7952 111.7561 116.0459 119.8753 119.9899 120.1035 120.6346 119.7247 121.9853 121.3375 118.4200
109.6500 111.8755 107.5573 107.3597 106.4281 105.9850 107.5870 104.7611 104.5129 103.6354 103.2258 101.8654 105.3525 106.0086 106.6330 105.3514 104.4501 103.7555 107.1472 105.5728 108.1157 107.9868 112.4975 109.3316 104.2209 109.9246 104.9979 108.0006 117.5746 111.3522 111.0779 116.2389 118.2896 119.2528 122.0827 120.7055 119.0148 117.7951 118.0471 121.7500
108.2900 110.4139 106.6132 110.8253 110.3001 111.2342 109.2983 107.8976 105.4649 105.4519 105.1119 106.8445 106.5326 106.7555 106.8076 105.1827 103.8732 104.6914 105.5550 106.9922 106.3929 106.1571 112.8031 104.5671 106.6901 109.2536 105.9590 110.9683 111.8728 105.1626 110.0133 112.5888 117.5229 113.3051 118.6243 117.5360 121.9886 119.3776 113.8985 116.0800
108.2900 109.9487 110.5031 113.6578 107.0917 108.7750 112.1186 108.2361 104.8011 104.7839 108.1068 106.0075 106.3461 106.2888 106.8017 106.2850 108.0389 105.2747 105.6643 106.6393 106.7504 107.0122 107.5596 111.3721 106.1966 106.8721 107.8790 111.5102 120.8774 112.5767 115.7170 112.4821 117.9619 112.3181 113.5407 117.6691 121.1153 122.5030 120.0225 121.2000
111.5900 111.6980 113.2717 113.1266 109.1945 109.5330 113.9909 109.9387 110.8549 107.2524 106.1674 113.6921 109.3400 107.4605 107.5544 107.1126 106.8214 105.6482 106.9579 106.6481 107.7037 107.2568 106.3008 110.3516 111.9507 114.6339 110.1239 116.3323 118.5268 116.3643 112.7697 114.9695 116.0026 115.1578 115.5969 117.9225 119.9417 120.5936 112.3349 112.9300
108.4800 109.4625 109.8354 113.8752 111.7917 109.7213 112.3983 111.8603 110.6016 107.5525 110.9727 111.9358 108.1241 107.8006 107.7885 107.6094 105.7194 111.3344 105.7669 106.6900 107.9985 107.7782 106.6726 105.1689 112.5385 111.9737 105.5421 104.8084 110.1619 117.1819 111.4190 111.6381 118.0872 111.6161 107.7777 111.7356 118.3037 111.7030 111.3743 110.4700
113.4800 114.2171 107.1009 115.7191 111.7289 108.3924 108.2161 109.8931 108.0681 108.2800 111.5202 113.3020 107.6775 111.4699 109.8518 107.8292 108.2714 113.0512 106.5394 106.9834 106.7978 108.4160 110.8744 109.4877 112.1106 114.1646 109.6995 112.1542 116.0923 118.9105 116.9533 112.2396 111.0648 106.3860 105.9692 110.5393 114.7033 113.6067 115.0450 116.0900
111.1200 111.4239 111.1702 115.3639 111.3497 109.7524 107.2140 111.4631 109.8204 111.2267 112.3614 112.2644 109.2340 108.4191 107.5189 108.5291 109.9632 113.3855 107.6509 108.4431 109.6360 109.0096 108.5541 102.7795 105.4425 116.2811 113.8351 114.6143 111.0748 107.9811 117.7293 119.5698 112.1636 105.9162 112.0495 109.7611 109.8254 114.1103 116.6521 115.5400
115.3600 115.5527 115.8198 110.2743 110.0634 109.7178 107.6478 112.3776 104.8657 115.2756 114.1567 114.3298 110.9776 110.8340 109.1554 109.5012 111.6368 116.2085 109.3513 108.3348 110.5909 108.3120 102.9688 103.1326 105.2289 111.6693 112.5560 117.4529 110.8756 113.3070 108.2494 113.6951 117.6875 109.8349 117.7869 116.5092 114.3018 115.8770 111.8833 114.2400
113.6900 114.2856 110.9432 109.0432 108.4805 110.4040 108.6568 112.2480 106.2958 111.2769 107.2425 110.0879 110.0576 112.2753 110.7268 105.9797 106.6079 108.6651 104.4559 109.4906 110.4039 109.1318 107.3246 110.8849 111.8815 109.0617 112.3729 116.6918 107.7134 114.4494 114.3312 113.4870 118.3372 116.8516 109.3927 113.7285 116.2778 115.4330 115.2673 109.2900
113.9300 110.3246 108.5727 107.2627 107.9299 109.2533 106.6580 108.7535 107.8918 106.5992 108.4985 109.0949 110.8796 114.0708 111.4150 103.4109 104.7360 106.7048 105.2595 105.1614 110.6343 103.6389 107.6769 107.6839 110.2425 118.0050 113.8400 116.4059 111.3287 111.9924 113.2907 109.4319 108.6177 116.1580 110.4758 120.7389 116.5151 117.4682 119.2720 109.2900
109.1000 110.5565 107.3296 106.1470 108.4013 108.5833 107.7847 109.1103 107.6878 107.1739 109.7190 107.0472 114.7446 111.8707 111.9815 107.4910 108.8362 109.9339 111.9161 105.0382 109.0089 109.3302 108.1372 105.2134 109.0936 116.6198 113.3915 113.8495 115.1567 111.6796 109.1073 112.4771 111.7164 115.2145 107.9233 113.9572 118.0603 120.2281 116.8298 119.1900
111.6000 110.7356 108.3646 108.4230 106.4900 107.4855 108.8507 107.5240 107.0306 108.3020 112.6593 106.9148 112.4529 113.4389 112.9830 110.7831 105.7422 108.4637 111.8273 106.7949 109.3054 109.2677 110.5836 110.8340 111.0049 113.8181 114.0165 113.3129 116.3805 112.9598 110.5690 112.0297 108.7391 113.4613 114.8166 115.7484 116.7448 121.3698 118.4163 113.6600
111.2400 104.2339 107.9384 109.5451 108.0173 108.0670 108.8146 106.8243 108.5331 109.4237 111.2859 111.1749 113.1429 115.4502 110.4393 106.1207 106.8754 108.4201 108.8524 105.8513 106.1964 109.7231 113.8431 111.2656 113.0266 112.4802 111.6531 114.9432 114.0349 117.5636 112.8695 111.4799 109.9381 112.9964 116.7019 111.3308 117.0787 116.0278 112.4744 113.6600
107.7500 108.8042 108.4669 109.6213 108.6298 109.5566 107.7112 110.3054 107.9040 109.8886 108.6653 110.2440 111.9700 114.1986 110.6831 111.6610 106.0949 109.7868 109.8090 107.3955 106.2403 106.8086 108.6422 113.0449 111.5300 111.9423 111.3924 110.3296 116.9682 117.0684 112.8983 111.0264 110.7271 114.2245 114.6536 110.6819 110.2422 108.2505 108.2146 110.0200
107.7500 112.8947 110.8015 109.8386 109.2113 109.3810 108.1913 110.1069 108.8632 110.3442 112.3961 112.0600 113.8067 114.9038 110.6057 112.2792 110.6146 109.2828 112.1650 106.3278 107.8019 107.4864 107.4251 109.6511 112.3050 116.2521 115.6208 111.4462 115.4357 116.6285 117.7762 115.0870 115.8581 112.2253 109.4224 110.4076 111.3941 108.7178 111.1523 109.5300
112.3200 112.8154 112.5575 111.2253 108.9520 109.5023 109.3746 109.3460 111.0568 111.7015 113.2580 113.7625 117.0756 115.6413 112.2678 107.0948 110.9699 108.3911 113.9751 109.6759 109.1613 107.7979 107.8365 110.2861 112.3302 116.7539 117.0830 109.5137 111.4113 112.6254 113.8154 109.1823 113.5478 112.5196 109.7183 109.5306 111.1030 108.6099 113.7607 110.4100
118.0300 117.7706 114.1461 113.0080 110.6350 108.9040 109.9883 108.1486 111.6514 115.9814 109.4067 115.9271 116.7110 113.5130 112.1266 108.4408 113.2757 110.4041 109.7623 109.5308 110.0107 110.0051 109.8679 111.9408 115.5010 116.0114 112.4325 111.8230 111.3991 114.1381 114.4158 115.2261 113.8689 114.2143 113.9675 110.1360 111.2453 110.0032 111.2244 110.4000
116.0200 115.5079 114.4966 113.2473 113.5313 109.9280 113.1235 113.5076 117.2601 116.6191 113.6741 112.9952 116.5475 116.8815 114.9586 112.4118 110.4801 110.9731 110.5620 110.9242 111.7358 111.6509 110.6366 112.5606 111.6553 115.2498 111.5872 117.6392 108.9911 113.4798 112.6116 113.4621 107.8754 113.9708 114.4593 111.7592 111.0744 109.5797 111.2474 109.2900
112.8800 114.6272 114.8035 113.7727 111.3614 111.1287 115.0841 116.0713 115.9460 118.6183 112.4142 111.8468 117.7435 118.6326 114.6657 115.1716 114.8573 116.1588 112.3314 112.6010 112.5086 113.5531 111.5706 113.0908 108.9573 110.5922 111.3260 110.2901 108.9154 108.6068 113.5161 115.6720 112.2087 109.3863 109.8224 111.0644 112.2752 109.7742 111.7917 109.8300
117.4000 116.8375 116.3532 114.3024 113.0201 112.8746 112.6505 114.1071 113.2811 115.2457 116.7178 114.5551 120.6891 121.5148 118.2417 113.1652 111.8011 111.6006 118.4527 115.4521 114.0544 112.5559 114.5966 113.2747 112.7904 112.1901 111.8678 112.8359 112.8869 113.6127 112.9774 111.7628 116.4929 108.7190 109.7946 113.6072 111.6635 109.5970 109.9104 112.6000
117.6200 117.9487 117.8019 113.5393 113.7200 112.6887 114.0918 115.8325 114.3612 118.0448 112.0055 110.0459 118.5038 113.3848 117.7294 115.4295 116.2735 120.7955 111.6982 112.4210 115.0923 112.5281 114.1354 113.1233 112.7274 113.7668 114.6647 115.0479 113.2340 114.3926 114.4226 113.1204 116.8817 109.7822 111.9096 109.1984 111.1733 109.7150 111.1206 111.0600
113.6800 121.1156 113.8153 114.7469 115.4003 114.0736 114.5396 113.7425 113.9188 116.6695 109.6090 113.1025 110.6305 114.3403 117.3519 115.3370 111.7657 113.1531 113.4267 114.9249 113.5591 113.8005 115.1192 115.3078 114.1328 114.5433 114.2366 115.7676 116.0320 115.1713 115.9166 116.5837 111.8816 116.5961 116.7619 115.2377 113.4384 113.9279 109.7898 111.0600
120.7700 118.2415 116.1938 116.5647 116.1047 115.5144 115.4204 115.2351 114.9539 113.8870 112.5982 112.4940 111.7274 117.7984 118.2785 118.0642 113.2864 114.1741 113.9671 115.8662 113.1683 112.7611 115.7563 112.4190 114.8048 116.1704 116.4108 116.2501 116.4596 116.1676 116.7851 116.5159 116.4080 120.4973 117.6811 116.0958 115.0291 115.7629 113.9955 118.3900
115.7300 116.2006 116.8749 117.6474 116.5316 116.3417 115.8924 115.5800 115.5575 115.3405 114.7091 113.5121 114.0378 119.2608 120.2498 120.7114 112.8652 113.9040 115.7822 114.1511 115.1689 113.1388 118.3043 117.1620 117.0545 117.1366 116.9763 114.9715 117.0347 117.4166 117.5215 117.7280 117.8739 119.0845 113.4571 116.0614 118.3032 110.8198 114.1705 117.7900
116.4900 116.4900 115.6700 118.4000 118.0900 116.1900 116.2200 117.2500 115.4200 116.7900 113.7000 114.1600 116.5100 122.4400 116.3500 121.4500 114.4600 116.2500 117.5200 114.0000 114.7000 114.3400 115.7500 119.3400 118.5700 117.5000 116.1100 116.1100 116.0400 117.2300 117.6600 117.7700 117.7700 117.3600 110.9300 120.5700 120.1500 119.8900 117.1200 113.7300
