106.7500 109.8700 109.8700 112.0400 112.2900 106.8300 111.7200 107.2700 107.4900 106.6700 110.6700 111.8300 108.9900 113.0200 113.0200 107.9500 113.7600 107.7700 109.4100 114.2300 114.3500 113.6900 108.9400 112.6400 113.5300 113.4000 111.0400 115.2300 116.2800 115.1200 117.0000 116.4900 116.2500 116.2500 115.8500 115.5500 114.8100 114.4800 114.1200 113.7800
105.5800 105.6087 110.8695 108.1018 111.5425 105.1763 107.5631 105.9743 105.9228 106.6999 110.8731 106.8253 109.2838 109.2011 107.3631 108.4909 111.9592 108.0412 111.8685 112.3535 113.3222 110.7299 110.3529 112.9699 112.9251 113.2959 113.3324 115.1981 116.4020 115.1467 113.3034 116.7035 117.4408 117.1484 116.1500 115.5546 115.8580 117.1847 114.3486 113.8800
106.3700 105.0601 111.0527 103.9794 106.7641 104.6268 106.6866 105.3274 106.4381 105.9630 109.4901 106.2698 107.0387 106.8920 107.3768 107.7672 106.4646 107.5199 109.4026 110.8410 110.3250 107.9628 112.0324 108.2438 112.3156 113.3264 114.5488 116.0983 113.6092 114.8589 115.7380 115.8069 118.0513 117.7128 116.7520 116.5382 115.7078 115.2543 115.3147 114.2700
106.3700 107.9408 105.3370 104.7498 106.3800 104.9070 105.6378 104.6147 105.0708 107.0932 109.2685 107.2247 105.9793 107.1456 108.6170 108.9708 109.2286 107.7289 111.6607 108.1466 108.4195 108.3380 108.2489 109.7242 111.7404 112.4550 115.0342 115.1530 116.4118 117.1541 110.2182 114.7827 118.8745 118.5942 117.8780 116.6388 115.7570 114.8744 114.3774 114.2700
105.4600 107.6286 107.4463 107.3881 104.1017 105.8152 105.8698 104.6159 105.0419 104.3580 103.4764 105.3155 106.0601 104.9444 105.9997 105.6505 105.4900 106.6923 109.8397 107.4891 108.2854 107.5088 108.2923 108.7806 109.7099 109.9097 113.5222 113.8886 117.3697 117.8133 113.9257 117.4203 119.1335 118.8260 117.3583 116.0332 115.6352 115.2641 114.6803 114.3400
109.1800 105.0856 105.5841 109.0928 103.8813 105.7273 103.8587 105.8176 104.7755 109.8662 105.0183 105.9186 105.3987 105.2108 106.2714 106.6323 106.1778 106.3392 106.8595 106.9151 108.0053 107.4046 107.5201 108.9373 108.5511 110.3710 113.4583 113.5037 117.4598 118.2182 118.5827 115.6341 116.3978 116.8258 116.4182 115.2125 116.0208 115.5930 114.6986 114.3200
109.1800 102.9905 103.9485 111.9218 105.4026 104.7084 104.4271 104.8671 103.7115 109.4179 105.7439 105.2827 104.4390 105.5110 105.7195 105.9600 106.0465 106.4387 107.2653 106.8410 107.4865 107.2097 107.3242 106.9208 111.4014 113.2762 113.9213 113.2273 118.7447 117.5857 113.9055 114.6435 116.4073 116.9393 116.8767 114.1234 115.7415 114.0379 114.4616 114.4800
104.1800 104.0072 102.3049 103.0049 102.1342 102.7604 102.6019 102.6418 103.7130 104.4241 104.6258 104.0178 104.6276 105.5833 106.0787 106.2535 105.0429 106.9935 107.1155 107.0540 107.6091 107.3579 107.8683 109.1225 114.5876 111.9795 112.0379 113.8096 110.4228 115.2940 111.9689 115.3751 114.8467 115.8207 116.3140 112.9074 115.5541 115.3139 115.6929 114.7500
102.1700 102.1402 101.8401 101.8425 101.9234 101.3191 101.4157 101.7923 101.8058 102.4648 103.3434 103.5826 104.0785 105.6639 105.2711 106.2702 105.3828 106.5724 105.8970 106.6076 106.0228 104.9713 105.7770 107.3265 114.0917 113.5966 109.9973 109.1348 108.5939 111.7583 111.4114 114.8101 115.0620 115.2518 114.7208 113.4189 112.8718 112.3898 110.4143 111.2800
102.2800 101.5740 101.0159 100.8865 100.5907 100.4071 100.5409 101.1389 101.3208 101.4101 101.7849 102.2954 102.9626 103.9481 104.3205 104.1375 104.4493 104.8114 106.3659 106.9276 106.8812 113.3637 109.4988 109.1286 108.3334 108.8064 107.1930 108.4485 108.9960 108.7593 108.9234 111.3475 113.3709 115.7814 114.6649 113.7494 110.0759 111.8887 109.5735 113.1400
101.3100 100.4139 100.2669 99.9162 99.7577 99.4437 99.5888 100.2498 100.1876 101.0655 101.1172 101.9097 102.2305 104.4623 105.4389 105.2108 105.6421 104.6833 105.3001 106.5797 106.5065 106.1450 107.8618 108.0216 107.6016 106.9695 107.5203 108.5424 109.1622 109.0875 108.7543 114.4318 113.3210 115.0849 114.7209 114.7689 109.6492 112.4569 109.1985 113.2600
100.1900 99.4937 99.3373 99.0015 98.3579 97.9744 97.9687 98.7432 99.1916 100.1671 100.4958 100.7762 101.3815 102.2612 102.5166 104.6137 104.8239 104.0422 106.2534 106.5393 105.3817 106.4172 107.0497 108.1967 107.0965 106.9049 107.7619 108.4488 109.2281 109.3750 109.9168 107.5340 107.3925 112.3501 111.9268 109.1034 113.2503 117.0588 113.7910 111.4700
98.9600 98.2255 98.1686 97.3312 97.5507 96.9035 96.5249 97.1640 98.2883 98.9715 99.6285 100.3003 101.0502 101.6283 102.3409 103.2688 105.0172 104.9871 106.6882 105.4348 106.3783 106.9307 107.6591 107.7777 107.8227 108.4035 108.5340 108.8397 108.8970 108.8978 111.9761 110.6607 108.7312 108.2407 108.4169 109.1688 114.7367 113.8756 115.9551 117.3900
97.7800 97.2837 96.5551 95.1571 95.2179 95.4168 94.6702 95.6882 97.1522 97.6486 99.4237 100.2938 100.5936 101.2680 101.6337 102.8368 104.5121 105.6167 105.5427 105.4868 106.1539 106.7799 107.4231 107.6241 107.8362 108.1613 108.1305 108.6900 108.0951 109.5905 108.9641 109.2672 109.8367 108.0516 108.5194 109.2809 113.4446 115.3084 116.8799 112.8600
96.1900 95.9101 94.5430 92.5274 92.1484 91.4334 91.3565 93.4371 94.8576 96.1349 98.3362 99.0499 99.7388 100.5892 101.1712 102.0324 102.9507 103.9740 104.1701 105.2755 106.3637 106.0986 106.7374 107.4930 107.5486 108.3653 108.1130 109.1837 112.1461 115.3374 111.1500 110.3456 110.8606 107.5794 108.3393 107.5520 110.6238 112.8379 111.9898 114.3100
96.1900 94.3321 92.3040 89.2353 88.8411 88.5093 87.7379 89.4162 92.0440 95.4213 97.1862 98.3448 99.2141 100.2112 100.9794 101.7305 102.9254 104.7915 104.3813 105.8186 106.4142 106.5435 106.3479 107.2101 107.7525 107.8799 108.3455 110.5427 112.5993 110.5954 113.7794 108.8993 107.4940 108.1261 110.5653 110.7845 108.7399 111.5538 108.3147 111.3700
92.8700 92.6146 89.5820 85.0976 83.6985 82.0898 83.1653 85.3055 89.3762 93.0020 95.4524 97.1490 98.3513 99.1215 100.7475 101.4436 102.9273 104.0649 105.1566 105.3437 104.9242 106.5777 106.0294 107.3874 107.5441 108.1971 108.4143 107.9322 107.6854 112.0205 108.7829 109.9649 109.7886 109.4404 111.2282 113.1708 113.8914 113.3208 113.5885 114.9300
93.2700 90.7945 86.8494 81.5009 75.8162 71.6300 75.3248 82.3308 87.0210 91.8540 95.0812 96.4406 97.9468 99.0343 100.3036 101.5697 102.1061 103.8808 104.8212 105.7562 105.6203 106.0082 107.2236 107.6185 107.1521 108.0440 108.1391 108.7103 108.7971 109.2796 109.6552 111.2108 109.7242 111.2728 113.1610 115.1920 114.4555 111.1344 114.0301 114.7000
93.5100 89.9168 85.7625 79.6716 68.1516 62.9586 66.4748 80.2228 87.2474 90.7963 94.2841 96.4900 97.5693 98.8188 100.0546 101.5383 102.3819 104.1026 105.5564 105.4635 106.0837 106.1108 106.1104 106.7085 107.7059 107.8845 107.6802 107.5813 110.1963 109.1339 111.2548 110.6578 108.9413 111.2984 111.6005 110.0822 111.2503 109.3984 109.2458 108.8800
93.5300 89.8343 85.6350 79.7964 68.0339 62.0942 66.1216 80.3854 87.6193 90.6893 94.2488 96.5224 97.3772 98.7284 100.0200 101.5550 102.3648 104.1523 105.7117 105.3913 106.2279 105.9840 105.7933 106.8664 107.8201 107.9126 107.2865 107.4063 110.4720 109.9390 111.8668 111.6311 109.9820 111.5026 115.1822 116.4028 111.0935 109.4252 108.4281 108.4900
93.3300 90.8801 87.6682 81.6646 74.1509 70.8025 73.9719 80.7617 87.2969 91.1013 94.7809 96.4662 98.2222 99.9011 100.2474 101.7979 102.4382 104.3575 105.8984 105.3775 105.6686 107.1939 106.5697 107.0383 107.4645 107.9012 107.5037 107.7902 109.4016 109.1761 111.5778 107.9257 110.0206 109.6688 113.3865 110.3991 113.5142 110.7831 110.2953 110.4100
94.1100 92.4037 88.7167 84.7942 80.9430 80.6170 82.1781 84.8700 89.9222 93.1852 95.1563 97.3815 98.8675 99.9487 100.6941 101.7911 102.6810 103.2957 105.4490 105.2934 106.3064 104.5592 106.4570 106.4159 107.1489 108.3772 107.6456 109.1773 114.2269 109.5632 108.9359 108.3812 110.1314 110.4180 115.0101 116.0070 112.8339 113.5000 112.3388 111.7300
96.1500 94.1686 92.0526 89.1311 86.9495 85.7935 87.6118 88.9001 91.5086 94.9696 96.2923 97.8463 99.3625 100.2264 101.2221 102.0810 102.6939 105.8089 105.1634 105.3648 104.0567 108.1369 111.6769 109.3411 108.4099 107.2233 108.9780 108.7272 107.6970 110.3235 114.4244 109.2626 112.0496 111.8431 110.1998 109.3465 112.0523 113.8134 111.1833 110.1100
97.1300 96.5209 94.9387 91.8525 90.9370 91.2960 91.6994 92.6850 94.6524 95.9735 96.9535 98.4550 100.1152 100.8180 101.4273 102.3136 103.0552 103.6352 104.9273 106.2675 104.1687 109.4575 107.9665 107.5845 108.3019 108.9783 112.9459 113.5382 109.5608 109.4262 108.9720 109.9705 113.4531 112.1704 113.0434 109.8905 111.5913 114.3271 110.5091 110.1100
98.5100 98.3663 96.3129 94.4190 92.9453 93.3701 93.6229 95.6175 96.3344 96.6835 97.9030 99.4595 100.5063 101.3911 102.0004 102.7426 104.1745 104.3793 104.8874 105.1016 106.0728 105.6833 107.1472 108.3427 108.4247 115.3591 114.8028 113.9990 112.3208 113.3358 111.9561 110.2573 114.3559 114.0349 112.1770 111.1935 109.5624 111.7005 109.8398 108.3200
99.3100 98.6452 97.8029 97.8918 96.8135 94.7874 95.5380 97.1531 97.6472 97.9280 98.4632 100.1234 101.2880 101.6648 102.3639 103.3518 105.6117 105.7775 105.3453 105.5906 106.6732 106.4936 107.3718 107.9365 108.2727 110.4635 113.6221 114.9721 110.6929 113.9014 113.9905 112.8800 116.6863 116.9542 110.8912 111.9486 110.7913 108.7441 110.5136 112.0300
100.6800 100.0633 99.1973 98.5762 98.8103 98.1040 98.3021 97.4736 99.3178 99.3668 100.3165 101.1694 102.0710 102.0349 104.1286 103.4502 105.6126 105.2861 106.6331 106.7119 107.5767 107.4666 107.2265 107.6638 108.4127 108.6324 108.3759 111.4125 113.7889 114.2422 110.8889 112.2889 108.7921 117.9939 117.0574 111.7749 112.0927 116.3459 115.6247 112.6100
101.3000 101.1747 100.0936 100.2245 100.3012 99.9249 99.5561 99.6283 100.5019 100.7454 101.2079 101.8095 102.3896 102.8979 104.8677 105.2713 106.0613 106.8007 105.8767 107.4305 106.0575 106.8575 106.9748 108.3690 107.9396 108.0374 108.6341 108.3436 109.0439 110.1156 114.1189 113.4239 115.4572 115.6663 116.6023 110.0222 112.9407 110.4972 114.1552 115.4200
101.3000 101.8834 101.7056 100.9712 101.5678 101.0029 100.6559 100.9065 100.8547 101.9077 102.0174 102.5385 102.9998 103.2637 104.5974 104.4521 104.9577 105.7887 106.2804 107.1407 105.7414 106.5605 107.3463 107.9453 106.3537 109.0285 109.0916 108.2947 109.1028 109.7941 111.6983 115.2684 108.5526 116.8348 113.9794 107.6447 108.7532 109.0611 113.7285 112.7900
102.5600 99.2906 101.6607 101.6124 98.3187 102.2028 101.7317 101.9556 101.7370 102.4462 102.7388 103.1533 103.2840 105.1363 106.1930 104.2463 105.8816 106.4989 107.4776 107.2214 106.3888 106.7216 110.8970 108.6926 107.1363 107.8550 108.0693 108.3366 109.2585 106.6501 109.9415 110.2207 108.4408 108.9749 108.3131 108.9033 108.7458 109.2299 112.5532 108.8400
103.6700 99.9903 103.2547 102.8716 101.2540 102.8081 102.3710 102.6520 102.5899 104.8968 103.1368 103.9810 105.8835 104.5986 106.2071 106.2326 106.5008 106.6655 106.1061 107.8184 106.5737 107.1901 107.7958 110.8420 108.2773 107.7104 108.5857 108.3422 111.2087 114.9329 110.3813 113.0060 110.8856 108.7334 110.7999 109.4268 109.8578 114.2723 112.2409 112.7200
105.9100 103.9549 103.4080 103.5039 103.5631 103.6868 105.0299 104.8788 105.1684 103.7825 103.3311 108.7706 106.2525 106.3308 106.9191 106.3665 106.5822 105.7668 105.9226 107.4387 106.3571 108.4429 107.2087 111.2746 113.4075 109.7136 108.8248 108.6473 108.8819 113.2233 110.0799 112.2902 109.4856 108.6442 110.3221 110.5650 109.8189 108.3632 113.8813 111.6900
105.1000 105.2684 105.0611 105.4655 104.7540 106.2747 103.9636 105.4421 104.1348 101.3480 109.5774 108.6950 105.7664 105.8778 106.7301 107.1327 106.2698 106.2250 106.8347 106.4954 106.9280 108.5947 108.3893 111.6382 114.3050 111.1208 113.9289 112.3518 109.5375 109.7193 111.6836 111.2971 108.2504 110.9959 113.7723 111.8278 110.1626 109.2391 110.2702 110.1400
106.3100 106.1556 105.4294 105.7260 105.7255 104.2909 105.3090 106.5053 106.2050 106.8400 107.1927 105.4636 106.9840 106.2564 105.8784 105.6811 106.8054 107.4308 106.6461 107.2586 107.3914 108.0221 110.6308 110.2070 112.9974 113.6431 115.6078 112.4306 109.1542 110.3153 112.3606 109.8538 109.2514 111.6218 111.8321 109.2221 110.6994 109.3683 111.9836 109.2100
107.0100 106.5953 105.4476 106.6949 105.8366 105.1818 104.9744 104.7158 107.1130 106.4627 106.2457 107.1051 106.9495 106.8887 107.1223 107.0137 107.2144 107.5687 107.6220 107.9347 108.5857 110.1011 113.3168 113.6404 110.0145 112.5290 112.1672 109.2455 112.2012 109.6745 113.4083 111.2846 115.0557 112.6324 111.3173 111.7809 109.9317 108.7069 108.8547 109.0800
107.0100 106.7619 104.1373 107.3684 107.2495 105.3488 105.6776 105.9439 104.8607 106.1243 106.8980 106.9614 107.9876 107.1647 106.9136 106.2680 108.8552 107.7699 108.4077 108.2465 108.4655 109.7210 110.3188 110.1724 110.0097 109.6427 111.3768 109.5395 113.2482 113.6363 113.7851 111.9609 113.0962 109.6241 112.4068 112.0550 112.0027 110.0721 110.7477 109.4000
106.5800 107.0141 107.0883 107.1776 107.6372 105.5451 106.6951 107.2953 105.9050 106.8173 106.1548 106.2190 109.7829 106.9030 110.2615 111.0354 111.9468 107.5737 108.2239 108.4684 109.4208 108.2947 112.9969 109.9224 108.2734 109.4483 111.5179 113.0748 109.5641 116.1331 115.4757 113.7614 112.7456 112.0167 111.0508 111.8328 112.1903 109.3699 114.1826 109.6100
105.5800 106.1135 108.1397 107.6612 107.3255 105.7296 106.9324 107.4936 107.3176 107.0172 107.6125 106.4089 108.1948 110.2364 111.7318 111.2981 108.3430 109.4361 112.9805 109.0682 109.2876 108.9613 107.4108 114.5882 110.2295 114.9993 116.3663 110.5227 110.1593 113.6168 115.4337 115.4275 111.1520 117.1339 109.7263 112.1682 109.2533 110.3879 110.2089 116.2000
107.4600 107.1117 107.2616 107.7083 107.1043 106.6555 106.9057 107.6696 108.1609 107.8872 108.4565 107.2144 112.1386 112.0939 107.5295 108.8946 109.3104 108.8300 114.0977 108.7502 109.4611 109.3517 108.3760 110.4473 114.6971 112.4635 111.6011 112.7128 109.7183 112.2212 114.1266 109.1929 113.9227 114.4935 109.0941 109.5547 109.6810 110.0083 109.9846 109.8000
108.1000 108.4900 108.6000 107.6100 107.0000 107.6800 106.8100 107.2600 108.3800 108.4700 108.5300 108.2000 111.6700 112.0600 113.2900 108.9500 111.4600 109.5300 109.4500 106.8700 108.5200 108.5200 109.8900 112.9600 112.9600 110.7900 112.4700 114.0200 118.2200 116.8500 115.3800 112.6100 114.5900 109.1800 109.6900 109.2300 108.8000 110.9500 110.9900 109.8000
