110.7200 107.8900 107.7900 107.3800 106.0800 107.1900 112.0900 105.5500 105.5500 105.8100 105.9800 106.4000 106.3600 105.9300 105.3000 105.2800 103.6000 105.1600 106.5200 108.0100 106.9700 107.0900 106.2000 105.4900 105.5900 105.7400 105.7400 106.5100 107.2800 108.6200 109.5900 110.4300 112.4500 113.1600 113.9900 114.7100 116.0600 116.3700 116.0000 115.2100
110.9400 108.7363 107.6338 106.4025 107.1305 107.1142 107.5730 109.2037 107.7815 106.0501 105.7380 105.8665 105.0583 105.7548 104.9980 104.4625 104.8657 105.6233 107.8171 110.1144 108.6671 107.8965 107.1780 105.5677 105.8076 105.7196 106.3979 106.3005 106.8418 107.7168 108.7460 109.8774 110.9750 112.0905 113.4260 114.1422 115.3358 114.3934 115.8469 116.1700
112.8600 107.5322 107.4143 106.8435 107.1886 106.9002 105.4873 110.3272 105.6534 104.6472 105.0166 105.1293 104.7373 104.6111 104.0342 103.8569 105.5372 105.5385 105.5286 106.7043 111.0510 109.8000 108.8737 106.0000 105.0316 106.0515 105.9633 106.2130 105.8115 106.7408 107.7862 108.8777 110.0933 111.3493 112.4752 113.5408 114.5134 114.1967 116.0404 116.2800
113.1700 110.1531 106.1167 106.9961 106.3005 108.8453 105.0453 107.2768 105.2001 103.9637 104.9778 103.4760 104.1797 104.8198 103.5979 103.9996 105.0934 105.1527 105.1726 104.6724 110.5926 110.4309 110.0286 105.7467 105.0870 105.5930 105.7580 105.6735 105.0371 105.8478 106.8653 107.9794 109.1959 110.4332 111.5552 112.6321 113.8298 115.0910 115.9056 116.3100
106.2700 105.9500 106.5238 106.2448 110.8869 107.7620 104.5536 104.1152 109.3903 104.2233 105.3610 103.9866 103.5813 102.5765 103.0460 102.2596 103.4562 102.8887 103.0249 103.7380 106.3688 106.2705 106.0912 106.4162 105.3791 106.0046 105.9025 104.3938 105.3581 105.2525 105.8371 107.1154 108.3471 109.5304 110.7728 111.9744 113.2899 114.4978 115.4246 116.0200
106.8200 105.6550 107.0423 104.9172 106.5243 105.9829 105.7378 104.6038 104.7849 105.1279 103.4138 102.3460 102.4434 102.1583 103.0579 101.7706 101.7022 102.4535 102.4041 102.5298 102.9407 103.7717 105.2016 105.6833 105.2882 105.3122 105.0608 104.5539 104.8152 105.0208 105.0690 106.2702 107.5595 108.8311 110.0536 111.4234 112.4748 114.3447 115.2297 117.1400
106.3100 106.2449 106.6057 105.1527 105.4850 105.1250 104.1994 104.6542 103.4927 102.2095 101.9542 101.8766 101.3566 101.2454 100.9599 100.9574 100.6699 101.1598 101.7930 101.7549 102.1750 102.8472 103.1762 104.0128 105.4738 105.4689 105.6672 104.7353 105.9898 105.6300 104.9328 106.8749 106.3914 108.0541 109.3736 110.9421 112.2720 113.8279 115.3178 117.1400
106.7800 106.6509 106.3256 105.7628 105.5389 104.7032 103.3216 104.3937 102.0918 101.8708 101.2700 100.8597 100.3764 100.4010 100.1724 100.1964 99.8364 99.7040 100.0335 100.5706 101.3351 101.9618 103.4633 104.3616 104.7484 104.9779 104.7851 104.7529 106.9052 106.5122 105.4919 106.9071 109.3773 106.9728 108.9311 110.2423 111.8774 113.8017 114.7601 115.1800
105.7200 106.0913 105.2826 104.7807 105.0458 105.0013 103.6007 102.1741 101.6845 100.9856 100.3479 99.7824 98.9852 98.8194 98.4999 98.2166 98.4745 98.3673 98.9978 99.6325 100.4572 100.8522 102.5596 104.7803 104.3670 104.8682 103.9417 105.7084 106.1003 107.4340 105.9118 106.1182 110.0343 106.3231 108.1604 109.6466 110.9219 112.4267 113.1920 114.6000
105.0900 105.7249 104.7546 104.3259 104.4627 104.4175 102.2204 101.6646 100.9138 100.3635 99.5606 98.5857 97.3486 96.9807 97.1637 96.9259 96.7171 96.9887 97.9546 98.5684 99.3923 100.2426 101.0205 102.5413 102.3111 103.1211 103.5410 104.5217 105.7757 106.3005 106.5570 105.6695 107.9677 111.0683 107.9703 109.5681 113.7157 114.1841 115.6092 116.1800
104.9800 104.4903 105.0808 104.2621 103.3089 102.4797 102.0324 101.2200 100.3906 99.4943 98.9659 97.8127 96.3788 95.9708 94.4867 93.5795 95.2069 95.4899 97.0172 97.4038 99.0240 99.7825 100.4215 102.3498 103.1893 104.1272 103.4161 104.1809 104.4734 105.8030 105.7965 105.6541 106.4861 107.8750 107.6743 111.4780 114.4162 112.1791 115.0527 116.1900
104.4600 104.3543 104.3814 103.7232 103.0597 102.0038 101.5379 100.7002 100.0211 99.2429 97.4565 95.9508 94.2950 92.7286 90.7311 90.7760 92.5223 93.0409 96.9614 96.4549 98.0768 99.3316 100.2108 101.0280 102.4207 104.3120 102.9050 103.9600 106.0485 106.3532 106.3368 106.0101 107.3873 108.2689 112.7127 111.2096 112.1633 111.9531 116.0244 114.2500
105.3600 104.5978 103.9015 104.2137 102.6913 101.8536 101.0445 100.2567 99.4644 97.3589 95.1213 94.0568 91.9008 89.0004 86.4643 87.0756 88.6006 90.2012 97.9291 99.9214 97.7797 98.3732 99.5190 100.8767 101.2980 103.5581 104.1131 104.4974 105.7572 105.2490 105.2191 106.5625 108.0415 105.2910 108.2931 113.1616 113.8362 113.8304 112.1056 111.8100
104.4600 105.1417 105.0680 104.3438 102.4844 101.6609 100.8487 100.1089 98.5830 96.4845 101.1121 95.0273 89.0849 85.4604 80.9144 79.7495 87.4972 90.0208 91.5849 94.7654 96.8073 97.8948 99.2587 100.6042 101.4964 102.7201 104.6583 103.3748 105.0394 105.3081 106.3836 108.0058 106.0948 107.4067 105.7748 110.8389 113.8421 113.5205 114.6571 111.6100
105.4600 105.5103 104.4081 104.5733 102.2731 101.5718 100.7404 99.7660 98.1390 102.1720 92.8672 90.6340 86.5715 79.0982 70.7309 69.0089 81.8100 89.3671 92.2591 92.8383 94.8541 97.5452 98.9154 100.1072 101.2092 101.8423 104.2473 103.7050 104.6400 104.7878 105.1581 109.3547 105.5978 106.5840 106.0813 112.2573 113.2950 113.3579 114.9389 109.7900
105.8000 105.0358 104.4161 105.1609 102.1276 101.3907 100.6268 99.3786 98.3058 99.8614 94.4219 89.8297 83.9049 74.2376 63.1725 63.6336 73.7854 87.1069 91.1187 92.4094 95.0839 97.1072 99.0874 99.9761 101.1314 101.9068 103.7681 104.7906 104.9557 105.1260 105.0849 108.5154 108.5404 109.4809 111.5771 110.1566 109.3783 108.9144 115.0538 115.4400
104.6600 104.8994 105.4949 103.8977 102.4644 101.3120 100.4945 99.2502 98.5166 95.8581 93.6563 89.4682 82.8855 73.5895 62.4540 62.7239 72.6596 86.5220 91.8604 93.3496 95.2730 96.9833 99.1084 100.0715 101.0039 102.0686 102.3757 105.4584 104.6730 105.3289 105.4889 112.3578 110.7383 112.6855 112.2687 108.2261 110.9693 110.6024 115.0568 115.4400
105.2300 104.9344 105.0888 102.6665 102.3783 101.5375 100.4733 99.4856 98.2770 96.8290 93.8344 89.2434 84.6858 77.2937 71.4630 72.0979 80.0602 87.8478 91.5853 93.7392 95.1445 97.2212 99.2558 100.3499 101.2996 101.8936 103.6680 105.1079 103.9050 105.6469 106.0538 106.6051 112.5925 110.7498 114.1376 112.7647 111.7648 110.8762 114.5106 109.8900
110.2900 110.5094 109.5401 105.8109 102.3975 101.6724 100.8286 99.6269 98.7612 97.4907 95.0600 91.6779 87.4847 83.4486 81.4137 81.8948 86.2750 87.8826 92.2340 94.4834 96.6021 97.4197 99.6085 100.5651 101.4201 101.8752 104.7189 105.1576 105.0718 105.9778 106.1792 105.5896 112.2592 112.5592 107.3329 111.8502 111.9371 109.8972 115.1624 114.9100
105.1100 104.5773 110.9353 104.7154 102.6679 101.9529 101.1384 100.3753 99.1852 98.1685 96.3341 93.2394 90.0434 87.5367 88.1570 87.5997 87.6238 91.7970 93.8309 95.4105 97.5976 98.7623 100.0054 100.8337 101.7451 102.1225 105.1157 105.3888 104.2060 104.6087 105.1089 106.0284 106.9191 112.2451 108.8699 107.1883 111.2005 108.7833 109.3462 109.1100
104.5300 104.4366 104.2604 105.7814 103.1807 101.9360 101.3634 100.6255 99.7016 98.8793 97.4292 96.0767 93.3258 91.2453 92.0189 93.6146 93.2247 94.4466 96.5440 96.7424 98.4363 99.2106 100.4278 101.2064 101.9117 102.6160 105.2125 105.6311 105.6219 106.3664 106.6041 106.4704 106.1507 107.9489 107.0888 107.5019 107.9878 107.8019 108.9875 109.3200
105.8400 104.3949 104.9425 105.1157 103.2571 102.4760 101.6970 101.2165 100.4391 99.5602 98.6625 97.9200 97.0747 94.8354 95.6595 96.1986 96.2725 96.7167 97.7757 97.7971 99.0118 99.9549 101.0531 101.8097 102.4288 102.8609 104.7359 104.0823 105.3326 105.5210 105.7373 106.0410 107.6632 106.1629 108.3242 108.4249 109.7885 108.9187 108.9541 109.4700
106.7700 104.9380 105.0724 105.0366 105.4372 102.6007 102.3431 101.5239 101.1181 100.3224 99.4607 98.9733 97.7862 96.9427 97.4666 97.6051 97.4871 97.8452 98.7475 99.2209 99.9347 100.7218 101.5621 102.1947 102.9367 104.0025 105.9090 104.1530 104.9826 105.4563 105.2340 109.3090 106.9594 107.0293 108.4255 108.2732 108.7674 109.0322 108.9176 109.3900
107.1100 104.9186 105.9254 105.0714 106.6652 104.2500 102.9734 102.1364 101.5790 100.7731 100.2569 99.9928 99.4056 99.0495 98.7546 99.0572 99.8549 99.7939 100.2042 100.3555 100.8570 101.4085 101.9622 102.5050 104.1905 104.0830 106.5638 106.5917 106.4194 106.3871 106.0590 113.9859 107.3907 107.3040 108.0237 108.4496 109.2238 109.1233 108.6687 109.2700
107.1100 105.1345 105.6210 105.3792 108.2462 105.4054 104.0153 103.7259 102.2728 101.6489 101.0259 100.9301 100.5944 100.0592 100.0807 100.1354 100.6512 93.6396 101.0004 101.4638 101.6031 102.0158 102.8491 103.2139 104.9702 105.4756 103.9295 106.5531 107.9238 106.2117 108.7691 106.0410 107.2430 106.1494 109.0667 110.2174 110.4971 107.8713 109.6759 113.6700
106.7800 106.6377 105.9914 104.8711 106.0244 108.4495 103.9933 104.7015 102.4636 103.1695 101.9672 101.7432 101.3169 101.2557 101.0725 101.0447 101.8533 101.4793 100.2676 100.0013 102.1903 102.6795 105.3412 103.8596 104.6410 106.1752 105.3133 105.6908 106.5982 107.7438 109.7345 110.5268 110.7310 111.4895 110.2941 111.0813 112.1679 112.1331 111.2241 111.5400
106.7800 106.6710 106.5667 105.5877 105.1415 104.6479 105.6315 104.9968 104.4090 103.7547 102.6484 102.4743 102.1710 101.8983 102.0039 101.9872 99.6885 95.5994 102.3646 102.7411 102.9303 105.1064 101.8361 104.4237 105.8707 106.3512 108.0329 110.2591 107.5352 110.7347 106.5864 109.4756 110.1900 111.9202 114.7840 110.9496 109.3003 110.8094 111.0077 114.9800
107.8200 106.3264 106.6110 105.7264 104.3855 105.9827 106.0282 104.6806 105.3807 104.4592 103.2019 103.4192 102.8474 103.6232 102.2410 102.4652 102.6368 103.3146 103.4778 103.4027 104.3112 105.7785 103.7193 106.1101 105.4597 105.2883 106.8926 106.3968 105.6783 109.4418 111.9260 106.9955 107.4960 112.2591 114.7322 114.8657 114.4205 108.0841 110.9278 112.3600
106.7900 105.7567 105.7839 106.8973 104.8412 106.0612 105.8530 105.1168 105.3195 104.5316 104.3783 104.4256 103.7061 108.9503 103.2172 104.4682 104.1185 105.0035 103.7053 104.3328 104.2185 105.5682 106.3171 105.4241 105.7880 105.7684 105.7758 106.7929 106.4425 105.7191 110.1124 109.9547 108.4450 109.4626 109.3220 108.8054 109.4699 106.8851 107.6812 108.0600
107.6600 106.8521 106.3238 106.8119 106.9338 107.0627 106.4195 105.3774 105.3192 105.0865 104.0231 105.7422 104.3357 108.2176 101.1233 102.3725 105.9268 105.7509 105.4746 105.1032 105.6680 106.3848 105.8700 105.2295 106.2182 106.9691 106.7558 107.3406 107.1486 107.9047 108.8725 113.2387 111.5872 109.6929 107.7354 107.7551 107.2652 108.4218 107.4398 109.2300
108.0600 107.2027 106.7145 107.5078 107.1254 106.7243 107.1318 105.3475 104.8345 105.9456 105.1443 105.6869 106.1645 106.0712 101.5362 102.8740 104.3116 105.2362 106.3218 106.4972 106.6781 106.7298 107.2061 105.5185 106.3617 112.3268 105.2207 107.6085 112.8611 106.7258 109.5363 114.1962 113.1532 112.5003 110.8068 108.8371 107.4482 110.3809 110.0177 110.8700
108.3000 107.0230 106.3929 107.3458 105.5325 106.0121 106.5417 106.2596 106.1499 106.2170 105.7131 106.0793 106.1212 105.3954 104.0137 103.8833 105.8985 105.7794 106.5951 106.5357 106.9433 107.0040 107.2269 106.6009 105.8834 108.3514 107.1047 106.3560 112.0502 109.0167 109.6930 108.6020 110.4654 114.8621 113.1268 113.2366 108.3184 108.1245 108.2427 108.3300
107.8100 107.4310 108.1293 107.7858 107.6742 106.8942 106.1193 106.0706 106.5792 106.8477 107.1676 105.5837 106.6945 104.7043 104.6912 107.2883 106.3182 106.1271 106.6145 107.1527 107.5410 107.6635 107.1810 106.4449 107.2577 107.7534 109.7742 108.2186 111.8717 109.8106 111.0816 113.5358 110.3703 110.4814 112.6098 109.2225 109.7759 108.6089 108.1921 111.5200
111.3200 110.4092 108.2269 108.1408 107.7771 106.9852 107.2242 105.8043 106.9452 107.3768 107.9740 105.3428 105.5010 108.6213 106.9037 107.2680 107.5111 106.7644 107.6674 107.1596 107.7518 107.8719 107.7428 107.7100 109.4175 110.8211 109.5524 109.9341 109.6202 109.8599 112.9776 113.6601 113.0919 109.0922 113.3204 109.9118 109.2149 107.8624 107.6469 111.5200
111.3200 106.1732 106.6279 109.8255 107.4296 107.5763 107.0473 106.6427 107.1385 108.0354 111.6351 106.8493 106.5208 112.2168 105.1671 106.4573 106.9781 107.6320 107.7836 107.9948 108.0215 108.1518 108.4206 108.7324 110.4841 113.1863 112.1285 112.0601 115.2005 113.0732 111.3965 114.0863 113.3778 109.8499 109.3687 112.0851 111.1816 109.3706 107.9830 108.5100
104.4900 106.4630 104.9525 106.4141 109.8776 109.2734 107.4589 107.8880 108.5003 108.3334 111.1656 113.2664 109.2779 113.5146 106.4632 106.8990 110.4601 107.8288 108.1441 108.3591 108.0645 108.3800 109.1047 112.5734 113.1783 113.1124 109.9314 111.6248 114.3437 114.4898 113.7465 114.5633 113.2445 107.8546 113.4833 107.8683 108.6622 110.3281 108.6379 108.5100
105.1500 106.9113 107.5555 102.5108 106.9925 106.9887 109.1092 109.1299 109.1242 109.4126 112.1865 112.9416 114.2190 113.8715 107.9495 108.0001 114.2178 108.6790 111.9635 108.1782 108.4170 108.0755 107.7122 112.9241 114.0904 114.7741 115.2304 109.8860 112.4598 113.4194 113.0333 114.0924 111.8451 110.4445 112.1881 111.4654 112.3880 113.1579 108.9698 109.4000
106.2200 104.8594 103.6216 103.1335 102.9013 102.1480 105.8216 110.6605 108.5813 114.7261 113.2009 110.5245 113.3442 109.9969 109.3134 108.3371 114.6262 107.6250 110.8019 109.6702 109.2854 109.4300 111.2962 109.1391 113.2447 115.3635 114.8884 115.0278 111.6560 111.8370 113.8302 114.9220 114.8557 112.0925 110.7829 114.0738 112.3341 111.9284 109.3929 110.0900
106.8500 105.3591 109.0700 105.4478 103.8043 104.1146 103.7187 110.2096 108.6006 114.9002 114.1796 112.6929 113.5103 107.3542 108.6221 109.4511 113.8156 109.7051 108.1564 110.2056 104.1690 107.4062 104.8647 111.8285 114.9563 114.9551 115.5733 116.8043 115.9614 112.5489 114.3853 117.4061 116.1288 112.0006 108.8411 115.0263 109.1557 109.5824 110.4318 109.7200
106.8500 109.7900 105.6700 106.1400 105.3100 109.6200 109.6200 108.7400 114.5900 110.7400 114.1500 113.6500 112.3800 108.6100 108.4600 109.7900 111.6300 109.8300 107.9900 111.4000 107.9700 107.9700 104.7500 104.7500 114.0400 115.7100 115.7300 115.6300 115.4600 116.7900 113.4800 117.2200 115.2400 108.9500 111.2200 111.2200 111.0200 109.5000 112.1600 109.5900
