108.7800 108.7200 109.0200 108.9800 111.8500 112.2000 109.7600 110.6900 109.6700 110.9200 109.9400 110.5800 110.5700 109.0500 110.3300 109.4200 110.7500 109.2600 113.6100 111.8000 111.9100 109.2600 113.1700 113.1700 110.1700 110.1700 109.6800 109.9000 114.4300 112.3100 113.9000 113.9000 111.9100 111.9100 113.3200 113.0800 112.6800 112.6800 112.5500 112.4400
108.7800 108.7639 108.9542 110.5996 110.0202 109.5063 112.1265 108.8318 109.5688 111.0426 109.8181 110.3836 110.6300 110.0991 109.2810 109.4982 112.9954 117.1665 112.3336 114.4302 111.6137 109.5290 110.7613 111.2799 109.5752 109.2882 109.1436 111.0291 115.1139 114.6489 114.2589 114.1711 112.7292 110.9225 112.1649 113.4726 110.4145 110.1802 112.0620 112.6700
109.0900 108.8700 109.1735 109.3749 108.9453 109.0932 110.2867 107.8345 109.6479 110.8242 111.7885 109.0834 111.0309 109.2921 111.0048 110.6153 115.6012 118.3718 108.6560 110.9750 111.8719 110.2961 112.1326 110.5798 109.0055 110.9537 110.2746 108.2896 111.0065 114.7923 114.6236 114.4382 112.4222 108.9357 110.2962 109.2300 109.7308 111.0322 110.5509 111.3700
109.2300 109.0358 109.2983 107.9955 108.7420 108.9548 109.0973 108.3025 110.0543 108.2482 111.5994 110.8503 108.0116 107.7734 109.6877 108.9384 115.7453 113.4071 109.3544 112.4644 113.0620 108.6389 114.1704 108.8216 109.7854 111.7342 111.3089 110.3830 111.6857 111.8280 115.1194 113.7952 112.8044 108.8772 110.9091 109.5784 112.1729 111.2605 111.3242 111.5100
113.1500 109.8744 111.1111 111.1923 108.9236 109.1712 112.0824 109.5829 109.8735 109.0270 109.4827 109.5216 109.1584 108.5558 110.2753 113.7113 116.7192 112.1421 109.0079 108.4384 109.3747 110.7729 112.8301 109.5258 109.4017 109.5496 109.1776 110.5130 109.1578 110.6537 112.3676 112.9215 109.3592 109.2065 113.6430 113.7819 111.1534 111.2228 112.0029 113.3500
110.1500 109.4604 109.1767 111.5081 108.3081 109.1148 112.9136 118.7643 113.8936 109.7575 109.5853 108.7848 111.8897 113.3304 109.3237 114.1872 112.0940 112.7324 108.9624 109.7298 109.8604 110.0444 110.6157 109.8320 110.9754 109.4221 109.6649 109.0034 108.2788 109.3146 109.5081 109.6014 109.1932 108.9549 113.6076 114.9707 113.0977 109.8412 112.2470 113.3500
109.6600 109.2835 108.4585 112.9449 116.7809 110.9647 112.1111 111.8477 115.7584 114.4867 109.9193 110.3539 115.0724 112.7597 114.6053 114.9033 117.0520 117.9735 109.4074 109.9028 110.5880 108.9127 110.1019 114.6310 109.8663 108.0903 109.4285 109.3561 109.1086 108.6621 108.5897 108.1818 109.0378 114.3638 112.0656 113.0964 110.6368 110.7825 109.9284 113.6600
109.2500 109.0328 108.6899 112.9908 111.3045 109.3494 115.4162 114.2633 114.6983 108.6683 109.0780 114.5420 111.1085 110.9004 115.4481 111.2428 117.4783 115.9175 108.6683 107.5842 109.3955 109.4875 107.4483 109.8407 108.5112 108.9777 108.6844 108.6138 109.7395 109.0627 108.5789 108.9332 108.1277 113.0387 110.6456 111.3371 108.4949 109.2724 108.8642 110.7900
109.6900 109.6778 108.9040 112.9126 114.8199 114.4026 113.1510 113.9517 110.4681 108.8746 109.3043 109.9504 114.6644 111.5984 113.6813 110.4474 113.1044 110.9564 107.1050 107.3461 109.1164 108.4939 108.4284 108.5647 111.1974 110.0646 109.0627 108.6277 108.8721 109.0744 108.5125 108.5924 109.4540 108.6347 110.6185 110.6460 109.4601 108.7170 109.1687 108.9800
109.5500 109.3391 108.9580 109.4888 109.5261 110.3918 114.6058 110.1478 110.1704 114.1308 108.8202 109.8850 115.5443 113.6561 115.0248 112.7781 112.6074 109.4673 114.8894 108.8063 109.1766 106.9983 108.4723 109.4234 113.2871 111.3890 108.7274 111.4976 112.0171 108.7666 108.6913 109.8603 109.5785 108.8323 109.7790 109.1157 110.0115 110.1169 109.6419 108.8900
109.2200 109.1072 108.8892 108.9984 108.9972 113.4987 110.5503 109.9003 111.6720 112.7982 108.9015 108.9753 110.0071 113.4581 109.9421 108.4392 110.6470 110.9635 115.9760 113.4757 115.7131 112.3427 113.1446 112.1958 109.1235 112.0706 108.3876 109.9968 109.4478 108.1959 108.7249 109.9341 109.6101 109.2952 110.7425 109.2150 109.0307 108.8893 110.2315 110.0100
108.8600 108.9964 109.4828 109.3212 108.1872 112.8621 113.8356 108.7822 109.0220 107.9638 109.0338 108.9103 112.5654 114.6332 111.6098 117.1679 111.9694 110.0860 115.6761 109.0157 112.9132 111.5246 108.1747 110.6224 113.9996 109.1341 106.8063 111.0367 110.3079 108.7239 110.4067 108.8164 109.0669 110.6107 109.2736 108.7292 109.1881 108.3753 110.1292 109.0100
109.0600 109.0382 108.6109 109.0284 108.1794 110.4260 111.1003 108.7431 108.9946 108.6516 108.7491 110.7408 112.6852 108.9191 109.3082 112.0113 109.6544 109.8823 111.7905 116.1888 114.5336 109.5751 109.4669 115.3988 108.5692 110.6317 109.4501 110.0462 110.0638 109.2358 108.8401 107.6274 109.8966 111.6260 111.2562 110.5514 109.9161 110.7756 109.7752 110.1400
108.9700 108.8443 108.2064 108.7069 107.8311 109.2592 114.5034 107.7191 108.9770 107.7147 108.4320 108.3558 109.0619 113.5829 107.5000 109.3494 112.2703 113.2323 115.3496 114.0265 112.0944 110.3333 109.7120 116.5959 108.5465 113.7507 113.4361 108.8200 108.0594 109.1041 107.6305 107.8224 108.6302 110.9100 110.1429 109.4949 115.0618 116.1344 109.9794 113.0000
109.1000 108.4954 108.4702 108.3755 107.9431 107.7421 107.5115 107.5300 107.7088 107.6568 108.6328 106.6016 109.4672 107.5688 109.0272 111.8314 106.3192 106.5934 114.0292 110.7801 110.0080 112.0781 110.0006 111.6120 109.0529 111.7283 112.6914 108.0240 109.5519 109.0714 110.7913 109.6825 108.5144 109.5038 109.5811 110.5548 111.7286 112.3044 110.1351 108.9800
109.1000 108.0271 108.0651 107.7935 107.8970 109.2610 109.0250 107.5504 107.7662 107.9313 107.6388 107.1838 106.6875 108.8763 109.9326 110.5488 107.6035 108.5141 110.6337 115.1252 108.1276 106.7522 108.5740 109.0917 109.0391 111.0513 115.3761 110.3150 110.1189 113.9115 112.4827 108.4173 109.3751 109.8483 108.8724 110.1654 109.1325 109.8584 109.4250 108.9800
107.0700 107.7455 107.3900 107.3703 107.7779 107.7072 106.3010 108.1456 106.3647 107.7527 106.1794 107.4815 107.3621 109.1296 112.9200 107.2779 106.2089 106.5075 107.8648 110.0249 107.5913 107.4520 109.0461 108.8962 109.1396 108.6498 110.6432 111.7530 111.4634 111.1216 110.5224 110.1663 109.0274 109.5343 107.7845 109.7077 111.2341 108.0833 108.9055 110.9300
108.2400 107.8434 106.3695 107.8603 107.9913 107.2255 106.4494 108.4581 107.2557 106.5013 105.8003 106.5120 106.4552 109.0778 109.5330 109.4443 111.8743 110.7010 108.8957 109.8671 107.4371 108.3443 108.8301 108.2198 107.9301 108.7901 109.8930 109.0255 114.8451 112.2855 110.2136 110.6388 107.9550 109.5522 110.7803 108.7535 108.1267 107.8604 109.4530 110.9300
106.4400 106.8017 107.5552 107.5940 107.1280 106.3390 106.5363 107.1130 106.8491 105.5524 106.0359 106.9063 107.6442 109.1310 108.2434 110.2121 105.6349 105.9999 106.0170 110.8212 107.9467 107.0990 108.2284 107.9017 107.5652 108.8810 109.2417 114.0153 112.6937 109.2517 107.6775 109.2784 110.0166 109.0440 115.5828 112.4211 111.3718 109.5565 108.3591 109.7900
107.7200 107.7051 105.9349 107.3211 106.0600 105.7063 105.6091 106.0910 106.4110 106.8675 106.0608 104.8405 106.0015 104.3823 109.2902 110.0325 107.0192 106.0498 107.2785 107.8026 107.1913 106.3308 108.2897 107.6821 107.9619 109.9390 113.9261 114.3518 114.7498 108.1159 108.3729 109.3193 109.0378 116.7639 117.5407 110.8655 115.5079 115.5430 109.9955 108.2000
107.3000 107.3755 105.7761 106.1174 106.1694 104.9400 105.2727 106.1661 106.6822 105.1899 106.6783 106.1236 105.5535 106.5615 105.1612 108.3306 106.3088 107.0714 106.9447 107.1229 106.6499 106.7640 108.1303 107.8932 108.0389 108.0293 112.7924 108.6862 111.4516 107.1823 106.9754 107.3636 113.7099 109.9346 110.6035 116.9916 114.4598 114.9119 112.0866 108.8400
106.5600 107.0310 106.6715 105.1505 104.7815 105.1764 105.3949 105.5726 107.3916 105.6700 105.5222 105.5604 106.3019 104.2256 104.1714 106.5028 109.3886 106.0531 105.6801 106.8503 107.1631 107.7686 107.6597 107.0543 108.4071 112.9684 108.2264 108.6229 108.0090 107.9704 111.1190 111.7431 112.3993 109.6459 114.7723 117.1894 113.2175 113.5508 110.2322 109.0900
107.0200 106.0817 105.5982 105.0839 104.8188 105.1772 105.6670 104.2258 108.0011 104.5249 105.0304 104.0679 108.1986 104.3937 103.0868 104.9444 109.4842 106.2145 106.2574 107.1180 107.1338 107.0340 106.4950 107.3560 107.8364 107.7928 108.1516 109.4239 112.0064 109.5755 111.6023 112.1079 112.9830 113.8113 114.1673 116.5535 113.6904 114.5454 111.5813 107.8700
107.0200 106.2395 105.0082 105.7700 103.6566 104.8961 105.2039 102.7496 103.0830 102.1037 103.6382 102.5490 102.6629 103.0844 103.8007 104.9117 104.0934 105.7227 105.9036 105.2483 106.6332 105.9596 106.4044 106.7799 107.9533 108.8663 111.3988 111.0849 107.5152 108.9696 112.7527 114.0916 113.6164 110.7422 112.1169 112.8805 113.0948 112.2908 111.7293 108.0200
105.6300 105.2028 104.6865 103.8720 103.1991 102.6493 102.4441 102.2008 101.7547 101.7264 101.5786 102.1248 102.6222 102.3478 102.4565 103.7992 103.4595 104.3506 103.5627 104.1641 106.7024 105.5792 106.1471 105.8103 107.4272 107.5676 107.9188 110.0862 107.7024 111.0030 114.2872 110.2358 110.4412 110.3457 110.5009 109.9793 113.4092 110.2502 108.7371 112.1300
106.1100 104.4370 104.5617 103.3663 102.8570 102.1212 101.7376 101.6767 101.2123 101.1987 101.0031 101.2930 101.5289 101.6723 102.0796 102.3491 102.8668 103.1904 103.7486 104.2501 106.6679 105.2680 106.4671 106.2702 107.1417 106.2299 111.5555 113.3476 108.8988 106.7200 114.2638 112.1192 108.9542 110.2648 110.2067 108.3408 113.2167 110.6145 113.2301 112.1300
103.6500 103.3285 102.9925 102.5433 102.2922 101.1775 100.6171 99.8543 100.2296 100.0830 100.1879 100.2775 100.6783 100.9114 101.1434 101.6981 102.3953 102.8338 103.1370 103.4521 106.1130 105.7366 106.7310 106.6929 109.0341 108.1618 107.1007 111.2082 107.6683 110.4858 114.5974 110.4507 108.3532 109.2315 108.6725 107.7225 111.1223 110.6453 113.4326 111.6400
104.7000 103.0569 102.2514 101.2330 101.5298 100.2912 99.9599 98.8101 99.5613 98.7481 98.9335 99.3920 99.6596 100.0724 100.5218 100.9688 101.3321 101.8950 102.5353 103.1769 104.3567 105.3047 104.9722 108.3748 106.6661 106.6794 105.5092 107.6501 108.1847 110.6147 110.4993 108.4490 108.8355 109.4637 110.2985 112.2216 110.0302 109.8185 112.6958 109.1700
103.1000 103.0665 101.5895 100.3517 100.8055 99.5943 98.8929 97.9334 97.8677 97.7225 98.1659 98.2043 98.2776 98.9688 100.0115 100.5940 101.1586 101.7889 102.1844 102.8174 103.2165 104.0946 104.8292 105.5539 107.2331 107.2545 106.3039 107.2759 108.0085 106.5647 108.7642 108.5428 108.3133 109.3107 109.7930 113.6877 113.5792 107.8241 114.3938 108.9600
102.9600 99.8868 101.6430 100.8129 99.8647 98.4969 97.3986 95.6351 96.6672 95.8322 95.6042 96.1128 96.6646 97.0803 98.7274 99.7473 100.0780 100.8644 101.6983 102.4730 102.8389 103.6974 104.6605 105.2635 104.8993 106.8741 106.1686 111.9905 107.4697 108.3772 108.2146 110.0995 108.8606 109.3136 109.3549 115.7602 108.8038 109.2503 113.9274 116.2400
102.4000 102.0324 101.0435 100.3986 99.5496 96.7039 95.5640 94.2733 96.3830 92.9335 91.2932 93.1091 94.1184 95.6760 97.5640 99.2113 99.2650 100.2448 101.1072 101.7489 102.5575 103.1242 104.7850 104.5113 105.2939 105.0181 109.8656 107.1723 107.2230 107.5029 107.1188 108.9279 108.5607 108.5460 108.9351 113.2180 113.3897 114.3982 114.6075 114.7400
102.1800 101.4733 100.4626 99.5333 98.1737 96.8938 95.7899 94.5860 92.5584 90.0238 89.0081 90.4037 91.3350 93.2335 96.6743 97.6081 98.4276 99.8611 100.7466 101.6474 102.3310 103.0537 104.4820 104.5394 104.9983 105.1816 106.9468 106.3878 107.5895 108.1190 108.2951 108.5764 108.5177 108.0044 111.0671 112.7342 112.4789 110.5019 112.3180 110.7700
101.4700 101.1986 100.1766 98.9643 97.5456 96.0087 94.4008 92.2948 88.2819 86.7665 85.3776 85.6390 89.3707 92.0423 94.7855 96.0977 97.8290 99.0356 100.5057 101.4543 102.1135 102.8348 103.5213 104.2790 105.0986 106.1876 106.6632 106.9688 107.8191 107.6678 108.2817 108.6728 110.2234 110.7637 111.2376 109.8198 109.0344 107.3997 108.6853 107.7800
101.6300 101.0052 99.9235 98.7461 97.2943 95.4757 93.0806 91.7517 84.2281 79.3526 78.7948 78.6418 84.7207 89.3433 92.4457 96.6818 97.5810 99.0725 100.2556 101.1588 101.9975 102.7212 103.3190 104.5873 104.6978 105.8105 106.5185 106.5766 107.9850 107.4822 107.8963 112.5610 110.6380 114.6356 112.1791 113.0428 115.0381 109.3100 108.4624 108.3100
101.3600 100.8038 99.7697 98.5844 96.9685 94.8338 91.6920 88.4263 79.8915 70.6749 66.7861 70.6794 80.9396 86.7453 91.4221 95.4349 96.8232 98.8357 100.0298 100.8898 101.8514 102.6699 103.1816 104.0428 105.0526 106.0227 106.2378 107.1326 107.7577 107.7572 107.0070 110.4921 109.0363 113.0771 114.3655 112.6621 112.9568 111.5311 107.2757 108.7700
101.3500 100.8178 99.5575 98.5434 96.7993 94.2021 90.4636 84.7242 76.0843 66.4533 62.1980 66.8953 80.2471 85.9484 90.1498 95.0574 96.4015 98.6824 100.0256 100.6149 101.8149 102.7056 102.9981 104.0270 105.7295 105.8558 106.5143 107.6658 107.8769 108.0347 107.0931 107.8842 110.6718 112.2005 114.5065 109.7052 113.6646 114.1926 109.9030 108.7700
101.5800 100.9067 99.7016 98.5682 97.1360 95.2560 91.2776 86.1152 78.1595 69.7017 65.8712 70.1528 80.2837 87.4569 91.6446 94.6536 96.2132 98.7699 99.9802 101.0488 101.8429 102.6399 103.2513 105.3367 105.7257 105.2756 105.3087 106.7251 106.8134 107.4478 107.2626 107.6479 113.0229 113.5705 114.9657 115.0489 113.5993 108.8363 114.1466 108.9100
101.6000 100.9784 99.8894 98.8167 97.8328 95.6676 92.5568 88.5051 85.4062 77.8278 75.0244 81.1714 84.1547 88.7247 93.6531 96.1427 97.7315 98.8999 100.1556 101.2861 102.0696 102.7078 103.3806 105.3382 104.4901 105.2022 106.5765 110.6338 109.7421 107.9474 108.4884 109.0332 114.1963 109.5820 111.6521 111.7235 112.9165 111.5414 112.6169 111.1400
101.7100 101.1494 99.5800 99.4072 98.0289 96.3194 94.5855 91.6981 89.3405 86.4371 83.8109 85.4588 87.6087 91.6549 93.6704 96.9438 98.5307 99.8347 100.4963 101.4469 102.2598 102.9068 103.2290 109.0042 104.5619 106.9200 106.9967 107.4905 107.7565 107.9483 108.4540 108.2352 112.4275 112.8820 108.0916 113.1672 111.6941 110.4425 113.6841 111.3800
101.7800 101.7800 100.5600 99.7800 98.2500 97.0100 96.0500 91.1500 91.0200 89.7100 87.8200 91.0200 91.0200 92.8000 96.4400 97.8500 98.8100 99.6400 100.9200 101.6700 102.4200 103.0200 103.3900 104.3400 105.4900 106.3700 108.3800 107.7600 107.9300 112.5400 108.6100 112.6300 109.1100 113.8500 112.3600 110.6000 113.7300 109.9400 108.8500 108.8500
