101.5500 101.6100 101.6100 101.0800 101.7500 101.5900 101.8200 102.1500 104.2400 104.7600 104.7300 103.6200 104.5200 104.8600 105.4700 105.4300 105.5600 105.8900 106.5500 106.5100 107.6900 107.9200 111.4000 109.8400 112.0200 113.4800 109.6300 114.7600 117.3800 117.7100 118.8000 117.7900 117.2100 116.5600 115.6200 115.0700 114.1900 113.8300 113.5000 113.2000
101.5500 100.9855 100.6503 100.9163 100.5746 100.9053 101.1932 101.7341 101.9540 103.2663 103.9222 103.7154 103.6092 105.2936 104.4882 104.6866 105.3690 105.4411 106.3017 106.5371 107.1062 107.8278 111.0269 109.6596 111.3672 113.0231 111.9420 115.6093 117.8305 118.5611 118.7180 117.7039 117.6970 116.5958 115.7460 115.1626 115.1711 115.8466 113.2878 113.2500
100.3700 100.0226 99.8762 99.9915 99.8520 99.6329 100.5774 100.7706 101.1990 102.0918 103.7845 104.0340 103.6449 104.7454 104.4917 105.4642 105.7570 106.9693 105.7873 105.6494 106.7655 108.6794 107.2746 109.1443 110.5860 112.3954 114.0850 115.6294 117.5238 117.9728 118.3917 117.3886 117.7401 116.8242 115.9921 115.2916 114.5402 115.2708 113.5359 113.2900
99.4200 98.9541 99.0713 98.8119 98.5586 98.6106 98.9130 99.3090 100.3491 101.1097 102.1248 102.9056 104.4679 104.4263 104.0692 104.9228 105.2377 105.0702 105.6841 106.4433 107.4636 109.3369 107.5011 109.9860 109.8406 111.5835 113.1260 114.6943 116.6087 116.9854 118.0722 117.4748 117.6709 117.0670 116.2153 115.5833 114.8317 114.1793 113.7245 113.3300
98.4900 98.1879 97.4261 96.9132 96.8683 96.8794 97.8676 99.0027 100.0888 100.4604 101.0006 101.3395 102.9178 103.9431 104.2305 103.7893 105.7007 105.7608 105.9488 105.2596 111.4701 112.4547 108.2303 111.8334 110.0986 110.9373 112.5065 114.2344 116.0111 116.6783 116.1425 116.3212 117.0992 116.2047 116.3140 115.5840 114.9343 114.3476 113.8519 113.3700
97.8800 95.6598 95.1404 95.7319 95.1400 94.7494 96.1797 98.2237 99.3421 99.9278 100.5073 101.0719 103.0043 103.1240 104.7506 103.7189 105.6661 105.5500 108.3062 109.4246 108.5178 112.1579 108.5380 107.4636 111.4644 110.3312 112.0549 114.0936 116.8780 114.0583 112.8494 115.4066 114.6060 116.3747 116.4373 115.6289 114.9870 114.4231 113.9095 113.4000
94.8000 92.4193 91.2157 93.4604 92.9767 93.5007 95.1643 96.6075 97.7990 99.3719 100.3643 100.8516 101.7099 102.6770 102.9439 105.0673 104.3893 105.2497 108.8809 109.0741 106.6401 109.3730 108.2699 106.4995 108.6109 110.2404 111.6895 116.2228 116.7311 115.7678 115.7289 112.5621 115.1946 117.5948 116.5838 115.7508 115.2176 114.4976 113.9636 113.7900
93.5800 89.4441 87.5101 88.8021 88.3173 90.1973 92.7946 94.4777 96.5873 98.3836 99.2633 100.3333 101.4550 101.8198 103.0375 105.0741 104.7376 105.0686 106.2146 106.5202 107.2834 108.8252 105.3569 108.9164 107.8054 109.9068 111.2134 115.1008 114.6752 116.7640 116.6845 114.6070 115.0798 115.4130 117.3239 115.8645 115.3737 114.7253 114.1261 113.8500
89.7700 85.9776 83.2906 84.1742 84.5019 89.1581 89.4281 92.8367 95.3013 97.7212 98.5558 100.1497 100.8048 101.5683 102.8631 105.0794 105.7269 104.4053 106.3729 106.8165 107.0928 110.5083 106.4930 105.9461 106.9078 109.6310 110.8019 115.6587 114.1917 117.6255 117.0801 115.7650 115.4581 114.3228 116.9474 115.9409 115.5167 114.5370 114.0587 113.8100
85.5200 84.2357 76.2511 74.2725 77.4903 82.9758 86.5173 92.7261 94.8845 96.5294 98.4572 99.7261 100.6209 101.1696 104.1631 104.0209 105.2755 105.2176 106.1766 106.2193 106.8472 107.8964 105.8508 107.8873 109.2221 111.8695 112.2537 115.9566 114.3065 117.1843 117.0069 118.7887 112.0097 117.2126 116.9528 116.3858 113.4894 115.1502 114.3057 113.8700
84.0600 78.6077 67.1420 65.5462 71.0525 80.0731 86.1365 92.0439 94.5419 96.9921 98.3771 99.8683 100.7359 101.5229 102.6300 104.1045 104.2067 104.4495 105.5237 106.8126 106.8881 106.6882 106.5132 107.6478 114.0344 115.2819 113.4001 111.7997 112.7725 115.1340 114.6552 111.0064 119.2527 115.1018 117.8336 116.6532 112.3494 110.2269 114.5436 113.9000
83.9100 77.4628 64.8253 62.4183 68.9133 79.4276 85.6072 91.7842 94.3918 96.9733 98.4026 99.8355 100.7146 101.5844 102.6889 103.9972 104.2742 104.3996 105.5576 106.7639 106.8265 106.7735 106.6101 107.4935 113.7540 114.9941 113.1404 111.6819 112.6649 114.8827 114.5583 110.9906 119.2448 115.0402 117.9145 116.5896 112.2799 110.4047 114.2092 113.9000
83.7500 81.1552 74.2414 70.6585 74.5971 82.6162 85.8176 91.3478 94.5980 97.3932 98.8564 99.5627 100.5962 101.8020 102.6326 103.4577 105.5190 104.4197 106.4056 106.2472 106.3724 107.3989 107.7065 107.8793 107.8760 108.1134 108.7698 112.6962 109.1941 111.4362 112.0870 110.6759 112.4387 115.3532 115.7478 115.3432 111.3336 110.0232 110.3532 109.2400
88.7500 84.9320 83.4660 80.9326 83.8785 87.4501 89.2001 92.4975 95.6578 97.5936 98.9216 100.1600 100.9178 101.7919 102.9690 103.4554 105.1611 104.9697 106.7506 106.0256 107.0139 107.4735 107.7404 107.5930 107.8646 108.3848 108.3194 108.0696 109.4442 109.3964 112.4058 109.9719 113.1171 112.0710 115.0293 113.8407 113.3682 110.1843 110.6758 111.4300
89.3800 89.2143 89.1893 88.6046 88.0726 91.9046 91.5037 94.3354 97.1762 98.3318 99.6156 100.7302 101.5110 102.1562 102.6581 102.9608 106.1903 105.5227 105.8318 107.1815 106.8843 106.5757 107.6615 107.4110 108.1860 107.5339 108.2207 107.5522 110.3246 112.7970 110.7966 107.6998 109.6933 111.3809 114.0330 113.4508 111.2143 115.0831 110.5995 111.4600
93.6000 92.6943 91.9041 91.1500 91.8586 93.7024 95.3128 96.6505 98.1146 98.9009 100.3088 101.0388 101.7154 102.1044 103.3590 104.3663 106.4070 105.3800 105.4615 106.8889 106.8827 106.2637 107.7489 107.7320 108.4404 110.7604 110.5802 110.9289 110.2349 111.3839 111.1240 109.5901 108.3777 108.3466 109.5501 109.3501 113.8652 111.6879 112.2001 112.6300
96.1900 95.5264 95.2816 94.0925 94.8482 96.1279 96.1342 98.0469 98.6262 99.8072 100.7113 101.4021 101.7074 103.9365 104.2705 105.0506 105.1696 105.6918 106.1671 106.1509 106.6364 106.6632 107.7864 108.0702 108.3890 109.3607 110.0559 111.2212 113.5625 114.6320 115.6197 114.2275 108.7056 108.3682 107.7760 109.2479 108.6652 111.6414 111.7106 114.8300
97.6500 97.6510 97.5415 96.5254 97.0032 97.8652 98.0326 98.9589 99.4527 100.5534 101.1160 101.7165 102.7433 104.1611 104.4477 105.2222 105.2225 105.7627 106.7553 106.1116 106.4744 107.0331 108.0778 108.4469 108.4669 108.6958 107.4727 111.4242 113.6856 113.8979 110.8692 115.1178 108.4502 109.8932 107.4925 108.6336 110.0513 110.1985 110.4828 111.0800
99.3400 98.8308 98.7980 98.2715 98.7525 98.9977 99.4037 99.9164 100.3424 101.1999 101.8036 102.2188 103.0153 104.7040 103.4575 106.0284 105.7803 105.1590 105.5815 105.9048 106.4369 107.8065 108.3926 108.0516 108.2449 107.8272 108.2299 109.0058 109.5892 112.8397 108.7921 112.1364 107.3860 107.7741 109.1146 112.7532 109.1874 111.3127 110.4793 110.5100
100.5400 100.1301 99.9832 99.8167 99.8953 100.1970 100.3321 100.8344 101.3158 101.8387 102.4160 102.8056 104.7138 105.3559 105.0254 105.5610 104.6341 105.4666 105.9622 106.4073 106.3509 107.8871 107.5371 108.2838 108.6999 109.1380 109.0897 109.3054 108.9576 109.7796 109.8226 110.0534 108.4252 109.4905 117.2327 114.9625 113.0069 109.6521 110.3095 111.4300
101.2900 101.0495 100.9213 100.9757 101.0055 101.1256 101.1893 101.5400 102.1081 102.2202 103.1783 104.3958 104.9972 104.2221 104.4676 104.9074 104.9849 107.3365 106.7322 106.6443 106.6342 107.5042 107.6205 108.8169 109.9452 109.3706 108.7905 109.2816 109.2942 109.1868 110.0186 108.3466 109.5329 110.5610 114.2965 116.7892 114.2969 116.7027 111.4741 111.5600
102.0900 101.9423 101.9423 101.7202 101.6893 101.9399 101.7725 102.1334 102.3707 103.7449 105.7026 105.8813 105.6895 105.8304 105.6160 106.6296 105.7418 107.1606 107.9275 106.2923 107.5826 107.2214 107.7100 107.7908 113.1983 109.8690 112.8824 109.2489 112.0860 113.8205 115.0458 108.4875 111.3830 111.2177 110.2961 109.2234 112.3021 110.4123 110.4217 111.0100
102.7400 102.4762 102.0293 102.6062 102.7067 102.4023 103.3399 103.9851 104.9402 105.9789 105.7186 105.8019 106.2210 111.7162 106.0722 105.6272 105.8696 107.1376 106.8721 107.4176 106.8840 108.7487 108.3102 107.9166 108.3468 108.1883 114.7673 112.3008 112.1329 111.9225 114.2136 116.9658 108.9679 113.1380 111.1482 110.2100 110.1703 111.1480 110.8777 109.4000
103.3900 106.0468 106.2527 102.7987 101.5450 104.6907 104.6183 104.9595 106.5245 106.2052 105.4511 105.4514 103.7199 106.7539 107.9375 107.8096 106.5008 107.6739 106.8778 107.1949 107.8737 108.7601 108.9507 109.0225 111.9945 109.6550 108.5901 110.5163 113.6287 115.4319 117.3311 116.9392 114.8324 115.1392 114.6192 111.2376 111.2325 117.4183 112.1052 110.1900
108.8000 110.7129 106.4341 107.1376 108.3178 109.3689 105.1701 106.3781 105.3060 105.2743 108.4956 105.6566 108.3592 108.4696 109.9177 107.4333 107.2959 107.1430 107.4206 107.5308 108.0875 108.3395 109.1041 109.3017 108.0025 112.2439 114.3574 110.6188 114.1066 113.1204 114.0422 116.3149 112.7345 116.6686 113.4220 112.1347 112.9965 108.4145 109.4509 110.0100
105.9600 104.9415 102.8616 104.4762 106.1746 106.1966 105.4798 105.1847 105.3947 104.7116 107.7130 105.3099 105.6247 108.7040 109.0813 110.4637 110.6863 107.0092 109.5358 108.2797 108.1465 108.1948 108.4700 108.6085 109.5017 110.6296 114.4813 115.8138 116.5223 115.1129 110.9993 114.4053 112.4042 115.7191 108.9156 109.7590 111.9730 113.8547 110.8703 110.4100
105.9600 108.1209 108.3243 105.9685 106.6477 106.0901 106.3101 111.6809 106.6135 105.1970 109.7866 105.6194 105.0478 106.4342 110.2150 109.9902 108.2547 106.5407 107.8050 108.0866 108.5033 108.2895 108.2563 110.0919 109.7290 109.2103 109.3228 110.0693 112.6854 115.4695 113.7250 113.7829 111.8052 115.9581 117.4202 109.0750 111.7890 114.1976 112.5406 114.9400
109.5600 105.8389 105.5046 106.4838 106.4316 106.2419 106.3010 105.5585 106.3133 106.7916 107.8075 108.8508 106.4838 107.2045 108.4668 110.3196 106.2485 109.3910 111.0055 108.2795 112.4908 107.7333 109.0107 108.7236 109.2956 109.3290 110.7304 108.7615 114.0344 115.2618 114.3891 113.4179 115.5163 113.2854 114.1237 109.1416 108.7561 113.5409 112.3777 115.7400
108.9700 106.5723 105.8463 109.7362 107.5012 109.3534 106.1720 107.6618 110.0510 108.3015 111.1218 110.8509 107.5224 107.8274 109.2320 112.0492 110.7338 113.6184 114.4777 108.3142 113.7383 113.2743 109.0781 114.1318 109.8692 110.2393 114.6221 109.4033 111.7546 112.3070 116.8175 112.0067 115.4411 117.3137 113.7526 109.9589 111.2075 112.5976 112.5287 114.6900
108.9700 108.9608 107.4141 110.2856 109.3389 108.5855 106.8901 106.6829 110.7260 106.6286 108.9902 108.1648 106.5647 108.4115 108.1273 107.1945 109.6307 112.6207 114.0490 111.9709 109.1767 110.3829 113.7019 109.5754 107.5742 108.8058 112.8229 110.9651 114.7742 115.8354 114.3705 116.2715 110.8679 114.4270 108.6720 109.9014 109.3314 110.7462 109.7719 111.6300
112.0100 108.6888 109.2901 109.6190 108.2444 106.7594 110.1258 111.6633 111.5308 110.1533 107.5134 107.7158 106.7579 108.5562 109.1600 101.8874 108.0434 112.2310 112.6433 113.1849 112.9928 113.9453 114.7708 112.6555 109.3440 108.8351 109.8540 108.9830 109.1458 114.3594 113.7289 113.0364 114.7489 112.2946 109.5965 109.6906 109.1913 109.8872 110.1621 110.0100
106.5400 106.7733 108.7821 106.7285 107.0784 109.1758 110.4479 107.2372 107.2331 107.1385 111.1867 109.4697 113.9305 108.6917 105.3571 102.0155 114.3261 115.0238 112.8234 112.2280 115.3662 113.4163 111.0872 116.1333 110.8666 109.7257 109.3513 109.2146 110.5772 113.1368 116.1490 110.1060 113.2760 111.6240 109.8026 109.4695 109.3430 110.1521 110.4453 109.4500
110.4000 108.5501 108.0673 107.5427 107.9766 108.0406 107.4258 108.2710 107.8933 109.3435 109.3383 111.7443 110.8411 108.9911 109.7547 109.6771 110.2614 112.8247 116.2333 113.3800 116.4246 115.9433 114.0899 115.5186 111.0630 111.6969 109.7488 108.6872 110.3915 108.8201 112.9742 110.5393 109.9764 110.5956 110.0280 111.0112 110.9690 110.2050 109.8435 110.2000
108.3300 108.8439 112.1932 107.8151 108.2323 108.1760 109.3080 108.7197 102.9252 110.8223 110.4453 113.5495 109.7550 107.6014 108.4638 108.4266 109.7757 108.5926 116.6288 116.5024 118.0262 116.0347 115.9408 114.3338 109.2699 109.2674 109.1843 108.6445 110.3922 110.3449 111.1489 109.6657 112.5190 111.1002 110.2089 112.7335 110.8849 110.7530 110.6202 110.3800
104.0000 103.6465 109.5001 108.2986 108.5603 108.5214 113.0120 107.5677 111.2777 113.5186 113.2981 114.1086 108.7688 111.1176 107.0775 108.5709 108.3860 109.4045 111.9318 116.9655 115.0962 114.1052 115.3473 116.2086 114.1241 112.6536 110.4077 108.9472 108.9638 109.4316 109.8653 108.8440 114.5485 110.7431 112.4116 112.2305 111.6864 110.6612 110.4568 109.5500
108.5100 106.2197 104.5448 106.0576 109.4723 108.9762 109.6941 109.1851 105.6186 107.5621 111.6265 111.8056 110.5664 111.2114 112.0411 109.9685 111.5081 109.5444 109.0145 111.3932 118.0672 117.5819 114.6496 111.0677 108.9377 110.0842 111.0518 109.9252 109.4815 108.8569 109.3249 109.3609 112.5439 112.1293 110.9987 112.9770 110.7287 110.8910 112.0912 111.9100
107.5500 106.0185 110.4489 113.2244 105.5993 108.3319 106.5889 111.9653 109.3732 109.9005 109.0695 112.5314 112.2771 108.9628 114.9991 109.4351 113.5941 109.1130 108.7885 111.1165 117.6972 113.1716 109.1121 109.0918 110.7770 108.8213 109.0741 109.6744 109.6271 109.0212 109.8456 110.4706 109.5899 110.4468 111.5736 112.7779 110.9806 110.8863 111.3170 111.9100
104.9700 104.5340 105.1054 107.3366 105.5405 104.8247 106.5385 108.3539 109.3856 110.1026 109.4772 114.4076 115.8961 108.4507 118.5114 117.4405 110.2302 113.7103 109.7449 110.3560 114.5025 115.1814 111.4289 109.6286 111.0531 111.4351 109.6889 109.3881 109.2261 109.3901 108.9340 109.8850 108.8182 118.5123 111.1403 110.5944 110.6100 111.5170 112.0795 116.8300
105.6300 108.0516 114.7444 109.5982 106.7925 106.0259 110.0885 107.4606 106.3006 109.4338 109.5751 115.1517 116.4937 113.2720 114.5958 116.2774 110.9748 112.6125 111.2334 111.6025 112.1124 116.5896 118.3283 110.8690 108.3940 109.5401 108.5001 109.2843 109.0015 110.7826 110.1465 108.9547 109.9701 111.1652 111.0730 110.1396 110.6678 110.2928 111.4591 112.9200
106.7200 108.2500 112.5200 108.6400 106.7400 107.5900 111.8600 107.6100 107.7500 109.2600 110.3200 115.8000 109.7200 116.3400 116.1600 116.1600 115.2500 110.5500 113.0500 113.3800 116.4800 111.3600 112.7500 118.3400 118.3400 108.9500 108.5200 108.6900 110.4900 111.9500 111.8000 109.3700 110.4200 109.8100 110.3500 110.6300 110.7200 110.4800 109.8000 113.1700
