107.8400 110.8600 107.3600 106.8800 104.6000 109.8400 104.8500 107.2000 103.6200 101.4200 100.7000 99.1500 98.1900 95.3200 93.5100 91.2300 85.7500 82.4200 74.9700 74.1900 85.0700 85.0700 88.4300 93.5400 95.3500 97.9900 99.1700 100.7100 101.5100 101.4700 101.9600 102.7400 108.3900 106.1800 103.4300 103.2700 105.6600 107.1500 110.3600 110.3600
113.3600 107.2465 106.3786 104.2739 110.7151 107.7051 105.1996 107.5144 107.6397 101.1130 100.4361 99.1054 97.7995 95.3793 92.5436 88.6997 83.9048 77.3387 69.6296 69.3798 75.5175 83.4258 88.4192 92.3630 95.2202 97.4145 99.0389 100.0907 101.3324 108.5641 110.0140 114.4067 109.8017 105.8138 103.7949 103.2791 104.2277 105.2115 109.6176 110.4300
107.8000 108.8651 109.1442 107.6501 109.3035 107.9487 112.0835 107.5067 108.9049 101.2218 100.2692 99.0252 97.4980 95.5114 92.1324 88.0759 83.1456 74.0930 65.1788 65.0979 72.7554 82.4432 87.8128 92.0166 95.0250 97.1548 98.7688 100.0608 100.5179 100.1187 108.6179 114.4112 110.0263 105.3419 103.2856 102.6215 103.8874 104.6729 109.2838 110.1400
109.7900 111.0881 111.5210 106.1711 111.6919 108.5275 113.4890 106.7034 104.8605 101.3156 100.3128 99.1294 97.6396 95.7424 92.8106 88.7927 83.9511 77.0805 69.7129 69.1281 75.8146 83.4686 88.4580 92.3811 95.2436 97.3073 98.8708 100.1427 100.5727 100.7066 109.2582 114.5150 109.9002 105.2948 103.2672 102.6938 104.8190 105.1677 109.3548 110.0100
107.0300 107.2310 105.7058 106.3238 103.9058 108.1470 110.1126 108.7466 102.8157 101.8776 100.5484 99.5114 97.8725 96.3600 94.4948 90.5392 86.2499 81.7992 77.2895 77.2973 81.6869 86.0102 90.0959 93.3792 95.8340 97.6483 99.1051 100.3975 100.1308 101.3514 110.5074 114.3159 108.9901 105.0250 103.1089 102.8022 104.7592 107.0025 109.3242 112.1100
111.1900 107.7034 106.8717 106.6232 105.3300 107.7677 105.4161 104.8289 104.8712 102.4844 100.8090 99.7527 98.4551 96.9145 94.9390 92.7349 89.7142 86.5469 84.5853 84.5233 86.3917 89.2850 92.1990 94.6849 96.6588 98.2925 99.4699 100.6793 99.7605 102.9545 112.6601 113.6865 107.8003 104.6303 102.9075 103.0698 105.0598 107.1387 109.5678 112.1100
105.1800 107.0773 106.9901 106.3733 107.7852 104.8697 104.5178 103.8189 104.3766 102.7599 101.7415 100.4301 99.4143 97.8970 96.9357 94.9093 92.4190 90.6405 89.4505 89.4231 90.5638 92.3248 94.4654 96.1017 97.6214 98.9273 99.9494 100.4346 99.9795 105.6752 114.4973 112.2484 106.6506 104.1354 102.7106 103.4580 105.4376 107.5900 110.0539 112.4800
107.2200 106.5062 106.4687 105.7477 105.3917 105.0351 105.9727 102.9434 103.3438 103.1139 101.9073 101.0003 100.1488 99.1329 98.1333 96.8471 95.1895 93.8674 93.1944 93.1731 93.8119 95.3361 96.6715 97.5179 98.5690 99.6188 100.7660 99.4949 101.9583 109.4970 115.1162 110.0681 105.6084 103.5843 102.6432 103.9902 105.9530 108.1399 110.6753 112.7500
107.1300 106.0798 106.3939 106.2450 105.3072 104.0981 104.9691 105.5561 104.0034 103.7175 102.6725 101.4354 100.8721 100.2303 99.3414 98.3395 97.2278 96.2700 95.8320 95.8138 96.2526 97.2814 98.0890 99.0535 99.5699 100.5995 100.4243 99.9334 105.9149 112.8743 114.2543 107.6831 104.6685 103.0060 102.9219 104.6237 106.5992 108.8410 111.4587 113.0700
107.5400 106.6684 110.3029 112.0931 103.4823 105.6400 106.8235 105.0721 104.4393 104.9181 104.4446 102.6263 101.3965 100.7996 100.5986 99.5383 98.4454 98.0135 97.7582 97.7202 98.2268 98.5671 99.1280 99.7570 100.3980 100.1325 98.9657 103.4090 112.1210 114.1078 110.7127 105.8859 103.8163 102.5104 103.5545 105.3540 107.3808 109.6895 112.4110 116.0000
110.8300 112.5857 109.1691 107.6783 107.5585 106.3119 107.3516 105.0501 103.8724 103.2377 103.8509 103.2538 103.5276 101.3799 101.1910 100.6817 99.7667 99.4225 99.3875 99.3539 99.6961 99.9595 99.8749 100.7512 105.9248 105.4844 105.4148 109.5020 114.7597 111.9171 107.1717 104.6522 103.0550 102.7376 104.4028 106.2165 108.2995 110.7159 113.5998 116.5300
107.9300 110.9896 107.5462 111.7217 105.9638 111.6191 104.7369 105.0062 101.9990 104.0936 100.5851 104.3263 103.7368 101.8960 101.8621 101.1586 101.1114 100.5758 100.6867 100.5348 100.5404 100.0108 101.9711 107.2162 102.7922 109.6643 113.1495 105.0628 114.3637 107.5358 105.7503 103.5838 102.5674 103.5865 105.3392 107.2282 109.3896 111.9127 115.1080 117.2000
111.1000 113.6974 105.7318 106.7034 106.7772 109.3244 106.3066 107.5029 102.8708 102.4064 102.2710 104.6087 104.2996 103.8657 102.9793 103.6360 100.8294 103.5422 101.1888 101.7538 101.8246 105.1100 107.7398 102.7169 106.8280 106.7835 110.8839 111.3406 111.5246 110.8493 111.5359 103.8293 102.9544 104.7059 106.4274 108.4580 110.9309 113.7066 117.3648 117.9700
110.8200 115.9433 106.9929 107.6967 105.6575 106.7156 106.4825 106.7969 103.3698 103.9374 105.4854 103.6995 103.6591 103.1849 104.0114 108.4778 102.9147 104.9134 97.8532 102.4945 102.5604 101.5298 101.8510 105.2044 111.2472 107.7972 108.7390 110.4805 112.0470 109.2532 104.9242 103.9845 104.5109 106.0461 107.6698 109.5500 110.4093 113.0799 117.2680 115.8600
112.4900 114.3065 112.1725 106.9247 105.6200 106.7770 107.2060 103.5802 107.5462 101.7434 103.1060 102.0426 102.3327 103.4705 104.1748 103.5832 106.3451 101.9076 98.7085 99.8465 105.4424 103.4164 104.7261 102.8099 109.0943 109.0990 107.2936 109.4150 106.0500 108.3933 104.5412 107.6264 105.9509 108.0031 109.3115 110.9534 110.2645 110.4925 113.3062 120.0800
113.3200 113.9880 115.5098 108.6654 109.5034 110.5136 106.5708 106.7159 107.2617 104.2456 103.3258 104.9309 106.6940 104.6803 105.2647 106.3791 107.0326 104.8795 102.8847 104.9391 105.4896 105.5883 108.1310 108.0473 107.8285 105.9153 107.5966 105.4065 104.5725 110.1427 105.9803 115.7298 106.2506 108.5837 111.3251 113.5234 117.5247 119.0142 118.6042 120.0800
105.5400 115.7638 116.5731 109.5907 109.6534 108.2160 103.8727 111.0167 106.8844 106.7789 103.7540 108.2904 107.0286 106.1773 109.6296 105.4133 104.4441 102.0539 102.3305 105.4458 104.4979 106.8897 104.4198 109.7671 107.7778 109.7299 111.4208 104.7627 108.6955 117.6300 108.7512 114.3243 112.8292 114.8494 111.2083 108.3615 112.5939 118.5465 120.8853 120.1500
110.8800 114.7399 108.0844 112.5205 111.0166 109.1653 110.7133 107.8486 106.5552 109.2988 106.7244 110.3471 106.2231 108.6341 108.1344 107.1453 104.9549 102.4790 101.8854 105.3325 105.1663 105.8238 105.0803 108.6724 107.7038 105.9208 105.3019 106.4139 108.6178 108.7466 106.6946 108.9358 114.8229 114.8087 106.9423 110.4426 106.4708 117.3048 120.0554 114.0900
109.4900 113.3844 109.2473 114.6142 110.3640 113.7443 111.6458 109.0723 110.0188 111.1425 109.5639 109.9635 106.7538 109.2408 106.7473 105.8516 106.4391 104.5188 104.8667 106.5224 107.7003 107.9669 108.5476 106.2164 109.4202 107.1871 107.6572 107.4826 108.6742 106.7033 107.3040 109.3156 117.1426 113.3754 115.8188 117.7018 114.9761 118.6039 119.1845 120.1200
106.0300 109.2115 107.5608 105.3946 109.1578 112.1379 108.1606 110.0147 111.7735 108.7279 108.4735 106.9615 108.4773 107.2748 108.7032 106.3928 105.9338 106.0708 105.7678 107.0928 107.5782 111.7550 108.0175 107.6433 107.0533 107.2202 107.7342 106.9207 106.4764 107.6192 107.7417 107.1881 112.5082 112.8315 101.2303 110.9217 116.3134 115.0687 112.5448 117.3300
109.1600 109.5641 109.0603 115.0089 104.5290 108.1226 107.9137 113.7204 113.1514 109.5027 111.3030 107.7073 115.3734 109.8355 106.1862 108.1796 106.0080 111.9668 105.6009 111.1836 106.9698 109.9028 108.1573 105.9297 108.6772 108.6998 105.4088 106.4947 107.4120 113.2607 112.8947 115.1254 115.0342 103.1737 102.1316 102.8860 105.3392 108.4099 111.3362 106.5700
106.4000 109.1825 108.5149 108.6870 112.9124 109.0861 107.8076 116.4692 113.4643 112.2250 109.9620 106.0254 106.3501 109.6625 110.2305 106.1724 106.7228 111.5832 106.2895 107.5508 110.9326 108.9283 107.1383 107.3737 108.2105 115.2938 112.3499 110.4431 112.4955 115.2226 113.9055 114.8483 104.6213 104.2199 111.8746 104.3425 105.3485 105.8810 110.8488 108.2400
108.1500 109.6814 109.5781 108.2193 108.2857 108.8595 107.6753 110.6872 114.1888 115.2179 108.8289 107.5146 106.1695 108.7427 106.8163 110.7160 107.3368 113.2444 106.8656 111.2528 108.5437 109.6763 107.5254 109.3968 106.2000 109.0702 110.7027 111.8016 110.8574 108.6025 113.0062 113.4447 108.6807 104.4228 109.6426 108.2162 105.9730 114.9751 116.3560 114.4300
110.0900 108.8769 107.5996 107.3970 108.7963 108.3184 107.6501 114.4608 113.4200 109.8223 112.7291 110.2158 106.3935 109.2046 110.4842 113.9453 109.7852 114.9459 107.8784 109.4523 108.5539 111.7628 110.7577 112.6502 108.4339 112.6317 115.7640 114.6618 111.3447 101.3803 109.2273 108.0193 114.8274 106.9664 106.3849 105.4586 107.9131 107.6188 109.2393 115.2600
110.4400 109.1700 106.4077 107.8049 108.8843 108.1212 106.2826 111.6569 113.6655 110.4792 111.4780 110.2234 110.2824 107.9092 110.7902 110.0047 109.1727 111.3925 111.5586 109.4428 110.5961 111.3555 114.2139 111.3607 115.8309 116.0436 117.3046 109.2905 110.9150 107.8197 108.2923 103.0107 110.5562 105.8145 109.8598 107.2162 107.7633 113.5681 111.7105 113.1200
108.0200 108.7506 109.5114 107.0182 109.7990 108.0781 108.9239 111.2921 110.9657 111.5208 110.1496 104.7279 111.8637 104.0719 111.3999 103.3817 105.5270 107.9172 106.9384 105.2771 115.1430 111.8569 112.4512 104.1482 109.5487 111.7068 116.0821 110.8749 111.6724 114.9670 114.7655 110.8592 112.2483 112.1858 116.7939 112.7978 111.1698 113.1539 112.3128 110.2000
110.2100 108.2872 108.9168 108.3156 111.1701 108.1602 108.6345 108.8527 113.8970 115.6128 111.4603 104.0054 112.8012 111.1646 110.5437 103.5926 105.0494 103.7105 104.5317 102.5383 110.7192 111.4194 116.2537 106.6598 111.5296 112.7203 120.4432 117.0299 115.4102 113.7955 109.8011 112.8178 112.1339 108.5441 111.7210 116.1927 113.7964 113.7507 112.4236 115.1500
109.8800 110.3831 108.1993 107.9344 112.8166 108.4025 111.4636 111.5637 114.6139 116.9634 115.5945 108.8467 115.2395 112.9221 111.0768 104.6027 109.3707 104.6527 105.0388 102.7990 111.8448 114.7024 106.7638 115.3386 109.3845 109.6640 113.8822 112.4509 113.2024 111.3819 112.6884 109.5837 111.7249 112.6361 110.3636 113.9837 110.6751 111.9433 109.9296 112.6000
111.4000 110.0313 109.5991 109.1200 114.3426 111.7379 110.5641 110.4121 115.3051 114.4657 114.1548 109.8778 111.9047 111.4440 110.7460 105.0990 106.2666 106.2274 105.7491 110.7826 112.7700 110.4886 114.5584 115.4577 108.8034 108.2004 116.4139 109.7251 112.9948 112.3784 113.7763 111.0825 116.9545 114.9671 111.3754 109.3756 112.5392 107.9056 110.0058 111.3800
112.3700 110.7212 107.5052 109.2116 112.1306 112.6382 113.5529 110.2451 116.1324 114.9554 110.2768 111.5257 110.2829 113.7791 112.5007 106.8823 109.9554 106.7673 106.5095 109.2144 115.0714 113.2055 115.0840 110.7292 108.3206 105.4797 106.6020 109.2871 115.8116 114.0905 116.7848 112.0843 115.7098 110.6491 110.3457 111.1937 112.5957 110.4199 112.5107 110.0800
111.4600 112.4666 113.2870 111.4007 117.5579 115.5768 113.1125 110.1712 116.2488 114.5542 113.0420 111.6094 111.7302 109.6302 112.9129 108.1845 109.0145 108.5888 107.9898 108.0284 112.9335 112.2234 111.9569 109.6307 109.4096 107.2572 107.7106 110.5014 109.6520 113.6013 117.4767 108.4919 110.5267 110.9360 111.2888 110.3637 110.3321 108.9215 113.0196 110.4300
115.0700 113.9823 114.9696 112.5477 114.3352 111.0849 109.3773 112.5884 116.9137 115.0175 113.1410 110.4191 112.5196 115.9228 111.7172 109.2762 109.6055 108.7164 111.6198 110.3998 107.9589 111.4841 111.3515 114.1596 110.4736 109.3974 108.0801 111.6006 111.6637 115.6924 113.2628 109.3425 112.7470 113.4098 110.0009 114.0870 109.6190 109.3911 111.2627 111.4400
112.5300 110.7290 112.4604 112.7040 115.2999 116.1124 113.7898 119.1658 114.5586 116.8071 112.0555 116.5260 107.5351 113.3336 113.6783 111.5645 111.0690 110.8786 113.1736 111.4463 109.9098 112.5312 113.0203 112.9330 109.5716 110.2240 109.8997 114.7248 109.4293 116.0652 115.5724 112.5976 110.1943 114.3225 112.2231 115.6632 110.4483 109.4495 114.5668 117.2600
114.0300 113.3901 112.8464 112.5713 116.9054 116.2792 115.3092 117.7648 115.6721 116.4292 112.6192 111.8595 110.6547 114.5595 109.0794 112.2042 111.4340 110.1248 115.1533 112.3869 110.7658 110.9801 112.5213 109.9173 109.2447 110.1515 111.2079 109.7637 112.3549 110.1132 110.1024 112.1623 108.3539 109.4694 110.9640 110.2265 109.9928 110.7459 111.7954 110.5700
115.2200 114.5913 113.1078 115.7102 118.3854 119.3658 121.1000 116.1565 114.4713 117.1951 111.0486 109.7403 112.5361 110.0013 115.5646 113.4998 111.2141 108.1930 114.7243 113.1655 110.6741 111.3829 111.0861 111.9912 111.3368 110.3310 111.3999 112.7289 116.3676 112.4627 111.8838 109.5870 111.8702 111.6816 109.1753 109.2707 115.2401 110.5140 111.0953 110.5300
115.2200 114.6525 114.5592 119.7899 116.3795 120.7969 122.4634 115.3609 111.8031 116.9529 109.6266 108.9860 110.6527 110.2096 115.9940 112.0912 114.5710 109.8446 115.2438 111.9923 113.5165 111.9473 113.8323 112.8831 110.7123 111.2865 110.6151 110.2061 109.5846 114.5195 113.7710 111.7802 110.6476 112.8778 110.4060 110.3291 116.7634 109.9876 111.5662 110.1000
116.8300 116.8028 115.0943 116.3930 116.0952 118.8135 116.2358 112.6826 111.1313 121.5108 114.6348 111.2416 112.6427 112.5276 114.0434 110.4233 111.2660 110.1734 117.5708 117.1680 115.4985 116.6424 112.7217 109.7353 111.1720 112.4693 111.1374 110.8884 110.6974 119.0979 113.3028 113.0933 111.1696 110.6636 117.1518 112.2888 117.2111 111.2133 112.8867 111.5600
117.8900 117.6085 116.4845 116.4759 117.1560 123.6955 116.7754 114.1892 116.8362 121.7521 110.9686 111.4337 113.5973 115.3911 116.3423 112.4285 111.8681 112.3299 114.0310 118.9918 117.2170 114.8346 114.0587 111.0192 111.4681 112.5943 112.2959 111.8010 111.9309 118.0027 117.5860 115.5620 113.8561 114.3546 115.7814 116.8675 116.8055 113.5527 112.4265 115.0300
119.0000 117.9505 117.8304 116.0755 118.3432 116.0072 114.9373 114.8537 118.9272 122.3186 113.9144 113.9148 112.9560 114.8358 117.4634 113.2696 113.1150 113.8477 114.9188 117.1777 117.9898 116.6010 117.6030 113.6672 111.9227 112.3451 113.7735 112.4413 114.0559 113.7736 112.0023 116.1796 115.4165 116.3002 112.4499 116.7745 117.2319 112.4729 112.1149 112.0200
118.6900 118.5000 119.1100 117.1000 116.3400 115.2800 115.2800 119.2600 119.2600 124.1400 114.6600 112.5600 113.0400 113.9100 117.5500 113.9300 114.0200 112.7200 112.7200 112.3200 112.3200 118.0800 118.0600 114.0000 112.0000 114.4500 114.5200 112.8400 113.4400 114.5300 113.2900 114.0200 114.9400 115.4100 114.6700 115.4900 116.4800 119.0000 110.1400 110.1400
