101.8900 101.1000 100.3300 99.9500 98.7900 98.0800 98.0800 97.7800 97.1300 98.6400 98.6400 98.8700 98.9600 99.8200 100.5100 101.0000 102.6300 103.0500 105.0700 104.0600 106.0300 106.2800 106.3000 104.9100 106.4100 105.6700 109.6300 105.5800 108.3800 109.3300 110.3800 112.6400 113.9600 116.7800 116.9500 119.6900 119.0400 118.8700 117.4800 116.8800
100.9800 100.7597 100.0562 98.9090 98.0589 98.1754 97.1278 96.8606 96.3601 96.1866 96.7570 97.5146 98.3644 99.3339 99.9394 100.6573 101.4840 103.8651 104.6940 104.8243 105.2572 106.4680 110.0646 108.1852 106.9031 106.0504 106.7169 106.3242 107.5611 108.9331 110.4372 111.9837 113.5728 115.1564 116.7951 118.1438 119.1420 118.9232 117.8088 116.6900
100.8700 99.7630 99.0788 98.1198 96.3480 95.5512 95.3495 94.1430 94.2558 94.1897 94.8235 95.6094 96.9771 98.1064 99.1530 100.1260 100.7831 101.4483 102.2283 104.1766 105.4520 109.4636 110.1851 108.6686 107.3219 106.1630 105.2685 105.8493 107.1770 108.5214 109.9476 111.4803 113.3059 114.4747 115.9675 117.5495 117.5847 118.1326 118.1084 117.2900
99.7900 99.3033 98.8139 96.8092 94.6967 93.6005 92.2992 91.1266 91.6335 92.2349 93.3692 93.9083 95.4950 96.8804 98.2126 99.6366 100.3825 101.1565 102.4405 103.0161 104.8473 105.0138 106.7052 108.6010 107.7569 106.5498 105.5112 105.3570 106.7011 108.0903 109.6123 111.1434 112.7650 114.2112 115.5790 117.3561 117.6131 117.8275 117.7358 117.1100
99.7300 99.0887 97.5756 95.4136 93.2223 91.0677 90.3249 88.9174 88.3866 88.2804 90.2041 91.9865 93.6763 95.7354 97.1255 98.6968 99.8267 100.8431 101.8196 103.9565 104.0171 105.1053 109.1305 107.9284 108.1503 106.7287 105.7353 105.3395 107.3294 107.9099 109.4084 110.8906 112.4334 113.9370 115.4879 117.1443 117.6470 118.3991 118.4606 117.8200
99.0300 98.5644 96.8658 94.6844 90.9106 87.9917 86.2041 86.2675 86.1601 85.4870 86.8126 89.3059 92.4657 95.1482 96.4006 98.3659 99.5090 100.5463 101.5865 104.3361 104.2599 104.7918 105.5269 106.1901 108.8144 107.1349 105.9698 105.3128 108.7949 107.3068 108.9675 110.7114 112.2983 114.2200 115.8874 117.3039 117.7305 119.1098 118.7982 118.4900
98.3200 96.9060 95.8005 94.3194 89.8916 85.8133 81.9192 75.3429 71.1040 80.7281 85.4894 87.4335 92.4490 94.2521 96.2740 98.1686 99.2691 100.2004 101.1663 103.9325 103.7344 104.2815 105.3787 107.2101 107.5555 106.6833 105.6317 107.6522 110.1028 108.6664 109.8902 110.4171 111.9743 113.7573 115.0610 116.9354 117.4743 118.3893 118.8790 118.2300
98.4600 96.5718 95.4113 93.0256 88.9498 84.4582 76.6931 66.4540 65.1004 70.8565 80.8235 85.9386 90.8800 93.4909 96.6827 98.0824 99.0470 100.1361 100.9725 103.7515 103.4238 104.7625 105.3344 105.5878 106.4202 105.6762 105.7749 107.7840 107.9899 112.2560 109.9468 110.3326 111.7287 113.3358 114.6019 116.7870 117.2057 117.9978 118.1153 118.4800
98.4600 96.5246 95.4563 92.4133 88.1554 83.7226 74.9348 63.3721 60.1756 66.2257 78.3494 85.3149 90.2895 93.2124 96.5770 98.1426 99.0112 100.0804 100.9175 103.7308 103.6497 104.8292 105.7016 105.3404 106.6411 105.4645 105.8169 106.4346 105.4664 113.4967 109.6496 110.1058 111.7225 113.4100 114.6459 116.8467 117.2352 118.1249 117.6441 118.4900
98.7200 97.3458 95.7445 93.1021 90.7227 83.9781 78.8315 68.0096 68.0714 74.2844 81.0808 87.1854 90.5240 93.1206 96.6969 98.2835 99.4134 100.0255 101.0626 103.3180 104.0512 104.3533 105.4011 106.2496 106.9146 105.7266 106.1554 106.6889 107.9984 110.0520 111.0690 112.7972 111.5491 113.2875 114.5687 116.9563 117.1979 118.2249 118.7839 118.7300
99.0200 98.3689 96.1033 94.1028 91.0965 86.5835 85.0228 80.3200 77.9118 79.9818 85.2682 88.5904 91.8829 93.7312 96.2226 97.8924 99.5338 100.3416 101.3573 103.8840 103.7224 105.5158 106.0105 106.0044 105.8597 105.7204 106.6209 106.8171 108.8297 107.8172 111.5895 110.4546 112.0021 113.3273 116.2434 115.9550 117.2699 117.2370 117.5802 117.5300
100.0300 98.5173 97.0872 95.6265 93.0206 90.7213 89.0577 86.9952 84.0973 87.7820 88.4525 92.6164 94.2479 95.9572 97.7581 99.1707 99.9060 100.7977 102.3048 104.5489 103.9148 104.3538 105.9897 105.8584 106.5251 105.6005 107.3569 108.2694 108.6536 108.3494 111.4559 110.7433 112.3681 113.6133 116.6851 116.8170 117.6497 118.8433 118.8064 118.0600
99.8700 99.2766 98.5901 97.2449 95.3219 92.3249 91.2096 90.4139 89.4976 92.0346 93.0547 94.3402 95.1114 97.6439 98.1121 98.9638 100.5424 100.9844 102.7919 103.6234 104.5071 104.3705 106.2413 105.5546 109.5050 110.3231 109.0732 107.6369 107.9423 108.6838 108.5185 111.6420 112.3303 114.1773 115.8338 116.9317 117.3354 118.8802 117.8023 119.0600
100.0800 99.8616 99.2553 98.2180 96.8589 95.1650 94.3111 93.5300 93.9123 94.8496 94.6280 96.0034 96.9899 98.1988 98.7409 99.7483 101.1217 101.6721 102.5777 103.8107 104.7240 105.3413 106.1677 106.9675 106.2097 106.1096 107.6356 108.9883 112.0516 112.4741 112.9650 111.0562 112.5961 114.8260 115.5022 114.8431 111.2807 109.9025 108.9918 113.7000
101.0900 100.8173 100.2013 99.4020 98.7441 97.4298 96.6219 96.8829 96.7439 96.7291 97.7656 98.8647 98.9764 99.2818 100.0111 100.1854 101.6139 102.4500 103.4019 104.9627 105.4526 105.4755 106.2792 106.9268 106.9641 106.1895 108.1105 107.9980 108.9807 113.1475 114.0995 114.5433 113.6091 116.0039 116.4789 112.2636 111.9137 113.2448 111.3663 113.7000
102.2100 101.4717 100.8048 100.0784 99.9338 99.1549 98.3882 98.7829 98.4213 98.3637 99.3252 99.2940 99.6336 100.1826 100.5484 100.9200 102.4888 102.9629 104.2860 104.8616 104.6893 106.4038 106.8392 107.4018 106.8160 106.6747 107.8426 108.1771 108.1261 110.5484 110.5361 111.3516 115.7046 115.9300 113.8440 111.8580 114.4635 112.1354 110.9193 118.9900
102.2100 102.0584 101.7098 100.9929 100.6900 100.0473 99.9421 99.6592 99.5413 99.8567 100.1696 100.4105 100.6310 100.9438 101.3218 101.6492 102.6333 102.9662 104.3692 105.1387 105.6430 106.2371 106.0518 106.7106 106.0273 107.5859 108.3325 108.0086 108.8625 108.0629 107.8255 107.8291 114.8849 110.8830 112.0230 116.4137 114.8828 117.1581 111.9937 113.5600
102.9400 102.6248 102.2346 101.7600 101.5265 101.2352 100.7653 100.4820 100.5374 100.8920 100.8855 101.1246 101.3857 101.3234 101.9647 103.0648 103.9058 104.8669 105.2089 105.7565 106.6547 106.3325 105.8335 107.1476 107.7915 106.3969 107.0462 107.7711 108.2019 108.3900 111.1469 111.2548 110.9676 108.0866 110.1332 113.8383 114.5196 116.9029 116.1473 116.0000
105.4700 105.2612 103.1282 102.3524 102.3316 101.9256 101.6515 101.5277 101.5297 101.6538 101.9127 101.8048 102.4126 104.0338 104.3641 105.2041 105.0408 104.6023 104.7991 105.8346 106.6639 106.7002 106.9867 107.7459 107.6844 107.7390 112.5717 109.3089 108.8906 112.2971 111.1495 114.4579 110.8950 108.8792 111.4425 113.9592 114.0209 115.7173 116.2735 110.4700
106.1500 105.4928 104.1341 103.6923 102.5867 102.6781 102.4707 102.2786 102.2573 102.3681 102.4225 103.0000 103.6456 103.2475 104.5610 105.8835 105.8092 105.4639 104.7639 105.9042 106.5752 106.2767 107.3943 107.7388 108.0165 107.8827 109.1410 107.3388 107.3000 115.2396 112.1910 114.3322 110.7626 112.2543 116.6909 116.2606 113.3784 115.9649 116.7288 116.6800
105.9900 104.9228 105.2271 105.7334 104.6939 104.6578 102.9513 103.9366 103.9340 103.5864 105.2765 105.3635 104.4469 104.0892 103.9396 106.2721 106.3974 106.6638 106.3034 107.1576 107.3542 107.3828 107.8046 108.1052 108.3100 107.7290 107.7981 108.6451 111.8824 111.2753 112.0555 109.5025 112.8209 113.9667 111.8746 114.8868 116.5405 110.8984 116.1319 114.0800
106.8300 105.5788 105.6623 105.9448 105.4703 106.4035 103.6033 105.4198 105.8937 103.9305 104.8425 103.6154 105.1561 105.0562 105.1064 106.6692 106.4025 107.0172 107.3372 105.6136 106.1728 107.2578 106.6830 107.7819 108.6396 108.2092 108.5743 111.0878 113.6613 108.2595 112.9470 111.2618 113.3699 114.3785 117.3759 113.4374 110.8243 110.8984 112.5095 114.3800
105.5200 105.3080 105.4675 105.7841 104.5781 108.2445 105.1468 105.9705 105.0521 104.4598 104.5520 105.8452 105.1279 105.9699 105.5684 106.9323 107.2573 106.6179 107.3471 106.9525 107.4427 107.7883 106.7034 107.4292 108.7412 108.8343 109.1033 108.4555 109.8582 113.9454 114.9080 114.1698 114.9469 115.3428 117.3476 111.5066 115.9234 113.0224 110.4390 114.8200
107.3200 106.0765 105.4841 109.0741 104.2304 105.5687 106.2864 105.8311 105.5599 105.4755 106.6239 106.8256 107.2431 105.7176 105.7381 105.5743 107.6443 107.0251 107.7817 106.0107 108.0125 107.3689 108.2440 108.6735 108.8348 109.1286 109.0777 108.8150 109.1815 107.3479 113.1526 109.2005 114.5029 114.8856 114.8447 115.6313 117.7212 113.6550 109.6995 111.1300
106.9100 106.8618 106.4558 108.2848 110.1587 106.8260 106.4138 105.4474 105.3300 109.9957 112.6082 108.4415 107.3349 106.4496 106.0115 106.3139 107.9231 107.7147 108.0372 105.7871 106.8455 107.5079 110.5258 109.4549 108.3900 108.1339 109.2186 108.6368 108.7394 109.1702 108.4228 111.4388 113.3048 114.2139 113.2514 116.7479 111.8473 114.9691 112.2013 115.1300
106.5400 107.6574 107.2958 106.1708 106.5136 107.4468 107.2321 106.1584 104.6086 112.3002 107.7172 109.9978 105.9158 106.1055 106.6188 106.6041 107.9848 107.8198 108.3442 107.1859 114.0163 108.8984 108.6969 109.9730 110.1167 110.4991 109.0997 111.5244 110.7360 109.0133 111.0208 111.8642 110.2461 113.9965 112.5626 111.6860 113.2838 110.9069 108.2405 115.1300
107.1300 110.6268 111.5628 111.3139 107.1421 106.5269 106.7295 108.7650 112.5300 110.5704 107.7715 111.0279 106.0810 106.9735 107.7191 107.9061 107.4293 108.3988 107.5116 107.7208 108.9621 111.8447 108.6548 110.5523 109.5884 112.6854 111.6864 113.5679 114.8724 115.6730 112.7018 111.1932 107.7632 111.6303 116.6316 111.2784 111.1996 112.2066 110.8996 108.9500
107.4200 107.2573 111.9947 106.4723 106.4880 107.0398 107.7048 108.4780 112.2514 106.4153 107.4859 110.7465 107.2724 107.9308 108.0142 107.7096 108.8408 108.4421 108.2114 107.3884 108.4599 108.8356 110.9272 108.7039 113.6286 115.0969 113.9077 116.2097 113.1703 112.4118 112.3626 110.1987 113.6062 114.1185 116.1499 116.3993 111.1281 111.6293 109.6627 111.0300
107.7000 107.3169 108.2409 108.9728 108.4086 108.0537 107.2015 107.5426 111.2987 107.2097 108.0684 109.2170 109.0923 107.5439 107.9623 108.2657 108.2613 107.5862 108.3961 108.0504 108.8980 111.1060 113.7982 114.6269 115.4201 113.5330 113.7636 114.9989 113.3646 116.3969 111.5709 112.0725 109.0540 116.1627 113.9549 113.3823 109.3977 108.8255 110.6961 113.3400
110.6800 108.8473 107.9253 111.7887 109.1277 108.0575 107.9466 109.8896 113.8843 106.9211 107.9186 108.0395 110.7006 107.4028 107.6589 108.0726 108.9127 109.0405 108.6922 108.7328 109.2419 110.8839 113.5827 112.4709 109.2055 113.5323 112.0170 114.9579 114.5345 112.5075 113.0128 109.3691 109.4452 110.0389 109.7066 114.2309 109.1886 109.2964 111.5810 110.3300
102.1000 105.8262 102.4403 110.5752 109.3998 109.2249 107.8253 109.1977 112.2324 110.1836 108.0313 108.3223 112.7594 114.2422 111.7120 103.8092 108.9679 108.2126 108.9557 109.3679 109.4550 110.2223 115.7089 114.3457 112.7498 114.3108 113.5989 115.9262 117.1343 113.7361 114.1058 109.8615 108.4950 109.1102 109.8774 108.9996 110.3127 110.0017 111.6732 111.7700
108.2300 108.4147 107.0035 108.8788 108.0022 110.4565 113.4572 112.0888 110.6677 112.3460 109.7115 108.8937 110.3212 116.5875 112.3672 102.9846 109.9365 109.3710 109.5361 109.2622 109.4432 109.3352 112.0189 111.0567 116.5527 112.8126 115.4787 116.0442 117.3819 115.4357 113.4382 110.2551 109.2741 108.9954 111.1636 108.9723 109.8105 110.0938 109.8227 109.9000
109.4000 108.7907 107.2239 107.2028 109.1743 109.0125 109.5870 108.9769 108.1964 104.7362 109.9398 108.7574 110.8201 117.3761 112.6654 108.6527 109.4043 109.5285 109.4836 109.8889 109.7395 110.1857 109.9447 114.5089 113.7282 108.1605 111.6533 114.6597 110.1069 116.0201 116.5652 114.5710 110.6567 112.2108 110.1448 109.4214 109.8560 112.0915 112.1643 110.9800
108.9500 109.1896 109.2624 109.6544 109.3799 108.6129 111.2484 108.4258 106.2941 111.6399 109.2244 109.9972 113.7385 111.5440 115.4940 109.2910 109.7414 109.6807 109.5910 109.6771 110.0661 109.6297 109.3185 109.3165 108.8826 107.7905 110.1398 112.4085 110.4768 108.8116 115.6026 114.4214 110.9152 109.9743 110.9619 109.6845 110.0205 111.5388 115.9225 112.1100
106.0200 107.9855 108.9411 108.5330 109.1291 109.7985 109.4740 111.2097 112.5357 109.2850 109.1139 112.0768 112.7137 119.2108 114.7845 110.0673 110.0972 110.0818 109.4131 111.1599 109.8856 110.4159 109.6294 110.4933 110.6708 111.6070 109.3675 111.5652 114.5210 111.6671 111.4351 107.9396 113.8222 109.0697 110.4147 109.3146 110.0371 110.2579 112.5106 113.3400
108.7900 108.5055 106.2394 109.2249 109.5177 108.2144 109.7341 110.5150 107.2086 110.0936 110.3018 109.0171 111.2547 115.9803 110.5952 114.1383 109.8166 110.2347 111.5060 114.2482 110.3886 110.4774 109.7365 109.4978 108.8277 108.2434 108.8855 110.7884 113.9489 112.5609 111.6732 111.0446 113.7126 110.1216 110.3114 110.8262 109.7483 110.2861 109.9993 110.2300
112.0200 109.6089 109.2704 108.8611 107.7749 108.2802 109.2809 111.2055 114.6226 109.4191 112.0218 111.1050 111.9178 115.4823 110.9752 116.1529 109.8924 110.5059 109.7379 114.5823 113.6830 110.5001 110.4373 109.1108 109.2210 109.7179 109.4099 110.7337 110.6247 112.7283 114.0218 115.8176 107.2478 110.6339 109.0163 109.6305 111.2661 110.2367 110.9541 112.0800
108.3600 108.5665 109.0605 109.7720 107.8462 108.5343 110.4172 110.0616 109.9086 109.4922 114.3017 111.5272 113.2489 118.4060 114.9370 111.5042 112.7872 110.3551 113.5917 111.9715 114.4892 110.3334 110.2860 110.9281 109.8164 110.4719 108.7504 110.2477 108.8572 111.0721 117.0841 114.4585 116.4808 119.7717 109.3390 111.7138 111.3740 110.8077 110.8673 116.5100
110.0400 110.4865 110.0607 109.4067 109.0664 109.4714 110.3567 110.4289 110.3015 110.1173 111.4543 113.9003 113.8439 118.0011 110.0978 113.3619 112.4312 110.7415 114.7498 116.4897 116.9800 112.6633 110.7598 110.0946 109.4973 109.6425 110.5278 110.9054 112.6118 110.6614 110.5141 109.4657 117.3305 112.3474 109.3244 110.3094 113.3542 109.0755 113.6630 119.3700
113.7600 113.7600 108.6600 109.6000 109.6000 109.4000 110.6400 110.6200 110.1100 110.6900 110.5500 114.6500 113.3200 116.9600 110.1000 113.0200 115.6900 110.8700 110.8700 115.4800 111.4200 116.2200 109.8300 109.7000 109.0100 109.0100 110.1100 110.1100 109.8100 111.2900 110.1300 111.9000 117.6000 117.7500 111.0900 111.6200 109.8900 109.8900 109.6200 118.8000
