109.1600 112.4100 108.3500 108.5200 108.3300 109.5300 109.5300 110.1100 110.0800 111.5600 110.0800 111.7300 116.2400 116.2400 116.5800 112.6000 117.0600 115.8200 116.4100 116.4500 116.3300 117.9200 117.8600 117.4300 116.8900 117.9900 113.9100 118.5700 118.3700 117.6900 119.0200 119.0700 118.4600 118.0700 118.3400 116.9900 116.9900 116.7600 116.3200 115.9200
109.1600 109.9937 107.7323 110.9289 111.4875 109.0409 109.4509 110.9277 108.8655 110.6311 109.8994 113.1824 112.7147 110.9817 113.5056 115.1124 115.2010 114.7759 114.0502 116.0701 116.4943 117.3491 114.4056 117.4000 117.2720 117.9648 117.2845 118.1802 118.2009 116.6680 117.8804 120.7786 118.7477 119.3661 118.7508 117.9912 118.8169 120.6168 117.3071 116.7500
115.9900 114.5386 109.3008 111.4336 110.6529 108.2096 108.6678 109.0413 109.4808 112.5707 108.9519 108.3504 109.4389 109.2089 112.5557 111.8881 115.1016 114.3901 112.0009 114.9847 114.9645 110.8501 108.7621 113.6800 115.8298 115.7031 117.3847 117.2417 116.4659 118.2137 113.8246 116.6193 119.5493 118.3570 119.4190 118.1372 118.3054 120.1083 117.7299 117.3200
112.4000 114.4489 111.0563 113.6570 109.8964 108.9739 109.1033 113.2500 109.5834 115.3098 112.0959 113.7223 110.8249 109.8840 111.5136 111.0124 115.4891 114.3289 113.2781 112.4629 115.7387 113.0458 107.9571 110.7714 111.0266 113.1187 115.4993 116.6846 116.4854 117.9039 116.0296 113.8239 115.9582 109.0309 112.0819 113.0333 117.5236 118.6858 117.5702 116.9500
112.4000 115.1769 110.2019 111.3164 107.6818 107.8606 108.9456 115.1608 110.1016 109.0415 107.6001 112.2261 111.6762 109.1644 112.1915 111.2782 114.9314 115.0166 107.9497 109.8292 110.3012 107.5437 112.1950 113.3733 111.4399 114.1547 115.8207 115.0552 116.4476 117.9714 118.2279 113.9610 111.2013 114.9112 113.1399 113.3811 115.9440 119.5594 117.5226 117.5400
116.0200 115.8085 110.0776 112.0004 107.5489 108.9854 108.0006 111.8875 111.2020 109.0950 111.8131 114.4999 107.8180 108.8377 108.5981 115.1399 108.1348 108.1096 108.5990 108.6725 107.4136 106.7641 114.3335 112.3530 112.1713 110.8651 116.4093 116.1794 116.0579 116.3083 111.2622 114.3617 112.9967 118.3639 114.2503 120.4090 117.3275 118.5424 117.7483 117.6900
116.0200 112.9085 108.8834 116.8405 109.8552 111.9088 109.2764 108.8553 109.5198 109.0022 110.3963 109.1377 108.8704 108.6806 108.8988 108.0466 109.6518 107.8093 108.6746 108.8071 106.6309 111.2672 114.8885 115.0326 115.3746 107.7813 107.4186 112.9181 117.8243 115.0696 116.0233 117.6514 117.8128 117.2271 113.3660 119.0958 117.5674 118.4888 117.2203 117.6900
115.2600 111.2563 106.8786 114.8091 109.1757 110.0297 110.0119 108.8932 109.6612 109.1894 109.0361 108.6711 112.2058 108.3655 108.7314 107.9451 107.3728 107.8700 107.3502 107.0110 114.5527 114.7921 111.3200 112.2225 112.1110 112.4192 110.0562 108.9850 111.8515 110.9564 115.3939 117.4079 115.0627 111.9328 114.3402 118.0503 116.3736 116.0226 117.2254 117.4000
114.7700 111.8533 114.0457 117.0655 112.4014 108.6596 114.0814 108.4695 108.8289 109.2368 108.4454 108.4586 111.6432 107.6125 108.2692 108.9711 107.8746 107.5678 107.0318 109.2608 109.9581 113.6577 108.8659 115.3479 110.0786 113.7246 112.2902 110.3646 110.8102 110.7151 116.5502 116.5660 117.2409 113.8506 108.2387 110.8421 115.0468 117.2731 118.0151 118.5600
115.2200 115.4543 115.8788 116.4671 114.3970 112.0599 116.9456 107.9906 108.2621 108.7183 108.6463 108.2630 110.0864 107.8897 108.8030 108.3160 109.8914 107.4685 107.2897 107.2340 111.8508 111.8433 108.3286 112.5350 109.3199 112.3342 110.9452 110.8464 110.0009 108.5719 113.1039 114.4433 114.9716 107.7828 108.4995 109.4349 111.1909 117.9565 117.1443 117.1700
114.4000 113.9268 113.1610 115.4499 111.9575 112.7186 113.6386 109.3227 108.2371 108.1599 107.6273 107.3964 107.1897 107.8131 107.5969 107.7133 107.8113 108.4389 108.2890 107.8879 108.3884 108.0098 108.2731 111.3625 108.3952 108.8004 111.1705 109.3363 112.2360 113.7602 110.5673 113.0459 114.8269 110.1791 108.9705 111.5133 114.7858 116.7966 115.9925 117.6200
113.7200 114.2559 114.3650 110.6414 114.8973 113.6839 113.4779 112.6740 106.7858 108.7437 108.6170 107.3472 111.3711 107.9419 107.3376 107.5719 107.7173 107.9745 109.0857 107.6173 107.3308 108.2073 107.2866 110.3943 108.8022 108.4267 114.5926 113.7908 112.4743 112.3994 109.6373 115.0658 112.9745 113.4255 114.4155 113.8763 113.5635 114.9973 116.0864 117.5600
109.3500 112.4765 114.2291 109.6428 112.8277 113.3886 109.4154 109.7962 106.0923 106.8493 108.0727 107.4982 108.7373 107.2827 107.6468 107.4906 107.1512 106.6365 107.0590 106.5687 106.4558 107.7934 108.2095 107.2790 111.6566 110.1190 111.4527 111.2547 114.0318 113.4026 107.6108 113.6446 110.4592 113.0578 111.8714 109.3870 111.9650 114.0531 117.6954 117.8900
108.6200 108.6140 109.0519 109.7339 108.7955 111.4356 110.8887 107.0215 106.8796 107.2515 106.8128 107.1872 107.4594 107.5989 107.2596 107.1127 106.9979 105.6044 108.7753 106.5816 106.5695 107.6745 106.8377 105.6837 106.6864 110.9907 111.6464 111.7786 107.9598 111.5537 109.4995 106.7720 108.9643 111.4500 108.7287 108.1073 114.3835 113.8466 115.6562 116.3300
107.4000 107.9393 108.2732 109.1294 107.2848 106.7540 108.4040 106.8864 108.4644 106.0023 106.6381 105.6669 105.8167 106.4144 106.6173 107.0887 107.4110 107.3772 107.1054 105.7855 106.9282 106.0534 106.0578 105.7283 107.8852 106.9606 107.9295 109.4975 113.0461 111.1559 113.2038 107.1413 110.5503 112.7793 109.2111 111.7118 109.9494 116.5677 116.2069 108.0300
107.4900 108.1878 106.9700 107.8015 107.6691 108.4557 106.2491 107.1272 106.0523 106.1872 107.0120 105.7731 106.1951 105.1397 105.3699 105.0601 105.3988 106.8852 106.9552 105.5334 106.5404 106.0595 107.0686 105.7796 107.0582 107.6947 108.3618 110.4732 109.4272 108.8044 111.0311 108.0780 109.1972 112.1523 110.9435 108.6729 111.2153 115.3003 113.6753 108.0300
108.6900 107.7039 107.9255 107.8104 106.1783 107.0042 106.7325 106.3058 105.9740 106.2675 106.8433 106.4244 105.7054 106.0711 105.8441 105.6807 105.6501 105.4763 104.9290 105.4508 105.8488 105.6164 106.7856 105.5328 106.6162 107.7988 108.9527 110.8282 105.9907 108.3484 106.9281 107.7443 112.2656 112.5004 111.1594 108.7633 113.6576 109.5178 109.4788 109.2600
108.3800 108.0951 107.2909 107.1914 106.0804 107.1657 109.3144 106.1911 105.9489 105.8340 106.5963 106.2277 105.3408 106.6891 105.1231 105.8462 105.8171 105.5888 104.1421 105.6697 106.3697 105.2109 106.3613 106.3984 105.2434 105.8220 104.9246 108.9938 108.6856 112.0374 107.2551 107.9626 112.3366 112.4113 107.8720 109.8135 110.8879 111.5109 107.2221 110.7100
108.0100 107.9921 106.5586 107.0308 106.8280 106.6164 106.9051 105.7807 106.2649 104.7757 105.7134 105.9185 105.0822 104.1451 104.7570 104.9871 104.0465 104.7937 103.8736 103.9810 104.8311 105.5472 105.5746 105.1211 104.7763 105.8839 106.5580 107.3023 107.5762 106.7195 106.7763 110.0420 108.4964 108.3338 112.3833 108.7686 111.2263 107.0791 109.5974 112.5500
107.8600 107.1444 107.3677 106.3687 106.4364 106.6111 107.0440 105.9455 104.9095 105.9382 105.8084 105.1443 103.6014 102.4662 103.0387 102.7419 102.6541 102.6748 102.9292 102.8505 103.5099 105.3609 104.7033 106.4082 104.2504 106.5259 107.9121 105.0764 106.0903 105.7407 110.1049 112.5563 107.9114 110.8687 108.0031 108.5485 109.8068 107.5533 108.2123 109.4100
108.0600 106.5992 106.4826 105.4565 106.9594 105.5260 104.7916 105.8415 104.2581 104.1693 104.1249 103.0357 102.7582 102.3572 102.4061 102.1243 101.9715 102.0334 102.1501 102.0251 102.1549 102.6812 102.9025 103.9183 103.9423 104.6363 104.6488 106.2449 105.4978 106.7982 107.3561 112.4115 108.4585 108.3124 108.2162 111.8580 109.1765 110.5501 115.6759 115.9200
107.6800 106.7946 106.9782 106.9886 106.5620 105.3358 104.6426 105.0710 105.5366 103.0876 102.7789 102.4700 101.9295 101.6166 101.3913 101.4972 101.4144 101.3555 101.4026 101.2559 101.5843 101.9222 102.5148 102.9060 103.0604 104.4767 105.0836 105.9672 105.8190 105.3294 105.7454 105.8069 106.0309 107.1848 107.3743 112.2761 115.6261 114.4131 105.9561 112.9800
106.4400 105.9592 106.9931 108.1286 106.2769 105.7447 104.7384 105.3518 103.1113 102.3528 102.0459 101.7724 101.2800 100.6723 100.4419 100.5529 100.7836 100.8522 100.5054 100.5675 100.7383 101.2630 101.6721 102.1308 102.6056 103.0843 105.2948 104.2620 106.3829 104.3959 107.4622 106.3305 107.2869 107.1264 107.0378 110.7337 112.0635 113.9086 108.1208 109.0800
106.0000 105.9838 106.7027 105.7765 105.7014 104.0706 104.2529 104.2339 102.2150 101.6619 101.5627 101.2300 100.3475 99.9416 99.5330 99.2267 99.2766 99.2328 99.5929 100.0411 99.6856 100.4108 100.9133 101.6550 102.2136 102.3434 104.1749 103.8218 105.4850 106.1279 105.0212 106.9084 106.9714 108.0081 107.6458 110.8883 109.3486 108.7560 112.4959 112.9800
106.2600 106.1009 106.7978 105.4180 106.4634 104.7979 103.3575 102.5937 101.7817 100.8368 100.6861 100.6385 99.2317 98.6261 98.0274 97.7928 98.5658 98.6230 98.4562 98.5407 98.5144 99.4432 99.7611 101.1458 101.7336 102.1520 102.5692 103.0469 104.8762 105.7812 105.6117 105.5810 105.6403 107.0187 107.1269 107.9803 109.1567 107.8397 108.6465 108.6600
106.2600 105.3631 105.4430 104.7929 105.5152 105.1911 102.4397 102.3916 101.4846 100.8052 100.1526 99.8474 98.2987 97.0438 97.0982 96.0871 96.4440 96.1310 96.8279 97.1384 97.6314 98.7016 99.4464 100.0765 101.1233 101.6701 102.0279 102.7965 103.7304 105.3021 106.3389 105.1271 106.3466 107.2820 107.3957 107.6452 107.7961 109.5678 108.8979 108.5300
107.2800 106.8883 106.2157 106.3349 104.4392 104.9453 102.7594 101.9489 101.1470 100.2819 99.2323 98.4242 97.0929 95.3734 94.5464 94.7228 93.6967 93.4205 93.4678 95.3762 95.9342 97.1149 98.8844 99.1923 99.9460 101.0346 101.8574 102.5246 103.3615 104.4906 105.6794 105.4068 105.7088 106.5803 106.8609 107.5438 107.1564 110.0364 108.6236 107.7500
106.8200 106.6860 106.4969 105.2160 103.9319 103.0760 102.1378 100.9618 101.0313 99.5940 99.0466 97.6596 96.1660 93.9055 92.1131 90.6825 88.6419 89.1587 90.4999 92.7911 94.2577 95.4297 97.0179 98.8013 99.4740 100.6158 101.7524 102.2879 102.9926 103.7528 104.5222 104.4980 104.7972 106.4684 107.1824 106.8875 106.7284 107.5594 107.8399 108.0400
107.4500 106.5988 105.0805 105.5729 103.6584 102.7357 102.2506 101.1971 100.5075 99.4368 98.4053 96.6632 94.6503 93.9365 90.8564 87.9638 86.2546 84.9370 86.7102 88.9772 91.6228 93.9922 95.7825 97.8442 98.7085 99.9547 101.4007 102.0649 102.7313 103.4760 106.0304 105.7469 107.0105 105.5689 106.9853 107.4777 107.3241 108.2510 108.7632 111.8900
105.5000 106.7710 105.9938 105.2740 103.3433 102.7022 101.6968 100.5945 99.9800 99.2953 97.6995 95.9660 92.7784 90.5380 90.5268 83.2878 77.7683 77.7542 82.4969 86.5476 89.2869 92.6455 95.2658 97.4392 98.6871 99.5531 101.4161 101.7026 102.6924 103.3890 105.5073 106.2770 106.7230 105.8867 107.2306 107.5341 106.2377 108.2908 109.1051 108.4500
106.1700 106.6371 106.1703 104.1166 103.4215 102.3143 101.6197 101.0102 100.3478 97.6730 96.9096 94.9080 91.8049 90.1267 88.6314 74.3792 67.6696 69.3338 74.8893 81.7832 87.6227 91.9890 95.5156 97.1593 98.8528 99.6964 100.6896 101.7376 102.5969 103.3694 104.8252 106.0445 106.5510 106.9035 106.7482 107.5435 106.9943 108.2358 111.3709 111.9400
107.0200 106.2156 105.7572 106.0824 103.2212 102.7516 102.2315 101.4717 100.4874 98.3632 97.0675 93.9277 92.1261 89.5873 83.5463 71.4369 62.2586 61.0552 69.5567 81.7579 87.1322 92.1641 94.8997 96.9241 98.5522 99.6972 100.5824 101.9160 102.3270 103.2141 104.0754 104.4318 106.1597 105.0386 105.7675 107.7797 107.1081 108.0033 107.8507 108.3800
107.2300 105.3198 105.7201 105.3126 103.2318 102.9036 102.1747 101.4409 100.5470 98.5194 97.0126 94.3554 92.3225 89.8927 83.9291 73.4999 64.0520 62.8139 71.9203 82.2124 87.8833 92.0353 95.0190 96.8315 98.3262 99.6919 100.6570 101.8244 102.3556 103.5810 104.5853 105.0285 105.8609 105.6559 106.0002 107.8249 107.4710 106.1811 108.1015 108.5700
105.7000 105.6141 104.7512 105.0206 103.3746 102.9802 102.3004 101.5420 100.4259 99.1503 97.3498 96.0126 93.2537 89.8652 85.4228 80.1908 73.0021 72.2695 82.0006 86.2611 89.0972 92.5366 95.8171 97.5815 98.4675 99.8752 100.9102 101.6662 102.5611 103.1654 105.7826 105.1558 106.4734 105.8788 107.1157 107.0469 107.6402 109.8844 109.0212 109.9700
105.7300 105.2101 106.3191 106.5778 103.6040 103.1298 102.4812 101.8021 100.6181 99.5677 97.6258 96.2893 94.1741 91.7576 90.5937 85.2934 83.6652 82.8044 86.1895 88.5563 91.7553 94.0662 96.5381 97.9263 99.2312 100.1880 101.0490 102.0280 102.8310 103.4023 105.7218 104.3947 106.6928 105.2567 107.6359 107.0565 108.9379 111.1651 113.6291 112.5100
107.2800 106.3818 106.9000 105.9653 103.6962 103.3085 102.6742 101.9843 101.0280 99.9737 98.0766 96.6734 95.4156 93.6186 93.8354 90.2039 89.3923 89.1446 89.9670 90.9989 93.6503 95.8986 96.8852 98.1050 99.3549 100.4356 101.4168 102.2446 102.7459 103.1968 105.4634 106.6781 108.3050 107.6804 107.0060 107.9687 113.0120 112.7291 108.5873 111.0600
107.0100 106.8955 106.9258 105.7331 104.2333 103.5340 102.8892 102.1429 101.3291 100.3142 99.1684 97.7330 96.7833 95.2929 94.9007 92.4877 92.2220 93.0200 93.2237 94.0919 96.0497 97.1565 98.0388 98.7247 100.2199 101.0820 101.9689 102.6663 102.5342 108.5730 104.7029 106.5868 107.1879 106.3722 105.6464 105.2843 110.1306 112.0319 111.7923 113.2400
106.3400 105.9811 106.5450 106.4118 104.0924 103.7542 103.1823 102.5587 101.8903 101.0660 100.2116 98.8813 98.2805 97.9039 96.6939 95.9957 95.5249 95.5997 95.9563 97.0324 97.8223 98.4646 99.4471 100.1648 101.0030 101.7898 102.4210 102.9921 103.4308 105.9669 105.1217 106.9508 106.3069 107.7133 106.5711 106.1679 112.1203 112.5412 115.4528 109.4500
107.3300 106.0310 106.7908 106.9018 105.6494 103.8831 103.4855 102.9714 102.3625 101.7386 100.8367 100.0170 99.4069 99.1453 98.4952 98.3676 97.8658 97.4875 97.8632 98.4493 99.1170 99.7615 100.4653 101.0734 101.5804 102.1380 102.7955 103.1653 103.9999 104.6875 106.4435 106.2586 106.6340 106.9845 107.8292 106.8740 108.3738 110.8213 110.5685 109.0100
107.3300 106.0700 107.0700 106.8000 104.9900 104.9900 103.9400 103.1000 103.1000 102.2300 101.6600 100.1600 100.5400 99.3700 99.4200 99.4200 98.7700 98.2700 99.5000 99.1700 100.0000 100.4200 101.0100 101.8200 102.2300 102.5400 103.0900 105.8700 106.2800 106.1200 105.9700 105.8100 105.6100 107.6300 109.4900 112.3900 108.2200 111.1600 106.2500 106.2200
