105.4600 105.3100 104.6800 105.8900 105.4600 104.0500 104.9600 104.7000 103.9500 102.7200 104.4600 101.0700 101.1700 100.4000 100.4100 103.2900 101.0600 100.9500 100.5100 102.1900 105.0500 104.6300 109.8100 110.7300 109.5500 108.4700 108.4700 106.2500 104.2900 106.0600 107.1800 108.4700 111.5200 113.3200 117.1300 119.8800 120.1500 120.6300 120.7700 119.4800
105.7100 105.3626 105.1290 105.1562 103.7383 103.8109 104.1719 103.2912 104.2405 102.1586 101.0383 100.4972 100.3728 100.1588 99.9751 100.0677 100.3728 100.7350 101.8236 102.2606 101.8293 103.3127 106.5754 111.8672 106.2293 105.8968 109.0797 105.3822 103.8030 104.9796 106.4950 108.1802 110.1130 112.3378 114.9871 117.2724 120.1047 118.5288 120.9108 120.3300
105.5600 104.6935 105.8776 105.3978 104.9150 104.9692 103.3196 103.5713 100.6859 100.3633 99.8549 99.5585 99.2364 98.9426 98.9733 98.9853 99.2888 99.6665 100.1643 101.6907 101.4771 102.2963 104.9664 104.4049 105.2576 105.4187 106.7926 105.5904 104.2527 104.2844 105.8053 107.5587 109.3446 111.3898 113.4783 116.1046 119.3247 120.4232 120.6663 120.7700
105.0200 104.9906 103.9758 105.0161 104.6355 103.9322 102.6003 102.0165 100.5802 99.8793 99.1269 98.2762 97.6312 97.2172 97.2805 97.8661 97.9899 98.4602 99.1929 99.8772 100.5689 101.9071 102.1662 103.8980 104.9379 105.3893 106.7600 106.6430 104.9821 104.1956 105.3750 106.9379 108.6578 110.5822 112.6982 115.8441 119.1169 120.2516 120.5676 120.7300
106.3000 104.8919 104.8911 105.2466 104.1414 102.9670 101.8138 100.4903 99.9428 99.0147 97.9684 97.0348 96.2159 95.2085 95.2810 95.2633 96.2344 97.0177 97.9997 98.9908 99.8442 101.2781 101.4110 102.8797 104.7353 106.3117 105.1004 107.9135 104.9856 104.5663 104.6052 106.2296 107.9455 109.9307 112.2354 114.8594 117.9806 120.0021 120.4746 120.7000
106.3400 105.6217 105.5566 104.1895 103.1382 102.1692 100.9857 100.3302 99.3293 97.5839 96.3464 94.8263 94.7577 92.1389 92.3682 93.8006 94.3393 95.2276 96.6667 97.9652 99.1580 100.0814 101.1461 102.1909 104.5148 105.4952 102.3691 106.1211 103.1892 104.7421 104.1258 105.6197 107.4169 109.3770 111.5225 113.7826 116.4568 119.7585 120.3898 120.6700
104.9300 107.3607 104.6951 104.1449 102.3947 101.8854 100.4554 99.4947 98.6913 97.1889 96.0680 93.4902 92.2040 90.9313 90.7954 91.2874 91.9085 93.1457 95.1697 96.9093 98.3515 99.7087 100.7966 101.6353 104.0880 108.9297 106.0674 105.3402 105.5638 104.4134 104.1483 105.4812 107.1084 108.9670 111.0801 113.5431 116.6862 120.0572 120.3027 120.6200
105.5300 105.8952 103.9921 103.6078 101.6173 101.0316 100.0631 99.0047 97.7293 96.1022 93.3492 91.5124 87.4015 88.8712 88.4504 89.3581 87.9486 90.9437 93.6549 95.8977 97.7352 99.2836 100.3856 101.3562 104.8172 106.5285 108.8866 107.3224 104.8170 104.3123 103.9585 104.8097 106.5218 108.5111 110.6980 113.3858 116.6277 120.0668 120.2387 120.6000
105.9700 104.7354 105.0187 103.2506 101.5200 100.7712 99.7039 98.7974 97.2722 94.3588 92.8438 87.8699 82.9061 77.7101 75.9609 83.4872 87.8438 88.3173 92.3040 94.9778 97.2324 98.7629 100.1121 100.7502 105.0221 106.0535 110.0931 105.6133 103.2582 103.2162 103.6134 104.2434 105.8900 107.7059 110.3183 113.0334 116.2718 120.0061 120.1930 120.5900
105.6000 104.4592 103.8981 102.7540 101.5155 100.4027 99.7385 98.5729 96.5387 94.7536 91.7756 86.9923 75.3641 68.2236 67.3942 73.9677 83.7922 87.5928 91.8104 94.7691 97.0335 98.4775 99.9757 100.7775 101.9465 109.1234 109.7340 110.8498 107.5453 104.4940 103.9282 104.0298 108.4537 110.9882 110.0278 112.8436 115.9721 119.9934 120.1990 120.5800
105.5900 105.5034 103.4498 102.4619 101.5023 100.6625 99.7374 98.5737 96.2986 94.6915 91.3495 87.3560 76.8319 64.2669 64.5540 71.8409 82.7214 87.3714 91.6032 94.6818 96.9351 98.4082 99.9089 100.8058 101.8390 109.0640 110.1897 111.8702 108.0595 104.6994 103.9691 103.9392 108.8565 111.0965 110.0392 112.8467 115.9114 119.9237 120.1650 120.5800
104.0600 103.6676 104.5563 102.2221 101.5931 100.8068 99.9200 98.3479 97.5749 94.8346 93.3123 89.3555 82.1677 71.4417 70.2047 77.3920 85.5346 88.6157 92.9904 95.4638 97.3618 99.1870 100.1217 101.3091 102.7324 105.1956 103.7540 106.1169 106.5261 105.5007 104.6947 104.5541 109.1651 112.7602 112.3183 112.6917 114.4582 116.9500 119.6534 120.2300
105.5300 104.2217 103.5828 104.5831 101.7615 100.7562 100.0893 98.9572 93.2945 95.2257 91.7757 90.0754 87.4128 82.8172 81.7875 81.6836 90.2903 89.7588 94.0889 96.6283 98.2187 99.6563 100.5464 101.4815 102.3065 103.3707 104.2629 104.3767 105.0987 106.4304 108.0534 105.5233 109.2702 112.1511 116.0010 115.0372 109.3606 109.1414 112.7029 112.4900
105.5200 104.2164 105.1298 104.7926 100.1273 101.4841 100.5478 99.2619 99.4210 95.5585 96.6534 93.4840 90.1287 89.0813 87.4483 87.2838 92.5321 92.9121 94.1782 91.0363 99.4870 99.8491 100.5955 101.6895 102.8731 103.1584 104.2935 104.4608 105.3506 105.9508 105.6642 105.4527 109.6862 111.5665 115.0683 115.2227 111.5488 111.3493 114.7721 114.4400
104.3300 105.3413 105.5069 104.9741 98.5318 98.7794 99.2329 100.3360 99.1275 86.8315 108.3426 99.0685 94.0880 92.5951 91.0790 92.1083 95.6806 96.2251 100.2116 92.7064 99.8391 100.2786 101.1085 102.3375 103.5415 104.8262 106.0123 105.4415 105.9577 104.4882 105.5687 109.2484 110.0081 111.9251 113.4462 114.9624 115.6082 113.7898 114.5552 117.7500
105.4500 105.3266 105.5148 104.2107 103.4513 98.7944 94.2055 100.9197 99.9164 89.9984 85.2662 85.5128 96.4128 94.4412 94.3393 93.6201 94.1477 92.9886 97.8124 99.2005 100.0025 100.9264 101.4621 102.4204 103.3261 105.5281 105.6473 105.4079 106.3469 105.7300 107.1742 109.1817 110.6359 114.6738 111.0358 112.7994 114.4055 111.6460 114.0161 115.4000
103.3700 103.0979 102.7818 103.5669 100.7239 100.5535 98.8317 101.0443 96.1386 97.6634 91.9662 98.3013 98.1296 97.1314 96.3380 97.5355 95.9296 90.0885 100.4447 100.7187 100.6736 101.4346 102.3606 103.1796 104.6939 105.7761 105.0733 106.6944 106.9064 107.3901 107.5851 107.4454 108.3177 112.6890 110.9277 109.4371 113.2838 114.4186 113.8891 113.8500
105.9800 103.6934 105.9238 104.6902 103.0752 101.3451 103.7536 101.7527 97.0762 101.4824 99.8227 99.5588 98.6433 98.7045 98.5107 98.8316 100.0518 98.2687 92.2609 97.8998 101.9019 102.3683 103.2290 99.8386 105.9612 104.8646 105.5844 105.1422 106.5519 107.9121 108.4848 111.9532 107.9762 110.3243 113.9008 111.2147 111.6647 111.2642 115.6197 116.4600
105.8600 106.3910 105.7649 105.2468 104.7466 103.9831 104.6731 102.3330 102.0885 99.9612 101.1850 100.2476 100.1124 99.9189 99.8921 100.1333 100.2676 100.4056 99.2406 101.6138 102.5222 103.8304 103.3003 102.5119 106.0335 105.3397 105.4472 106.5662 105.7648 106.7136 107.5898 109.0130 108.5609 109.6302 112.1057 108.9414 111.2106 110.6840 110.3825 108.6700
107.1500 111.0761 108.8054 104.0238 104.5915 103.4831 104.6652 104.1533 102.5712 100.7873 101.7869 101.3572 101.0161 100.6275 101.0022 101.5076 101.2301 101.7969 102.2141 102.3252 102.8226 103.1582 104.9348 104.9449 105.6957 104.6164 105.0646 104.6541 106.6702 107.0389 107.0080 108.0631 108.1861 112.1134 107.0666 114.0380 110.8665 112.5423 111.9927 109.4900
105.8900 109.8455 104.4735 105.0435 105.4801 105.4066 105.5303 105.0013 103.7183 101.3447 107.6038 102.0602 101.8114 102.2844 102.3377 98.9203 102.4408 102.7753 98.0378 103.9531 104.2433 104.9607 104.8384 105.4219 105.4503 105.5820 105.4751 106.5820 107.4650 107.6479 107.8767 106.9661 109.5208 112.4800 104.4057 106.2566 106.2949 111.2894 115.0849 114.9500
105.0300 105.8775 105.6018 105.6791 105.8997 106.1685 105.6364 104.2462 105.2694 105.2828 107.5600 103.9912 102.5862 104.3026 104.1606 96.7578 104.8127 105.2572 101.7598 104.8226 105.4322 105.9444 104.0110 101.9789 104.5074 105.6672 105.8773 106.7441 106.8381 106.6006 107.4430 108.3687 108.1732 108.7264 105.8704 109.4189 105.1713 106.2152 108.4838 114.9800
107.5900 106.5186 105.6006 106.1861 105.8570 105.6949 105.5896 105.1782 110.0307 106.4431 104.8056 105.2108 104.4830 106.2608 105.4168 103.1243 104.6202 105.2187 103.8798 105.1278 105.3654 105.9967 102.5540 104.0291 106.9836 106.3401 104.8617 108.0562 107.5612 107.2959 108.0251 108.7291 108.9461 110.0770 108.2593 109.4229 104.8561 112.1703 109.9696 109.9600
105.2700 105.7116 104.8246 107.1545 106.2808 105.7487 105.9544 106.4685 105.9672 110.7052 103.1528 104.8289 103.0682 108.9357 106.4165 105.1486 101.1734 102.4676 101.8525 105.3477 105.6476 106.7248 105.4733 106.1830 105.6972 105.9660 107.0444 109.9411 111.0559 108.3972 107.7934 108.9959 106.8457 107.7611 103.5917 104.8453 107.3324 105.7632 109.4194 108.4400
106.0900 105.9960 106.7387 106.9004 105.6244 107.9316 106.8529 109.4781 108.5211 111.8870 104.4990 103.8926 104.6527 106.6374 105.9517 105.7741 104.9979 101.5381 103.2944 102.5752 105.5627 106.2983 106.2788 107.5441 106.0602 107.4486 107.8730 107.7168 107.2192 112.0884 111.4631 110.8572 105.5238 103.5399 106.4280 106.8007 110.0581 106.6238 112.3664 108.4400
108.3500 108.5752 107.6635 108.1157 106.8236 107.4160 109.5307 114.3131 111.9700 109.1811 108.0625 103.2587 107.1177 106.2405 105.5996 105.1718 105.1502 103.5318 104.2939 103.2685 107.4278 106.5886 106.8084 105.6882 106.2976 107.5958 107.6225 110.0091 108.6805 110.9750 113.0048 110.1163 109.9059 104.2210 108.6019 108.3692 108.9991 107.5915 114.9810 111.1100
109.0500 108.3110 107.6543 109.8947 108.2682 114.0989 114.1210 114.5061 109.5909 111.7001 108.2344 104.7494 106.0714 107.0121 106.5193 106.1887 104.5619 103.5974 103.4417 103.8419 106.0310 106.3263 105.7904 105.7550 107.4064 107.9103 110.7429 112.7537 116.2179 112.3882 106.8814 111.8606 109.3996 109.1957 110.2795 109.1566 108.0213 106.6576 110.1073 114.2500
108.5000 108.8909 108.4305 109.0732 106.7195 110.9795 113.6951 110.3710 107.0219 106.9944 107.1055 106.3145 111.1491 105.5307 105.3391 104.2524 102.6591 106.7389 104.9800 105.0421 105.4709 107.3236 105.9721 108.2037 108.3942 107.9742 108.8699 112.2634 107.3939 114.2154 105.4455 114.5260 110.6577 112.1509 111.3166 110.7813 108.7823 110.5637 109.7703 108.4900
108.5000 109.7073 109.7823 108.4211 106.8369 108.3009 114.1079 106.6500 106.8858 107.7540 107.3105 106.4254 110.7799 106.3966 106.5316 108.2265 108.6095 110.4566 107.8663 109.0336 107.6183 108.0850 107.2930 108.2228 108.4674 108.3934 109.4448 110.0199 108.9334 110.1203 111.1128 110.9578 106.2737 109.5438 112.0249 109.3224 107.3903 109.2258 109.1122 113.5000
102.6100 104.2824 106.5279 109.3866 109.6895 107.7212 113.1809 111.3159 112.5517 109.3778 111.3173 106.5002 112.3465 106.5877 106.7405 107.2419 109.4341 108.5727 106.4427 111.4167 111.5024 107.8081 107.5799 107.6146 113.7147 108.8691 106.8700 111.9925 105.7553 103.5031 105.5242 108.9925 108.7339 107.9746 109.4361 110.7265 109.2484 111.4011 110.0857 108.9700
103.8700 104.3838 102.9882 106.7343 111.1678 110.7677 112.5790 110.1729 109.8351 108.6732 113.7604 112.6561 112.8756 107.5039 107.9566 110.6684 111.4451 113.5110 107.3165 111.2500 112.3143 112.6794 112.6863 112.8770 109.7297 115.5275 103.7990 108.1297 105.4593 108.6579 109.2650 109.8774 111.5772 109.7674 107.8554 108.7788 110.3546 110.2394 111.2665 110.7600
104.9300 105.1291 104.6940 106.4432 108.5737 111.8956 110.3964 113.8105 110.4929 112.1085 113.1100 114.3852 108.8534 110.8147 108.8739 108.9650 110.1230 113.2121 108.8844 113.8098 114.6500 115.0130 112.5065 101.3056 103.3403 112.5713 110.8160 112.1208 106.5384 108.6545 107.4405 107.3961 108.0649 110.2155 108.1179 109.2441 107.7121 109.4400 110.2767 108.8200
106.4700 105.7837 105.3417 108.1021 110.6837 111.1068 108.2853 106.0073 103.6559 109.5681 111.6507 109.3843 115.2029 111.8403 112.5927 112.3228 110.3386 113.9098 105.8514 103.6403 106.3839 104.3495 108.4849 109.3373 109.7595 113.0181 113.9123 111.3732 110.1367 108.3365 105.8181 108.2069 108.7810 109.1204 108.4291 111.1732 109.1563 114.0288 112.0790 111.5400
106.5200 106.4903 105.7753 109.4440 111.8694 109.8972 107.3325 108.1096 104.2596 109.0480 109.3737 105.7050 109.0718 107.4329 111.7260 112.8313 110.2807 108.0251 102.5848 102.8171 104.6725 105.1923 109.1134 112.4979 110.0538 108.7505 113.9115 111.1017 109.9454 110.0797 111.0480 111.0593 111.0609 108.8662 108.3285 112.4000 111.8147 111.9882 108.4125 109.5400
107.2600 107.9331 109.2615 112.4735 113.4279 106.4565 108.5056 106.2628 109.5257 111.4878 110.9723 107.2565 108.2931 110.1714 108.0381 107.3868 103.9814 107.5491 104.0391 103.2430 104.5469 107.7841 104.6278 109.2733 112.0719 109.9644 109.7656 108.4702 109.8471 110.7932 110.3594 109.2064 110.5642 109.7397 107.5872 107.9633 111.0149 112.7938 111.0222 111.9300
107.8100 110.9152 111.6021 113.8794 113.7024 106.2170 108.5062 108.9265 111.5568 106.4453 109.2002 113.1645 109.4549 110.6516 106.7732 107.2158 108.9194 108.6898 104.3850 105.6245 104.6758 107.7235 106.8081 108.3900 111.8224 112.3830 110.0946 110.4376 111.0078 111.3577 107.6453 110.1467 110.5128 108.5767 108.5856 108.0917 109.6281 112.1379 112.9105 111.9300
108.7400 110.4041 112.9121 112.7591 111.4308 105.9182 106.5811 108.2479 113.3646 107.6290 108.0885 113.2631 114.5405 110.2032 109.8271 110.4383 111.2272 105.9044 106.2931 108.9207 106.5017 108.3081 108.0135 107.4411 113.0045 107.6560 109.5445 112.5762 114.1121 109.2535 109.2024 108.6245 107.8815 111.9221 109.8996 111.2823 111.6511 111.9002 111.6804 112.8100
109.5500 113.2551 111.3867 114.8439 108.0773 107.0394 105.6908 106.2957 111.1558 106.1568 107.8811 106.5559 113.3927 108.8226 110.6273 109.8970 111.2690 108.2497 106.2316 106.7260 107.1602 106.3917 105.5406 106.4108 108.0201 114.7653 113.8964 111.7339 113.3658 113.5041 111.3634 108.3929 109.1035 109.8104 111.1093 111.3428 113.7410 110.4007 112.1449 113.8200
110.5900 114.1015 109.2148 112.9563 108.2556 107.9455 108.2738 108.5214 114.7217 106.4037 107.5950 107.0614 110.4192 110.8608 112.0285 113.0596 109.2563 109.9477 105.7091 107.0969 107.1646 108.0026 106.9826 109.2752 109.6498 115.3921 109.6057 111.4164 115.6847 109.2246 109.3716 110.4250 109.5497 109.9827 111.2022 112.9715 111.9183 110.4548 112.6746 112.0400
110.5900 110.7200 108.8100 110.2300 109.3700 114.4300 111.7900 114.6700 112.5100 106.7700 107.8100 107.2200 113.7200 113.7900 110.7600 114.0800 113.4300 110.1800 106.7300 107.7500 107.5300 107.8200 107.4900 109.5300 108.3300 108.3300 108.6700 111.2400 109.6900 109.6900 109.9100 110.3000 110.7000 108.4300 108.9000 111.2500 111.1100 110.4500 112.8200 115.8000
