105.4900 104.4300 103.1600 103.2800 101.1800 100.3400 99.4300 99.0800 97.7800 96.9400 95.3200 92.9600 91.3400 91.3500 90.7000 92.6100 94.7500 96.1300 97.5900 99.2900 100.0800 100.7800 100.5900 103.5000 107.6500 114.8200 115.2600 109.8000 105.2700 104.1500 104.7600 109.1500 112.8700 109.9400 113.3600 115.5800 118.2600 120.4200 120.6600 120.8900
109.8200 103.9789 104.1398 101.8799 101.2056 100.0238 99.3925 98.0863 96.0069 94.1518 92.1226 90.1033 88.6470 88.4626 89.2286 90.8905 93.0451 94.9858 96.9810 98.3944 99.4984 100.3377 102.7177 101.2553 106.9682 112.5188 115.1927 107.5735 105.6142 103.9458 103.6916 105.6272 107.3852 109.4790 111.9667 114.8557 117.3597 116.9066 120.8944 120.8700
105.1800 105.1004 102.3105 101.8424 100.6190 99.7289 98.7428 96.9113 94.3650 91.8622 88.7664 86.0140 83.8951 83.2983 85.1205 87.7499 90.7083 93.4101 95.7889 97.5112 98.9209 99.9954 101.0642 101.0273 104.8323 112.4872 114.1696 108.9236 105.8207 104.2426 103.6928 105.3921 107.1038 109.1298 111.7085 114.4375 118.3968 118.2625 120.8382 120.8500
105.2600 104.0690 102.8606 101.5865 100.2266 99.2660 97.8065 96.0888 94.7186 91.3365 86.1784 82.0377 74.9761 72.8783 79.0378 84.8215 88.6644 92.0206 94.7227 96.8355 98.4774 99.7853 100.9453 101.0842 103.6445 110.7858 114.6091 109.5994 106.2633 104.4626 103.6914 105.1669 106.9966 109.0596 111.3502 114.1253 117.7180 120.4478 120.5793 120.8400
103.9800 103.2893 103.5152 101.2853 100.3133 99.1324 97.5654 96.5700 93.9078 90.2140 84.5243 77.4869 67.4325 64.6740 70.8451 81.7352 87.1514 91.0758 94.0989 96.4366 98.1985 99.5813 100.7210 101.3749 103.0769 109.8169 114.8383 110.1038 106.5113 104.6158 103.6484 104.8498 106.6469 108.6870 111.0579 113.9320 117.5434 120.3373 120.5881 120.8300
105.1000 104.1493 103.5552 101.4441 100.1505 99.0382 98.5728 97.1402 93.9045 89.0951 83.3861 75.0332 65.4477 62.0636 67.8089 81.1642 86.4318 90.5210 93.9075 96.3109 98.1226 99.5411 100.6578 101.5241 102.8897 109.4596 115.3840 110.0966 106.5342 104.6455 103.6371 104.8031 106.6182 108.6602 111.0229 113.8652 117.4656 120.3971 120.5756 120.8200
103.5100 104.4176 103.0472 101.4911 100.1667 99.0965 98.5507 97.2765 94.7835 90.5211 85.6919 78.6556 70.6532 68.2443 73.0126 83.8162 87.7312 91.2215 94.1983 96.4938 98.2517 99.5994 100.7000 101.3350 102.9629 110.3019 111.4377 110.5730 106.6056 104.6046 103.7152 105.0374 106.8264 108.8284 111.1260 113.9458 117.5899 120.4025 120.5811 120.8200
104.1100 104.1078 103.1519 101.6943 100.7031 99.6027 98.6339 97.0614 95.8383 93.3342 88.6025 87.0016 80.8534 80.4878 83.4763 87.1488 89.6278 92.9410 94.8927 96.9345 98.4952 100.0745 100.9640 102.0559 107.3141 106.6155 106.1517 106.2652 104.1956 104.4488 103.7196 105.2678 107.1234 109.0741 111.3766 114.1832 117.7823 120.4131 120.6118 120.8300
105.4300 104.4060 102.7592 101.9806 100.9187 100.2269 98.9708 97.7901 96.2052 94.0234 92.7632 89.9921 87.1287 88.5087 89.8553 90.9339 91.9297 93.9279 95.8548 97.6156 99.1733 100.4023 101.2819 102.9483 105.2334 104.2726 102.6431 104.6820 103.3208 104.7561 104.3649 105.7873 107.4211 109.4213 111.7407 114.6119 118.2199 120.3958 120.6477 120.8400
105.2400 104.7428 103.5217 102.0877 101.4471 100.4074 99.6644 98.5982 97.5804 95.2251 94.2844 92.3876 90.5139 90.6764 92.4259 93.6199 94.7599 95.4189 96.9703 98.3379 99.8050 100.5517 102.1918 104.2019 106.6501 105.7072 109.0449 106.8678 104.1639 104.9208 104.8435 106.3604 108.0063 109.9093 112.0254 114.6868 118.4100 120.4057 120.7043 120.8600
105.3500 105.6029 105.1062 102.9292 101.7257 100.7717 100.3340 99.3884 98.2701 97.4533 95.9956 94.9900 93.4030 92.8344 94.2783 95.2117 96.2957 97.0010 98.2830 99.3549 100.2745 101.7836 103.0575 103.4921 106.3813 107.4939 107.0317 109.5853 104.1425 104.7759 105.1856 106.7974 108.5095 110.3757 112.4600 115.0161 117.8537 120.1398 120.7761 120.8800
106.0200 105.9701 104.2718 104.6263 102.6486 101.5972 101.0547 100.2656 99.3107 98.9273 98.2458 97.1512 96.6451 96.3617 97.2501 96.9741 97.7485 98.6685 99.7294 100.2186 101.2298 101.6610 105.3686 104.6849 106.8868 110.0297 105.8695 107.6386 104.1971 106.9298 107.8006 106.9608 109.1116 111.1733 113.0220 115.0898 117.7687 119.7234 120.8129 120.8900
105.7100 106.2042 104.6329 103.6436 104.8725 101.6484 101.4473 100.9269 100.4782 99.6142 99.0223 98.7858 98.6629 98.7604 98.0393 98.6078 99.4114 99.5543 100.1966 101.1109 101.8439 103.2575 104.7411 104.5352 106.6944 107.1779 106.1418 107.2299 110.0507 108.1167 106.5329 106.3043 110.8345 116.0642 113.7806 116.4796 118.7067 120.3997 120.1785 119.4300
106.3100 106.2315 103.4505 104.6180 103.4635 103.0630 102.3101 101.8579 101.7177 101.3704 100.5870 100.1056 99.7384 99.6319 99.4478 99.4809 100.5580 100.5740 98.5185 100.6755 102.4679 103.9330 103.5590 105.0699 105.2465 104.8313 106.3325 108.1875 106.8318 109.6316 106.8563 107.2202 113.1008 115.9782 116.0612 115.8328 118.0330 119.0903 120.7730 121.1900
106.6900 105.3526 104.5469 106.0687 100.0504 103.1012 104.4610 100.5153 101.0323 97.1602 94.4841 101.0241 100.8874 100.8030 100.6117 100.7141 101.3352 101.8009 99.0778 100.3422 104.4967 103.8531 105.5597 104.3100 104.5942 104.7400 107.0771 105.9838 106.1698 103.4076 104.9052 108.6505 112.5748 115.3519 115.3176 114.3098 114.6738 113.7598 117.4540 121.2300
104.6200 106.7773 105.7180 105.5824 107.4223 104.2433 103.4310 98.2067 102.0631 98.2966 98.6171 101.7861 101.5652 101.5819 101.5401 103.0250 102.2065 102.5430 104.4096 104.8698 104.7796 105.4443 106.0158 106.0809 105.6377 105.6362 105.7194 111.5388 114.0387 112.3961 105.3150 109.3935 112.7571 116.0872 115.7410 111.1674 108.8184 112.0511 114.1251 113.1800
105.4400 104.9551 105.4244 104.8832 107.3724 104.4040 105.8378 104.6840 104.2329 100.8900 100.1715 103.7183 103.2435 102.9904 102.7153 103.2397 103.1939 99.6368 104.6193 104.1959 105.4367 105.9393 105.9063 106.1689 106.6583 106.5313 106.2192 108.8092 114.5952 109.5119 106.4159 107.4966 116.2911 115.6742 112.8177 114.4562 117.6544 117.4939 120.1367 119.3400
106.9700 105.8718 105.7962 105.5462 105.1870 105.0909 105.3388 105.1974 104.0257 104.6705 104.3611 104.0625 105.0829 105.1747 105.1614 104.2373 105.7697 104.4922 105.2044 104.2140 106.1177 106.0472 105.8002 105.6912 107.0665 106.8249 106.6288 107.2195 109.5385 109.1495 109.7577 109.3581 113.2677 111.5626 113.0550 113.0842 116.5194 117.3952 115.6176 116.8400
113.1300 106.5867 105.3989 106.4260 105.8372 107.4926 108.4955 106.1742 106.0016 106.1908 105.5566 104.8387 104.9974 104.4099 105.5391 105.4458 105.2085 105.4070 106.2952 106.2984 106.3113 105.5296 106.3008 105.7731 107.4449 107.0035 106.9974 107.2850 108.6793 111.6924 109.2053 111.3504 115.9318 110.4732 114.5313 117.4313 113.0666 119.5076 115.5809 113.1200
106.6000 108.4827 106.0610 110.0092 106.6361 107.3300 107.6778 105.3873 104.9678 105.0687 105.6784 106.2438 105.0559 104.7884 104.7892 104.3441 105.5688 105.4534 105.4522 106.3710 106.3301 106.9461 107.1743 106.5340 107.6718 106.4401 105.6370 106.9449 108.0538 113.5401 109.5367 110.7152 110.5100 112.6387 110.6444 111.9573 114.2322 118.7640 117.0289 117.4700
107.0800 110.8534 106.8353 111.4676 106.6949 108.9440 108.3300 106.4932 105.6783 105.9242 106.5012 105.2231 105.3839 106.0910 107.1905 106.4934 105.7298 106.2568 106.9041 105.6002 106.8924 107.1486 107.3104 107.9254 106.4504 110.9120 108.7796 106.2767 112.4411 108.3019 114.0089 108.2111 111.9325 110.1285 104.0975 105.0253 112.4703 110.5878 112.0027 113.6800
110.6200 111.8193 112.1566 106.4638 109.9100 114.2944 111.5027 107.0090 106.5667 107.0134 107.2445 105.1088 105.5206 105.4862 108.1571 106.4784 106.8891 107.1886 107.1914 106.8438 106.9985 107.4527 107.1808 107.8211 107.8595 109.5460 110.5155 110.9261 113.2681 113.3346 109.4278 111.9672 112.2759 111.4758 117.0572 113.2807 109.0419 108.7973 112.6530 112.5700
113.5600 114.3380 112.3047 107.6317 112.9480 111.7349 106.5582 107.2672 106.9406 107.6001 106.4636 106.4547 105.8626 106.8524 105.9391 107.3756 107.3928 107.4937 107.3690 107.7333 106.9770 107.9321 108.1213 107.4714 107.1050 107.8132 107.3904 112.5655 111.9515 114.3216 111.5792 113.0803 111.1825 116.0454 113.5695 113.8731 116.3653 113.9111 111.3103 116.0800
108.9100 112.9825 111.9123 110.4321 111.5283 111.3173 107.5757 107.5476 106.2743 107.9833 109.1591 106.6063 106.0715 105.8813 107.0104 107.1764 106.4878 105.6661 107.9079 108.1119 106.9515 107.5587 108.2319 107.6218 108.0012 108.5151 108.0114 111.4206 104.3398 114.9277 109.1351 107.4216 112.2647 115.9204 113.4880 109.8506 115.9318 115.2785 110.6949 109.2100
107.1100 111.8715 113.7154 113.1060 114.4557 110.7369 108.1097 107.8647 107.8727 108.3173 109.9314 107.1360 106.6644 106.7073 107.3068 107.6469 107.3141 106.5022 108.3809 109.0346 107.6670 108.4790 108.4926 109.2899 108.6138 111.5671 108.6049 108.8018 114.3842 113.1531 111.1383 107.4458 107.2184 112.3563 113.8520 113.7415 113.9340 115.7052 115.5767 114.0100
110.9600 112.0499 115.1436 113.3212 114.1016 107.6329 109.0662 108.5751 110.8261 105.9133 107.0743 107.0215 107.7648 108.0249 107.2258 107.5264 107.5730 107.3920 108.4882 108.4260 107.6909 108.0519 107.7002 108.2841 105.9795 109.1358 108.2999 108.8231 103.9938 111.0377 115.7396 116.3921 113.2075 115.2676 109.9083 112.0241 115.0093 115.3634 114.8549 114.0100
106.8000 114.3906 115.5091 115.6100 108.9297 113.5453 107.2868 108.5880 107.7503 108.3984 108.9323 109.2223 108.8461 109.2137 107.0624 107.6038 107.7665 109.3937 108.2395 108.9188 113.1766 110.1884 108.3450 104.1071 109.4639 112.3236 109.3192 113.7558 109.9461 107.8181 113.1944 112.7289 110.4063 117.1002 113.9794 114.3803 113.8996 118.1332 117.5086 113.2700
112.6500 109.2363 110.4578 109.9978 103.8639 109.8367 108.2779 108.6458 108.7476 109.5781 114.0341 112.6146 108.1744 107.5333 106.6997 108.2413 109.1327 107.1277 110.2378 105.1704 114.1812 108.9197 105.3800 109.0775 111.3501 113.5949 109.0876 112.2903 113.5584 110.5989 111.5529 115.0348 109.9484 114.4619 116.1139 111.8984 111.4706 117.2793 114.4041 113.2700
115.1900 112.3485 112.9603 110.1598 104.5448 109.3324 108.5772 107.7238 107.5187 111.9827 111.2169 110.4476 108.4012 108.1464 106.9545 113.8604 102.1727 104.7657 106.7688 102.3024 115.0283 114.4215 113.0638 109.6986 110.0773 112.2513 109.5833 110.6872 112.9948 112.2209 109.8119 114.5695 109.9649 117.4796 113.8973 108.0517 110.8451 108.4769 108.0890 108.5000
115.1900 112.7167 113.1497 111.6869 104.9107 109.8334 109.2450 108.9880 105.7531 111.2298 107.6276 108.4220 108.8193 107.2258 105.4319 107.4336 108.6615 107.6201 107.9938 105.4153 115.8723 112.6975 114.6349 111.2165 108.1159 112.2336 108.0943 114.0823 113.0442 112.7035 109.8182 114.0979 115.2686 110.7316 108.6375 109.0391 107.9471 111.1269 115.6270 115.8400
114.7100 113.6889 108.4977 107.0643 107.4552 112.8118 109.1465 108.7548 109.8459 114.1126 110.0875 109.7178 108.4358 109.4869 104.7844 106.2935 105.8705 106.7069 104.4772 111.5138 111.3580 112.2604 114.1007 111.0430 112.9410 112.6447 113.0599 114.8381 110.6459 113.3447 114.3133 110.7644 113.0262 111.6344 109.4816 109.1678 109.9416 108.2484 111.5739 114.6500
114.1200 114.5727 107.9984 109.0890 108.8096 107.1565 109.4899 110.6924 108.1048 114.4215 110.3828 114.7287 112.3940 111.7931 109.2677 108.1365 114.5984 108.0774 110.5554 111.7125 112.0019 113.1301 114.1292 112.5538 112.4712 113.3462 113.8146 115.0758 111.1617 114.1227 113.4356 110.7522 116.8461 115.1575 110.1111 108.3659 110.6207 112.6242 112.9450 113.2500
112.0300 112.3313 108.5557 108.2521 107.4853 107.6450 107.5871 107.5165 107.1218 110.6121 111.4427 110.7512 114.7621 112.3243 106.2840 107.6016 111.9241 106.5996 106.7581 109.6465 109.7042 110.6397 109.6144 115.2357 112.1004 112.4908 113.6132 113.4702 108.0245 111.7944 113.2652 113.5980 113.8983 117.2475 111.7579 108.4618 110.8467 109.3817 110.1595 111.0000
113.5900 113.4545 109.7476 109.0319 108.5877 108.1016 110.3238 110.4021 111.6318 111.9999 110.3523 111.1808 110.7513 111.0527 110.0275 114.2028 111.4790 109.0286 107.2999 113.3334 109.6015 108.0664 115.2209 114.9880 113.1703 111.8086 113.3746 110.2799 109.0150 110.4587 108.4284 112.7469 108.7961 107.9134 110.9751 109.9369 113.2257 113.4943 115.2585 111.0000
110.5500 110.7729 109.7465 109.8147 109.2862 109.1689 110.6055 108.1532 111.3977 111.6127 112.8188 110.9279 114.2983 115.8025 107.8108 113.1991 108.6378 112.1769 108.2425 113.0385 113.0722 112.1077 110.2736 116.8927 115.4602 113.1238 113.0785 112.2876 110.1192 109.7692 109.9581 108.9769 111.6406 110.7058 109.8072 109.8497 107.9568 111.8577 113.4237 110.9400
111.4700 113.9044 111.2116 112.1409 110.5179 110.1139 109.9501 111.2462 113.9587 114.2285 110.6626 108.3665 113.5010 115.2834 111.7495 113.8692 113.5594 109.8092 111.4543 109.3205 114.0857 113.9393 111.3788 109.0501 110.0188 112.0732 112.9598 111.5747 110.3861 111.0605 110.4575 109.9822 111.1282 108.5023 112.3253 110.1304 109.1196 110.2619 113.2301 111.4900
112.2500 114.1126 111.0206 112.3489 110.6328 110.5258 110.5908 111.1492 112.5798 118.3409 110.1436 108.7464 109.0594 115.7024 113.3677 113.4588 110.0872 113.0894 113.6021 112.4026 109.9491 112.4660 110.5854 110.9754 110.1355 111.9009 114.9443 109.6564 110.6985 113.1110 113.4127 112.8718 108.7341 110.9960 112.5803 112.8441 112.3152 113.2783 110.4510 113.5400
118.4100 115.4243 114.4402 112.2187 114.1079 111.7179 111.3600 113.3230 115.7448 111.3930 112.5058 109.8594 110.0077 118.8065 116.8386 115.8412 112.6912 111.8190 109.1460 111.8888 109.4000 110.5476 110.0222 113.2602 110.3773 115.6204 115.5383 117.2143 114.0155 113.7107 115.3189 114.8584 113.1831 116.3666 113.2914 112.7395 113.8726 115.7024 112.5223 112.5400
118.9900 117.9358 113.7890 111.8874 115.4913 112.0751 111.6640 116.4697 118.1537 112.9417 110.6071 112.6152 112.0376 115.4271 115.1090 117.0580 116.3625 111.7255 110.1479 110.6436 111.2688 111.9784 112.6940 113.4150 111.2819 114.1101 114.2155 111.4623 113.1090 114.3262 114.6807 114.8154 115.4387 114.7549 110.5662 115.6410 111.2840 113.0558 113.4378 112.1900
118.9900 113.6300 113.6300 116.9100 116.9100 112.7600 116.7800 117.5100 114.2400 115.4000 114.2900 113.7100 111.8100 113.0800 109.4800 117.1400 115.4300 112.7800 110.9100 110.7600 111.2300 111.1100 111.2800 115.4200 111.6000 114.9700 113.0900 114.5100 114.5100 115.7700 115.7700 114.5000 116.3100 109.9000 110.1100 109.9900 109.6100 110.6300 113.8300 113.8300
