112.9800 113.7800 113.5000 114.4500 112.9400 104.8500 103.8900 107.8700 105.9900 105.4000 110.1300 105.2800 102.4400 103.0800 103.0800 100.8700 100.2400 100.2400 99.5000 99.3400 100.2800 100.2600 100.7700 100.7700 101.6300 101.6300 102.3600 112.8200 112.8200 109.3800 106.9700 104.3100 103.5200 104.1900 106.3000 107.6700 109.1700 112.6500 114.7600 117.1500
113.0200 113.6899 112.3308 111.9878 112.3951 104.3211 105.5633 108.9509 106.4324 106.2302 104.3789 105.0886 103.3533 100.9033 100.5224 99.9304 99.4544 99.2908 99.0815 98.9258 99.1213 99.4513 99.9127 100.4392 101.2377 102.1962 100.9507 107.9154 112.7268 111.2983 108.0511 105.7146 104.1408 103.4332 104.8775 106.5686 108.6898 107.9048 112.6821 116.5800
106.9600 107.8910 107.0410 111.0399 110.4079 106.6292 108.8716 109.9964 107.7066 109.0112 106.0023 102.5228 100.9159 100.3583 99.5631 98.9933 98.1668 97.8357 97.5188 97.3876 97.6581 98.1436 98.7778 99.4797 100.1752 100.8624 100.6130 103.5135 108.3545 112.4398 110.2246 106.8833 104.7255 103.4357 103.9727 105.7146 108.1209 107.6698 112.9574 113.8100
106.5200 107.1306 106.0442 105.8440 106.6426 105.0190 104.2190 105.0066 105.2688 106.2269 102.2880 102.1483 100.3481 99.5418 98.9364 97.7322 96.5360 95.7753 95.3050 95.3235 95.7551 96.4976 97.4226 98.3852 99.3122 100.2715 101.3017 101.3738 105.1424 112.0608 113.5935 108.5658 105.5085 103.9656 103.4002 105.2357 107.1260 109.1885 111.5516 113.4500
106.8000 107.6065 107.4357 107.2538 104.9875 104.8914 105.4869 104.7932 104.4715 103.5315 101.2992 100.6065 99.5719 98.5692 97.4727 96.0732 94.6402 93.2691 92.4956 92.4686 93.2063 94.4148 95.7747 97.1563 98.3727 99.4707 100.5852 100.8514 102.4003 108.5274 114.8313 110.3407 106.6154 104.6409 103.2089 104.4572 106.3796 108.4286 110.9027 113.1200
107.0900 107.4624 107.1746 106.9874 106.1025 104.5529 105.9275 101.1790 104.9834 102.9223 101.1491 100.2229 99.3338 97.7834 96.2847 94.8660 91.8080 89.8159 88.4918 88.4599 89.7429 91.6684 93.9395 95.7478 97.4010 98.7959 99.8766 100.7617 101.0792 105.5237 113.1898 112.3468 107.5246 104.9492 103.7125 104.2574 105.9926 107.9990 110.3284 112.8000
107.5400 108.8942 106.3510 106.0605 105.0947 104.6043 104.2536 101.6643 101.6905 101.3743 100.8879 100.0083 98.9128 97.3305 95.4356 92.7069 88.8419 85.7842 83.3555 83.1925 85.7616 89.2935 92.5942 94.5547 96.5399 98.0971 99.4019 100.5777 101.3079 103.8664 106.8837 112.8437 108.3253 105.3795 104.0533 103.8262 105.6519 107.6461 109.9413 112.4600
111.6900 109.4398 105.6483 105.3293 105.2300 104.0437 103.4099 104.5519 104.0002 100.9785 100.7631 99.4602 98.7120 97.2391 94.9430 90.5977 85.6346 80.7855 75.5504 75.3297 82.0903 86.2262 90.2265 93.9702 95.9140 97.5718 99.0539 100.2324 101.2735 102.4447 107.1514 113.6885 109.3570 105.6966 103.7847 103.4498 105.3440 107.3492 109.6388 112.4600
107.8300 106.8770 106.3373 105.0470 104.4159 105.1441 104.8512 103.7213 103.1075 101.6995 100.5830 99.1859 98.2031 96.7570 94.7310 88.7341 83.4337 75.1798 68.3947 68.4421 75.2745 83.8149 88.5307 92.9077 95.4689 97.2206 98.8325 100.0294 101.4577 101.8217 109.0957 114.1433 109.8591 105.9305 103.9883 103.3264 105.1935 107.1964 109.4825 110.4000
107.8300 107.6420 106.3958 104.6761 104.4738 105.4615 104.8563 102.9525 102.2745 101.3575 100.5479 99.2960 98.0381 96.7630 94.5886 88.3995 82.7540 73.3293 66.3391 66.3727 73.1504 83.0458 88.3299 92.4688 95.3493 97.1484 98.7714 99.9419 101.5463 101.3014 108.4546 114.2405 109.8918 105.9710 104.0149 103.3114 105.1694 107.1726 109.4504 110.3800
107.7400 106.5171 107.0904 104.9782 104.4342 106.4823 106.3382 104.7958 102.4895 101.3869 100.5624 99.4848 97.6066 96.6718 93.3088 89.7374 84.9757 78.8215 71.0435 70.6620 78.2691 83.9902 89.2560 92.5918 96.0123 97.2872 98.9019 100.1214 101.6720 104.9872 109.5883 113.9694 109.4683 105.9895 103.9720 103.3894 105.2155 107.2024 109.4989 110.3800
109.8800 107.4287 107.8187 105.6267 105.9867 105.2413 98.9191 103.7649 99.3672 102.3627 95.3576 100.2860 98.6990 97.6350 95.3533 91.6162 88.0235 85.1786 81.2190 80.0425 87.5223 89.1026 91.3399 94.8167 95.9071 97.8371 99.2030 100.5612 101.7355 102.8440 109.7246 105.0370 107.5964 105.3328 103.6737 103.4415 105.3428 107.3902 109.7190 112.3400
107.6500 107.3776 104.7440 105.6259 108.3049 109.3576 104.8371 105.9538 98.4767 94.9549 101.8230 99.9316 99.3898 97.7781 95.3830 95.0240 91.4686 94.4874 86.8692 86.4718 92.2801 92.5949 94.4524 96.1633 96.9635 98.3532 99.6904 100.9686 102.7034 108.0325 103.2328 107.3171 107.4667 106.0679 105.8382 105.5160 107.6863 109.1315 110.2596 112.4600
107.7600 107.3409 107.1548 107.0228 104.4417 104.1601 105.0249 104.2048 100.5386 98.3063 100.1696 100.7617 99.7141 97.8871 96.9701 96.4005 95.8781 102.8531 99.6427 92.0264 94.5605 93.9322 95.9888 97.6932 98.3487 99.1335 100.2843 101.4075 103.9117 103.0574 104.1135 104.7005 103.3989 109.2457 112.8678 112.3086 112.5120 114.4494 110.7684 109.8300
107.9000 107.6641 105.7062 106.9199 103.3525 104.5436 105.2633 99.9533 103.8947 96.0953 94.8509 93.0687 100.6104 99.5039 97.7403 97.2773 90.4437 94.1897 106.2179 105.3284 95.7222 96.5493 97.7080 98.7112 99.6342 100.1923 100.8221 102.0968 101.7450 105.4853 104.8142 105.6181 104.0211 111.8506 104.8234 110.6850 105.2812 108.3546 110.2719 110.0300
108.2000 107.7845 109.2165 106.3261 103.3953 106.4756 102.5373 103.0853 102.5492 100.3610 97.0934 95.6183 101.7690 100.0844 98.8780 95.1133 88.7601 96.0202 90.4424 98.2826 96.9006 98.1792 98.7321 99.4662 100.1716 100.9164 101.5084 104.1816 103.8533 105.3461 105.8388 105.8765 105.5945 110.6981 106.4651 113.6080 111.0472 110.6231 111.6757 108.3700
110.1000 106.8742 109.2450 105.6848 104.6378 105.1830 104.8432 105.6362 100.2572 102.7849 102.4215 103.2468 101.3328 100.8693 100.0526 101.6738 95.4474 90.2422 99.9490 98.5863 99.2546 99.3461 100.3726 100.3893 101.1386 101.5486 102.2466 103.1415 104.9153 105.7836 105.9435 105.4568 105.2067 104.1770 111.9469 109.5045 110.9005 108.4571 112.4250 112.1400
107.9200 110.1327 105.9789 105.9978 104.4794 106.7563 106.3949 105.6305 103.6561 103.7840 104.8175 105.0497 103.7802 101.9775 100.7321 100.4124 99.3366 92.9286 91.1071 98.4499 100.0353 100.2081 99.5376 98.0037 101.5692 102.0682 102.5925 103.8485 104.0783 105.7318 105.9368 105.4581 105.6046 104.8324 106.6998 107.3114 109.3087 107.6615 108.4951 106.0200
108.4300 109.0960 106.4132 106.5868 106.2142 107.1183 106.7044 105.8775 102.9924 101.7563 103.7120 104.8438 103.0400 104.1084 102.0374 102.1112 101.5809 96.9582 95.2314 99.7232 100.9392 101.2974 100.5799 98.8789 102.9969 103.8179 104.8039 103.5923 103.6416 103.9108 105.5369 105.8193 104.9752 108.1738 106.4470 107.7586 106.6390 108.2754 111.4681 108.8300
108.9000 108.0912 107.0078 105.7776 106.3244 107.4401 105.6091 102.4431 104.7638 105.3189 104.6756 103.9982 104.9922 104.7162 102.7631 104.8413 103.5242 102.8407 103.0243 102.0014 101.7728 101.9975 102.9885 104.1086 103.5885 105.3304 105.1573 102.3829 105.2293 104.8893 106.1215 107.7557 104.3916 107.7495 106.5288 107.1268 113.0316 108.4031 115.0457 113.0300
108.2300 108.1103 108.1660 106.2414 106.0863 108.9022 111.8592 106.7886 105.2098 103.6249 105.7951 104.2688 104.6282 103.4056 100.7014 101.7744 104.4327 100.4753 103.6563 102.6253 103.7032 103.5788 105.5184 105.1407 103.1659 108.1922 107.2163 104.4857 107.3227 109.7861 106.7851 109.8477 112.0365 109.6761 113.6407 107.7445 107.3015 108.9308 108.9771 113.6600
109.3700 107.8940 107.9952 107.3922 110.9855 113.1188 113.3826 104.2787 104.2386 105.3036 108.9576 108.0102 102.8909 105.0147 101.8543 102.0183 102.9910 98.6162 104.1471 103.5019 104.3474 105.1914 103.1258 100.3726 102.9339 106.6068 105.8169 104.7212 106.5441 112.0320 110.4783 111.7278 105.4746 106.8622 110.5861 106.8144 108.7446 109.0394 109.2071 109.1500
108.0300 108.5761 108.4111 108.4542 108.7189 110.1637 112.3829 109.7920 104.3185 105.5256 110.0335 105.5765 105.8625 105.0667 102.8509 105.8976 105.6324 105.4055 104.8548 104.1411 103.8390 105.6518 100.6648 102.9483 101.1714 105.1632 107.9032 105.4843 105.6451 108.2535 106.1528 105.7303 106.4924 107.4145 108.6366 107.7949 109.1335 107.5250 114.0264 109.1500
103.6800 108.1600 110.6586 109.0426 112.2862 107.1905 105.7107 109.7086 104.8988 105.8270 105.7989 103.6296 105.1168 106.3709 104.5992 102.8881 101.3491 101.8003 106.3853 104.5048 105.1446 105.6560 104.6031 105.2491 104.1118 102.8685 103.6526 108.3729 106.8431 103.8847 105.7958 105.6685 109.3604 108.9585 107.6489 108.0324 107.4332 102.6137 109.8811 114.3700
108.6700 107.3605 111.5023 107.7835 106.0930 110.3522 111.2015 111.7638 109.2037 107.0623 106.6104 105.1206 106.5622 106.3460 105.4216 102.2533 102.9729 102.8947 103.4882 102.0786 105.5540 103.4684 106.9934 105.4501 108.4370 110.7689 106.4056 102.7375 108.8288 106.0210 105.8924 105.5075 112.4213 108.1018 108.8849 107.7689 105.5486 102.6486 111.4254 114.3700
108.6700 107.8174 107.6455 111.5661 111.4134 107.8903 108.9666 108.4805 109.9483 107.5064 106.8807 105.0866 105.6667 104.9744 106.4475 104.0989 104.3835 104.5704 103.9531 103.2562 106.0196 106.6416 106.7691 103.5543 105.3528 112.7417 107.7599 106.1434 105.7406 108.8055 108.1334 109.3312 112.0470 111.0897 114.3692 113.1984 112.7864 110.1708 114.1756 112.8500
106.8700 106.4861 109.2262 108.7038 110.2716 112.6399 109.0553 107.9720 107.1939 106.9668 107.9319 106.2214 107.3429 107.0609 107.0491 104.7878 104.6964 104.3239 104.0206 104.7419 105.3939 107.8828 105.4816 105.2649 105.4382 110.8454 113.1444 108.6981 107.2142 107.4667 108.2762 109.1274 108.8552 106.0114 104.7575 110.6969 107.4744 111.3864 111.3517 112.8500
111.0500 108.7851 105.7295 106.8905 104.5649 111.6863 110.5464 107.1167 107.9491 107.6419 108.0979 107.4958 107.5325 107.8565 106.6937 105.1444 105.5836 105.4350 105.4064 105.4916 106.9940 109.7561 106.2906 109.1554 110.1221 112.9002 114.7523 112.4204 108.3082 109.5690 112.7126 109.4628 108.0480 108.0601 103.9013 111.0182 114.4522 111.8865 111.0046 107.1700
110.9000 108.0114 107.6739 107.4565 104.1639 109.3036 113.5225 109.0063 108.3956 108.6205 107.7892 111.6209 108.1459 108.0173 109.4135 107.4899 107.1203 107.3947 106.5090 106.2700 107.8343 111.6871 107.1478 107.8764 112.4795 113.2620 111.9475 112.9166 108.3671 112.2904 114.3034 110.7285 107.2058 103.8652 108.4811 115.0671 111.4295 111.2266 109.2152 109.3600
109.2400 106.9152 106.3970 108.3834 103.6436 109.8499 104.2192 108.4370 110.1000 106.1983 110.0028 111.1357 109.3626 108.8686 110.3028 108.1445 108.2260 108.6351 107.4554 107.3060 114.1505 111.6068 111.1619 106.7876 106.4590 115.5541 114.3556 115.3310 108.2422 109.7970 109.7427 108.4499 108.4423 114.2557 113.8596 115.1317 116.2657 109.2185 109.0299 113.4300
110.2400 110.4224 107.2058 109.5646 108.2557 109.2956 108.3749 107.4847 107.1728 101.6116 108.9135 108.6890 112.9742 109.4330 109.3623 112.8902 109.2349 108.6246 107.9830 108.5649 113.8579 113.8439 111.1186 111.4179 108.6695 108.7512 112.6171 109.3671 103.8344 104.1412 111.8835 107.6900 107.9319 114.4960 113.7858 113.9594 112.1835 107.9456 114.5115 107.9300
111.2700 112.3813 109.0687 109.8947 110.8300 109.4479 108.5832 108.6169 104.5461 105.9131 110.7086 106.8649 109.6395 109.0228 105.9738 108.5394 110.5440 110.6428 110.5418 113.0644 115.9514 113.2556 109.8952 110.8544 103.6304 103.9559 108.4028 106.2450 107.4262 106.2090 104.9738 112.1519 109.8299 111.2212 110.8506 111.0444 108.2478 108.8801 110.5717 111.1600
112.4600 110.7819 112.0299 111.0846 108.6910 108.3807 108.0863 107.4380 103.5039 109.7171 113.2391 113.8683 105.6650 107.7428 102.2656 108.0146 105.9341 106.1351 106.8898 109.6153 110.3633 106.3797 107.5654 107.7311 103.8703 106.8198 110.8940 105.2419 108.4201 107.9099 105.6020 110.4149 107.9096 110.0731 108.1562 109.9558 110.5997 111.4010 109.1511 110.8600
110.0200 112.1074 113.4003 111.9515 108.5503 106.5928 109.1883 108.4276 108.9856 110.7668 111.2420 111.4712 107.5698 110.6207 103.1963 103.2046 103.7408 104.5796 105.6078 109.0983 110.0399 111.1867 110.8777 109.4984 109.8171 110.6944 108.0153 109.9613 109.2762 112.1492 105.8674 106.9367 107.6823 109.2765 109.6565 109.1008 108.7257 112.3478 110.9587 112.8500
112.7700 115.2469 114.4794 112.3180 112.1566 109.9720 111.7955 107.5416 112.7897 110.8869 111.4751 108.1969 105.4429 104.4170 105.3039 104.7046 105.0437 104.7916 106.9622 109.2212 112.0236 110.5935 109.3553 110.4509 109.7694 108.4480 107.7429 109.1425 110.1448 106.7128 109.4625 109.9477 108.1017 107.9373 109.1314 108.2875 109.4141 109.5526 111.0680 111.0100
114.6500 113.2423 115.0738 114.4786 110.2289 107.7502 108.1780 107.1827 108.8993 114.7593 110.6106 109.1686 105.9221 108.3306 107.1699 105.4866 107.0296 106.8041 107.3711 109.5140 112.3393 110.8012 107.0098 106.6675 107.9742 109.6062 110.1150 106.3811 107.9075 109.1774 107.4389 109.8033 110.2177 110.1000 109.3999 110.6520 108.6465 108.1824 108.5607 110.4700
114.6500 116.6505 111.9023 111.0109 109.1629 109.7039 109.9828 111.7498 108.3474 112.4028 108.3403 108.2576 107.2850 106.2707 106.2440 105.1873 106.0352 107.9350 104.8307 108.0922 110.9574 111.0875 108.5306 107.7839 109.3628 108.2364 105.5262 105.6867 107.9791 111.8858 108.4619 109.1000 110.3128 108.9393 108.6499 109.8898 109.3931 108.9294 109.8044 114.2400
116.0200 115.2043 112.1912 113.3113 112.6895 109.3515 112.0417 112.7150 113.4882 108.8860 109.5709 108.6942 108.6895 108.8511 107.6400 107.0023 107.3672 107.5603 106.9562 108.0360 111.6934 113.0310 111.4771 109.9078 112.0747 111.7651 110.4319 108.4171 107.1195 113.1906 112.2334 110.0758 110.0700 114.3919 108.2057 109.9825 111.6391 110.8933 110.7339 114.2400
117.7400 117.2301 113.4456 114.2311 110.6703 111.2836 114.4680 115.1024 112.3441 114.8069 112.2354 109.1762 110.2496 108.2094 109.3135 109.5806 108.5283 106.6736 106.4836 107.7596 114.7782 115.8421 113.3434 112.0310 112.9711 111.2194 109.0598 106.8485 107.9635 112.0699 113.2651 109.9026 112.0730 112.3332 109.8539 111.6241 111.6922 109.8250 108.7429 116.2300
113.5000 114.0900 115.9400 115.9400 111.4700 111.4700 115.6200 114.0800 114.0800 113.0200 109.3000 111.7600 109.3700 107.3100 107.8000 110.0300 110.8600 107.5600 107.1600 106.8200 115.9400 115.9200 115.2700 111.8600 114.9100 113.6300 107.6000 108.8800 107.7700 114.1800 110.4300 111.4200 111.4200 112.5100 111.0300 111.4400 113.5000 113.3800 110.0700 109.6700
