96.4700 96.4700 94.6600 95.2900 94.3400 96.1600 96.8700 97.6500 98.9800 100.1900 100.8600 101.3500 103.1800 103.8600 103.2300 105.5700 105.8100 106.3800 106.3800 105.6800 106.3800 106.0300 105.8300 106.5400 111.0000 112.0300 111.2700 110.4600 113.3400 114.5200 116.4500 117.2600 117.6800 118.6600 117.1300 117.1500 116.5900 115.9900 114.9500 114.6400
96.1300 95.0175 93.8184 94.0654 93.7305 94.5742 95.5118 97.0544 98.0223 98.8448 99.8274 100.7310 101.4324 103.5497 104.3896 105.2535 105.7200 105.2778 106.3333 106.1764 106.5410 106.1415 106.2577 106.5730 107.4995 111.3415 108.2889 111.4193 113.2224 114.6303 115.7763 116.8378 118.3651 117.8670 117.3125 117.3592 116.6274 118.2743 115.9172 114.6000
91.6800 91.9614 91.8489 91.8601 91.6539 91.9871 94.6487 95.6323 96.7649 97.9969 98.9221 99.9803 100.9894 103.2309 104.0171 104.3925 105.1959 105.2916 106.2581 106.2994 106.4210 106.0952 106.6331 106.3940 107.4329 108.7425 110.1937 111.5294 112.8803 114.6591 115.7376 117.0552 118.3101 118.2263 117.5250 117.5213 116.4297 117.9702 115.0217 115.0700
90.6400 89.1559 88.5252 87.3511 87.6775 89.2601 91.2841 92.9301 95.4176 97.5982 98.8085 99.7417 100.6874 102.1224 104.1662 104.2422 104.8802 105.7504 106.0745 105.5019 106.2212 105.9154 106.4785 106.1786 107.1653 108.4117 109.7794 111.2935 112.7833 114.4023 115.8832 116.8629 117.6644 118.4401 117.7900 117.5961 116.8058 116.1812 115.6168 115.1800
88.1300 86.6977 83.3955 82.0022 82.8540 85.1808 88.6996 91.2407 94.9768 96.7281 98.2097 99.4853 100.4230 101.2181 103.4105 103.7505 103.8765 104.8991 105.7600 104.7274 105.5514 105.7159 105.4781 105.4701 106.8393 108.1997 109.6482 111.1743 112.8344 114.6772 116.1954 117.3760 118.4926 119.4634 118.9365 118.2693 117.3993 116.5128 115.8537 115.4200
83.9400 82.5222 75.8434 75.2750 77.7835 81.4189 86.2856 90.9651 95.2157 96.5270 97.8198 98.9587 100.2928 101.2728 102.4809 103.8302 104.9461 104.7152 105.8149 105.1530 106.4567 106.2445 107.7012 105.2302 106.7408 108.0815 109.4805 111.0024 112.7114 114.1198 116.8476 117.5678 118.1538 119.0041 118.7496 118.0020 117.2758 116.4434 115.7050 115.4100
82.2400 76.2709 67.0695 65.2856 67.3977 78.3147 84.5183 90.0205 93.4415 96.4039 97.9459 99.1439 100.5263 101.1986 102.2833 104.5072 104.9128 104.2869 105.9327 106.0937 107.0174 107.7051 108.5065 105.9272 106.8344 108.0353 109.4194 111.0573 113.9614 114.6568 115.6736 116.4374 116.4862 118.1085 118.0498 117.2260 116.9586 116.1423 115.5423 115.1500
82.2500 73.2730 65.1978 61.2115 65.3009 77.9680 84.5777 89.1757 92.2994 96.2745 98.4696 99.1037 100.6694 101.3405 102.1178 104.2918 104.4945 104.5432 105.8949 106.6518 106.1047 105.9593 107.1838 106.5680 106.9182 108.0667 109.3251 110.8421 115.5927 115.4575 116.5328 117.5311 116.7754 118.0648 118.1415 117.5246 116.9173 116.1240 115.5677 115.1500
83.1700 77.7782 68.5019 65.7678 70.4488 79.2190 85.4527 89.7903 93.6017 95.9926 97.6518 99.1126 100.3750 101.3584 102.2832 103.4742 103.9081 106.6406 106.0977 106.6277 106.9450 106.6782 106.4416 106.9281 107.1570 108.1102 108.9811 112.6121 114.4037 115.3012 113.2958 112.7463 116.8532 118.2668 117.8274 117.3784 116.9276 116.1466 115.6635 115.2700
88.7300 83.0915 78.0113 77.1900 79.1608 85.1910 87.2364 91.1208 93.9384 96.7782 97.8280 99.6971 100.3695 101.1369 102.1667 104.7640 105.7788 106.7073 106.0510 106.6612 106.6740 107.2051 106.8143 107.0035 105.9276 108.4429 109.0127 114.1616 114.8366 115.7688 116.7575 115.7639 116.1637 117.7229 117.7855 117.1732 116.6142 115.9112 115.5492 115.0700
93.1200 87.3688 84.7355 84.3986 85.2243 87.7400 89.4902 93.7570 95.8693 97.0349 98.8822 99.7389 100.8769 101.7080 102.9435 104.5823 105.2393 105.7777 106.2446 107.2478 107.7273 111.0685 107.1497 106.2325 107.0651 108.6179 107.8740 114.3167 114.0401 115.9364 116.4615 116.7986 116.3658 119.3152 118.7547 118.2160 117.1708 116.3901 115.8812 115.3700
92.2300 90.6980 89.1187 88.8670 90.0128 90.8915 93.0983 95.6765 96.5496 98.6864 99.5653 100.5804 101.3720 102.0089 102.7176 104.0910 105.1510 105.6589 105.6265 106.9807 108.0201 110.1469 106.2104 106.3286 109.6333 110.3728 113.1133 110.4375 116.3061 116.2448 115.5710 116.4116 116.4938 118.2347 118.2317 114.3906 115.0439 116.2332 115.6597 115.2400
94.9500 93.7630 93.6353 93.7087 93.8694 93.9731 94.9714 96.8221 97.9888 99.3176 100.4378 100.7192 101.5973 102.4089 105.5234 110.4402 105.9856 105.1583 105.8587 107.3694 109.3859 106.4412 106.7786 107.1842 109.3120 114.1243 114.6827 110.6831 115.1377 116.8862 117.6507 117.2521 115.8512 117.6401 118.3191 114.9272 112.4025 115.2515 115.3190 115.2100
96.9500 96.1021 96.2089 96.1254 96.2947 96.4845 97.0082 97.9889 99.3255 100.2308 100.9840 101.4673 102.1501 103.0521 104.4167 105.5582 104.5513 105.3090 107.0339 107.6265 105.5610 107.7670 106.9411 107.7543 108.5850 112.3059 112.3482 111.3175 112.4811 111.8310 115.4871 112.5658 113.8412 118.5184 117.7712 118.3763 115.0161 113.2942 113.5605 116.5900
98.4800 98.0143 98.2626 98.1941 98.0546 99.0095 98.4974 99.4251 100.3873 100.8256 101.8678 102.3656 102.7298 103.5438 104.1103 104.1255 106.1364 106.1844 106.5954 105.6419 107.4114 106.9708 108.0673 108.5199 107.5753 111.0235 112.7416 112.0919 108.1493 111.3128 113.2773 108.9597 113.5806 116.4349 118.6936 116.5195 113.8775 114.0197 113.5660 112.0500
100.2000 99.6326 99.4530 99.1780 99.4403 99.9077 100.0349 100.7935 101.2198 101.6214 102.3442 102.5551 103.4390 103.4476 105.5686 105.0901 105.7881 106.6714 106.9502 106.5306 107.7743 110.3837 108.4420 107.9450 107.7740 106.9635 111.2774 108.9083 108.1321 113.1172 116.8059 110.3615 108.9256 109.9173 115.1401 115.1868 111.1725 111.7732 112.7803 113.3900
101.3500 100.7072 100.7586 100.3654 100.5752 100.9122 100.9081 101.5200 101.7817 102.3620 102.5918 104.6081 104.0559 104.8850 105.3209 104.9892 106.2414 106.7581 107.3748 106.7249 107.2706 109.7138 108.7434 108.2809 110.8507 106.2036 111.3138 107.7034 109.3648 112.8279 115.8109 112.4861 108.6794 109.1429 114.8440 111.4073 111.0419 111.5497 116.4155 116.3700
101.9200 101.6396 101.7403 101.3840 101.5672 101.8432 101.7781 102.1422 102.1514 103.0930 103.1725 103.8883 104.0931 105.8099 105.0418 105.0528 106.8540 106.8153 107.2344 106.9816 107.5644 107.1224 108.4257 108.6278 109.6221 112.1921 116.9500 108.6001 111.6442 114.0433 113.4943 117.8170 109.2882 109.2371 109.7713 110.6773 117.0253 115.0320 115.0738 113.1900
102.3900 102.3794 101.9895 102.0065 102.1723 102.3168 102.8172 102.3100 103.4624 105.5208 103.7600 103.9053 104.1085 105.4643 105.5660 106.7960 106.8366 107.0361 107.2080 106.5679 107.2929 107.4003 109.1121 107.8444 108.6149 109.1107 112.1057 108.3927 115.7998 117.4491 114.3620 115.9520 108.6851 107.1430 109.3221 111.8346 112.1160 113.6522 115.7977 116.0500
103.2900 103.4172 106.3917 103.0109 105.1746 102.8572 104.8901 106.0203 108.2262 109.9766 105.3032 104.3770 105.9823 106.4745 105.8524 107.1059 107.0160 107.3700 106.9371 107.4162 107.9348 107.9601 108.8940 109.0162 108.4585 113.0762 109.5184 112.4931 115.4612 117.2008 112.1879 112.3396 109.9931 111.9299 119.8313 115.5438 112.3141 111.4400 112.1517 115.5400
105.6400 105.5651 107.6874 104.3201 109.3896 109.7029 104.8039 105.4323 107.6731 105.7278 105.4682 104.9460 106.2345 105.8571 105.3524 107.6540 107.1291 106.6808 107.2754 107.7682 107.0483 108.3319 107.5720 108.6567 107.8855 109.1222 108.8311 112.8835 112.0272 109.8985 111.8286 107.4594 109.4789 118.9468 115.3619 116.7113 118.0817 117.0303 112.7261 113.6000
106.0900 105.6102 105.7747 107.3341 103.9435 103.8900 105.7605 105.6864 108.4851 105.6030 107.2270 105.8181 106.3296 106.7479 107.2612 107.8447 107.7667 106.9541 106.8890 107.8002 106.9717 107.6782 109.2300 108.8710 109.7401 109.4261 109.1110 111.9156 111.8785 112.6674 113.8915 109.6436 112.5793 119.1501 116.1751 118.4767 117.6848 116.6643 114.6739 111.9600
106.2800 106.3043 106.3458 108.3979 105.3601 105.2897 107.0756 106.5763 107.8756 105.4651 106.3823 105.3448 107.6224 107.5325 107.6111 107.5090 107.5755 107.3397 107.4796 107.9915 107.8741 108.2051 109.8124 109.7164 109.4544 111.1499 111.0454 109.1998 111.6122 114.3349 116.5008 116.1124 114.8539 115.7887 110.8334 114.5962 117.0340 114.2767 110.1343 112.7200
105.7100 105.8135 106.4512 109.7495 111.0551 107.3771 105.6220 106.8467 108.6053 107.3489 107.0525 106.0505 106.7205 107.4981 109.0717 107.0669 107.1147 107.2871 107.8924 107.3435 107.8800 108.5355 109.5187 115.6314 113.4298 110.7653 113.6285 111.2676 111.3999 111.3851 116.7017 117.5518 113.9490 116.0129 113.9482 113.5660 117.1157 114.4992 110.0206 111.7000
105.6400 105.9901 105.9155 108.4330 112.0575 107.6967 107.4535 106.8466 106.5506 110.7355 109.6050 107.1587 110.3213 107.5518 107.8110 107.4672 107.7077 108.7512 109.2396 107.9855 110.0082 110.5743 107.8825 110.7666 112.8022 114.6395 110.5193 107.9847 112.1987 111.3175 115.6177 116.5734 116.2788 114.8681 112.5733 111.1687 111.7601 114.8009 112.1859 109.6900
105.3300 106.8458 111.2588 105.3268 106.1608 109.0176 110.0295 106.1370 107.8437 113.2939 106.2926 110.1172 107.1795 112.2522 110.2134 109.2719 108.5958 107.8196 108.3465 108.8763 111.8220 114.2589 111.4734 110.6611 108.1915 112.5437 115.6743 114.4542 112.8418 113.5691 112.0893 116.8245 113.1248 113.7724 111.2296 109.1453 112.4990 112.6020 110.6274 109.6900
105.4900 109.8425 108.5343 112.7890 112.3041 107.8915 109.3433 107.6582 107.2740 110.1260 112.6486 108.3518 109.7458 113.2853 113.8804 108.3819 110.7792 108.5129 108.2770 108.5211 107.8264 108.7225 110.6618 114.6936 112.8854 113.8171 113.2056 115.4535 116.3568 116.8776 113.9375 112.7399 108.1904 113.9903 115.5317 113.7290 110.6775 113.1456 113.4543 110.6400
112.8500 106.6365 109.9904 112.2399 108.5314 107.0578 107.6210 108.4472 107.4633 107.1976 113.2485 108.9774 113.3509 113.9549 114.7718 113.2151 108.8134 106.9912 108.0668 108.3172 109.1176 109.0015 109.7370 113.5814 112.0230 113.1229 109.6538 115.1814 114.7748 115.6813 114.8445 113.2549 113.9562 112.2132 114.3730 113.8409 112.5640 111.8856 111.3289 110.3300
112.8500 106.4233 108.9181 113.2375 110.1338 107.2310 108.5236 111.6158 109.7911 107.6301 114.8461 108.3001 109.7529 111.8433 113.8299 115.0657 110.9349 113.0595 112.8799 111.8278 112.9409 109.0774 109.9831 110.8121 111.8354 112.6081 113.3866 111.4541 114.9265 117.2591 115.3761 110.9980 115.1438 117.1938 115.3077 109.3263 111.7017 112.9245 110.4880 110.3400
106.4700 107.2298 111.3643 111.9543 110.4472 108.0314 108.5805 109.3083 107.0912 107.9543 112.4351 109.4650 112.8867 112.5752 114.2534 110.7544 108.9610 115.1059 113.5952 113.3302 109.2399 115.4390 109.1199 109.8814 110.6065 113.1671 114.0701 109.5889 113.7156 115.3401 116.7940 116.4995 109.6193 112.5201 110.3943 109.5485 108.9854 111.8934 111.6255 109.4400
105.0600 107.8919 111.2028 109.4776 108.0907 109.4686 109.4947 109.7647 114.2008 112.1363 112.6044 113.9133 113.5029 114.9608 113.3177 111.4711 116.7181 115.3011 113.2323 114.1411 115.9823 116.2009 112.5243 110.1464 110.6960 112.4148 112.7024 110.0017 114.7526 112.2992 115.9569 115.4051 113.8325 109.0975 111.2582 109.4344 109.4923 110.7429 110.1013 110.1400
108.0800 107.8779 107.7920 106.6562 109.6630 110.1000 112.4393 114.7335 110.3418 107.4858 108.4118 113.3875 110.5031 116.4614 113.0417 112.1480 115.4287 116.5306 114.2973 114.5612 112.6607 115.5704 114.9066 111.1389 110.4438 112.6067 112.9671 111.5561 113.5564 113.1321 115.6714 113.7133 116.2342 111.8998 109.6425 109.9572 111.2447 110.1583 110.2047 110.6700
111.5500 110.0425 111.2863 111.0213 111.4962 110.0718 111.5071 110.8695 109.3132 107.0090 114.7711 114.7413 114.3039 110.9499 112.5334 113.3025 115.0645 116.5135 113.9545 115.2470 114.2207 117.5506 115.4409 112.5416 110.2194 109.8236 108.9226 109.3587 109.9159 113.1368 117.4083 114.6000 110.9441 115.4298 110.3696 108.1911 110.1445 109.8000 111.2573 109.6000
112.0300 111.6465 112.6570 112.1441 108.9557 109.6374 109.9901 109.5504 109.1986 109.7817 115.6273 116.2210 116.6164 111.9950 115.9760 115.8288 115.9114 111.7217 116.5657 115.3362 115.8620 116.4816 116.9084 114.8564 109.8655 110.7169 109.3881 109.7141 108.7934 109.8088 112.4628 113.3251 113.4224 109.6755 110.3967 112.2520 111.6327 111.4429 113.8659 113.8600
115.5200 110.4663 113.1960 113.0407 109.0656 109.6370 110.9738 113.4239 112.9213 112.8734 111.3433 115.1342 115.4847 116.3592 110.8420 113.7003 117.3781 112.6241 115.2018 115.3344 115.8487 115.6009 118.1842 113.2034 110.3862 109.7622 110.0823 110.4798 109.5274 109.6931 111.2998 109.0781 112.1126 111.1906 112.3594 111.5115 110.4014 110.8899 110.3818 112.0400
115.5200 114.2134 109.8649 112.2296 109.0466 110.4399 109.8091 109.2024 107.7307 109.6389 110.6950 117.3394 115.3865 113.7283 113.9102 111.7952 117.3690 117.6424 114.2519 116.2557 116.9967 117.1632 112.8668 111.0710 109.1119 110.1508 109.3837 110.0768 111.3240 109.5167 111.5410 112.1294 111.3747 110.8013 110.1152 111.9277 111.3074 110.6709 109.9615 109.7200
109.9200 110.7170 115.8417 110.8807 107.6591 108.9549 111.9133 110.1719 109.6989 110.6638 109.7741 116.2145 116.4380 108.9354 118.2788 111.5546 114.2235 116.2251 113.7523 114.7516 117.5397 114.4266 112.8308 112.6777 110.8676 110.8792 110.6370 110.7006 110.0003 110.4697 111.5370 110.0597 109.5848 111.7490 112.3621 110.9371 111.2239 111.0189 109.6467 120.1200
111.5200 111.6786 115.1656 117.2125 110.8411 108.6460 109.7016 110.4013 109.1349 110.1739 109.9621 115.0866 116.4444 112.2495 108.8610 108.4919 114.3482 116.4142 114.3004 117.6930 119.4366 118.6449 115.4221 115.0259 112.7195 112.4164 111.0467 110.3701 109.3288 110.4178 109.8375 112.3445 110.9488 111.6053 111.4552 110.1574 110.7225 110.3815 112.7542 119.9900
110.8300 112.0887 114.3829 116.2232 111.3863 110.1025 115.0062 109.6510 109.9949 110.1709 114.6805 113.8973 116.3887 112.2289 111.7053 110.8778 112.0956 112.1325 114.0100 113.4375 119.9254 120.6353 117.1915 117.6328 113.2289 109.1256 109.6430 110.1271 109.2898 109.9996 110.1156 110.5515 111.8024 111.8170 109.8456 109.7463 110.5853 110.0185 110.7573 120.2900
110.8300 112.6800 116.6600 112.5100 110.5500 113.5800 116.1500 110.3100 110.7000 109.8600 115.9600 113.1600 116.8300 113.8900 117.3900 113.5100 108.2800 111.4500 113.3500 111.5500 118.7800 119.9400 108.8200 110.2400 116.5300 109.5700 109.5100 109.8600 109.6700 111.2000 111.2000 110.1900 112.9200 111.2400 111.2400 110.3500 111.4500 110.1200 110.9200 113.2400
