115.5600 109.7700 111.0900 111.0900 109.0400 109.4500 110.1000 113.6000 113.7200 115.8800 115.9600 109.8000 109.5200 109.5200 111.2300 114.5200 113.7500 114.8200 114.8200 113.8500 115.8300 113.7200 117.7700 117.2200 115.0300 117.1800 116.2200 116.6500 116.4800 116.4400 117.8100 119.2800 118.4000 120.0000 119.3900 118.7300 117.9800 117.4200 117.6400 119.0500
108.3200 108.0634 108.9725 111.2846 109.9535 109.5589 109.6868 109.8495 110.4249 111.6155 114.5579 109.0536 110.9563 114.2593 111.1988 115.3919 114.3314 115.3887 112.7970 113.0741 115.9369 113.8977 116.6563 117.6946 114.3274 115.7064 115.2290 115.8002 116.0347 116.5966 117.5931 119.0702 118.2974 119.8090 119.6308 118.6002 118.7953 119.2816 118.0930 117.6700
110.5600 108.3289 108.3376 112.5735 109.3636 109.3501 109.2167 108.3554 113.8968 111.5392 114.5603 109.2201 109.2716 112.0308 114.0346 116.2245 111.6109 112.2710 110.9427 112.7192 114.9321 112.2065 116.1964 116.2697 113.8987 115.0543 113.9346 115.7403 114.8811 117.2308 116.8711 117.4395 118.2678 119.4031 118.8987 118.5823 118.1104 119.7940 118.5328 118.1400
117.0100 112.4238 113.2362 109.7032 108.7014 108.5932 108.3356 109.7219 112.9137 116.4640 111.0388 108.6405 108.8755 108.6157 113.9530 111.9199 108.4735 111.8735 111.1914 111.7118 111.9825 113.4047 116.4735 114.0674 113.1118 113.1352 112.4767 112.8968 112.9163 116.0144 117.5859 116.1693 117.0214 115.9906 115.7608 117.8111 119.0170 119.7159 119.3421 119.2700
115.9000 115.0685 110.9004 109.2573 108.9652 108.3590 108.7078 109.7779 109.1222 114.0099 111.3471 110.3039 108.5566 108.4298 109.7969 115.0953 107.9862 112.2965 111.5231 112.3125 113.3510 109.4185 114.8254 113.2612 112.3048 114.0131 113.1104 111.4832 112.7186 117.2754 114.8696 117.4161 114.6115 115.7401 116.2202 115.0076 119.4915 118.9350 118.9640 118.7500
110.5700 111.5260 109.7064 112.4395 107.3088 108.4756 108.1013 108.6832 109.4320 108.9893 114.8827 114.6953 106.8267 108.6043 108.0182 114.0483 108.0427 106.8102 106.6471 107.4098 108.3823 110.5414 112.2300 112.7276 111.5774 114.5271 115.4630 112.9015 113.4521 115.2729 111.1440 113.9025 112.2937 112.1581 115.8439 117.9423 118.6622 118.3348 117.4577 118.4600
111.5200 110.6429 109.2259 113.9338 110.3855 108.9334 108.2566 108.5121 109.1179 108.4064 112.1767 109.7678 107.8971 108.7477 107.7983 112.8364 107.1232 109.5671 109.3706 106.9817 107.7974 108.4693 112.1137 110.3635 109.2625 112.1622 110.1617 108.5666 115.5487 113.7992 114.4174 116.0140 113.0830 116.1686 113.8605 115.4989 116.7115 117.1136 117.4978 118.4600
111.8400 113.4882 110.8239 111.4880 111.5904 107.4656 107.4099 108.9370 108.8838 108.9558 110.9206 107.9195 107.5843 108.1607 108.2803 108.4348 106.5588 108.6361 108.3282 107.0022 111.5331 107.0873 112.6788 107.7092 110.7012 108.5499 107.9601 112.3007 114.1621 113.6864 114.6587 112.2069 114.1506 113.9224 116.4689 115.4012 114.7141 115.9708 116.5839 117.7400
108.2800 110.9321 110.0232 112.7328 112.8475 110.1133 107.2444 108.7984 108.0984 108.3487 107.6668 108.0744 107.5129 107.2196 107.9169 108.2865 106.2720 106.7602 107.0088 107.3105 106.0808 110.6715 111.8511 110.3192 108.8820 111.8575 108.2746 111.5243 111.3986 114.2014 112.0478 110.8397 111.4769 115.6129 116.6655 116.8198 115.8092 116.9983 116.3372 116.7300
116.0500 112.8845 115.0404 109.6646 108.3904 111.8979 108.4528 108.7770 108.3012 107.2021 106.9087 107.0861 106.6703 107.1529 106.7446 107.6394 106.5613 111.5452 111.0963 106.6468 107.0253 107.5094 108.3765 107.4074 110.6375 113.7300 108.1062 110.8329 112.5974 112.6247 108.5576 109.0904 114.2136 112.2449 109.1926 111.9026 116.5924 113.4381 114.5936 115.6500
117.5000 115.6608 114.6019 113.6650 108.9697 108.9469 107.3160 107.3561 107.0287 108.3242 107.9087 106.3966 106.1714 106.9149 107.5241 107.2894 107.0816 112.5638 111.4274 107.4215 106.8198 106.6248 107.3966 106.6140 108.5540 108.3764 108.4344 110.3061 110.4201 108.8751 108.1496 109.7491 114.8058 108.1529 109.1880 109.7279 112.6807 112.1658 113.9133 115.0900
113.5600 112.1565 109.3998 114.1234 110.5677 107.9664 107.7573 106.5719 106.1655 107.2155 106.1656 106.7086 106.2543 106.4434 107.0464 106.8110 106.4267 106.8053 106.6112 105.9175 105.5776 106.8006 107.2933 106.9286 107.4036 112.2555 111.4650 112.6737 108.9649 107.0861 110.2617 113.7674 115.6924 111.7534 110.5345 110.5932 115.0674 114.3096 113.2459 113.4300
113.2300 112.3237 110.1105 111.2156 111.2623 107.8743 108.0137 107.5224 107.8469 106.9903 107.2660 107.0809 106.2018 106.1466 106.8211 106.0417 106.6162 104.6967 104.7943 106.8234 106.3046 106.1313 106.4366 106.3210 105.5099 106.8610 110.5964 113.8954 108.1742 107.0917 111.9214 113.4691 113.3184 113.3245 113.1905 114.2566 113.3103 112.1112 113.9610 114.1200
110.8000 112.0877 110.1494 110.0224 106.4575 107.5193 107.1341 107.6507 106.1701 106.6922 106.8231 105.5444 105.8057 105.6898 104.8556 106.5243 106.6282 105.3130 105.5423 105.0525 104.9798 105.2037 105.5468 105.7328 105.8668 108.5300 108.5614 105.8541 107.2484 109.7785 110.5729 112.1238 109.5340 107.9836 109.9281 113.2523 111.5477 113.7368 112.6432 112.6500
108.7400 110.8207 107.8518 107.1542 106.9495 107.3825 106.2095 106.2461 106.4434 105.8392 105.9269 107.0299 105.7707 106.1241 105.3175 104.2273 106.4129 105.2891 105.4319 104.6379 104.9329 104.2863 106.5017 105.8104 104.9752 105.1826 105.6716 106.6534 107.3382 106.7270 108.3693 106.5429 109.9010 108.8397 108.6232 113.9385 109.4100 113.2532 114.7579 112.9700
106.9700 108.3489 107.2266 107.1676 105.6181 109.9990 106.1223 106.1934 106.8634 106.2831 105.9180 108.0158 104.3823 105.4601 105.4643 105.5152 104.5773 105.1586 105.0148 103.6366 104.7264 104.7203 104.9581 105.2080 104.5984 106.1536 104.3424 105.4134 106.3784 106.4082 106.8253 106.9897 107.6430 107.5551 108.1738 109.6458 109.1775 111.1006 109.6687 108.1900
106.9700 107.4953 106.8144 107.1590 107.1493 109.0148 104.7984 105.3139 105.2537 105.8008 105.1382 104.8087 104.8999 103.3562 104.0614 103.2059 102.8430 102.7908 102.8330 102.9277 103.8625 104.2748 103.3970 104.5996 103.8859 105.9708 105.6479 105.8405 106.1863 105.8483 107.0751 106.6263 107.4439 106.5283 108.2887 107.8216 107.1257 107.1257 107.9142 108.1900
108.1800 107.7681 107.5931 106.9167 105.9657 105.4186 105.6208 104.1049 105.4581 105.8674 103.5339 104.8880 104.6355 103.4123 102.4648 102.0664 102.0735 102.2308 102.1899 102.2298 102.1578 102.3646 102.8949 104.6574 105.2710 105.5576 104.5515 105.6304 105.9481 106.3464 106.5436 106.2813 107.2593 106.0313 107.8886 108.0602 108.6389 108.2736 108.2492 106.7500
108.1800 107.2780 106.2312 106.1175 106.3581 106.0985 106.4274 105.3427 105.4282 104.0164 103.5218 104.4014 101.8619 101.6673 101.8443 101.7044 101.4780 101.4648 101.4034 101.3031 101.6913 101.8351 102.1458 102.3364 103.7284 104.8022 105.9274 106.1612 106.1336 106.1967 105.8481 106.1391 107.2144 107.3058 108.1326 108.3170 107.2316 110.1310 109.0896 107.5700
106.4200 106.6187 106.5727 106.6471 107.0150 105.8654 105.8079 105.3419 103.6138 103.2293 102.7048 102.2968 101.9768 101.0301 101.0164 100.8847 100.5252 100.6758 100.5473 100.2070 100.6222 100.7948 101.4447 101.7692 102.0134 102.6720 103.1551 105.0049 106.1675 105.4988 105.9212 106.4675 106.5883 107.2430 106.2407 106.9464 112.2139 112.8796 111.1440 111.5800
107.3300 106.8620 106.1357 105.8671 105.9395 106.1512 104.0280 105.8398 103.7487 102.7192 102.2751 101.6967 101.1844 100.5750 100.2295 99.5088 99.0856 99.1841 99.1852 98.9595 99.3114 99.9714 101.0128 101.3973 101.7292 101.8982 102.5944 103.3564 103.7146 105.7477 104.6084 104.6487 106.9824 106.9395 110.4451 108.8927 107.1880 108.4225 112.0341 109.7500
106.3800 106.2878 106.3509 106.5869 105.6386 106.3548 104.8570 104.4645 103.1039 102.3027 101.6470 101.0786 100.0170 99.4855 99.1171 98.4896 98.4055 98.1332 98.0225 97.7684 97.9602 98.5555 99.7348 100.6791 101.0472 101.7483 102.5174 102.7544 104.5579 104.9325 105.4557 106.5127 106.4123 105.8032 107.3558 111.4957 105.4584 107.5883 106.5386 108.8300
107.5600 106.8829 106.3012 106.2494 105.8532 105.8076 104.7202 102.9700 102.3801 101.6234 100.8862 100.5164 99.1930 98.1834 97.5128 97.5572 97.5367 96.4929 96.4363 96.6267 96.6602 97.6522 98.4197 99.3396 100.1518 101.1579 101.7698 102.3762 103.1562 104.0961 105.7235 106.6041 105.7553 106.2513 107.0350 107.4985 106.8811 107.2988 107.6771 107.6900
106.7500 106.9026 106.3551 106.6512 105.0306 103.9781 104.7910 102.4526 101.8669 100.6261 100.3456 99.7492 98.5129 97.2644 96.2781 95.0721 94.5291 94.2780 94.5427 95.5561 94.5266 95.9754 97.1735 98.6535 99.5605 100.2228 101.2138 101.8668 102.8713 103.4442 105.2267 105.3294 106.3805 105.7850 106.9922 107.7045 108.2050 107.9589 108.1836 107.2200
105.1500 110.2838 105.8465 105.4648 105.2137 104.6675 103.3758 102.2277 101.2667 100.0395 99.7082 99.2987 97.2061 95.6682 94.1164 92.7707 93.1587 91.9144 91.5529 91.7511 92.5645 93.9917 95.2214 98.0174 99.3099 99.9309 100.9155 101.6427 102.6231 103.5329 105.5347 105.0513 105.8429 106.5618 106.8950 107.5586 107.5073 107.5844 108.3867 107.4900
106.9100 107.1291 106.1187 105.7731 104.5591 106.7199 102.8192 102.1349 101.1480 100.2649 99.7055 98.6052 96.3010 94.8637 92.3523 90.1063 88.8087 86.4387 86.7762 87.5998 90.0173 92.7623 95.0422 96.6531 98.4869 99.4218 100.1745 101.1000 102.3169 102.9996 104.4666 104.4547 106.4850 107.0794 106.2464 107.2639 107.9423 106.2884 107.4352 107.3100
106.5500 106.9190 106.4230 105.9621 104.0916 106.9443 102.5449 101.8519 101.1310 100.1214 98.8376 97.6236 95.8037 93.1860 91.0359 88.8967 85.4413 79.1134 78.0383 85.0252 86.3250 90.4311 94.4528 95.3323 96.9517 98.5349 100.1494 100.9824 102.1696 102.8296 103.3930 103.7643 105.8726 106.2800 105.2788 106.9609 106.9581 108.5945 107.0160 106.0100
105.8600 106.3169 105.6550 105.8476 104.1519 105.0340 102.4392 101.3178 101.2566 99.7334 98.9379 97.4548 95.5144 92.1627 88.2911 84.3326 75.4256 68.3060 70.1601 78.7522 84.1517 88.1556 91.8316 95.1594 96.8894 98.4523 100.1813 100.9360 101.9092 102.8850 103.3465 104.6838 104.8430 106.7195 106.5795 106.7328 107.7577 107.5860 107.9887 107.6200
107.4400 106.6912 106.0266 105.3280 103.9592 104.0319 102.6140 101.7341 101.0603 100.0827 99.0554 97.1932 95.2155 93.1534 90.4827 85.3383 74.5443 65.0266 65.8146 73.0541 81.5632 87.2444 91.0456 94.6875 96.1911 98.0874 100.0706 100.8467 101.8036 102.9081 103.3425 104.7623 104.7047 107.0928 107.0386 106.2078 106.6949 107.8391 108.2415 107.7600
104.7200 106.5218 106.4753 105.1970 105.7832 103.1882 102.6704 101.6215 101.0711 100.1506 99.1234 97.2226 95.2967 93.3791 90.9506 85.9900 77.0254 68.3962 68.4036 74.3380 82.0815 87.5613 91.2586 94.7242 96.2201 98.1400 100.1273 100.8698 101.8140 102.9112 103.4259 104.6528 104.7278 105.6392 107.0834 105.9703 106.9578 107.8455 106.7365 108.0800
106.4400 105.9900 105.8504 106.7797 106.0254 103.4864 102.6269 101.5374 100.9118 100.4106 99.0862 97.7307 95.2852 93.4211 92.7051 86.0051 79.2964 76.0190 76.0999 79.8820 84.6331 89.0423 93.0127 95.6435 97.5141 98.2438 100.2515 100.9934 101.9270 102.8975 103.9765 106.0030 106.4664 106.0180 106.8432 107.5240 106.0455 107.9205 107.6105 108.1700
106.4200 106.2001 105.6710 106.5879 106.4253 104.7014 102.7966 102.1217 101.6835 100.2168 98.8471 97.8791 96.1154 95.8567 94.0912 87.1763 84.7154 82.5289 82.8923 84.8280 87.4484 91.9680 94.9998 96.4878 98.3213 99.0632 100.1609 101.2110 102.1672 102.9426 103.8288 105.8212 105.5305 107.0523 106.4510 107.1946 106.3825 108.3740 107.7517 108.5800
107.8100 107.3965 105.3875 105.7714 106.4017 104.8360 103.2883 102.7327 101.9173 100.8042 99.9401 98.3294 97.3229 96.4921 95.0161 91.8175 89.9300 88.5936 88.5504 89.0788 92.0332 94.1402 96.1530 97.3404 98.6398 99.4796 100.5810 101.7097 102.1858 103.6400 104.0417 105.4179 105.2641 106.6958 106.0356 105.9491 107.1441 108.1389 107.9768 107.5400
107.8100 107.7343 106.5549 106.3542 105.5861 104.0752 103.5486 102.9183 102.1885 101.4092 100.4250 99.7122 98.3755 96.9120 95.6925 93.9329 92.8855 93.1668 93.2714 93.2046 94.5703 95.7009 97.3001 98.5515 99.1787 100.0480 101.0798 101.8545 102.4836 103.5857 105.6728 106.0457 105.7880 105.3121 109.6550 105.9992 107.2716 107.4296 109.2986 108.4600
107.8600 106.6750 107.4906 105.8888 106.1870 105.1265 103.6670 103.2378 102.4538 101.8702 100.7785 100.2076 99.4501 98.2900 98.1724 96.6482 95.4963 95.6977 95.7258 95.9654 96.6227 97.7497 98.4529 99.3907 100.2286 100.8575 101.5224 102.3121 102.8819 103.3966 104.6708 105.2342 106.7602 106.2799 106.7557 106.9299 111.8264 107.4788 108.7214 108.4000
107.8900 106.3197 106.6845 105.5883 107.1225 105.9330 104.3049 103.4906 102.8116 102.3700 101.3327 100.5799 100.0615 98.9337 98.9973 98.3009 98.1619 97.6175 97.5139 97.8005 98.2900 99.0311 99.1916 99.9161 100.5711 101.3137 102.0269 102.7043 103.2539 103.7461 105.9744 104.6598 106.0118 106.3878 106.2548 107.1612 107.2513 110.5043 107.5022 108.9500
107.0500 106.2017 106.2148 106.2733 106.9037 104.9005 104.7848 103.4385 103.1713 102.7139 102.1088 101.2929 101.0523 100.5920 100.1002 99.1106 99.2776 99.1873 99.2342 98.7457 99.5831 100.1650 100.2798 100.8763 101.4223 102.0930 102.6202 103.0397 104.1400 104.3806 106.2090 106.0121 105.8189 105.4666 106.0268 108.6881 107.4303 108.4276 109.0458 110.6900
107.5300 107.2955 105.7902 106.1489 107.4502 104.7878 106.6987 105.5551 103.7109 103.2006 102.6939 102.0682 101.6449 101.3398 101.0431 100.3990 100.2352 100.2237 100.2677 100.4946 100.6802 100.9336 101.4127 101.6086 102.2412 102.7585 103.1213 103.3760 105.7189 105.5136 106.4239 106.6979 106.1536 107.1431 105.9042 110.3755 110.6082 108.4658 109.1006 106.9600
107.4500 107.3668 106.9642 105.9835 105.8425 105.3176 104.7503 106.7997 105.5001 103.4269 103.2126 102.7136 102.2514 102.0325 101.9480 101.7003 101.4358 101.3068 101.2953 101.4614 101.6637 101.9029 102.2176 102.5247 102.8191 103.0878 104.2189 105.8633 106.5034 106.7933 107.0206 106.3375 106.7568 106.7994 109.3023 108.3875 109.0254 113.7304 112.4240 113.2300
106.9300 106.9800 107.0200 106.5400 106.5400 105.7100 106.0700 105.8200 106.3600 105.1900 105.1900 103.2200 102.8800 102.1900 102.5300 102.1500 102.2600 102.1000 101.4700 102.1400 102.1300 102.4400 102.5000 102.8200 103.3200 103.5800 103.9100 106.5800 106.5800 107.0700 107.0700 105.4700 107.7500 106.8400 106.8700 112.9200 108.6700 113.7400 114.6100 107.4700
