112.8500 111.4800 111.4800 108.8900 108.3900 110.3300 109.9400 109.0500 110.0200 108.9400 109.7200 109.7200 108.8000 110.0300 110.1300 109.0400 110.1900 108.8900 108.8800 108.8800 112.5200 114.0200 113.9000 113.9000 113.7100 110.6000 115.2400 111.4500 112.9900 110.3100 111.1700 114.1700 113.9400 113.7000 112.1100 113.4100 113.1900 113.0000 112.8900 112.8500
112.6800 110.9409 111.1069 108.4636 108.6379 112.1666 108.8461 111.1470 111.7228 108.6144 109.1939 109.1603 110.1184 112.7016 110.5458 108.9902 109.7419 110.9571 112.2213 114.1024 112.5652 112.7314 111.1154 110.9758 114.2488 112.0868 110.6217 110.6640 111.6588 111.4949 114.4225 112.9478 114.3889 113.5252 111.4557 111.7229 114.1082 111.2809 112.3769 113.0500
111.6200 109.8025 109.9187 111.5000 109.3736 110.0804 110.2586 114.5473 109.0717 109.0995 109.4977 110.2192 111.2768 111.2288 110.8878 108.9777 110.0919 109.5118 115.5459 117.5454 109.8078 113.2251 112.4825 109.7712 112.5945 110.9351 109.8216 109.8258 109.0709 111.6891 112.6105 114.1635 114.8247 113.3524 112.3549 110.7879 109.9282 110.5954 110.0285 110.5900
110.0000 110.9112 113.1154 113.9187 109.9061 110.1013 110.1824 112.8646 112.4514 108.1993 108.7440 108.0363 110.9511 108.5775 110.8105 109.6200 110.0120 110.1050 119.5014 114.0490 110.1228 114.3987 112.4958 112.3170 114.7358 109.4793 109.3242 112.5379 110.7361 108.5498 111.2649 110.9707 114.4670 114.5106 110.4931 109.2557 109.8559 111.6207 111.6375 110.7400
117.2500 115.3994 112.0770 110.3769 110.2379 110.6114 107.8988 113.3010 113.6797 110.6138 109.6277 109.2752 110.5881 110.4800 112.9823 109.0822 110.3458 108.5683 116.9011 111.7233 110.6553 111.0145 113.1884 113.5843 112.3146 109.9969 109.8463 111.6869 112.6365 109.4139 111.5527 112.1221 113.3380 112.5557 111.1920 110.2798 111.0790 112.0205 111.6187 110.6500
114.4900 112.2308 110.6150 115.0752 112.3384 108.0113 108.8383 109.9946 110.1878 110.6353 111.7347 110.0211 109.8870 109.5047 108.5557 111.5074 111.8407 113.7102 116.8429 112.2082 110.3471 109.6420 110.3263 110.1387 110.6640 111.2233 110.0319 109.7921 112.5274 110.6863 109.6207 110.6536 112.0085 110.0153 110.8736 115.3917 113.3127 111.9656 110.1421 111.0000
108.2300 108.4966 107.9109 114.0592 110.3248 109.2513 111.4200 110.0462 109.5696 115.4001 113.1419 110.4330 109.8605 111.0497 109.4384 112.1321 109.4628 112.4174 114.8884 117.5038 110.1746 109.1764 109.9182 109.9323 110.2473 111.2187 110.3362 109.8505 109.4864 108.6503 109.0464 108.1625 110.2312 108.8107 107.9327 113.1193 115.3706 111.6785 110.9972 111.0000
115.9200 109.7688 107.4588 114.0322 109.5161 109.0150 109.7892 110.0455 109.5515 114.8295 112.0160 109.0221 109.4139 113.9489 115.4871 113.8575 114.1951 111.7315 115.2773 114.7288 109.7408 110.0643 111.0519 108.4997 109.5906 111.6908 108.3934 109.0789 110.2370 109.6436 109.9115 109.3843 108.8519 109.1125 110.0237 112.5857 112.2530 110.1225 111.1733 109.4300
115.9200 111.8290 110.7021 113.3215 109.5573 109.6257 109.5258 109.9037 109.6536 114.0883 114.2193 110.3933 109.0914 109.4200 115.8061 110.4811 112.5827 111.8958 114.6392 111.8364 110.1922 109.2084 110.3667 110.2873 108.5659 108.5795 109.1731 109.3825 109.6561 109.2035 109.1463 109.9191 109.2595 109.3764 109.0638 110.4310 110.9904 110.5405 110.5770 109.8500
109.7200 111.4958 109.3016 109.7355 109.6041 108.9076 109.3215 109.3078 109.0404 113.8785 112.3692 109.1731 111.7700 109.9903 111.1436 109.9594 110.1654 109.4915 109.8723 109.7425 109.0040 109.0955 108.1609 107.9750 108.6825 109.5352 111.6798 109.7028 109.1532 112.5406 108.5430 110.3913 109.1976 109.3278 108.8898 109.8785 110.7389 110.3725 110.3445 110.3400
109.5000 114.0809 109.7190 109.6485 109.4414 109.4707 109.5561 109.1660 108.6532 109.1707 109.2378 109.5609 111.9608 109.5305 109.9077 109.8313 109.4857 110.1420 109.2141 109.6196 109.9853 110.0855 114.0785 110.7033 109.0614 108.2819 110.6883 117.4127 108.2986 111.8146 110.4485 108.7769 109.7774 109.9131 109.6078 109.8487 110.5687 110.6874 111.8136 111.5800
109.3200 109.3199 108.8909 111.7743 108.7930 109.0891 109.1421 107.9437 108.1882 109.1553 109.1669 109.5223 110.9016 109.4599 109.6247 109.4940 109.6197 109.2033 109.9863 109.3630 109.8334 111.2374 112.4857 110.8065 108.3777 108.5279 109.0467 109.0386 109.5909 112.6345 109.7715 110.0540 110.2658 109.5367 110.0032 110.3183 109.7824 109.4406 109.4070 109.5800
109.0900 108.9293 108.4062 107.7062 107.4180 108.3572 108.8840 108.5246 107.5053 109.0405 109.2350 109.2065 109.0614 109.4183 109.4007 109.4782 109.5925 109.7382 108.7667 109.6860 109.9285 109.5133 112.5615 113.8009 111.5810 110.6506 109.7088 110.1881 113.4709 107.6330 109.1942 109.5433 109.7852 109.9606 111.3866 111.5113 111.8916 111.0488 109.5091 109.5600
108.3900 108.1925 107.9672 108.1344 107.6881 107.3529 108.3643 108.2571 107.2421 109.3391 106.9395 108.7461 108.3519 109.1703 108.8150 108.5774 109.3819 109.5481 108.8000 109.6511 109.1587 116.1753 110.1579 115.8013 117.1700 111.7437 117.2756 108.7567 109.1421 109.1243 109.4722 111.0540 109.0859 109.0224 109.9833 109.9715 111.0487 111.6526 113.0268 109.5000
113.4100 107.6467 108.3246 108.1611 108.1122 107.1214 107.2066 107.2215 107.1931 107.7058 107.9156 108.0335 108.8915 108.8805 108.5570 108.6398 109.3729 109.4683 109.5478 109.4709 111.0541 113.7143 113.4328 115.7434 113.1839 112.6722 116.2449 110.3674 107.5152 111.2138 110.0667 110.5801 109.5735 108.7893 109.9714 110.1145 110.4210 111.8489 112.4322 110.6500
108.4000 107.1885 108.5292 108.0229 108.1901 107.0060 108.1749 107.0889 108.0524 108.0698 107.3341 107.5410 108.6198 108.3757 108.2997 109.0242 109.0363 109.4737 108.1661 110.1257 112.6862 110.1305 115.3599 111.9580 109.6872 110.9630 115.9685 113.4633 111.2819 116.0725 113.0175 109.9072 109.4629 109.3854 111.5217 109.0743 110.4507 110.0284 111.2287 110.6500
108.0700 107.1155 107.2046 107.8991 107.9281 106.7815 108.3642 106.9681 107.8902 107.3114 107.6146 106.8539 108.5933 107.8033 108.3659 107.6198 108.8267 108.5128 108.7553 108.3772 112.4962 107.2341 115.1692 109.1706 108.3333 110.6133 114.5353 112.8105 112.9865 111.8389 110.4368 111.1480 108.9219 111.3133 109.9626 109.0146 108.9921 109.1787 109.3478 109.1000
106.8900 107.0411 105.9251 106.9457 107.6603 107.3447 106.7758 107.6897 107.7592 106.7641 107.0869 107.8599 108.0857 107.6563 108.1662 108.1823 108.2313 109.1015 113.3048 113.8384 112.8510 108.2468 111.0484 110.3110 112.5435 109.0625 109.0538 110.3346 113.7817 109.5526 111.5354 110.5219 110.0348 109.5846 111.8852 110.5424 112.2538 111.1108 109.7475 113.3300
107.4900 106.9169 106.9465 107.5145 107.5989 107.0036 106.3227 106.7927 105.9197 107.0246 107.3912 107.9937 107.9215 107.5731 107.4566 108.1224 108.4186 109.2870 112.5340 114.3405 110.2344 109.1899 109.4438 112.8747 109.0967 108.9258 110.1533 109.7611 114.1619 111.6670 113.3499 113.9461 108.8146 109.2484 112.2025 110.4096 111.0624 110.0660 109.9079 110.1600
107.1400 106.8134 107.3749 107.2309 107.1894 106.8759 106.9991 105.9066 105.8796 107.2523 106.6315 107.3006 106.9546 106.7124 107.4775 107.1464 107.7170 109.1825 106.4083 111.1535 108.5152 108.9518 108.9456 107.9936 108.1307 109.0442 109.2097 109.4891 110.1316 110.0202 111.8063 109.9432 108.9982 109.6493 110.9309 114.9070 112.3679 117.4051 113.3477 114.7400
106.8800 105.4549 106.6249 106.0426 106.3547 105.0606 105.6106 106.6719 106.6382 106.5313 106.2961 107.2354 107.0443 107.1599 107.5236 107.1894 107.6252 107.3831 107.6729 107.6929 108.0093 108.9146 109.0739 109.4332 109.2177 107.6233 108.8822 109.5296 112.0832 110.1528 109.1297 110.8215 111.8330 112.2624 113.2613 113.7777 115.2959 117.3905 114.6772 116.7600
104.7400 104.6036 105.0184 106.1718 104.4351 105.3415 105.4183 105.7589 105.2303 106.4154 106.8754 106.3422 107.2630 106.4723 106.1240 107.0041 106.7504 106.6150 107.3969 107.1535 108.4247 108.7236 108.3982 108.7400 109.5201 109.6571 109.7795 109.3392 109.0681 109.4881 110.1618 112.7321 110.2069 115.8890 116.2183 113.7987 117.3051 113.8861 109.8728 111.1200
105.7000 104.5632 104.3736 105.7037 104.6820 104.0873 105.1639 105.3017 105.9107 105.6112 106.6561 104.6384 106.1365 106.1075 105.6135 105.1495 106.5595 106.6284 107.0141 106.7539 107.9061 108.4712 108.7411 108.6368 108.9624 109.1031 109.5588 108.9829 109.6963 109.2188 116.3057 112.7340 112.3420 116.0043 114.9657 114.8169 117.9692 117.0868 112.4410 110.7700
104.0000 104.5811 103.2838 103.8796 103.6838 103.2357 104.6908 104.5787 104.4903 103.9867 105.2066 104.7776 105.9577 105.7329 104.9950 105.7283 105.1508 106.6579 106.1153 106.5496 107.5485 107.9628 108.6324 107.5800 109.0352 109.3973 109.1764 109.3544 110.4552 111.6751 110.6086 113.0128 112.8725 115.7897 113.9202 115.7177 113.9784 113.2010 114.0449 108.4500
103.2400 102.6070 102.3812 102.3728 102.3105 102.4472 102.1496 102.2714 103.9290 104.9632 104.9732 104.9493 105.8639 106.4666 105.8292 106.2205 105.6351 107.3123 106.7258 107.1693 107.0733 108.2631 108.3895 108.2024 109.2357 109.2207 108.3254 111.7141 110.5818 114.1287 116.2477 114.7440 114.2152 117.2654 114.4228 113.5180 113.0078 109.4477 112.0420 112.5600
101.7300 102.3256 101.6923 101.7098 101.8169 101.8032 101.7113 102.0518 102.0088 102.3911 103.0903 103.0777 103.7324 105.4610 105.3844 105.8670 106.1296 107.5248 106.9931 107.5543 107.8422 108.1675 108.5759 108.3402 108.4406 108.5931 108.7142 114.5772 113.4822 111.3143 115.1438 116.1094 114.6581 117.6315 115.8411 116.9665 112.4284 114.0604 116.0268 108.9200
101.1000 101.5288 101.2345 101.0808 100.9517 101.2524 100.4499 100.5859 101.0506 101.8030 102.2031 102.6863 103.1483 103.2139 104.9731 105.7213 106.4898 107.2606 106.7770 106.1231 108.0894 107.5283 108.2287 108.2212 108.3224 111.3722 109.1059 115.6476 112.3061 116.2874 115.3795 112.8824 114.0485 115.0669 115.6635 112.4948 114.6625 110.0328 111.1236 115.6500
101.1000 100.7758 100.0541 99.1685 98.4933 100.4174 99.6972 99.9833 99.9504 101.2783 101.4323 102.2556 102.7671 103.3422 104.1202 106.0915 106.6136 105.8684 107.0314 106.3425 107.0534 107.1462 106.7033 106.8268 111.6623 112.0439 109.7342 115.8217 109.4569 110.4874 115.8227 110.8248 108.5244 114.0991 111.9194 112.7225 111.6543 108.7693 111.9735 110.5100
100.5400 100.0544 99.6057 97.0745 98.1036 99.5499 98.2711 99.0707 99.2314 100.3089 101.0783 101.7654 102.1804 102.7858 103.3290 104.1481 104.5737 104.9626 106.5790 107.3533 107.5702 107.8913 107.5073 107.8197 113.5487 114.6786 111.6493 114.7463 114.0557 109.3281 112.4544 110.9952 107.5397 114.1245 110.5058 111.8235 113.4248 108.4042 112.1424 108.6200
99.5900 99.0417 98.1163 97.1972 97.4779 97.0117 96.5363 97.2116 97.6551 98.8703 100.2990 100.9793 101.6781 102.2506 102.9438 103.7703 104.3997 105.7789 106.7097 107.2549 107.3801 107.4855 105.3550 107.0023 112.0514 110.5323 113.9108 112.9975 114.3011 112.3680 111.2098 110.5492 113.5950 110.6987 111.2599 110.8460 114.6448 108.8069 109.4064 109.7400
96.7200 97.0337 96.3435 95.8103 96.0435 95.4567 94.9293 95.7016 97.3118 98.9255 99.1136 99.4835 101.0218 101.6187 102.6004 103.3845 104.8597 105.8657 106.4556 106.7175 105.5784 105.5829 107.7531 107.8839 106.9089 113.7589 111.0670 112.7288 108.9362 109.0273 109.5532 111.4567 109.3803 113.3226 114.4150 116.5613 109.4130 111.7978 113.5787 114.6000
96.2300 94.7879 93.5824 92.3094 92.0988 92.3248 93.7332 95.8195 96.9021 97.9199 98.3091 99.5626 100.2588 101.1502 102.3995 102.9798 103.3456 104.1231 106.3618 106.2615 106.9149 106.4631 106.9851 106.4314 107.1575 107.3211 108.1612 108.7746 111.7301 109.5410 112.3507 109.7267 110.4310 111.6814 112.0862 112.3900 108.5815 110.2886 111.2985 112.1400
93.9500 93.2960 91.0439 89.4913 88.5745 89.1635 91.1724 93.2032 95.1921 96.6070 97.9979 98.7260 100.1768 101.0680 101.9600 102.5816 103.2152 103.5325 106.4454 106.2464 106.1533 107.3834 107.2553 106.3657 108.6012 108.5190 108.8729 109.0483 108.8551 109.0248 109.1793 110.1207 113.4221 111.2180 111.5276 109.3663 110.1404 109.9454 108.4672 108.4600
91.2200 90.8272 88.4048 84.6766 83.7893 85.1776 87.6280 91.0242 94.3775 95.3397 96.8112 98.0020 99.4783 100.6538 101.3989 102.7610 103.0836 104.5949 105.6906 105.9920 107.0039 106.4838 107.0676 107.1662 107.9978 108.5362 108.8123 109.2576 109.1915 111.8322 112.0060 111.9023 114.2439 114.8672 112.4499 111.5285 116.5172 111.4920 108.9190 108.6200
91.5100 87.3283 84.5475 78.7245 77.8577 78.8870 83.9795 88.3596 92.0910 93.7828 96.3592 97.1959 98.7794 100.1744 100.9866 102.3655 102.9975 103.5076 104.7410 106.6117 105.6136 106.6324 105.9501 107.6620 108.3370 108.4855 108.7693 108.6539 109.6975 111.9929 114.7951 111.6947 115.5684 115.1654 114.9139 115.1743 112.4583 112.8356 110.7036 113.0900
91.5100 86.7914 79.6771 70.0167 67.2226 72.6263 83.5755 86.1056 90.1963 92.8671 95.6220 97.0409 98.5802 99.9654 101.2140 102.1820 102.7274 103.4720 104.6103 106.6197 106.3458 106.7113 105.8743 107.2996 107.1695 108.4951 108.7074 108.6713 108.9854 109.2703 111.5237 115.2190 115.1095 113.2524 115.7876 113.3690 111.1399 111.2945 109.5055 111.3800
88.8100 87.5773 77.9149 63.5751 60.2286 67.3533 82.7783 85.8020 90.1715 92.5613 95.1571 96.9833 98.2783 99.9213 101.3065 102.1228 102.6414 103.3538 105.3435 107.0008 106.1834 106.3548 106.5563 107.2219 106.9557 108.6323 108.5604 108.5823 108.9675 109.4454 109.3474 114.2313 116.0023 112.0591 115.3339 115.6895 113.1139 110.9230 109.9508 110.2600
88.3300 86.1871 79.2164 68.2653 65.9456 72.2726 83.9838 85.6906 89.6959 93.5875 95.5941 97.4281 98.7477 100.0183 101.5367 102.3124 102.9443 103.5473 104.7522 105.9225 105.3386 106.1525 105.7902 106.9000 107.4441 107.9722 109.5891 113.9928 110.8325 110.4060 114.3127 115.2699 114.1622 114.4422 112.2533 113.1344 108.5540 110.9029 108.9508 114.1400
92.7300 86.8659 81.2823 77.6441 76.2513 79.3812 83.6021 87.9072 92.4348 94.1672 96.6397 97.5669 99.1440 100.3200 101.2375 102.4283 103.1737 103.7898 104.3868 106.7435 106.8114 106.0679 106.2836 107.7868 107.7456 113.2540 109.9134 113.6900 114.8414 115.1831 112.3634 109.9702 112.1405 112.9542 109.2376 111.1974 111.9319 109.4195 111.2317 112.7900
92.3900 92.3900 83.8200 83.5000 83.6200 81.9400 88.9400 91.9300 93.2700 96.4900 96.4900 98.5400 99.4600 100.9700 101.2400 102.7500 103.2000 103.6200 106.2200 106.8700 106.3500 105.8700 107.8800 108.0400 108.4700 108.6200 108.5800 114.4100 113.5800 115.1700 114.2300 110.8300 113.3700 109.4400 110.3700 111.6000 111.8300 109.2000 111.6000 112.8000
