104.6600 103.2200 102.4000 100.6800 99.6500 98.1700 96.7700 96.3100 91.9000 89.3500 85.8200 81.3800 81.7400 85.8400 88.5600 91.1600 93.3100 95.0700 97.9800 98.9800 99.6700 101.1300 103.2500 105.8300 110.5700 112.2900 114.7700 108.2100 104.4300 103.9300 105.8100 107.0200 114.4500 116.9400 115.0100 117.1600 120.3700 120.6100 121.0800 121.0800
103.9400 104.0639 101.2950 100.2316 99.5897 97.7869 96.9203 94.2269 90.4301 86.4942 81.9614 76.4577 75.2293 80.3535 84.5370 88.3844 91.9634 94.7129 96.9192 98.6885 99.7577 100.8645 101.3787 103.6014 110.5427 114.9600 115.2527 105.6879 104.6437 103.7996 105.3748 107.9150 113.6061 116.3600 113.6913 117.2423 118.3729 120.1100 120.9258 121.0700
102.7000 103.0424 101.7402 100.3469 98.9051 98.3361 95.9189 93.1514 88.6326 83.6960 76.4364 68.4025 66.8226 72.1818 81.6788 86.7334 90.9123 94.0352 96.6944 98.2133 99.5695 100.6887 101.6213 103.0392 109.5565 114.4931 109.7749 106.7990 104.8127 103.8716 105.2255 106.9150 108.6158 110.9307 113.9075 117.1085 120.3664 119.4535 121.0850 121.0600
104.5800 102.2930 101.5806 100.3051 99.0272 97.3369 95.3423 93.3776 89.8247 83.7715 73.4818 62.2372 60.2407 67.6109 81.0169 87.5341 90.7325 93.7862 96.2217 98.0784 99.5082 100.5758 101.9021 103.0302 108.3445 112.5222 109.8851 106.7549 104.9814 103.9960 105.1905 107.0896 109.0071 111.2144 113.8095 117.0368 120.3192 119.8092 121.0227 121.0500
103.9800 102.6127 101.3819 100.3393 99.1782 97.5805 95.3421 93.6481 90.2717 85.2680 77.1693 68.0827 65.7761 71.7045 81.5196 87.5648 91.1576 94.2583 96.4221 98.1929 99.5686 100.6068 101.7916 103.1896 108.7209 112.6621 109.7319 106.6852 104.9146 103.9814 105.2178 107.0920 108.9390 111.1742 113.8672 117.1494 120.2745 120.6521 120.9542 121.0500
102.7400 103.9578 101.5043 100.6448 99.2551 98.0471 96.6426 95.2569 92.1748 88.6387 83.4072 77.8732 77.1981 79.5729 84.6674 89.1110 92.2413 94.8047 96.8285 98.4983 99.8338 101.0996 101.8445 103.7967 109.5528 112.7987 109.3250 106.4456 104.8081 104.0061 105.3798 107.2438 109.1237 111.3815 114.0727 117.4307 120.3532 120.5767 120.9235 121.0500
105.2500 104.2466 101.6197 101.0758 99.6219 98.5379 98.2406 97.0229 94.6329 91.1859 87.2680 84.9849 88.0028 86.0541 88.5182 91.5083 94.2197 95.8257 97.5344 98.9311 100.3160 100.9279 100.2574 105.6233 111.2424 112.4480 108.7854 106.2405 104.5319 104.0847 105.6106 107.4835 109.3697 111.6676 114.4119 117.9263 120.4202 120.6406 120.9693 121.3000
103.2700 103.8581 103.2537 101.3133 100.3068 99.5308 98.3998 97.1935 96.3992 94.7205 91.8919 91.9950 91.2787 90.7579 92.4172 93.8405 95.9748 96.9026 98.4142 99.5352 100.6060 104.1349 105.3905 104.2029 111.8633 111.8450 108.4529 104.1176 104.3630 104.3266 105.9367 107.7747 109.7509 112.0818 114.8564 118.5015 120.4310 120.6873 121.0093 121.3100
103.9900 104.5342 103.2307 101.7475 100.9376 100.2070 99.1966 98.3644 97.3594 96.7128 94.8237 94.9170 92.9274 94.8737 95.9922 96.7740 97.1227 97.9618 99.1703 100.0977 101.7677 102.8131 103.6936 104.9801 111.4371 108.5741 106.5899 103.1644 104.0301 104.3837 106.2690 108.1577 110.2559 112.6185 115.4075 119.1104 120.4071 120.7446 121.0816 121.2600
103.6000 105.2090 102.8578 102.1198 101.6542 100.7114 100.1334 99.3728 98.6456 97.5651 96.8629 96.5075 95.5594 97.0200 97.7293 98.2856 98.5870 98.9992 99.9760 100.4823 102.4853 101.7814 103.0944 107.2508 113.0611 105.4933 105.2064 106.1099 106.0174 107.3880 106.7686 108.6636 110.8353 113.3127 116.2670 119.7461 120.4385 120.8078 121.1268 120.8200
104.4600 104.5532 104.9418 104.0194 101.9574 101.1283 100.9225 100.2978 99.7574 99.1167 98.7365 98.2415 98.0269 97.9587 98.8903 98.9947 99.5935 100.1311 100.8013 101.6125 103.3199 102.7184 105.5267 115.4714 108.6153 103.8588 104.1811 111.2588 113.0986 106.8679 107.4704 109.3997 111.5880 114.0731 117.3261 120.1890 120.5377 120.8883 121.0832 120.5500
106.0200 105.7586 104.4053 104.2711 104.0112 102.5900 101.6200 101.0571 100.6237 100.3318 99.8721 99.8255 99.5800 99.3357 99.8988 100.3236 100.6310 100.9734 101.6682 102.5783 104.9379 103.7969 105.2386 106.4942 107.2763 105.8375 103.3676 108.0285 113.8707 109.6720 108.1707 110.1771 112.4188 114.9896 118.3895 120.4022 120.6558 121.0310 120.9136 120.4800
106.2300 105.2810 104.8314 105.5960 104.8256 103.4670 102.2874 101.8797 101.6090 101.2595 101.0310 100.6488 100.6941 100.9552 101.0856 100.8716 101.1246 103.0222 103.4090 102.6524 105.0094 104.2700 103.4324 107.8255 109.5816 105.2723 104.9928 104.3228 104.4200 108.9286 108.0842 108.5489 113.1646 116.3412 119.1327 120.5128 120.7617 121.0676 120.0099 118.4300
105.6000 106.2838 105.7823 105.9792 105.4858 103.9391 104.1282 102.8136 102.1586 102.0700 101.8512 101.6055 101.6305 101.5586 101.3593 103.3885 103.9721 102.3829 101.0750 100.5389 105.6272 104.9783 104.9797 109.7337 104.8598 105.3558 106.1036 106.5661 105.1801 111.1250 110.7109 110.6339 114.1754 120.3075 119.6622 119.7870 120.3219 121.0365 120.5371 121.7000
106.7100 108.0967 105.9186 104.9877 106.0026 105.3883 104.8124 104.0524 103.7730 102.5890 100.7139 102.5210 102.2945 103.0172 103.2027 104.6144 105.2950 105.6333 104.1077 104.9369 105.6459 106.2036 108.1331 105.6485 106.6541 107.6700 111.4929 110.1987 110.6897 108.8527 109.4582 113.1274 114.6898 119.9022 118.1581 119.6789 121.3416 119.9462 121.9609 121.7400
104.9300 109.0909 106.2211 105.4650 104.8588 105.4387 103.6672 101.7880 105.1923 99.4163 102.2077 103.4240 103.7504 105.1496 104.1421 105.1746 104.3737 103.8812 105.5359 105.4457 106.0876 106.2715 106.6566 107.6347 107.4892 106.7081 108.0616 109.4378 115.1101 107.8259 110.0305 111.2554 116.2182 119.3938 112.6394 117.0774 115.3580 115.1528 115.8839 112.0200
104.9300 103.8539 105.3654 106.5364 106.6047 108.2177 104.1318 104.8533 105.0413 104.8427 101.9804 104.8140 105.1823 105.5616 104.6594 105.0756 104.7278 104.0278 105.2536 105.4540 106.5254 105.5430 105.6806 107.7808 111.2781 106.1874 108.7467 108.4132 114.9498 109.3573 110.8200 109.6966 116.9561 118.0929 110.2391 117.2206 112.4166 109.0822 109.1400 112.0200
105.3800 106.4736 106.7871 107.0699 110.8474 111.2605 110.7807 110.0812 106.7188 105.8102 104.9950 104.2353 105.7037 105.9874 105.1575 105.2093 104.2167 105.8739 105.1569 106.6610 106.4360 106.5864 106.1981 106.5479 109.5530 111.0854 107.9505 110.2947 114.7375 111.1305 116.8402 112.9125 114.6181 119.4028 107.2266 113.0871 118.6891 118.8508 112.5433 110.6300
108.3000 106.5575 106.6532 106.5750 105.3307 105.0148 108.3338 106.4841 108.8078 105.3407 105.6118 104.9017 104.7186 104.8143 104.7002 105.7513 106.7753 105.6545 105.5057 107.2811 105.8601 107.2033 106.7290 106.6939 105.6955 113.9963 113.4322 110.0811 114.9189 114.5377 115.4555 114.3423 116.0705 113.0205 113.6532 116.2840 114.5876 119.9375 110.8045 117.5500
107.5900 106.8797 107.1760 107.8562 106.0066 106.9843 107.1972 107.2474 107.4166 105.8064 105.2290 106.5970 105.7757 110.0820 105.8047 105.3339 106.4126 106.5558 107.0965 106.2915 106.1759 107.8287 107.6498 106.1888 108.1173 114.7399 112.1006 109.1205 110.8977 115.4321 115.4673 115.8885 116.3519 116.5962 107.3660 110.1672 113.4511 120.5571 115.6614 111.5600
107.9600 107.6736 106.2728 106.9179 107.3624 107.3637 107.5187 107.2693 106.2077 106.2582 105.7350 107.3958 107.3993 107.7695 106.9448 105.9788 107.1948 106.1744 108.4914 107.8113 107.3547 107.6693 107.9913 106.7630 108.2790 113.1150 113.0672 108.4241 108.0069 111.4859 110.5940 107.4391 109.9354 109.1053 105.5214 106.0290 116.6603 108.7324 115.2494 119.3300
108.9100 107.4019 111.0255 107.9327 106.8514 107.9618 107.2705 109.7612 108.4493 106.4371 106.4404 107.7540 107.8330 106.4659 111.2154 107.5032 107.2415 106.6581 107.0975 108.3070 108.7741 108.7534 108.3005 107.8328 108.4068 108.7836 112.3214 115.3448 114.6626 109.8041 112.1175 112.5110 112.6832 107.4066 113.1766 115.5269 109.6871 115.5486 113.3905 114.9500
112.6900 113.7188 116.2741 109.8518 107.2424 108.3975 108.4850 111.9226 106.3549 106.8039 108.0733 108.0705 107.2207 113.2046 109.4291 106.6286 108.4507 107.2730 107.6917 107.7621 106.9879 111.8394 108.1278 108.7860 109.0686 110.4063 106.8336 113.5291 116.1506 117.7122 113.8217 115.7076 114.3349 112.0492 112.1278 115.3933 114.4437 117.8406 109.3284 117.0200
108.3400 114.3964 114.3792 108.6243 107.1258 108.3239 110.1323 110.8611 107.4796 107.3181 110.8193 112.2307 109.5602 110.7799 105.3839 107.7917 108.5637 108.4810 112.1305 110.2594 107.9184 110.6914 112.9443 110.6604 108.4155 109.2830 111.6639 115.5032 115.9725 113.0410 115.6925 112.0753 115.1746 115.8001 115.4544 113.9178 115.0238 116.9687 110.3527 109.9100
112.0600 111.5236 105.6451 109.0925 109.4004 107.2171 111.3269 111.9611 109.1867 107.9398 112.3102 113.2182 112.4720 107.5615 112.9773 107.3464 108.4177 110.1263 108.6913 113.8311 108.2009 108.1656 111.1365 111.2729 108.8986 108.7368 112.2604 113.2477 112.1025 109.0322 112.5664 113.3395 113.6156 115.6954 114.7975 114.5414 112.9407 120.3508 117.3641 109.0900
110.8800 114.4284 110.1400 108.5203 112.0736 108.0069 112.0442 111.8629 108.6347 108.0937 110.3522 111.0016 108.9343 109.1110 109.8692 110.4962 107.8860 105.3797 104.1057 105.9939 108.7473 108.4226 109.3370 109.6490 107.2842 111.0052 116.0622 113.5036 110.7799 112.1807 113.7437 112.8760 111.7524 112.8957 109.2903 112.6988 111.8775 115.1173 113.7149 120.4100
109.2500 110.5683 114.6009 114.8894 114.7072 112.0280 108.0630 110.1208 108.5507 107.9041 112.9891 109.1315 108.5199 111.4207 113.3103 113.0058 105.7546 103.3066 104.0646 113.3871 114.7458 108.3755 106.3668 110.7639 110.9811 113.5826 115.5729 116.2839 113.4844 111.7307 114.0170 111.4878 111.7158 117.8912 115.6339 111.0636 112.8272 117.7141 115.8004 116.1700
109.2500 111.3181 111.3300 107.4466 105.4517 111.6748 114.0083 109.7670 109.2337 110.6828 115.5892 110.2637 108.1099 112.5507 107.7233 110.2500 105.2130 103.8067 104.7486 105.5102 114.6892 112.7625 107.5815 110.4108 114.2725 113.6380 113.0673 114.6474 113.9762 111.9338 109.9982 112.2546 111.9035 112.7655 119.5686 114.4393 111.3784 112.8679 111.1997 109.4900
112.4000 111.2204 116.2093 112.9845 106.5275 110.7934 110.7922 106.2194 108.7608 112.7969 115.1225 109.1035 105.7484 112.4296 110.2016 114.5229 105.7058 108.8071 109.4027 109.3544 113.9600 111.8042 109.8443 108.9013 111.0583 114.8583 113.5236 113.4220 112.2548 111.6441 111.6096 110.8309 115.8041 114.7444 109.3216 109.9652 110.1464 109.8064 108.1118 109.2800
110.9500 109.5288 112.1314 109.2987 106.1392 110.9665 110.8114 109.8088 106.4789 109.7223 112.3214 113.9232 114.2942 110.9148 106.6823 113.1841 109.6803 106.9364 108.2798 113.3151 113.4306 113.1969 111.9725 110.2537 110.5477 112.9098 113.9556 113.5885 113.6210 112.7489 110.8727 112.0021 114.9160 111.8811 108.6907 108.8005 110.4447 110.0823 111.2025 109.3000
111.8400 106.8260 110.8286 111.7712 112.7437 109.1278 109.8685 108.7069 109.1560 110.6957 113.3453 114.0720 112.2492 112.8596 108.0956 106.9001 111.0526 109.8771 106.7177 111.1592 115.5918 112.8372 110.1836 112.0657 112.0385 108.6478 116.8272 108.8634 111.4579 115.2470 111.6046 108.9202 110.5725 109.3848 108.8699 109.3234 110.4946 109.6858 108.9783 116.2900
115.8300 115.5594 113.6971 110.6528 113.1999 110.6659 110.0335 109.6512 108.7090 109.1536 111.4365 112.9425 115.4633 109.5783 107.4194 107.4965 114.2440 108.3528 108.1559 109.6960 112.4856 116.0199 111.4350 115.4302 113.3450 110.2345 112.3676 112.2615 111.8294 113.4117 114.2438 109.8059 109.8852 116.4955 109.8766 109.5762 108.9221 110.1753 110.6624 112.8200
115.2100 114.4112 113.7286 108.9278 111.5953 110.9274 113.2833 110.4140 107.9961 111.9936 112.7035 112.0090 111.0400 109.9225 106.3710 108.1606 114.8306 109.0250 109.3878 109.0362 112.2549 116.5774 112.2066 113.5928 113.4595 110.5897 112.7883 112.4108 109.7382 113.8743 113.3497 111.9238 113.5462 112.5878 109.1545 109.2977 109.5806 109.1567 111.4001 113.0500
116.7700 115.1889 113.8868 109.7903 114.0166 114.0366 114.9234 112.5084 109.8877 112.8335 111.8727 110.2015 114.4992 109.6412 111.2341 109.1934 120.8270 109.7885 110.6610 109.4788 112.9133 111.8794 108.0059 113.2321 112.4056 111.8729 111.1537 110.3592 110.1508 109.2970 114.2171 112.2924 114.9129 110.4617 110.7701 110.3378 110.5221 113.4911 111.0462 113.2700
111.6700 112.3319 115.6468 114.3246 115.8323 116.2868 115.2608 109.8589 111.8860 112.5863 113.0166 109.2672 112.9208 113.6919 114.0137 110.8155 119.6687 110.2823 111.5982 110.3499 114.7312 113.2395 110.0025 114.5670 118.1760 113.6902 113.1527 112.0179 112.6795 111.6142 110.9426 109.1154 114.1603 109.0339 111.0165 111.3599 109.3684 112.9463 115.5279 112.6400
116.6900 109.9270 115.1172 115.0316 113.1900 114.4466 115.1470 110.7772 112.2223 113.2103 111.4067 107.9703 107.8231 116.9538 113.4637 110.6090 115.8412 111.0872 113.8269 114.0395 117.0595 111.9048 109.9545 110.1248 111.6856 111.8875 111.8389 111.9441 111.2739 113.8572 109.6629 108.9362 111.8163 109.2064 112.0617 111.6899 109.0204 110.3971 110.5391 112.6400
118.9600 115.9735 117.5988 116.1298 113.8586 114.0811 111.3455 111.8211 112.7904 114.9103 113.0589 108.7439 108.1640 118.0871 115.1075 113.4494 110.6181 111.5152 112.4472 110.1234 113.2759 113.2823 110.7454 109.2678 114.5563 113.1168 113.0818 113.2027 114.5195 115.7347 112.0075 109.3451 109.4583 114.5173 114.4428 116.0461 114.1702 115.5476 109.6442 115.5500
118.9600 118.7226 119.1542 113.8940 114.8421 118.4389 112.2753 112.7976 113.6983 115.8824 116.4743 111.4036 107.4961 122.0595 118.0143 115.5177 111.1905 111.4020 113.7154 115.2724 115.2826 115.0240 114.4213 113.7940 115.3109 118.4807 115.7857 116.4397 108.6764 114.7656 113.6412 116.2899 111.2683 116.0174 111.3863 116.2150 111.5726 111.9998 113.1216 112.1700
114.6500 119.3646 116.4779 114.8073 117.1102 115.7350 112.8480 112.9860 115.8749 117.4528 113.2520 112.7265 109.3925 117.7469 114.8703 118.0727 115.7721 113.3406 112.7401 114.1824 113.4971 115.4708 116.6054 115.6027 113.0876 118.4973 115.7099 117.0013 114.5032 116.8074 114.7015 110.9271 116.3762 118.1442 111.2520 117.0123 110.0320 111.7452 115.3420 113.5000
117.6500 117.6500 109.0800 116.7400 120.3800 119.5000 113.3700 114.0000 117.6600 119.6100 114.8900 113.0200 108.7600 117.4500 116.5000 118.8200 116.4800 113.4700 112.7200 112.3400 112.6600 117.6500 117.6200 115.5800 113.4200 113.4200 117.3700 109.1800 116.8100 117.8100 115.7500 116.0200 116.5200 110.3600 110.8700 118.8200 110.3900 111.5400 111.7800 113.5000
