108.8600 108.8700 108.8700 108.8900 108.8900 109.3800 112.9500 108.8900 108.1500 108.3400 109.0800 109.0800 108.1900 110.4900 110.8700 115.3300 109.5600 112.8700 114.3500 114.6800 114.5900 114.5900 113.8900 113.8400 115.6500 113.2200 113.2200 111.6400 115.9800 115.1300 115.0200 114.6600 112.4000 114.1900 113.8000 113.8000 113.3200 113.1000 112.8800 112.7300
110.0800 108.7319 108.5715 114.8980 108.5885 110.3414 111.1583 109.0593 108.3075 108.5335 109.3035 108.9642 109.6815 109.8473 108.5070 107.6294 109.2880 113.0863 115.5359 114.6193 109.0025 112.4450 114.3546 110.5981 111.8389 111.4913 113.3048 110.1094 114.4181 113.5837 114.5805 114.5410 111.8195 111.5658 114.3748 113.5249 114.6293 113.7009 113.3725 113.0000
108.3100 109.5476 110.8260 115.1699 109.3629 109.6223 109.3499 108.8732 108.4370 108.5712 110.2913 110.9196 110.9050 109.8310 108.9929 114.4883 117.1426 108.9713 112.1140 114.9826 112.9223 111.5852 113.4711 110.5244 109.2043 109.2354 108.7003 110.2937 111.2270 113.7474 116.2380 114.2053 112.9222 112.8849 114.9779 110.8181 111.6370 111.3926 112.6078 113.3100
109.2700 108.5444 109.1684 114.2400 110.8820 109.7076 107.6609 108.8324 109.0453 108.8082 111.2480 111.7109 108.7006 109.2435 111.2977 111.9146 116.1005 109.9720 110.3647 115.2402 111.9685 110.0267 108.1761 107.7209 108.7879 110.0979 109.1157 108.0508 112.3951 111.5579 115.2652 115.5211 113.2926 110.5151 110.4066 109.5542 110.0640 111.1604 111.0420 111.8000
113.2700 112.6340 109.5117 112.9722 110.3820 109.0727 111.5460 109.6524 108.9969 109.0980 108.0279 111.3242 109.6583 107.7383 111.2246 114.0762 113.7168 109.6718 110.2791 111.5244 107.3830 113.7632 110.9947 108.3539 109.8872 111.2699 109.6012 108.7726 112.5772 113.6849 116.7917 112.7654 113.9339 109.0702 111.1759 110.4287 112.7684 110.9329 113.2703 112.0200
111.2000 109.7133 111.3707 115.6029 111.1818 108.4248 112.6074 110.6002 110.3490 109.2078 109.0711 109.1494 111.3229 110.3475 111.1456 114.2993 115.3180 111.0536 110.2093 108.1837 108.4108 112.3344 108.6146 107.9839 110.6299 109.5874 112.4327 107.0641 109.2665 109.6717 113.2847 110.1996 109.0641 112.3598 113.3835 113.4047 111.2006 109.2729 111.1932 112.0200
111.2000 108.9058 108.8037 115.5678 108.9156 109.7165 112.1264 108.8968 109.6948 113.0611 109.3402 109.9020 114.1946 115.2869 112.4259 112.4578 110.9763 116.2796 110.0086 109.5162 109.1597 108.4624 109.7321 111.1955 111.7509 109.8153 111.5573 108.2612 108.5880 108.4342 109.4023 108.1966 109.0117 113.8463 113.8030 115.4893 112.4562 110.3853 111.0735 114.2700
113.4000 107.7377 107.6078 115.2016 113.1342 108.4311 108.9520 109.5866 110.2068 108.3356 110.4340 111.6892 108.1439 115.1076 110.6659 113.4603 115.4605 112.2251 106.4075 109.7938 108.7746 108.0723 108.5603 114.9800 109.6233 109.3968 109.5694 108.1928 109.4722 107.9937 108.3323 108.7916 108.6623 111.2555 113.8829 114.2267 110.2822 110.0385 109.7347 108.7600
114.2600 109.1337 109.6897 114.5723 111.4893 112.9566 110.3559 112.1318 109.0571 109.1078 111.3443 112.4437 111.1401 113.3149 110.8815 113.3053 113.5086 111.8358 109.6540 108.6855 107.0412 107.1092 108.7734 113.2879 109.4216 110.8196 110.2233 109.1978 110.3348 109.5757 108.1586 108.2104 108.5888 107.9292 114.5549 111.5436 107.6347 108.6615 109.8464 111.3500
112.7400 114.3548 112.1624 114.6036 113.4879 110.1593 109.7620 110.0916 108.5750 108.8703 109.6870 111.9137 106.2202 112.1276 113.5851 112.9562 111.7750 110.4317 109.9983 106.6550 107.9797 106.9147 107.0000 109.5109 109.5087 109.6043 108.3634 108.6340 107.6255 109.9511 107.9927 107.3546 109.7811 108.1510 109.5912 110.1505 108.0997 107.9852 108.5667 111.4000
111.7700 110.7733 110.7277 110.2163 111.6937 108.9103 109.3697 108.6465 108.4336 108.4213 110.6320 109.8941 108.0162 108.0162 108.8643 112.0753 114.1684 115.6590 111.1545 113.9206 115.3741 110.1490 111.4597 109.1981 113.7237 115.7398 107.9587 108.6225 110.9665 107.7075 108.9928 110.3151 108.7897 109.3967 111.3546 109.5863 110.8367 112.1777 110.8418 110.1700
111.8900 113.6165 109.0998 109.2494 108.0923 108.0527 108.1578 108.5890 108.5253 107.6741 109.4336 111.3402 106.7920 107.1079 108.7599 107.9491 110.6980 111.6463 109.5928 115.2849 110.6073 112.2024 114.8531 113.2941 110.6985 107.3387 108.4667 108.0792 109.4773 112.4024 112.7233 110.6696 108.3611 109.6621 111.1109 108.6970 109.3480 110.1946 110.3166 108.9800
110.8200 111.6161 109.0667 107.2681 106.7533 108.1536 108.5190 106.8041 107.4232 107.3955 108.6119 108.4913 108.8843 106.4715 107.6792 106.9133 108.2527 114.2665 107.9163 108.1724 111.5352 109.4052 113.8993 109.3481 112.5628 112.3962 108.1327 108.7354 111.2443 110.2638 110.3552 107.5101 107.5854 109.1818 109.1674 109.0686 110.2809 108.8260 111.2989 111.6200
110.2100 110.6384 109.7365 107.3508 107.6207 107.5984 108.2365 106.6111 106.5871 107.5880 107.0132 106.7197 106.3698 107.9263 106.7601 113.8150 107.2234 107.4764 110.4122 106.9265 112.8227 108.5846 111.2017 109.5696 107.2669 113.2324 109.4616 108.8872 107.7580 109.8083 114.0506 107.3487 109.5101 110.7344 109.6744 111.4555 113.8789 109.7224 109.6687 109.1000
107.5500 107.5043 108.7637 107.2030 107.2982 107.6439 106.5086 106.9945 106.0489 106.5230 105.7129 104.7979 106.8045 107.0083 109.4088 106.0492 109.0525 106.3154 111.1696 111.5667 112.2763 107.0270 108.8437 109.7574 109.1861 107.9244 108.8384 108.1049 108.0857 109.7533 109.7257 107.4316 107.8017 109.9954 107.8325 111.3773 115.9131 108.1893 111.0165 112.0500
107.3100 107.6907 106.3347 106.6992 106.2593 106.4537 106.0824 107.3193 106.4563 107.1034 108.4426 109.0283 105.7428 107.0684 106.1939 110.9665 105.5495 106.5583 109.2441 111.2197 107.2976 108.1868 107.5861 110.5820 108.0320 108.3608 108.8895 108.8143 107.7970 107.4366 109.7422 108.3593 107.1731 108.8083 109.2702 112.5476 112.0273 111.1214 113.1493 112.0600
107.0000 107.6119 106.1705 106.2001 107.0135 105.6768 106.1355 105.4603 105.1691 107.0626 106.1373 106.1153 106.5014 106.6436 105.4703 107.9149 106.2938 106.4633 106.1957 107.4546 107.2363 107.6883 108.1723 109.1319 108.3828 108.4592 108.7336 108.5675 110.0226 107.5994 107.4267 110.5288 108.9311 109.6783 108.2380 109.6298 109.6901 111.5692 109.2327 112.0600
106.4000 106.9279 107.2156 106.7531 106.0634 105.4872 105.4997 105.9998 105.7141 106.0427 105.6766 104.8801 104.6230 110.4570 105.6158 104.2558 104.9965 106.0045 106.0463 107.2830 106.5690 106.9701 107.9170 107.6809 107.8673 107.8231 108.4981 108.5602 109.1177 110.7982 111.7091 109.5386 108.0542 108.0672 107.9446 110.5017 110.4390 109.1711 108.4596 108.6800
106.6000 105.7106 105.7985 106.5764 105.9816 106.3992 106.5994 105.5559 105.9935 105.8066 105.7420 105.7238 104.8049 105.7822 104.2941 104.3717 106.2417 105.0611 105.6779 106.7942 106.8326 107.2542 107.0757 107.5614 107.9111 107.8649 107.3658 107.9531 109.9127 109.3697 109.5992 108.8521 108.3081 111.4555 109.8840 115.4907 108.4555 111.5795 109.8430 109.8700
106.1700 106.5709 106.0215 106.0053 104.6026 104.8854 104.5868 104.9795 105.9197 104.5249 105.6165 105.3768 104.6284 104.9259 107.4684 104.5092 105.5221 105.8945 106.7516 106.0989 106.3142 106.8003 107.5318 106.7933 106.6104 107.4594 107.2125 107.2954 108.4092 107.5811 108.4176 107.2254 109.6774 114.2673 114.7606 113.4326 115.0084 115.0351 108.3319 113.0100
106.0900 106.3103 106.4636 106.2452 104.5225 105.7590 104.9096 104.6807 103.3082 104.2442 104.0953 103.9805 102.7632 102.9530 104.9108 104.3214 105.2879 105.6708 105.5438 105.8701 106.0611 105.4376 107.3407 107.1565 107.5460 107.0513 107.8127 108.0671 108.2555 107.3064 107.5002 108.5702 112.7680 115.6303 115.0965 114.6158 113.0597 114.3990 108.3474 113.3300
105.9600 104.7432 104.9254 105.1891 105.2633 104.9573 102.9389 102.4972 102.5914 102.2340 101.8620 101.9078 102.3999 102.2032 102.2408 102.7222 104.3839 104.6598 104.9384 103.6303 105.7903 105.9649 106.8825 107.1163 106.7664 106.2767 106.7384 107.7243 107.7671 109.6794 107.6612 113.8115 110.0836 112.1048 113.9514 108.4520 113.3323 109.5322 107.7759 108.6800
104.8200 105.7425 103.8998 105.5373 103.0457 102.5251 102.3356 102.0003 101.6811 101.3096 101.3838 101.3839 101.5900 101.4732 101.7034 102.2521 102.5581 102.8649 103.5537 104.3665 105.5824 105.5748 106.0170 106.7627 107.2091 106.7888 107.7793 107.3502 107.1276 108.4733 108.5129 108.1926 112.7438 108.4108 109.2889 108.8549 109.2240 113.4868 108.1139 109.2800
105.6500 104.8243 103.9732 104.6017 102.5946 101.4951 101.2785 101.0496 100.4176 99.6087 100.0032 100.1378 100.6768 100.6632 101.0600 101.3495 101.8905 102.4677 102.8187 103.1427 104.3677 104.4280 104.1954 105.1076 106.5596 107.2071 107.2773 107.5554 108.3938 108.3776 108.6138 107.2057 107.7393 107.7123 110.0457 109.8713 110.2231 113.1125 111.1637 107.9100
105.6500 104.6257 103.2750 102.1248 101.4875 100.7932 100.0940 100.2385 99.2113 98.7226 98.9490 99.2374 99.9715 99.4463 99.7679 100.3713 101.3089 102.0124 102.3909 102.8597 103.2733 105.5048 104.6718 106.2577 105.1364 106.6010 106.4712 106.7673 106.2275 107.7997 107.9050 108.3567 109.0589 108.3504 109.8261 112.0599 113.7804 110.5417 110.1083 109.0900
103.4300 103.5529 102.4562 101.8091 101.4149 100.2020 99.6445 99.3701 98.4470 98.0114 97.6736 97.7208 98.3305 98.4792 99.0381 99.8116 100.5434 101.1961 101.8556 102.3942 102.7252 104.0167 104.2262 105.1462 105.4448 105.4438 106.8592 107.2336 106.4512 106.7710 107.7265 108.6705 108.2726 108.9103 111.3232 108.5285 111.5925 109.9224 111.9245 109.0900
103.4300 102.5849 101.9625 101.5275 100.9259 99.0982 98.4900 96.6817 97.1243 96.1001 95.9734 95.8607 96.3444 97.0635 97.3856 98.6806 99.9738 100.7278 101.2257 101.9286 102.4602 102.8023 103.4778 104.9912 104.9264 105.3529 105.5229 106.1467 106.1974 107.2559 107.6561 107.5037 107.2162 107.9040 110.6057 110.8399 112.5811 113.5478 110.6850 108.8600
102.7900 102.5305 101.8800 100.5044 101.3815 98.2652 97.7894 94.9676 96.0397 93.6036 93.9470 94.1190 94.3846 95.3691 96.1849 97.4359 98.2870 99.1630 100.4244 101.4672 102.1054 102.7066 103.4419 104.7309 104.1705 105.4473 105.6027 106.1080 107.2891 107.0494 108.0175 108.1164 108.3012 108.8345 107.8133 109.6301 110.2025 113.4101 110.8432 108.8000
102.7700 102.2922 100.4444 100.4978 93.5809 98.3686 96.6249 94.6514 93.2812 91.6405 91.2431 90.8045 90.9237 92.5366 95.6390 97.2330 98.0910 99.3355 100.0141 101.0928 101.6372 102.3452 102.9904 103.9276 104.2946 104.8726 105.8378 105.9664 106.1353 108.0489 106.9494 108.3197 108.3206 108.9690 107.6607 112.8754 114.6684 109.8000 114.1387 110.8300
97.2600 102.3755 100.9771 100.3418 98.2963 97.0164 94.5641 91.5161 89.4637 88.6975 86.1696 84.9138 87.0894 88.6009 92.1135 95.8089 96.4370 97.9800 99.6609 100.5886 101.3248 102.1163 102.9162 103.8666 105.5560 104.9297 106.0311 107.1065 107.4003 107.1763 107.7405 108.1094 108.4547 112.2930 114.1723 115.3270 109.1907 109.6917 109.8172 110.8500
102.1400 101.9722 100.9681 100.0175 98.9464 95.8555 93.1338 91.5406 90.6240 82.1600 78.1168 78.2395 80.7902 85.0264 91.1550 95.4645 95.1025 97.7166 98.9215 99.9954 101.0410 101.9613 102.8613 103.3170 105.2981 104.4918 105.7381 107.0545 107.6038 108.2282 107.7790 110.7411 109.4642 112.8847 113.1399 116.4651 108.0515 109.8368 109.7044 107.5700
102.0100 101.6548 100.7864 99.6226 98.2032 96.3797 94.7612 92.7052 97.5746 79.5417 71.4652 69.2993 73.2508 82.0496 90.8938 93.0484 94.8717 97.2609 98.8046 100.0806 101.0398 101.9715 102.7643 103.3584 105.7870 105.0825 110.1298 105.6355 111.5274 110.9355 108.6291 109.6504 112.6409 112.5548 110.3075 110.8196 109.2203 110.5228 108.8070 108.5900
101.9300 101.6708 100.6340 99.4343 98.0682 96.6355 95.1057 92.2222 86.7915 78.1379 66.2622 63.7260 70.9753 82.4751 90.1779 90.7114 94.4533 96.6786 98.7637 100.1599 101.0013 101.8330 102.6476 103.2073 104.1430 105.6550 105.3199 106.0939 106.2930 107.5322 107.5092 107.8383 110.0199 110.5884 112.7746 112.5432 110.5530 114.5847 107.7304 110.6000
102.0900 101.7028 100.6999 99.5980 98.3117 96.7617 95.0123 92.7707 88.0821 80.6301 68.8490 66.4214 73.7773 83.3293 88.7354 91.9090 94.7826 96.9096 98.8782 100.1922 101.0528 101.8773 102.6798 103.3331 104.2158 105.2169 105.9974 105.8649 107.3828 107.4113 108.6065 108.7086 111.4721 113.5363 111.1250 110.7270 112.5210 110.4845 108.1207 110.6100
102.1200 101.7945 100.9955 99.9680 98.7421 97.3013 95.6992 94.1581 88.2523 83.6978 76.6098 75.1809 81.8978 85.4611 89.6357 94.7125 95.9084 97.8321 99.1025 100.3377 101.2215 101.9731 102.8065 103.4378 104.0680 105.0850 106.1890 105.6816 109.0098 110.0709 109.3678 112.6698 110.4348 113.5490 112.6578 112.1458 113.2855 112.4685 107.6370 108.8000
102.6200 101.9588 101.1571 100.2997 99.3924 98.4157 96.5054 94.6353 90.2593 86.9286 83.1324 82.0052 84.7930 87.2534 91.2235 94.9764 96.7388 98.5552 99.6497 100.2601 101.4451 102.2262 102.8755 103.3175 104.5071 105.6381 105.8630 106.2183 111.5792 108.4211 110.1502 113.8846 111.3496 115.3015 114.6422 111.0442 112.8499 112.0800 109.9558 109.7600
102.7900 102.1944 101.4895 100.4916 99.7244 94.1949 97.7571 95.4780 93.5804 91.8359 88.5320 87.9617 89.3164 91.9312 93.4636 95.7092 97.0381 98.7092 100.0349 100.9493 101.7441 102.3780 103.0024 104.1030 105.8222 105.9401 105.2120 106.7284 108.7207 106.5701 106.3674 107.7410 111.7493 110.6502 113.2521 114.9177 116.3178 110.4105 116.3425 107.5400
102.8800 102.6206 101.7951 101.3363 94.7112 97.2675 98.3122 96.9690 95.6398 94.0040 93.0647 92.9904 92.4686 95.1598 96.8447 97.6213 98.6237 99.5653 100.5066 101.4324 102.1616 102.7341 103.1292 105.5917 106.5016 107.0948 105.4477 107.4780 108.4362 106.1576 106.2151 105.9426 108.6479 107.2201 111.6406 114.9690 114.1754 116.4333 109.7538 111.1800
98.6900 102.9327 102.0751 101.6016 100.3712 100.4274 99.2118 98.6765 97.7669 97.1329 96.1080 95.8824 95.7507 97.1359 97.6107 98.9523 99.8764 100.5259 101.1336 101.8292 102.5042 103.1248 103.4035 106.2397 104.7392 105.5136 105.8502 107.0208 106.5973 107.1353 107.1036 113.2942 113.0830 112.4989 108.8579 114.6684 109.1680 111.8722 109.3983 110.0600
103.5100 103.1200 102.6500 101.7200 101.2400 100.6300 100.0900 99.3000 98.2400 98.4400 96.4300 96.4500 96.6600 98.1300 99.0700 99.1100 100.5400 101.0400 101.5900 102.1900 102.8800 103.3900 103.6400 104.3100 105.6300 106.4000 105.8400 111.4500 108.1300 107.4900 108.6200 113.0200 111.5600 112.7000 114.1200 110.2700 111.6300 110.0500 109.7400 110.4100
