107.8600 110.4600 107.3300 106.8200 104.6200 109.8300 104.6600 106.8800 103.2800 101.3800 99.7600 99.0600 98.0700 95.0900 93.1900 87.7600 85.0900 73.1800 73.1800 72.6400 72.6400 84.2000 87.7800 93.2100 95.1100 96.6400 99.3700 99.9100 101.8600 105.8000 109.3900 107.6800 108.4600 106.3300 103.8400 103.5800 105.9600 107.3100 108.8800 110.4300
113.3700 107.5014 106.3657 104.2729 110.8761 107.7463 104.7391 107.4846 107.3784 100.8830 100.4180 99.0274 97.6732 95.1595 92.2058 88.0926 83.1587 74.0619 65.2779 65.1543 72.7443 82.4366 87.8155 92.0137 95.0151 97.2403 99.2700 100.1377 101.2033 104.8972 108.4060 108.2969 109.6613 105.8754 103.8657 103.2311 104.9894 107.0067 109.3060 110.2300
107.7700 110.2798 106.2710 104.8706 105.1439 107.3054 103.9736 107.4383 108.3264 101.1677 100.4143 99.1009 97.7881 95.3833 92.5119 88.6885 83.9262 76.8058 69.9365 69.1937 75.6462 83.3835 88.4187 92.3742 95.2274 97.3885 99.0168 100.0994 101.1337 107.8268 110.1166 114.6515 109.8603 105.8159 103.8267 103.2825 104.3481 105.2079 109.5894 110.3900
109.7900 110.9848 111.4093 108.5734 110.2329 108.7452 112.3353 107.3522 109.0380 102.0335 100.4111 99.3441 97.9787 96.3092 93.6874 90.3136 86.0867 82.1167 79.3679 76.3943 81.5405 85.9212 90.0437 93.3409 95.8103 97.6595 99.0830 100.3741 100.1145 100.8814 110.2571 114.3859 109.0807 105.4710 103.5436 103.2730 105.1568 107.3897 108.1940 112.2200
107.9700 108.6667 112.8176 110.1918 106.8536 109.9701 110.0829 104.8662 101.9449 102.4702 100.7930 99.8283 98.4557 96.9719 95.8030 92.7768 89.3426 86.4342 84.8041 84.3468 86.2720 89.1991 92.1431 94.6507 96.6452 98.2291 99.4563 100.6721 99.7743 103.0465 112.7234 113.7522 107.8240 104.6023 102.8675 102.9830 104.9915 107.0448 109.6389 112.2200
111.2700 107.7206 104.0616 106.2095 105.8364 107.6208 104.7915 103.6277 103.7732 104.5602 100.9585 100.3460 99.0613 97.7385 96.3687 94.7054 92.7146 90.5270 89.3043 89.2865 90.4544 92.3086 94.2415 96.0617 97.5956 98.9012 99.9451 100.4905 99.9284 105.5637 114.4960 112.3006 106.6800 104.1578 102.7275 103.4541 105.4386 107.6002 110.0193 112.2900
105.3700 110.1791 107.4353 105.2640 112.4849 106.4937 104.3696 101.0302 105.5323 105.1641 101.3987 101.0004 100.0335 98.8390 97.8887 96.5060 95.0226 93.7772 93.1055 93.0833 93.7485 94.7917 96.2664 97.3785 98.5778 99.6155 100.7323 99.5313 101.8705 109.3482 115.0542 110.1221 105.6233 103.5981 102.6434 103.9663 105.9317 108.1226 110.6602 112.5000
106.9500 110.3164 107.5057 105.3896 107.2338 108.1303 105.6759 103.3553 105.2403 100.4163 102.5170 101.4650 100.8273 99.9301 99.2899 97.9753 96.8628 96.1892 95.7794 95.7678 96.1500 97.1227 97.9719 98.7177 99.4207 100.4826 100.2408 99.8841 105.8170 112.7993 114.3218 107.7678 104.7129 103.0193 102.9074 104.6153 106.5798 108.8150 111.4361 113.1000
107.7700 106.2511 106.7665 106.0142 104.9092 106.0926 106.5104 105.1217 105.2723 102.3855 102.9324 102.4290 101.3102 100.8258 100.3354 99.3539 98.6439 98.0006 97.7053 97.6904 97.9862 98.6819 99.3476 100.0246 100.4437 100.3590 99.7278 103.2613 112.0047 114.0953 110.8842 105.9319 103.8391 102.5268 103.5255 105.3234 107.3493 109.6733 112.3931 116.0300
107.5600 106.7084 106.6746 106.1535 105.3383 106.2275 105.3457 104.6818 106.0616 105.5963 103.9542 102.7567 103.6494 101.5806 100.8698 100.3351 99.6597 99.3681 99.2406 99.2122 99.5272 99.9044 100.0338 100.1708 101.2536 99.9155 102.4889 109.2555 114.8890 111.9796 107.2301 104.6235 103.0680 102.7238 104.3792 106.1939 108.2764 110.6847 113.5693 116.5800
108.1400 110.8937 112.7830 104.7102 106.9199 108.0112 108.1909 103.9648 106.1498 105.6628 103.5596 103.5275 104.6945 103.9102 101.8935 101.6370 100.7480 100.7031 100.3523 100.3334 100.7381 100.9894 101.9118 106.3314 107.1823 111.2108 112.0915 113.8746 114.3637 108.0861 105.2309 103.5754 102.5699 103.5766 105.3107 107.1936 109.3621 111.9059 115.0426 117.2500
113.6300 113.4653 108.4189 107.5069 107.4130 108.7683 106.0680 103.9085 107.1318 105.1492 104.1554 105.1882 104.4420 103.4529 103.3924 103.9034 100.2955 107.1445 103.6191 103.3999 106.9493 100.7691 100.7307 107.7010 107.2756 106.8413 113.1142 113.1556 108.0812 105.9698 104.1065 102.6489 103.0261 104.6504 106.3869 108.3679 110.6223 113.3232 116.9670 118.0400
110.5900 108.7299 109.6177 108.8092 112.0518 111.4278 105.1749 110.8067 103.1323 101.9768 103.9820 105.8356 103.7081 103.5126 107.0284 105.8663 102.6469 109.7224 103.3624 99.5522 113.3273 103.7991 102.1351 106.5000 113.3799 103.2028 107.7563 115.7658 116.1653 113.2970 107.8476 103.9630 104.2512 105.8277 107.6285 109.7049 112.3452 115.4940 118.9456 119.6900
108.5000 112.6399 109.8453 107.4273 108.6453 110.0841 108.9537 110.5460 104.5252 102.6378 104.2852 104.1778 105.6013 106.6529 105.3853 106.0316 102.4155 101.9116 101.2611 101.7783 109.1250 110.5684 104.3429 106.8458 106.4540 104.2427 107.5758 114.5563 111.8501 105.8233 105.6707 103.7064 106.0127 107.2627 109.1809 110.3654 113.7418 115.6863 118.2372 116.6300
115.2900 112.0995 109.8167 107.3462 107.2086 110.7421 109.0396 105.2723 107.7827 103.5576 104.8573 102.3115 101.0384 109.4005 105.9751 103.6723 104.3549 102.8831 99.5111 105.6252 104.6911 103.7222 111.5097 103.1269 107.1208 110.2328 111.2801 104.6176 105.5065 106.6648 103.8125 106.6611 107.4881 109.0908 111.3382 109.7357 116.5142 111.5720 114.1715 120.0800
114.6900 113.1995 115.5847 110.9219 113.3282 107.3091 106.9315 106.3929 105.2098 104.3103 105.1501 103.6443 103.3156 105.0278 104.7112 101.7828 103.6513 105.3880 101.3995 108.5401 104.8207 106.5690 107.8749 111.4838 113.1854 112.0432 106.0372 106.0260 104.5108 108.4377 105.7564 108.8513 108.9961 110.7971 113.2686 113.6155 118.0532 117.0296 120.0250 115.8500
110.4800 110.6088 114.2458 113.5936 110.4120 111.2937 108.2012 107.4027 106.4834 108.2107 105.0077 105.1543 110.7454 106.1894 107.1617 104.1589 104.8888 102.2375 105.1342 107.5865 107.3988 112.3456 107.6893 111.6193 111.0089 113.5715 105.8786 105.1554 105.5977 113.0875 111.1818 112.4919 108.5917 112.5868 116.5242 111.0160 113.2410 118.9187 121.3605 120.5500
110.4800 110.9275 108.1316 112.5462 111.3898 114.1467 110.8200 108.9558 109.2968 112.4155 107.3509 110.6975 109.5604 103.6822 106.4812 107.4089 105.5940 102.4809 104.1091 106.0296 106.8431 110.8467 108.3636 108.6283 106.0584 106.4904 112.0821 105.5250 106.3805 109.5219 106.4471 111.3557 115.1436 113.8864 109.3861 109.0441 109.9616 111.7511 118.9895 120.5500
109.0800 110.0320 108.3840 115.8831 113.2521 112.2184 112.7795 107.7285 109.4301 111.0449 105.3924 108.2984 108.9643 107.6841 106.5822 106.7935 107.4044 105.6709 105.5408 106.5198 108.7855 106.6682 109.2422 105.8595 108.4932 107.8257 108.9768 104.9897 105.5715 105.4388 108.6944 110.2958 114.5743 114.3630 111.2569 111.6056 118.7299 110.4607 121.3814 120.9300
110.2600 106.8103 109.2161 107.6595 106.5752 114.6688 109.4413 109.9797 112.1587 110.9618 106.6757 110.7224 104.7894 112.7736 107.0457 106.6117 106.3910 106.2952 106.3797 107.5836 107.4950 108.1962 108.0169 109.1743 108.6812 108.4296 105.2764 108.9441 107.2243 105.9849 108.2663 108.2075 113.7811 112.9602 102.7721 107.8163 115.0640 113.5055 119.2817 117.0100
108.9200 107.9212 106.9003 109.5883 109.6070 114.3568 109.8192 114.4580 114.5520 111.8503 108.5567 108.0760 106.1724 113.3200 107.0981 106.9522 106.9277 106.3450 106.1669 111.8118 107.1306 112.3169 114.1738 107.5674 115.2167 109.9929 108.7761 108.1595 108.6928 113.1564 111.7872 113.9016 111.1379 101.8018 103.3027 102.8702 111.9970 110.1337 112.8798 113.6400
107.5200 106.7553 109.1216 116.6155 111.8322 109.4993 107.0943 115.8481 113.6051 113.1654 107.6449 109.7772 111.4045 108.6392 111.0162 106.9429 107.3097 106.4601 106.1892 111.7963 107.3752 110.1452 111.3670 107.2754 113.7774 115.1359 108.5836 108.1240 114.4287 113.4575 112.7925 120.6070 105.7190 107.1001 113.6903 115.0903 109.2711 110.3206 114.6910 110.0100
107.3600 107.6795 112.6992 114.5772 107.6812 109.4175 108.8089 110.3504 110.5860 117.2240 109.4967 108.5011 111.9550 110.1524 111.3795 106.8727 107.5506 107.0600 106.6277 109.9961 107.3240 111.5112 108.2273 107.5853 109.4685 114.1255 110.4283 111.0174 111.8718 112.5628 114.3791 110.3865 105.2440 111.3584 110.8413 113.4180 109.2006 110.0765 116.1232 114.9300
110.4000 107.4027 105.4387 108.6159 109.5789 108.3379 108.3807 113.3543 116.2670 115.7705 113.0994 103.3575 106.7571 109.7894 113.9073 108.1847 109.0316 112.3154 108.0517 111.9375 109.3822 113.9966 112.8195 114.5412 105.5905 109.5120 111.4729 113.9715 111.7053 100.8088 109.1453 106.3311 116.4659 108.7282 101.7828 107.6363 108.1245 107.5255 114.6284 116.7800
110.4900 108.4857 107.1399 108.3991 108.6145 107.7485 105.8749 111.1074 112.2491 108.7678 113.1836 108.7869 108.0527 108.1393 109.3141 108.0772 104.9411 110.9089 105.7490 110.8059 109.1703 106.9511 116.3091 112.7367 115.0592 115.5049 114.4464 110.1981 112.4433 105.8669 108.6065 107.9232 108.1010 114.7072 110.8562 109.1943 109.0373 114.4290 110.3627 116.2300
108.5100 109.1502 107.7790 107.6771 106.9099 110.3555 108.8915 110.9349 109.2120 111.2371 113.7819 106.3589 111.8575 106.4998 110.8457 103.8762 105.3254 109.9773 103.3891 106.9403 114.3332 113.1083 118.4767 106.0955 112.2490 117.9451 115.7277 112.6096 113.0919 115.0342 114.6475 112.8448 113.9995 107.5970 116.5605 114.9719 109.6988 116.4475 112.3576 110.6400
108.3800 108.9732 109.3198 109.7220 110.1083 107.1247 107.0194 108.4999 112.0052 115.5275 111.5238 104.7805 107.3962 110.7425 110.0839 104.8195 107.1137 107.0024 104.9163 105.5949 116.0286 112.5529 110.0277 109.9089 109.8269 114.5255 118.0830 114.4442 114.9520 114.1080 112.7732 111.7707 111.5164 113.3753 113.3231 114.5210 110.7756 116.1044 111.2355 113.5600
109.7700 110.3825 109.0091 108.5969 108.6091 109.3796 107.3973 109.0984 112.2107 112.7504 112.0536 106.2197 116.7836 112.6947 110.8432 105.0516 107.4163 109.4183 105.7393 103.9226 112.7097 111.1057 109.0600 116.0415 112.1580 111.4161 116.2756 110.5785 113.6622 113.6427 108.8896 110.9809 112.4599 114.8864 111.4624 116.3765 111.4377 110.8444 110.5026 113.5600
109.7700 111.4205 108.8868 108.7553 112.0989 112.0762 116.9054 110.2149 116.4602 114.0203 113.3465 111.0972 113.9173 109.3837 110.6469 106.2966 107.4008 106.9985 106.9623 110.9129 114.6204 110.8087 114.2192 114.8030 108.3509 111.0375 118.2200 110.4985 115.5387 112.3534 111.8667 110.9825 114.2852 114.7608 112.0114 113.0167 108.5355 109.7685 107.9702 109.1700
112.7100 110.1301 111.4055 109.9403 115.8252 112.2141 117.5397 111.0482 115.7157 114.6706 111.7933 113.7805 112.5208 108.6115 112.6267 107.1643 107.1555 105.8106 108.2026 109.4476 114.2212 112.9874 113.8237 111.5582 107.8391 106.1265 112.0748 108.4119 116.3145 117.1471 114.0794 110.7161 115.1576 113.6344 110.7764 112.4073 110.8457 110.5141 109.6948 111.5700
111.7600 113.1180 114.7992 110.8119 113.7824 109.1915 110.9605 107.8817 113.0902 116.2304 114.1226 111.4050 110.3389 109.5531 112.3146 108.7218 107.9906 107.0473 107.6560 108.1158 116.1611 115.4619 114.2634 109.9378 109.6202 106.8974 117.5485 109.6418 109.8140 117.0016 113.6212 109.6834 113.9531 113.5278 109.7800 110.5061 109.4659 111.2720 115.1385 115.7800
114.2300 112.9922 114.9974 114.8117 114.8406 110.7808 110.8024 111.8916 118.2605 116.8142 112.5566 112.6218 112.0040 110.3814 116.6294 110.1627 109.0887 108.1894 108.9889 109.2947 115.3607 114.7895 112.8099 113.7181 110.6147 109.4598 108.8053 112.4439 110.3976 115.1262 116.5292 113.2651 115.4840 114.1980 110.3508 110.1617 111.4595 109.8446 112.4815 110.3300
113.0900 113.0671 113.6882 111.4594 115.0117 115.7119 115.8095 118.9177 118.0933 117.9226 112.6355 110.0908 109.5021 113.5246 112.9506 110.5421 111.0285 109.8171 111.3540 110.3208 113.2162 113.6919 114.2600 112.7337 109.8775 109.6902 109.0179 114.5356 110.5042 115.7232 115.9917 112.2940 110.7970 115.3443 111.5929 113.1437 109.0449 109.7291 115.2302 115.5900
112.5500 113.8874 113.6433 115.2365 115.1067 117.3106 114.8077 120.1158 118.8113 117.6389 113.5071 112.5392 111.3997 112.2537 109.8463 112.1141 111.7756 111.3781 114.1968 112.4799 114.4051 118.8691 117.7999 110.6644 108.9458 110.5092 111.5326 109.9087 109.4483 110.1990 113.1901 114.6650 109.6633 108.7688 111.2739 111.0222 109.2368 110.3604 111.8100 109.2400
114.7000 116.7158 110.9944 114.4231 120.2023 117.5709 115.2701 121.6520 120.7524 118.5965 114.1231 113.3186 112.8007 110.6920 120.2386 113.6843 112.5042 111.3343 115.3807 113.3298 112.6321 118.2775 112.4635 112.9333 111.3240 111.2445 111.8699 112.0506 114.4794 112.5560 111.2590 110.6894 111.8075 109.2924 110.1653 116.4381 114.7527 110.0399 111.0986 110.3900
115.7400 114.8821 117.1029 120.6379 119.2351 119.4598 116.4437 118.4760 115.6572 116.3771 112.0376 109.2291 110.8155 110.6249 118.6592 115.1114 114.5006 111.3123 111.9339 113.9923 111.4396 112.3845 113.9857 113.0061 111.5696 112.7801 111.4841 114.0340 115.1474 113.6374 113.5962 111.5883 111.4305 114.4068 110.7092 110.2846 116.4452 110.1941 109.5639 111.7000
115.3000 115.8230 115.3824 115.6974 116.4226 120.7282 121.9614 112.4998 111.3932 122.2794 113.3135 112.4340 112.1670 111.6987 112.8730 110.9853 112.1042 113.1840 114.2343 115.0188 112.5572 113.0189 113.1060 110.2223 112.3386 113.0322 112.1393 111.7804 111.1242 114.6424 114.5356 113.8228 111.0174 111.2523 113.8832 116.6599 117.5962 110.5476 114.7921 111.8800
118.3600 117.3485 116.4005 117.4352 117.5854 122.2665 117.2854 113.5787 117.2244 122.2698 116.2933 110.8551 112.9256 113.1861 115.1268 112.7634 112.0070 112.0523 115.5332 119.5763 112.4127 114.5887 114.8263 112.6665 112.5529 113.7570 113.0495 112.2849 112.2267 118.4563 117.5330 115.2309 114.2827 115.6593 116.8905 115.7304 119.3922 113.7379 112.9308 115.1900
118.1200 117.8084 115.9697 118.8327 119.1763 118.8254 115.9461 114.5672 121.6583 121.8903 114.2500 113.3581 114.5436 113.2578 115.7541 114.9271 113.7021 112.5020 117.0246 119.1912 114.9308 116.3485 118.0681 116.6690 113.5411 113.3864 114.0222 113.3047 113.8789 116.9052 118.6522 116.8789 114.5100 115.4848 112.7679 116.7066 118.1477 111.7126 111.4410 115.5800
118.1000 118.8900 116.0800 118.6800 116.0800 115.7900 115.7900 116.1000 119.3500 124.3500 116.1900 113.5200 114.5300 114.5300 117.9000 115.9400 114.5000 113.1500 114.2800 111.2800 118.2400 118.2200 118.2000 114.3100 113.6900 115.5000 115.4200 113.4700 113.8300 113.9900 115.0500 118.0200 115.9600 115.6600 115.6600 117.9200 117.3700 113.5000 110.4300 110.4300
