108.5500 116.5800 114.4800 113.1700 116.1900 110.1300 113.3900 113.3900 111.7900 111.9500 114.3800 113.6600 109.6700 108.5800 108.5800 107.9900 107.9900 110.9300 110.7400 110.7400 117.6900 115.7900 115.4400 117.7700 117.7700 119.1200 119.1200 118.2400 112.5800 114.1400 114.2500 116.7000 115.4800 115.2100 115.1900 114.7700 114.4900 114.1900 113.8600 113.5600
108.5500 111.2866 114.3045 108.5692 114.7939 113.3250 113.6035 110.0597 111.7910 112.1639 114.3385 112.9995 109.0774 108.7144 109.3955 110.4819 107.4714 110.0814 110.5169 117.4026 117.5965 115.0036 114.2963 116.5829 117.7430 117.7788 116.9285 116.2429 113.8113 112.3870 114.3208 115.9314 115.6670 115.8537 115.7866 115.5672 114.9888 116.3820 113.9998 113.9600
108.6400 109.3018 110.4363 113.8950 111.9525 111.4018 112.2189 112.8922 113.4275 108.3518 112.4478 113.3649 109.9679 108.5533 109.7576 113.5862 109.4037 109.9916 110.9331 111.5495 111.6165 112.1995 113.6389 115.3216 115.6631 115.7035 116.0571 109.8513 114.3022 114.4596 114.6704 114.8253 116.9502 116.3638 116.5950 116.1393 115.2740 116.3786 114.5762 114.0000
108.4900 108.1718 109.8334 110.6568 114.8137 110.6459 109.5902 108.4828 111.1809 110.3101 113.5045 113.2346 107.9210 108.2404 109.3714 111.2231 107.9115 113.8677 111.3084 116.0840 113.0618 112.1608 115.8569 116.9652 116.6363 111.5891 108.5594 110.2176 115.3739 115.3965 113.9278 115.9788 116.5908 116.3971 117.4642 116.5721 115.8330 115.2822 114.5990 114.5400
108.0900 107.8253 110.9985 110.0209 114.7942 107.1811 107.2437 108.7244 105.8435 113.9095 107.6299 107.1288 106.8956 108.2256 113.2182 112.7748 108.9333 109.1777 111.1131 112.3797 113.0941 114.4929 114.5209 116.4790 113.0357 108.5743 111.0815 115.2170 115.2551 115.2734 113.7019 116.7728 118.1880 116.0807 116.1935 116.3232 115.5722 115.1645 115.3904 114.6400
107.9500 107.7661 107.8653 105.1083 111.4224 107.1249 106.7480 106.2497 104.6295 110.1663 107.6235 106.1397 106.9095 106.7410 112.8010 107.4385 110.9351 112.7578 112.1148 112.0230 114.4722 114.8720 112.8293 111.1551 109.1185 108.3722 109.9566 110.8663 111.7330 114.8356 114.6542 117.5132 118.8793 116.1983 112.9273 116.4009 116.6445 116.7656 112.2516 110.9800
107.7400 107.2374 107.1269 107.3323 106.7900 105.8925 105.5874 106.9944 109.4372 105.8792 106.3656 105.4997 107.2335 105.7914 106.5839 107.5285 110.7057 110.4613 108.5586 109.9137 108.9614 110.7368 112.4421 109.2106 108.9699 107.8354 108.4679 111.2154 110.7314 111.7146 114.5953 117.1347 117.7738 116.5262 113.3281 114.5686 109.8752 112.3150 107.3209 111.1900
107.5100 107.1750 107.2320 107.3263 113.9297 105.8689 105.5967 106.5268 106.8910 106.4751 110.6221 106.0701 106.6746 106.5860 107.7162 112.9288 109.5646 107.0920 107.3652 112.6851 107.8703 111.8336 106.3649 108.5227 108.2291 107.4416 108.7191 110.4436 110.2137 111.9624 115.3522 114.5783 117.0411 116.4048 115.4031 110.1753 110.6782 112.6662 110.6559 111.1900
105.7500 106.2909 106.8842 106.7154 108.7255 106.3835 105.0756 106.2657 105.3754 104.2344 108.2366 106.2797 105.5478 106.2654 105.9619 105.5692 108.4942 108.1351 110.7140 113.5021 110.1379 107.0186 107.7567 107.1944 107.9197 107.5857 108.3887 110.5615 115.6773 108.5373 111.0269 109.7863 114.0052 113.4291 112.3413 114.7056 108.6307 113.6278 111.8308 109.9700
105.2200 105.3066 106.4045 105.0658 105.7675 106.5095 104.5845 104.6060 105.5504 105.0634 106.4650 105.3305 106.5025 106.2140 109.7259 108.8159 106.1595 105.0644 107.0723 106.1768 107.1874 106.3065 107.0289 107.5026 111.2196 107.0085 113.3473 112.0364 114.5558 108.9272 107.0436 115.1751 115.4837 110.5764 110.3872 117.6934 114.2826 113.7180 110.5636 110.1000
104.8300 104.8501 104.9068 104.0258 104.9379 104.9813 104.3849 105.5243 103.2681 107.4434 105.1117 105.0175 104.7447 107.1544 106.1522 104.8131 103.8417 106.4508 106.3827 106.4469 107.3406 107.4946 106.5182 107.8038 107.6924 113.2093 112.7981 110.8448 108.3700 109.4433 108.7875 109.0263 108.9210 109.3698 109.6319 116.2697 115.7493 117.1550 111.2886 111.8800
104.3300 104.0738 104.5667 103.6495 105.0970 104.9567 105.2311 104.4519 108.6770 103.7196 103.2315 104.7323 104.4704 106.4748 104.5409 104.8133 106.5338 105.7002 105.8816 105.9328 106.5460 106.8684 106.9047 107.8850 109.1909 110.6518 109.3519 115.0134 113.4383 113.3029 115.2881 111.5010 108.9187 108.7582 108.4294 112.5618 114.5226 108.7946 108.3259 109.0200
105.2600 103.9285 105.6191 103.2687 104.7848 102.9476 102.2696 102.1736 101.8694 102.5693 102.7362 103.8177 103.3186 102.5079 104.0081 104.6545 108.1595 105.2302 106.2999 106.8790 105.5425 106.8995 106.6726 107.3625 107.4513 111.8240 111.7237 112.3093 113.1422 109.9310 108.0778 108.5836 108.3998 108.3164 112.6215 112.4610 112.8709 109.0164 109.0440 108.8100
105.5900 104.5168 103.4080 102.3088 102.3140 101.9818 101.8313 101.9398 101.9072 101.7638 102.1611 102.0810 102.3921 102.7315 103.3736 106.7625 105.6472 105.4910 106.4232 106.2756 105.3356 107.1476 106.6820 108.2999 108.1555 113.4460 108.0795 112.5008 107.3653 112.2468 109.1061 109.5956 108.4663 109.5370 108.5804 109.8950 111.3185 113.7425 111.0805 107.9700
103.0200 102.4606 102.2323 101.8601 101.6008 101.1590 101.0535 101.0086 100.8027 100.8723 101.2974 101.4469 101.4116 101.9237 102.9615 102.5350 105.4562 104.6602 106.0140 105.7714 106.2995 106.2161 106.0305 112.1548 109.3864 109.1695 106.2865 109.9936 107.2749 110.5201 109.5082 111.8734 110.4912 109.4457 108.8342 110.6498 110.1495 109.6778 111.1924 113.4100
102.1200 102.2465 101.7837 101.0595 100.8481 100.2970 99.6568 99.5709 99.5318 100.1009 100.1255 100.4519 100.6866 100.8201 101.2295 102.0385 102.8684 103.8280 104.6858 105.9108 105.5628 106.0911 105.4594 109.1635 106.9335 107.1612 107.5575 113.5041 109.3622 116.1394 111.7354 110.4552 109.2934 109.0049 107.8116 110.3138 112.9002 111.7525 108.9122 110.2600
102.1200 101.5177 101.0384 100.1961 99.8187 99.2980 98.5768 98.1322 98.1412 98.3725 98.7941 98.9606 98.9688 100.0840 100.7206 101.5280 102.2717 102.7459 104.8048 106.3062 104.6173 105.0507 105.4834 106.6391 106.8005 105.8470 108.1718 114.5475 111.3840 112.3671 111.9892 111.7416 111.2006 107.3735 107.9245 107.5009 111.0205 110.4427 111.4032 116.4300
101.2700 100.8177 100.1988 99.3330 98.7245 97.5090 97.0251 96.0935 96.2337 97.0612 97.6481 97.6677 98.2123 98.9211 99.8611 101.0869 101.4927 102.2033 103.8396 103.7933 104.4969 105.3113 104.8662 105.8843 109.7050 107.2899 107.4670 110.8067 112.6920 112.0473 114.5072 114.2135 110.9193 107.8337 108.4190 111.7180 108.5290 109.9294 113.2144 116.0900
100.5500 100.2558 99.4251 98.4600 97.4740 95.9201 94.5895 95.0118 94.6211 94.6640 95.7993 96.3891 96.6469 97.6718 98.4708 100.3447 101.2901 101.9491 102.5704 105.0379 103.3960 106.1341 106.5332 106.1712 107.8051 107.0186 106.9939 107.5582 106.6374 107.9392 110.3438 110.4790 111.6092 110.5140 109.8719 110.1812 109.7415 108.9887 111.4156 110.4300
100.2300 99.5582 98.7486 97.2295 95.5460 92.8803 90.8045 91.2859 90.5023 91.1578 92.9271 94.2438 95.7217 97.8771 98.0498 99.7106 100.9938 101.6620 102.4832 103.2209 105.7131 105.9283 105.3131 106.2138 105.2419 106.0828 107.1674 107.0914 106.7425 107.3570 107.5752 107.8705 108.7016 109.3587 109.8774 110.0866 110.2014 110.1326 110.0008 110.5500
100.2900 98.8453 97.3362 95.2664 93.3205 91.3540 87.8346 87.0142 86.6605 87.9983 89.6797 92.2770 94.9013 96.5526 97.1431 99.2925 100.4950 101.0999 102.1424 103.2711 104.3352 104.8986 106.6335 106.9914 105.7627 105.9832 106.3677 106.9666 107.6209 107.4063 107.8437 107.8459 108.8404 109.6161 109.7961 109.9086 110.1301 113.4729 114.1034 112.5700
99.0700 98.4135 96.9332 94.7046 91.6092 88.3834 83.9578 81.2987 78.8420 82.6028 85.9445 89.3744 93.2275 94.5409 97.3543 98.9807 100.0972 101.0278 101.9403 102.3922 104.7701 105.6476 104.7480 105.4240 106.4492 105.9025 106.2305 107.0612 107.5166 108.2843 108.5903 109.1854 109.7905 114.3184 113.3539 112.1688 113.0114 112.5679 111.3623 114.1300
99.4100 98.3765 96.5498 93.0625 89.8351 85.7684 80.3817 71.0560 70.1367 73.2285 81.6433 86.8321 92.3969 94.4416 96.3480 98.4394 100.1878 101.2084 101.9417 102.4912 103.8840 105.5309 105.8922 106.4464 106.6508 106.3742 106.3163 107.0514 106.7446 107.5700 108.0093 110.1424 114.4774 115.1913 114.5087 116.9830 113.2647 115.2040 111.7904 108.6200
99.0500 98.8076 95.4047 91.5053 87.6226 83.2569 78.0163 63.1543 60.0961 66.8193 78.2858 86.3088 91.0768 94.8221 96.2865 98.1698 99.8205 101.2295 101.8699 102.5303 104.7610 105.4942 106.1888 106.6021 106.5391 107.6049 107.4867 108.1925 107.7492 107.0205 108.7609 108.0428 109.5309 112.7047 110.1038 114.9918 115.2453 115.6508 117.1242 108.0000
99.0300 98.3078 95.4136 93.1384 88.4664 83.0193 77.2008 64.1936 60.7046 67.3418 78.4803 85.6470 90.9176 94.4349 96.6840 98.2216 99.8579 101.0998 101.9001 102.5699 104.1184 104.6031 105.6160 105.7173 106.3474 106.9473 107.4805 107.1301 107.0036 107.7358 110.1363 108.8259 113.3894 114.1942 110.7912 116.2834 112.2155 114.4979 112.6517 111.8700
99.0700 97.5067 96.4229 94.3999 90.3065 84.4707 79.9008 73.9720 71.6475 74.6655 81.7906 86.8951 95.1480 94.4942 96.9057 98.3955 100.0298 101.2433 102.0272 102.6622 104.6000 104.9917 104.9278 106.1172 106.3483 107.0606 107.7818 106.9578 106.8544 108.1908 108.8930 108.2464 111.1143 111.2512 112.6072 112.4102 112.7334 112.1971 111.5297 110.1100
99.7000 98.5008 96.4342 95.2777 92.8306 88.3884 85.4385 82.1979 80.1055 82.3536 86.6353 89.7856 94.7159 95.6578 97.2355 99.3564 100.4548 101.4372 102.2306 102.8933 104.0419 106.3251 104.7646 106.7429 107.3136 107.5169 107.4019 108.1114 107.2666 107.8937 107.9534 108.2275 106.4232 109.0950 109.0376 109.9961 110.8011 115.8468 111.8933 115.1100
100.4700 99.4492 97.9559 96.9724 95.8295 91.0979 88.7350 87.9845 87.4613 88.1621 90.0634 92.7601 95.2835 97.0894 97.9648 99.6497 100.8376 101.7240 102.2852 102.9288 103.9475 105.6833 105.5282 106.9977 106.6277 107.4923 107.4216 108.1855 108.0454 108.4075 107.5229 109.2181 109.1833 109.5957 109.7724 109.7478 109.9375 110.1623 110.2635 111.1300
100.7200 100.0570 99.2961 97.1238 97.6725 93.8603 92.6949 90.1864 90.8017 92.5886 93.1093 95.7046 97.0180 98.2227 99.1791 100.1586 101.1484 101.6039 102.5328 103.2055 104.5587 104.2896 106.6318 105.8130 107.1981 107.4554 107.5656 108.1156 108.2358 108.3082 108.6232 109.0361 108.9795 109.4017 110.0213 109.9690 108.5846 111.8579 110.6640 110.0500
101.4800 95.0960 99.5933 97.3293 98.3624 96.3368 95.7159 93.8607 93.9250 96.1215 96.7582 97.4269 98.1740 99.1842 100.1710 101.0908 101.7825 102.3082 102.8494 104.5471 105.4447 106.0059 106.8242 106.7412 106.9214 107.5544 106.9189 108.1994 108.4597 108.4373 108.8637 109.2010 109.3921 109.5561 109.1962 108.6708 109.1484 110.9083 110.4071 108.5400
95.3400 97.7014 101.3419 100.0439 99.2211 98.1087 97.5621 96.6122 96.7042 97.2522 98.2674 98.9051 99.3729 99.9259 100.7721 101.6571 102.0654 102.5841 103.2530 103.9033 105.0093 105.0119 106.7651 107.1224 106.3156 107.5694 107.7976 108.3756 108.5886 108.8367 108.7570 109.5376 109.3897 109.3422 109.8448 111.5209 108.8269 109.5422 110.3650 110.2500
102.3600 103.0218 101.3809 100.9366 100.2510 99.0216 98.5139 97.9784 98.6619 99.4734 98.5119 99.6232 100.2403 100.6868 101.5365 102.1983 102.5771 102.9643 105.1015 104.5505 104.3556 105.3185 106.9242 106.3113 106.6292 107.6408 108.0374 108.3546 108.7512 108.8439 108.5758 113.0477 108.2666 109.7188 110.5551 110.5434 108.1021 108.4821 111.1603 111.2600
103.0100 102.4332 101.9249 101.5658 101.1666 100.6606 100.5001 100.3281 100.4586 95.7549 101.0400 100.7432 100.9196 101.5342 102.2288 102.5063 103.1997 103.1623 105.1030 106.2179 106.5234 106.2882 107.2532 107.3464 106.9629 108.1166 108.2482 108.3221 108.6967 108.6853 108.8404 109.8282 113.6492 109.9676 112.9160 109.5434 108.9787 108.2925 110.7020 109.3900
103.0700 103.0183 102.6690 102.2438 101.9152 101.6367 101.5672 101.2873 101.4636 99.6142 101.7174 101.6305 102.1102 102.3036 102.6594 103.0010 105.2143 104.3184 105.5628 106.3076 106.7523 106.5562 106.7854 106.7844 107.0647 108.0149 108.3742 108.7950 108.4631 112.0113 109.3660 111.4644 108.9929 108.5870 109.5111 109.8036 110.8016 108.5757 111.5366 111.3700
103.6400 103.5091 103.2657 102.9250 102.6726 102.3897 102.2627 102.5275 102.5846 102.2763 102.2300 102.1723 102.5442 102.9073 103.4732 103.9561 105.9594 106.3585 105.3319 107.2555 106.8023 105.4774 105.8701 106.9599 107.2208 108.1572 108.0061 107.9312 110.9747 111.9694 109.0703 110.6907 114.9748 110.6113 110.8978 110.9866 111.9532 108.6878 109.0885 108.3500
105.0200 104.0938 103.7961 103.4641 103.2751 103.4062 103.4696 97.4318 97.4838 103.1421 102.8145 103.8729 104.5769 105.3708 103.9931 105.3095 106.0707 105.6514 105.4102 106.8269 107.0584 106.2670 107.1066 108.0020 108.0965 108.6076 107.6507 112.8012 114.6167 111.5320 112.4426 109.5840 110.9873 108.6765 110.5607 111.4281 112.5152 108.8798 108.9147 108.4600
105.8000 103.1847 104.0618 104.2714 104.1150 100.8183 104.1034 103.5528 103.3205 103.5883 103.5664 105.7035 105.7426 105.6733 105.7983 105.9980 104.7818 105.4966 106.3004 107.5517 107.3353 106.4648 107.8981 108.0824 108.2298 108.5861 108.7596 110.1091 114.1132 112.8474 112.9516 111.3646 109.6575 111.0588 110.2839 111.8531 111.6775 108.4857 111.8736 108.9000
103.2500 103.1033 104.6752 106.3580 106.8614 102.1202 105.9903 106.0578 106.2423 104.4558 104.5842 105.7550 104.7970 106.4050 106.7062 106.2304 106.2651 107.1006 107.4228 107.5536 107.0871 106.2010 107.1653 107.9616 108.7095 108.7774 108.9577 108.5649 114.1210 110.2988 112.0777 111.6264 112.1522 115.1613 109.7982 111.7075 111.5416 114.3097 111.2971 113.6500
103.2500 105.1898 105.8639 106.7921 103.7725 105.0147 105.3813 105.9988 105.6699 106.2170 105.5364 104.9906 104.5355 105.3984 106.1698 106.7490 106.8346 107.4875 107.7895 108.0236 107.5105 106.6855 107.0655 107.8273 108.5384 108.6737 109.4864 113.7797 110.1726 115.3944 113.7622 110.0103 112.0053 114.3327 110.8191 118.3907 110.9143 110.2742 110.9474 112.5900
105.3900 105.3900 107.0500 106.6000 105.6700 105.1300 106.3200 105.4100 106.3700 106.1700 106.5500 105.2000 105.2000 106.1500 106.1500 105.6300 105.8100 107.1200 106.4500 106.2200 112.9000 110.0000 108.5500 108.5500 108.0800 111.0500 109.2600 109.4200 111.9500 112.8500 115.1500 112.8700 113.0100 108.7600 109.4600 108.4300 110.6700 110.5300 112.6700 112.6700
