105.5100 105.4900 110.1400 106.4500 103.8200 105.8300 109.5500 104.4600 105.4600 106.2500 106.2500 106.2400 105.2700 105.2100 105.0600 104.9800 114.4800 107.1900 106.2100 109.1800 109.4200 111.4000 109.6900 110.6000 111.5100 111.6200 111.6200 113.3500 116.6000 116.3100 116.5700 117.0300 117.1800 116.8300 116.5900 115.8300 115.4500 114.7600 114.3800 114.0200
105.1700 105.0089 107.5073 105.2866 107.1277 104.7523 105.9312 105.0290 104.7852 105.9829 105.6054 105.9188 105.0537 106.2370 106.2728 105.4106 112.2919 109.3506 105.1802 106.9632 108.8647 110.0390 108.2290 109.8969 111.0888 112.0590 111.3550 114.2896 115.3373 116.2770 117.2108 117.1904 117.8370 116.9947 116.5255 115.9285 115.5885 116.9357 114.7083 114.1500
104.1100 104.6598 105.5358 104.5020 103.9326 103.2817 104.7039 103.7061 104.6505 105.6064 105.2072 105.9079 105.9413 105.6675 105.0368 105.1396 106.7378 109.1663 106.3631 105.9863 110.5438 113.2054 108.7905 109.4047 110.1377 111.6619 112.7789 113.6998 115.1975 116.4172 117.3307 116.7813 117.7449 116.8927 116.9350 116.2622 115.8653 115.6312 115.4693 114.2400
104.8400 103.6942 102.8384 107.3861 110.4478 103.4110 103.0297 102.3318 105.0420 105.2988 104.9803 104.8890 105.9513 105.1297 104.7787 104.7804 107.4168 108.4209 107.4688 106.3262 109.5296 109.8076 106.4144 110.0974 109.3956 110.6992 112.0760 113.8366 114.9170 114.3714 116.8695 115.9957 117.4458 117.8171 117.4158 117.0421 116.2713 115.6165 114.9307 114.7000
102.4100 101.8285 101.8200 101.4821 100.6508 101.2488 101.5248 102.2509 102.6302 104.4514 104.2292 103.5265 104.1802 108.3494 104.4512 106.0066 106.3036 108.7446 107.8689 107.9071 109.1270 107.2708 107.0355 107.3906 108.6544 110.1084 111.3859 115.4129 115.6941 115.3557 115.8438 113.9511 117.9836 118.4826 118.0783 117.5679 116.5885 115.8590 115.3045 114.8700
101.4600 101.2839 100.8268 101.0872 101.0023 100.3884 100.6188 101.4305 101.7877 102.1962 103.0433 104.5996 104.9048 109.0555 103.9320 104.9231 105.6514 106.5096 106.5667 107.0975 106.9898 106.7776 106.6274 107.0997 108.2848 109.5973 110.6914 116.3109 115.0499 117.8775 115.1402 113.8786 117.7941 118.1042 118.4071 117.8804 116.6856 115.9866 115.3217 114.8400
100.2500 99.6751 99.2090 99.9308 99.6471 99.5259 100.0185 100.1657 100.6372 101.4525 101.8360 102.1879 104.3533 103.9754 105.1413 105.1011 105.4000 106.2949 106.7633 106.9602 107.3960 106.2501 107.5645 106.4104 107.9146 108.7278 109.5563 117.2666 114.0135 117.9516 119.9848 118.6581 116.8118 119.0124 118.1142 117.8496 116.8140 115.8524 115.3519 114.8800
99.5000 98.5150 98.2364 98.5540 98.0805 98.4636 98.6405 99.0656 99.8423 100.3344 100.7960 101.3358 102.2998 104.1569 104.7209 104.4103 105.1170 105.6466 105.9942 107.4669 107.4017 106.4671 108.6336 106.2019 106.9409 110.1988 111.6126 114.2613 115.6355 117.8170 117.3182 115.6125 117.2806 118.6639 118.2438 115.4213 117.4868 116.1628 115.3993 115.2600
98.4700 97.5842 96.8364 96.7932 96.5313 96.5813 96.5459 98.0954 98.5654 99.6183 100.0081 100.9272 101.6970 102.4739 103.5626 104.0431 104.4616 104.7445 105.9764 107.2942 107.0037 106.5268 105.9925 110.8617 114.7280 110.6296 112.9448 112.0716 115.7550 115.9907 113.5268 115.2146 115.5696 118.0928 117.3277 115.0215 112.7962 115.3701 115.4033 115.1800
96.7900 96.1127 94.7192 94.4691 94.4175 94.0920 94.4477 96.9445 97.3951 98.3100 99.1438 100.3266 100.9383 101.3005 103.9688 104.0364 103.8093 105.7783 105.3260 103.9757 110.1075 109.4405 105.5152 108.1248 108.8108 109.1126 109.1321 111.9988 108.9260 114.3874 110.5437 114.4393 115.4351 116.0897 116.8712 114.7932 111.6197 114.6436 115.2912 115.2500
94.4900 93.8633 92.3154 92.1355 91.7772 91.8109 92.9401 95.3300 95.5781 97.9306 98.8133 99.8168 100.8067 101.4444 102.1693 104.0069 103.8055 105.1628 105.1364 104.3031 106.6079 107.7350 106.6884 107.3018 108.0393 108.4112 108.4171 108.5855 108.2767 108.9990 108.6372 113.2920 110.5469 115.5746 116.3772 115.2506 112.0823 112.0889 110.1281 108.7900
93.7700 91.5409 90.0636 88.3683 87.5597 87.4184 88.9689 92.0858 94.4207 96.5646 98.5760 98.7655 99.9603 101.3007 101.7463 102.9330 104.1943 104.4484 105.3312 106.4083 105.6007 105.9985 106.9503 106.2753 107.4723 108.0658 107.9607 108.2002 108.6297 109.5375 110.5948 110.4052 114.3035 115.0618 115.2804 115.3426 109.0703 110.6917 109.1203 113.1800
90.6800 88.7104 86.0805 83.7133 81.6715 86.7361 85.4458 89.2531 93.0390 95.7751 97.3003 98.7821 99.6592 100.8019 101.6142 104.0796 103.1047 104.5312 104.7331 106.7104 106.7479 106.5566 106.1815 107.0553 107.7705 107.8753 107.5504 108.2782 108.4239 109.0697 109.0751 108.7916 112.0355 112.8097 114.5362 114.9818 110.1361 110.7886 110.2576 109.7700
90.3900 86.8125 83.2570 77.5708 72.8484 78.2915 83.4085 87.0192 92.4799 94.6786 97.2958 99.3479 99.9700 100.7942 101.3754 103.2925 103.4385 103.8214 106.1153 105.9887 106.9419 106.5552 107.1430 106.8398 107.1327 107.0581 107.6819 108.1686 108.9057 109.4566 110.8971 108.1507 108.1353 110.5100 111.7257 112.0544 113.0011 113.3566 118.9649 114.6000
87.7900 85.1954 79.0389 62.9501 63.9220 70.4703 81.9115 85.3338 91.8654 94.0111 96.9390 98.7676 99.8467 100.5091 101.0445 102.1686 103.2815 104.9303 105.7913 106.7387 106.1134 106.4545 107.6061 108.0847 108.3252 108.0536 108.6758 108.9426 108.6147 112.7638 111.6418 109.2572 110.7340 107.8990 108.0943 107.7468 113.5999 114.9115 114.0765 117.4700
87.5500 84.7214 79.8773 66.1805 62.5044 69.2396 79.3559 86.4733 91.1368 94.1240 96.3046 98.9631 99.5785 100.5251 101.3120 102.0025 102.8215 105.4264 105.7939 106.5418 105.5843 105.5852 107.6084 107.8469 107.8064 107.4840 108.6705 108.7079 107.6826 109.4109 109.3227 112.0925 110.8095 107.9186 108.6692 108.7047 110.0100 113.0383 112.4008 112.6100
91.5700 87.9811 82.5063 74.3361 71.0688 76.1900 81.8859 86.8708 90.5672 94.8105 96.8879 98.8523 99.6325 100.4645 101.4111 102.6327 104.4309 105.4831 105.2618 105.5043 106.9945 105.6296 107.1358 107.6315 107.3349 108.2256 108.5408 108.6445 112.3249 112.7756 113.0409 113.9188 108.9861 107.7795 107.7986 109.7774 109.3224 111.1900 110.7205 111.0600
90.9300 89.5705 84.6053 81.6007 80.9815 85.0444 85.5200 89.3696 92.1284 95.1567 97.0734 98.4739 99.2477 100.4889 101.5445 102.1741 105.0787 105.7976 105.6860 105.0134 107.2227 105.9415 106.8697 108.0562 107.6232 108.2188 108.2712 108.8354 110.6180 110.7213 110.5968 111.4725 110.0309 108.0404 109.2953 109.7156 110.2244 111.4575 111.2049 114.1000
94.4600 91.5552 89.1985 86.7079 86.3629 87.6646 88.9882 92.0189 93.6281 96.1597 98.2655 98.9662 100.1552 100.8289 101.5927 103.6119 104.4231 105.4639 105.9046 106.7273 106.5093 106.9371 106.3337 107.4250 108.3843 108.0440 108.4384 108.9008 110.2503 110.3019 109.3404 108.7978 109.1855 107.4387 109.0402 111.5039 111.6739 114.7349 112.1396 113.3200
97.0500 94.5635 92.5510 91.3888 91.1899 91.6628 92.2855 94.2765 96.1340 97.4342 98.7571 99.9016 100.4133 101.1059 101.6374 102.8457 104.1879 104.9978 105.0107 106.0985 107.1817 106.1398 106.3779 107.1447 108.1406 108.8700 113.0576 109.2712 111.3419 114.5965 109.7456 113.4703 108.2440 109.5482 112.6403 115.1623 114.9688 110.2684 110.1859 112.7300
96.9600 96.1753 95.5126 94.6792 94.1960 94.7912 94.2769 95.7807 97.4021 98.2578 99.4568 100.2777 101.1127 102.0454 102.2924 104.9051 104.0779 106.1886 104.7391 106.6644 105.2799 105.9250 106.5275 106.8293 108.3264 108.3914 109.0042 110.1783 111.4905 107.8823 109.2309 107.4132 110.2398 114.2232 111.7552 115.7352 116.2201 116.4405 113.4311 114.3600
98.8300 97.8164 97.2920 96.4687 96.1278 97.7701 96.7735 97.4723 98.6513 99.5154 100.1785 101.0350 101.7931 102.3938 104.6459 105.4099 104.9598 105.9143 105.6797 105.5562 106.4488 106.8803 106.6542 106.6825 107.4770 108.0233 108.7843 109.9644 110.0290 109.8797 110.6460 110.3877 115.1024 109.2290 114.4594 114.4585 115.1948 114.7031 110.6663 111.4500
100.3300 99.3278 98.5162 98.2636 98.2483 98.2067 98.7119 98.9425 99.5357 100.5557 101.0539 101.6202 102.2656 103.1332 104.4920 106.2663 105.8524 105.5356 106.5567 106.2667 106.9803 107.2636 107.3635 108.7979 110.3172 107.5509 107.9687 109.4355 109.7568 112.4785 113.6056 114.2407 112.8918 116.2502 115.2103 119.2303 115.5017 112.4155 109.9725 109.1400
100.3300 100.4522 100.0045 99.6708 98.9416 99.4994 99.9097 100.2193 100.7708 101.2613 101.4581 102.0389 102.6083 104.5252 104.7472 107.6749 106.7211 107.0677 107.2023 106.3569 106.6141 107.6665 108.3489 108.2818 110.4537 112.0363 110.2904 107.9279 110.6989 114.4178 110.2492 111.3401 112.9076 114.9900 117.6072 116.9987 114.8598 117.0727 114.0295 109.1400
101.8700 101.4783 101.1684 100.5025 100.5699 100.1604 100.8159 101.3427 101.4669 101.5953 102.1040 102.7888 103.3225 107.0491 105.1842 105.5522 105.1033 105.8598 107.0428 106.2544 106.9430 107.8008 108.9528 107.8248 107.4432 110.2818 109.7648 113.9624 116.9556 112.7279 113.6621 114.7275 113.4059 116.0182 112.1969 113.1575 110.7729 115.4081 115.1347 111.4100
102.3900 102.0097 101.7476 101.8779 101.7196 101.5128 101.3334 101.6758 102.3278 102.5446 104.2303 104.1814 106.0069 108.2131 104.9857 105.1641 106.5398 107.9483 106.9676 106.9779 107.7628 110.2849 112.3215 107.8769 108.5388 107.5040 111.6979 110.8884 111.2793 112.4529 115.5904 114.0709 116.0874 115.7621 105.9024 107.9744 110.1652 112.1033 110.1130 109.7400
102.6300 102.6077 102.4622 102.1439 102.4908 102.4012 102.3327 102.6059 104.2527 103.4103 104.3712 105.0418 105.4232 104.3862 107.3639 105.8891 106.5918 107.9278 107.5341 107.3327 107.4523 109.1192 112.0695 108.2746 109.8498 111.5142 115.1765 113.1080 113.2348 113.5425 112.9139 114.5004 105.0487 116.0759 113.0716 112.8501 108.0281 112.0554 110.7489 112.0500
103.3100 103.6013 105.6653 103.9003 103.0913 103.2320 104.5402 105.4307 105.3463 105.0382 104.9341 105.6496 105.9846 105.5191 106.4981 106.7507 107.6259 107.0378 107.1818 107.1746 107.9370 106.5784 108.9560 107.9349 108.0838 109.4536 110.2571 115.3075 110.8583 115.8875 114.6477 113.8291 115.3312 114.0106 113.8308 113.3038 113.2449 108.8308 111.3920 117.1300
106.4100 105.6100 104.9366 103.9067 105.0099 103.9843 104.3208 104.3880 104.6762 105.9736 104.8899 106.6279 106.3299 105.7047 106.9537 106.9945 111.4601 110.5453 113.1106 107.7158 107.3813 107.6741 114.1115 113.2942 107.9067 107.6783 110.7634 110.1125 109.9067 114.7198 115.2124 109.9421 116.2855 116.5991 112.1995 111.7299 108.7681 112.1861 112.2035 111.0500
106.6600 106.5707 104.7014 104.6926 104.2429 103.5970 106.3201 108.0019 104.4593 105.7886 105.6913 106.8365 107.1923 105.9077 107.0262 107.8494 107.0334 106.4700 112.5305 109.2358 108.5453 107.9321 109.1135 109.1950 107.3735 108.4217 108.7178 107.6747 111.0792 113.4538 113.6445 112.3065 111.9947 111.8629 109.2762 108.9810 110.2923 108.8289 111.1465 109.5900
106.1300 102.9009 106.3042 105.4991 106.3355 106.5128 106.0211 109.1717 106.1156 105.8627 107.3229 106.8760 107.7385 106.6265 107.1498 106.9184 109.1020 114.4733 107.8831 113.5204 114.6963 112.8629 111.8151 109.5109 109.5309 108.8966 110.5910 108.4086 108.1511 111.3935 115.7348 111.3866 114.0079 113.8869 109.4352 108.5497 110.6476 110.8097 109.1178 109.8800
107.3500 107.3755 106.5461 106.9983 106.5495 106.8856 106.2188 106.3341 107.2694 107.2722 105.4371 107.3327 107.6752 106.5130 107.1790 107.9520 108.8029 112.2973 106.8091 109.7595 112.2846 110.7151 110.7016 114.4101 111.2127 109.9146 107.7445 108.7782 109.3843 109.3036 114.8535 114.1058 116.5279 113.4362 108.6738 109.2991 109.4477 109.6356 110.3215 110.1600
107.6500 107.6773 106.0781 107.4397 107.4927 106.5709 106.9523 106.0399 106.4909 106.0793 107.3654 107.9426 107.2396 106.8290 106.7959 107.3154 108.0644 111.4290 111.0214 108.0874 106.9315 109.4716 112.6932 114.7185 108.4109 108.0241 107.9440 109.4552 109.2151 109.5010 112.8830 114.2544 113.3882 115.0601 110.0258 108.9904 109.8872 109.4701 111.4392 110.5400
106.4700 107.4152 107.3471 107.5066 107.5726 106.3128 107.4397 107.8934 107.4266 106.7420 107.6011 107.4881 107.3093 107.4588 107.9618 108.2230 107.8277 109.0161 111.4694 111.4662 107.7220 113.6574 114.8168 115.1599 112.4179 105.6917 108.7011 108.0606 108.8581 109.5194 109.6141 111.5690 110.6431 110.6441 111.5671 108.6658 110.3275 110.7280 112.9549 110.8600
108.0700 107.9422 107.7883 107.0760 107.3519 107.4332 107.9700 108.3681 107.4802 106.9643 107.2283 109.0965 107.1218 107.9193 108.1049 107.3529 108.7248 109.0849 110.1771 112.6989 110.8382 112.9877 112.1997 113.0707 112.3675 111.5130 110.5183 110.4819 110.4971 111.2850 111.3510 108.7592 112.3472 110.9420 111.5983 110.5620 109.9798 110.6856 109.3587 109.7800
106.9000 108.5681 108.3299 107.9039 107.6439 108.5087 107.1459 108.7190 108.6999 108.0096 108.2751 108.2503 109.9253 108.6916 108.6376 108.1035 108.6408 109.1138 109.4117 110.5221 111.9079 112.5907 111.6696 109.4806 112.6128 107.4302 111.8796 111.0135 112.3899 112.1661 110.7246 109.8201 110.6947 107.9456 112.6147 109.8444 110.3672 110.4749 110.2209 109.9200
107.2500 108.8016 108.6591 108.3281 107.7138 109.0062 107.6877 108.3642 108.3563 108.8856 107.7986 108.7745 111.0621 108.4579 108.6810 112.8342 111.8128 109.2078 109.6618 109.1276 110.4033 111.9460 114.6661 111.6570 110.3404 112.9442 115.5437 110.8334 111.6126 110.9207 109.9758 111.2892 110.2075 112.9129 110.8606 109.7964 112.5515 110.3435 110.5282 109.3800
108.4600 110.2862 108.7366 108.4428 108.6616 110.2934 107.9353 108.2476 108.8127 108.3053 108.4627 108.1866 113.4012 109.3836 107.8952 109.8333 110.0626 111.6021 108.8024 110.7564 114.7528 111.5890 115.5794 115.3691 114.6615 115.3569 117.2542 112.7779 109.9121 110.0579 111.1373 111.4323 112.2380 113.6207 110.9475 109.9739 112.8263 112.2936 112.7759 117.1600
103.1100 107.8412 108.1637 108.9661 109.2245 115.4477 103.9848 107.9927 108.5277 108.5650 109.0193 109.8094 115.3829 109.1851 110.9374 111.2470 113.7198 110.4161 109.9137 110.0772 113.1956 110.0112 117.4029 116.6337 109.3644 109.2719 113.7872 114.0297 109.5171 109.8086 112.7528 111.1933 112.9947 114.8794 109.4723 110.5507 112.8377 112.1046 110.2726 113.7800
103.1400 109.4200 108.9800 108.7600 109.0500 108.1100 109.4300 108.1100 108.8100 108.3200 108.3200 109.5900 109.5900 115.6400 110.7000 111.7000 113.2100 113.4700 110.1400 114.6700 107.6000 115.0800 108.3300 110.1300 110.4400 108.2600 111.5600 108.7100 108.7100 109.6600 111.7000 111.5500 113.3200 114.9000 109.5300 110.2400 109.3300 111.7000 109.5800 111.5600
