103.5800 104.4400 104.4400 103.5300 104.8500 104.2500 102.9600 102.9800 104.3800 104.7700 102.8100 103.6600 104.6000 107.6200 107.6200 107.6400 106.2000 106.2100 106.6800 105.1200 106.0200 104.9000 106.5900 106.5900 108.5900 109.5400 108.8600 109.7300 113.4800 113.9700 114.4500 115.6700 116.2000 116.8500 116.7400 116.7700 116.2100 115.5600 115.3200 114.6700
103.4600 103.1383 103.8930 103.5357 104.6688 104.4407 103.3606 103.2409 103.7816 104.3471 104.5457 104.2229 105.1457 105.5232 104.7256 104.8344 105.0687 105.3346 107.2172 104.9188 105.0909 105.3241 105.1458 106.2563 107.5114 108.0093 108.1404 111.3399 112.6074 113.4739 114.2271 114.7791 115.8598 116.9483 117.5375 117.2574 117.1950 117.7684 115.1647 115.0700
104.5400 103.0471 104.3916 103.0526 101.5053 102.0352 101.7369 101.7109 101.7211 102.3697 102.7769 102.5649 104.5841 104.8568 104.6582 105.3508 105.7793 104.7876 108.7610 106.5420 105.3122 105.9949 106.0887 105.4697 106.6842 107.9407 109.2259 110.4300 111.4795 112.8861 113.4703 115.9406 116.8760 117.7325 117.1042 116.9020 116.6627 117.4627 115.7437 115.1700
102.9800 102.4634 102.0854 101.5140 101.1225 100.7909 100.6295 100.5741 100.9628 101.1181 101.3299 101.5286 103.2777 103.7407 104.5177 104.9110 105.8111 107.2522 107.4654 106.0730 107.8038 106.3597 105.5802 105.2777 106.1608 107.2058 108.3388 110.1236 111.5232 115.1364 114.1994 115.2124 116.2019 117.2857 117.1502 117.0844 117.3992 116.4835 115.9164 115.2000
102.0600 101.8947 101.3862 100.8932 100.1206 99.8538 99.6552 99.5895 100.3897 100.2920 100.4088 100.6965 101.2160 101.7703 104.0231 103.8792 102.8960 104.5648 103.0169 104.9108 105.0380 106.1959 104.8694 105.9627 106.3372 106.5041 107.7353 112.5460 115.6030 114.9219 115.2156 114.6711 116.2206 116.8028 118.3262 117.1407 117.4159 116.6170 115.9471 115.6300
101.6100 101.2909 100.4258 100.0975 98.8114 98.4283 99.0733 99.1484 99.3751 99.4879 99.3110 99.8079 100.5310 100.8929 102.1684 103.4710 103.1452 105.2020 104.4893 106.0430 105.2521 105.7703 105.5399 105.9649 106.0277 106.6417 108.9137 112.3859 112.3618 112.5331 114.9133 114.0825 116.0063 117.0680 118.0051 117.3501 117.7172 116.8963 116.5390 115.9500
101.0600 99.7029 99.2436 99.4232 97.8394 97.3438 97.2968 97.1247 96.9928 98.3001 99.0142 99.0945 99.9398 100.4808 101.0033 101.8081 102.5211 103.3833 104.4125 104.8419 105.3258 108.6064 107.0081 106.8907 105.8595 107.5651 108.5204 109.3344 110.7211 112.6931 115.2472 115.2969 116.6930 117.6187 119.2314 119.1396 119.0300 118.1118 117.1488 116.3500
99.6000 98.9670 97.9136 97.5244 97.1915 94.8161 95.1125 94.6023 95.0759 95.9052 96.6732 97.8608 98.3796 99.8022 100.8194 101.3549 102.5591 102.4624 103.4582 104.2377 104.7553 110.5130 105.4757 107.3222 105.6246 106.2820 108.5988 108.0345 112.7874 114.2024 116.5306 117.8934 118.9957 118.5284 119.4294 120.2374 118.9626 117.8455 117.1481 116.4600
99.5000 98.3293 97.2781 96.3877 94.9346 92.3478 92.8086 92.0198 93.1193 94.0681 94.4046 96.8486 97.6276 98.5185 99.9358 100.9899 101.5831 102.4675 102.9572 104.8601 104.8730 105.8421 106.8134 106.1104 105.1056 106.3800 107.2042 106.3614 111.4148 113.6300 112.7459 116.4055 116.0441 118.3718 118.6616 117.7786 120.0893 118.4930 117.5114 116.5200
98.5600 98.1475 96.0732 94.4123 91.7230 88.8240 90.1406 89.0617 89.1178 90.3665 93.2774 94.6648 96.3720 97.4231 98.8188 100.1862 101.1847 101.8648 103.0035 103.6601 104.7223 104.7083 105.0894 110.0745 105.6295 105.7988 113.4858 113.4118 114.0341 115.1611 114.2674 114.7711 117.9566 118.3045 119.9749 116.1994 112.6826 118.2771 116.7801 116.1600
98.1200 96.7942 94.8066 92.9389 89.5001 86.1154 84.3131 86.0857 84.4586 89.9198 90.7857 94.2993 96.0196 97.3872 99.0610 100.2087 100.8697 101.7887 104.6008 105.1291 104.3381 104.2664 106.3437 106.4832 107.3725 107.4463 113.4038 110.2295 113.4781 114.1233 113.4389 113.6271 115.8552 115.8344 117.1157 115.3842 111.8918 117.7706 117.1497 116.2100
97.7200 96.5460 95.2147 91.8531 86.8558 80.9592 75.5595 74.5941 78.0635 86.5264 91.3167 92.6305 94.4430 97.0645 98.5941 99.4610 100.6202 101.2916 104.2888 104.2961 104.1465 106.0297 106.1069 107.0185 105.8226 106.6032 107.0067 107.5034 110.5113 111.9863 113.3625 113.6012 113.5468 114.3190 115.1504 114.2104 112.0571 111.6756 108.9134 108.8200
97.6100 96.2142 94.1869 90.6548 85.0444 78.3466 69.2142 65.8973 70.8884 84.3530 89.4937 90.3035 94.2443 96.5722 98.1325 98.8270 100.6904 101.3809 104.0808 103.1275 105.7685 104.5578 105.1832 106.9893 106.7462 106.8171 107.1630 107.6312 108.2484 107.9262 112.5596 114.4285 114.5980 114.5496 115.7578 114.9467 108.1486 112.0620 110.6440 113.7900
97.8100 96.1167 94.2700 91.1055 86.6310 76.9127 67.6157 63.0110 69.1906 83.7189 88.8092 91.3575 94.6782 96.7663 98.2197 98.8084 100.5424 101.3419 104.1265 102.9221 105.1722 104.8876 105.2185 106.4462 106.5958 106.6255 107.0651 107.7283 108.4273 108.4828 111.5285 112.2074 112.1716 114.3930 115.0276 113.4785 109.0126 112.9166 111.8327 113.7900
97.8500 96.8353 94.8467 91.8865 89.8382 80.8281 73.6823 70.5960 76.5094 85.7671 91.3776 94.6066 96.2531 97.4760 98.2161 99.0558 100.8102 101.8555 102.4831 104.5144 104.7060 105.6580 105.3624 106.7107 106.6919 107.2884 107.3254 108.0677 108.2222 108.6150 108.1341 107.5624 107.6302 111.5628 111.0581 109.6367 112.5374 115.0053 118.4524 117.1600
98.3900 97.2737 95.2634 92.5714 90.5387 88.5440 82.3103 81.3398 87.0105 87.4917 92.6325 94.7090 96.2766 97.3635 98.5714 99.3885 101.0021 102.1004 102.7381 105.1323 104.7585 105.5459 106.7409 107.0005 107.4469 107.7193 108.0306 107.9963 108.4051 108.5404 109.0586 111.0299 108.7389 108.3876 107.9506 108.9224 116.1039 113.5777 112.0924 117.1600
98.5500 98.1107 96.9870 94.4463 92.8430 89.0869 89.1672 89.0840 88.8347 91.0971 94.0852 95.5967 96.5658 97.7232 99.0865 99.8105 101.3155 102.2302 102.9342 104.5043 104.1576 106.0056 105.9182 106.8291 107.2936 107.7254 107.3906 106.8898 108.4551 108.8926 108.7491 113.7950 107.9497 108.6540 108.6307 110.5048 111.7586 116.0795 108.2391 108.5500
99.5300 98.8253 97.8903 96.1089 95.4828 92.3537 91.9007 91.8255 91.2687 93.8014 94.9535 96.1588 97.1110 98.1598 99.6966 100.7974 101.7403 102.4324 103.1596 105.0980 105.5719 105.9652 105.8161 106.4359 107.4426 107.8791 107.8214 107.8430 108.4219 108.7416 108.2230 109.2546 108.6071 108.5829 107.3614 109.6326 110.5128 111.5032 113.7400 112.1800
100.0600 99.5449 98.7528 97.4115 96.5701 95.5650 94.3625 94.0725 94.8086 95.8870 96.9373 97.6301 98.4416 99.1162 100.0765 101.4072 101.7744 103.8100 103.4633 104.8257 106.1177 105.5654 105.5127 106.4524 107.5345 107.6641 108.2564 108.4168 108.5537 108.9880 108.5815 109.1805 108.6138 108.2903 110.2468 111.3733 110.2769 113.4139 113.4000 113.1800
101.0200 100.3416 99.5676 98.9657 98.3835 97.3466 97.0864 96.8684 96.8224 97.7327 98.8182 98.9144 99.3289 99.9507 100.9306 101.8582 102.4897 103.8640 104.1899 105.8626 105.9980 105.0715 105.7724 106.8228 107.4202 108.1113 108.3964 108.4405 108.2185 108.1279 108.9065 109.0996 108.0025 113.2509 115.2386 110.3932 113.8515 109.6343 114.1850 114.1700
101.7600 101.0862 100.6380 100.0705 99.5110 98.7800 98.5174 98.6357 98.9417 99.0108 99.6231 99.9032 100.5501 101.3079 101.4443 102.2267 103.0960 103.4570 104.6617 106.4947 105.6290 106.3378 106.3660 107.1878 107.9067 107.9403 108.1820 108.2446 108.0119 107.9883 107.8486 108.3218 108.9623 110.4374 112.9424 110.1598 112.3149 110.7291 110.5929 112.5100
101.9900 101.7687 101.2723 100.7218 100.1630 99.9046 99.4664 99.4766 99.9672 100.0798 100.4874 100.9485 101.4329 101.8428 103.9128 103.0103 105.2165 104.1114 105.4888 105.0667 104.5504 106.8524 106.1973 107.6271 106.8992 108.1533 108.4906 108.6117 108.5135 108.2371 108.7366 109.4995 109.1853 109.5330 109.5543 110.2802 110.7937 110.6819 109.7636 110.2000
102.6400 102.3838 101.9747 101.6057 101.2317 100.9626 100.7165 100.7037 100.9789 101.2662 101.3839 101.7308 102.1058 102.6211 102.9356 103.7561 103.7957 105.5653 104.7976 105.5368 105.0707 106.9976 107.1997 108.0559 107.1654 108.1966 107.9406 109.1756 112.9052 109.6254 111.8228 114.1525 112.5199 107.0252 111.0101 109.6679 110.1486 110.3054 110.0662 109.6700
103.3200 103.3843 102.4376 102.5974 102.0965 102.0267 101.7422 101.7182 101.7416 101.8868 101.9582 102.3005 102.5566 103.9736 105.2163 104.5610 104.4932 106.4685 106.3233 105.7826 106.2701 107.2395 107.0264 107.5881 107.5801 108.1200 107.9784 108.2997 108.2838 110.3222 113.9693 113.8568 112.4326 120.1130 115.1908 112.5271 112.1234 111.0403 113.1841 109.7000
105.9300 105.0856 104.1282 103.1785 102.0932 102.4308 102.6191 102.6033 102.3902 104.5001 102.9155 104.1849 104.7106 105.7429 106.0032 107.3473 104.7854 105.2013 105.8388 105.7175 107.6175 106.8361 107.5125 107.9739 108.3333 107.9954 108.6081 108.9205 109.0284 108.9836 108.8266 109.3327 111.7942 115.0934 110.6016 114.3314 110.1050 110.8266 111.3201 108.7400
105.8400 104.1041 104.8954 105.8052 106.2813 104.0206 104.1963 104.7712 105.1333 104.6016 104.4952 104.8446 105.2822 104.5175 108.1090 106.9703 107.2356 106.4303 107.3635 106.7050 107.7409 107.2591 107.7960 107.9620 107.8789 108.5197 108.5248 108.8430 110.7843 109.4938 109.1665 110.2217 108.7260 113.1671 109.5277 115.8088 116.2919 116.6026 109.7924 111.1600
105.2300 106.1480 106.0883 107.3194 105.3981 104.0711 104.6927 104.4076 105.0881 105.2562 103.8327 105.5466 104.4105 103.5005 106.3405 108.6043 108.3967 107.2007 106.4097 106.2646 107.9713 108.1034 107.2693 108.1304 108.5573 108.5375 109.0280 109.2208 112.2935 108.9976 108.8515 109.0714 107.3611 110.3299 109.9796 112.0621 112.2227 116.6434 114.2467 111.5900
106.8200 107.0065 105.1280 107.0060 106.9055 105.7322 105.5481 105.8837 104.5515 105.0701 104.8833 104.9576 106.0140 104.9682 107.9250 107.5483 106.9196 107.0785 106.8245 107.1272 107.2533 108.0728 107.5880 108.6462 108.7648 108.9042 109.2328 109.3067 109.7372 110.0081 113.8075 108.6417 110.4105 109.6940 110.0892 111.2840 109.4488 110.9555 114.3031 114.2900
106.2600 106.7151 106.9803 110.4562 106.0520 105.5558 105.8284 106.0308 105.5450 106.6456 105.8415 105.0392 105.9382 105.3157 105.7688 106.0456 106.3837 106.0344 106.7814 107.3982 108.0025 108.1934 108.2452 108.7461 108.8294 108.9825 109.5053 109.4775 108.2850 108.5002 114.7240 112.5152 113.8527 112.3088 108.8686 109.3157 109.1881 109.8349 110.7208 116.6800
106.4700 106.4859 105.9971 106.2629 104.2047 106.4812 106.3875 106.3726 106.5497 106.7973 105.9892 106.2259 107.0695 106.7535 108.7133 106.8425 106.5898 105.7895 107.4589 107.0691 107.8554 108.4825 108.1703 108.1668 108.2668 108.6566 109.5891 109.4288 110.1036 106.8926 108.3074 113.1271 110.1102 112.9139 109.2379 111.6160 108.4181 109.4955 113.2902 110.3700
108.0200 106.1355 105.7513 106.6682 104.9988 106.5619 106.0533 106.1589 107.8802 105.8230 105.8143 105.9807 106.5144 105.9522 111.0854 106.7082 112.1387 109.4184 106.6924 108.2130 113.2457 108.6802 109.1559 108.3305 108.6768 108.5644 109.8592 108.9415 109.3490 113.1938 111.8316 109.9905 112.5143 111.7622 110.3520 111.9922 109.6191 110.4332 111.6291 111.7200
108.3900 107.9771 107.0672 107.2518 106.6046 105.9552 107.3897 107.4655 110.0374 106.8911 106.5597 108.0387 107.8306 108.2381 110.7324 107.3787 113.8796 108.7754 110.2389 110.3909 112.0853 109.0793 109.2922 108.5705 108.8897 108.3839 108.9131 109.2437 109.7021 109.9199 111.0323 111.2725 110.3925 110.7364 109.0021 110.5722 108.3654 109.4993 108.9439 109.0500
108.1500 108.4058 106.9034 107.8596 107.8218 106.4569 106.3583 107.0001 107.5574 106.8342 106.8558 108.2390 106.9942 109.4164 105.6429 108.3150 109.1704 107.3481 109.6902 108.4884 108.8702 111.3353 111.1210 108.7550 111.6639 108.8063 108.5273 109.3179 109.6102 113.4182 115.6851 111.6016 110.7589 110.6052 108.9181 109.5907 108.8397 108.5185 111.4678 109.7300
108.1500 108.8517 107.1252 107.1412 107.7099 107.9137 107.6041 107.6475 106.9249 107.5985 108.1922 108.2243 107.5165 106.8907 109.5230 115.9124 109.3181 112.0019 108.9554 112.0923 113.7975 114.9492 111.9730 110.3964 110.8914 107.4020 108.3037 109.7246 109.5896 109.4643 112.7828 114.0688 115.5244 109.2635 109.5087 111.7477 109.9484 110.9251 112.0662 112.5600
109.4100 109.6726 107.8740 107.4970 107.5457 108.8224 108.0449 107.8433 107.2052 107.5953 108.4692 108.0341 107.5097 111.6240 107.6111 111.5615 111.5402 108.6892 111.6941 115.6715 113.2148 112.9070 111.4869 114.2892 110.7761 107.7002 108.6261 108.6901 113.8914 112.9657 115.4845 110.0902 113.5662 109.1206 108.4716 110.5306 112.9138 111.5481 109.7048 113.7700
107.3200 104.3198 108.3707 108.4211 108.2580 108.3237 109.6764 109.1581 108.9465 107.4806 108.3506 108.6203 108.5924 109.1982 108.4722 107.9564 114.1893 108.4609 111.5974 110.2763 113.8882 114.1357 111.3474 107.5222 109.1051 107.5353 107.8226 108.6423 109.7156 111.4585 111.7328 109.6544 113.2512 111.4036 110.1671 109.8061 112.0951 109.1249 110.0881 109.6900
111.2600 105.9304 103.7357 106.0341 107.7307 103.6400 109.6673 109.2250 108.8762 109.2046 109.1392 111.3656 108.9867 108.8369 113.1393 110.9542 115.9689 112.8676 111.2569 109.1993 110.1023 111.6713 108.7930 108.1382 109.7118 109.6559 109.1909 109.0995 110.3676 110.9708 111.0341 112.7118 110.1602 111.4989 111.6721 109.9917 113.8756 111.4803 109.4314 109.6900
105.1000 104.5448 109.0885 107.3207 103.8099 104.3191 104.5210 109.3140 109.2891 109.5204 112.2052 110.7779 109.3115 109.7665 112.9472 115.4471 115.9201 115.5661 111.6117 111.2272 109.6824 114.1146 111.5024 109.5714 110.1220 111.1957 113.0654 111.1752 108.5406 111.2064 112.5257 111.9471 108.5773 112.5665 113.5494 111.8967 113.2567 110.7513 109.5312 116.6700
105.9100 105.6524 108.7928 106.0549 105.1904 106.0561 109.4423 109.3918 109.3804 109.3241 112.8289 110.0245 114.9559 109.5036 114.9090 114.7296 113.0230 116.5412 113.5723 111.1131 114.7241 116.3947 110.5992 108.9840 113.9835 113.3301 110.6359 112.2911 109.7626 111.6011 111.3036 111.5312 110.4152 110.8551 110.1199 110.5902 111.1852 109.5221 111.9324 118.1800
106.6400 108.8300 108.8300 105.9300 104.9800 105.0300 108.3700 108.6700 108.9300 109.1400 114.8100 109.6900 109.4700 109.6800 113.2100 116.7600 112.4900 112.9000 116.8300 109.4500 108.1500 115.5200 110.7100 110.7100 115.5300 110.5000 113.9000 109.1600 110.8400 111.5400 111.0800 112.1800 113.6400 112.2100 112.2100 112.5100 113.2600 110.0200 110.5300 116.7400
