111.6100 114.3400 111.9900 110.1700 109.1000 111.8800 115.4800 111.9400 108.6200 108.4300 111.1100 111.5500 108.9300 111.0100 108.2800 113.0200 113.0200 116.3400 110.8600 108.7200 114.4500 117.1200 114.2800 117.0100 116.6500 113.4700 115.5000 114.0100 112.7600 112.6200 112.4700 112.3400 112.1700 113.3200 113.3200 111.6400 112.8600 112.7100 112.5200 112.3700
111.6100 113.5224 109.6049 109.3160 108.3817 111.1557 114.6863 110.7876 108.1417 107.8336 111.1374 111.1092 107.9415 110.6670 109.4594 109.4688 112.6796 116.0346 109.5518 113.2959 111.8224 112.5878 115.1239 113.4108 114.3125 114.0440 114.3562 112.8701 113.0012 112.5541 113.3877 114.2417 113.8168 113.6315 113.3491 111.8701 112.3099 112.9016 112.7165 112.3700
112.3600 111.5663 111.3269 111.2094 110.0320 109.5467 113.3745 113.6882 109.3560 113.1537 110.7032 108.4210 109.5317 108.9124 109.1459 108.4962 109.8195 109.1908 108.3250 107.7402 113.2743 113.2185 113.3228 109.8588 110.8451 113.0614 110.6758 109.8828 111.1080 111.7612 109.8377 113.9792 112.2268 114.0486 113.1079 110.8758 110.5266 111.2502 112.8184 112.5400
115.3900 111.2020 110.8496 111.2567 108.8830 110.0561 110.1584 114.3490 115.9772 110.3596 110.6325 107.8697 109.3685 108.4612 109.2792 110.1395 109.9300 107.6115 110.6359 113.8370 117.3406 114.2761 114.6037 110.3492 109.3891 111.4752 109.3980 109.5310 109.5368 110.9147 109.2604 109.9940 113.5100 114.2255 113.9186 111.8887 110.5977 109.6162 111.7250 112.6700
116.3700 115.8322 112.7340 116.3421 112.5251 109.2898 108.6018 111.7897 115.2287 113.9326 108.7638 108.1926 108.9109 109.3880 109.0345 109.4143 109.4915 109.9795 111.4615 114.4923 114.2161 107.7983 115.1548 111.3998 109.9583 109.3302 109.1854 109.5031 111.0184 109.0928 110.0170 111.6805 114.0495 113.8063 113.2855 111.5665 109.9347 110.7395 109.3076 109.6800
116.3700 114.1266 111.9191 115.0526 112.9990 108.1519 108.1837 110.5807 110.5913 110.3894 109.5706 108.1814 108.5516 108.8140 109.6472 108.7222 108.8859 110.7336 111.0666 116.8934 113.9887 111.3237 109.2053 109.6899 110.5183 108.6736 109.7205 109.6524 110.9854 110.2202 109.9578 111.6179 111.9255 112.2802 112.1662 111.0883 109.5932 109.8405 110.8904 111.5900
111.4800 110.2108 108.3362 110.9704 115.0101 108.2404 109.2865 110.5606 110.8213 109.6635 113.7454 112.2175 110.0770 109.0001 108.9552 108.6540 109.9200 109.1299 109.6692 116.4890 112.1962 109.3720 108.2591 108.8845 111.1470 109.3717 109.6591 110.3197 109.4630 109.7080 110.3848 111.0639 110.4234 110.7288 110.0970 110.9389 111.3702 110.7686 112.7038 110.6000
113.9800 111.2619 108.4136 113.6827 113.3314 107.9938 108.8759 110.7266 116.3228 109.0536 108.4893 109.7169 107.5396 109.4777 109.1621 109.1877 111.0735 110.2763 115.0908 116.6261 116.1640 107.4292 109.3576 109.5348 108.5961 110.1953 110.5963 110.7733 109.8933 109.7194 109.2480 109.0378 109.0894 109.2245 108.9727 111.2495 112.1492 112.6674 113.9713 113.5600
107.9200 109.2444 109.8949 112.8893 114.6923 108.1125 107.9707 110.2743 108.8505 108.7529 108.9502 108.9993 108.7572 108.5674 113.7995 109.6623 109.3667 109.6598 113.0495 114.1215 112.9541 108.7170 108.8970 110.5317 108.9355 113.1573 110.6205 108.6638 109.5491 109.2814 109.6567 109.4504 108.9510 108.7451 109.0594 109.7871 112.7371 111.6536 110.3156 109.8700
112.3700 113.3434 113.4759 111.7599 111.2168 107.8626 107.7244 107.4925 108.3611 108.5153 108.4666 109.0690 108.8670 107.5366 110.1340 108.7503 113.2284 115.3034 114.0746 113.2428 112.2091 109.5656 108.6000 110.0457 108.0627 109.7857 108.8527 108.6400 108.8836 109.4470 109.4713 108.6412 109.2639 108.6783 109.5520 110.4482 112.9857 109.9565 110.3718 109.6900
111.5900 114.3447 110.7851 108.3885 107.8693 108.5739 107.9332 107.6954 108.3184 107.9349 108.7263 108.4585 108.8411 108.7331 109.1411 108.9070 110.0397 115.2316 111.4596 109.4713 110.1884 113.8597 108.4143 109.7893 109.7024 108.3393 109.8892 110.0259 108.9418 108.7932 108.7475 108.5731 109.7478 109.1362 109.5988 109.0989 109.3873 110.0788 109.9976 110.6400
108.1200 113.5819 107.5191 107.8108 107.9303 108.1108 108.1798 107.5517 108.0393 107.5055 108.7428 108.7255 108.4448 108.5646 108.6534 108.8481 110.6050 112.5547 108.2716 108.2143 111.1228 113.2600 108.9265 109.7684 109.6893 107.9630 108.4679 112.1209 118.1015 117.9444 108.5793 110.1607 109.8573 108.7076 109.3789 109.7326 109.3546 109.7651 109.6299 111.1100
108.0000 109.1192 108.9254 106.6751 106.5547 108.0395 107.3620 107.1499 107.4116 107.6387 107.5871 107.4358 107.3166 108.5493 108.1181 108.8191 108.8725 108.2715 108.6156 109.0256 111.8209 109.5793 109.0445 111.9205 112.0088 109.6279 110.1476 112.5333 113.6460 108.7848 110.0883 109.4585 108.4293 109.3150 109.4131 110.0152 109.1909 109.6786 109.6958 109.2800
107.1500 105.8011 107.0419 105.7024 106.8405 107.4045 107.2843 106.0670 107.2105 107.6452 107.7039 107.0539 107.2228 108.2343 108.2179 111.7030 108.6850 108.6136 109.0677 109.1208 107.6607 110.4409 108.9436 110.5481 114.0138 112.0655 111.1611 111.2642 108.6482 108.7054 108.6685 108.3719 108.3427 109.3671 109.7856 110.1332 110.5796 111.4539 110.8324 111.0600
107.4600 105.1758 106.2677 105.8025 107.2130 106.7382 105.9696 106.8222 106.5660 107.3126 107.5536 107.4660 107.2019 107.3542 107.5653 111.8289 107.9890 108.1126 108.7079 108.7059 109.0035 108.7026 108.7760 113.4678 112.9386 109.9875 115.9113 108.9763 110.0341 112.9359 111.1631 108.9118 108.8341 109.5467 109.6806 109.8388 112.4311 111.4631 111.8879 113.9900
106.5500 105.5972 110.4364 104.7465 105.8147 107.2549 105.8770 105.8696 105.8301 107.2776 105.4694 107.2314 106.8235 107.4729 107.7758 107.9945 107.2489 107.8615 107.8252 107.9155 109.4962 109.9268 109.0789 109.4235 114.2351 110.8277 114.2078 112.1323 112.1214 117.8416 115.1457 108.9653 110.1324 109.5626 108.6173 111.0338 110.3211 109.5915 113.7072 112.5300
104.6500 104.7779 105.4529 106.5170 104.7195 105.0881 107.2693 106.1523 105.5834 106.6565 105.1706 106.6373 107.4352 107.1335 106.9318 107.0285 107.1367 107.9966 107.9810 108.4468 108.8694 110.4933 112.3647 113.1430 111.6190 116.5709 112.4778 114.5679 115.2330 111.6757 109.3657 108.0484 109.5461 110.7753 109.1578 112.0051 110.5201 108.9654 110.7103 111.3000
104.6500 105.3201 106.0859 105.7389 104.4834 105.4131 105.8484 105.3987 106.1085 106.7953 106.6934 106.2520 105.2985 106.9924 107.0256 106.6512 107.7959 108.2448 107.2466 107.0661 107.9456 111.1994 114.8547 114.9524 108.3870 111.1919 112.2835 112.4370 114.7753 113.7393 113.5531 109.4202 109.2817 109.9344 109.4807 109.6153 109.7180 109.4734 109.6144 109.0200
105.8100 104.7300 104.7401 104.6247 105.2805 105.0551 103.7007 104.3259 104.7515 105.4706 105.7175 105.5458 105.9223 106.3392 106.3325 106.2546 106.3850 108.0734 108.1140 107.9232 107.0840 108.5888 109.3372 108.9702 107.3807 108.8069 113.2602 114.3673 111.9028 116.2934 112.6638 109.7609 109.3169 109.9618 110.5391 110.6180 109.7986 110.6725 110.2673 109.6300
103.1200 102.7707 102.6966 102.5839 102.4522 102.8416 102.9291 104.2946 104.3406 104.8898 106.2256 105.9266 106.4735 107.0394 105.9473 107.2490 107.5041 106.8995 107.0157 107.4867 108.1853 111.0154 109.6747 109.2293 108.2835 106.8284 111.9087 110.6775 110.2957 108.8323 109.3870 109.0221 109.7306 111.0051 111.5673 112.7457 110.9073 112.0444 112.4145 113.4700
102.4000 102.2784 102.0501 102.0299 102.0415 102.1034 102.4132 102.3058 102.8071 103.5635 105.5773 104.2115 105.9881 106.5387 105.5113 106.3000 107.0158 106.9787 107.3455 106.5941 111.2102 108.1992 108.1174 105.8613 114.3518 108.3338 109.1364 108.2085 111.3175 109.3497 111.6764 109.1318 110.4334 110.3648 113.7034 109.0834 112.9035 111.1220 112.6247 112.0100
101.9900 101.3513 101.3341 101.6209 101.1437 101.3060 101.5670 101.8809 102.1675 102.4601 103.1440 103.5080 104.5972 105.8828 104.5787 106.2947 106.8838 106.6588 107.3004 106.4589 106.7215 110.5826 106.6745 109.4754 109.0710 107.8342 109.1212 108.6907 110.0560 113.8816 112.4459 109.7598 111.1064 112.6645 109.4270 109.9413 110.0155 111.7883 108.8719 109.1900
101.0200 100.9530 100.3758 99.7344 99.5669 99.8206 100.4946 101.0096 101.4051 101.8683 102.3892 102.8024 103.2666 105.3033 104.7456 105.4882 107.0353 106.5102 105.9575 107.2290 107.7581 110.0915 110.6569 108.6758 107.8358 108.4461 108.8752 108.7378 109.2362 109.3940 110.2335 110.8752 114.9526 116.1750 108.9457 116.9944 111.8370 113.5820 115.0587 110.5900
99.5900 99.2704 98.8112 99.0275 99.3828 98.9167 98.4291 100.1451 100.7485 100.8977 101.3392 102.1919 102.7784 105.2305 105.9245 106.3831 106.2568 108.7686 106.3488 109.3740 108.6981 111.3809 108.0334 108.6390 108.6123 108.6577 108.3549 108.2466 109.6366 111.1525 113.7344 110.4907 113.1161 115.0390 108.3647 113.5739 110.3674 113.7230 115.5021 109.0700
98.6900 97.6027 97.3806 97.0100 97.0055 97.5584 97.8694 98.6208 99.4146 99.8942 100.4750 101.8082 102.4773 103.4301 105.0105 106.2131 106.1508 106.7347 106.1193 106.8312 105.9933 106.4519 107.9900 107.5352 108.4721 108.8459 111.1579 112.0148 111.3571 111.4638 111.0087 110.2289 110.0070 110.3357 111.3428 114.8341 113.8036 116.4675 109.1138 113.2600
97.6500 96.7066 94.8711 95.3908 96.2056 96.6128 96.5892 97.8994 98.7923 99.4775 100.3545 101.1583 102.3121 102.6039 103.5583 105.3662 106.1925 106.8405 106.6674 106.3716 106.1231 106.2848 107.4222 108.0062 108.5538 108.6789 110.7572 111.0813 108.9345 109.7131 109.5495 109.9902 107.8500 108.2409 111.9320 112.1855 112.1173 116.3001 112.8383 111.3800
95.8900 94.5845 93.3065 93.3809 93.4143 95.0523 94.1673 95.3279 96.7547 98.4392 99.7756 100.7412 101.6424 102.3747 102.8469 103.8558 105.7785 106.2136 106.2715 105.9429 106.4362 107.0460 107.8958 107.5989 108.1856 108.6591 108.7810 108.6853 109.4895 109.8759 109.9337 109.9839 112.1955 114.6175 113.7285 110.3628 113.3298 111.2628 111.0066 115.5500
91.9300 92.7204 90.3601 87.5192 87.5893 93.9058 93.1100 94.1733 95.2627 98.2512 98.8745 100.3358 101.3674 102.1530 102.7445 103.4045 105.3535 104.6236 104.9706 105.7812 106.4483 107.6835 107.9179 108.2423 108.3671 108.9273 109.3150 108.8265 109.3911 109.9420 109.7662 109.9190 111.4547 111.4943 113.1921 112.8602 109.1696 108.4884 110.7768 116.7500
91.2100 91.4509 86.9257 82.5258 84.6372 90.2093 89.8590 93.0293 94.7238 97.2119 98.6092 100.2016 101.0877 101.8022 102.7248 103.4412 104.3895 106.2904 105.5958 106.0570 106.3874 107.2176 106.6466 108.3094 108.4942 108.6336 109.1216 108.6907 109.4573 109.5652 109.8208 109.8224 109.4214 110.0664 112.4635 109.9788 113.9140 108.9177 112.3355 109.8800
90.8700 90.1434 84.9838 78.7344 82.0167 85.1424 87.5593 91.1064 93.1579 96.0600 98.5454 99.6949 100.7885 101.4833 102.5166 103.4224 103.9348 105.0834 106.3781 106.2810 106.1295 107.3968 107.3326 107.8773 107.9045 110.4670 109.0750 109.6943 111.4002 109.7609 109.3564 112.1336 109.8715 109.7477 111.0885 109.4308 114.9128 111.4229 110.1758 109.8300
87.9000 84.6456 72.9786 68.7022 73.6454 83.2395 84.4720 89.2664 93.1146 96.9205 97.2810 98.9870 100.4412 101.3215 102.4212 103.1364 105.7045 106.3315 105.8185 106.6572 106.1020 107.6034 108.3161 106.7082 106.8390 108.8722 109.0658 109.1914 108.8123 109.5058 109.9180 110.1469 110.2221 110.3213 110.3356 108.7419 110.4791 111.7179 111.8262 111.5600
84.9000 79.7772 68.0662 64.1567 68.7108 79.0125 84.9345 90.8776 95.2165 97.7861 97.6447 99.3348 100.1469 101.2648 102.5638 102.8977 105.3138 105.4039 106.1372 106.2333 107.4692 107.7618 108.1005 106.9521 107.4768 108.7759 109.0118 109.2648 109.1873 109.7473 111.4880 109.8168 112.5238 111.7012 111.0478 109.5728 112.4220 110.6698 111.4959 111.5600
84.9500 81.8408 71.0820 67.9734 71.6872 80.2535 86.0999 91.4461 95.2472 97.4147 97.8020 99.2774 100.3002 101.3472 102.5159 103.0005 105.6194 105.2193 106.3117 105.9125 107.2855 107.0388 107.5163 107.1271 108.3831 108.5898 108.8782 109.0382 108.9877 109.5334 110.9858 110.3417 109.1691 110.5900 112.3472 108.7860 110.0010 110.0010 110.0604 108.8900
89.2800 87.0287 79.3388 75.0067 79.2291 84.4509 88.5736 93.0638 95.3424 97.0381 98.5375 99.3636 100.8609 101.6262 102.5908 102.9483 105.3773 104.6243 107.0412 106.1194 107.2451 105.9681 106.0628 106.3140 107.3052 109.0351 108.5661 108.3256 111.2941 111.7950 113.1947 109.2033 114.6124 107.9716 109.9576 110.0701 108.4334 108.3490 108.4876 110.9300
89.2800 90.0714 88.3871 85.6956 87.0663 88.6516 91.3638 94.4024 97.0052 97.9150 98.7677 100.0712 100.7273 101.8048 102.4118 103.5087 104.2442 105.9936 105.6895 106.0898 106.7240 106.9760 107.3727 109.4613 110.8110 110.2288 109.4323 109.6849 111.7399 114.3809 114.9870 108.8869 112.1237 108.2985 107.4253 108.4118 108.4151 109.0250 108.5139 109.3600
93.5600 92.1823 91.7583 89.1948 90.8753 91.8633 94.3473 95.9126 97.3821 98.2335 99.4818 100.1586 101.0234 102.0009 102.6025 103.3600 103.7523 106.0769 105.4509 105.9958 106.5374 108.0113 108.2985 108.1948 110.8716 112.7500 112.0430 112.5619 113.7036 114.8724 114.1880 107.6490 113.3443 109.2855 113.5727 108.9761 111.5315 110.8868 110.6349 111.4900
93.4800 95.4104 93.5129 93.4170 94.3542 94.8347 96.3541 97.0228 98.0893 98.8881 99.8842 100.6191 101.3951 102.3403 103.0474 103.7064 104.8364 105.9081 106.0079 107.0664 106.6271 108.1153 107.8375 108.0419 108.5875 108.9369 113.6131 115.0057 111.0977 113.6036 115.4615 114.6709 110.5564 113.3372 115.3409 114.0547 113.9330 114.9704 112.2351 110.3100
97.2300 97.3469 96.5007 95.9579 96.4801 97.1797 97.7334 98.4031 99.2899 99.9163 100.6090 101.3652 101.9288 102.5843 103.2145 103.2929 104.7189 105.9913 106.9318 107.2461 107.3881 107.6554 106.7942 108.6422 108.4086 108.0593 109.6343 109.3865 115.0470 114.8301 112.5412 114.3296 111.4529 112.1600 115.1690 116.6474 112.7300 115.7746 109.0286 112.3800
99.6200 98.2675 97.3158 97.9207 98.2947 98.9980 98.8465 99.6082 100.2586 100.7551 101.3192 101.7738 102.4826 102.8305 105.4627 106.3009 106.0702 106.1285 107.5330 107.2718 107.5909 108.1606 106.8242 107.8780 108.1939 109.0709 109.2922 109.2313 113.9310 115.2940 113.0861 110.0673 111.8188 111.3762 116.9676 112.9845 110.6526 109.3944 109.0832 111.4200
99.6200 99.7800 97.3200 98.6600 99.5000 99.5000 99.4800 100.0300 101.2200 101.2200 101.7500 102.6100 103.0400 103.4400 106.0000 106.2500 106.8200 105.8800 107.3600 107.8300 107.7600 107.7900 107.9500 108.2900 107.2800 108.7700 109.4600 109.4500 109.2700 111.6100 112.4000 110.5500 114.5400 110.8500 117.0600 111.3500 110.2000 108.9000 109.1700 109.2200
