109.6900 108.2700 108.0100 114.0100 109.5000 110.1700 109.9100 109.3700 111.3200 110.0000 110.5700 116.2300 116.2300 110.4400 108.8700 111.8000 110.6000 109.2300 113.2000 113.6000 113.2900 115.7400 115.7400 111.7900 110.2500 110.1800 108.4000 109.8700 111.0500 110.8600 112.0100 111.6700 112.4600 113.2800 113.2800 114.3900 115.8800 117.2600 117.3200 115.2400
111.9300 112.8573 112.9763 109.4066 112.1923 111.4178 113.8336 114.7026 111.8036 108.7962 109.9993 111.2891 115.0972 110.0663 111.6212 108.5154 110.2805 108.0361 115.5744 110.2977 112.5009 109.0939 115.1383 112.9227 108.8027 108.8633 108.8602 109.5130 109.7607 110.1710 110.6321 111.1671 111.6583 112.0447 112.8804 114.1691 113.5470 113.7239 115.7718 116.0000
108.7500 109.9329 112.3802 111.1140 111.9555 114.8129 113.8145 113.2098 112.0848 112.2785 110.9593 112.1002 113.5453 109.7707 107.8231 108.0397 109.4649 106.9918 111.4688 107.9101 110.4745 110.1197 109.2992 109.7228 109.7577 107.4611 107.9110 108.1559 108.3292 108.7993 109.1031 109.6615 110.2579 110.8485 111.5573 112.5946 113.8309 112.3570 114.3362 114.7700
110.6700 113.2967 112.1346 112.9737 107.6239 107.7131 113.7082 113.5326 110.9006 108.8316 108.7851 110.5944 111.6690 111.1670 107.6477 107.7497 109.9404 108.0578 112.0976 114.1855 111.3468 108.0863 105.3626 109.7229 105.8383 107.7210 106.5858 108.1054 107.1236 106.6018 107.7168 108.5427 108.9961 109.5644 110.3249 111.0285 111.8735 112.6681 113.3290 113.2600
113.5100 111.5256 107.3047 109.8534 115.3818 106.2822 111.2525 110.6251 112.5517 108.6619 108.9452 109.7180 109.6647 108.9200 108.4136 108.4262 108.8689 107.3446 113.1782 113.8075 109.3291 107.1836 107.7254 109.4690 105.2350 106.2117 105.4858 107.2858 110.8487 108.8095 106.3589 106.4694 107.2894 108.3087 107.7207 109.9639 110.5272 111.3059 112.0886 113.2600
113.1300 110.0274 109.1734 109.7701 109.1975 112.3246 113.9505 109.5906 108.6868 108.8056 108.9287 107.7749 107.5662 107.5149 108.5420 107.4217 110.3182 108.1976 108.3284 110.0758 112.9322 109.1557 112.4486 108.4163 106.2944 106.1605 106.1376 106.2113 108.7786 110.2259 111.8156 110.2286 109.4622 110.9262 109.2063 108.3941 109.1408 110.1310 111.0395 112.0000
109.4300 109.3930 107.7927 109.0756 108.0353 109.6560 109.5970 109.2754 109.0978 108.7943 107.7701 107.5073 107.2826 107.8599 110.2115 107.3829 106.7277 106.8552 106.5218 111.5260 104.5630 107.2383 108.9546 106.9016 108.0468 107.2218 105.0436 104.8099 107.4615 106.8811 111.3351 105.4550 108.9858 108.6838 109.9767 107.4874 108.3004 109.0737 109.9800 110.2400
109.4300 107.8976 107.5777 108.2493 107.7512 111.0109 110.9829 108.8467 110.5661 108.0563 107.1525 107.1703 108.0239 107.8589 107.7627 107.2333 106.1125 107.0715 106.6060 107.1369 108.3831 105.9486 106.4481 106.0581 105.0867 107.6071 105.5011 105.3435 111.3163 105.6730 107.9716 105.4310 108.6349 107.7702 106.7129 106.3555 107.2624 107.9528 108.9043 109.0700
110.3400 110.5630 109.6313 109.7253 109.3175 108.1447 108.6903 108.0899 108.5386 106.9324 107.3308 107.4193 107.6235 107.6250 107.4520 107.5094 105.4884 106.6334 106.9074 104.8444 106.9329 105.6565 106.6733 106.5844 106.2085 105.7063 104.5805 107.8063 104.4732 108.4668 105.9624 106.1986 109.2752 109.0990 106.3907 105.8458 106.0406 107.0535 107.9643 109.0700
109.3700 110.0876 109.1644 107.6943 108.0264 107.7920 108.2124 108.2716 107.3748 107.8038 107.5442 107.5423 107.2788 106.5724 106.3801 106.9018 106.8398 106.1928 105.5984 104.6398 106.1148 104.2028 105.9149 105.0674 106.0609 106.4156 105.9208 109.5080 107.1661 106.9060 106.7059 105.9095 105.6806 105.9669 106.3173 106.3802 105.2267 106.1515 106.9924 107.5200
109.1100 109.3540 108.5888 108.3550 108.4092 108.6154 108.0208 107.8581 107.6756 111.6669 107.4813 106.3814 107.3384 107.2252 106.8113 105.9889 108.9908 105.7534 106.2370 104.8451 106.2428 104.2731 105.7404 105.4695 105.2083 105.5078 104.5526 104.1727 105.2872 105.5771 106.1587 104.3276 106.9780 105.8365 107.4396 107.0011 105.7453 105.4739 106.1881 106.5300
112.9500 113.0046 110.5011 109.1508 108.8161 108.6447 107.4635 107.6853 107.7784 107.0223 106.0625 105.7146 106.0540 105.2848 103.4061 106.4424 108.2006 104.1561 105.7209 105.4942 104.7324 103.4996 105.5928 105.3160 103.4269 103.8790 104.0424 105.0255 104.8798 105.1664 105.8487 106.1852 106.7937 107.4268 106.9877 107.4998 106.4659 105.8996 106.5475 106.8500
113.1500 109.5675 109.4504 110.2595 108.1133 106.8693 107.5782 107.0498 107.7744 106.3734 105.9295 106.3527 105.6554 109.0014 107.6833 105.1266 108.1844 104.3300 104.4783 104.7386 105.1547 103.7940 104.2636 103.1294 103.2019 103.7963 103.6915 103.5852 104.2737 105.6379 103.9740 104.8892 105.7779 109.3762 104.8702 105.6715 105.4439 107.0724 106.7439 106.9600
115.8700 114.2834 109.5069 108.6676 107.0513 107.1105 107.9120 108.0613 107.3891 106.9992 106.8311 106.7603 106.6214 104.5042 106.9820 104.1583 104.6221 104.6933 103.0349 102.3767 102.4352 101.8404 102.1232 102.3214 102.2837 102.6100 103.3192 104.1841 103.3425 105.2068 105.3456 104.2147 105.2676 105.4220 105.5065 106.3617 107.2210 106.9117 106.8031 107.2600
112.2400 115.0722 114.5016 109.6022 106.5874 107.8259 107.6302 106.8315 107.0807 107.4900 106.7370 105.9834 106.2934 104.8629 106.1233 103.4823 103.1846 102.7010 102.1648 101.6736 101.7045 101.4722 101.3616 101.3005 101.4974 101.6254 101.6765 102.1210 104.3084 104.1019 104.8541 103.7463 104.8662 104.8058 105.4204 105.1906 106.1942 106.0634 106.8022 107.6900
116.6100 112.3671 115.0318 113.9449 107.3980 106.7884 106.4624 106.9132 105.9945 106.4810 106.2827 104.4043 105.3936 104.0307 103.8705 102.6925 102.5186 102.2134 101.6076 101.0213 100.5811 100.6375 100.1951 100.3016 100.5464 100.9630 101.0833 101.1426 101.8331 102.5034 102.7156 104.6617 103.5926 104.8156 104.6562 105.3249 106.3975 106.0406 106.6395 106.2900
116.6100 112.0450 111.4062 107.4258 104.8523 105.5293 108.1087 107.4273 107.0092 105.7715 105.5310 105.0328 103.9953 103.7449 103.2358 102.2850 101.9152 101.3973 100.9019 99.9847 99.1757 99.6268 99.8477 99.5212 99.6419 99.4953 100.3534 100.3672 100.9516 101.5210 101.9319 103.4338 103.2465 104.5814 104.6436 105.0049 106.7866 106.9015 106.2002 106.2900
108.7100 111.4165 110.7377 112.9629 106.9252 107.1472 106.3253 107.1217 105.4757 104.8406 105.6390 105.7632 104.4273 102.9365 102.1985 101.5361 101.0409 100.5835 99.9759 99.0544 97.7971 98.3152 98.4478 97.9029 97.9669 98.2031 99.3508 99.3764 100.1474 100.9371 101.5350 102.0579 103.8825 103.3900 104.0491 105.2781 105.3582 106.0934 106.0256 105.9500
108.4200 108.0707 108.6292 108.6397 107.6117 108.0461 105.3788 105.9648 106.8298 108.2334 105.2271 104.8667 102.7710 102.2166 101.7662 101.2142 100.2183 99.3268 98.3622 98.0932 97.1323 96.5972 95.9843 96.2603 95.9093 97.3280 98.3331 99.1222 99.2425 100.1944 101.1803 101.6512 102.1924 104.7775 104.9779 105.2323 105.8225 106.2732 105.6292 107.3000
108.9300 108.5449 107.7949 107.6598 107.0218 107.5700 107.1056 105.4813 104.8570 105.7903 104.1297 105.1185 102.6777 101.8145 101.1781 100.6578 99.6552 99.0178 97.1133 96.2423 94.6308 95.0483 93.3949 93.4999 94.4076 95.2001 96.5212 98.3216 98.0530 98.9437 100.3618 100.6842 101.7567 103.1646 103.6720 105.1025 105.2319 106.9954 106.9038 106.7900
108.9900 108.7595 108.3577 107.8389 107.6664 106.7756 107.3773 106.0391 106.1792 104.8219 104.5026 103.8505 102.4844 101.2919 101.1290 99.7829 98.7578 97.7478 95.3502 93.8902 92.1628 91.8449 92.0845 91.7399 92.0449 92.5748 94.8736 96.0313 97.0806 98.1153 99.6964 100.5130 101.9863 102.8588 103.2477 105.3885 106.0686 105.1566 106.9515 106.7100
108.6400 108.6543 106.9449 106.5877 106.1452 107.2342 107.3535 105.8488 106.5863 106.0292 105.0826 103.0883 102.0642 101.4100 100.6671 99.5156 98.0265 96.6231 94.3469 91.6807 89.3483 87.1253 88.4820 87.3097 87.7145 90.6293 93.9214 95.0172 96.4986 98.3634 99.4383 100.8776 101.6493 102.4746 102.8775 104.3882 104.2098 104.8839 106.5896 106.7800
108.9100 108.8821 106.9339 107.2073 107.4640 106.3214 106.8944 105.5218 106.3495 105.3230 104.0344 102.7692 102.0324 100.9401 100.4070 99.4652 98.4006 95.9653 93.4915 90.0322 86.1052 82.5764 79.0177 79.5923 83.0674 87.0503 91.3251 93.4791 96.7246 98.1967 99.6468 100.7668 101.3891 102.2143 103.0023 104.5483 104.6815 104.9907 104.7228 109.6400
108.6200 108.6452 107.1178 107.2509 107.0619 106.9682 105.9045 105.8221 105.1871 104.5037 104.2679 102.6917 101.9091 100.9548 99.8590 98.8196 97.8994 95.8282 93.7604 88.2531 83.8347 75.8350 70.4131 72.7870 78.9153 83.8447 89.0221 92.0568 96.1610 98.2304 99.1929 100.4877 101.3373 102.2318 102.8057 104.3418 105.4119 104.7189 105.6416 106.2600
108.8300 108.1052 108.0962 107.2485 106.2070 106.5585 105.7094 105.7145 104.1346 104.9605 104.3186 102.6760 101.6614 100.9532 99.7593 98.7302 97.6653 95.5484 93.8254 86.8327 81.3420 69.4680 62.4496 65.0797 75.8137 82.4155 88.5121 92.3428 96.0964 97.2432 98.6749 100.2503 101.0584 102.2653 102.4764 105.3226 106.0759 105.0219 107.1509 107.0100
107.3100 106.9174 107.7019 107.3864 107.3956 106.3912 106.1613 105.2500 104.0601 104.2375 102.8505 102.7256 101.7962 100.6844 99.6862 98.7404 98.2951 95.8663 93.3913 87.0031 82.1648 70.0869 62.3973 65.0629 77.4206 84.1514 88.3845 91.9561 95.8811 97.9018 98.9092 100.2815 100.9896 102.2118 102.6550 104.7959 104.4804 105.1451 106.1495 106.8700
108.9300 108.1486 107.2938 107.2805 107.2901 106.9137 106.1390 106.3106 105.5942 105.1623 104.1947 102.8039 101.9391 100.9034 100.2452 99.0167 98.2130 96.5113 93.2332 89.7159 84.2451 81.7962 74.7271 75.5187 80.9985 85.2841 89.0298 92.1683 95.9429 98.4916 99.1678 100.1504 100.6365 102.2157 102.8869 105.0287 104.6804 106.1431 105.4237 107.0300
107.5000 107.4359 106.9207 106.7964 106.7927 107.7271 106.5263 105.9540 105.8054 106.1721 103.7172 102.8438 102.0870 101.2080 100.5265 99.7509 98.4195 96.3113 94.9182 91.7272 87.4240 88.3137 81.2549 83.0598 84.1435 87.3427 91.4475 94.0162 97.1536 98.0749 99.2916 100.2295 101.4822 102.3101 102.9932 103.8072 106.0308 104.8712 104.8983 105.1100
107.4600 107.0837 107.8880 107.8500 106.4428 107.6243 106.5885 106.5403 105.9030 104.8801 103.6466 103.0930 102.3979 101.6460 100.7356 99.6847 98.2775 97.1659 96.3141 93.9032 90.7718 89.4043 87.2174 87.2885 88.1940 91.4378 94.3398 95.5373 97.3759 99.5222 99.7943 100.8470 101.6555 102.6420 104.1509 105.2722 105.8533 105.4018 106.1293 105.2900
107.6100 108.5903 107.1410 108.3158 106.6975 107.5466 106.4479 105.5922 106.0927 104.4797 103.9615 103.2363 102.6857 102.1237 101.5029 100.6149 99.7420 98.5576 97.0891 95.3115 93.6527 92.1351 92.3793 92.2793 91.8913 94.0434 95.8904 96.6693 98.5118 100.1194 100.7746 101.4061 101.7736 102.6670 104.1921 104.1115 106.3172 106.0580 105.2248 106.2200
102.4100 108.0725 109.9830 107.6132 107.6905 107.7084 107.7099 107.1874 105.3906 106.0223 105.6219 104.3405 102.8368 102.3481 101.9218 100.8448 100.0006 99.4096 98.6757 97.1073 96.1697 95.2254 94.9869 94.6289 95.1054 95.7520 98.1005 98.0608 99.2119 100.6340 101.0955 101.5360 102.4788 102.7869 105.3917 104.0146 105.7687 106.7117 107.0788 107.4600
108.5000 108.3213 108.3077 106.9856 106.7906 107.1267 110.9292 111.4227 107.1859 105.3451 105.9347 104.5684 103.1317 102.8791 102.4247 101.3671 100.8111 99.9987 99.2572 98.4871 98.0093 97.9021 97.3943 97.4828 97.9105 97.7219 98.4417 99.4794 100.2701 101.1720 101.8517 102.3050 102.7791 103.6633 105.8565 105.9334 105.9609 106.4840 105.6736 105.7000
109.1900 109.0430 109.6248 109.2558 107.1654 106.7587 105.0612 106.5407 105.2229 106.5344 105.8001 105.9655 104.2716 103.2129 102.6390 101.9750 101.5775 100.9934 100.2853 99.8176 99.6208 99.3729 98.8453 99.1171 99.2358 99.0259 99.6510 100.2985 100.7284 101.5086 102.2068 102.7491 103.4726 104.9913 106.0769 106.2557 106.1709 106.9493 107.4612 107.2600
109.3100 110.3623 111.5430 110.5607 107.7032 106.9152 106.9843 106.9784 107.2771 106.6044 104.4144 106.3312 104.7111 104.5346 102.8336 102.5956 102.0831 101.7280 101.3213 100.8882 100.4739 100.3205 100.1780 100.0773 99.8552 100.2171 100.7755 101.0335 101.5609 102.0846 102.5084 103.0783 104.8719 105.4654 106.1466 105.9793 106.7760 106.8748 107.0631 107.7300
112.6000 109.2611 107.5943 107.3615 107.3580 107.7083 107.3453 107.8039 107.4058 106.9684 105.2081 106.8522 106.0930 105.9755 103.5730 103.1130 102.6339 102.4949 102.0763 101.7701 101.4368 101.3445 101.3113 101.2468 101.3182 101.4149 101.6381 101.9191 102.4565 102.6733 103.7882 103.3565 104.6043 105.9114 106.1468 105.9250 105.8860 107.1923 107.3719 107.7300
109.7000 108.1213 108.2579 107.3505 107.4653 107.6289 106.6882 107.2181 107.6363 106.7488 106.4082 106.2711 105.2161 105.6474 105.1574 103.2861 103.6820 103.0105 102.7340 102.4594 102.2501 102.1072 101.9399 101.9403 101.9933 102.0874 102.3186 102.6364 102.7241 103.4240 104.8081 105.0975 106.9625 106.0795 106.5929 106.4559 106.6134 106.4859 107.8562 107.9200
109.7000 108.1849 108.0105 107.8329 108.0805 107.7066 107.5677 108.3966 107.8664 107.5095 106.4580 105.6000 105.1763 105.1252 106.8179 104.5510 104.2192 103.7920 103.0667 103.1257 103.0130 102.7437 102.6006 102.6328 102.6530 102.6335 102.9730 103.8203 105.5339 106.3398 105.8068 107.6720 106.7985 105.9277 107.0555 106.8099 107.4717 107.0814 107.1936 107.7700
109.3400 109.1516 108.5458 108.0261 109.0880 107.6551 107.1762 108.1629 107.6967 106.8947 106.1791 105.7259 105.8329 105.3553 104.9347 105.3765 105.2728 106.1060 104.6511 103.5968 103.8773 103.6301 103.2722 103.3456 103.7160 103.6062 105.8043 104.5029 107.8033 106.3679 105.2783 106.3925 106.8769 106.2095 106.6727 107.4964 107.7349 106.6861 107.4550 108.1900
105.7700 109.7288 108.9193 108.4665 109.6460 108.4783 108.5697 107.3716 105.7625 106.5995 106.1324 106.0705 106.2503 106.5333 105.5994 106.2236 106.6233 105.5707 106.0835 106.2124 106.1812 104.4761 106.4900 106.1371 105.5450 105.4817 104.9515 106.3386 105.1165 110.0778 107.3635 106.8399 107.4824 107.3117 109.1447 107.0706 108.0706 108.6608 110.7989 108.0100
109.7200 109.7200 109.5500 109.1100 108.6100 108.5600 109.0000 107.0800 107.0800 106.4400 107.0700 105.8000 105.8000 107.0900 107.0900 107.0700 105.7200 104.8500 106.3300 106.3300 106.5000 106.1800 106.1700 106.4500 106.4600 105.7000 105.4100 106.2500 106.4700 110.8600 106.5200 106.0300 107.7600 107.7300 107.5400 106.5900 106.5900 108.0500 112.0500 108.4300
