105.8100 104.3400 105.4300 105.3000 106.0900 105.0600 104.1400 105.3000 105.3000 104.7300 104.9800 104.8200 104.2300 104.6100 104.9400 105.2600 104.6000 105.6100 105.9300 110.4400 106.0700 108.5400 108.5400 106.6500 105.9400 105.4200 109.8100 105.8100 106.7300 108.5200 109.5800 110.7000 113.3600 114.8600 116.4600 121.0400 121.2600 121.4700 121.5200 119.9200
106.5600 106.4045 106.1213 104.6876 105.5010 105.5939 104.1938 104.0835 104.7338 104.3554 103.9591 102.5224 103.9531 104.5668 104.3249 104.3788 104.9090 104.9883 104.2968 105.4486 109.3593 110.9796 106.8719 107.7078 106.0881 106.4639 107.2033 105.6945 106.2168 107.4691 108.7736 110.2358 111.9137 113.9616 116.2712 119.3817 121.3110 119.3649 121.9844 121.5000
106.5500 106.3655 106.1876 105.1059 105.0557 104.2821 103.6538 103.7759 103.1432 102.8448 101.7438 101.6223 102.4040 101.5780 101.6583 102.3511 102.8839 104.1618 103.0825 104.3073 108.1309 105.8297 106.0443 106.2311 106.0992 106.4050 105.7176 105.0156 105.3640 106.5289 107.8781 109.2563 110.9322 112.8711 115.0430 117.9086 119.5592 118.7434 121.7807 121.7800
105.6600 105.6034 104.8578 105.0930 104.7799 104.7413 104.1848 102.4843 101.6738 101.1783 100.9722 100.6274 100.6191 100.5481 100.8099 101.2990 102.1426 104.3488 103.8016 105.0303 105.3687 106.6130 105.6953 106.1589 106.2078 106.0330 105.9583 105.7073 104.9850 106.4307 106.8253 108.5669 110.1056 111.9481 113.7866 115.8848 119.2464 121.2012 121.4514 121.7400
104.0800 104.6104 105.1022 104.5925 104.4385 103.4446 102.4286 101.4551 100.9409 100.3737 99.8572 99.5205 99.5877 99.7357 99.8293 100.0542 100.4077 101.5037 102.3919 102.8498 102.6425 104.0942 105.2731 105.7109 106.6807 104.8312 105.0657 104.9047 105.7069 106.9860 106.2082 107.7903 109.4024 111.1170 113.0292 115.2355 118.1809 120.9207 121.3788 121.7000
105.3600 104.2513 104.9519 104.7298 103.8752 101.3842 100.9861 100.6950 100.3304 99.0634 98.7228 98.5416 98.6838 98.6381 98.4160 99.3819 99.8223 100.0613 100.7095 102.1250 102.5214 102.6623 103.8656 105.3902 108.0627 106.0098 106.7342 106.0312 105.0388 104.5088 105.6694 107.0482 108.6968 110.4094 112.2156 114.6160 116.3083 119.4729 120.2382 120.8600
105.2400 104.3615 103.3741 103.3247 101.0736 100.8041 100.1275 99.4781 99.1368 98.7176 97.5139 97.5685 97.0573 97.5270 97.7786 98.1467 98.4078 99.1296 100.0420 100.7759 102.0382 105.5694 103.4285 107.5468 108.6700 108.2573 106.8203 107.0504 104.7186 105.3551 105.9074 106.7550 108.1664 109.8493 111.5659 113.6332 115.1356 117.7871 119.0928 119.8900
105.5200 103.4695 103.3761 101.7530 101.1080 100.1031 99.2873 98.5544 97.5523 96.7659 95.4644 94.7460 93.8708 94.8927 96.3427 97.0999 97.3542 98.0411 99.1791 100.1387 100.7452 105.2379 102.6655 110.3705 106.5349 110.5511 106.1166 104.6636 104.1405 105.5536 106.5034 106.3688 107.8449 109.3517 111.2935 113.1328 114.7423 117.2360 119.6846 119.5400
105.0800 104.1816 102.0450 101.4461 100.2426 99.3558 98.4978 97.2339 96.1878 94.3825 92.9195 91.7728 90.3671 91.4256 94.0701 95.3598 96.4397 96.7956 98.2052 99.3753 100.5706 101.7923 101.5659 104.9314 105.5330 110.6956 105.4322 105.4484 106.7982 105.7901 105.0936 106.0121 107.4545 110.6891 110.0855 112.0700 113.6712 115.9934 118.2778 118.1100
104.4100 103.0241 101.8272 101.0769 100.0855 98.3295 97.8957 96.4647 94.0071 92.0696 89.9523 88.2772 87.2699 87.6280 89.8923 92.7983 94.3918 95.8953 97.4912 98.8714 100.1283 101.0078 102.4215 104.1458 103.8219 104.3166 104.8602 104.4147 108.0711 105.5968 106.3381 106.3222 107.1389 111.9350 115.5861 111.5063 113.2301 115.3999 115.8175 116.4400
103.7100 102.2551 101.5369 100.8168 99.6284 98.4885 97.6551 94.8967 93.3382 89.8249 88.5709 82.7382 82.3439 85.4903 87.9796 90.8978 92.6825 95.0340 97.3666 98.5609 99.8210 101.0749 102.4132 103.2956 103.1117 105.5603 104.7003 105.2966 106.2245 105.5246 106.0672 106.5733 107.5752 108.3281 109.4623 111.1101 112.3624 113.4675 114.7469 115.0800
104.3600 102.1708 101.6743 100.6900 99.3174 97.4533 96.4601 94.1026 92.3942 89.4913 81.2635 74.0164 73.8486 81.2694 83.9716 87.6376 91.6675 93.9081 96.6480 98.6391 99.6575 101.2021 101.8117 102.1309 104.6639 103.8645 104.5710 105.0442 105.4889 106.9984 107.0956 106.6221 107.5426 108.2582 112.0764 108.3380 112.2166 113.8895 114.5075 115.4900
104.8900 102.0290 101.5284 100.5775 99.2408 97.6839 95.7720 93.8713 91.3675 84.2502 76.9261 63.6366 62.1776 70.2903 80.1154 85.8149 91.5272 93.4928 98.0254 98.9763 100.1402 100.5644 101.7494 102.8674 104.3104 105.3616 104.5947 105.8945 105.7793 105.3908 105.8429 106.5722 107.4290 108.0214 112.5073 108.7143 115.0712 114.1588 115.0526 114.4700
104.8900 102.1264 101.5718 100.6039 99.7490 97.3158 96.5143 93.8212 90.3446 90.4684 75.7096 63.6387 62.8278 70.1146 79.6031 85.5420 91.2562 93.8068 97.6453 98.9873 100.0745 100.6439 101.6371 102.6701 104.3157 104.7110 104.8753 105.9321 106.0669 106.0973 106.0748 106.8225 107.6495 108.2229 110.5602 108.2556 113.9463 114.0949 115.0123 114.4500
102.8300 102.3706 101.5928 100.6719 99.8098 97.7319 96.5798 94.7498 90.9225 90.9049 82.9757 73.6093 71.7649 76.5546 82.7706 86.7130 91.3744 95.8670 97.4596 99.3421 100.0183 100.8224 101.6105 102.9504 103.9084 104.9105 105.7314 106.0715 106.7217 107.3855 107.3161 107.6461 108.2013 108.1237 108.1754 108.8551 111.6992 114.7429 114.6990 115.3800
102.9600 102.3851 101.6594 100.8303 100.0365 98.4442 97.5094 95.4912 92.7756 90.9706 89.9887 85.6634 80.8502 82.4356 84.6916 88.5373 94.1385 96.5296 98.3617 99.2956 99.8674 101.1395 101.8690 102.7748 104.3709 105.5213 106.4243 105.7031 106.9451 106.8941 107.1463 107.8444 107.9191 109.0366 108.1289 108.6862 114.6849 113.9425 114.4721 116.0100
104.7400 102.7985 101.9677 101.0617 100.3340 99.0560 97.9864 96.0479 94.8635 91.5355 89.5461 87.3454 86.5979 87.2300 88.7364 91.2546 95.4050 97.2530 98.8886 99.6139 100.3345 101.3503 102.0803 104.6954 105.5414 105.8735 105.5103 105.8280 106.7610 106.3795 106.1949 107.7958 107.8611 110.5193 113.5404 110.7851 110.4354 114.6216 109.5244 110.8000
103.9100 103.1865 102.2771 101.3897 100.7823 99.7510 98.2924 97.1371 96.0390 94.8666 92.9945 91.3099 90.8500 90.5968 92.0645 94.5983 96.6366 98.2797 99.3909 100.2163 100.8017 101.6215 102.4828 103.3806 104.5316 106.4171 105.0837 105.4818 106.8853 107.1160 107.1599 107.5091 108.3711 112.5846 109.8565 112.8337 112.5383 115.0302 110.4232 112.2100
103.7200 103.0514 102.4582 101.8166 101.1750 100.1935 99.3353 98.3038 96.8720 96.5023 95.1312 93.3916 92.4947 94.0263 95.5186 96.6088 97.5540 98.8838 99.9423 100.6746 101.4006 101.8010 103.2019 104.7113 105.4242 104.9828 106.7128 105.0449 107.4286 107.0734 107.6625 107.6543 108.0625 108.6553 114.0476 113.7629 113.9398 113.3944 110.0420 111.5900
103.8200 105.2454 102.8297 102.3599 101.6572 100.8661 100.2652 99.6679 98.7387 98.4227 97.4800 96.5509 96.8242 96.1328 96.9562 98.1575 98.6831 99.7071 100.5840 101.2706 101.9965 102.6192 102.9322 105.4063 105.9229 106.3432 106.0202 106.8046 106.0583 107.2562 107.8632 108.2772 108.4546 108.4019 108.9452 108.9300 113.2029 112.2003 115.3953 116.1900
104.0600 104.6861 103.0808 102.7193 102.1873 101.4357 100.6236 100.4567 99.7598 99.4286 98.9423 98.0197 97.8874 97.9756 98.2156 99.4775 100.2413 100.7173 101.4298 101.6870 102.5800 102.7077 104.2977 105.0139 105.5107 105.9028 106.1201 106.1768 106.9753 107.5343 107.6513 108.0574 108.4611 108.3758 108.6006 108.0285 109.6912 109.0463 110.6243 114.2900
106.2600 105.9918 105.4399 104.5677 103.3942 102.0002 101.4776 101.1621 100.6726 100.2910 100.0446 99.8867 99.7930 100.1843 99.7865 100.8070 100.8622 101.4923 102.0864 102.4289 104.8804 104.1351 105.8838 106.2374 104.6694 104.7487 106.8776 106.3020 107.6013 107.7497 108.2493 108.3329 108.3135 108.2515 108.8333 109.5558 108.7375 109.7657 109.2851 110.0500
106.2300 105.8684 105.5082 104.5429 104.4611 102.9819 102.1001 101.7656 101.5636 101.2813 101.0161 100.9924 100.9427 100.8596 101.0758 101.5470 101.8271 102.1120 102.4664 103.6742 105.5602 103.8239 106.2167 106.5796 105.7103 106.4576 107.0211 106.8305 107.7328 107.9648 108.0115 108.1931 108.6105 108.0109 109.2387 109.4302 109.7520 109.6211 109.1209 109.9200
106.4400 106.3156 105.8176 104.7500 104.2517 104.8883 103.5276 102.2773 102.3895 102.0288 101.8461 101.8946 101.9042 101.6378 101.8545 102.2882 102.6131 102.8817 104.3675 105.3707 105.5925 104.7009 105.8156 105.8010 105.4144 106.2456 105.9974 107.1991 107.5180 107.2709 107.6158 108.0018 108.6421 108.8244 109.5788 109.7140 109.8102 109.7762 108.9035 109.7600
106.2900 106.3614 106.3640 105.6239 103.4133 104.5284 109.0835 107.5444 103.3092 103.5244 102.1519 102.3806 102.4912 102.4859 102.5458 102.8156 103.3202 103.1391 105.1160 105.9059 104.8064 106.3367 105.8278 106.3240 106.2368 107.0374 106.8691 106.6035 107.5087 107.3401 108.3364 107.8800 108.5521 108.3318 109.1929 109.5970 109.9563 109.6022 112.4647 110.2700
106.3800 106.4791 106.1520 106.9093 104.0404 112.3682 105.6738 108.1271 103.7314 107.7300 105.8222 104.3068 104.7533 103.4028 104.4732 104.1550 105.3237 105.0830 106.2553 106.2912 105.1543 105.9009 105.9445 107.3302 107.0473 106.9214 105.9928 107.0669 107.3912 107.8613 108.5122 108.3797 108.8050 108.4567 109.2423 109.1307 109.5315 112.1423 111.5775 110.2600
106.4500 107.2921 106.0864 106.2143 106.8394 106.2822 104.2969 103.2304 104.1841 103.6934 105.3910 100.9570 104.3306 104.2402 104.5136 105.8716 107.1708 102.9817 106.0887 106.3381 106.0371 106.2797 106.6102 106.4628 107.5258 107.3205 109.9064 108.1006 107.8252 108.3286 108.1970 108.7765 109.1949 108.3957 109.1846 109.8080 110.5942 111.0499 112.5645 110.3300
106.4500 106.5151 108.4878 108.6957 104.9829 104.1385 111.6355 106.5655 105.0448 104.9363 104.7078 104.6854 105.3636 104.8303 104.9496 105.9346 106.6215 105.2624 106.4178 106.6618 106.8369 106.4156 106.5224 105.8507 107.2925 107.5277 106.1977 107.8751 108.4441 108.6305 108.4589 108.6345 108.9401 113.0871 109.0690 109.1626 110.7414 110.8912 109.8975 111.5400
106.4300 106.6374 109.6326 111.1560 110.3438 108.1517 108.3706 110.0842 106.1790 105.1785 104.6744 105.3783 105.2411 106.6047 106.0705 104.8896 106.6033 106.2186 105.3750 106.3246 104.5325 107.1961 109.1076 107.8014 107.1964 107.5363 106.9712 107.8048 106.6617 104.7134 112.9568 110.6553 108.2979 110.0000 114.8506 109.3793 108.0232 112.8413 110.2914 112.7400
107.0100 107.3787 106.8295 106.5661 105.4238 108.2190 108.8650 107.7387 106.7756 106.2090 106.1699 105.7983 105.7468 107.0679 106.2765 106.6972 106.8615 106.1131 106.6275 107.6004 111.6211 107.8262 107.5134 111.7333 114.0057 110.1553 106.3052 112.3115 108.9325 103.2507 109.6173 112.9153 115.1065 109.9366 112.3767 114.5908 111.3592 110.3838 111.7815 111.6000
107.3300 108.5210 107.7214 106.5429 105.9473 110.6088 107.9261 106.0790 106.0546 107.1494 107.5287 106.1990 107.1571 106.9882 107.4864 106.3499 107.3907 107.1956 107.7577 109.9753 110.4859 109.7941 108.1580 109.5446 110.9356 113.6552 111.6898 110.2876 115.0009 109.9343 114.0084 112.4931 114.4784 114.9947 111.4635 112.5028 107.9030 108.4823 108.4124 109.2400
107.5900 107.7934 107.8400 108.8419 106.9995 113.6298 106.7805 106.0860 107.9333 106.5171 108.9904 107.0115 107.4754 107.9763 107.0793 107.0845 106.5443 107.3862 107.9003 107.7769 111.0339 108.6920 108.5433 108.4962 114.2039 108.8996 113.9951 110.2050 115.0409 110.2809 110.3108 114.1706 113.0754 114.0586 110.0406 112.5081 109.4714 109.0027 108.7270 110.3400
108.0200 107.3589 107.9454 107.8989 108.1358 108.0841 112.5385 106.8943 110.2077 107.1872 107.9408 107.1480 109.1323 109.0099 106.9419 106.9776 107.7179 107.3744 108.2052 108.7648 109.3765 108.2957 108.7360 108.2319 110.9296 113.2120 110.0417 113.2787 113.4373 112.6236 115.5393 113.3296 110.0962 114.2056 110.9025 110.5509 108.5373 111.8346 109.9185 109.3700
109.1300 107.8867 108.9204 107.8395 109.6823 107.3652 109.1762 107.2349 109.5273 107.3938 106.4762 110.4108 108.7167 107.3117 107.4592 108.4233 108.9908 107.8631 107.8129 108.7294 108.8413 108.9627 108.9749 108.3280 109.8311 113.2181 111.7955 112.4950 115.0131 112.1515 113.5186 112.5197 109.5707 110.2567 110.1239 109.5246 111.5780 111.6210 109.9798 110.3900
109.4300 103.8457 104.9869 109.1159 106.4593 107.6105 108.4575 109.7768 108.7052 108.4571 108.7368 113.8254 106.3788 108.1857 108.0023 108.2968 108.5287 108.2601 108.7926 108.4102 108.0025 108.8491 108.8278 108.9039 111.2762 114.8519 112.1621 115.8890 111.9047 114.0031 108.6238 111.2422 109.6809 117.0599 111.6674 112.0625 113.4045 109.0752 111.1733 110.3900
108.2000 108.4204 108.1976 106.2881 107.1490 103.0083 103.8395 104.3525 108.4868 107.8943 112.3331 109.2335 108.5485 111.1752 111.0337 107.6932 108.4465 108.1275 109.2137 108.5396 108.6332 109.1599 109.5954 109.7201 110.4504 111.1994 108.2137 111.9373 107.5515 117.3324 109.9758 114.6778 111.5146 111.8370 110.8346 114.7309 112.5726 110.1217 109.4020 109.0000
104.8000 105.2448 108.0493 107.6420 108.6165 105.7438 108.3324 108.2699 109.0420 110.0749 113.9626 112.0009 113.3545 115.4474 112.2693 107.9352 108.1344 114.1243 110.4918 108.6874 109.1693 108.8305 109.9537 112.7216 111.3763 109.9668 109.9120 111.5578 109.1047 111.0513 115.1857 118.3086 113.7599 110.6968 112.3924 112.7536 111.4888 111.9811 110.9350 109.0000
104.9600 104.8277 107.6826 109.3053 105.7179 104.7268 108.6357 109.5334 109.0659 111.2212 116.0047 113.8136 111.8826 114.2424 110.9113 109.2598 108.7615 114.6471 110.3389 112.3502 108.5504 110.0321 108.5227 112.9914 111.1596 113.9112 112.7544 112.1687 108.7833 109.6362 109.7691 117.2874 115.4413 114.6293 113.1689 110.3078 109.9336 110.7164 113.3089 110.3800
106.3500 108.2500 109.7338 105.4881 105.8610 107.3437 109.9363 105.9606 110.4862 115.4644 114.4818 113.4953 111.1859 114.2713 110.8919 108.9192 105.5212 115.1623 111.2198 112.4166 111.4573 113.2507 108.9609 116.1635 110.7276 111.6114 113.5803 113.3926 111.4832 111.0062 109.7694 113.9891 118.4842 116.8153 108.9796 112.0200 110.6419 109.8582 115.2939 111.5000
106.5500 106.5500 109.9900 105.7500 106.2000 108.8900 109.8400 109.8400 114.3000 113.3500 111.0700 111.1700 111.1300 116.2800 111.1400 109.3000 105.7300 115.8400 114.9600 108.4700 111.5700 112.4100 109.4000 108.0200 111.5300 111.0300 112.0700 114.2500 114.7900 116.1400 110.2200 111.9800 118.6100 108.5700 108.5700 109.1500 110.4300 110.2800 110.2600 113.0200
