108.9300 110.2100 109.2700 109.5400 110.1900 111.1000 109.8800 108.7100 109.8300 111.4000 108.9500 109.8400 110.4600 110.8900 115.2000 108.2600 108.2600 112.2900 112.2900 109.0700 111.2500 111.2400 109.6800 109.6700 108.8000 109.2300 112.0100 111.7300 113.8600 113.8700 111.7600 110.2100 110.2100 113.1500 108.9400 109.9600 109.9700 112.2300 112.4300 112.3400
110.8800 109.5764 108.6188 110.0041 109.8208 109.1922 111.3938 111.3131 109.0915 109.9437 108.8793 109.9230 109.3828 111.2422 111.9051 108.8676 110.4207 111.3223 111.9544 114.7988 109.3424 109.6029 109.5195 108.7802 108.4988 108.5674 111.5788 110.8321 114.1010 113.4890 112.0596 109.4394 109.3674 108.8294 108.7384 110.0185 110.5134 112.0026 112.6351 112.5400
109.9800 110.1342 108.9355 110.1125 111.5187 110.7113 109.5877 114.0360 109.3445 109.2495 109.5592 109.1057 109.2383 116.8765 116.8040 108.5417 109.3267 111.5126 110.5864 113.6346 110.4500 110.5513 108.7646 110.1676 110.1456 107.8002 111.2881 110.5604 113.7657 112.7161 112.6184 108.8907 110.9313 112.0646 111.9588 110.5430 113.4815 112.7673 112.9302 112.8600
110.2000 109.1204 108.2442 111.9219 109.6756 108.1667 110.5877 110.0425 108.9086 110.5427 109.1151 109.8921 108.5852 116.1263 114.8683 110.4794 110.0788 110.9865 109.7279 112.5612 110.7011 110.2748 108.9381 109.2539 110.7535 109.7626 110.7820 110.0573 111.2466 111.0506 108.8197 111.0611 111.1631 111.9851 111.4578 109.4235 113.9848 113.5090 113.1733 112.8600
113.9000 110.0642 112.3007 111.2845 110.3840 107.6817 108.7479 113.0619 110.7610 110.5423 108.8438 109.3752 114.5280 115.3704 114.8576 108.7095 109.6072 109.9291 108.9995 109.9895 109.1965 109.9213 109.4028 109.1364 108.8062 108.5157 108.7599 108.1176 110.3762 108.2403 108.5439 112.8755 115.0947 114.0572 110.5653 110.7311 112.2687 113.8802 112.5793 113.2000
115.5900 112.0747 110.3535 112.8815 108.8962 108.2063 111.8935 114.4804 111.5795 114.3084 112.6529 114.3568 114.2872 115.3108 115.2558 111.5139 109.2365 111.9251 111.4460 109.1701 113.0468 110.9613 108.5695 109.5320 108.2969 107.8392 108.7615 108.8576 107.9564 107.8905 108.2430 109.1713 112.4719 113.1388 110.0245 111.2293 109.2368 110.9073 112.4869 111.6900
110.6500 108.8013 111.2385 113.9083 109.4759 109.3081 109.2642 108.0218 110.7799 111.4834 109.3816 113.7961 111.8188 118.0920 114.7447 111.1843 110.1184 110.2662 109.7964 109.4827 109.0121 109.5425 109.3175 109.4067 108.3645 109.0509 108.6448 108.1447 107.8646 107.9858 109.1962 112.2173 110.3984 110.9270 109.3270 109.9154 108.8182 111.0889 115.0027 114.1700
110.5200 108.9339 110.1069 110.3761 109.4155 108.5629 108.3436 109.5298 110.1434 114.0499 109.0821 115.3829 110.1939 115.0404 113.0517 108.1143 108.3109 109.1840 110.2664 109.9683 109.2688 110.4885 111.6048 111.2105 108.4376 108.5101 108.0930 109.5822 108.0058 107.8831 108.3348 108.4628 110.2751 109.8855 109.2363 108.5552 109.8654 111.3897 111.7397 114.7100
111.7300 109.8951 109.4349 110.8790 115.9776 106.7900 108.9923 112.5408 111.4361 111.9759 109.1754 113.0885 113.7275 111.5731 112.4588 115.4446 112.8905 107.6299 108.3444 109.0024 108.0157 109.9871 114.5325 110.6016 108.1331 110.4737 109.1952 108.5251 108.2797 107.9189 107.8014 108.0898 110.3810 109.8168 109.9407 111.9295 109.9399 111.0588 111.0353 110.9900
115.5500 111.8346 108.3849 108.7340 113.2506 107.3995 113.1816 118.0586 110.7543 109.7681 109.2883 109.3601 108.9397 115.7132 110.4282 115.6824 114.4521 109.0426 108.1763 108.3672 110.7863 108.8049 115.4068 108.8351 107.4272 110.2335 109.3117 107.9314 109.3307 109.7645 108.1327 109.4220 109.3947 108.5113 110.7627 108.0717 110.3242 108.7947 111.1812 112.9600
115.3900 113.6113 109.3280 111.1967 112.7075 112.0077 116.1186 115.3146 111.4184 109.8193 109.9120 109.1251 108.4826 113.1966 110.2989 110.6502 107.7994 111.1511 113.9313 110.9247 114.5821 108.4619 111.1650 109.1551 106.5398 108.1243 107.2580 108.1664 107.8141 109.2963 108.4465 108.9316 109.4265 109.6642 109.2705 107.7806 108.4532 109.2956 112.7645 113.2700
114.6000 114.9997 110.1661 111.1830 110.1726 109.9195 112.7778 113.4908 115.5173 108.9193 109.4208 108.6958 108.7348 109.0650 111.1161 111.5036 110.3313 111.6999 109.4772 112.5312 113.4242 108.8267 110.0729 114.2489 111.0551 107.2736 108.3096 110.0908 114.8569 111.6300 109.0497 110.0804 110.5196 111.7421 109.9744 107.9999 109.8235 108.7002 110.8800 111.7700
111.1700 115.1398 110.2807 109.7093 109.6125 111.6669 113.6313 111.1992 115.3108 112.9071 108.7261 108.7694 108.8935 109.4210 107.0943 114.5785 114.8537 108.5680 112.8322 112.1165 114.0583 108.3600 113.1002 109.9722 114.1431 107.3162 107.5909 109.3453 107.8641 109.7840 108.6217 108.7082 108.7408 110.6161 116.8529 109.0400 112.8268 117.5420 112.2546 113.2300
114.4800 112.1866 109.5949 109.7152 109.6301 110.4585 116.3779 110.5927 113.4764 113.2981 108.3981 108.5780 108.9956 108.3062 111.3188 112.4848 110.8956 108.6524 113.8588 112.5616 109.0187 108.9374 114.6884 112.5116 115.2921 111.0982 107.0673 108.1304 110.9070 112.2912 111.7533 107.7338 109.9147 112.3144 117.0479 110.3337 112.6430 112.8486 111.8849 111.8600
116.0100 115.1093 110.1506 109.9322 109.1085 108.2819 108.5331 112.6735 115.3846 113.6344 107.9369 108.9287 108.5377 108.4035 106.5868 110.8984 110.1964 108.4204 109.8080 110.3188 108.6892 108.3071 114.4623 114.1441 114.1476 112.5055 108.5890 105.9878 108.0075 112.6120 108.7641 107.5679 107.7304 109.4772 109.3078 108.6539 110.1996 109.2939 108.2475 111.8600
111.6800 112.3200 112.4710 114.6783 108.9690 108.7502 108.1239 113.4354 114.1285 112.4820 110.9661 108.6531 108.3968 108.5804 109.9950 112.4706 110.8001 108.0538 110.0632 108.5560 107.9106 108.0720 113.1153 112.9944 115.4067 115.2432 112.6651 112.5218 108.6221 116.1043 114.5574 106.1660 106.1509 107.3261 107.9020 107.4224 108.6379 109.9018 108.2251 108.5900
109.7200 113.3996 111.5382 114.4711 107.8204 109.0488 107.8229 109.5623 110.1007 110.8728 109.6212 108.0853 107.9483 107.7659 111.3758 112.1835 110.7087 108.1533 108.0509 107.9070 107.1339 107.6003 108.9217 110.8092 112.7709 112.5375 114.2577 110.8913 111.6879 111.3205 110.3862 112.3496 109.9631 108.8152 108.9909 107.8427 109.9702 108.8619 109.4996 110.6100
109.1700 108.2954 107.5684 108.1024 108.3478 108.2280 107.7535 108.8011 107.3563 108.1099 106.1323 107.6482 106.7692 107.4861 109.7070 110.8753 109.6555 107.8942 107.7856 107.4424 106.1352 109.0083 107.0054 112.4755 113.2711 113.6288 115.0906 108.8551 107.7685 113.5632 112.4700 114.5640 109.0242 107.7533 108.3633 107.5631 111.6226 111.8667 110.7883 110.6100
107.9700 107.7895 110.8625 110.8868 109.9896 107.3360 107.3811 106.9848 107.2797 112.0243 112.8569 107.4564 106.9012 107.4049 105.8667 106.9910 107.0956 105.8746 107.3212 107.0717 107.5684 110.4708 107.4773 113.0844 111.8906 107.7905 106.8939 109.7128 106.6969 108.4555 110.3221 114.3229 108.1983 109.5948 109.9507 111.9182 107.0812 108.6590 113.1501 107.6200
108.9300 108.5176 108.8909 108.2250 107.5559 109.7161 107.3309 106.4248 110.2400 112.7994 107.4874 106.4486 105.7473 105.6455 106.1608 107.0941 107.1939 107.3380 106.8418 106.6791 106.9234 107.4466 107.7326 110.4261 110.0502 108.8745 107.3179 107.5166 106.1481 105.4933 115.9871 106.3134 110.4227 111.5530 110.0536 112.5458 110.1117 113.1423 110.2794 110.3000
107.9300 108.1946 108.4986 108.2968 107.2297 106.9255 106.7431 106.7921 106.3658 107.9998 105.9916 105.6405 105.6994 105.1028 105.8917 110.2332 108.9962 106.5231 106.6046 106.0646 106.7183 107.1367 107.0272 105.1973 105.7367 105.3870 107.4797 108.5604 112.4665 111.2553 111.7996 107.9596 108.9081 108.8132 113.1667 113.0947 113.4016 115.1784 115.7630 116.8000
107.5300 108.0672 108.1555 106.5658 107.6075 106.8792 107.5968 108.6674 105.9236 106.6159 106.5891 104.9577 105.8360 106.3546 104.3876 108.7290 107.8549 106.3331 105.0246 105.0265 106.2985 106.6408 107.2951 105.4667 106.2852 106.7808 106.3888 107.8074 109.0060 107.1902 107.7647 108.7276 109.9642 114.7756 112.5809 109.5954 109.7735 108.9640 113.0717 113.9000
107.2200 107.8346 108.4237 107.0819 107.4434 106.1217 105.8576 106.9085 106.3147 106.4717 105.7296 105.3343 105.7648 105.1648 105.0507 104.6908 104.1850 105.7262 106.2062 104.7386 106.1714 105.9718 106.5345 105.8411 105.1312 105.6651 107.2635 113.4460 107.8192 106.2250 106.6068 107.9928 114.2219 111.8347 111.2367 112.3605 109.1652 108.5838 112.3122 112.4800
107.6300 107.2787 107.5146 106.5703 106.9385 105.6915 105.5113 106.5770 106.4127 105.6320 104.6903 105.5070 104.4148 105.9502 105.2168 104.2681 104.0524 103.5015 104.2494 105.0507 105.8866 105.3023 104.4996 105.6768 105.1982 105.2510 107.4466 109.2193 109.0403 107.2702 106.7374 107.7855 112.5550 111.2016 110.9286 110.3085 107.2934 108.9648 111.5046 108.2200
106.5800 107.3308 106.6284 107.3614 106.4704 105.9758 105.6657 106.4645 105.8552 105.0633 105.0370 103.6485 105.1538 104.7765 104.1033 103.2706 103.0911 103.1671 103.2104 103.7885 105.4241 105.9500 103.9504 105.3473 109.6145 104.3752 104.6286 105.0445 106.1465 106.7973 106.6323 107.0031 110.2804 110.9703 108.4794 109.3568 110.8880 107.3123 107.5765 108.6300
106.6400 107.6581 107.3378 107.3030 105.9152 105.8499 106.1783 104.8960 104.3680 103.8168 103.9036 102.9449 102.7118 102.1796 102.2520 102.2584 102.3738 102.5103 102.6018 102.6414 102.8072 104.2211 103.6578 108.4344 108.0659 103.3224 107.8750 106.0353 105.7539 106.3834 107.5154 107.4901 108.4354 106.6521 107.5825 109.0894 108.8602 109.2119 108.6022 114.0400
107.7900 107.7079 106.7257 106.1962 106.5742 106.0502 105.5400 104.8091 103.6090 102.8450 102.4914 102.3301 102.0899 101.6765 101.6213 101.7041 101.6972 101.7702 101.6914 102.1367 102.3687 102.5703 102.6669 105.6341 106.4145 105.5964 105.9429 106.2311 105.5597 106.8680 106.7368 108.7432 106.8475 107.0054 107.7144 108.8934 108.0629 107.8758 109.6814 107.4100
105.9900 107.4101 107.1126 105.4021 106.9050 104.6903 105.3731 104.5803 103.0374 102.3316 102.0918 101.6868 101.3236 101.0008 100.8070 100.6435 100.4565 100.4863 100.9777 101.3647 101.5751 101.8341 102.3804 102.7429 103.8691 104.8647 103.2623 105.0641 108.6376 105.7241 106.3697 107.3302 106.7796 107.4580 107.3238 107.7922 107.7401 107.9102 108.8871 109.7700
106.9100 104.4361 106.9138 106.4023 103.3148 104.0700 106.0041 103.5398 102.3280 101.7961 101.4939 100.9100 100.4298 100.1517 100.0577 99.8219 99.8182 99.7978 100.1542 100.2254 100.7251 101.1502 101.6452 102.3279 102.6277 104.0219 104.2044 103.4288 108.5790 106.6908 104.8229 107.0237 107.0691 107.2983 112.7057 111.5585 111.2354 107.7162 109.0142 107.1700
104.0800 106.2331 106.7647 104.4118 104.5110 104.9910 102.9476 102.0021 101.6616 101.4262 100.7263 100.0906 99.2544 98.8373 99.1126 98.1712 98.0128 98.5465 98.8711 99.0179 99.8081 100.4664 101.2019 101.8047 102.1504 104.7682 103.5283 103.5172 106.8669 106.7127 105.6342 106.2055 106.7022 107.0193 108.8247 108.7985 113.2501 107.6976 108.7772 109.0100
106.1200 105.5364 106.0436 106.1735 105.0760 104.8184 102.1263 102.1336 101.1219 100.3110 99.3752 98.9781 97.9747 97.8323 97.8822 96.1123 96.0049 97.0438 97.2362 97.8572 98.8178 99.7963 100.6579 101.3772 102.0335 102.5657 102.4912 104.6565 105.9856 105.8760 106.0178 106.3590 106.4236 106.9068 107.5520 107.9868 110.8366 114.1597 113.5456 110.7000
107.2100 106.5429 104.7850 105.1154 103.4831 103.0794 102.3489 101.8179 99.4500 100.2116 99.1425 97.5643 96.3669 96.5803 94.2753 93.6571 93.8145 94.1736 95.9325 96.6525 97.9202 99.0624 99.9462 100.7226 101.5040 102.1703 102.6952 103.4269 103.9401 104.8523 105.3089 106.7769 106.6337 106.4575 109.0775 111.2301 111.1152 106.6678 113.9349 114.9900
106.4400 107.1609 106.0573 105.0314 103.2290 102.8403 102.7102 101.4824 100.4629 99.6225 98.0596 97.1575 95.6228 94.9096 93.2987 90.3068 90.1512 91.3287 94.1415 95.2707 96.8489 98.0787 99.2648 100.3733 101.0177 101.7400 102.5184 103.3910 104.3688 105.8931 105.5509 108.7492 106.9828 107.5530 109.7231 110.6104 105.6718 109.7891 111.7377 114.0200
107.2300 106.8535 104.4486 105.3250 103.1114 102.7243 99.1629 98.4316 100.1096 99.0559 96.7941 95.9402 93.5163 89.4493 92.2138 88.2673 87.7135 90.0805 91.6616 93.5602 95.7061 97.3368 98.6945 99.7955 100.7940 101.5596 102.2699 102.9043 105.7701 105.4581 106.1039 105.4518 105.8900 106.5870 110.4702 108.6996 108.8664 108.0551 111.5355 112.3900
105.2000 105.8520 102.9617 103.5843 103.2043 102.5880 99.7168 96.5393 99.9695 98.7264 95.5198 94.3208 90.8634 87.5863 87.8853 80.5654 80.2054 86.0028 89.7048 90.5601 94.0177 96.6799 98.1468 99.0675 100.2330 101.1417 102.0948 102.6472 105.9072 106.2001 106.4065 105.9135 106.0145 106.6172 106.5852 107.5974 108.2640 109.4202 109.2082 113.1900
102.5700 103.7466 106.2847 103.7804 103.2900 101.0884 101.8714 101.6928 99.5054 98.0687 95.8549 92.7407 90.0352 87.1328 79.7043 69.2381 67.8959 76.9785 87.2285 90.9383 93.4991 96.4115 97.5791 98.6928 100.2474 101.2026 102.0771 102.7622 104.1130 105.2292 107.8605 104.4741 105.6068 110.6409 110.0648 111.0340 111.7351 111.9709 109.0969 107.7900
102.5700 104.1292 106.0230 103.5108 99.1583 99.0925 101.6109 100.5744 99.2296 97.8199 96.1806 91.8533 90.1535 86.9411 75.8869 64.4182 63.4363 72.5191 85.7277 91.7859 93.2143 96.1652 97.4771 98.4533 100.2461 101.2531 102.0237 102.8552 103.3477 104.7212 108.5704 104.1477 105.5814 111.3357 112.0192 111.7800 112.9697 111.7618 109.0429 107.7900
103.1300 104.3138 105.6975 103.8130 97.5482 98.9097 101.7069 100.7353 99.5969 98.0747 96.4931 92.9884 90.7670 89.2730 79.1479 68.6821 67.0834 76.4656 86.5444 91.3080 94.5214 96.3102 98.0362 99.2942 100.4074 101.3476 102.1262 102.8854 104.1009 104.4711 105.6865 106.1613 108.8220 108.5982 109.5204 112.8662 113.1048 111.2546 107.2396 108.9500
103.1400 105.0091 105.3754 103.7155 102.6111 102.4300 101.6828 100.9110 99.9072 98.4394 96.5748 94.0305 91.7642 89.3725 85.7833 79.2219 78.7592 85.4579 89.4908 92.2080 95.0441 97.0475 98.4789 99.6805 100.5789 101.3621 102.2383 102.8162 103.4876 104.3760 103.7020 107.2774 106.5245 106.8296 110.6826 111.2559 112.8001 109.0745 109.7244 107.8400
106.8100 106.4500 104.6000 103.9100 103.1300 102.6700 101.7000 101.0500 100.3200 98.9000 97.7700 94.7900 93.3500 89.9000 89.9000 87.6000 87.9100 87.2700 91.0900 91.5100 94.3800 97.5400 98.5600 99.4400 101.0300 101.4900 102.6300 103.0000 103.4200 104.3300 105.1600 104.8200 105.7500 109.1400 108.7100 114.7400 112.2100 108.0600 109.3400 107.7900
