108.4200 108.2000 107.4000 107.9000 107.9100 107.7700 107.7200 105.3200 107.2600 107.1700 105.5600 106.1500 106.1500 105.3200 106.3400 106.3400 106.2300 106.2700 106.2900 106.2500 106.2400 106.2300 106.3400 106.3400 106.3600 106.3600 110.3500 107.1800 106.1700 105.2700 104.8800 105.3800 106.2700 107.0800 108.0100 108.9500 111.0300 112.0800 113.2000 114.2200
110.5400 108.2906 107.1628 107.9689 107.6565 107.7967 106.5493 106.4031 107.0589 106.2582 106.0531 106.3608 105.5800 104.6273 104.7347 104.4027 106.0646 105.6001 105.5410 105.8177 105.9578 105.9907 106.1632 105.7322 106.5512 111.1531 110.3553 107.9769 107.2069 106.1553 105.6018 105.2202 105.3242 106.2863 107.3121 108.4299 109.5367 108.6999 111.4832 112.7800
113.1200 108.2198 108.3626 107.8334 106.8761 106.7395 106.6068 106.9049 109.0636 109.0452 106.2961 105.9294 104.8731 104.6822 105.0814 103.9285 105.5405 105.0001 104.8851 104.9391 105.0182 105.5620 105.5565 105.1177 106.5878 106.7627 110.7049 109.3466 108.9909 107.6134 106.6246 105.8512 104.9537 105.3981 106.4163 107.4460 108.9405 108.3225 111.5987 112.4700
108.6600 107.7345 107.7474 107.3656 107.3427 106.9673 106.6887 106.8619 106.9028 104.5133 105.9979 105.2723 104.8428 104.1636 105.7547 103.5182 104.1407 103.3512 103.2765 103.1745 104.6318 104.6913 104.8980 104.8760 105.7159 110.0952 110.9180 113.4869 111.1829 109.0540 107.7497 106.5347 105.8097 105.2281 105.4421 106.5844 107.7164 109.0374 110.4117 110.9000
112.6000 109.9822 108.2749 108.0097 106.8308 106.5179 106.2923 105.4372 106.8556 105.9927 104.1490 105.2876 104.9877 102.9340 104.3721 103.3833 102.7469 102.6446 102.6355 102.4645 104.2133 103.6304 103.7584 103.8068 104.4294 107.5012 105.4087 111.2678 109.9392 111.0353 109.3153 107.7569 106.6398 105.6516 104.9616 105.8531 106.9010 108.2205 109.5106 110.5800
107.2600 107.6643 107.7504 107.2126 107.5677 105.9006 106.7589 106.1303 105.9458 106.1650 103.6057 105.8475 105.2958 103.0933 103.3895 103.7642 101.9009 101.3468 101.4563 101.3146 101.3148 101.6073 101.9918 102.5182 103.3288 105.2869 108.8056 108.1162 108.5020 112.5829 108.0593 109.1883 107.4655 106.3974 105.5915 105.4174 106.1837 107.5634 108.7831 110.1100
108.4900 107.6229 106.6848 106.5428 106.9519 106.4880 105.6895 105.0036 105.1151 105.3172 104.6686 103.4660 102.9190 102.1911 101.6774 101.0296 100.5938 100.3673 100.2190 100.2464 100.3899 100.7342 101.0901 101.1636 101.9130 103.7092 103.0116 103.6841 105.8469 107.1538 108.5530 111.3943 109.0682 106.5546 106.3339 105.1809 105.6174 106.9041 108.1187 108.7100
107.9000 106.8701 107.7299 107.4824 106.0235 106.6863 104.9851 105.4498 106.2654 105.2183 105.0484 102.5784 102.6432 101.5677 101.0379 100.3271 99.4824 99.1073 98.9398 98.8951 99.3514 99.6057 99.9199 100.6514 100.8647 102.0404 102.9020 102.7781 103.3474 109.4311 111.6061 107.0644 106.6984 106.2634 106.2684 105.9007 105.3713 106.2787 107.5000 108.4200
107.9500 107.5292 107.1938 107.2769 105.5352 105.2386 106.0888 105.9796 105.1906 102.8419 103.3053 101.7653 101.0887 100.7345 99.9425 99.3548 98.1767 97.6546 97.5132 97.5119 97.8861 98.2074 98.8414 99.5157 100.0846 100.5903 101.6954 102.6935 101.6572 104.7942 105.6057 104.5335 106.5210 106.4449 106.3947 106.0901 105.2525 105.6285 106.8892 107.0700
107.2200 107.1677 107.6130 107.2304 106.0354 106.2301 105.6500 105.3583 105.2847 103.2982 101.9346 101.1268 100.0954 99.2804 98.7988 97.9366 96.7628 96.4477 95.8020 95.6306 96.2818 96.6069 97.4259 98.5179 99.0858 99.8910 100.8451 101.8754 102.5140 104.0920 105.0610 105.0821 104.7154 106.0087 105.1317 106.4912 105.3797 105.0282 106.2160 106.8600
106.9100 107.5242 107.2832 106.8562 106.4360 106.3573 104.2182 105.4790 102.9345 102.2254 101.8328 100.8652 99.7841 99.1621 97.8168 96.1503 94.9580 94.2744 93.7196 93.2648 94.9778 95.3370 96.1476 97.4966 98.1436 99.0510 100.1355 101.1990 101.5647 103.8285 102.9496 105.1914 104.7787 107.5861 103.5904 106.0252 104.9677 105.2538 105.9062 106.8100
107.2100 107.7020 106.1992 105.9267 105.9746 105.2165 103.7129 103.9963 102.9247 102.2224 101.1841 100.1860 99.4676 97.7553 95.5246 95.0424 92.5292 92.3220 93.6257 91.2520 92.9239 93.2062 94.8639 96.0337 97.0437 98.1603 99.5585 100.7579 101.6321 102.4462 104.4315 104.1096 106.1730 107.2213 103.5938 106.7338 104.9929 105.4566 105.5790 106.7300
107.6800 107.5127 106.3640 105.9342 105.9144 105.4064 104.9968 102.9677 102.5271 101.6852 100.9011 99.6419 98.3861 96.7862 94.4407 92.9577 90.8533 89.4665 90.8508 88.7831 89.1609 89.8002 92.3506 94.6243 96.5583 97.3602 98.9251 100.5281 101.2896 102.3617 108.7584 109.4567 105.2278 105.1432 106.0124 105.9665 106.0218 106.0684 106.1225 105.3500
107.2500 107.1915 106.3425 107.0379 105.3383 105.1121 104.2768 103.1907 102.3568 101.7768 100.9979 99.6969 97.8261 95.7092 92.4831 91.0711 88.6370 85.5033 84.1733 80.5914 84.5920 87.1085 89.8942 94.2479 96.6716 97.2800 98.9052 99.9653 100.6262 102.5932 104.1038 103.3817 105.7000 105.5918 105.1253 104.2185 106.2634 108.8452 106.3603 105.5400
107.6700 106.8789 106.1434 106.6267 105.6041 104.1656 104.1516 102.8068 102.1791 101.6221 100.3989 99.1221 97.2476 94.2001 91.6644 90.5517 88.7479 81.3141 72.8771 69.7257 77.0901 84.3795 88.3775 92.4456 94.9862 97.4348 98.8181 99.4677 100.5971 102.4048 104.7914 103.3028 105.4522 105.6176 104.7606 105.6811 104.8208 105.4276 105.8203 105.9100
107.1600 106.3357 106.9110 104.9718 105.0754 104.0021 105.2319 102.7761 102.1604 101.4256 100.1957 98.7545 96.9253 93.7226 91.6177 88.6380 87.7124 75.5183 65.0401 63.3331 70.9331 82.4360 87.7655 91.6507 94.4763 97.1638 98.5411 99.5972 100.6591 101.6471 104.0755 104.2767 104.5621 105.9371 106.3728 106.4154 106.4799 105.9578 106.0572 106.6500
106.6800 106.1402 107.2252 105.0632 106.2662 104.6701 105.7625 102.6229 102.1872 101.3318 100.1793 98.7692 96.6470 93.9253 91.5497 87.6752 87.0358 75.8700 66.4037 63.5422 69.9887 81.5231 89.2885 91.7790 94.3262 97.3170 98.3924 99.8450 100.6972 102.0099 103.0042 105.3057 103.6491 106.2520 106.2912 106.3745 106.3036 106.7136 106.2775 106.6500
106.5300 105.8877 106.0027 106.0047 106.0933 105.8509 105.2441 102.7717 102.1128 101.2524 100.0782 98.1848 97.0541 94.6047 92.7882 89.5834 86.2530 81.6649 72.9570 72.7793 77.9782 82.8888 89.1806 94.0810 95.0146 97.4352 98.5595 100.0177 100.7759 101.8641 102.2357 104.2984 107.5578 104.9517 104.1936 104.0299 105.4972 104.5895 107.7111 109.5600
106.1600 106.0871 105.6766 105.2966 106.0933 106.1067 103.6739 102.8461 102.3385 101.5327 100.3194 99.1184 97.3205 95.5677 93.8228 90.0258 87.2074 85.1678 80.7674 81.6590 82.2781 86.2525 91.2231 94.7545 95.7998 97.5023 99.1784 100.1872 101.1112 101.9394 103.0007 104.5568 105.8874 105.9266 103.4685 109.8530 108.3845 110.7141 105.3858 106.6200
106.2000 106.0002 106.8474 105.3525 105.1999 105.6277 105.0074 103.2126 102.4264 101.7956 100.8924 99.3859 97.7911 95.8566 95.5721 93.2973 90.7762 88.6999 86.2680 86.7671 87.8136 90.9804 93.2734 95.5349 96.7426 98.7089 99.8761 101.0184 101.5582 102.0637 103.6228 104.7847 104.4320 105.1774 106.8137 110.4344 106.3748 106.9045 107.0646 106.7300
107.7500 107.4338 106.8760 105.4574 104.8361 105.7737 103.8319 103.8807 102.8170 102.1152 101.1759 100.2633 99.4231 97.1974 97.2358 95.8678 93.7799 92.6255 90.6852 90.9669 92.3490 93.0468 95.3483 96.6537 97.7953 99.0140 100.3333 101.3793 101.6279 103.3264 104.9039 104.9667 106.0973 105.1999 105.9303 107.7942 107.5190 107.9001 107.3103 107.3800
107.5600 107.4748 106.7073 106.3258 105.7749 104.9205 104.1918 103.7835 103.9417 102.2911 101.6772 100.9453 100.1220 98.2326 98.0811 96.7786 96.0666 96.1482 94.2635 93.6265 94.9965 95.8629 97.8182 98.5865 99.2166 99.6241 100.7667 101.5915 102.2352 103.0561 104.5845 105.7975 105.4450 106.1731 105.9363 107.3231 106.8395 107.6014 106.7532 107.4300
106.8200 106.4687 105.6799 106.8108 106.4806 105.9294 105.4569 105.4120 104.3763 102.8886 102.0642 101.4900 100.4376 100.0652 99.3593 98.7585 97.7164 97.4902 96.6982 96.3780 96.6585 97.3681 98.9365 99.6058 100.2045 100.9425 101.6478 101.9833 103.4734 105.4723 105.7863 105.2294 105.6674 105.1302 106.9371 106.3116 106.9021 107.7293 106.7228 107.1500
106.8100 106.5123 106.0559 107.2674 106.2363 105.9515 105.4432 105.8474 104.6483 104.5097 102.3985 102.2141 101.3727 100.5612 100.1350 100.0382 99.5561 98.8837 98.6472 98.6919 98.3645 98.8703 99.7296 100.1664 100.7873 101.5238 102.0270 102.4899 103.2194 105.1438 105.0556 106.3215 106.0609 105.7181 106.9139 107.4188 107.0314 107.7791 107.7879 107.0700
108.1000 107.4655 107.4951 106.7095 106.9396 106.4177 105.7565 104.9559 103.9726 104.1652 103.6326 102.5874 102.0579 101.5816 101.2403 100.8203 100.6710 100.3015 100.2644 100.2004 100.0228 100.3748 100.6009 101.1348 101.5890 101.9475 102.3656 103.0599 104.8642 105.6921 105.3025 105.7612 106.2487 107.4215 106.6277 107.2329 107.7926 108.2694 107.9439 107.0800
106.9600 108.0842 107.9719 106.9096 105.9158 106.6468 105.9273 105.2688 105.5306 104.6647 104.0762 103.1091 102.4812 102.2810 101.8421 101.5670 101.3959 101.1888 101.2034 101.2085 100.9790 101.1943 101.3263 102.0772 102.3036 102.6570 103.0359 105.3354 106.1188 104.6954 105.4727 106.6941 105.8357 106.4769 106.4101 107.2302 108.2510 108.1139 108.5924 108.6800
107.9300 108.2965 108.2218 107.5084 106.4704 105.5467 106.0079 105.6723 106.3437 105.8307 105.1137 103.5683 103.7898 103.0211 102.4072 102.4020 102.2806 102.1119 102.0105 101.9343 101.9756 102.0761 102.2514 102.5820 103.0242 104.4444 103.7917 103.9718 106.0642 106.1029 105.7245 106.4913 107.0346 106.6725 106.4066 107.7434 107.3724 108.2887 108.7802 108.6900
108.7600 108.0117 107.4554 107.0207 107.6947 106.1916 107.1203 106.3377 106.5879 106.3478 106.1468 105.7726 104.9919 104.6257 103.4977 103.0354 102.8964 102.6264 102.6412 102.6716 102.6444 102.7529 103.6225 102.9522 104.4323 104.5643 105.3559 104.8728 106.1709 105.2358 108.8279 107.2099 106.6155 106.4511 107.8837 109.7155 109.6466 107.7220 108.0787 109.1800
107.6600 107.2207 108.5202 107.8034 108.3393 106.5781 106.6454 107.1134 105.8534 105.5207 105.9164 106.1461 105.4730 104.5058 104.9513 103.5476 103.6730 104.2138 103.1196 103.1327 104.9218 103.9887 104.0725 105.2710 104.8729 105.6548 106.8464 104.7389 106.6941 106.0359 105.0785 107.1811 107.1682 106.5872 107.6225 106.5680 110.8207 106.5244 107.9869 107.9700
107.6100 108.6309 108.0940 108.1765 107.6124 106.2418 107.0564 107.3578 104.7021 108.9852 109.1728 105.6174 105.2876 106.0660 104.7748 105.0218 104.6339 104.6936 105.1979 105.0893 106.0000 104.7011 104.4033 105.2025 104.4435 105.8549 105.8653 105.2051 105.5685 106.0545 107.0532 106.8260 107.3251 107.6386 108.4018 108.2377 109.0933 106.5870 108.0168 110.9300
102.9600 108.4159 109.1235 108.3861 107.9120 106.8892 109.4902 107.7866 106.4237 105.0401 110.2639 108.5392 105.3476 105.3118 103.5556 104.4319 105.1279 104.4173 105.3519 105.8211 106.4270 105.5644 106.0177 105.5577 109.2929 105.6765 107.0196 107.1189 106.6805 107.6594 107.7919 107.6582 108.3121 108.0464 107.9349 108.1775 108.7939 108.8173 108.2818 108.5900
108.2400 109.7852 108.4932 109.3749 108.3600 107.1336 106.6361 106.4405 109.2352 106.0266 108.8227 108.4752 105.5843 105.2523 103.8116 106.0629 106.2265 106.8525 106.3002 106.1292 105.2784 106.2415 107.2469 105.5673 112.0911 105.5523 107.2930 107.3912 107.2874 107.1779 106.8798 107.1154 112.0142 108.1110 107.5226 107.5661 107.8055 108.8196 109.5602 109.4800
108.6400 108.9914 107.7876 108.4736 109.1562 108.0100 107.6414 108.1180 109.8154 107.7291 106.0458 107.1569 107.4945 106.5082 106.3095 106.5271 106.7124 106.9943 106.6144 105.7523 105.7253 109.4702 104.7475 106.7750 108.5596 109.1822 107.2999 108.1922 107.7535 107.0859 107.1349 106.9933 107.7640 111.7161 109.3314 108.7633 110.9803 111.1916 110.1977 107.8000
109.5700 108.0176 108.4167 108.1855 108.1052 109.4057 108.8175 108.1764 109.2753 109.8354 106.2639 109.1144 108.5263 106.1789 107.5288 107.5680 107.4797 107.1370 106.8054 106.4356 106.7338 107.2747 105.8760 106.3553 107.5732 109.4787 108.2682 105.1939 107.8336 106.2251 107.1946 107.3581 107.0143 110.4889 111.9324 107.6746 111.6406 107.0412 110.2002 107.8000
109.2800 106.0931 105.6740 108.3934 108.3426 108.1774 108.8414 108.2761 108.5304 105.5213 109.6626 113.6574 107.2570 111.9704 107.1698 107.9278 107.5601 107.3085 107.3986 107.6327 107.7396 109.7432 107.6045 109.0850 107.8359 110.6683 107.7234 112.1216 108.7441 108.9633 109.0753 110.3379 108.7879 108.0881 108.5306 109.1705 110.7889 108.5799 110.6251 109.8200
109.2800 110.2776 107.2941 106.3133 107.5690 111.4055 108.8371 111.1582 112.8655 108.0643 111.2078 112.4952 110.1322 111.6364 108.0393 108.1978 107.5457 106.7870 106.7426 107.7222 108.7293 112.3059 109.8634 113.4896 112.0487 112.0129 109.7399 107.3586 109.1094 107.2929 109.7923 110.5714 108.9569 109.1727 108.2154 109.5555 110.8789 112.8563 111.1647 113.8600
106.8000 107.5195 111.3155 109.2147 109.7387 108.5431 110.2068 112.2368 114.0859 114.4530 115.1275 114.3567 113.7358 108.5354 108.5018 108.7352 107.9186 107.6194 108.2445 108.4799 111.0944 108.4575 113.6596 110.6856 112.7771 113.1855 114.2068 110.5035 110.9514 107.7691 113.5694 112.5349 111.1052 111.4732 108.2633 108.3208 109.6389 110.8087 113.0151 113.8600
107.4400 106.8808 107.9561 109.1447 105.2016 103.8165 111.4140 115.3493 114.8964 113.9507 114.2649 106.0912 109.5139 108.8222 107.2120 112.3094 107.7402 108.5586 108.6260 108.6300 110.7605 113.5490 112.4467 109.8354 111.0755 109.4684 114.5334 109.0451 113.8708 113.0196 112.1288 114.8859 115.2119 111.7607 108.8124 108.8862 108.7755 109.2514 109.3920 110.7600
108.0100 108.1518 114.3683 114.1634 115.1150 115.9513 115.2421 116.6953 115.0633 114.6645 111.9834 106.5724 108.3149 109.0270 108.1285 108.2123 108.1922 108.9759 108.8310 108.5544 109.3491 110.9154 108.9369 108.4421 111.2308 110.2404 115.4120 108.2826 112.7911 112.5836 109.2778 111.7913 113.8956 110.8261 108.3197 108.9452 108.9892 112.0492 113.3674 112.5000
114.4100 108.5100 115.3500 114.3900 114.8200 115.2900 116.6100 114.1800 115.6800 115.1400 114.5400 108.0700 108.9200 109.0700 107.9600 107.9700 102.4600 109.2400 108.9500 108.6400 115.0200 111.1400 110.9700 108.5400 110.8800 114.9700 109.3800 113.9900 109.0800 115.0400 115.0400 114.7100 115.1800 115.4100 107.8300 111.3300 109.2300 109.2300 109.5700 112.5000
