106.3700 108.3100 110.3900 106.6900 105.7300 106.7900 106.7900 106.8500 106.6700 105.0700 105.9400 105.3100 105.0000 105.9100 105.9100 104.3100 104.2500 106.2600 106.2600 109.3400 107.6300 107.6300 106.6200 105.6200 105.1100 104.6500 106.2000 106.9900 106.9900 107.9100 110.3000 111.5900 112.8600 114.1000 116.7700 117.9300 118.6900 117.9600 117.4100 116.2300
108.5500 107.2943 108.8857 106.8707 106.8019 106.8052 106.5570 105.0375 106.7311 104.5703 103.9866 104.9458 104.4033 105.7388 105.7848 103.8165 103.7803 104.0826 105.0414 112.1164 110.8736 108.1212 108.0165 106.8369 105.9226 105.0573 105.0041 105.3049 106.0436 107.3706 108.7994 110.2540 111.8425 113.4589 115.0823 115.0772 117.2368 115.6104 117.1328 117.1200
106.6600 108.4381 108.5071 105.4657 109.1392 105.3986 106.2743 106.0662 105.6194 105.2759 103.9050 103.8669 103.5166 103.4293 103.2197 105.0222 104.7292 103.8970 106.2433 109.2030 112.3349 108.9263 111.0662 108.7281 106.5898 105.4644 105.0302 104.2346 105.1156 106.3792 107.8257 109.2100 110.6936 111.8907 113.3909 114.5616 115.7353 115.4351 116.6627 116.4200
106.6300 106.9912 105.6361 105.4044 105.8981 104.2561 105.5390 105.9807 105.8618 106.9588 104.9029 103.1348 102.5873 103.8324 103.1060 102.7918 103.2095 104.0329 105.2237 107.8056 109.2174 111.8116 110.7534 109.8836 104.6302 104.8309 103.3827 107.2026 105.2863 105.6238 106.8994 108.2761 109.6482 111.1666 112.3386 113.5682 114.7172 115.5487 116.2937 116.3000
106.9600 105.6144 105.5403 105.3731 108.0725 106.0767 105.4621 104.7527 107.3376 104.0105 103.7970 102.0213 101.8741 102.2551 101.8586 102.5686 103.0147 103.0704 103.3692 102.4148 103.7668 107.4669 109.5503 107.4214 108.2321 106.3294 106.0426 109.1290 105.5003 104.7427 106.2464 107.6043 108.8027 110.1459 111.4285 112.7726 113.9762 115.2754 115.9282 116.1500
106.9200 105.8871 104.7101 105.2059 107.1873 103.3726 105.3687 102.4782 103.6483 103.1824 101.5318 101.1208 101.2233 100.7599 100.6801 100.9245 101.2828 100.9598 101.7647 102.6029 101.3275 103.6967 104.3163 108.0377 113.1301 105.9545 107.1042 105.0520 105.3033 105.1438 105.8137 106.8815 108.1103 109.4182 110.8118 112.1134 113.5888 115.0331 116.2506 116.4800
106.9200 104.6798 105.4387 104.3169 103.0873 103.6222 104.4150 102.2255 102.0123 101.5413 100.9208 100.6999 100.2063 100.2247 100.2376 100.0482 99.9765 100.3055 100.4939 101.6632 101.5492 102.3275 102.0056 106.2576 108.6301 105.2826 105.2241 105.2154 105.1192 105.8113 105.1716 106.0617 107.3960 108.8889 110.2475 111.6464 113.2080 114.2825 115.7418 116.1900
104.8000 104.6865 105.3788 104.4406 105.7302 102.8510 101.9033 101.6697 101.1086 100.2427 99.8086 99.4666 98.5481 99.1785 98.9793 99.1302 98.6878 98.9668 99.6193 100.1959 100.9444 101.8085 102.3688 105.2080 104.4062 105.5664 105.4653 106.0740 105.5292 105.9527 105.5749 106.2737 106.5657 107.8045 109.6861 111.0572 112.4265 113.5222 114.6811 116.1900
105.0400 104.3490 104.3962 103.8611 103.8574 102.8573 101.6526 101.1578 100.4962 99.5918 99.1136 98.0266 96.7112 96.4229 96.6707 97.1468 97.2825 97.6235 98.4313 99.2721 100.3761 101.0426 102.4860 104.1724 104.4199 104.9398 104.6349 105.8196 105.3166 105.6749 105.6506 105.6644 109.5155 111.3805 108.5292 110.5340 111.9266 113.2220 114.9816 115.7400
105.9700 105.4748 103.5692 104.3294 102.8228 101.8425 101.3373 100.3515 99.3204 98.3487 97.4867 96.7238 95.0308 95.3508 95.4094 94.8958 95.7116 96.2520 97.3560 98.4568 99.4763 100.2620 101.2221 103.0238 102.6140 103.4630 103.8590 105.1362 104.9665 106.0106 105.8677 105.8579 108.8928 111.9471 112.1595 109.8658 111.0103 113.3748 114.3759 115.7000
105.2000 105.8524 104.8310 103.7391 102.2209 101.4460 100.9180 99.5129 99.1152 97.6602 96.8378 94.6726 93.6401 92.1492 92.0773 91.7712 92.9926 94.6697 96.8510 97.4286 98.9141 100.0958 100.8252 102.1990 102.9974 102.8729 103.5778 104.1252 105.3194 106.0248 105.9328 105.7972 107.5124 110.4352 112.9431 112.2351 110.8116 115.1344 114.1107 116.7000
104.5400 105.3249 104.3435 102.7210 101.9478 100.8430 100.2723 99.2031 98.2796 97.2227 93.7174 91.6752 90.1352 87.7334 86.9895 87.5790 91.1326 91.9475 95.4389 95.8906 98.8680 99.8172 100.6546 101.5158 102.1933 104.6084 103.2777 104.6178 105.6470 106.7301 105.8050 106.1348 106.8567 107.6904 112.6733 112.0475 114.2943 114.3994 114.2969 116.7600
105.4900 104.2516 104.0864 102.4630 101.7132 100.7648 99.7841 98.8361 97.5392 96.5415 94.7035 89.3830 85.8795 83.9341 81.8010 82.7699 87.3792 90.1395 95.1871 91.0937 98.7692 99.1508 100.1651 101.3765 102.9093 102.6795 105.3734 105.5357 105.8352 106.1587 106.9549 105.8463 107.4211 112.7812 108.1235 112.3706 114.5418 114.1730 115.8689 116.6200
105.9700 105.2988 103.6320 102.3322 101.7287 100.4585 99.6739 98.5175 96.7167 103.2276 100.4154 88.6488 82.3734 71.1989 69.3285 76.9037 84.6361 90.3545 94.3941 97.6765 97.7888 98.8256 99.9575 101.2254 102.0217 103.8743 104.3940 105.2952 105.6997 106.4603 107.0266 106.6177 108.5745 110.6272 108.5762 110.5330 115.7322 115.3907 117.2334 116.2000
105.6800 105.0863 104.6105 102.1166 101.5640 100.6735 99.4392 98.6914 97.0069 95.0813 92.0912 86.1668 76.8207 63.7197 62.2390 69.2346 84.0295 90.7507 94.0653 95.8072 96.5353 98.6985 99.8944 100.9977 101.8978 103.3987 105.2236 104.3223 105.2799 106.3900 106.5720 108.5174 110.8664 108.1332 109.8280 111.9286 114.2347 112.7508 113.8897 116.2700
105.6800 104.4395 102.6928 102.1633 101.5616 100.5444 99.6731 98.2600 96.4514 101.9031 92.0102 86.1520 76.7607 65.8213 62.7663 68.4708 84.1400 90.1170 94.6028 95.5055 96.3470 98.9789 99.8998 100.9462 101.8580 103.9428 105.1022 103.8414 104.6720 106.0787 106.3675 106.8518 106.4343 108.8449 108.9390 114.0648 110.1990 106.4415 109.4011 111.3000
105.8400 103.7453 103.8988 102.2143 101.7017 100.5117 99.6798 98.3551 97.0811 99.3093 90.7697 86.7333 79.2219 72.2665 68.8544 74.5794 84.9265 89.2580 94.8049 96.1281 97.1609 98.8989 100.1355 101.1417 101.9483 102.8979 105.2491 104.9293 104.8199 104.9273 105.7744 108.3761 110.9500 108.5614 111.6658 112.1195 112.9522 108.9184 109.4480 109.3900
105.2500 104.3187 104.7758 102.3861 101.8510 100.8408 99.6045 98.5641 96.8634 94.8174 92.2141 87.7666 83.5578 80.6685 79.3485 83.7223 88.5092 91.5744 95.3518 97.1569 97.8382 98.8029 100.5170 101.5551 102.1244 103.8654 105.2891 104.8514 104.3007 108.5080 107.5252 108.1420 112.3276 111.8075 113.9353 112.6986 111.7630 110.7006 111.4364 114.5600
104.5000 105.5080 105.2666 102.6885 102.0236 101.0806 100.2352 98.9230 98.0844 96.8802 94.4545 90.6892 88.3644 85.9402 87.4734 88.4362 90.1213 93.1543 95.7395 97.6475 98.4573 99.3247 100.9060 101.7263 102.2328 102.9565 105.2184 105.2023 106.1361 105.7847 106.3388 107.3596 111.4446 113.3323 114.5741 110.6303 115.8993 111.5361 114.2264 116.2000
110.2200 106.0747 109.1397 103.0893 102.2683 101.4529 100.6744 99.8749 98.7620 97.7621 96.4962 94.0701 91.6808 89.7950 90.8095 92.4013 93.8020 95.0668 97.1714 98.0062 99.3980 100.3812 101.2586 101.9418 103.1501 105.4394 105.6695 106.1408 105.2962 105.1165 106.3697 105.7731 112.1446 112.6778 106.3444 109.1433 113.2531 108.4250 109.6305 112.9500
106.8800 105.4406 104.2551 103.5240 102.4908 101.5761 100.9919 100.3743 99.4084 98.8013 97.4713 96.1197 94.6928 94.2862 93.9336 95.3813 96.5911 97.3615 98.6112 99.1749 100.1408 100.7226 101.6446 102.2193 104.0566 104.3154 105.6551 105.6495 105.2994 106.6766 106.3791 107.3430 107.1552 107.6676 108.0584 108.2031 107.9821 107.8845 109.4209 109.4800
107.5300 105.9225 103.3047 104.7223 102.7097 102.3243 101.4779 101.0357 100.3255 99.5066 98.9506 98.4202 98.0540 96.0168 96.4749 98.0657 97.7711 98.7716 99.5251 99.7700 100.5532 101.4455 102.2337 102.5561 105.1155 104.2405 104.5261 105.0280 106.1926 107.1436 106.7863 107.5773 107.6025 108.4253 108.4311 108.9377 104.8810 108.2548 109.2052 109.6300
105.3500 105.7369 105.0471 104.1474 104.6698 102.8408 102.1725 101.6314 101.0211 100.4948 99.9499 99.4945 99.0904 98.9802 98.8140 99.1926 99.3250 99.4078 100.2315 100.8972 101.3323 101.9119 102.5623 103.5058 105.3591 105.3084 106.2799 105.4746 105.7956 106.8399 106.2246 107.8714 108.0730 108.0112 108.6603 108.4454 108.9565 109.0481 109.2799 109.6200
103.6100 105.3103 105.8179 104.9155 105.5494 104.8231 102.1883 101.9409 101.6463 100.6433 100.8539 100.6004 100.0528 99.7952 99.7416 100.2741 100.8162 102.0474 100.8498 101.6655 101.9869 102.3657 103.5600 105.9214 104.6207 106.4081 104.8810 106.1181 105.8074 104.8960 105.8634 107.1612 107.9506 108.0451 108.5711 108.5085 109.3486 109.2019 108.4445 109.6200
107.0400 104.7900 105.1154 105.6253 104.7888 104.7391 104.9898 104.0707 103.4905 101.4395 101.5710 101.4626 101.1465 101.0953 100.9901 101.1197 102.7055 96.9070 101.2359 101.0162 102.7333 103.2122 105.0512 105.2140 105.3712 106.2244 104.9789 107.2510 106.0954 109.5881 109.5930 107.6188 107.6892 107.4638 108.4577 111.5836 112.2224 108.8592 109.1951 109.7600
106.0900 106.0814 105.2787 106.6081 105.9052 104.9125 104.2592 105.1740 105.8400 103.3806 102.4835 101.6141 102.3152 101.7922 101.8935 101.9950 102.1316 99.9699 101.9310 102.1538 103.7247 105.0593 105.6747 104.2380 105.2335 106.4339 104.6984 106.7986 107.1957 110.7062 113.9543 111.5355 107.1422 110.4519 107.5959 111.2877 109.7699 110.0838 111.7475 109.6000
106.0900 106.0703 106.5619 106.7264 106.2653 105.9307 104.3385 106.5303 103.9847 104.3275 104.1204 98.4948 102.9906 103.4834 102.7839 102.9609 101.1884 99.2558 103.7809 104.4381 107.8781 104.5881 103.2481 105.8799 106.3208 106.1446 108.5802 110.5601 107.9512 107.6619 110.0383 113.6348 107.7277 112.4144 110.4793 112.4857 106.9702 109.4925 115.1867 115.1700
107.5500 107.1607 105.9408 105.8515 104.2416 105.8976 108.9032 104.6913 104.6519 105.1503 104.3321 105.9105 103.8678 105.4021 105.0384 105.0628 104.9593 105.3418 105.5057 105.1657 107.3021 105.7611 103.4801 105.5854 105.7915 106.2095 106.5380 110.7722 112.6735 109.3150 106.9343 113.2825 108.7889 113.1050 112.9469 112.5704 112.3184 109.8055 111.1689 112.9300
107.6700 106.7208 105.7809 106.1315 105.6117 106.9207 107.0412 105.1187 106.1598 104.7790 103.9966 105.0234 105.1649 105.6559 105.6300 104.4521 106.2858 105.9636 105.4963 105.0596 106.1649 105.8673 106.0563 105.0535 105.8016 105.6011 106.3093 110.0713 106.6730 111.2945 113.2513 113.8468 112.3710 109.7785 114.5079 115.9455 108.0007 111.8106 110.1624 111.4000
107.0900 106.8152 107.1327 107.3159 106.1587 106.0812 105.9515 104.8994 106.4657 104.8681 104.8464 104.8309 106.0070 106.4100 103.7336 104.0832 104.0965 106.2166 105.7366 106.3009 106.5472 107.1226 111.6488 107.2565 111.4993 112.5006 106.3976 108.8930 108.0369 108.9430 110.8080 117.0642 111.5286 110.7533 112.1413 114.8772 107.4376 108.3220 107.6885 108.9300
108.1900 106.5991 106.7193 106.0168 108.5905 106.4521 105.6791 106.5418 105.3987 105.6493 105.9250 105.8786 105.3036 106.3902 105.0053 103.1940 105.6734 105.2218 106.9671 106.9435 106.8822 107.2149 108.6720 106.8099 106.7657 107.9899 106.9879 107.7810 111.0744 109.0641 110.7413 114.3942 117.3755 113.4971 111.3177 108.9878 107.7889 107.0881 109.8910 111.7600
108.7100 107.6537 107.0056 105.9894 107.0343 107.1336 106.5598 106.7467 106.5712 108.8452 105.5643 105.8254 104.7588 105.3849 105.0192 103.8717 106.1189 105.7832 107.3273 105.8952 107.2803 107.6873 107.8345 107.6128 104.8451 110.7714 113.2680 110.0486 111.1857 112.3179 111.5333 109.0659 113.9151 114.8165 112.1435 112.7835 108.9668 108.1527 110.3303 108.1300
107.8400 107.8616 108.4354 106.7250 107.4899 107.2568 106.5685 105.8267 106.5999 109.2982 105.5073 106.6834 106.4053 104.5697 105.0529 106.1788 107.7233 106.4972 107.6090 106.9522 108.0629 107.9884 107.8755 110.4462 110.3577 108.1192 107.7428 110.9122 111.3679 113.5670 112.9847 113.0781 110.0779 110.5507 113.1387 110.4074 108.8625 110.7643 109.0282 108.6200
108.1400 108.8544 109.1117 107.3586 108.1567 107.6698 106.6804 106.3221 106.0170 106.8860 107.5442 108.0741 106.0807 106.6654 106.2895 106.7318 107.4513 107.6978 107.6042 107.0237 107.5568 108.0016 109.1102 111.1519 109.4253 113.8972 109.7455 113.0487 107.6692 109.2371 107.5477 110.3344 111.9918 113.9278 113.0200 109.1997 109.6197 109.2023 107.8797 109.0500
108.0800 101.1437 106.5734 110.2033 107.7055 107.5238 108.7168 108.1376 107.8578 107.6107 107.8714 107.8611 107.8355 106.4763 106.8428 106.6155 106.7261 111.0994 107.9890 108.3553 108.2893 108.4140 107.8944 110.1378 109.2936 115.3837 115.2346 106.3447 107.4516 114.5132 112.6238 113.1560 115.3253 116.8308 107.6071 109.0673 111.4414 108.0382 108.3981 108.3900
104.6000 105.9500 103.3682 106.9649 108.6457 108.9376 109.7030 107.4413 109.7785 108.4122 107.9584 107.9262 111.2743 110.8191 110.5751 108.0026 110.7168 109.8110 107.7995 108.5643 108.6210 108.5068 111.1782 110.3271 108.6718 110.4387 110.3293 108.1522 114.1590 116.9081 115.6105 115.8550 115.0174 110.2447 109.6546 109.3306 108.4747 110.0030 108.4979 108.3900
105.9300 109.0367 108.6679 103.2332 102.2311 104.0439 108.0175 110.2841 109.6733 108.9463 109.3623 114.2415 113.3384 109.3134 109.2271 108.3212 115.2177 113.9220 109.1494 108.8694 108.9668 108.4538 110.8120 110.0688 110.5632 114.1041 113.3858 112.2278 111.6594 116.5921 117.2211 115.0923 112.3571 114.0423 111.7790 109.4607 111.7830 112.3334 110.7174 109.0200
105.7600 105.7479 104.5522 103.9792 104.4454 102.8476 102.2287 113.0301 109.4010 110.3678 109.2764 109.7362 112.9025 108.6740 109.4180 108.8183 111.4485 111.1451 110.1038 109.2189 107.9118 109.5501 110.9902 109.2292 113.9422 113.7847 113.9570 115.1541 110.7446 110.8526 113.5141 116.9293 113.5237 116.2169 109.5762 110.9111 110.8429 111.9239 111.8907 114.0900
106.6500 106.7203 105.5090 104.4276 104.8141 105.3438 104.9627 106.1091 109.1867 105.1971 109.2666 111.9451 112.8408 109.0510 110.2770 103.9181 114.4682 111.3491 108.5467 109.7483 104.6298 110.2127 106.3458 108.9990 112.8665 114.3619 115.2444 116.0038 111.2707 111.0092 112.6602 117.6022 117.2889 111.5502 108.5111 110.3140 110.8478 109.2981 114.0983 110.2900
106.6500 110.0100 110.0100 105.4400 105.9400 106.0400 106.8900 109.6800 109.5300 109.5300 108.9300 112.7400 113.8000 113.8000 109.8100 108.6800 104.5900 114.9300 108.5800 110.4800 104.8500 113.5100 105.3900 112.0500 113.4300 113.4300 115.8600 115.0900 115.9300 116.5100 116.3400 116.5900 117.5700 109.2300 109.2300 109.2400 108.6800 109.1300 113.5200 113.5200
