110.2500 110.2500 109.3700 110.8400 111.7100 109.9700 110.9200 110.5700 110.0900 111.5400 111.5400 116.5600 111.8300 114.0900 111.3300 108.9000 108.6600 112.7300 108.6200 109.8400 109.8500 108.8500 108.8900 111.6100 115.7400 117.3900 117.8100 113.2700 111.3700 115.0400 114.9100 108.9800 110.9600 114.7300 112.5500 114.3300 114.3500 114.0600 113.7900 113.7900
110.6300 110.8496 112.0405 112.5398 110.4234 109.3869 110.1226 111.3916 109.8724 107.8500 110.7557 113.3179 112.9193 111.1026 112.5000 110.2614 111.0086 109.6016 109.6431 109.0654 108.7173 108.9257 108.9864 110.4622 115.9899 117.0956 116.2370 113.4296 110.2803 111.4230 110.9323 110.8979 111.4150 110.5222 112.0142 115.0763 115.6052 116.0489 114.1754 114.1600
110.9800 110.8789 112.1794 111.0917 109.2263 109.5884 109.4537 110.9473 115.7674 113.4722 117.7339 111.3898 106.1817 111.2881 110.5250 110.3513 120.5063 109.2276 109.1222 108.7621 109.8195 108.8443 108.6978 110.4234 115.5061 115.9180 116.9195 114.6201 109.1330 112.3957 109.5958 113.7317 111.6201 115.3827 111.8392 115.4589 114.8987 115.1736 114.4362 114.5700
110.9500 109.5509 110.0609 113.2800 110.1223 110.5759 110.3651 108.9304 112.0953 114.8852 116.4554 116.8433 109.1543 107.9244 109.9188 108.1741 112.5058 110.8339 109.0173 108.9285 111.8381 112.2356 107.6357 110.1027 110.3805 114.4210 114.3340 109.0211 110.3447 113.8003 109.1427 112.0553 110.2605 115.8986 114.5715 115.9363 115.8230 115.3228 114.8194 114.5000
109.9900 109.5405 109.7191 110.2463 113.3798 109.7958 111.5608 114.6227 114.1648 113.6061 115.1152 117.2148 107.8989 109.3014 111.8137 108.5692 110.0257 109.6823 111.1158 109.6050 109.1847 110.1143 108.3458 108.3328 108.4751 110.0827 111.8372 108.7484 114.2155 117.3174 114.1801 112.8181 109.5520 113.7806 114.8923 116.2493 116.3348 115.7162 114.9120 114.7400
111.4100 109.6750 109.5974 111.1406 112.9632 112.1233 112.4137 116.5100 118.0255 113.8325 115.9875 113.6991 110.5840 108.0693 110.0730 108.3973 108.5250 112.7020 109.1543 109.6883 109.6758 108.5340 108.2007 108.1744 108.5114 108.1595 107.8947 107.8529 113.2434 113.5209 116.8391 110.3404 112.8888 115.8437 117.5771 114.5636 116.4593 115.7973 115.5154 115.9600
111.4100 109.9760 109.3379 111.3470 109.5993 109.1400 109.7061 113.5337 115.1413 115.3532 114.0335 113.6701 108.9976 110.7038 109.6430 108.0978 107.5182 113.5452 108.7537 108.8186 111.2443 108.3735 110.9484 111.2614 107.6530 108.0672 108.4606 108.1798 113.0084 115.7988 114.3105 106.9395 107.9725 110.5684 114.2980 117.7624 116.9156 115.6503 115.4225 115.9600
108.8200 109.3885 108.2227 111.6330 111.5918 109.9117 110.8368 109.8968 113.8835 112.4454 110.6355 114.9960 112.2391 114.4880 112.1571 109.0231 108.9023 107.6478 108.3087 110.7256 110.2643 108.0989 108.5551 108.5032 110.0950 109.1028 109.4106 110.2557 109.6215 114.2064 112.4666 106.7290 107.9145 109.5819 112.4970 114.8933 115.8288 115.2720 115.9605 112.2200
111.4100 107.8104 108.5659 108.9912 116.3028 111.2703 111.5396 110.3099 113.6281 111.8369 113.5769 113.6228 111.1382 115.9238 112.4707 109.8092 109.3942 107.6791 110.4924 114.9013 108.3233 107.3774 109.9648 110.1991 107.5673 107.6616 110.3719 107.8415 110.0293 112.4648 110.5273 110.8552 107.9219 111.7072 111.3396 113.5304 115.6001 115.3722 116.0111 112.5600
110.5500 110.8855 109.3122 109.3571 112.7108 109.2754 110.8153 109.8132 112.0804 112.7185 110.9650 112.3793 113.6572 107.4236 111.3290 108.7885 109.1626 107.7468 109.8568 111.5094 107.4491 107.6466 110.7780 111.9807 106.6690 107.8321 110.4517 107.5728 110.5299 110.7886 109.2100 111.7752 114.1107 111.9891 109.7936 113.6457 113.8903 114.4848 113.9356 112.9000
109.9500 109.3414 108.4198 111.1207 111.9037 113.1350 111.7564 110.0844 109.1660 109.6231 111.3938 109.4621 111.3082 112.9763 110.4361 110.1849 108.4024 113.4630 108.7113 113.1529 109.6327 109.7597 112.9226 110.5821 108.6566 110.3721 108.3218 107.6139 110.6708 109.7159 109.2016 113.3465 109.1082 111.9901 110.4534 110.6256 114.7041 113.7231 112.0886 111.3000
110.4300 111.6080 112.7794 113.5069 113.4689 111.3124 112.0192 110.4131 109.9941 109.9166 108.4074 108.5621 115.7903 110.7748 107.7311 115.6676 112.8716 111.4759 110.9464 111.6711 113.6952 112.5291 112.2566 109.6931 109.9433 109.6993 108.9983 108.3797 107.9796 106.1368 115.2469 110.6497 108.2832 110.2028 109.6403 110.4275 112.5327 108.6781 108.9923 108.8200
109.2500 111.0537 113.2972 113.6982 110.6360 111.3960 110.8323 114.9776 111.0925 109.7279 109.7859 108.9297 113.9265 110.6886 105.9857 108.9931 113.9739 110.1755 106.9213 109.8633 114.1720 110.3391 107.4204 110.2277 115.0478 110.0023 108.9758 111.4212 108.5342 107.0801 114.9121 111.5411 108.1552 108.6730 109.1283 109.3848 108.9475 108.7361 109.6601 109.4100
112.9700 113.9854 117.1806 114.0122 116.2161 112.2843 113.9847 115.0777 114.6152 106.7469 109.5818 110.9185 110.3629 112.6688 106.0150 112.8471 112.7682 111.0670 110.4170 116.6607 111.8585 108.9903 107.3261 110.1301 110.8239 109.0776 107.8330 110.4462 108.3554 112.2948 113.1229 110.9397 110.9792 109.0867 108.9875 109.4378 108.5005 109.0300 108.8383 109.2900
112.9400 113.6566 117.6563 114.5220 114.1890 110.4049 112.6856 111.6008 111.9922 113.9989 110.3985 108.5343 110.7460 107.4364 108.1273 110.7390 113.6407 112.5734 112.1862 112.6673 113.2368 111.4104 105.3175 108.0356 108.3427 111.5615 108.3000 107.0161 107.7946 112.5811 112.1878 108.6548 108.9286 108.0703 108.7650 108.4069 108.1914 109.1513 108.0534 107.6300
116.0500 112.8798 117.1315 115.3129 116.1778 112.2647 118.7769 114.7764 110.3547 112.2278 112.9879 108.9075 107.6373 107.4496 108.3982 107.7576 114.7033 108.2979 111.5869 111.1759 110.5279 111.3159 112.0093 111.3590 108.4152 108.6506 108.0760 107.5373 108.9296 112.0039 108.1340 107.3785 107.2661 108.3315 107.7193 108.7313 108.6578 108.0378 107.5057 107.6300
116.0500 109.9906 109.9847 113.1911 112.8962 112.1271 112.3941 114.6448 110.5282 111.1436 112.0943 108.9337 107.5310 106.2829 108.0759 107.8784 110.4352 106.7778 106.6820 110.5448 114.1958 107.8056 106.9602 110.0572 107.1355 107.6838 106.9742 107.9084 112.0483 110.1677 107.1851 107.5037 107.0798 107.0769 107.1315 105.9994 107.8599 109.0390 108.2960 109.0000
109.0200 108.7716 108.9477 114.8741 111.4451 111.7686 114.6071 117.5978 114.2202 109.2260 112.5736 107.5277 106.7906 106.2343 107.2399 107.8551 107.1398 109.9307 105.8653 107.2696 108.3767 105.9305 106.7408 107.1639 107.5829 106.9249 106.4720 107.3934 110.1410 107.0238 107.1279 107.4693 107.0151 106.9428 107.9960 107.2578 108.3145 112.7972 106.9986 107.8300
115.1500 114.4586 108.3067 108.3463 110.0575 111.0565 110.8809 109.3585 112.5777 108.5086 108.3197 111.0393 107.3614 109.1312 107.1356 107.8084 107.3850 107.9124 110.0664 111.2939 107.1335 106.5232 107.7210 107.4535 107.2928 107.0469 106.7046 104.7933 112.4005 106.1993 106.9590 107.4535 107.0964 107.9992 108.4888 107.8107 113.4265 108.3415 108.2774 107.6900
111.2200 116.0022 112.8218 112.6173 108.7607 108.5553 108.7341 111.0924 110.7675 110.4376 111.4850 109.4489 107.5114 107.3065 108.5287 108.5338 108.2227 106.1056 108.4491 109.5426 106.5113 105.9377 112.1509 108.4749 106.4611 106.7232 105.0619 107.4319 109.2716 106.8992 105.7746 105.7317 106.7304 107.5202 107.7483 107.4306 107.1544 108.1582 108.7083 108.7600
109.8100 113.5813 115.5829 114.5852 108.3062 110.3368 108.2333 108.6402 109.2966 109.7818 111.7034 107.1707 106.9129 105.8965 108.3239 109.7088 107.3401 105.7862 109.3206 106.8263 105.0436 106.0044 109.9492 105.9330 105.1749 106.5943 105.9454 106.5878 105.7999 106.1335 107.0220 106.4656 107.6769 106.6253 108.0634 107.4389 107.3324 107.3103 107.1836 108.0600
109.6800 109.4340 114.2796 114.6253 113.2151 108.4083 108.4506 108.4520 108.2980 111.3178 109.9514 107.4539 107.3760 107.5250 106.1311 105.2728 105.9042 105.2965 104.9908 104.3541 104.4364 104.8864 105.6094 106.2559 105.9471 104.5103 106.4975 104.7861 104.8807 105.1567 105.1697 107.3412 107.1915 105.9088 106.1183 106.1313 106.7173 107.7379 107.4937 107.3100
109.5100 108.9398 111.5846 110.9243 112.4015 108.1288 108.5493 108.0184 107.1660 110.5171 108.0253 107.3212 106.6508 106.8114 105.6979 105.6452 105.2525 104.9592 105.6897 104.4980 104.4569 105.3798 104.7829 104.9790 104.9875 105.7399 105.6284 104.4372 105.7147 106.8176 106.4678 107.1302 107.0693 107.2812 106.3116 106.2981 106.6959 107.0652 107.2138 107.7700
113.8400 109.4523 113.2489 109.2842 107.4231 108.3870 108.6010 107.7849 108.6579 110.6554 107.3519 108.6803 106.8978 105.7197 105.6301 104.9340 106.4294 104.4832 104.1185 105.4448 104.6229 103.4030 103.1039 103.0908 104.0493 103.8213 103.6437 103.8562 104.3059 104.7873 106.0293 106.7567 106.0136 106.9845 105.9259 106.3891 106.8480 106.9036 107.8577 107.0900
108.9400 108.3289 107.8106 113.7567 107.9975 107.0930 108.8302 108.1461 106.9656 105.2696 110.6921 110.5644 105.9806 108.3829 104.8216 105.1286 104.6535 103.1257 103.0377 102.7041 102.2751 102.0346 102.3716 102.4072 102.3446 102.4701 102.6481 102.8502 103.2605 104.7103 105.5130 106.3992 104.5241 106.2510 106.6106 107.2588 106.5480 107.1649 107.7240 107.0900
109.4200 108.9596 109.4267 107.7561 108.0396 108.9226 108.3696 108.3695 106.9388 105.4838 105.7502 105.8806 105.3870 107.8124 104.0392 103.6686 102.9874 102.7451 102.4544 102.0558 101.9113 101.7703 101.4312 101.5920 101.7267 101.4897 101.8407 102.1481 102.8111 103.0138 104.1773 105.0091 104.5172 104.9544 106.7300 106.2242 107.2810 106.4832 106.8204 107.4400
109.2700 108.8793 108.4972 112.8024 107.5338 110.9184 108.1746 107.0508 107.2903 105.2713 105.3338 104.6200 104.5294 104.9597 104.3874 102.9097 102.5605 101.9915 101.6148 101.3159 100.8325 100.8670 100.4138 100.4058 100.3372 100.8907 101.2995 101.5598 102.2136 102.4713 102.7735 102.9244 104.0544 104.8862 106.8748 105.9856 106.8876 106.2147 107.1588 107.5300
108.9000 107.9922 107.8078 109.0416 106.7591 108.7262 108.4386 109.8745 106.7470 105.6653 106.0496 106.2282 104.8837 103.7721 103.0325 102.3386 101.5848 101.2722 100.9555 100.4298 99.8693 99.4110 99.6048 99.6597 99.3380 99.9503 100.4307 100.7537 101.9758 102.3396 102.2580 103.4745 104.5579 104.0641 106.4757 106.1250 105.7894 106.3096 107.0170 107.0800
108.7300 109.1982 108.4974 107.8254 107.9529 107.5829 106.5999 106.8327 107.2613 105.6441 106.4153 105.1374 103.6531 103.0323 102.5139 102.0057 101.2862 100.5938 100.0756 99.2259 98.6744 98.0683 98.0941 97.8220 97.6013 98.4752 99.8037 99.9892 99.4764 96.2543 102.6999 102.2209 104.9356 103.2980 105.4508 106.1625 104.6387 110.3124 105.9904 111.1600
102.1800 108.3865 107.9446 109.5037 106.8065 106.2726 107.6272 109.0833 106.3171 106.1412 105.9979 105.7180 103.4495 102.6606 102.1378 101.2593 100.4500 99.8986 99.0012 98.0090 97.2855 96.8512 96.5541 96.5020 97.1250 96.9504 98.3069 98.4418 100.2998 100.4627 101.3890 101.8486 102.6815 103.5406 105.5867 105.9232 104.6984 106.0128 106.9840 107.5900
110.3200 107.5844 108.1083 106.6758 106.9843 111.9336 108.5968 112.1448 106.2074 105.3911 104.6789 104.7703 102.6149 102.2357 101.7955 100.6450 100.0193 98.7542 97.4025 96.1491 95.7141 95.5584 94.0398 94.7610 94.8116 95.4178 96.3393 97.7762 99.0176 100.2513 101.0266 101.5070 102.3781 102.9018 103.5391 104.7809 105.6239 106.3094 105.1376 105.3400
113.6500 111.7043 107.2049 110.8095 107.4548 107.2624 105.6580 105.6043 105.1852 104.7652 105.7277 103.4004 102.6027 102.0085 101.2284 100.0953 99.3018 98.0947 96.6610 95.2961 93.5940 92.0620 91.0108 91.2076 90.5224 93.1714 94.6129 97.0339 97.7044 99.1389 100.5192 101.2374 101.9307 102.7130 103.3325 108.9678 105.6376 105.5648 105.5682 106.1700
108.9300 107.8673 107.6050 107.5318 107.3470 106.9872 106.7161 106.5467 106.5405 105.6361 103.9442 103.0339 102.4401 101.5947 100.6360 99.6391 98.4023 97.7251 95.5879 93.4436 90.4504 89.3548 89.2803 87.7112 89.3094 89.7189 92.9099 95.1842 96.7434 98.3301 99.9149 100.8475 101.5910 102.2500 103.3863 105.0160 105.5792 106.0155 106.4821 106.1000
108.9000 108.8761 108.7562 108.0251 106.1308 106.5199 107.0269 104.6016 106.9119 104.8923 104.4216 102.8552 102.2238 101.3268 100.7695 99.5152 98.2810 96.8252 94.5736 91.5495 90.5936 84.6830 80.4656 80.9135 84.5212 86.9697 90.7521 94.0501 96.5361 98.1961 99.6415 100.1576 101.5701 102.1573 103.3503 103.8477 106.0976 106.3782 106.0465 106.9300
108.6600 108.3990 108.0563 107.6409 106.7319 107.0142 106.9541 104.8000 105.2088 104.9644 105.0259 102.5477 102.0902 100.9909 100.5742 99.1140 98.1555 96.2571 92.8509 90.4462 85.6586 77.0628 69.5909 70.1449 77.8784 84.0281 89.3492 93.2453 95.6378 97.9591 99.4794 100.2079 101.4501 101.9650 102.6817 103.3759 105.1580 105.4523 105.8035 106.1900
109.5500 109.0229 107.1178 107.3341 107.7771 106.8676 107.6914 107.4674 105.0691 104.2278 104.2342 102.5155 101.9509 101.1932 100.4527 98.7614 97.8673 96.2431 91.8145 89.8477 86.9437 72.7792 64.7583 65.7136 74.0741 82.5686 88.6493 92.7847 95.2435 97.9004 99.3653 100.1587 101.2481 101.8596 102.7747 103.2520 104.8018 104.5415 105.2192 106.1900
108.3700 108.1053 107.0426 107.8744 106.2807 106.3930 105.9944 105.9256 104.8409 104.2922 103.6166 102.6333 102.0500 101.3154 100.3935 98.7282 97.8298 96.1179 93.7867 90.3592 87.5413 75.9993 67.9941 68.3247 78.5400 87.5989 90.0728 93.9627 95.7140 97.9219 99.5577 100.4761 101.3569 102.1355 102.8719 103.6822 103.9817 105.1783 105.5512 110.8200
107.2900 107.7473 107.9851 107.4954 105.3713 106.5815 105.1822 106.4065 105.3268 104.3494 103.6342 102.8135 102.1806 101.5408 100.6371 99.4760 98.3096 96.7294 95.2515 92.2563 89.7400 83.1468 76.6377 78.7862 85.8939 90.0018 92.0225 94.3714 96.2518 98.1469 99.8418 100.7359 101.5638 102.4311 103.0098 103.7078 105.4365 104.8094 110.8301 105.2100
108.4400 108.3474 108.5694 107.2851 107.7770 106.8076 106.9706 105.2499 105.3152 104.3348 104.1036 102.9542 102.3540 101.6810 100.9387 100.1039 98.8306 97.5215 95.8961 94.2895 92.5483 90.6062 89.7249 89.1886 89.2336 90.4759 93.6096 95.4285 97.5466 99.0667 99.9274 100.7779 101.8063 102.6032 103.5865 104.1621 105.3913 106.2860 106.7462 105.7400
108.4400 107.5900 106.9100 107.3300 106.8600 105.1200 105.1200 106.6200 104.9200 105.5400 105.5400 103.0800 102.6800 101.6900 101.1800 100.5600 98.9800 98.0700 97.4400 95.0100 94.1200 91.3800 91.5400 91.6000 90.9600 94.5600 96.0400 96.7300 97.8600 99.8700 100.5500 101.0200 102.2300 102.5000 103.7800 104.4100 104.5600 106.4400 106.8100 106.7700
