109.8200 109.8200 112.0200 111.1600 108.5500 108.4800 108.4600 109.7500 109.5700 110.9200 110.9200 109.6700 110.9300 110.9300 111.1400 109.9800 112.9000 115.2400 114.5600 111.3100 114.4000 114.6100 109.1800 112.5200 112.5800 110.6200 118.1300 118.1300 116.3800 116.2100 113.6700 111.7700 111.7700 115.0300 115.0300 114.7800 114.5000 114.2400 113.9900 114.0500
110.1200 111.2008 110.8107 111.3472 108.7266 109.5160 108.6959 108.9868 109.6319 110.1563 109.9862 109.7969 108.7947 111.0905 110.0292 110.2276 111.2918 114.9539 114.9231 112.1660 110.4390 113.6633 108.9232 109.1820 110.6387 109.6966 110.8468 117.1959 116.3629 116.3048 114.1764 111.6868 115.6493 110.6626 113.3339 113.4291 113.4917 113.3064 114.4586 114.1100
110.1200 109.0330 109.2726 112.9396 109.1002 109.7908 109.2865 109.2958 109.5535 112.0532 111.8988 109.8372 109.4545 111.4970 111.9261 117.6568 107.6312 111.5730 114.7279 111.7544 111.7156 114.0123 109.9337 109.6088 111.0759 109.5301 109.1234 114.4232 117.0405 115.4587 114.2334 112.2481 111.9457 108.9412 112.9180 111.4235 114.1930 113.5816 114.7112 114.4300
110.3400 108.9829 111.7896 112.9693 108.7294 108.4514 109.3348 108.4257 110.1479 110.5117 110.5357 108.1686 109.6690 111.0244 112.4924 115.6772 111.0201 109.4365 109.7848 109.1412 113.2965 108.1810 108.8998 112.4246 114.3170 110.4582 108.6241 110.4250 116.4792 114.8200 115.5901 108.7009 114.8763 109.3295 113.1848 111.1207 114.5848 113.9116 114.7151 114.9900
111.6600 113.1638 114.5820 110.0110 108.4219 109.9842 110.4039 113.9732 109.8613 107.8765 109.2198 109.7688 110.1024 112.8516 114.5757 114.6681 110.2830 109.3897 108.6717 107.8011 112.0873 109.3087 110.8725 110.3096 111.8839 111.0391 108.2559 108.8554 109.8295 111.7104 113.4000 112.3210 115.5501 113.9962 112.2457 111.9359 114.0537 114.6113 115.1693 114.9900
110.0200 113.7421 115.7078 116.7212 111.0736 111.3586 109.9998 113.8613 115.3526 117.3943 110.8306 110.6386 113.1854 115.7858 115.5567 115.8009 106.8868 109.2081 110.1381 108.1053 110.5743 111.2434 112.3894 110.2719 110.5312 109.5644 108.6579 109.1987 108.8083 108.7652 109.4215 114.9896 114.2088 115.4897 114.6819 112.6471 115.3790 116.2610 114.4642 115.4900
108.3000 109.3225 109.0520 114.6943 113.6107 111.3411 108.9324 111.1422 115.1888 117.4545 116.3705 110.9332 116.2676 116.5891 114.5374 115.0698 112.3671 108.3297 111.8159 109.5917 108.9398 110.4382 111.8240 109.4189 110.5899 109.1420 109.6721 109.9760 108.9993 109.2942 108.0114 111.9414 116.0899 112.6432 110.6227 109.6156 111.5743 116.4420 113.6111 113.6400
112.5300 111.4832 109.5357 114.6134 112.9888 113.5291 110.6109 113.3873 111.5767 114.5940 115.0123 113.9474 115.1558 110.2785 111.2504 115.4766 112.0970 108.0096 109.6458 109.9865 110.2437 110.7900 110.9649 113.8898 109.5754 109.6243 109.1168 108.3878 108.0878 108.6138 108.2110 108.7006 113.5028 110.9088 108.1930 108.7476 108.6555 114.5719 117.1451 116.9400
112.2800 111.0610 112.1545 112.2058 114.5316 111.3097 113.9707 112.6134 112.7121 110.6373 111.3121 110.9244 113.3392 114.0268 111.7971 115.4425 114.8657 111.9451 109.3660 109.5954 108.1509 108.9555 113.3802 113.5505 108.2859 109.2211 108.3356 109.7867 108.4149 107.5640 110.3041 110.4395 111.3631 111.7225 109.8342 110.1978 110.5087 113.0026 117.0373 117.4000
117.6700 114.1343 114.1253 113.4075 116.4769 108.9191 114.4799 116.0122 109.5818 114.8194 114.9930 109.5642 113.5835 113.8808 114.7974 110.2124 115.0370 110.9357 111.9865 108.8114 109.6228 108.8125 113.5949 114.5828 109.5103 106.7430 108.1665 109.9432 107.7352 109.8213 108.6879 110.3703 112.1944 111.1916 111.6479 112.2423 112.5520 109.5686 111.8269 118.6300
114.7100 114.5904 110.7498 115.0609 110.1052 109.2959 112.2284 114.9146 116.2624 113.6522 115.5230 113.3473 109.2015 109.1050 108.3996 114.2601 114.1018 108.6414 113.7622 109.4577 110.4169 111.9427 113.4698 108.4232 108.1633 107.6749 106.7357 109.0852 111.1188 108.8701 109.2520 108.6529 110.7378 110.6714 110.5721 109.1961 111.6494 110.0196 114.7524 115.5600
115.4800 117.1234 108.9907 112.2802 115.5721 113.1337 114.8892 114.4284 114.9976 112.1043 114.2265 112.8301 113.1859 112.7829 113.4931 110.5030 109.1318 108.8941 110.9608 111.1831 110.1845 114.9948 109.7238 113.3334 112.2886 107.2471 110.2501 112.3662 112.5541 107.7409 108.5014 108.6071 109.8382 110.1907 110.9557 109.6045 111.5172 108.6959 111.4038 113.3600
115.4800 115.2552 110.2046 111.8575 107.6753 109.7170 109.5432 112.3999 108.1000 110.3131 109.1817 113.6689 109.3649 109.9095 109.9075 108.0790 111.9525 110.0816 110.8949 113.1568 110.1597 112.5283 109.2832 112.4876 111.5923 106.7146 109.7560 107.2060 111.0713 112.8944 110.2094 109.4902 108.9099 112.4705 116.4778 113.7169 109.5794 110.0663 114.0954 115.0700
114.5000 116.3328 111.4604 109.1459 109.3998 111.3754 110.4598 109.0300 109.2888 106.2313 111.1039 108.7859 109.0737 107.9068 111.8246 108.7520 112.9465 109.8776 110.8163 110.0379 114.5540 110.4405 109.1219 108.8326 111.6863 116.5750 109.0014 106.7756 112.7349 113.7321 110.8605 109.6346 108.1195 111.8411 115.8594 115.1003 114.6216 116.2677 114.3413 115.0600
109.7100 111.4693 115.3892 110.9484 110.9990 110.2415 108.8705 108.5575 107.0822 109.6100 108.4375 108.6346 107.4138 108.2286 110.7583 106.7467 110.3008 109.1049 109.6708 107.7789 109.5214 108.9099 109.1591 108.8391 111.7946 116.9635 114.3273 106.5262 108.1525 113.8155 107.2500 107.3790 110.9960 111.9625 118.4611 108.9584 110.9767 111.7892 109.5120 108.2300
108.5600 109.1012 112.5728 110.7383 107.1090 112.4946 110.0596 108.3124 106.8789 108.8617 109.0753 108.9559 108.2114 108.1340 108.8020 108.7311 110.0637 107.8430 110.4449 108.9019 108.4870 108.6119 108.9964 112.8799 110.2931 113.4310 114.1108 114.7369 111.4423 113.3842 113.7833 108.7895 107.9044 109.5850 108.1716 107.2986 109.6185 108.6715 108.9916 108.2300
108.5300 108.6662 107.5829 108.1540 107.2620 109.5277 109.1044 108.1546 107.2908 106.9455 111.7129 108.4713 107.9968 107.6748 107.6187 107.9319 108.1399 108.4070 108.1793 108.3670 108.2108 108.0767 109.1308 115.5829 114.2145 114.0076 114.1445 115.3692 113.8739 109.9729 113.6935 113.0314 112.9531 109.1845 108.4234 109.2625 108.6038 108.6583 109.1152 108.1500
109.2800 108.3060 109.3398 109.1400 110.6396 109.8049 108.6574 108.5925 107.9128 107.2071 111.9076 110.3927 107.5739 107.8414 107.4505 107.7003 107.1055 107.8980 107.9826 108.3366 107.7356 107.7242 108.1569 110.0854 108.9876 114.7700 112.6503 113.7402 110.1952 114.9800 113.4721 112.3534 109.0018 107.4438 107.9764 107.9658 112.0433 112.9985 111.0992 109.6200
107.5900 106.9820 108.9607 106.9251 108.4316 109.0295 107.3736 107.2357 107.8160 105.8516 107.7106 110.1226 106.9733 107.1298 106.7920 106.2398 107.3138 107.0533 107.4078 107.5355 108.2532 107.7030 108.2265 107.7686 110.7255 110.6740 108.8602 115.1593 109.4317 110.2877 112.1416 114.2991 109.2748 109.7095 112.6899 112.1303 108.2377 109.6153 115.1813 107.9200
108.6200 107.2913 107.1062 107.8298 107.4835 106.7789 106.7089 105.8715 106.6620 106.6605 106.8350 105.8825 106.5431 105.7969 106.5117 105.7072 107.3598 107.7160 106.9010 106.8981 107.7346 107.6473 108.0614 112.6002 113.9104 106.7959 109.0151 110.0306 109.0016 112.0332 111.1929 107.0596 111.7295 109.0122 107.5414 111.0174 112.3526 117.0821 113.3978 112.0200
107.6900 107.3828 107.3713 107.5073 107.2522 105.7767 106.8665 107.0344 106.6181 106.0264 105.4537 104.5427 105.9219 105.6279 106.4727 106.7220 105.8045 107.3102 107.2533 106.9322 107.2412 107.5649 106.5139 107.0050 107.2068 105.7950 113.2317 108.1378 111.3957 108.5870 113.6183 110.3802 110.6832 108.9951 109.0404 114.2562 113.9203 114.1674 112.2144 115.2700
107.2900 107.4901 107.4915 107.9763 107.1352 106.4343 105.1605 106.8385 106.1188 106.1524 105.1418 105.2845 105.3083 106.8231 106.4987 106.1407 107.1328 106.0014 106.4292 106.1434 106.1033 106.5031 106.6956 105.6857 106.5975 107.4139 107.0591 107.7871 109.0545 108.0178 107.2688 107.5856 108.8028 110.7399 113.0611 111.0877 111.7607 112.5340 112.0794 110.5400
108.2100 107.8533 106.4672 107.1845 106.4740 106.3628 105.5876 106.3595 105.5930 105.7232 104.6209 104.7251 105.3551 105.6084 105.0324 106.0958 105.7823 105.9254 105.4233 106.5061 104.8874 106.5949 107.1708 106.5436 106.3928 106.2725 106.1466 110.1577 107.0362 108.5620 107.7654 107.7762 112.0442 112.2857 110.3296 111.3658 108.8784 107.7696 114.3863 113.9300
107.8500 107.9745 107.0942 106.4888 106.5644 106.2543 105.8652 105.6974 105.6396 105.4155 104.3692 106.0260 104.0070 104.3665 104.1918 106.0829 104.5333 104.8439 105.7352 106.3971 105.1730 106.3576 104.4345 105.7996 105.9228 105.7428 106.8485 111.4126 107.6379 108.0322 107.6468 108.5740 111.6857 110.3297 111.6955 110.2521 107.6227 109.3003 113.6588 109.2400
107.2000 106.7259 106.5127 106.1047 105.8390 105.8807 105.7824 105.5180 105.9049 104.7493 104.1593 103.6939 103.2978 103.1354 103.9212 103.8183 103.4325 103.8698 104.3365 104.3814 104.9021 105.4187 105.2177 106.7792 106.9069 105.9664 105.8954 106.7255 108.4285 107.3976 107.0662 109.7183 111.3780 107.6311 115.0049 109.2125 110.2959 108.1790 112.0909 109.8800
105.8900 107.0894 107.3898 105.8690 106.4312 105.5573 105.0577 104.7100 104.0944 103.2183 103.4444 102.9191 102.6149 102.3985 102.3677 102.6637 103.0061 103.1105 103.3321 103.3940 103.7615 108.4289 104.3337 107.0691 106.2037 105.7801 106.6049 107.2640 106.1719 106.8229 107.3125 108.1717 106.2311 108.7398 110.4877 109.2281 109.3586 109.0526 109.0221 115.4600
107.5200 105.9280 106.0303 105.2879 105.4951 104.9157 105.2465 103.9938 102.6185 102.4261 102.1807 102.1250 102.0049 101.5974 101.7409 101.8772 102.2491 102.4709 102.4738 103.0411 102.9598 104.3711 104.2480 105.9282 104.5219 105.7632 105.4942 106.3079 106.7013 107.4178 107.9799 107.3762 109.3923 108.0132 107.5988 108.1213 108.4087 109.0670 110.6481 107.4000
107.0200 106.4521 105.3347 105.0631 104.1075 103.9839 103.4367 101.8956 102.3429 101.6873 101.5979 101.3670 101.1538 100.8830 100.8855 101.3019 101.1698 101.2492 101.8420 102.2649 102.6679 102.8541 103.0348 105.2340 105.0793 105.8776 105.0914 105.5460 107.0066 106.9751 107.0798 107.9230 107.5041 108.0443 107.7513 108.5783 107.8507 107.5252 110.1647 109.6300
105.7700 106.2751 104.8228 105.1139 104.0334 102.7792 102.5792 101.7825 101.6229 101.0988 100.9806 100.4374 99.8643 100.1337 100.2478 100.7421 100.5192 100.8025 101.2127 101.5190 101.8954 102.3282 102.7340 104.0012 104.6655 105.5842 104.6418 105.2113 106.0397 107.4278 106.0495 107.4346 107.3260 108.1630 109.0480 111.0369 112.4152 108.9691 108.9096 108.0000
106.8400 106.0420 104.4337 103.8051 103.1473 102.4248 101.8598 100.9170 100.4399 100.2563 99.4976 99.2303 98.5965 98.6531 98.8140 99.7239 98.7406 99.5341 100.3151 100.5943 101.1846 101.7840 102.5041 102.9859 103.4578 103.8698 106.0816 105.3989 105.3397 107.5600 107.6726 106.8761 106.5711 107.6177 107.6955 109.4811 111.9833 113.6522 110.7145 113.7400
106.0200 106.2216 103.8364 103.5829 103.0257 101.6742 101.0595 100.4930 100.3024 98.9856 98.0538 97.4990 96.8718 97.1788 97.5407 97.8189 97.4215 98.5645 98.8668 99.3563 100.4923 101.2222 102.0883 102.7216 103.2374 103.7913 104.4879 104.8670 105.1855 105.6593 106.9755 106.2005 107.2953 107.2208 107.9203 108.4985 113.2747 114.1842 114.3216 112.3000
105.1100 104.5060 103.5627 103.0876 102.3924 101.7171 101.2333 100.6570 99.9009 98.0018 96.8509 95.7300 95.2324 95.9867 95.8471 94.9604 95.6545 96.8010 97.9373 98.8018 99.9305 100.8239 101.5209 102.1368 102.7916 103.2447 104.4497 104.6575 104.8452 105.2935 105.6499 107.4456 106.5269 106.9081 109.9139 112.7003 110.4913 111.5592 115.2551 114.6800
104.8800 104.2094 103.4402 102.7779 102.0613 101.5354 100.7336 99.8954 98.4771 97.3765 95.3341 94.3943 93.0390 92.8467 92.1028 93.3980 93.4702 94.6693 97.0588 98.0223 99.1256 100.0559 100.9951 101.8824 102.3924 102.7465 104.9275 104.8837 105.1072 105.6244 106.5667 110.2987 106.3089 107.8894 110.5402 112.5709 106.0266 110.3925 112.9925 114.3500
104.2800 103.8565 103.2666 102.6213 101.9433 101.1175 100.2740 99.4561 97.4688 95.6453 93.5744 90.6412 89.6152 87.7971 88.4510 90.5508 91.3759 93.6210 95.4379 96.9929 98.3802 99.5815 100.5668 101.4078 102.1944 102.8283 103.2881 106.0797 106.4676 107.4170 106.7359 105.7517 106.7784 106.5440 110.7904 109.2125 111.5117 110.5664 112.7108 114.1100
104.0600 103.7131 103.1166 102.4518 101.6580 100.8021 99.7924 98.6263 96.4513 94.3150 91.0102 88.3021 85.4137 82.6038 83.6170 85.5405 87.6951 91.3711 93.9725 95.5031 97.3845 99.0925 100.1135 100.8115 101.7089 102.4181 103.8202 105.3920 106.0508 106.9723 107.8463 107.4407 107.9438 110.8413 111.0685 111.5936 114.5410 111.4572 110.4883 115.4700
104.1800 103.6327 102.9028 102.3434 101.6106 100.5589 99.3597 97.3579 95.2287 92.6607 88.8783 84.9515 81.1255 75.1369 73.0089 79.2113 83.3727 88.2730 92.4493 95.1589 96.9605 98.7650 99.6199 100.4089 101.6123 102.4399 102.9997 104.9971 105.5445 106.7446 107.4458 108.1487 105.5306 113.3328 112.4224 112.3529 109.8987 113.6155 108.7672 109.1700
104.1800 103.5847 102.8960 102.1615 101.5612 100.5692 99.1425 97.3749 95.2878 91.9495 87.4614 82.3632 77.0289 70.0292 70.4179 74.1533 81.6100 87.2033 91.0694 94.6646 96.9675 98.5101 99.7605 100.7530 101.7532 102.5078 103.1885 104.2048 103.6653 106.7700 105.1700 106.1531 107.0343 110.2635 109.4218 111.0256 111.1254 107.9656 108.2280 107.4100
103.8200 103.5454 102.4763 102.2044 101.3583 100.3318 99.0029 97.2928 95.2777 91.8045 88.0560 81.7089 72.4298 64.4960 65.6046 72.0918 80.7624 86.6063 90.6029 94.2123 96.9437 98.4086 99.7607 100.8785 101.7395 102.4753 103.2076 103.5947 103.4991 107.0489 104.6151 106.8791 108.3067 110.4653 109.9590 111.6016 112.6521 108.4630 111.5076 107.4000
104.1900 103.5581 102.4311 102.2874 101.4019 100.1512 99.3915 97.5424 95.5935 92.1310 87.8895 82.6686 75.9586 67.1745 66.9395 73.2328 83.3395 88.9329 91.3668 94.5539 96.8896 98.6805 99.9486 100.9950 101.7632 102.3995 103.1499 104.2974 104.1580 105.3839 105.4199 105.6248 105.5769 106.3260 108.6821 110.0611 111.9696 110.9285 112.0409 107.5900
104.1600 103.8200 103.2900 102.3600 101.2900 100.5800 99.1500 97.7500 96.2300 93.1200 90.4200 83.7600 83.7600 70.3500 70.8100 80.3700 84.5500 87.9600 92.7400 95.3000 97.0100 98.5700 99.3200 100.8800 101.8200 102.6100 103.2200 106.0900 106.1900 104.5900 105.7500 107.8400 106.8800 108.0500 110.5900 114.4200 114.1900 109.5900 109.0900 109.0300
