109.8500 108.7600 109.3100 109.3100 109.2600 109.3100 109.2300 114.3200 115.7300 112.7300 110.2600 111.7800 108.8200 111.9400 108.3600 113.0500 113.0600 107.5200 107.5200 107.9900 107.9500 108.3000 108.6500 113.0800 110.0600 115.8000 117.7300 113.5600 113.5600 114.2800 114.9900 114.8800 116.3800 115.5800 117.3700 118.7200 118.8900 118.4400 118.4400 119.7200
109.6400 109.3451 109.0785 109.4457 108.5350 108.6975 108.9111 108.2806 109.7025 112.4846 109.1085 110.5830 108.5438 108.5797 107.7578 113.2205 112.2880 107.6310 106.6430 107.5371 107.6266 108.3224 110.4038 111.4613 108.9967 112.6631 111.8314 112.3748 112.3724 113.2073 114.1662 114.3733 114.9165 116.3732 117.8168 118.7946 118.3294 118.4068 119.1809 119.7200
109.4500 109.1569 109.1593 109.2239 108.4661 108.8593 108.9582 108.6298 111.2261 114.9685 112.3100 107.5622 107.0509 108.3189 107.7466 113.0690 110.5635 106.1618 107.0871 107.6240 107.4367 108.0517 108.1037 107.7796 109.6573 111.7148 112.6228 114.1475 111.1475 111.7045 112.5017 112.9053 113.5924 115.5227 116.6491 117.7668 118.2878 117.7193 119.4435 119.1300
114.0900 109.1376 109.1047 108.5406 108.8915 108.6793 108.2177 108.4951 108.0831 111.2191 109.2180 107.2086 107.1258 108.0625 107.2138 110.1839 108.3056 105.6066 106.6897 107.0912 107.2358 107.3529 107.5336 107.4801 109.3798 109.5826 115.6187 112.4058 109.3896 110.4548 111.4694 111.7286 113.2155 114.5922 115.5145 116.6780 117.8977 118.2870 119.2432 118.0900
112.1900 109.6882 108.7940 107.9997 108.5177 107.5093 107.8970 107.6097 107.0901 108.7004 109.7711 107.7649 107.4293 107.6265 107.4931 106.7181 106.4962 106.6748 106.8601 107.3170 106.3291 106.5856 107.8947 107.7690 108.8195 109.4683 107.6311 107.7941 108.4202 108.6558 112.1216 111.1303 112.1411 112.9882 114.4223 115.5544 116.5256 117.2830 118.1989 118.0900
108.3300 108.6762 108.7283 108.7732 108.3219 107.6158 106.6940 107.2012 107.2094 107.1881 107.0897 107.5532 106.2124 106.6466 107.4715 106.5048 106.7535 106.3095 106.9559 107.3466 107.1193 107.2902 107.6452 107.1137 112.4235 116.0655 108.9353 108.3619 107.8632 107.6073 110.8772 115.2016 109.9456 113.4995 112.5825 115.1897 115.3978 115.5045 116.8751 117.5300
114.2200 112.9450 108.9743 108.5977 108.0804 107.9030 107.3244 106.8422 107.2541 106.3691 106.4707 107.3042 105.5389 105.8249 107.4634 106.7035 106.6971 105.8926 106.0493 106.8799 105.7695 107.1046 107.6121 109.1017 115.0319 114.3934 112.2033 108.1178 106.5728 107.1416 110.2314 115.5856 112.8838 115.9846 111.7314 116.9299 116.1703 116.2676 116.7142 117.5300
114.2200 110.1340 108.0050 108.6843 107.9258 107.4498 107.9463 106.4675 107.0175 106.5953 106.3167 106.1465 105.6456 106.3363 107.7264 105.6159 105.4539 105.1111 105.0990 106.2716 107.2965 108.0479 106.4620 104.6247 111.5534 113.2928 108.7305 108.3949 107.0984 107.4393 108.6410 113.0999 114.6631 114.5274 113.2576 114.9413 112.8383 116.7635 116.5135 116.7200
112.8500 113.0173 107.8936 108.0533 106.6799 107.6288 106.8196 106.4574 106.9520 107.0059 106.1627 105.2543 105.3315 105.9386 106.0854 106.1540 106.0092 105.9166 106.3107 104.9322 106.6847 107.2857 107.2453 106.4156 107.3988 109.9000 107.8800 106.4932 108.6303 108.6837 107.6068 113.0287 108.5632 111.4285 113.6461 114.6050 112.2021 117.2509 115.1342 116.7200
109.5400 111.8878 110.4035 108.0284 107.5467 106.6512 107.1383 106.6732 106.6401 106.1627 105.2749 106.1623 106.1863 106.2536 105.6107 105.6444 105.0899 105.5334 106.0061 106.2213 106.0385 105.1379 106.0227 106.9253 104.4696 106.6706 106.9457 105.6765 111.8081 112.2952 114.1075 109.2079 107.4799 109.6355 113.7937 115.2242 112.1776 112.6737 114.0173 115.0100
111.0100 111.9247 110.4613 107.0794 107.2727 106.3797 105.9344 105.9454 106.6868 106.0971 105.5088 105.9973 105.1398 104.2890 103.7696 104.8959 105.1056 105.4075 105.5844 105.1798 105.0775 104.6624 109.0645 105.6662 105.1302 106.5621 106.5074 107.9231 112.5670 113.0189 113.0445 107.7869 108.1564 108.5548 114.0386 115.0072 115.7458 111.0189 114.9367 114.1500
111.6000 112.6544 107.6578 105.6174 105.7412 107.0424 105.8735 105.1255 105.7488 105.6014 105.5015 104.2190 104.0815 104.1071 103.5319 103.3228 103.2506 104.5299 103.3142 103.0733 105.4930 104.3826 107.3657 103.7712 105.4633 106.1737 105.5902 106.0409 107.0212 106.9009 107.3887 106.2957 107.1308 111.2338 111.2441 111.2554 110.6218 115.0471 114.8221 112.6200
111.5900 109.6649 106.6169 105.8657 106.7197 105.2421 105.4309 105.1121 105.6073 103.9322 103.3798 102.9222 102.6821 102.7208 103.4034 102.2854 101.8954 103.7348 102.4114 102.7878 103.1664 105.0020 105.4536 104.6802 105.2954 105.6497 105.9266 105.3030 106.9744 107.1525 107.3681 107.4829 108.0865 112.7488 110.8842 108.2676 113.8011 110.5608 114.1743 110.7000
109.9500 106.2520 107.7047 108.0300 106.1370 105.1722 105.7939 104.0139 104.9551 103.2890 103.0041 102.6075 101.9677 101.3314 100.9568 101.4053 101.4148 101.6052 101.8954 102.1331 101.8860 102.3640 103.5648 105.5126 105.9172 105.0684 106.2858 105.2923 107.0791 106.5330 108.2509 113.1200 110.2997 112.4777 108.8701 111.1064 110.3850 109.1757 112.2326 110.3900
106.4100 106.5369 105.8529 106.2748 105.2260 104.7151 104.8645 103.2089 103.0536 102.5886 102.3018 101.6811 101.1745 100.6463 99.7727 100.9228 100.8858 101.0557 101.0602 100.7854 101.3499 101.7589 102.2178 105.3530 105.3369 104.8700 104.7387 104.7132 105.7858 105.9265 108.1270 109.2596 106.6920 108.8858 107.9727 108.7793 109.3445 109.4092 110.6322 113.2600
104.4900 105.6099 105.2434 105.6521 106.0422 104.9978 105.8845 102.8720 102.5754 102.0927 101.5371 100.8489 100.0134 99.5483 98.9193 99.2189 99.2185 100.0917 100.2166 99.8523 100.5693 101.1398 101.7610 101.9131 102.9361 103.8528 104.4369 104.2006 104.9329 106.6835 106.3109 106.3349 106.7961 107.3549 108.0038 107.7678 108.1696 111.0799 113.3391 111.1500
105.0600 109.3386 105.4523 105.0948 105.5120 105.4662 103.2930 102.4305 101.9500 101.2634 100.4728 99.3320 98.4073 98.2289 98.0503 98.1939 98.1008 98.3184 99.0508 99.2892 99.3234 99.7539 101.1783 101.9316 102.2352 102.7706 105.5761 104.5571 104.9011 106.0470 106.5120 107.4463 106.7103 107.3369 107.8839 108.2627 108.6690 109.7123 111.4685 111.1500
110.8600 108.6800 111.2938 109.7982 106.5261 104.9522 102.4121 101.8910 101.4136 100.7361 99.6770 98.7174 97.5166 96.1151 96.4121 95.2846 95.3305 96.0311 97.1616 97.9040 98.0021 99.1358 100.4230 101.0718 101.7708 102.1555 103.5457 104.6955 105.8370 105.0874 105.4657 107.0887 107.0622 106.3272 106.8200 107.8082 108.1787 108.5739 109.3620 107.7000
106.7100 105.2876 106.9643 106.9785 105.0968 102.9901 102.1812 101.6671 100.7193 100.0415 98.9437 97.0915 95.4945 93.7569 94.6839 93.9763 93.9456 94.1179 95.0865 95.9939 97.4311 98.6343 99.6850 100.4175 101.2708 102.0571 102.6704 104.1143 104.8926 105.1283 105.0750 106.0191 107.0923 106.5721 106.9662 107.8817 107.6774 107.7461 107.6222 108.4400
106.9400 105.4476 105.4260 104.9501 104.5723 102.2407 101.6665 101.0817 100.0562 99.3448 97.7829 96.1356 95.1691 92.0214 91.5873 91.0814 90.7696 91.6701 93.7651 94.2353 96.2150 97.1137 98.6890 99.8439 100.7832 101.6208 102.4577 103.3531 104.8128 104.3366 106.4996 106.5233 106.4469 106.5382 107.2815 108.2273 108.2856 109.1052 107.3993 107.6100
106.0500 106.7096 104.3036 105.4153 102.9530 102.2721 101.4177 100.8385 99.6167 98.3860 96.9775 95.4416 92.9395 90.0917 88.1951 85.8097 85.3547 87.0431 90.5109 91.8395 93.7906 96.3979 98.7616 99.8334 100.6947 101.0350 102.1885 102.8476 104.6923 105.1484 105.1508 106.1352 106.8902 105.9223 107.0200 107.2410 107.5188 108.2716 108.9614 108.4500
109.3200 107.8563 105.9104 105.8473 103.0400 102.2015 101.3784 100.1201 99.4116 97.6345 95.9766 93.9411 89.6416 87.2646 83.7817 80.2912 79.9820 83.9735 86.2099 89.6297 92.5712 95.0269 97.6946 99.5218 100.3285 101.2081 102.2876 102.5494 105.4387 105.0007 105.0729 105.0018 106.7904 106.6560 106.8875 107.9462 113.9061 114.3695 109.6449 112.5000
106.3400 106.2566 105.8978 103.8608 102.7439 102.0434 101.1050 100.1815 98.8626 97.2196 94.7748 93.2015 89.1777 83.5466 78.9584 73.3778 71.9221 79.8736 85.3229 88.5644 92.0195 94.4450 96.9625 98.5744 99.8940 101.1331 101.9739 102.3416 104.8515 106.1766 106.5143 105.2435 108.1693 106.1194 105.7193 105.1408 112.1733 112.4876 107.4968 107.1500
105.3000 105.6507 104.7672 105.3638 103.0213 101.6692 101.1059 99.7935 98.4929 95.9918 94.9143 92.3706 88.4939 82.1837 74.2979 66.6905 65.2179 73.0464 84.4926 88.7178 91.6729 94.9473 96.9761 98.4689 99.7743 100.7547 101.7780 102.3562 103.7850 105.4795 106.3555 106.2960 106.9266 107.1557 108.3123 107.9318 107.6983 107.7159 111.1342 107.1800
105.3100 104.3422 105.9419 103.8831 102.5642 101.3800 100.6867 100.0863 98.3216 95.8362 93.9927 92.6754 88.0554 82.9012 72.9725 65.0073 64.8781 73.8491 84.0579 89.8852 91.8058 94.4526 96.8380 98.5142 99.9738 100.7646 101.8346 102.6192 103.6970 105.0726 106.5462 106.7332 106.2179 106.7592 107.7126 109.5489 108.4704 108.4757 109.5538 107.1700
104.8300 105.9949 105.8882 104.4132 102.7460 101.5585 100.6651 100.1080 98.3329 96.1491 95.5567 93.8501 88.8343 85.2147 79.4927 74.0598 73.7514 81.8457 87.1158 91.2949 92.2965 95.1191 96.5550 99.1689 100.4450 101.1645 101.9675 102.5778 103.4119 104.7348 105.3250 105.4510 105.6437 106.1569 106.4213 107.5275 108.7476 108.4862 108.5343 108.9700
107.1500 105.2052 106.0061 105.3329 102.9379 102.0652 101.2123 100.4394 99.1858 97.5962 96.8708 94.8279 91.1979 87.5439 84.7861 82.3788 83.8351 87.9222 90.0171 92.5385 94.0008 96.1621 98.6084 99.1591 100.4973 101.2774 101.9193 102.6490 103.8761 104.4857 104.2073 104.9309 106.1766 106.8036 106.9417 107.5215 106.9249 108.8184 109.0529 108.6000
106.3700 106.0451 105.4559 104.5104 103.0997 102.2364 101.3367 100.5107 99.7932 98.4368 97.1322 95.7932 93.6188 90.7397 89.2495 88.2745 88.7120 90.2755 92.0843 94.1539 95.9556 97.1594 98.7808 99.4040 100.4405 101.4227 102.3536 102.8585 105.2944 105.2783 105.7765 106.6406 106.7574 106.9228 107.8112 108.2728 108.1852 108.5623 108.3215 108.6800
106.8700 106.4665 105.5842 103.8064 103.5307 102.6669 101.9160 100.5676 100.4965 99.2774 98.5020 97.2910 95.6288 93.7096 92.9304 93.1954 92.8299 92.7674 94.0091 96.0976 96.9803 97.9960 99.0805 100.3499 101.0713 101.7615 102.6595 103.6108 103.8429 106.5352 105.3883 106.8112 107.0520 107.7902 107.3556 107.1708 108.1249 108.1543 108.4760 107.7700
107.0400 107.0405 105.9965 106.5399 99.7967 103.7796 102.2111 101.6353 101.0193 100.2869 99.6277 98.3473 97.1302 96.5955 96.3501 95.2913 95.1227 95.1943 96.4987 97.0908 98.0725 99.0564 99.8743 100.7325 101.2789 102.1335 102.8954 104.7001 105.6427 106.1026 105.2226 106.4794 106.6776 106.9835 107.1464 107.6536 108.5764 108.5968 108.3366 109.0200
105.3000 105.4181 105.8054 105.8046 104.3718 103.4235 102.6110 101.7129 101.2478 101.0489 100.2586 99.5381 98.5197 98.2440 98.4528 97.8163 97.6644 97.7065 98.3737 98.6099 99.2077 99.9718 100.8122 101.5188 102.0488 102.4489 103.3674 104.1461 105.6649 104.7508 105.9020 106.8992 106.9790 106.3157 107.8070 106.7336 107.9828 108.9900 115.4324 113.7300
107.6400 107.4126 106.0259 106.7427 106.1586 104.5830 102.8985 102.7493 102.3486 101.4163 100.4525 100.2877 99.5430 99.5301 99.6895 98.7027 98.6528 98.9908 99.2700 99.4549 100.0509 100.9344 101.5494 102.1210 102.7186 103.3202 105.4456 104.1424 105.2798 106.5790 107.3141 107.0836 107.1526 107.5614 107.5413 106.9673 107.2391 107.9435 107.8438 112.5400
106.6700 107.2475 106.8682 106.1285 106.0357 106.1392 103.6291 103.3871 102.7683 102.2172 101.6777 101.2634 100.5796 100.8526 100.5938 99.8977 99.9353 100.3329 100.4877 100.7393 101.3253 101.7204 102.1891 102.6166 103.2915 105.0022 104.9689 106.6318 106.7028 106.6357 107.1864 107.3532 107.4673 107.3182 107.7456 108.1752 108.6065 107.7519 108.3371 108.6500
106.2200 107.9000 106.3738 106.6916 106.7142 106.5709 107.1462 103.6881 103.3588 102.7916 102.4380 102.1150 101.6877 101.5627 101.1219 101.0231 101.0219 101.1065 101.5645 101.6721 102.0024 102.3679 102.7602 102.8834 104.8549 104.6744 104.0583 105.2588 105.8711 106.6027 106.3973 108.5117 107.8833 107.8089 107.4756 107.7889 108.7234 107.9075 108.6724 108.0400
107.0600 107.1107 105.7091 106.7059 107.6735 105.9557 106.9272 103.9636 103.4843 103.9340 103.1270 102.4170 102.5589 102.1865 102.2360 101.9454 101.9278 102.0126 102.2989 102.4324 102.7105 102.9351 103.3770 104.1776 106.1294 104.5809 104.6903 104.9821 106.2841 105.3210 106.2843 108.9418 107.2061 108.2197 110.1852 107.9580 107.8957 108.0471 108.8946 108.0400
108.1200 107.2468 106.3173 107.4647 109.6293 108.0317 106.6611 105.7227 105.6042 105.5253 104.8534 104.2469 102.9468 102.5574 102.9392 102.7849 102.8222 102.8658 102.9307 103.1275 103.2281 103.6529 105.3519 105.4378 105.5039 106.2593 106.4243 105.9880 107.1928 105.9291 107.6989 107.2055 107.2202 112.2674 110.6499 111.5205 108.5040 107.9971 108.8825 109.3100
108.2500 107.8099 107.5287 105.4228 108.7662 107.2243 106.9543 106.9978 105.9915 106.1714 106.1918 104.7865 105.3543 104.2027 103.8052 103.3034 103.2768 103.6176 103.5004 103.6903 104.4827 104.8478 105.0868 105.6409 106.1313 106.0324 106.2841 106.2438 107.2750 108.0054 108.1361 106.8852 107.3959 109.1595 108.9881 110.1100 109.5677 109.3446 108.7871 108.4900
113.9300 106.2828 112.8044 109.1169 107.4998 105.7122 107.5063 105.7397 106.5848 106.2752 105.9816 104.8734 105.1261 104.8057 104.8285 105.0554 104.9507 105.2494 105.7036 106.2140 106.4334 105.4626 106.5346 105.7255 105.2531 105.9799 105.7040 106.6541 104.7957 109.1055 107.4552 109.4930 108.0276 106.9723 113.4476 109.5193 110.6761 114.3466 108.3411 109.2400
113.3900 111.8325 108.8735 107.9804 107.1302 106.4602 108.8692 107.8371 106.8384 106.5970 105.5762 105.4253 106.3967 104.7536 105.1234 106.4682 106.5767 105.5820 105.0899 104.7126 106.4890 106.6093 106.1209 105.1239 105.7807 106.1631 107.9443 110.3374 107.2420 109.9278 105.7636 107.9770 107.7689 108.5439 115.7610 110.2035 109.6034 115.3859 109.8953 107.6400
113.7100 113.7100 108.1400 108.0800 107.7500 106.2100 107.4900 107.4800 105.9300 105.9100 105.4400 104.9600 105.3800 105.3200 105.0300 106.6100 106.6200 106.8500 106.8300 106.8300 104.9600 105.4500 106.6900 106.6900 105.8400 107.7100 107.1400 108.0300 108.1200 107.8600 107.8600 108.7500 107.9800 113.5900 114.0100 114.7100 112.2900 109.7700 113.5700 111.2100
