111.5900 111.5900 110.0400 109.5500 107.9800 111.1200 116.1100 114.6500 114.1000 109.6500 114.6900 109.3900 110.6100 110.6100 111.6500 112.5900 109.1600 110.9200 110.9200 109.1700 112.7400 112.5100 117.8900 114.4000 116.1900 116.0000 115.1200 115.2600 115.2600 115.7800 116.6500 117.8700 118.9700 119.5300 119.3500 118.4700 118.4700 118.4400 118.3600 117.8700
108.2800 109.2756 109.3172 108.8030 109.2919 109.7792 112.5074 110.9756 108.7656 113.2785 112.4196 108.8690 112.2776 110.7606 112.3984 113.4300 110.4387 112.2837 111.4074 108.3117 114.6551 112.3410 114.0696 116.2688 114.2331 116.1405 115.5408 113.6540 114.0864 114.8642 115.3729 117.2193 118.0660 118.5769 119.3269 119.1338 119.0962 119.0101 118.1017 117.8700
107.6400 107.5759 109.9302 109.6067 109.1324 108.8837 109.9867 111.0277 113.9302 112.1180 112.0698 108.8901 109.0193 108.8352 111.4541 113.5323 107.9638 111.8619 111.1941 111.2526 112.9902 110.8724 111.7820 114.6870 112.8351 114.5575 113.5095 112.3628 113.2142 115.6837 114.1728 116.0359 116.9332 117.6441 117.5975 118.8506 118.7649 118.3056 118.9827 117.9800
107.3700 110.1469 109.9701 109.5382 108.6428 108.5297 111.3301 108.5269 112.0643 114.3694 109.5563 108.4725 108.6393 108.6909 113.2094 112.4658 107.9814 112.3488 111.4073 108.0678 111.8792 109.8987 113.5066 112.0319 115.4760 112.4201 111.9129 112.8269 111.7585 112.6617 116.4190 117.1262 115.3755 116.3358 116.0609 117.7703 118.7108 118.9358 118.3946 119.1600
111.1100 113.1267 111.6769 109.0857 108.0721 108.1214 107.5007 110.3993 112.2850 114.0350 110.2703 108.4105 108.5434 107.9109 110.4928 108.5752 107.9864 111.1667 110.9763 108.0744 111.6750 108.4282 111.0913 110.2514 113.4185 110.9096 110.5358 109.9477 110.7153 110.4110 116.4647 112.8874 113.8286 114.6033 115.6689 115.9932 117.8791 118.0412 118.6106 118.2900
111.9500 111.5215 110.6465 109.2197 107.9986 108.0581 108.0281 108.9636 110.5967 110.7920 110.6455 107.8681 108.3360 107.2389 107.5222 110.7634 107.5930 105.9541 106.3000 107.4741 108.2480 110.6708 112.6404 112.8765 111.8245 112.1963 110.4585 108.3335 108.4624 111.6437 115.8299 114.3814 114.1301 112.4395 115.6996 115.7715 116.7812 117.8304 118.6188 118.2900
111.9500 111.8362 110.7983 111.9688 108.8415 108.4891 107.7095 108.0896 108.6539 108.0400 110.7362 108.2957 107.7673 108.1477 107.2918 113.1457 107.1284 108.5525 108.3023 106.9995 107.2290 107.9583 108.4414 110.7261 108.4866 107.9734 110.6113 109.9028 109.9618 111.9676 112.3153 114.9917 113.9097 115.0013 115.8492 116.4939 118.0632 116.1019 116.0245 116.7900
113.8200 112.4124 108.4258 111.8581 108.8039 107.7454 108.0824 108.1664 108.2940 108.4264 109.2122 107.7474 107.2350 107.8018 108.1743 107.2814 106.3378 108.5369 108.0516 106.6423 107.2353 107.1171 111.2877 107.6966 107.3870 107.4405 107.2398 106.9433 111.0970 111.4214 114.0927 112.7420 112.6744 114.3853 113.9638 116.0921 115.0513 114.4785 115.0952 116.1300
113.8200 110.6710 110.5235 109.5815 110.7340 107.6296 108.0294 108.0465 108.1312 107.7709 106.9461 106.3054 106.5311 107.2302 107.6209 107.7961 105.7981 107.1687 107.3654 106.7623 106.3264 106.8668 107.8031 107.3769 107.4441 107.6147 107.9585 107.6303 111.7458 112.9087 112.4648 109.9454 109.1348 114.6775 114.5428 115.7336 112.1020 113.9236 114.5449 115.7400
111.7500 111.1855 109.9430 110.9395 110.2169 106.5966 107.7254 107.4062 107.5742 106.2801 106.2181 106.5134 106.0106 107.0274 106.5409 106.8163 106.0102 110.9675 110.4656 105.4639 105.9818 106.9002 107.2997 107.0116 107.2881 107.5062 107.5741 109.8973 112.5633 112.3272 108.3756 108.7377 109.1921 110.7828 115.4492 114.7478 111.5088 115.0418 115.4565 114.4900
114.5500 113.2018 112.3331 112.6183 107.6349 108.0307 107.1196 108.2224 107.1441 107.5097 107.7176 106.5876 106.6945 106.3197 106.0173 105.8973 108.3334 110.1689 109.6743 106.3270 105.7852 105.7025 105.9965 106.2444 106.8016 107.2501 107.4389 110.0780 110.1795 107.2344 108.2582 107.3050 111.3414 111.4340 108.7021 112.1376 111.6100 111.8993 113.2008 114.2100
114.3900 114.5252 108.9894 107.9098 108.1539 107.5757 106.2712 107.5807 106.0504 107.2343 106.1622 105.8610 105.9531 105.0307 105.7511 106.1231 106.1658 107.6361 107.1569 104.9026 105.8870 106.3411 106.3543 105.8436 106.8611 106.6200 107.1784 106.8094 107.1570 106.4975 108.0215 107.4624 113.6934 111.9269 108.2532 112.7168 114.3986 114.2960 111.7280 113.0100
112.6400 110.1646 108.4186 108.5470 107.5683 108.0364 106.7633 106.8920 106.6281 106.5590 106.9723 106.2681 105.8238 105.9049 105.9867 106.2296 106.1609 105.2800 104.7211 105.0751 105.9028 106.0760 106.0148 105.8437 105.7989 105.5287 105.3169 106.2569 105.9644 106.9351 107.5199 108.4398 109.6829 109.5329 110.3802 110.8764 114.1328 113.3733 111.5025 113.4000
110.3700 110.0593 107.5272 107.7934 106.4816 107.3623 106.5779 107.1680 106.3300 106.4413 107.0325 105.7819 105.2186 104.2854 105.0241 106.0684 103.5139 105.0197 104.9118 104.5052 103.8835 104.4892 104.0965 104.7491 104.9574 104.7800 105.2785 106.8749 106.1938 106.5835 108.4405 107.6486 107.4161 106.6197 109.3062 112.5505 113.5769 114.3938 110.7500 109.5800
111.9600 112.1627 107.1403 106.8653 106.7771 106.9494 107.2658 107.2597 106.3302 106.9252 105.4723 104.9286 105.6475 104.7539 103.2802 103.4715 103.0754 103.0676 103.1772 102.9183 105.0723 104.2101 105.3906 104.1859 104.5875 104.6372 104.6981 105.2138 106.6677 106.3894 106.7165 107.2835 107.1103 107.6848 111.1596 111.6508 110.6136 112.4682 111.5973 110.0100
111.8800 107.8007 105.2556 106.1882 106.2762 106.4265 106.5297 105.2507 106.6958 106.0738 104.7998 103.9312 103.5116 103.6462 102.4212 102.3897 102.4101 102.5031 102.4903 102.2969 102.3822 102.9623 103.0721 103.9767 105.1035 106.1335 104.5093 105.1729 106.1836 105.3770 106.1250 106.5239 107.4919 113.0462 110.2168 107.7763 109.5170 111.5874 110.4896 111.5100
111.8800 107.7761 107.7571 106.9207 107.1096 106.0583 104.7885 105.2971 105.3366 105.7558 105.1948 104.4513 103.0702 102.1187 101.8507 101.7997 101.5835 101.5622 101.6097 101.6110 101.4120 101.8051 102.2884 102.5285 102.7383 104.6725 104.4880 104.2552 104.2138 104.8108 106.4613 106.9134 109.0003 106.9698 107.9872 108.2225 109.9624 107.8016 107.6885 112.4700
110.8100 106.9205 105.5550 106.3338 109.4887 104.2974 105.0856 104.1781 105.1948 104.3000 102.9561 102.5410 101.7964 101.0932 101.1175 100.4263 100.3329 100.5310 100.4778 100.5730 100.5308 100.8708 101.6097 101.8476 102.3293 103.0696 104.1544 103.8262 105.1804 105.9956 106.1565 105.8919 106.4322 105.9226 106.9664 107.6126 106.2215 106.8713 108.2789 108.8200
108.8800 108.9094 106.9170 105.4328 107.0136 106.1675 105.8739 105.6696 105.0957 102.6925 102.4267 101.5092 100.6090 100.3250 100.3664 99.9893 99.6240 99.6298 99.5326 99.3206 99.9380 100.2121 100.7695 101.1425 101.5827 102.2546 102.8250 104.4078 105.3256 107.0944 105.5191 105.4909 106.6208 106.2971 105.9965 106.7045 108.1686 107.4679 108.5211 108.7100
106.6800 106.2693 107.0448 106.1298 105.2881 105.1413 104.5603 104.7750 103.0537 102.5164 101.8015 100.9773 100.7051 99.3701 99.0030 98.9008 98.2192 98.4523 98.2853 97.7312 98.4547 98.7986 99.8872 100.3037 101.0040 101.6048 102.4753 102.7541 109.2480 105.1150 105.1814 106.3135 105.9285 107.1961 107.1119 106.8874 107.8011 107.7598 109.9892 108.7900
105.3800 105.9557 105.8469 105.3417 104.5434 106.0729 105.6922 103.1536 102.5599 101.9187 101.2324 100.6291 99.3866 97.9313 98.0811 96.9075 96.1344 96.1415 96.1804 95.9379 96.5837 97.7076 99.3343 100.0403 100.6497 100.8270 101.7023 101.9632 104.1630 105.0324 105.2615 105.7884 105.4577 106.7113 107.1825 106.9456 108.1758 107.7080 108.4484 108.7500
106.7400 105.8493 106.2887 105.1488 105.0054 105.9373 104.3470 102.6492 102.2518 101.4263 100.5985 99.8382 98.1898 97.6407 96.7007 95.3493 95.1980 94.5191 94.2839 94.0200 94.6036 95.8732 97.7987 99.1855 99.7425 100.6944 101.6314 102.0850 103.4573 105.0871 105.8501 106.0613 106.7970 106.1871 106.9077 107.5706 107.8854 107.9008 107.0802 108.8800
106.8000 106.0711 106.6242 105.1301 105.5736 104.7356 104.3519 102.4908 101.7325 100.9030 99.7842 99.3515 97.6383 95.8884 94.7596 93.2500 93.4511 91.4609 91.3486 92.0281 92.4645 94.2978 96.1955 97.5082 98.8556 100.2142 100.9691 101.7390 102.4215 102.9790 105.5280 106.3699 105.5598 105.8074 106.6295 107.0918 106.0306 106.8708 107.4745 107.7100
105.8400 105.9391 106.8562 104.0873 105.0698 105.1677 102.6516 102.3529 101.0680 100.0935 99.9547 98.3510 96.8230 94.7294 92.4814 90.8141 88.3781 88.1218 88.8117 90.4859 89.1773 92.4609 94.6997 96.8274 98.3021 99.3222 100.4286 101.4320 102.4587 103.0386 105.5904 105.9944 106.0404 106.5332 106.1694 107.4371 106.9568 106.7178 110.3888 111.9500
106.6500 105.7586 106.9699 104.7549 105.9866 104.0783 103.0053 102.0260 100.8232 99.4598 98.4165 98.0294 95.7301 93.2245 90.4092 90.0513 86.8318 83.9279 83.4394 85.9253 86.1832 90.0792 92.4959 96.5540 98.2861 99.1524 100.2538 101.2282 102.2507 102.9165 104.7479 105.7510 105.8361 107.2615 106.9956 107.0756 107.7834 107.7382 107.9239 108.4500
107.3700 106.1005 106.2190 106.3638 104.7200 105.3089 102.9452 101.9535 100.8056 99.9328 98.8293 98.2369 95.3005 92.2967 89.1884 83.7489 81.5924 71.4688 71.4792 78.1683 84.2267 89.5120 92.2544 95.5034 97.8103 98.8849 99.6566 100.8270 102.0192 102.8342 103.6411 106.2400 105.2204 105.9356 107.2172 107.1646 107.5496 107.6370 107.8894 108.0500
107.4500 106.5032 106.1957 106.6542 104.2432 104.9807 102.6718 101.7652 101.0401 99.9757 98.6703 97.3357 95.1918 91.7420 88.6220 86.4455 75.3623 63.7865 63.3480 73.4077 84.6944 87.9726 92.6182 94.5853 97.4362 98.5568 99.3687 100.6581 102.0202 102.8872 103.6697 104.5998 105.9116 106.3236 105.9013 107.1235 107.5016 108.0761 107.3949 108.0400
107.4500 107.5863 107.3348 105.1394 104.2446 105.0595 102.6464 101.5448 101.0411 99.8998 98.7112 97.3652 95.3612 91.5855 88.0020 87.5590 78.6588 66.6588 64.7252 75.3210 84.4996 87.9598 92.8255 94.6036 96.6324 98.3941 99.9972 100.9405 102.0958 102.7265 103.2937 104.1514 105.6323 106.8132 105.3570 106.4271 106.9810 108.0603 107.0696 106.3400
106.0300 106.0218 105.4668 105.7792 104.6601 104.8464 102.7746 101.5525 101.4248 99.9876 99.2002 97.8692 96.1269 93.2247 90.0507 84.5438 82.6098 74.8938 74.4229 82.4669 85.7679 89.2035 92.4309 95.8723 97.2428 98.8160 100.3597 101.0881 102.0932 102.9754 103.4576 104.5401 104.7812 107.2720 106.4542 106.0827 107.6100 107.5988 108.1028 107.6900
106.0000 106.7971 106.3753 106.3431 100.7089 105.3044 103.0402 102.0552 101.4755 100.5580 99.7366 98.1587 96.8804 95.9385 93.6509 89.5174 85.3709 82.3088 80.6498 86.1160 87.9257 91.4620 93.8462 96.0960 97.2924 99.1310 100.6300 101.2578 102.2019 103.1124 104.7271 104.7582 105.1766 105.2147 105.6347 106.3998 107.8901 107.7570 108.2529 111.1900
105.4000 106.6163 107.0797 106.1633 105.2014 104.0886 104.6554 102.0749 101.7941 101.1149 100.0365 99.0066 97.1453 96.2446 95.8463 93.1916 89.9757 88.2947 89.7137 90.1465 91.5024 93.5252 95.8637 97.5912 98.7761 99.5070 101.1217 101.4973 102.4493 103.2018 104.2804 104.4370 105.4536 105.5415 107.6973 106.3876 106.5430 107.1761 108.3885 108.6100
107.9200 107.6968 107.1767 106.1982 105.4309 105.7014 103.2529 102.6980 101.3856 100.9542 100.2381 99.4927 98.2312 97.8388 97.2470 94.9297 92.9304 93.0761 92.0887 92.5945 94.1429 95.7280 97.7606 98.6140 99.7308 100.3789 101.1050 101.9150 102.6716 103.5600 103.9969 106.1944 105.7982 106.6907 106.9681 107.2157 106.8741 111.3899 108.6667 108.2100
107.3200 107.6449 105.9220 105.1741 104.7908 105.2740 103.6703 103.8613 97.9707 102.1687 100.9127 99.9461 99.2748 99.0476 97.8429 96.3542 96.1047 95.1481 95.5468 95.5600 96.6923 97.9354 98.6195 99.3113 100.0710 100.7874 101.5338 102.4341 102.9224 104.4920 105.0521 106.5863 105.1746 106.7019 106.8664 106.7215 106.6472 105.0876 107.9049 108.3800
106.0200 106.9538 106.5927 106.6845 106.8578 105.8659 103.9048 103.4470 103.1143 102.4757 101.5834 101.0649 100.4049 99.9768 98.8383 98.0403 97.6223 97.5716 97.9690 97.6942 98.3274 98.7834 99.6429 100.2579 100.5266 101.3432 102.0941 102.5455 103.5598 104.6845 105.6065 105.8681 106.3335 106.4239 106.9025 106.2356 107.8151 109.8821 106.7734 108.3800
108.2600 106.4223 107.6362 106.9148 106.8759 105.2498 104.6529 103.7278 103.2691 102.7114 102.1434 101.5231 101.1737 100.5354 100.1104 99.6021 99.0893 99.2847 99.2343 99.3368 99.6060 100.1251 100.5578 101.1194 101.6337 102.0275 102.5958 103.5643 104.0833 105.3643 106.2032 105.6543 107.1045 107.7154 107.0982 109.3578 107.5198 107.0072 107.3453 107.9500
108.2600 107.4856 107.0664 106.4501 107.3581 106.4603 105.4881 104.3645 103.5561 103.1073 102.4340 102.0472 101.7047 101.1875 101.2549 100.6709 100.6108 100.3423 100.3605 100.4411 100.6688 101.0641 101.2154 101.5795 102.0104 102.5587 102.7382 103.5465 105.0064 105.1083 106.7129 106.0454 106.1837 107.4242 106.2777 112.3021 110.6312 109.8594 107.4171 107.9600
108.4400 107.8345 106.9178 107.3577 106.4803 105.4686 106.4022 106.2039 104.8026 104.7934 103.5956 102.6518 102.3136 102.0724 101.7598 101.3315 101.3620 101.3416 101.2731 101.0835 101.5665 101.8869 101.8797 102.3169 102.7042 103.1100 104.4606 105.9460 105.6951 106.5282 108.0709 105.9810 105.7351 106.6369 106.6255 106.4291 107.4069 111.8747 112.6792 115.0700
107.8500 107.8294 107.6270 107.1374 107.4652 106.9162 107.0433 105.9946 105.8308 105.7298 104.1311 103.5141 103.2213 102.7909 102.5468 102.1944 102.1330 102.1280 102.1201 102.2546 102.3455 102.5164 102.7879 103.0442 103.3210 103.7041 105.1364 106.1691 107.6341 107.0758 107.2837 106.5151 106.0746 107.6718 106.4444 112.6096 108.0522 111.9324 111.6410 106.9200
107.1900 107.7099 107.1976 106.3798 106.0486 106.2716 105.7810 105.3223 104.6931 106.6285 104.7149 105.5370 104.0274 104.1280 103.1953 103.0977 102.9274 102.8116 102.8609 102.9392 103.0427 103.2228 103.4015 103.7533 104.0490 104.5463 104.6613 105.5082 104.5281 106.2898 108.6579 106.6580 106.2235 106.0246 110.4052 108.8148 114.3949 111.6926 114.4039 110.0500
107.2200 107.2200 107.8000 107.0200 107.4500 107.0900 106.1100 106.3100 106.1400 105.7800 106.3400 105.5600 104.0300 104.9900 103.7600 103.4100 103.4700 103.4600 103.4200 103.4200 103.4000 104.4800 103.7200 104.7700 104.7700 105.4500 106.8700 105.7900 106.9500 105.9300 107.2400 106.4300 106.4300 112.3200 111.6800 112.5900 113.5200 115.5600 114.6600 109.5200
