107.3100 109.7400 110.9000 108.6200 105.6500 110.3800 111.8000 103.8700 102.8200 100.5100 101.2900 100.5800 99.2800 98.3100 97.2200 95.7700 96.1100 94.6500 94.6700 94.5500 95.8900 97.2400 98.2700 99.1400 99.9200 101.3200 112.3800 101.2300 113.9800 114.4700 109.1600 104.3700 103.2200 102.4500 104.6700 106.0500 109.2000 111.0400 115.6500 115.6500
108.7200 104.9735 108.3235 104.7171 108.1434 110.5423 107.2988 103.2812 109.7963 100.5731 100.7510 99.7748 98.9103 97.4782 96.0378 94.7202 93.4936 93.1874 93.1755 93.5203 94.5617 95.8997 97.2131 98.4293 99.4932 100.4152 101.7819 101.9723 108.5366 115.0262 110.4901 105.8677 103.7209 102.5676 103.8816 105.8238 107.0538 107.6521 113.9314 115.3500
105.1500 104.7478 105.3601 108.8384 105.3119 109.9778 109.3243 105.0506 109.7961 102.1963 100.1176 99.0952 97.8362 96.3703 94.5115 92.1420 90.1680 88.9675 89.0129 90.0339 91.9043 93.9873 95.8468 97.4405 98.7821 99.9028 100.8093 99.5569 104.9481 114.6039 112.4818 106.9675 104.2535 102.7251 103.3689 105.3250 107.7038 107.7257 113.0639 114.9300
109.5600 110.2455 105.3680 105.1087 108.8311 102.7437 107.7669 107.5489 101.6483 100.5860 99.7571 98.6709 96.8719 95.0991 93.1715 89.6704 86.2405 83.9171 83.6846 85.7607 88.7279 91.8138 94.4251 96.4967 98.1098 99.3832 100.7591 99.6504 102.4830 112.4652 113.7234 108.2148 104.7534 102.9482 102.9870 104.9429 107.0219 109.5234 112.2733 114.6700
107.9800 110.3872 106.8621 107.7878 104.7134 103.9650 103.3295 101.0917 101.5061 100.7495 99.5629 98.2170 96.1705 93.4855 90.4876 86.4689 81.2098 76.2426 76.0659 80.7428 85.4672 89.6964 93.1096 95.6548 97.5770 99.0388 100.3700 100.0913 101.0710 110.1481 114.2778 109.3888 105.1018 103.2304 102.8156 104.7642 106.8117 109.1814 111.9889 114.4800
105.5100 106.3240 105.6209 104.9895 104.7519 104.5106 104.3935 96.3487 101.8020 100.3857 99.4061 97.9993 96.3728 93.0068 90.1549 85.2166 76.0303 68.8277 68.3691 74.8799 83.0320 88.1812 92.2655 95.1341 97.2282 98.8064 100.1150 100.7638 100.7623 108.9842 114.4061 110.1777 105.5465 103.5214 102.8378 104.7324 106.7598 109.1358 111.8624 114.4300
107.3300 106.1035 106.1597 105.5021 106.1293 105.6119 104.1689 101.9581 101.2773 100.7761 99.4577 98.1772 96.2869 92.3415 90.3256 85.7204 75.1734 64.5834 64.1085 72.5795 82.2399 87.5978 92.1282 94.9428 97.1253 98.7392 99.9395 101.3040 100.8988 108.6679 114.4171 110.4571 105.7859 103.5512 102.7958 104.6868 106.7145 109.0758 111.7964 114.3400
106.6100 106.4031 106.2598 105.8489 105.6895 105.2755 104.6351 103.4111 102.0255 95.9985 99.8175 98.5194 96.6951 94.1497 91.3513 86.6250 77.3114 70.6760 69.9788 76.1529 83.5084 89.0240 93.1813 95.3485 97.3387 98.8506 100.0079 101.4558 101.6718 108.7917 114.5275 110.1839 105.7324 103.3903 102.7608 104.6984 106.7350 109.1248 111.8784 114.3800
106.5400 106.5630 106.0589 106.7228 106.0623 108.1961 104.8679 101.8369 101.6281 100.1651 99.7998 98.8393 97.0274 95.7902 93.0188 87.7064 82.1760 78.1946 78.1751 82.0038 86.3754 90.8120 93.3615 96.6869 97.7684 99.1291 100.2208 101.7265 102.9536 107.8276 111.7119 108.8277 105.8982 103.8897 103.5375 105.4017 107.3489 109.6257 112.2755 114.5400
112.4400 112.3331 108.2720 105.5538 107.0748 103.0649 104.4609 104.2871 101.8697 101.1543 100.2241 98.8632 97.5303 96.6040 94.9109 92.2667 87.5888 85.2265 85.0754 86.8005 90.4607 92.4179 95.0908 97.0838 98.4229 99.5255 100.6022 101.6863 104.3235 109.0725 110.4619 107.9983 105.5302 104.0330 103.9986 105.9065 107.7675 110.0705 112.6761 114.5800
107.3800 112.9584 111.1037 105.8142 108.3438 104.5435 105.9525 103.0536 101.9541 101.4528 100.7662 99.8894 98.1184 96.6540 95.1178 94.3705 91.7157 90.1771 90.1794 90.9466 93.0365 94.7766 96.4388 97.7572 99.2012 99.9926 100.6889 104.7120 105.7930 106.6325 109.5256 107.2145 105.1146 103.8103 104.4073 106.2495 108.2343 110.5076 113.1954 114.7900
109.0100 107.3139 107.6800 107.2221 106.0471 104.2388 100.4990 102.6687 96.8274 102.9409 96.4903 99.7371 99.3332 98.7794 97.5212 95.7137 94.6591 94.6122 94.3956 94.4820 96.1448 96.9761 98.0847 98.7182 99.8370 100.6031 101.5611 101.7373 111.1462 110.4499 109.2448 107.2927 104.7442 103.8556 105.0108 106.7406 108.7669 111.0552 113.8410 114.9400
113.8800 108.3431 105.8300 105.4171 105.1891 104.5618 105.7189 104.2535 99.9038 95.4791 102.3463 101.0344 100.2624 99.4093 98.6666 98.1352 96.9429 97.5498 98.0380 97.2651 98.0102 98.6851 99.4354 100.0425 100.4614 101.9768 102.7785 106.4391 101.9703 104.0057 112.0454 104.9962 104.1301 104.0296 105.6730 107.4481 109.5584 112.0602 114.8427 117.6200
107.7400 106.7152 106.7249 106.2891 104.4387 104.7448 104.8353 103.8507 99.9198 99.9964 102.3201 100.0199 99.2703 100.3377 99.7253 99.2089 99.6922 91.6117 90.0567 95.6424 99.9770 99.5059 100.2336 100.9100 101.5895 104.3098 106.9831 107.2911 108.0778 113.5554 104.8104 105.0618 107.4507 104.2998 107.4655 107.5540 109.7768 110.8121 113.5895 113.6300
109.0800 108.0089 105.6479 107.4522 102.7402 104.3709 105.6581 100.6673 102.3323 98.0254 96.6821 95.9771 97.7361 100.8811 100.4335 101.4056 98.1132 99.7789 97.8522 92.7371 100.0499 100.7271 100.9182 101.7179 102.0852 106.2635 107.4578 107.3135 113.7828 110.9655 109.4287 105.9116 109.1574 108.3883 110.7174 108.6180 112.6142 111.7427 111.3931 116.1300
107.3200 113.6367 107.3269 107.4955 103.3128 104.6059 103.8098 101.7859 106.3729 101.1375 98.6335 97.2805 103.2395 101.5633 101.7626 95.6833 95.5842 99.5088 99.1885 99.4098 101.5281 101.3464 101.8004 103.0663 103.1896 103.0302 106.0687 103.5492 112.4978 110.7027 107.9542 111.4399 110.2636 113.1153 111.9429 113.6566 117.9174 118.5223 117.5054 116.7600
111.5900 108.1986 106.6052 107.5982 104.6574 104.9091 104.4253 103.8122 102.8359 101.4038 102.3880 105.4213 103.4224 103.9983 103.1816 95.8286 99.6809 94.4997 95.7092 102.3011 102.2724 102.3892 103.9816 103.7752 105.4762 105.7975 104.8531 108.6380 109.4047 109.0886 111.5642 108.0744 114.2358 112.4564 113.5137 110.0297 114.6849 111.2686 118.5703 115.8900
111.5900 109.8004 107.4259 107.3168 104.5158 105.8034 105.9713 105.4029 103.2790 104.5970 108.9303 106.5643 104.3091 104.5338 103.3705 103.1590 101.5068 97.8432 96.7441 101.7899 103.8743 103.3159 105.0262 105.1375 107.6130 104.6415 103.5756 108.3070 109.9971 105.7773 107.7299 107.6169 109.6341 108.8690 115.7199 109.5631 109.3887 111.0174 111.5638 115.8900
112.2700 108.9785 109.2766 108.8278 105.6442 105.8248 105.7763 106.4368 106.0561 104.5995 103.4240 105.2679 104.3025 105.3674 104.5760 105.3666 105.0299 100.9266 101.7312 104.6804 104.9226 104.0281 102.6534 102.4011 104.3370 106.3687 103.8629 107.8174 115.3590 104.9498 105.6486 111.0274 109.4562 106.7331 107.9090 108.7018 112.6136 112.7013 114.0929 112.9100
109.1400 109.9665 108.2142 105.9635 106.2932 105.9635 106.8260 105.6845 104.9796 104.0068 102.6036 109.1046 108.4167 105.8015 104.2663 105.6985 104.2232 105.8470 105.5832 105.9273 104.7442 104.3570 105.3161 104.6904 106.0828 110.2591 101.1344 103.1582 106.2548 109.6351 105.6315 109.7719 110.3100 106.1560 107.9628 110.2066 105.5770 118.7547 115.8791 114.1000
110.0500 112.9073 110.9117 106.5774 106.4957 106.8375 106.5236 111.9241 111.1188 103.4022 106.4527 110.5123 108.5668 106.5755 107.6411 102.0610 106.6480 103.1455 103.8519 106.1385 105.9771 105.8386 105.9504 105.5981 104.8670 105.3001 105.2568 103.5444 107.2227 110.3964 112.6190 116.8746 111.9391 108.5607 106.5009 114.0113 100.2301 102.5688 111.6888 113.3600
107.7200 111.0554 109.1895 108.0767 107.2535 107.9519 107.3869 110.3438 108.3545 108.5576 106.2537 110.4583 105.3478 104.3786 105.0133 106.8049 105.1789 102.2673 103.2351 106.1114 106.0857 105.7632 102.8264 105.8633 104.1623 106.8502 105.8825 110.8653 113.8992 109.2007 112.2147 114.1669 109.4225 110.7677 108.5875 104.0715 103.2213 104.6070 113.5819 113.3500
107.8200 107.7899 108.5142 108.1660 106.9819 107.4133 109.7925 113.5786 113.2353 106.9147 104.6961 109.9523 107.4058 107.3020 105.8880 106.1424 106.5551 106.6151 106.4966 106.7128 106.2375 105.7764 105.0465 104.6466 104.6264 106.2654 105.4085 108.1878 107.7949 110.8592 109.3945 114.6615 111.0881 108.5504 106.8832 101.9396 103.0531 105.8366 111.1901 112.7600
105.0900 103.7004 105.5150 108.4500 107.6820 110.9829 116.2807 113.3864 112.2458 106.7016 108.9753 106.2664 106.5216 105.6411 106.4127 104.5427 105.7029 105.5583 105.9445 106.8383 107.2973 106.6007 107.2691 107.6069 109.1021 105.5064 104.2235 109.2257 106.0034 111.8503 108.5970 109.8121 112.1220 112.0004 102.6061 101.6706 106.1542 107.1557 111.2477 110.2900
105.0400 105.0166 105.9770 105.9835 107.4081 109.4242 113.0934 114.2545 110.8803 108.4123 110.3205 106.7803 107.2128 107.0308 108.3554 106.3122 106.7936 105.8704 106.1751 106.0182 107.3812 106.0794 106.6924 109.3956 110.2303 111.6905 109.0914 113.2648 108.4880 107.8107 112.5335 108.7308 106.2854 105.9663 112.5359 108.7015 110.1778 110.2048 115.2293 113.4400
111.9700 106.6344 111.8959 105.0167 105.8456 109.5966 111.2178 114.2015 111.1434 113.1711 110.2100 108.0178 111.9657 106.6863 110.0743 107.7218 107.4176 107.3446 107.3012 107.1337 107.7818 107.0641 109.4659 106.4340 108.9901 114.6884 107.6802 112.3763 114.0912 110.6517 113.1634 107.8581 105.6796 105.8340 116.3594 115.2313 116.5656 113.1402 116.1067 115.9400
111.7100 110.5896 108.5571 107.1670 109.0562 108.7309 117.9802 111.1335 114.4457 113.9728 110.4328 108.1534 111.7726 108.3575 109.4109 108.3307 108.1785 108.1656 108.2443 107.9622 108.1600 108.2468 107.5432 106.5512 111.8271 114.1264 108.6738 115.3205 114.0109 109.7085 112.9129 111.0106 108.8600 107.7831 113.5882 116.4489 112.9740 114.6422 115.8112 115.9400
108.2800 106.7860 105.9871 110.9749 109.1544 110.4407 110.0252 103.0648 113.2428 110.0213 108.6468 111.9052 115.4508 108.9648 108.9334 108.8501 108.8205 108.7717 108.7358 108.5963 108.5212 112.4004 108.0652 111.4869 109.6985 109.2762 106.5980 110.3442 107.9368 109.7197 114.3553 113.0761 109.7449 109.4988 111.6673 111.5981 112.0366 113.4258 115.5853 109.8000
108.2800 109.7292 108.6632 108.4015 109.2269 111.2700 110.6182 109.3445 112.5756 111.0744 105.5070 114.6513 109.2992 107.0539 111.3661 109.7583 109.5134 110.3999 111.2139 110.4012 109.9794 112.7905 107.8606 103.5229 109.3822 109.8725 104.3141 111.3497 105.9939 111.0869 113.3524 109.9615 111.1826 110.8877 109.7493 113.1018 110.8576 110.3160 110.6648 111.6600
109.7000 112.3903 110.3004 107.8323 110.0756 110.6069 111.4531 114.2638 107.2515 108.6223 104.0063 111.4735 106.9257 102.4873 107.6580 104.2148 105.1554 109.7814 109.1655 105.4563 104.2575 109.4622 109.1159 107.6513 111.2349 109.4886 108.4068 111.5421 109.6985 109.9312 109.2425 107.5370 108.7810 107.7449 109.0120 115.7539 115.3663 114.5723 110.8987 117.7000
112.4800 109.9740 111.9586 109.7242 110.2057 109.5950 110.3261 108.2391 111.2436 106.0608 107.3986 110.8567 109.5332 106.1546 103.5707 104.2530 104.4543 105.9561 104.8753 103.8519 104.1204 108.8683 111.1263 106.7598 111.4448 109.5635 112.0237 112.2058 111.7637 111.4659 111.1810 110.4417 108.4850 106.3199 109.7091 114.9344 116.1742 111.3279 111.3729 116.7400
112.7500 112.6257 110.6876 111.6842 112.7633 108.8806 108.7285 107.1963 106.7467 106.4906 112.7083 110.6222 109.3769 107.0072 110.8904 109.7256 104.6316 105.8065 104.3699 108.8699 105.5717 108.3709 111.1874 111.5694 110.8200 106.3110 109.8534 110.4059 112.0046 111.9196 111.2669 109.8613 108.8392 105.6353 111.8634 114.6348 114.2779 114.1499 112.1032 113.8800
113.7900 112.3784 111.4745 110.7950 110.1648 110.8775 110.3533 113.0956 107.1428 110.2603 111.6291 112.7882 107.1219 108.4999 110.5591 106.6006 107.3662 107.1441 107.5447 106.7888 106.5546 109.4275 112.8029 112.4187 110.7048 107.8146 107.1702 109.9095 108.0127 110.1028 113.5736 112.4863 108.9368 108.3531 108.1752 111.3443 109.0747 112.6944 108.8226 109.3400
110.6800 111.6713 112.7640 112.4616 111.1839 113.3942 113.4759 114.0842 109.9243 109.1205 109.0560 111.9471 106.6300 113.6919 109.8504 110.5768 106.5082 105.5817 109.8307 107.8684 107.3374 112.6110 115.0582 109.7948 110.0434 106.6816 106.0791 107.2057 108.0917 108.4436 112.6047 119.4028 110.3847 110.0192 110.2758 111.5191 111.5097 113.4407 114.7766 112.1800
112.4000 114.2173 115.1768 112.6760 112.2188 111.1538 112.5520 112.7237 110.5790 114.1725 109.1523 111.8490 106.6824 109.9296 113.8068 107.1793 111.9048 108.5940 109.5181 108.8956 109.0712 112.4263 115.6995 112.1121 110.8303 107.7903 107.5455 106.1838 107.6576 108.7926 109.3035 108.2497 108.4284 108.7367 107.6774 112.1456 109.8124 113.7301 111.8179 112.0000
113.5700 114.0005 114.8932 114.8763 112.9206 111.6126 112.9244 110.7342 115.4824 112.4196 109.3755 112.2446 108.7504 108.4565 115.6378 107.8755 109.2017 112.2966 110.3911 109.3845 115.0185 115.4312 114.0918 110.7072 109.6900 108.3952 109.0035 108.0939 108.7291 110.0163 109.8115 109.1138 109.2799 110.6617 110.2994 109.6022 109.5567 111.9874 111.9473 110.7500
114.0300 115.2214 113.9572 114.0357 113.8564 113.4712 113.7317 112.2791 114.5243 113.9586 110.6715 111.3131 109.5351 107.4592 108.0722 107.8476 110.9194 110.9669 111.4745 109.2620 112.8218 111.7939 107.4547 110.9043 110.3873 108.9039 110.5200 109.3595 110.6220 111.9239 108.9716 110.7358 110.8336 110.0560 111.9132 111.6164 112.7397 110.1088 113.0253 110.1700
118.0200 115.8175 115.8001 114.3948 115.8402 114.0819 112.0292 110.0642 114.2120 111.4463 110.7900 112.2170 110.6702 109.9953 109.0872 109.2161 108.8685 108.6139 109.6844 113.0169 111.4449 113.0965 108.3426 111.4223 112.7707 110.8389 111.5157 111.3285 109.6087 111.6471 110.5566 110.7987 112.3365 111.3683 115.0209 112.3267 111.7462 115.9181 111.6590 115.3800
117.9400 116.5946 114.6344 117.9958 117.5155 116.1961 111.8729 116.3122 113.7257 116.6733 112.9900 113.8282 111.7394 109.4906 109.5507 109.2679 110.1062 109.4161 109.4934 110.8813 113.1507 114.7745 114.5768 113.8645 110.5588 114.5719 111.6436 110.5170 111.6574 111.7886 112.8546 111.1770 113.4149 114.6096 111.0320 112.7144 114.2661 112.1655 111.8439 115.3800
117.9400 116.3100 117.4800 117.3000 117.3000 114.9200 113.9300 117.2900 112.8900 113.3900 109.9500 109.9500 110.6800 110.6400 111.4500 109.7400 110.6500 109.8500 109.8200 109.2600 113.0200 112.3700 113.4300 111.8800 112.6200 112.0800 112.0200 112.3200 113.1900 113.1900 112.5400 110.7300 113.6100 112.4400 113.2100 115.3800 113.2600 109.5900 111.4600 110.9800
