104.7300 104.7300 102.6900 103.2100 101.2300 100.5400 100.1100 99.5700 98.4400 98.9900 97.3700 97.3800 97.3200 98.7200 99.2300 99.9800 99.8800 101.3700 102.0200 102.0200 103.9100 106.5700 109.9500 110.5700 109.3900 107.7400 112.0700 106.7700 105.8800 106.8800 107.8200 109.8900 110.9700 113.6200 115.0900 116.7400 119.3800 120.2700 119.2600 118.6600
105.1200 104.7952 103.3404 101.4256 100.9949 100.0463 99.4846 98.8334 97.4254 97.0916 96.5519 96.4581 96.8722 97.3921 97.8310 98.6176 99.4206 100.2357 101.0597 103.5417 102.2095 104.8661 109.3328 108.8510 108.3931 107.9087 109.0635 105.6108 105.0288 106.3455 107.6538 109.1397 110.6437 112.4328 114.4613 116.8225 117.0278 118.3102 120.6972 119.2200
102.7400 103.0941 102.1366 101.0385 100.0319 99.3521 98.5839 97.1633 96.3246 95.6234 94.2657 94.2150 94.7325 95.5025 96.5805 97.3351 98.3757 99.3874 100.3656 101.0006 102.2427 102.8278 104.3431 105.7427 108.0564 108.3456 106.8943 105.7753 104.9649 105.8911 107.2103 108.6837 110.1781 111.8990 113.7432 116.1080 118.5670 118.3838 121.6252 120.9100
102.6800 102.0539 101.6054 100.7549 99.2286 98.0532 96.7465 95.5312 94.9176 93.5478 91.9205 91.6153 92.2765 92.8016 94.6604 96.0817 97.4149 98.5692 99.6283 100.6052 101.8979 102.2829 104.4852 108.3440 109.5159 105.4550 107.2069 106.0895 105.2148 105.5001 106.8702 108.2958 109.7614 111.4857 113.4238 115.8521 118.1123 120.2874 121.2528 120.5400
103.8500 102.0242 101.1722 99.9039 98.7786 97.2811 95.3111 95.4584 92.4514 89.9473 88.1261 87.6106 88.5611 90.8467 92.4352 94.3929 96.2211 97.7647 98.9721 100.1471 101.2530 102.2934 103.0911 104.4059 105.3976 106.0325 107.0282 105.2982 105.5582 105.2748 106.5738 107.9691 109.4994 111.1608 113.1185 115.5254 117.7410 119.4630 120.6546 120.6000
102.6600 101.6639 100.8800 99.8168 97.8408 96.3802 96.2614 94.7636 90.5923 87.7477 83.5216 83.0468 84.9423 87.0532 89.7815 93.2833 95.2242 97.1148 98.3898 99.7378 100.6679 102.7314 102.6384 104.5708 105.6702 106.0132 106.2633 104.6524 105.7477 105.0578 106.2917 107.7690 109.2536 110.8499 112.5746 114.5491 116.4064 117.7832 119.8460 119.5600
101.7100 101.2180 100.3241 99.8100 97.8364 95.9336 94.1636 91.3356 89.4201 84.7000 75.9230 75.0747 79.2607 84.5617 88.4925 92.4200 94.5971 96.2735 98.0135 99.3825 100.4426 102.0355 103.6504 103.6981 105.1638 105.7824 105.1881 105.4850 105.5137 105.9947 106.2128 107.6616 109.0705 110.5505 111.9907 113.3767 115.0365 117.6104 119.6347 119.3700
101.7800 100.9628 100.2046 99.3905 97.8354 95.9442 93.1461 89.7081 85.9800 79.1085 68.9326 67.7999 73.3196 81.1396 88.4093 91.7496 94.1846 95.9460 97.6545 99.1619 100.4124 101.5471 103.7067 103.8085 104.8272 105.3496 105.0530 105.6811 106.5252 107.1310 106.1683 107.5840 108.9643 110.5023 111.9743 113.4853 115.1341 117.1947 118.3276 119.3200
101.8600 101.2715 100.2803 99.3244 97.4662 95.6406 92.9263 90.1035 84.8284 74.8643 67.9115 67.0749 71.3370 79.6695 88.2244 91.6604 94.0806 95.9311 97.5626 99.1074 100.4016 101.3109 103.1299 104.3956 104.7797 105.4138 105.3206 105.8649 107.1357 106.7671 105.8616 107.5028 108.9860 110.5163 111.9304 113.4096 115.0489 117.2330 117.5788 119.3200
101.8800 101.4134 100.4422 99.4529 98.5021 95.5146 93.6617 90.0787 86.9404 80.1493 70.6800 69.8160 74.4663 81.2973 88.1249 92.1716 94.9557 95.7938 97.7401 99.2092 100.4874 102.8493 103.1227 103.2487 104.8036 105.9604 105.2339 105.2133 105.7922 106.5068 108.3065 108.1433 108.9835 110.4317 111.9848 113.4692 115.1416 117.3826 119.4242 119.5000
102.0000 101.7198 100.6108 99.6592 98.2870 96.1143 95.5232 91.7788 88.2707 85.3189 80.4641 79.0679 81.5053 84.2660 89.0636 92.1864 95.1788 96.5688 98.2963 99.6183 100.7580 101.4156 102.8537 105.0020 105.0944 105.9876 105.5260 105.2016 105.8388 107.0936 106.2086 107.8477 109.4418 113.3824 111.9373 113.5505 114.8631 116.8020 119.5696 119.5200
102.5100 101.6958 100.9686 100.1556 98.8950 97.7043 96.8045 93.8547 92.2061 89.2634 87.4405 88.2952 87.3215 89.1796 92.8252 95.0787 96.2439 97.5453 99.3415 99.9902 101.3906 102.3760 102.9030 103.7448 105.7137 105.8772 105.4097 106.2822 105.7050 107.0911 106.2604 107.8386 109.8215 113.4825 112.0094 113.7659 115.0978 116.2793 117.0955 117.4900
104.7000 102.0876 101.5855 100.7004 99.5812 97.9173 96.9857 95.8553 95.0370 93.9620 91.8581 90.6519 91.1742 93.3572 94.0900 94.7633 97.7272 98.0593 99.7678 99.8865 101.4674 103.4891 104.9615 104.3148 104.9000 104.2720 105.0892 105.6732 105.2094 106.2048 107.0417 106.6767 110.6034 113.5699 114.1308 113.8162 114.1696 114.8515 116.7135 117.4700
104.7800 102.8238 101.8929 101.1512 100.2654 99.2726 98.1204 97.0755 97.2949 95.7003 94.3785 95.3075 94.0707 95.5196 95.5614 96.6929 98.7672 99.1440 101.0559 96.4572 102.5421 104.0513 104.3357 104.7189 105.4838 106.0116 106.3025 106.8455 106.7524 107.9475 107.2602 107.0392 111.6563 114.2503 114.6459 115.0837 111.4691 109.7355 112.7903 114.5400
104.6400 103.1411 102.2330 101.6306 101.1554 100.2245 99.2573 98.8573 98.0340 95.9353 88.1494 88.6944 98.4884 97.1543 98.0013 98.2692 99.5613 100.5956 101.6734 102.2090 102.5974 103.1412 104.8679 106.0664 104.5884 106.6806 105.8726 106.9681 108.0897 111.5471 108.1080 108.8257 111.4905 113.2101 114.8903 114.6536 113.9362 116.3959 112.8055 115.7600
105.5500 104.0167 102.8394 102.1279 101.6381 100.9664 100.3777 99.9054 98.9193 99.7152 98.6822 98.4917 99.0327 98.7459 98.5341 99.1028 100.8476 101.4374 101.7910 103.1515 102.7412 103.9798 105.2502 104.9667 105.1779 107.9426 104.9579 105.3830 110.1864 106.8488 107.7922 112.8471 114.4038 111.9172 114.8279 113.5860 115.4250 113.5935 115.2843 116.5200
104.9900 104.1655 102.7985 102.5667 102.1643 101.7319 101.1701 100.8329 100.3384 98.2952 97.3477 99.8197 99.8022 99.8041 99.9854 100.3526 101.3996 101.9952 102.2202 104.0171 103.5926 104.4016 105.3583 105.6209 106.2293 107.1733 110.8307 105.6327 107.5709 108.6742 111.6094 106.6847 112.0505 110.7232 115.0911 115.6644 117.2381 115.9336 111.0500 111.5000
106.2500 104.9435 104.7755 104.2754 102.9771 102.2447 101.8562 101.5028 101.2990 101.4041 101.0244 100.8463 100.6719 100.8151 101.1660 101.4825 102.0805 102.3660 104.3204 104.4334 105.1913 105.3088 105.2493 106.2894 106.6901 106.9433 105.7164 106.8163 107.9497 111.8380 113.0964 112.8575 113.2686 110.8885 114.2884 113.1108 114.2317 114.5582 113.0782 112.2800
105.3800 105.6293 105.7013 105.5330 104.6711 103.1995 102.6997 102.0514 102.0680 101.8829 101.6905 101.5732 101.5404 101.6612 101.7583 102.1525 102.9359 103.7009 105.5727 104.2228 105.4619 106.1736 104.8219 105.6828 106.6942 105.7789 106.2417 107.5062 108.4571 109.3894 114.2612 115.7119 111.0886 108.8549 113.4821 113.8435 113.6087 111.9117 115.6124 115.4900
106.2900 106.1229 105.6830 106.0018 105.0841 104.2636 104.1026 104.2901 102.7648 102.4248 102.3206 102.5691 102.6464 102.0688 103.8942 106.6579 104.8171 104.5303 106.0000 104.6575 105.1350 105.9637 105.5741 106.8091 106.9732 106.4411 106.9804 107.9218 107.0496 107.8965 112.8830 112.9824 110.6095 115.1353 114.7153 115.0251 114.1628 113.9843 116.2264 111.2800
106.7900 105.9239 106.1494 105.7300 105.0421 103.5914 103.7881 104.7533 104.4518 105.0571 103.9864 103.0372 104.8476 104.9423 104.4988 106.1211 105.3000 104.4867 106.1405 106.2573 104.9911 106.8003 107.0993 107.3870 106.9128 106.3757 106.4617 107.4285 110.7105 108.0297 108.9093 107.9916 108.8326 114.5084 113.4846 112.8520 115.2098 114.1375 113.1691 114.9200
106.5300 109.8503 106.2551 104.7049 105.6293 104.8737 104.2209 104.3503 103.8981 104.5780 103.8456 104.4085 106.0376 105.9097 104.9298 104.4483 105.7549 104.5407 104.9778 105.7418 105.8415 107.1542 107.3689 106.6624 106.5344 108.0489 107.2526 108.1137 108.4960 110.7413 109.7372 109.3403 109.8506 105.4590 115.0081 115.4024 112.2447 113.3373 116.1693 116.3200
111.9100 112.2554 107.3966 105.9818 105.1906 105.1887 104.6645 105.3964 104.3767 104.7223 105.0600 104.6779 105.7785 105.2136 104.1222 109.8597 106.3919 104.9005 106.5584 106.1732 106.7237 107.4638 107.7003 107.7985 108.0983 107.7208 107.6519 107.3769 111.3168 109.0443 108.5058 109.1885 109.7348 109.9272 113.6064 112.8360 114.8855 112.1326 109.9269 113.3200
106.8800 109.2480 106.3932 107.2384 105.7826 105.3561 105.2039 105.1846 104.9554 105.3292 104.8853 104.9082 106.3880 105.8755 106.2436 107.0857 105.8247 105.0981 107.3077 106.5780 107.0114 107.8204 107.9958 108.0835 108.1562 107.5389 107.1341 107.5654 109.3674 110.5066 114.2718 110.3064 109.3500 109.4826 109.5343 110.1330 111.5578 115.8017 108.5592 112.4300
109.9700 110.9189 106.1114 106.9188 107.3431 106.4541 105.5927 106.7131 107.0214 106.4836 106.3396 105.9948 107.0146 105.8330 106.7636 107.0579 107.5488 105.6646 106.3217 106.6708 107.6504 107.3746 108.2090 108.0385 108.4904 108.6278 107.8946 107.3601 109.0237 105.0527 111.6744 114.1163 111.1326 110.7388 111.6435 112.0239 112.5477 116.0973 113.8143 111.6300
113.3000 107.9786 112.3055 108.4057 107.5415 111.6979 106.8645 108.3943 107.2085 106.5848 106.4817 106.6564 106.5916 106.3054 107.5090 107.5949 106.7247 105.8836 107.1001 106.9172 106.5599 107.3745 108.3065 107.8724 108.0916 108.6691 109.0523 108.4651 108.7614 111.6060 110.5327 113.5958 116.8356 113.7453 111.7154 111.8415 108.4031 110.4216 110.7329 111.6300
107.2700 107.6418 110.7805 108.8189 109.6846 108.2235 107.5827 107.7051 107.5622 107.7116 107.3065 107.3493 106.1394 106.9740 107.4148 107.7862 107.2063 106.7904 107.4500 107.9388 108.2032 107.7288 108.6131 108.6917 108.3702 109.3967 109.9736 109.7553 110.6674 113.2896 111.2993 113.2155 111.8562 115.4581 113.8829 110.0449 110.0591 112.0743 109.4585 110.3000
107.2700 110.8528 110.2110 109.2824 108.4031 108.1154 108.5003 107.6813 107.8602 107.8736 111.2012 110.4532 107.2196 107.2579 108.0680 107.9408 108.5607 106.9987 107.5258 107.4267 108.5322 108.4708 108.0613 108.4946 111.8449 109.1886 114.3277 108.2667 109.6051 110.5344 110.3525 113.5037 112.2974 117.0003 114.1733 111.8225 111.5634 112.4806 111.8152 108.8000
111.2300 107.1555 109.7460 111.1757 108.5670 111.6548 111.9508 111.8422 108.0054 108.1529 108.8730 109.2365 107.2828 107.6290 108.7412 106.8359 108.4172 107.5220 109.8005 108.4464 108.8572 108.5493 108.4934 109.1325 109.5372 113.8697 114.8799 111.7143 106.6578 112.1525 115.2655 112.6580 111.3156 114.8499 112.5127 109.9530 108.8620 108.9967 109.2980 109.2500
114.3800 103.2481 112.2033 112.4094 108.5451 110.7172 112.2707 106.7403 108.6765 108.5977 108.1438 107.7291 107.5411 107.3682 108.2037 108.5513 109.1832 108.1545 112.0387 109.8166 108.4899 108.6239 112.5082 110.5389 108.6918 111.3666 114.7968 114.7838 114.2505 108.9331 112.8117 110.0899 108.5308 114.8957 111.5853 109.7175 110.9241 109.4420 111.8160 109.2700
103.9300 103.4503 107.2472 105.5058 111.0637 111.8434 114.4970 108.0640 108.4871 108.6709 109.6408 111.2914 111.2827 112.5470 112.9789 108.0605 108.6529 108.7332 111.0322 114.5578 111.0771 108.3897 111.2943 113.9442 112.6933 109.4012 110.3425 115.9990 113.8736 111.4334 108.3776 109.1956 109.4214 110.0297 110.1006 109.1990 110.5190 109.5805 109.2638 111.7400
105.6000 105.1545 103.4181 103.7743 109.4676 111.1928 111.8929 109.4926 108.7149 109.1872 111.9941 113.6386 108.6167 114.3077 105.4282 102.2192 109.8783 110.7643 112.8165 113.4241 114.8955 112.6407 111.9110 112.0205 114.9919 115.9771 115.5076 114.2258 115.4011 114.3671 111.2381 109.3279 110.1886 111.0977 109.5169 108.6304 108.5937 109.7449 109.8093 111.6800
109.5200 110.1544 106.2645 108.9128 109.5065 113.9979 110.9641 109.4549 102.4170 109.4038 111.8736 114.1568 108.1487 111.2896 104.4456 106.3153 109.4210 109.3194 113.5732 113.6680 114.8009 110.8806 110.4388 115.4923 115.0535 113.9401 114.4665 116.1726 112.2356 113.2017 111.4195 110.5290 111.8754 111.9859 110.8831 109.8806 109.7116 111.2838 110.3818 113.9100
106.5300 106.6537 108.5377 109.2873 114.8331 110.9190 105.8009 106.4191 108.9241 109.0871 111.1700 113.5484 111.7956 111.9513 107.9225 110.3683 114.8020 109.9138 116.2228 110.1818 114.9378 109.2737 111.9173 114.2365 108.1713 113.0466 112.9516 111.3751 110.9429 111.0377 111.1532 112.5341 110.3680 110.5921 108.7564 110.1049 112.3776 112.6119 109.4010 110.0800
108.0200 107.2951 108.4122 105.9494 112.1703 112.1512 110.8600 106.1025 108.4728 111.5432 112.2766 113.8152 113.5754 111.4202 109.6926 109.3231 111.7472 109.9734 112.6227 113.0824 110.1416 109.1802 110.2864 111.5212 110.7682 112.6702 113.1370 111.8029 111.9261 112.3669 111.1385 109.4589 111.7571 111.1415 108.7243 109.3897 109.6387 114.3220 112.9929 110.0800
108.8000 108.3923 108.0810 106.4032 114.4605 111.8281 108.7335 107.0332 108.3290 109.1851 111.0189 113.8361 111.9715 111.2934 114.2249 107.7924 110.2234 108.4182 114.1128 112.2403 112.5708 107.5755 107.9660 108.4372 108.8274 110.2644 113.2352 110.8648 111.8937 111.4106 111.7524 109.1546 110.1735 108.3985 110.0316 110.1418 109.1081 109.6225 111.9738 112.2000
108.6100 108.9416 108.7339 110.6949 108.1693 108.6159 107.8449 108.2919 109.0859 107.4696 114.2844 111.6232 111.0179 116.7755 115.8471 107.4368 113.0061 111.6121 109.1887 111.5258 110.6400 109.3439 109.6377 109.5568 109.2248 107.6356 115.0250 112.7500 111.9352 112.4237 113.2147 112.4970 109.2879 108.9806 111.0129 110.5342 109.9124 109.9201 109.7861 111.7400
109.8800 109.6311 108.4505 109.7014 109.8446 109.0485 109.0105 108.3784 108.4635 108.5986 115.9691 117.0751 108.3372 116.6688 114.7587 115.4431 113.8702 114.0798 113.7861 114.4878 111.8766 110.1927 108.5891 109.3788 108.6772 109.1699 114.5768 111.5415 110.3883 113.7857 117.8886 110.6128 109.4131 112.4174 110.6830 111.3965 111.5489 110.0103 111.2591 114.9500
109.8800 109.7577 112.6915 111.0537 110.1235 109.8684 109.1879 108.4751 108.2429 110.7101 113.6064 114.3823 108.4994 113.4246 115.6175 112.6315 110.1401 114.5814 114.8140 113.5323 109.2823 112.8590 112.3101 109.9714 108.9027 109.1309 108.2763 109.2343 112.5630 115.3160 115.9247 109.5155 111.5651 113.8912 110.1519 111.7787 110.7785 111.0102 113.0583 114.3500
110.7700 116.4100 116.4100 110.9100 110.9100 110.2400 109.9300 109.9300 109.8100 111.4600 114.6600 112.3200 110.7700 111.1800 112.3500 115.4700 110.2700 114.5800 116.1800 113.3600 112.8000 112.8000 109.5300 110.8600 108.8200 109.9100 115.7100 108.7300 109.3000 116.3000 111.4000 110.6200 113.4700 113.3000 110.5300 113.2000 110.2000 109.9400 117.2700 117.2700
