111.1200 114.5800 112.3600 111.0900 110.7000 106.5300 114.5600 114.4900 111.7600 115.3100 107.6600 111.7300 107.9200 110.7000 107.9300 108.1300 114.5400 108.7800 108.5100 108.6400 107.8100 111.4200 113.4400 115.4200 115.4200 114.7000 120.4800 111.7100 111.7100 111.1400 112.8600 108.7200 108.5800 110.8100 111.8800 111.5000 111.5000 111.3400 111.2100 111.0800
108.6800 111.4990 112.1741 111.2037 111.2093 108.0908 113.5140 111.5961 108.8227 111.3831 105.5865 108.2280 109.1886 114.0227 108.1890 108.8893 111.9339 108.9405 108.5344 108.0589 107.9237 108.9312 116.9723 116.1218 115.5428 116.5996 118.4210 111.7938 111.4399 111.5081 111.4048 111.2082 111.0223 110.8835 112.2098 111.8176 111.6186 112.4215 111.0743 111.0700
113.1600 110.6890 110.9905 114.5413 113.2539 111.5577 108.8634 109.3791 106.2029 111.0672 112.7955 109.8168 108.6054 112.4953 109.6853 109.3535 113.6264 111.4822 108.6260 108.9885 109.3779 109.2304 112.3628 117.3365 114.4516 114.8440 115.1685 111.0243 111.5673 112.0516 111.6727 111.4975 111.0076 110.4472 112.0972 112.0488 111.5816 112.3015 111.1833 111.1300
114.6400 111.0624 107.6684 112.3665 112.0633 109.9444 108.0895 107.3821 110.1343 110.2335 111.1332 105.7112 107.8616 109.0738 108.9691 107.0845 110.3513 109.3478 109.0030 107.9828 110.4513 113.0136 113.2544 113.9839 113.7999 113.5175 113.4094 113.1128 115.4071 111.5096 111.7848 112.0258 111.2077 113.3079 112.4789 112.2689 110.5103 111.8122 110.7162 111.3300
107.9300 111.8156 107.1083 114.9563 112.2380 109.6432 107.9099 107.1790 109.1534 114.4182 113.7770 106.2755 105.7720 106.4436 106.1028 107.8696 108.1031 108.1232 108.0201 106.8931 108.7827 113.5728 112.7063 112.9087 109.5400 111.7844 112.2398 108.6622 111.3525 109.6931 111.8068 108.7306 113.8124 111.2669 112.1655 112.3945 111.5004 111.2525 109.9077 111.3600
111.7100 110.6901 110.2161 114.1654 114.1322 107.1350 107.2922 106.2051 105.6457 109.5300 108.1669 112.6627 107.7205 112.5354 106.5663 108.2548 108.0371 110.1045 109.8664 110.7222 109.5468 112.5088 115.7509 113.0542 110.2687 110.6782 109.9600 110.0264 109.1645 110.0635 109.2827 109.1862 111.2428 111.9944 112.2409 112.3077 111.6043 109.6424 110.6170 111.3900
112.8300 109.3291 109.6124 111.7300 111.5975 106.3856 106.9202 107.2945 113.3610 110.0740 109.9298 107.0248 108.2311 108.3559 106.7074 108.2179 108.7329 111.4054 110.1799 111.6552 114.4963 111.1947 115.0038 115.0219 111.5585 111.7853 108.4944 108.4943 108.6900 108.3333 109.8527 107.5709 109.3408 111.7884 113.2030 112.5614 110.8318 109.4312 109.4190 109.2000
106.5500 111.7095 108.9843 108.7290 112.6835 105.6928 107.0413 106.9687 107.8517 110.5054 109.2834 108.3042 108.1889 107.4392 106.8099 107.7400 107.1441 109.8282 111.1016 111.1603 114.2140 112.9926 109.8238 110.6048 108.7026 111.9503 108.2946 109.7417 109.3967 109.5571 108.8961 108.3476 110.8744 110.2609 113.7603 111.3845 111.1841 110.1854 109.0312 109.1400
105.7900 108.3202 108.3141 105.5421 109.1396 105.4053 106.3050 106.1155 111.8760 106.1483 109.8215 112.9442 109.1588 105.4279 106.9849 107.8643 107.1888 109.6058 109.1576 110.1444 113.1997 111.2280 110.6137 107.8688 107.4805 110.7586 108.6903 108.8355 108.8229 108.7868 110.9154 109.0766 110.5400 110.4358 110.9244 110.3911 109.1862 108.6133 110.2080 111.9500
106.5200 105.5339 105.2910 104.3826 106.2292 106.0969 104.9972 104.5426 110.6597 105.2063 110.3587 110.1993 108.4580 106.1595 106.2873 105.6941 106.6828 108.4231 108.3176 112.1615 113.0847 109.2777 107.8197 108.2515 107.8561 108.7725 109.9090 110.0932 109.5062 108.4312 111.6484 108.2579 108.4114 108.9800 109.1526 108.8689 108.7655 110.9084 110.7146 111.9900
106.1900 105.8261 107.5318 103.1061 102.6894 105.1059 104.5894 110.0957 112.8317 104.1883 107.5537 105.5345 106.6249 107.0465 107.4328 107.8163 107.4245 107.7621 112.5378 111.9572 107.2254 108.1845 107.1114 108.2183 107.6222 108.5323 107.6778 113.7200 108.8832 108.9464 108.7983 107.5419 107.5839 107.9556 108.4136 108.9680 108.2804 111.2998 110.5514 111.9900
105.7100 104.8845 105.1071 108.7145 106.0273 104.3091 105.3677 104.8715 103.6040 105.1308 106.0714 104.9341 106.2519 106.4010 111.5786 111.1552 106.7945 107.8786 108.0890 106.4707 107.0329 107.8258 108.3107 113.5745 107.2992 107.6308 108.0803 114.8288 110.4176 111.5279 109.8766 109.1760 108.1767 109.0985 108.3642 108.5663 108.8942 109.6954 110.1111 110.7400
103.2800 103.3868 102.7156 103.9663 103.4183 102.4088 102.8133 108.2007 103.4613 105.7972 103.5284 102.4040 104.4343 107.3416 107.8325 107.0489 106.0298 106.2163 107.5991 107.0967 106.7493 112.2098 107.9586 107.8850 108.7206 107.4210 107.0740 106.9106 109.7695 108.9514 109.2791 107.4381 108.1887 108.0438 108.9248 109.8114 109.2207 109.2360 109.3678 109.1100
102.6200 102.3988 102.1134 101.9526 101.9026 102.1235 101.6505 103.4018 102.1480 103.7657 99.5886 101.3052 104.9766 104.2963 106.2007 105.5898 105.8487 106.1315 106.7160 107.9286 106.7660 107.0385 107.7314 108.8972 114.9397 108.5409 107.2168 107.9670 110.0995 114.1169 109.7653 109.2743 109.4718 108.5714 109.2804 107.8062 109.4142 109.5092 109.2998 108.4700
95.8500 101.4896 101.3720 101.1395 101.1421 101.3016 101.4151 101.5516 101.9771 102.3033 99.1374 104.7472 103.8164 105.1371 104.5808 105.3459 105.6402 106.9230 106.5291 107.0521 107.8815 108.5420 108.1539 107.8993 112.7481 114.5958 111.4784 107.6423 111.8016 112.3010 110.5555 111.8261 109.0238 109.1943 109.0518 108.0883 108.6162 108.8540 109.2431 110.1700
101.1900 101.0583 100.5046 100.1564 100.1542 100.2875 100.2969 100.7695 101.0634 101.6928 102.2051 102.6066 102.6697 104.7535 105.2060 105.6867 105.5000 106.6077 107.4838 107.3555 107.7454 107.6441 108.7394 112.1283 113.9891 114.4389 112.4804 112.1257 108.2242 111.9799 109.9715 107.9004 107.2230 108.0304 107.8574 108.3594 109.9479 107.2553 108.0021 108.5500
100.0200 99.5391 99.4704 99.0508 99.1244 99.2382 99.3536 99.5495 100.2234 100.7369 101.2863 101.8303 102.4353 104.7498 104.4855 104.3040 105.4871 105.3876 106.0181 106.5853 105.7556 111.2789 111.1971 114.1402 113.0788 113.5234 107.8895 112.2071 107.3457 109.1034 108.0772 108.0477 108.4131 108.5027 108.9705 109.1690 110.1603 110.8894 109.6869 109.3100
99.1300 98.5656 98.1078 97.6718 97.5795 97.8651 97.9910 98.5407 99.1256 100.0989 100.7876 101.3689 101.7721 103.6395 104.0054 103.7585 105.0461 104.9632 105.4307 106.9128 105.5864 108.0764 111.0047 111.2444 114.5103 110.6878 113.0918 113.4684 111.7867 107.5636 109.1253 110.6484 106.9934 107.7193 108.8629 111.5493 112.5829 110.5692 109.3030 109.3400
97.9300 97.2817 96.8276 96.1842 96.0073 96.1624 96.0672 97.5445 98.5922 99.2856 100.0763 100.8472 101.2726 102.2928 104.2917 103.9824 104.0277 105.0794 105.4154 106.1382 112.3319 108.9136 112.5295 112.0187 114.2300 111.5731 114.4012 114.8075 110.9395 116.3004 114.0825 113.1565 109.7105 108.3863 111.5468 109.6404 108.8467 109.0733 110.3571 108.7500
96.3000 95.7025 94.4751 92.9948 92.7415 94.0300 93.1664 94.5202 97.0803 98.0710 99.4421 100.2280 101.0330 101.8066 102.4565 104.3484 105.0733 104.3296 105.5047 107.3501 107.2376 109.7782 112.0617 112.3073 114.4107 112.8836 113.5021 114.0361 113.2518 109.0350 112.1317 111.3311 110.4360 113.1129 116.2813 115.6180 109.2380 111.5959 112.8207 113.6000
94.6100 93.9547 90.8612 89.6834 88.1807 88.7069 91.0909 92.3768 95.8059 97.5466 98.5841 99.7665 100.7650 101.5966 101.8361 103.7935 103.9174 104.5162 105.2167 109.0500 110.6870 111.7768 106.6177 108.4698 113.3453 112.6096 114.1656 111.8775 113.1443 109.8840 111.9205 108.8286 110.8755 108.4051 110.2021 109.0686 111.2948 111.3520 109.3218 110.0400
93.5900 91.8063 90.9189 93.2866 84.5732 85.9553 88.1460 90.8632 94.2794 96.7069 98.0654 99.2871 100.3999 101.1925 102.0922 103.1675 105.2629 104.3122 106.1496 105.4605 104.9147 106.7712 106.6041 106.9798 107.9145 107.4902 108.4182 108.0787 108.4283 110.6481 112.8416 114.1617 115.2807 116.6160 111.4348 111.5318 112.2242 112.2169 111.6921 108.9300
103.6900 90.7709 92.7857 76.5308 67.6744 71.7737 86.2289 89.5010 93.0454 95.8995 97.3831 98.7114 100.2404 101.1829 101.7366 104.0792 103.3669 104.1227 104.6805 105.9643 105.4389 106.3364 107.0944 108.2922 107.9874 109.0934 107.9939 109.9695 109.9706 111.6840 113.7724 112.0922 114.4642 113.8856 114.9094 113.6555 112.0147 112.2641 111.1015 110.4200
91.7500 99.7606 80.4947 65.7937 58.5167 63.6106 81.3665 89.8890 91.3821 95.4380 96.0636 98.8030 99.9902 101.1591 101.7452 102.3540 105.1388 100.8530 103.9495 105.2777 105.1927 105.6607 106.6931 108.1370 110.5558 107.7333 106.9324 108.4123 112.3445 110.0872 110.3516 109.8842 109.8546 110.0163 111.0188 111.8295 111.9837 113.3744 112.3104 108.9400
91.6900 95.4288 81.1415 69.5730 67.6315 71.7177 78.7794 87.3448 92.3794 95.0872 95.9423 98.8567 100.8401 101.0073 101.8296 102.7360 104.8724 103.6249 104.4005 104.6077 106.0719 106.5665 107.0041 108.1368 108.5536 108.3883 107.7166 108.1962 110.9396 109.2785 109.8180 110.8311 113.6561 113.2706 109.2677 110.4216 109.9327 111.0477 110.1333 108.5400
94.3500 88.1729 86.9080 77.8016 73.5919 77.3414 83.0632 87.5719 92.8602 94.7843 96.7920 99.0193 94.8794 101.3687 102.3064 103.1031 105.2202 102.0688 102.5389 104.2563 105.3248 106.6212 107.7614 107.4432 107.8481 108.6470 108.2942 108.0134 107.7854 106.0433 107.9715 113.6388 110.8574 112.7936 111.9912 109.0420 109.0336 108.8017 109.4957 109.3800
104.2600 93.8371 90.0547 86.3821 84.0727 89.0442 89.5975 90.3599 94.8536 96.0451 98.0418 99.3894 98.5629 101.5301 101.6702 100.9911 106.4065 102.2542 102.4811 103.3662 106.0739 106.8537 106.8575 107.5537 108.1276 107.6167 107.3439 107.5405 108.4855 104.2815 109.1944 110.2561 109.3829 109.2896 110.6242 109.8035 110.6459 110.8179 109.7245 109.6100
95.6800 97.8548 92.8354 92.4131 92.1084 92.8176 90.5324 92.7952 94.9229 97.5145 98.7122 99.8979 100.8369 101.6576 102.1367 103.6419 100.6423 103.1679 105.0787 103.7965 105.6733 106.0738 107.6303 107.9056 107.1438 107.2248 108.3605 107.9023 106.5058 108.2544 108.9079 108.4012 110.1044 109.2968 109.8306 109.9237 110.2691 108.8689 108.8654 111.3800
97.9200 88.6800 95.8949 94.7861 93.3726 103.7777 94.1660 96.0460 96.4600 98.7041 99.3557 100.4693 101.2756 101.9816 102.6272 104.9877 105.8278 105.7019 105.0459 105.5109 105.6978 106.4666 107.7422 108.3368 107.2967 107.6802 108.5395 107.7626 106.3169 105.5518 109.1379 109.2040 108.9067 108.4842 110.2347 109.1242 108.9623 111.5146 111.5017 113.2800
97.9200 88.9774 97.5940 94.8361 93.7837 101.8215 96.6008 97.7663 98.3819 99.4896 100.2488 101.0367 101.7221 102.2252 102.9555 98.3991 101.8266 103.2072 105.5609 103.0908 105.8435 106.9071 107.8522 107.4880 106.8897 107.7874 108.5500 108.8441 109.8814 105.7556 108.2580 109.1977 109.4752 108.5623 109.4536 110.8284 110.9681 110.0284 110.6206 110.7400
91.1700 89.8955 90.4555 98.4545 95.9946 92.0347 98.4126 98.5366 99.3097 99.3814 101.0866 101.5106 102.1856 103.0043 101.2758 99.3423 105.9514 104.8117 105.5085 102.6939 105.6367 109.5635 109.8148 109.7423 108.4733 110.8266 108.5680 106.4379 109.3261 108.7484 108.1761 109.7760 109.9083 109.1608 109.3640 108.2618 110.2648 109.6386 109.8312 110.1300
93.1200 92.6200 91.7833 91.4915 90.0205 98.0222 99.7381 102.2325 98.3891 93.8758 102.0743 102.0109 102.4133 104.4384 105.1426 99.8262 104.1903 105.4040 107.0525 107.6236 107.7191 110.7147 106.7813 107.1410 111.4177 111.2648 111.3805 112.0968 111.8853 107.2478 106.7297 109.6634 108.3434 112.4100 111.5392 109.0221 108.4172 107.9874 109.4804 110.9200
94.6600 93.4070 92.9668 98.0188 91.8594 97.7071 102.3173 94.1817 94.1001 95.3105 100.7262 102.7240 104.3979 104.9834 99.6954 103.7680 106.2628 106.3391 105.8435 106.7636 107.7029 107.1475 108.2990 108.1951 111.8831 110.8385 106.8234 114.3109 108.1182 109.5242 109.8404 109.7174 110.6836 111.1717 111.3114 110.3896 109.0005 111.9801 110.7157 110.9200
101.9800 98.4650 94.7195 101.0737 99.9979 102.9734 96.0272 95.3732 95.8546 96.4897 101.9844 105.1195 104.7978 104.6719 102.5477 105.2072 106.7497 107.0683 104.9483 105.6067 108.0050 108.4725 107.3169 108.1007 107.5908 107.7972 108.2833 108.0888 107.4810 109.2191 109.0893 109.0316 111.5465 108.9484 110.1702 109.6181 108.3965 110.8438 110.7429 113.8500
97.1700 97.5322 96.3148 97.5188 97.5912 97.0983 96.5313 97.1654 97.1535 102.1853 105.1928 105.7005 103.1645 104.0193 105.1049 103.2077 104.8277 105.7234 107.1021 106.7873 108.2282 107.4425 107.2415 108.8351 110.0384 111.0774 110.2811 108.8575 107.7001 109.4983 108.2872 108.4447 111.7411 109.4959 108.8748 109.3545 108.4159 109.0019 109.0551 114.5000
98.4200 97.9891 98.0309 97.5128 97.4822 97.5808 97.8962 98.0779 98.3305 105.2604 105.6448 105.9396 106.0981 105.8611 106.4147 103.9828 105.3585 106.0242 106.8722 110.9892 107.7467 108.6484 109.5366 110.3034 113.5082 111.6096 109.6753 110.4634 110.1907 109.7846 108.8317 109.7392 110.9531 110.5614 109.5552 109.1621 111.1930 110.0027 108.8137 109.1800
100.8900 100.1059 100.8028 100.2959 98.7482 100.1187 99.0388 100.1823 103.6239 105.1908 104.4344 105.3717 106.3340 105.6295 105.6765 106.4759 107.2100 106.2069 107.3717 108.6251 108.3391 109.1581 107.5762 105.9676 113.4604 115.5779 110.8613 110.9798 110.2397 111.8643 113.4293 113.4063 109.4166 111.0024 108.9642 109.2338 109.6044 109.4278 109.5084 109.3600
101.4100 101.3198 100.6634 101.6333 102.3839 100.8480 102.0164 102.0941 103.6214 103.8811 106.7671 105.5068 105.3665 105.4982 104.2628 106.2178 106.9800 106.7735 107.8763 109.3827 108.1018 109.0772 107.2308 103.1942 109.9575 104.9693 111.1761 109.4766 109.0315 110.0034 112.8988 110.8767 109.8281 113.9127 108.4507 108.4884 109.7214 109.2280 109.4093 114.5000
101.6600 102.1241 103.9895 102.7103 103.1761 101.0479 102.1265 103.3170 101.4114 103.4313 107.3046 106.6120 106.9028 105.3873 107.4988 104.2554 107.2431 106.9395 107.5386 107.6646 110.9350 110.6979 104.5208 104.8908 111.5400 112.5909 111.4583 107.9440 108.8941 110.3303 109.9655 108.1321 110.5813 111.2602 109.1977 110.8377 109.4078 109.9218 110.8209 112.4200
101.8500 103.8000 106.7200 101.9100 102.3200 101.9400 101.9000 102.9800 102.4700 105.0300 105.0300 106.9100 107.4900 107.7800 107.8700 110.7600 107.9900 107.9900 108.6800 109.4700 107.5700 108.4500 113.4200 113.3700 106.0800 113.0900 112.2800 112.2300 108.2500 107.7600 109.9300 111.0800 110.1200 108.2000 108.7300 109.0900 109.8500 110.6100 111.1200 112.6900
