102.0600 102.0600 101.2700 100.7600 100.0200 99.4000 99.5400 99.1400 98.6100 99.8500 99.8500 100.0500 100.0500 100.8300 101.2800 101.2800 103.2100 104.8000 104.8200 105.7000 105.7200 110.6100 105.1300 107.0400 106.2300 104.9200 105.8600 106.2300 108.5900 109.5900 111.7300 112.9000 115.4200 116.5500 117.1500 117.8800 118.3700 118.2500 117.9500 117.3600
101.7900 101.4839 100.5772 99.7816 99.2789 99.3168 98.6736 98.5971 98.1003 97.9455 98.3344 98.8643 99.5050 100.2189 100.8360 102.1048 102.8971 104.4767 104.1607 105.3203 105.0934 111.0257 106.6829 107.8970 106.2820 106.1998 106.0531 106.6325 107.9971 109.4046 110.9343 112.4661 114.2199 116.0541 117.0831 117.7415 118.0191 119.5683 118.4222 117.2100
101.1200 100.5299 99.9385 99.2717 97.8043 97.1986 97.2340 96.3579 96.4792 96.3018 96.7867 97.2989 98.3140 99.1524 100.0151 100.4921 101.0478 102.4590 102.1854 104.8592 105.0709 110.9065 109.6568 108.4808 106.8409 105.6740 105.1031 106.1575 107.5336 108.9257 110.3949 111.9413 113.5237 115.5059 116.7177 117.9249 118.1252 119.0900 118.5100 117.6900
100.5300 100.1156 99.7136 98.2881 96.6174 95.6612 94.8653 93.9954 94.5155 94.9214 95.8136 95.8547 96.9691 98.0048 99.0953 100.2444 100.9213 102.9911 103.2359 104.5996 105.2151 106.8201 111.1319 109.0114 107.4269 106.2178 105.3768 105.8012 107.0259 108.5003 109.9661 111.5930 113.2663 114.9818 116.2029 117.5197 117.1466 117.1492 116.8599 116.7800
99.9700 99.6198 98.5769 96.9053 95.1096 93.2345 93.4094 92.6040 92.3548 92.0913 93.0260 94.0964 95.8699 96.8880 98.1360 99.2485 100.3571 101.6192 102.6028 104.3891 104.8236 105.5397 107.5348 108.1301 107.9018 106.4971 105.6204 105.3113 107.4223 107.8955 109.5246 111.0408 112.4158 114.0582 115.4081 116.3412 116.8310 117.5679 117.1717 117.6400
100.4400 99.1841 97.9408 95.7689 92.8160 90.8974 89.9585 89.7638 89.8639 89.3509 89.9201 92.3725 94.2848 96.1861 97.2446 98.6985 100.0494 100.7162 102.6017 104.5296 103.9109 105.4436 105.7954 106.0185 107.3116 106.4578 105.6273 108.0091 110.0511 108.7906 110.0546 110.7767 112.2755 113.9252 115.1348 116.3019 116.4992 117.4884 118.1620 117.2800
98.4700 97.7475 96.4203 95.0321 91.7682 89.6218 85.4102 83.1198 81.8345 86.2452 88.3867 90.5787 93.2694 95.6650 97.0878 98.2981 99.6153 100.4674 101.5601 104.2968 103.4013 104.7656 105.4131 106.4568 106.2411 106.1948 105.8514 109.9082 111.8272 109.9311 110.1854 110.5735 112.0413 113.7162 115.2551 116.8970 117.0319 118.3744 118.3611 118.6200
98.5400 96.8810 95.5528 93.7303 90.2553 85.6784 81.2285 75.1531 75.0045 78.1358 83.5023 87.9275 91.9123 94.3835 97.0916 98.3461 99.1602 100.2899 101.1655 104.0004 103.4803 104.8457 105.3866 105.6591 106.5723 105.6550 105.7807 107.5810 107.4499 112.7241 109.9029 110.1405 111.8507 113.5454 114.9908 116.5641 117.2024 117.4359 117.5572 117.5200
98.6700 97.2309 95.7206 92.8650 89.6457 83.4605 76.9997 67.5065 66.7059 72.1711 80.2060 86.1543 90.1016 93.1156 96.4382 98.1785 99.3481 99.9410 100.9285 103.6095 103.9544 104.5292 105.5922 106.2885 106.7479 105.6565 106.1570 106.5410 107.3916 110.8720 110.8141 112.4414 111.5846 113.4298 114.9733 115.8681 117.2251 117.0062 117.5089 117.5300
98.6600 97.2715 95.6146 92.7823 89.9675 82.9462 75.3931 63.6594 63.5381 69.8930 79.2168 85.8767 90.0246 92.7507 96.4087 98.1473 99.4043 99.9233 100.9522 103.3525 103.8094 103.8245 105.0394 106.2126 106.9580 105.8896 106.2686 106.8834 108.5085 109.7358 111.1075 113.1369 111.5805 113.3105 114.7495 115.8487 117.2023 116.9963 117.4766 117.5300
98.9000 97.9591 95.5966 93.2469 89.1827 83.7886 81.3577 70.6570 65.5361 71.5493 81.7951 86.7855 90.4993 93.0764 95.5427 97.6740 99.3084 100.1332 101.1712 103.6491 103.3759 109.6456 110.7736 108.4302 107.2299 104.9345 107.2878 106.4594 108.5003 107.2942 113.3503 110.3903 112.3869 113.7413 117.9792 117.5462 118.5287 118.3257 118.6045 118.5800
98.8200 97.9047 96.1600 94.4487 91.3022 87.9280 87.0571 82.1158 77.2183 84.1517 86.1192 88.9978 92.6000 94.6665 97.4010 98.5269 99.2980 100.5474 101.7778 104.0895 103.4920 105.1968 104.4099 105.3042 106.9946 111.2720 109.0216 108.2168 110.9702 115.5871 109.3879 114.3956 112.1479 114.3964 118.2596 118.8217 120.2828 121.6403 121.2504 120.7200
99.8800 98.4696 97.8802 95.9767 93.1597 89.4561 87.7637 86.0956 84.4277 88.7035 90.4346 91.2178 93.5200 96.1696 97.7041 98.6358 99.6763 100.9282 101.8844 102.6409 105.4425 104.6395 106.1094 105.3832 105.5508 108.2095 109.4617 108.4753 106.7496 107.0166 109.2318 110.7305 111.9779 113.8968 116.4525 116.3695 117.3589 118.6432 117.8892 119.9200
99.8500 99.3351 98.5383 97.1713 95.5836 93.4247 91.5124 90.1128 90.4946 91.8896 91.7770 93.8580 95.7034 96.8114 98.0962 98.8316 100.6217 101.3164 102.2742 103.2101 105.4089 104.3440 105.5088 107.5254 106.5413 108.4968 110.4144 108.1051 111.1841 114.4526 112.2667 110.0499 113.9751 114.9994 115.0700 113.5170 114.0231 108.8182 110.1639 110.0700
100.2100 100.0457 99.4074 98.2504 97.9176 95.7183 94.4531 94.6844 94.4687 94.5461 96.2752 97.7679 97.7020 98.7190 98.7975 99.9391 101.0116 102.0917 102.6330 103.3858 105.0510 105.1938 106.1407 106.7809 107.2861 106.4852 106.9106 106.9196 111.3050 110.6628 113.9514 115.5018 113.4084 116.6561 113.8585 112.8658 116.4010 113.2898 115.7714 115.4700
101.2900 100.8927 100.0356 99.1932 98.8792 97.6630 96.7833 97.3450 96.8095 96.7442 98.1298 98.0938 98.8215 99.2255 99.4684 100.4148 101.7053 102.4767 103.5641 103.6356 104.5706 105.1430 107.0433 106.9462 107.3395 106.8424 107.9463 108.3449 108.0831 109.1340 110.6484 109.9109 112.9537 116.2708 112.5677 117.8430 115.5591 114.2152 115.2751 115.4700
102.1200 101.6015 100.9225 100.1631 99.7202 98.9297 98.7835 98.4035 98.2200 98.6282 99.0852 99.3909 99.7093 100.2034 100.4786 101.2367 102.4181 102.7439 105.2662 103.7711 105.9323 104.7890 105.7508 106.3084 106.0035 107.7080 107.6016 108.1940 108.6386 107.9019 107.7464 110.0509 111.6007 110.8243 109.8369 114.5462 113.8796 117.9760 111.9202 113.6200
104.9400 102.0574 101.7282 100.9836 100.7786 100.3554 99.7420 99.3429 99.4259 99.9436 99.8977 100.2179 100.3744 101.0030 101.4414 102.0103 102.5250 103.9875 104.4677 103.9966 104.9941 105.9545 106.7726 106.2121 107.4604 106.9471 106.1096 108.6624 111.6678 109.5784 104.0590 113.7857 109.1827 109.0270 108.9639 113.3145 114.0864 116.7586 115.4098 115.3800
104.9400 102.3655 102.2946 101.8225 101.5035 101.1376 100.7485 100.6110 100.5878 100.7134 101.0257 101.0498 101.0777 101.5856 102.0451 104.0071 104.8066 104.7400 105.5322 104.8971 106.3817 106.8895 106.8662 107.3666 107.2176 106.7479 106.1275 113.3012 111.7011 112.3053 116.6801 114.9712 109.9471 110.1741 113.9239 112.4240 113.7163 116.2573 116.4878 115.6400
105.7400 105.1215 103.2894 102.3342 102.3131 101.8535 101.7588 101.5758 101.5946 101.7567 101.9660 101.9218 101.9462 102.3768 103.9570 105.6394 105.6737 105.7393 106.4692 105.4597 106.0330 106.6296 106.2601 107.4654 107.8335 107.6917 107.5498 108.4715 112.6093 115.2129 116.3566 116.6864 112.9495 111.2896 115.5662 115.5011 113.9926 116.5202 115.4286 117.1200
106.0400 105.3353 103.7376 103.2469 102.8085 102.6374 102.7258 102.3796 102.3480 102.4558 102.5815 102.8146 104.1739 104.3173 104.3875 104.6310 105.9249 107.2449 105.5559 106.6660 107.0064 106.4664 106.9453 107.9857 107.8604 108.3946 108.3519 108.6347 108.1412 107.6677 111.9838 106.3338 114.7750 109.9009 111.9410 116.9019 114.8309 112.0706 111.1379 116.8100
106.2900 105.5004 105.0975 104.7811 103.7107 104.9173 104.8902 103.3982 103.8272 102.8863 104.1558 106.3094 104.4317 105.9502 105.4231 105.4316 105.9148 106.2572 106.5451 106.7173 106.5976 105.9469 106.6727 107.7313 108.3723 108.4533 108.5812 108.8864 111.9704 108.1386 110.3651 109.7141 114.9466 111.2853 117.1632 116.4873 111.1560 111.0801 115.1429 116.0800
107.6700 103.0674 104.4048 104.8434 104.2323 105.5882 105.6110 105.5184 104.9577 105.3956 105.6275 110.2415 107.1421 104.7945 104.5590 106.5142 106.7863 106.6148 106.9357 106.3188 107.4602 107.9326 107.2404 107.4308 108.4426 108.6432 108.5826 107.6638 108.8735 110.9990 111.5369 110.0648 108.0170 111.9499 111.9962 114.4214 118.6162 113.4513 113.3214 115.3100
111.3000 104.8866 104.2004 107.5379 104.9697 105.1815 105.6564 106.1970 106.0905 106.0193 106.0134 105.0842 105.8452 105.6767 105.0987 105.7031 106.5436 107.2383 107.2415 106.3921 106.0435 107.7872 107.5431 108.5310 108.6379 108.6849 108.8507 109.3627 108.2828 108.5224 109.3875 113.9006 109.5397 111.2863 110.5430 114.9245 115.0580 117.4621 111.3806 111.1200
105.1600 108.3527 105.6245 107.7344 110.9206 105.4100 105.5407 105.3734 105.5479 106.7067 108.7312 106.6288 106.1949 105.5891 106.0511 106.0638 106.8397 106.9972 106.6858 107.7061 107.2148 108.1448 107.2242 107.9808 108.9568 110.4874 109.6030 110.3834 109.9466 108.7387 109.7186 111.3877 112.2818 112.8187 109.6314 114.5819 111.5055 111.7305 114.2193 113.0600
106.9100 108.9754 107.1303 108.7230 107.3824 105.3155 106.4057 106.5830 105.6562 111.1551 106.2515 108.7773 103.7754 105.7940 107.6282 105.9403 107.7100 107.2214 107.5901 107.1945 107.7720 108.5051 107.8326 107.5699 108.1471 111.1107 110.2237 111.9670 113.7821 108.1347 110.1267 110.5005 113.5481 113.6220 110.6905 110.6478 110.6632 108.7413 108.7092 109.3500
106.4200 106.8642 107.2692 109.2875 107.2758 107.1089 105.9874 108.1515 108.5853 109.6558 106.6755 107.5306 106.1354 107.0592 107.1128 106.3652 107.8502 107.3720 107.8376 107.0743 107.2076 108.0995 108.9962 108.7552 110.7166 108.9640 114.9647 112.5736 114.4295 114.6197 110.7661 114.3783 108.6985 112.0801 114.3079 113.8562 113.2063 113.8750 112.4953 111.8500
106.9700 106.3638 110.0082 106.6527 107.8594 106.8230 106.8294 106.2691 106.2200 106.2647 106.9691 107.9916 105.0028 106.3840 107.7343 106.8904 108.2334 108.2217 107.5389 107.9688 108.4422 108.8026 111.2421 112.2913 110.5261 109.1544 110.7080 112.5686 113.7880 115.7283 113.0678 107.7347 109.9600 110.4032 114.1422 113.0114 114.3531 111.5319 109.1988 113.6400
110.8300 107.3457 108.9880 107.8404 107.8589 107.9013 107.3394 109.7041 114.6255 106.9575 107.8281 107.6655 108.7418 105.8692 107.9093 107.8749 107.7000 108.3133 108.0899 108.3077 109.0545 109.0693 108.9429 114.2757 112.2588 113.8752 108.9343 112.5234 112.1273 115.2877 109.1712 109.1129 108.6456 114.6161 112.7138 113.7413 109.8194 112.0492 109.8212 113.2500
110.7100 108.6829 106.5601 109.3701 107.2544 107.3606 106.8825 112.1548 110.0030 106.7770 107.3502 107.0584 108.4260 107.6731 109.5112 107.4346 108.2961 108.8822 108.3806 108.6956 109.1234 109.2737 108.7743 112.2143 111.7062 114.5056 110.8609 114.5747 109.5581 109.8562 115.0018 111.2566 109.6262 110.1150 109.2177 110.2771 108.8311 111.4007 111.0311 108.8300
108.8700 108.4084 108.7008 109.6019 107.8951 108.2149 109.9120 112.0631 109.6616 110.3151 107.8671 107.4998 109.7627 114.2427 111.6962 108.5525 108.2880 108.8973 108.5918 108.9885 109.3795 109.6327 109.2247 111.9049 113.8875 112.8882 115.5583 113.5702 115.7107 110.7450 111.5397 108.3929 109.1098 110.7525 108.9241 110.4601 108.8475 109.3768 110.1823 111.8200
108.3500 108.7051 107.8568 107.7079 107.3993 109.2098 110.1419 109.5238 115.2835 110.8644 108.8708 108.2139 108.7554 115.9421 110.7211 104.0580 108.7767 108.9295 109.1831 109.1950 109.2019 109.6291 109.7767 114.0393 114.0222 114.4383 112.6031 114.3776 114.6229 113.0397 115.1540 112.9042 111.6730 113.6601 109.8015 108.8794 110.9260 111.7751 109.5768 109.5400
109.2000 107.7968 107.9919 106.8941 108.7814 108.8295 108.3551 110.7690 110.3002 105.0732 109.1555 108.2943 112.0821 110.6771 110.6062 108.1866 109.5682 108.6227 109.2841 109.3498 109.8072 109.8024 109.6232 109.1601 110.9078 107.0719 112.7962 116.4693 109.5719 115.6505 115.2837 113.9380 112.1096 113.0928 111.9234 108.8623 109.9612 111.6622 111.3085 110.9000
107.6200 108.0466 108.8361 108.4701 109.0797 108.7413 108.4389 108.5586 108.3252 110.3311 109.6002 108.7530 112.9366 114.5820 114.4415 109.6023 109.6313 109.7168 108.8517 110.3702 109.8855 109.6019 109.6684 108.8079 109.5692 108.9277 108.5373 110.3084 112.5215 108.9323 111.5192 112.9853 112.8793 109.1397 109.6019 108.3845 110.2967 112.2734 113.8479 113.8600
105.5000 107.4135 108.6210 108.3209 108.7535 108.6422 109.0285 111.3052 111.5914 108.8581 109.1974 108.4990 112.0698 112.2333 115.4919 114.0301 109.5560 109.8891 109.3639 110.8086 109.8773 110.1130 109.5740 109.3683 110.6874 110.4786 108.8992 113.1535 114.5975 113.6834 113.4261 109.5891 114.6121 109.4239 109.9652 109.2101 109.6128 111.6739 111.9190 113.8600
108.8200 108.9523 105.8653 110.3668 109.1905 109.6369 108.8180 105.3321 105.1836 108.2465 109.0809 109.5113 111.7137 116.3451 108.9202 117.0293 109.3528 109.8745 110.0738 110.0054 114.4866 110.3685 109.4033 109.8097 108.6308 108.6309 109.3569 110.4584 112.4580 116.2080 112.9762 112.6092 112.9504 109.3224 109.7058 109.4812 110.1450 109.5606 110.0204 113.0800
107.2900 110.0654 109.1762 109.4591 107.7962 108.4728 109.0373 112.4893 109.8654 109.1299 108.4852 109.7285 112.4741 116.0250 109.9505 114.9912 112.9533 110.2021 110.1697 111.6784 110.9208 110.4437 109.5147 109.7554 109.1249 109.6860 109.9488 111.8790 111.4497 113.5899 113.4046 115.7324 108.9258 108.6407 109.1529 108.9584 110.4508 110.8593 109.4409 115.0100
108.1300 108.2058 108.2385 109.0034 107.5823 106.7873 107.3760 109.9865 109.3670 109.8109 109.8918 112.2077 113.6776 117.4417 114.5813 111.7221 111.9428 110.2937 110.0758 112.0648 115.1417 111.2080 111.1484 109.5474 109.6818 109.6070 109.7376 110.6850 109.1223 110.8800 113.4397 111.9283 114.8056 109.4037 109.6785 111.0703 112.5452 111.5273 111.8976 118.5800
109.4900 109.7138 110.4749 108.5904 108.2877 108.5061 110.7322 109.6668 109.5071 109.6254 111.7103 114.1172 114.4815 118.2474 106.9958 116.0482 113.4260 110.5811 110.1569 114.5164 113.2010 113.9997 114.2180 109.5869 110.1142 109.8554 109.4570 109.6087 110.5121 110.1433 112.4494 110.4325 118.5336 112.8147 112.1962 109.4027 109.8253 110.5520 109.4247 114.0400
115.1800 110.8700 109.2500 110.6300 110.6300 108.0700 110.3900 108.7700 109.7900 114.8100 115.0700 113.8600 114.9300 116.9300 110.2600 116.2800 115.5200 115.5300 110.6700 110.2100 111.6600 116.3700 110.2700 110.0100 110.3800 109.9400 109.8500 110.1800 110.7500 110.2500 108.9600 113.9400 113.9400 111.1300 112.4600 112.4600 109.3100 110.6100 109.4600 116.6800
