109.1400 111.9400 108.9600 105.4200 106.2800 104.3300 103.4800 104.9700 113.4700 103.5000 102.9600 103.7100 100.9300 100.2700 98.4400 97.3800 96.0400 94.9900 93.2000 90.3200 87.2800 87.2100 90.5300 90.1900 94.6600 96.1700 97.6600 98.6700 100.1500 100.8500 101.8800 106.0500 113.7400 111.3000 107.2200 103.6100 102.7000 102.9500 105.5800 107.0500
114.2500 106.1529 106.1890 106.0460 107.2664 103.9209 112.5970 110.0264 111.7065 113.7744 104.3938 104.1461 100.4328 99.5959 98.1901 96.5957 94.5334 92.4489 89.3672 86.0390 84.0809 84.1201 86.2055 89.1745 92.1646 94.7844 97.0092 98.2615 99.5102 100.7290 99.6030 103.2062 113.0816 113.4694 107.6321 104.5727 102.7898 103.3682 104.8703 107.1100
110.5400 112.9980 105.5347 106.9368 105.4420 108.1455 108.7992 109.2873 105.9268 109.1358 106.3865 105.0209 99.7973 99.3246 97.7066 95.7920 93.2775 90.4310 85.8467 81.1951 76.5502 76.7346 81.4513 85.9869 90.1227 93.4147 95.8615 97.7255 99.1462 100.4709 100.0374 101.6728 110.9676 114.2394 108.6821 104.9272 102.9865 102.5914 104.6091 106.8200
115.1600 115.9975 105.9831 106.6361 109.9038 103.8397 107.0488 105.6493 106.6668 103.8800 105.2080 100.8775 100.2649 99.0018 97.8379 95.6289 92.3147 88.3027 83.2588 75.3858 69.0749 69.0472 76.0181 83.5809 88.5901 92.5126 95.3382 97.3707 98.9299 100.2164 100.4341 100.9100 109.6698 114.5286 109.4070 105.1594 103.1781 102.7724 104.7124 106.6800
114.1900 111.5901 110.2008 111.8340 112.0146 104.5849 105.0671 110.0131 102.2271 104.8145 100.9517 101.0792 100.1010 98.7515 97.1936 95.3397 92.3028 87.8143 82.4024 72.6809 65.4273 65.6939 73.3949 82.7404 88.0752 92.2132 95.1500 97.2676 98.8547 100.1222 100.6046 100.6860 109.2675 114.6144 109.6072 105.2216 103.2318 102.6921 104.6513 106.6400
107.6500 107.8316 108.5250 106.9193 111.2186 104.1565 107.4787 106.3294 103.0696 102.4394 102.4798 101.5287 100.2084 99.0461 97.4169 95.4425 92.4735 88.5068 83.5303 76.1320 69.6131 69.6902 76.6241 83.8422 88.7583 92.6085 95.3895 97.4113 98.9452 100.2250 100.4504 100.9287 109.7319 114.5846 109.3715 105.1299 103.1715 102.7528 104.7248 106.6300
108.0700 107.4961 106.4835 106.2100 111.5311 106.4352 108.7727 99.7431 104.5867 108.8889 103.5948 101.6525 100.5613 99.3599 98.1528 96.1995 93.4277 90.1601 86.2144 81.9364 77.7329 77.7496 82.2584 86.3706 90.4163 93.5841 95.9828 97.8028 99.1924 100.4967 100.0397 101.7976 111.0588 114.3018 108.5011 104.8800 103.0310 102.9013 104.8972 106.7500
108.0200 107.0895 106.3425 107.2326 109.2412 106.4340 109.9512 103.3196 103.2526 106.5858 103.5793 101.5946 100.8866 99.9501 98.8593 97.3865 94.8381 92.4125 89.4761 86.6137 85.0819 85.6561 87.2201 89.7600 92.5564 94.8631 96.8132 98.3540 99.5529 100.6007 99.7625 103.4719 113.0499 113.4702 107.4480 104.4824 102.8442 103.1917 105.1752 106.8600
109.1600 105.9937 107.1621 107.0425 106.5005 106.0789 105.7795 106.0273 103.0252 103.0285 104.7489 102.6112 101.5995 100.6026 99.5790 98.0559 96.1890 94.5611 92.4330 90.6845 90.1425 90.3436 91.8406 93.5609 94.5459 96.2656 97.7437 99.0284 100.0422 100.2465 100.2911 106.4688 114.5920 111.8835 106.4077 104.0044 102.6767 103.6050 105.5695 107.0200
108.5300 106.9161 106.7410 108.8713 106.0332 107.6651 104.9789 105.9498 104.6031 103.8907 103.5444 103.8137 102.1669 100.9522 100.2367 99.1757 97.4325 96.2239 94.9649 94.2957 93.4658 93.7379 94.0776 95.6506 96.5835 97.5858 98.6955 99.7097 101.0089 99.2361 102.5379 110.2943 114.8184 109.6245 105.4235 103.4625 102.6720 104.1335 106.1033 107.2300
109.8900 111.5746 110.4581 109.4874 109.7611 112.3484 105.9368 105.1445 104.5955 103.6081 104.2699 103.3169 103.8704 101.0609 100.8506 99.8478 98.8323 98.0061 97.1192 96.6076 95.8090 96.1521 96.6359 97.4489 97.9953 98.7282 99.6892 100.5444 100.1801 100.1255 106.5873 113.3264 113.7718 107.2892 104.5186 102.9029 103.0062 104.7683 106.7551 107.4500
111.3900 111.6456 113.4159 107.3483 110.9791 107.7440 102.2629 105.9045 101.4925 105.1445 101.3385 103.1311 103.5041 102.0577 101.2879 100.7371 99.9801 99.5963 98.5785 98.7556 98.3420 98.2521 98.4977 98.5515 99.1774 99.7405 100.6141 100.5980 100.7395 103.8251 111.9407 114.1285 110.0351 105.6850 103.6855 102.4776 103.6925 105.4755 107.5439 109.4200
110.5700 113.6579 106.5407 112.9210 112.1749 110.8826 106.7804 106.6607 103.0555 102.6233 103.9888 105.0714 105.2556 104.7474 103.3090 101.5293 100.5889 99.0117 101.0434 100.1444 99.9816 99.8769 100.0151 100.1869 100.2146 100.6783 101.3285 106.3220 106.5512 105.6528 103.8909 114.3934 106.8263 104.5669 102.9107 102.8134 104.6287 106.5492 108.2792 109.7900
110.5900 114.1120 107.8135 111.2853 106.4602 105.3019 105.7647 104.7349 103.7592 103.8102 104.3581 104.2683 103.7253 102.9642 108.0915 105.6766 103.5013 95.4337 96.1725 101.5617 100.8367 100.7502 100.9807 101.1195 101.5969 102.5988 101.0002 101.2916 104.1266 112.4988 110.2790 112.4026 105.0571 103.9254 102.7928 103.3489 105.5549 106.4356 107.7870 107.6300
113.9200 112.6968 112.5447 110.6466 105.6596 106.6752 106.1041 106.4119 111.5970 103.1119 101.8779 103.6428 102.2718 107.3092 103.1146 103.3337 103.8180 103.7310 96.2087 100.8549 101.9147 101.5613 101.5781 101.8734 102.4914 102.9737 103.3942 109.1854 108.3382 112.3297 103.7454 105.4608 104.7694 102.8394 103.5653 103.2291 105.9237 105.1918 106.2779 109.4900
113.9200 113.9656 113.1927 108.3865 107.2892 110.2337 106.8740 108.9460 108.9609 102.5567 103.2266 109.6154 106.4052 107.1388 105.0475 100.2949 100.6338 104.3924 98.8891 105.9290 103.6999 102.6015 101.3251 103.8690 105.1276 103.8617 106.2559 108.9909 109.1747 109.4503 105.2639 109.2213 105.6517 108.4432 108.6241 110.1734 112.5749 108.7031 111.1610 107.9400
107.5100 111.2247 109.8218 109.4533 110.2850 113.1887 106.1902 108.8398 104.6979 104.4811 103.9819 104.2018 109.8477 105.7878 105.3309 103.3232 102.3737 100.0418 105.2850 104.3671 103.6665 106.1436 105.8427 105.0848 104.3561 104.4867 104.2319 107.1281 114.4996 107.1986 111.8912 103.7713 114.9306 111.7949 115.0375 112.5325 113.8871 113.5057 115.6158 113.0200
107.5100 107.1676 105.9273 112.9367 113.4671 109.1235 111.3643 110.4464 107.8057 108.9316 110.5127 106.1791 108.7267 106.7468 105.9984 106.3627 105.0053 101.8565 101.3949 104.5149 103.8545 107.0053 109.7423 109.2309 105.2076 106.0231 104.8644 106.8021 110.4368 112.5296 108.3357 104.5371 110.1215 108.4386 110.0233 104.3548 109.1886 110.3891 109.8829 113.0200
109.2900 111.0239 112.0091 115.6034 112.2154 109.0360 114.4180 111.7173 107.3375 110.9173 108.4146 105.9601 107.1423 104.2127 105.4735 106.4936 105.6748 102.4991 102.6032 106.1591 104.5879 110.2364 108.5535 105.5353 105.4451 106.6471 106.2757 107.6470 108.8472 107.3867 104.7923 106.8550 115.4956 111.9967 106.2345 109.7234 108.2177 107.6696 108.7934 110.4500
106.0600 113.8854 116.9103 107.7834 106.8516 112.8596 111.1806 107.3312 107.8833 108.2074 110.4218 107.7057 110.2102 106.9652 106.7499 107.1986 104.8692 107.0116 105.9961 106.0602 105.1889 113.5181 106.1477 103.3130 106.3896 108.8359 105.3142 104.7311 105.0628 108.0152 105.7152 109.1163 107.0645 112.6540 108.0685 107.1162 108.9024 108.2817 111.6214 111.8100
110.4000 112.8128 107.6963 108.7056 103.8659 108.0141 109.5704 116.2070 114.0343 108.7406 105.7975 107.8261 110.0581 107.4046 105.9801 105.8300 105.8527 105.0479 106.8705 106.8726 105.2708 105.2186 111.2682 106.7871 110.6229 112.0513 108.8459 105.7360 111.9192 109.8065 107.9112 107.5981 109.5853 110.8239 108.6839 106.7952 111.1754 101.3668 107.6967 107.2100
106.3100 108.1692 108.3809 108.8998 108.0054 108.2811 109.2960 114.2798 109.9780 110.0576 107.4562 106.7145 108.7170 106.1492 106.2006 106.1772 106.1935 104.7568 106.3805 105.6739 106.4545 104.3203 107.0379 106.4082 111.4132 112.7480 110.3526 108.9902 111.8876 113.2012 108.3959 107.7694 106.7719 109.0730 106.9943 109.8589 107.4350 100.5411 107.7330 107.4800
104.9500 107.7212 107.8993 110.0590 107.3562 114.9761 111.7174 114.7279 107.2527 107.9304 108.9738 109.6559 108.6874 107.7791 107.5404 108.1503 107.7940 107.0830 106.7221 106.4201 107.0240 107.3152 105.5387 107.2531 108.3343 109.7302 109.8600 108.2708 113.0323 111.8721 108.5395 108.1499 108.3460 111.7065 107.6188 102.2277 102.0838 106.5231 111.0510 112.4100
106.0500 106.3098 104.1691 110.2015 110.2407 113.0529 112.7075 115.1342 113.3304 107.9227 107.8467 110.5023 107.6780 107.8473 107.5472 108.0365 107.5454 106.2505 106.6254 108.3502 107.7386 107.6907 115.0017 109.2958 111.1203 107.5183 109.1597 111.6977 108.1872 108.7821 109.0860 111.1526 106.9767 103.5819 103.6024 102.4070 105.0508 105.2045 109.2277 109.4800
110.1900 110.2512 106.7253 109.2014 109.0195 109.2553 109.9681 113.0610 116.1372 111.2763 109.9521 108.1543 109.3949 108.3164 107.3378 108.6066 108.6384 107.0640 106.9336 109.0480 108.5602 108.0991 115.2635 113.0357 110.4857 110.7507 111.9148 111.8010 111.4581 109.1252 112.3116 109.9429 103.1002 103.1904 103.5427 110.9324 107.7671 109.7430 110.5659 114.4600
108.5100 108.1455 106.6764 110.2141 112.1652 111.9520 109.8582 117.8987 112.6848 108.1639 113.8530 102.7898 107.0784 108.8501 108.0259 109.1338 109.6617 108.0773 107.5727 114.2415 110.6969 115.4772 112.6316 112.3905 109.9651 114.0008 113.0026 112.3745 112.7986 107.4565 114.6775 109.3505 105.9433 106.6606 118.4218 116.0845 110.7691 113.0570 115.9064 111.4800
110.2100 108.7487 107.8032 110.1702 111.6625 115.5717 110.5496 116.1469 113.5192 119.3470 119.3432 103.9354 107.3941 108.5401 107.5997 105.0890 106.7272 108.7178 109.6362 114.1932 111.1358 116.2063 109.8421 112.9063 109.5934 112.9821 112.1113 116.9532 109.8831 106.0162 112.2769 113.0597 113.1501 105.3002 110.5899 114.9560 112.5461 113.3190 115.1927 111.4800
110.2100 110.8199 109.4964 111.7132 113.2640 108.2266 110.3404 111.8108 115.2475 117.0661 110.1306 105.4005 107.3598 108.6053 104.9508 103.4933 107.4193 103.8028 107.5673 109.0779 104.6364 112.9358 110.6121 105.8547 111.9359 114.0181 108.5863 116.5027 110.0946 109.0437 113.2888 114.4056 109.8242 108.8654 107.3560 116.1428 112.4054 110.8918 112.4406 115.3900
109.7900 115.0425 114.4427 110.8357 114.6578 109.7350 113.1343 111.5887 114.8906 112.0061 112.3527 107.2725 104.7901 106.3170 105.5949 106.0166 109.0051 109.7918 103.2839 106.7568 102.7988 112.0795 110.4342 109.3876 108.2524 114.9087 109.1563 116.9293 110.1647 112.9688 109.3475 113.0382 108.1891 111.7882 112.4679 110.7132 111.1421 111.0596 111.9409 109.1100
113.9900 116.7946 108.0473 110.3498 109.3159 110.9210 114.4075 113.3732 115.3436 108.2524 109.6721 106.4105 105.6916 110.2535 107.8635 108.8183 110.0766 107.8256 106.1411 113.1571 105.7891 110.2611 110.3432 107.2659 108.9132 115.9162 111.1247 112.9703 112.1222 111.9472 111.6375 107.1454 114.9838 114.4023 110.7550 111.6895 111.3166 117.0101 113.6497 108.9000
117.5700 117.6419 113.2173 113.8306 111.7180 112.9285 113.2224 107.9857 116.3079 112.0458 112.8238 111.4832 109.0456 106.8803 107.7770 109.1319 108.3930 111.1062 106.2082 108.3796 107.8586 107.8466 109.1118 110.6584 110.5337 111.4824 112.0219 110.0920 109.1305 109.6300 106.7182 109.2487 111.4032 107.2613 112.1208 111.3282 109.1850 114.9242 110.0062 115.2200
116.0400 115.7861 115.7177 113.1773 113.8450 109.9137 107.1969 110.6462 113.1709 109.3941 108.0211 107.6136 107.9315 111.3844 112.1306 107.3973 112.0725 110.8970 110.0758 108.2888 107.9935 110.0990 110.8083 109.6715 111.4780 106.6268 111.5399 110.3086 109.2114 115.8344 108.9124 107.1522 107.4800 109.6436 117.6380 114.9550 113.3746 115.9631 117.4685 114.9800
113.2100 111.2467 116.6473 118.4975 118.9457 110.7221 112.3598 115.0328 115.6466 111.3600 107.7993 107.4773 108.3415 113.2993 113.1011 105.9483 113.8084 110.8281 111.5182 109.1286 113.4829 111.6838 110.1045 109.1158 109.1310 109.2001 114.3377 111.4572 111.6723 112.2097 109.7218 107.0718 108.9302 109.4569 115.2046 115.1568 111.8117 110.2682 115.3019 109.8300
111.7900 114.3519 114.4018 113.2528 113.8984 114.1535 115.0270 113.0715 113.0428 113.2823 107.5157 109.0080 109.3532 114.0475 108.9170 106.7713 112.8994 111.7353 113.5997 109.9060 114.1994 115.8188 111.3172 106.3836 109.0796 108.5892 113.9184 112.5018 111.6025 110.0742 109.4416 108.6049 111.7773 115.1868 116.0209 110.8588 108.8743 113.5841 109.1877 111.0000
114.7800 116.1887 114.3462 115.6668 115.5425 113.2812 113.6911 116.1661 117.2639 110.4944 109.3840 109.8939 112.4216 113.0433 111.4374 107.8271 113.8816 114.4534 114.3601 111.9041 114.1921 115.7629 113.4699 109.8472 108.7397 109.4694 107.2627 107.5304 115.4884 113.1651 109.2412 108.7984 110.0086 110.2269 108.2537 110.4136 110.1948 113.6755 111.7855 110.6500
116.5300 116.1843 116.2807 115.3861 114.4119 112.7313 118.2894 118.0554 115.2420 110.5175 109.4183 109.3884 110.8994 110.4229 113.1961 109.2596 116.5019 114.5460 113.5967 114.3283 115.1013 112.3440 107.8329 107.8828 108.7594 108.3864 108.1604 109.4808 107.7842 113.8962 111.0376 112.2764 110.9805 112.2554 109.9851 109.2163 110.3929 111.8957 110.2052 109.8400
116.5300 116.6014 114.0077 114.5982 115.7124 114.3788 118.5868 120.5259 114.1498 111.7139 109.9748 110.7152 110.6415 110.9326 111.6134 109.8504 112.5992 115.0042 115.6020 115.5422 115.4278 113.0597 109.0024 109.5626 109.4213 108.9668 109.6112 109.4019 110.3709 110.0829 110.0704 110.8451 109.0706 111.8532 114.6872 111.9713 113.2823 113.2649 113.3676 114.9700
119.4700 117.8115 114.8437 115.1972 115.8092 117.9112 118.8109 113.2036 113.3814 114.6206 111.2336 112.1027 110.0568 113.9870 112.7978 111.1119 112.6383 112.0720 117.1284 117.5738 116.3265 114.2719 113.7902 109.4823 111.0989 109.7122 110.8912 110.5218 110.2722 110.7533 110.3930 113.0378 111.7510 115.0582 114.2172 111.6790 112.4226 115.1867 114.4426 117.0500
118.6900 117.0225 117.8300 115.8975 116.2982 118.0283 115.3116 116.5970 116.0900 114.7596 112.0759 112.3281 111.6840 115.1818 114.7122 113.8653 113.6224 112.2350 113.4651 117.6468 117.8152 115.9052 114.9077 112.2251 112.2347 111.3046 111.8700 110.6599 110.7901 111.6861 111.2526 113.1590 112.8905 113.8042 110.2405 112.8348 114.5015 110.1373 110.9464 117.0500
119.8700 117.5400 120.7600 115.4100 116.0600 119.0000 115.8900 115.0300 115.0300 113.7200 113.3000 113.0100 111.9500 113.6500 112.0100 114.7000 113.3300 113.3800 114.0600 118.1200 118.0600 115.6500 115.6200 114.0500 112.6700 112.6900 112.5600 113.3500 111.0400 112.2800 111.9700 114.2700 114.1900 114.0600 114.0600 114.1800 109.9500 110.1200 112.5300 115.7700
