113.3900 113.6400 110.1500 112.7300 113.3900 107.7900 113.3600 108.5100 113.1000 113.8700 112.2400 107.4800 108.7300 108.5900 108.5900 108.7100 109.5800 108.8000 108.8000 114.6300 115.2200 114.7400 117.2900 118.2000 118.7100 118.3400 117.4100 118.4800 112.6700 114.6900 114.0400 115.9600 115.8600 114.8900 114.4700 114.0600 114.0600 113.5500 113.3700 113.1600
113.3900 112.7253 112.6586 113.5160 108.9423 107.8548 110.7656 108.1358 112.7151 108.5940 109.8670 108.0605 111.2659 108.6860 108.5956 108.5045 110.0404 107.6917 110.3543 111.4536 115.4710 116.9029 115.1137 116.2279 117.5537 117.6872 118.7186 117.1342 117.4242 115.7807 111.1438 114.8522 115.5056 115.2265 114.8577 114.5089 114.0269 115.2563 113.5327 113.4800
108.1000 108.0692 110.1959 107.2435 106.4103 111.0519 106.4447 111.8564 111.2379 112.1568 107.1698 108.0493 109.1712 110.3627 108.2356 108.1132 108.0451 108.2663 108.3806 112.6271 112.1493 113.3616 113.4229 115.6974 116.2537 117.7185 117.8930 118.2959 116.2505 116.0449 114.5268 115.8384 115.7849 115.3122 114.8718 114.7216 114.5376 115.2705 113.9187 113.5700
113.0500 106.8762 109.9175 111.4938 106.7292 105.8322 108.3629 108.1500 110.8229 108.6743 108.0149 107.7564 108.5816 112.8319 108.3083 108.3794 106.4348 111.1353 111.2087 110.0278 111.7372 114.2438 113.4352 113.8710 117.7513 116.2749 115.7281 116.9031 115.0053 114.8942 114.6267 113.3783 115.8192 115.4192 115.0651 115.2045 115.0638 114.5082 114.0479 113.8900
108.6400 106.8307 110.8288 109.2804 107.0577 108.5674 110.9764 106.5135 106.8734 106.1170 107.6525 107.2665 110.3907 106.7598 108.0315 108.0579 108.1105 109.7544 110.6134 110.8852 116.0604 114.2870 116.3244 116.9020 115.8260 117.0387 112.7269 113.9649 115.4197 115.0000 115.2071 112.9709 116.1692 116.1567 114.1549 116.0272 113.4286 114.8057 114.2690 114.0300
110.6700 107.1168 107.5597 105.4863 107.1693 106.8578 108.4313 106.1266 106.4816 105.8925 108.6059 107.4289 107.8959 106.7215 107.7076 108.0256 107.7784 107.0267 109.5569 112.6583 113.6814 114.4922 114.3650 114.4225 115.0927 112.7066 108.9936 110.0467 110.5412 111.3018 114.5869 115.1159 115.8089 116.9487 116.0620 114.7926 112.4971 115.5178 114.5357 114.1000
111.5700 109.0853 108.0485 105.2069 105.5617 106.1588 107.2251 105.0898 105.5636 106.2877 105.4746 107.1548 105.9865 106.5618 106.4330 106.6889 108.2320 111.4235 114.0029 107.7274 110.3846 110.7823 114.3267 115.4413 111.5927 109.3332 108.4212 108.7347 114.0690 110.1902 112.6947 115.6017 116.1215 116.6712 114.8749 112.4867 113.6272 112.4648 111.0097 110.9200
109.4300 110.5284 106.9398 105.1685 104.8934 106.4395 110.8652 104.5821 104.9666 107.1272 108.9602 106.6219 106.1035 106.0306 107.0111 106.8897 107.1970 110.1599 108.1680 108.8822 112.8840 107.9013 109.2344 108.6890 108.2361 108.0306 107.9395 108.5252 108.5954 109.0701 111.9116 115.4075 114.8642 115.2901 114.2534 111.1532 111.6820 110.1952 110.0696 110.8300
105.0000 108.9472 108.8243 105.2923 104.4786 106.3883 107.4990 104.9861 105.0312 104.7797 106.2717 105.2842 105.9088 105.1576 106.4308 107.1864 109.5083 112.9639 104.9690 108.7755 108.0585 109.0637 107.3567 107.3774 108.2981 108.0661 107.7899 109.0316 110.5709 108.5145 111.7879 115.1147 114.1254 115.8070 115.3127 113.3043 110.5904 111.3265 110.0204 112.9500
107.2900 105.7874 103.3120 103.8552 105.2732 105.1058 103.3324 105.8323 104.6825 108.1217 103.5838 104.6865 105.7400 104.9820 106.7645 106.7051 106.3813 111.8718 105.4992 108.3870 107.6161 108.1258 107.5393 107.8274 107.2863 107.1808 107.7197 111.0864 112.3071 109.8584 108.1253 108.6822 108.4829 113.5047 110.9455 109.0426 112.6177 113.6185 111.1015 109.8000
103.5800 107.0438 103.2028 104.5707 104.5253 104.4081 105.4200 103.9395 104.0341 106.5228 103.0101 104.9337 105.4767 105.4483 104.8812 104.5599 108.3677 106.5733 106.6107 106.5454 107.5599 107.6927 106.9776 106.8080 106.7398 108.5358 108.8335 109.3502 108.9587 108.8897 108.7889 108.6565 108.3576 108.2301 110.5352 115.4557 114.6040 117.3220 112.3725 111.2800
103.8200 108.7496 102.3460 102.8628 102.4577 102.2916 103.2730 102.3128 102.6578 102.4610 102.9701 102.8873 104.2723 104.1424 105.8721 104.2800 105.4152 105.1650 106.4271 105.9878 107.8125 106.8412 108.3077 107.3550 107.8261 108.4636 109.2241 108.9559 109.0515 114.6042 114.6661 110.7126 108.6639 108.4521 108.9718 115.6139 114.1022 116.8921 113.6682 111.5200
102.5300 103.4969 102.1317 102.1478 101.8466 101.5777 101.3611 101.6120 101.9195 102.2141 102.5062 102.7828 103.1825 103.4867 104.5687 104.8236 105.6654 104.8999 106.4513 106.1587 107.3679 106.6444 107.6106 107.6205 107.4947 109.6550 112.0211 109.7999 114.7818 110.1662 112.6878 108.7167 108.7978 108.3819 107.7088 112.6727 112.5534 111.5499 111.3542 108.8200
102.5300 101.7174 101.6887 101.2097 101.2055 100.9248 100.5579 100.7751 101.2036 101.2753 101.9000 102.2377 102.3342 104.3200 103.5079 104.7969 105.0255 105.9789 106.6098 106.7543 106.1009 107.8541 106.8352 108.1931 108.1433 111.6450 113.4460 114.7161 108.9566 111.7453 109.8964 107.9452 109.9701 107.6143 107.8720 110.1833 108.1041 112.0734 112.1096 108.3600
101.3200 101.1508 100.8201 100.1827 100.1224 99.8064 99.5331 100.0714 100.1143 100.5426 101.2276 101.3668 101.7726 102.0247 104.2131 104.3905 104.6925 105.4210 106.1023 105.2411 106.4496 106.7693 107.5485 107.8861 108.4505 111.5378 114.4718 113.6426 109.9802 109.0680 107.5754 109.1296 108.6124 108.6864 108.5531 109.2718 110.6030 110.0104 110.0101 110.8400
100.1200 100.3077 100.0601 99.0253 99.0008 98.4894 97.8511 98.6354 98.6634 99.5408 100.1396 100.4703 101.0363 101.3113 102.5432 103.4730 103.6533 105.4450 106.0411 105.6346 105.8246 106.3269 106.9767 106.8360 109.1970 113.5485 110.3243 111.9660 112.6604 111.9949 111.7966 110.5547 109.8816 108.5028 109.2542 108.9316 113.4411 110.7512 109.7388 113.0500
100.1200 99.4130 98.8412 97.7450 97.5294 97.0423 96.6234 96.2133 96.9462 97.9482 98.7466 99.2956 99.7564 100.4051 101.4314 102.3570 103.2557 106.0014 106.4002 106.1347 105.0313 109.8173 105.6450 105.9032 108.5696 108.4560 113.4139 110.4231 111.2360 114.7757 112.2856 112.6523 109.4150 107.7246 107.7708 108.8010 111.1619 109.7725 108.7835 108.8300
98.8700 98.2542 97.4947 96.0332 95.4300 94.2159 93.9164 94.5622 95.3188 96.6803 98.0486 98.4521 99.2933 99.9272 100.8217 101.8215 103.7127 103.6409 104.5780 105.0479 105.0902 111.9451 105.7339 108.3977 112.7189 108.1064 108.8717 116.0065 113.3402 111.3086 112.9689 113.0046 106.4420 106.3557 109.4135 109.2375 110.6502 110.6224 108.5394 114.6300
98.8900 97.2523 96.0041 94.4792 93.1717 91.0892 90.4609 91.8356 93.4159 94.2427 96.4216 97.5924 98.2028 99.1403 99.9135 101.5338 102.5068 102.8708 103.9152 104.4260 105.1514 106.7657 106.1369 107.4913 112.2428 111.2970 105.0366 107.1163 114.3630 114.4723 112.1037 113.2215 110.9110 113.4926 116.3635 115.1340 112.5124 111.1289 108.7925 109.5000
97.1900 96.0344 94.8489 91.9837 89.1551 86.3770 84.8413 86.4513 89.3219 91.7577 94.9319 96.3315 97.6883 99.4195 99.7552 101.3489 102.1251 102.8127 103.5760 105.6653 105.1155 104.7863 105.9318 106.8715 110.5766 112.2464 108.7582 106.8609 109.4692 108.3372 111.6769 107.7179 108.0928 109.7716 109.8173 113.2737 110.3690 110.6154 110.0387 110.3600
95.7900 94.9019 91.7978 87.9927 84.0967 80.6335 80.2298 81.1895 85.9187 90.0817 92.6963 95.3893 97.5253 98.8947 99.2151 101.1802 101.7847 102.6294 103.2251 106.6565 105.2569 104.8183 106.3788 106.7133 105.2664 111.1231 107.8897 107.8205 112.7201 107.1441 110.5776 107.3752 109.1841 115.6562 109.4822 110.6940 110.7241 110.8808 109.4786 109.6200
95.2200 93.9729 90.9074 86.2678 80.4076 73.9447 69.0997 72.9655 82.7194 87.7256 91.3537 94.3543 96.7900 98.1343 99.7712 100.8334 101.7704 102.3805 104.8841 104.9872 105.4895 105.0141 105.9836 109.3059 105.6341 107.2727 107.0524 108.6569 109.2212 111.5502 110.2924 109.8554 111.3815 109.9687 110.8570 112.5379 114.0807 111.3600 108.6348 108.6400
96.0700 93.9288 91.4348 84.8072 77.3845 67.7724 63.2801 66.2463 80.3918 86.0863 90.7821 93.1698 96.7949 98.3138 99.2352 100.5705 101.8915 102.6077 103.0022 105.0795 104.8036 106.9499 107.0227 107.2780 107.9389 108.2218 107.8911 108.5260 108.4452 108.3231 108.8649 111.6171 114.8493 116.1648 114.7338 116.1261 116.1208 113.1136 110.1822 109.9200
96.0500 94.2948 91.2101 83.7429 77.0418 66.7687 62.1290 67.3338 79.5406 86.1396 90.3777 93.6268 96.6803 98.4812 99.3307 100.6009 101.8310 102.6570 103.2447 104.5473 104.7922 106.0020 106.4028 107.4426 107.4070 108.0147 108.1814 108.1314 108.8041 108.7526 108.4025 108.2706 113.6025 115.0311 115.8129 117.0069 116.5046 115.9187 111.8514 109.0400
95.4800 95.5321 90.5189 86.9004 79.7964 71.5790 70.2615 76.4061 82.3111 86.8338 89.4388 93.9503 97.0180 98.5751 99.8471 100.7490 101.8260 102.7157 103.2781 103.6373 104.4379 104.7700 105.9666 107.1221 107.0854 107.9146 107.8877 108.2549 108.9489 109.0985 111.4033 112.1495 114.6799 113.2022 112.6043 112.5841 112.5193 117.0537 112.9939 109.3000
97.5800 94.4958 92.3575 90.5168 84.3831 80.4783 79.2177 82.1330 86.0525 88.3071 91.7035 94.6393 98.1447 98.7818 100.0129 100.9208 102.0055 102.8794 103.4455 105.2791 104.9870 105.1123 106.8560 106.1494 106.8326 107.7722 107.6551 107.8316 108.8488 108.8889 113.3324 114.9772 114.2407 111.5757 108.7130 112.7631 112.3409 111.1274 110.7580 109.8100
98.2500 96.1296 93.8017 92.3112 89.4390 87.0951 86.4859 86.9684 89.7439 91.8883 94.5935 96.1777 98.7708 99.3899 100.2419 101.6381 102.3021 103.0141 103.8754 106.2903 106.2631 105.9303 107.2411 106.7383 106.9602 107.7241 107.9227 107.9585 108.8565 109.2887 109.1471 110.6239 108.5447 109.7677 110.8833 110.4495 111.6578 113.0693 112.8919 110.5400
98.5400 97.9784 95.7814 95.8504 94.8857 91.6543 90.6950 91.7843 93.0406 94.8933 96.1282 97.7206 99.0951 100.1456 100.7600 101.7785 102.6104 103.2052 103.8374 105.9898 106.7653 105.5237 105.8511 106.7289 106.9478 107.7655 108.3502 108.6630 108.9834 109.1110 109.3154 109.3224 109.3789 110.6298 110.5422 108.8856 111.7202 108.4551 112.6994 114.2400
100.1500 99.4108 98.4751 97.1767 97.6719 94.9010 94.0338 93.6377 94.8185 97.3187 97.6730 99.0405 99.9887 100.7930 101.4695 102.1395 102.8321 104.2641 105.8151 106.4100 105.3982 106.0554 107.0757 107.5124 107.7151 107.5988 108.4866 108.6535 108.7915 109.2179 109.3636 109.5969 109.2434 110.5575 111.6120 110.7972 110.2684 108.5755 111.2376 110.7900
100.6600 95.2245 96.8814 98.0155 91.3263 97.4572 96.1956 97.3744 97.4860 98.7251 99.2525 100.1214 100.6423 101.3707 102.0774 102.7685 103.0344 105.5994 106.1550 106.4500 105.8990 105.8586 107.4067 107.5712 107.8907 108.3321 108.3668 108.1745 109.2271 105.5145 109.7679 109.1562 109.5929 110.0087 110.1173 109.7245 111.3233 109.3153 109.7797 111.0100
101.4400 101.0634 98.6816 99.9694 98.1067 99.0282 98.3275 98.6323 98.3450 99.3890 100.4633 100.8116 101.4042 101.9473 102.5480 103.1908 103.5499 105.5970 105.8234 106.1582 105.6716 105.7813 107.8016 107.8670 108.2177 108.3200 108.6790 108.9296 108.3106 109.3648 109.9825 108.8889 109.3303 110.2558 110.2025 112.6917 109.0478 109.6464 110.8459 110.4300
102.2200 101.6323 101.2906 100.8595 100.8033 99.8925 99.6113 99.6246 100.2646 101.0447 100.8592 101.4063 101.9493 102.3736 102.9694 103.9413 104.4850 105.6604 105.0445 105.4667 106.0015 106.2418 106.1190 107.0815 107.9826 108.2961 108.4141 108.6571 109.1048 110.0361 109.7391 109.8137 110.2134 110.4550 110.3596 113.8543 108.1654 108.7048 109.5649 110.2400
102.8700 102.1946 101.9919 101.6900 101.4203 101.0295 100.8926 101.2036 101.6864 98.7132 102.2160 102.2805 102.5420 102.9680 103.3274 105.9036 104.3032 104.9120 105.6592 105.5710 106.2244 106.1399 107.4559 107.6385 107.8242 108.1422 107.7447 109.0596 108.8878 109.1519 109.7030 109.9650 109.3443 109.5155 113.1549 110.9816 109.8591 108.4963 110.5499 109.2900
102.8400 102.8966 102.6437 102.2760 102.1922 102.1210 102.1034 102.0912 103.0381 99.4228 102.9075 102.8134 103.1356 103.5480 103.9160 104.9284 104.9687 105.7487 105.8022 106.1982 107.6639 107.6277 108.3440 108.3669 108.4555 107.9955 108.3712 109.1425 109.1966 109.3133 109.7296 109.4313 109.8743 113.0187 110.2462 110.2047 114.1546 109.4680 110.6785 110.1600
103.6400 103.2975 103.2776 103.5385 102.9593 102.8436 102.8279 102.9814 101.8932 103.6682 103.1669 104.3537 104.6008 104.6977 105.5788 105.7550 104.8917 105.9005 106.1343 106.5962 107.9815 107.3186 108.2725 108.4961 108.6204 108.5420 108.4194 109.0238 109.5593 109.6637 109.9920 109.1145 109.7930 109.7458 111.0740 113.8766 112.5293 110.3687 109.4688 109.0800
106.4000 105.5802 99.7942 103.5320 103.5009 103.5158 103.3947 102.6935 99.7421 104.8215 104.5144 104.5349 103.9519 104.8939 106.3077 106.5084 105.4661 105.5283 106.8201 107.4278 108.2202 107.6859 108.2823 108.4216 108.6113 108.8540 109.0447 109.1209 109.4286 109.6603 112.4232 110.0678 109.1197 109.2619 108.3283 110.7949 110.8845 110.6719 109.9889 110.5700
106.4000 104.1375 106.2949 105.1555 104.1281 103.9745 103.9435 105.0779 105.2964 106.5758 106.3099 105.6276 105.3270 105.7937 107.8007 105.9367 105.9072 106.3181 107.8355 107.4983 107.6648 107.7736 107.2221 108.3988 108.6751 109.1894 109.2404 108.9991 112.6120 109.6528 113.3588 114.9518 109.7784 109.2725 110.7089 108.8276 110.3763 109.7010 111.8164 109.8300
104.1500 104.3239 106.2834 105.2444 103.9878 102.6851 104.4773 105.5124 104.5609 105.0985 106.3847 106.4005 105.4706 105.5555 106.3924 107.1230 106.3373 106.4064 107.0961 107.4241 107.7136 111.9702 109.5183 108.0666 113.4825 108.4828 113.4935 109.4708 110.1554 110.7562 114.6676 111.8059 109.6505 113.6732 110.8357 109.6004 108.4905 111.8092 110.5240 114.3100
103.5400 104.5420 105.3984 105.8705 103.4134 103.5857 105.9108 104.9701 105.9477 106.7953 106.3747 105.2688 106.4119 107.1931 107.0525 105.9870 107.2410 106.4384 106.3303 112.4926 112.9584 109.4818 112.7741 108.5572 109.3847 109.0851 109.5918 111.0055 113.7651 110.0248 112.4263 110.2962 109.9866 111.9875 111.1175 110.0371 113.7545 110.2376 109.5230 111.0600
103.9600 105.7600 107.2400 106.5400 106.8200 106.8100 105.7500 105.6200 106.9400 107.4600 107.3600 106.1000 107.4900 106.5400 106.2800 106.9800 107.7700 107.4900 107.0500 108.1000 113.9800 113.2600 114.1900 109.2600 109.1000 109.5500 111.9500 109.8500 112.6300 114.2900 114.2900 111.8500 113.5200 110.8400 111.6300 113.5700 113.1200 109.4400 109.4000 112.1400
