109.5800 109.5200 109.4500 109.4500 109.0300 108.8000 109.5100 110.5900 110.5900 110.4200 111.2000 117.7600 117.7600 113.4600 115.7900 115.7900 118.8800 119.1100 117.5000 119.6200 119.0600 116.8000 116.8000 114.3000 115.2200 116.5300 116.1800 117.3700 120.0600 120.0600 119.9600 118.6300 119.2800 119.3900 118.6700 118.4900 118.4900 117.8300 118.2400 118.3000
109.8300 109.8761 109.6664 108.7394 108.8530 110.1635 114.6771 112.9407 110.8158 111.1604 107.8998 110.4908 110.8647 115.9276 115.6688 115.6366 114.4224 118.4205 117.8658 114.3654 116.3334 116.2751 115.4323 113.6783 116.2558 115.4233 116.9201 117.4701 118.2355 119.5350 118.9519 117.4577 118.6536 117.9548 119.3264 117.8815 119.1154 118.6943 119.0873 119.1200
109.2800 110.1673 109.4927 109.9223 108.7567 111.8753 114.3518 109.9861 111.3201 108.6163 110.5211 110.1002 111.0301 113.1684 114.4944 115.1704 112.9266 117.3205 115.9659 110.7276 114.7206 115.9843 115.1720 113.5584 115.2333 115.7642 115.8187 117.1908 115.8886 116.5513 116.5941 117.4483 118.4033 115.2678 117.3943 118.5442 118.4858 119.4773 119.0732 118.4800
111.3500 109.6304 109.9053 109.2786 112.2893 111.2987 110.9040 112.7286 113.4297 115.0715 113.3167 113.8684 115.7590 109.6709 114.9066 115.2310 110.7190 115.6969 116.2210 108.8777 109.9282 112.7060 112.0154 113.1413 115.8819 113.5448 114.5924 116.2084 117.5238 117.1652 112.3637 112.9315 116.0753 114.8520 117.0182 118.6952 118.2865 119.7317 118.7230 119.0300
111.5800 111.9442 110.9201 109.0904 109.7278 109.5990 110.6386 115.3785 114.0111 114.4040 112.2789 112.7600 115.0261 111.3270 114.9247 112.5023 108.0097 111.0172 112.0012 106.0230 113.6041 113.3036 111.5963 109.7396 116.0596 114.3639 112.8266 117.2448 115.1872 117.4004 111.6999 112.0010 115.1694 115.1638 116.8082 116.3869 118.0323 118.4292 119.4272 120.0000
112.2500 109.7953 109.4191 108.4486 109.5743 109.8874 110.0791 116.3674 113.5776 109.5110 113.1061 113.9250 108.0903 110.5501 111.1767 108.8152 108.5843 111.3558 106.8414 111.4387 112.5790 114.5686 113.3612 107.7815 108.8118 110.6416 113.1343 115.1647 113.9862 113.5084 113.2876 116.3840 113.7981 114.0397 115.5273 115.9554 117.1442 116.9599 118.5479 117.1300
112.2500 109.5529 111.0036 112.5417 109.5951 109.4606 109.5733 112.4432 112.5292 109.4631 108.2903 107.6941 109.3604 110.2542 108.0553 108.2173 107.5729 108.2522 105.7586 106.6515 117.1382 115.3314 113.7840 108.7301 107.2759 111.4495 115.3040 110.7823 115.9450 114.7906 114.3960 116.1032 114.1859 114.5908 114.4530 115.5081 115.9595 117.0062 117.8663 117.1300
109.3500 112.6076 108.0397 112.3160 109.2876 109.7604 109.8758 111.2101 113.0575 113.5538 111.0455 112.8710 111.4664 112.4239 111.9270 107.7003 107.5967 107.7380 114.0800 114.8170 116.6774 113.7990 111.2758 108.7547 108.6437 111.5210 112.9332 112.2723 111.8238 112.3478 112.2851 112.8437 114.0670 115.2877 112.5036 116.8114 114.8161 115.1951 115.1343 115.5300
113.4900 113.3473 107.9793 110.2213 112.3828 108.8410 109.7850 109.9021 108.9964 114.4237 111.5024 109.3035 109.8153 111.0887 110.0921 108.5243 107.7261 109.2127 114.0323 113.1248 110.5050 111.1527 108.7973 108.2741 113.6132 108.2354 112.2624 110.9149 112.2623 111.2991 112.4138 112.9511 107.8278 111.6262 112.7096 111.9237 113.1738 113.9244 113.8124 113.4000
115.3500 112.8218 111.2108 114.2604 113.9712 109.9893 108.9277 108.3650 108.8780 109.2492 110.0078 109.4079 113.6413 109.7230 109.1115 107.3230 106.8192 112.0093 112.8709 109.1760 114.9513 110.8671 108.7142 107.5060 109.8280 106.9353 114.1070 112.3277 113.3183 112.9157 111.3288 110.3894 110.3568 108.8479 114.9930 114.4544 111.1882 112.5782 112.6383 113.2900
113.2200 112.5657 109.9348 111.1769 113.7631 115.0787 110.4178 109.0901 108.7232 108.1468 106.6823 108.0596 108.5551 107.4717 110.4066 109.0755 107.6799 113.7335 109.4404 110.5373 107.7884 110.7446 108.2655 108.1289 114.5590 111.0471 112.9257 111.4389 109.0392 112.6320 110.4995 108.9611 110.8303 113.9326 114.5456 113.4683 109.9462 111.2621 111.2837 109.3400
113.2300 110.8675 114.8356 113.5534 109.7670 113.4337 107.9176 109.3278 109.3354 109.1223 109.1440 111.2885 108.1523 108.3357 108.4147 112.0924 107.6182 107.6174 109.0517 109.7675 113.6086 109.8930 108.0965 110.2340 111.4254 111.3459 112.5491 111.5098 108.3112 107.4758 108.1088 114.3608 111.2803 115.3193 113.8153 113.4082 109.1550 108.6673 109.1296 109.0200
109.7700 112.1943 117.3221 115.0285 114.8052 113.0805 111.2771 108.6140 107.7110 108.4197 107.8832 108.9813 107.9948 108.3734 109.5023 114.4743 110.1116 106.7448 106.9348 108.0997 112.6763 109.8112 107.5206 107.3521 108.6053 108.5791 110.0217 108.6908 107.8738 107.2015 107.8711 112.9495 113.2744 112.0797 114.0948 108.1726 108.6071 108.9219 109.1350 109.4000
115.8700 116.7630 114.8669 115.9090 110.2942 111.7208 109.8257 109.1719 108.6158 108.0651 107.3803 107.1225 107.5489 107.4167 111.8548 107.6397 105.7410 106.4821 106.3617 106.2854 105.6390 106.7167 106.8742 105.5799 105.1180 106.8940 106.7527 109.8397 106.5780 106.9485 107.8626 113.3991 109.0362 110.5947 110.1434 108.3429 108.6861 108.7632 108.3542 108.4200
113.5500 116.1303 112.4391 114.8355 113.5495 112.6463 107.3962 107.9884 108.5967 107.3613 107.4086 107.8115 106.9374 107.2136 107.5991 106.6100 106.5911 107.6793 107.0117 105.8370 106.9575 107.3185 107.1893 106.9705 106.3774 106.1176 107.0355 110.5370 107.6542 105.5313 107.3614 110.2750 110.9827 110.9196 107.0013 107.6886 108.1247 108.3416 108.2741 108.4200
113.5500 113.3942 115.7547 113.2559 110.1454 113.0280 110.8856 108.0623 107.1558 107.1674 107.2237 107.9839 107.2466 106.1601 106.8042 107.1659 105.7318 109.8128 106.9768 108.3410 105.9292 105.4248 105.7318 106.9545 106.8277 105.7521 106.0449 105.9141 106.7698 106.5788 107.1701 103.9794 109.1328 107.4015 107.2381 108.0075 107.2714 107.4526 107.1668 108.1600
111.8500 108.8388 108.0325 109.6617 110.7136 111.4533 109.6091 107.5788 106.5269 106.8910 106.5661 107.0198 106.9938 106.6428 106.4121 106.3408 106.6870 106.6224 108.9109 105.9929 104.4601 107.8313 106.2277 105.9772 106.1866 106.0397 105.8135 106.8532 106.9317 106.3437 110.2779 106.2967 107.3511 106.9103 106.5914 110.4530 108.5000 107.3180 108.0525 112.8600
111.8500 112.8774 109.9597 107.9185 111.2972 114.3008 114.7074 106.6112 107.2081 107.5901 107.1659 107.1040 106.7201 105.8646 106.8692 106.3007 104.9287 104.3994 106.0982 106.2403 105.0878 108.0467 106.4141 105.1878 105.4826 105.3444 106.4681 106.0243 105.9416 105.3457 106.4519 105.8456 107.1123 107.2364 107.4865 110.9295 107.7300 107.5506 109.5613 112.8600
108.4200 110.3585 109.8830 108.2306 108.2230 109.0924 109.5559 106.3170 106.3726 107.6014 107.3795 107.0496 106.6951 105.1709 106.4122 104.7000 104.4637 104.2196 105.7189 105.4648 105.1584 104.6754 104.7015 105.2293 105.0394 105.8632 105.0109 105.4548 105.6276 105.7442 106.4970 106.6795 106.9350 106.6020 107.3809 107.5091 109.9546 111.7252 108.4015 108.4100
111.8600 108.3294 109.3106 107.2499 107.4085 108.1686 107.8469 112.6845 105.1323 106.9231 105.9511 105.1866 104.7826 105.7276 104.7869 103.9418 103.6520 103.3416 104.2230 103.3294 102.4996 103.0751 102.7600 102.6031 104.2327 102.8853 104.1772 105.4440 103.2077 104.4593 104.6432 105.2393 104.8325 106.7696 107.3785 107.6580 107.9811 107.2884 111.1948 113.4100
108.3400 107.9850 107.6629 108.6349 108.1750 108.2230 107.4417 106.3712 106.2658 105.9185 106.0843 106.3456 104.2763 106.0190 103.8587 103.9015 104.4411 102.8823 102.3171 102.0795 102.0242 102.2268 102.3628 102.4038 102.3419 102.3670 102.7800 103.3851 102.5657 104.0786 105.1585 106.2221 105.6049 105.4142 105.2561 106.3022 107.3138 105.9809 113.0407 108.3800
107.6000 107.9919 107.0915 107.9266 107.7295 107.5578 107.6970 105.9508 107.6090 105.9542 106.1621 106.3102 104.3791 105.3770 102.8444 102.8031 102.4179 102.0548 101.7279 101.3009 101.0081 101.1680 101.2589 101.4169 101.6010 102.0054 102.2619 102.4147 102.6233 104.4980 104.5634 105.7444 105.5250 105.5848 105.8086 106.7461 107.4601 106.0376 106.6240 106.9700
107.7700 108.0086 108.0024 107.8096 107.3140 107.5681 106.4322 106.1905 106.1648 106.3711 104.5884 105.2135 103.8511 104.6977 102.6579 102.4132 102.0501 101.5244 101.0907 100.4142 100.3222 100.1657 100.1523 100.2841 100.5304 100.8116 101.2067 101.8053 102.5137 102.7666 103.3267 103.9408 105.0350 105.4874 105.0598 105.7799 107.2019 107.0963 106.5389 107.7800
107.8300 107.9755 106.9726 108.0147 107.6825 107.4946 107.0704 105.6044 105.0170 105.9322 105.4798 104.5278 103.0468 102.5741 101.9935 101.6008 101.3020 100.7549 100.4983 99.4247 99.0322 98.7903 98.7708 99.3566 99.9195 99.7296 100.3537 101.0044 101.8415 102.3033 102.8320 103.2013 105.2621 105.5092 106.2826 106.2958 106.6005 107.0580 107.3592 106.9100
108.3000 108.4538 107.4157 107.0306 106.9922 107.1404 107.0912 105.4437 105.5223 105.4119 105.1158 104.4192 102.6743 102.1426 101.3635 100.9120 100.4821 99.9059 99.3807 98.0977 97.6109 97.0292 97.0026 98.5146 98.6361 99.1335 99.5902 100.1075 101.3312 101.7183 102.1392 102.9949 103.6441 105.9522 106.0183 105.8509 107.0338 106.7634 106.9666 107.6300
108.9400 107.4750 107.6375 106.9829 106.7424 107.1928 105.9571 105.3448 105.6837 104.3398 105.5677 102.8500 102.3211 101.5294 101.0175 100.3342 99.7266 99.0735 97.8801 96.9335 96.2677 96.3069 96.5724 96.1007 96.4910 96.9951 97.6351 98.9338 100.4625 101.4592 101.8249 102.2672 104.3164 104.5021 104.7456 105.4664 106.4760 106.7716 107.8333 107.5100
107.6300 107.2764 107.6519 107.1785 106.8093 107.3987 106.5016 105.6418 105.5241 103.6369 104.0986 102.4832 101.9127 100.9963 100.4470 99.8782 98.9594 97.4336 96.0881 95.0169 93.6380 93.2653 93.2767 93.0685 93.6932 95.8525 97.1483 98.1217 99.8120 100.4080 101.2155 101.7874 103.2812 103.1283 105.6816 104.8519 105.6290 105.5458 106.1841 105.7700
107.2100 107.5914 107.8783 107.3313 106.9613 107.0304 105.4997 105.8372 105.3537 103.6272 102.9809 102.4220 101.6897 100.8956 99.7342 98.2828 97.0165 95.6531 94.7569 92.5060 90.1789 88.7719 88.9673 91.1192 91.4730 94.2162 96.1047 97.0257 99.1250 100.3549 100.7936 101.6336 102.1713 103.1904 104.6586 104.0454 104.7937 106.2447 106.1416 105.7700
107.0500 107.1325 107.9030 107.8995 107.3138 106.7389 104.6455 106.1615 105.3276 104.0701 102.9542 102.1586 101.4048 100.5714 99.8754 98.4424 97.0004 95.1282 91.7713 88.8967 86.1058 84.2488 84.4042 86.2402 88.1331 91.4480 94.9369 96.2416 97.8864 100.0134 100.9372 101.5251 102.3003 103.1173 104.0155 104.6057 105.6913 106.6009 106.7484 106.6200
108.1400 107.1959 108.4053 106.2677 106.3512 106.0258 106.0053 106.0329 103.6066 103.4965 102.7489 102.0342 100.9225 100.3179 99.7683 97.3491 95.2391 93.5271 90.2571 85.5210 81.0897 78.5100 79.0532 82.0934 86.0921 89.1783 92.7178 95.1227 97.5862 99.5657 100.3448 100.9032 102.0526 102.6651 103.9006 104.5821 105.2662 105.5055 105.7462 105.8600
107.5700 107.0732 107.5929 108.1242 106.7037 106.0075 105.1950 106.2475 105.9156 104.4783 102.4363 101.8016 100.7778 100.2429 99.4119 96.4565 95.2878 91.5997 87.0805 82.6481 75.6320 70.3259 69.4002 78.0768 84.2241 88.0197 91.6133 94.7268 97.1937 99.2011 100.3317 100.8999 101.9615 102.7545 103.3680 103.6580 106.2561 106.6674 105.8981 106.9800
107.7300 107.3802 107.6642 106.0145 107.3684 107.1915 106.4010 105.5436 103.7024 103.0635 102.5906 101.4986 100.9062 100.2935 98.8403 96.6502 94.9617 91.4684 87.3651 81.9341 73.1262 64.2391 61.5745 71.6333 82.6218 87.6310 90.8828 95.3172 96.3465 98.7226 100.2018 101.1492 101.6358 102.7865 103.6319 105.3615 104.1737 106.1941 106.3741 106.9700
108.0700 108.1088 107.1056 106.3498 107.2155 106.0914 106.9195 105.8316 104.0722 103.3793 102.5400 101.6056 101.0339 100.2863 98.7658 96.7282 94.8739 91.9970 87.6704 82.7146 74.5215 67.5379 67.0840 74.6544 82.3494 87.5339 91.2719 95.0110 96.3149 98.6042 100.2277 101.2241 101.6382 102.6622 103.2805 105.4815 104.8104 106.1500 106.2950 106.9700
113.0000 105.9887 106.2760 108.2643 106.1135 107.1842 107.1100 105.3768 103.7570 103.2887 102.6456 102.0675 101.1233 100.0686 98.8077 97.0981 94.9796 93.6547 89.6145 85.1760 80.3710 75.6642 76.0681 80.6433 84.6923 89.0868 92.5481 95.0630 97.5975 98.6088 99.9165 101.0644 101.9725 102.5432 103.3990 105.2782 105.7804 106.0013 106.2966 105.7900
106.7700 106.7595 107.9921 108.7087 106.0860 106.3210 106.7817 105.2249 105.4955 103.6269 102.6806 102.0981 101.2975 100.2418 99.8326 98.0128 96.3765 94.6325 91.9552 88.1353 86.0078 83.6809 83.4862 85.7600 88.5943 91.8748 93.5110 96.1408 97.6555 99.2766 100.5465 100.9523 102.3262 102.7739 105.3526 105.6869 105.3070 106.3185 104.9662 105.7200
110.4700 107.8557 108.0250 107.2378 106.8268 106.5388 107.2017 106.6053 105.2902 103.5756 102.7145 102.2280 101.4680 100.4933 100.1613 98.5614 97.6838 95.9434 93.6056 91.5256 89.5134 88.3624 88.0732 89.0348 90.8289 92.9451 95.1863 96.9499 98.4403 99.9284 100.8867 101.4812 102.3509 102.5889 103.0636 105.2469 105.9720 106.7687 105.3764 106.2400
107.7200 107.4905 108.4488 107.8199 107.4570 107.4923 107.1805 106.4025 105.0138 105.4873 102.9854 102.4965 101.9764 101.2147 100.3566 98.9608 98.1588 97.4357 96.1772 94.5487 93.6908 91.8915 91.7239 92.0655 93.9174 95.2591 97.1380 98.3784 99.2080 100.5505 101.3718 102.0228 102.6548 103.0768 106.3515 105.8187 106.3490 106.3051 107.1194 106.0600
108.4400 107.8214 106.7898 108.3341 107.9953 107.6776 107.2718 107.0277 105.6069 105.1271 103.3439 102.6756 102.3961 101.8786 101.0520 100.1959 99.2534 98.3448 97.9220 96.6872 96.0064 95.4446 95.5747 95.5227 96.5329 97.8108 98.5300 99.3445 99.9122 100.9427 101.8789 102.5066 103.0405 103.8657 104.5168 106.2381 105.7875 105.6894 105.0148 109.1900
108.0300 108.6598 108.3608 108.2638 107.9269 107.7658 107.3875 105.8119 106.7044 105.3008 104.8944 103.3038 102.7992 102.1253 101.7201 101.1825 100.3290 99.4417 98.9510 98.5686 98.1158 97.9429 98.0167 97.9975 98.2083 98.7982 99.5187 100.0508 100.9645 101.7062 102.2199 102.7030 103.3225 105.2724 104.9165 106.7506 106.1544 109.1041 105.5777 106.5400
108.0300 108.3300 107.1500 108.2000 108.2300 108.0700 106.0600 106.8400 105.9600 106.1100 106.2800 103.8200 103.0500 102.3800 102.2300 101.7500 101.2300 100.5300 99.9800 99.4000 98.4300 98.4800 98.4700 99.5000 99.0200 99.7500 99.7500 101.0100 101.6700 102.2300 102.6800 102.9800 103.4900 104.3400 105.3400 105.7400 106.7400 106.9700 106.6100 108.3300
