98.0800 98.0800 96.3500 94.7300 94.7500 94.9400 96.4900 98.3100 98.7900 98.7900 99.7800 100.8600 101.3500 103.9000 103.5200 105.2300 105.6000 105.7200 106.2400 106.2000 106.6700 105.9400 105.4100 108.5300 109.6300 109.1400 108.4400 106.8600 112.4600 113.4200 116.4300 117.5600 117.4200 118.0700 117.0900 116.5300 116.1800 115.7900 115.3200 114.8500
96.2100 95.8376 94.6811 94.4773 93.8306 94.4116 95.9662 96.4311 97.1717 98.0031 99.0443 100.0206 100.8731 101.6816 103.5679 104.5533 105.0034 105.7292 105.9685 105.3274 107.2702 105.8643 105.4789 107.0294 107.1046 107.9046 108.1443 111.3604 112.4682 114.0535 115.7972 116.4758 117.4856 118.3034 117.7525 116.8413 116.7331 118.2468 115.0732 114.7300
93.9100 93.7479 93.7666 91.9299 91.4082 90.9505 92.4523 94.4933 95.6130 96.5783 98.0081 99.1041 100.3097 101.1416 102.6871 103.0115 105.2395 105.5742 106.0858 105.4083 106.1387 105.8424 106.2519 106.1629 106.7584 108.0777 109.4796 110.8908 112.4780 114.0764 115.8581 116.6843 117.5821 118.1950 117.9167 117.4231 116.7214 117.3748 115.2269 114.9000
93.4400 91.6711 90.4052 88.3552 87.0232 87.6222 89.4693 91.1055 93.6085 96.2575 97.7469 98.7609 99.9128 100.7814 101.6666 102.5225 104.1608 104.8909 105.9969 105.7402 106.3517 105.3102 106.3029 105.8923 106.4189 107.6661 109.1644 110.7150 112.2390 113.8970 115.5497 116.9140 117.5250 118.1201 118.4233 117.6937 117.2895 116.3143 115.5759 115.0100
90.9800 89.7005 86.4203 83.2454 82.2336 82.7118 85.8596 89.5586 93.2030 95.1932 96.8342 98.2059 99.3824 100.4959 101.3654 102.8368 103.7474 104.4750 105.6243 104.7360 105.6669 105.0737 105.7660 104.9278 106.1649 107.4840 108.9434 110.5143 112.1516 114.0298 115.7180 117.4948 118.7498 119.3259 119.2858 118.4707 117.5012 116.4872 115.6556 115.0900
92.3800 87.2823 82.1724 75.2698 71.6291 75.4854 81.9576 88.3347 92.7006 95.0462 96.3971 97.5696 99.0722 100.6419 101.0822 103.1374 103.6791 104.8087 105.2523 105.2466 105.7032 105.6487 108.0634 105.5051 105.9495 107.3647 108.7638 110.4129 111.6474 113.5301 116.0591 116.9558 118.2446 118.0730 118.5041 117.9294 117.0902 116.1743 115.4541 115.0500
86.3800 84.1118 77.8375 71.0078 65.9875 67.8502 78.5608 86.0630 90.3890 94.1464 96.8156 98.0612 99.4116 100.4884 101.3141 103.1082 103.5646 104.2152 105.1319 105.9343 106.1642 105.7053 107.8558 105.8033 106.5749 107.3645 108.7140 110.0887 113.2506 114.1673 114.9237 116.6219 116.2385 116.9397 117.9133 117.6082 116.6104 116.0982 115.4086 114.8500
86.4000 82.9738 75.7772 68.6968 63.6378 66.1578 77.8544 85.5112 89.0686 93.5979 97.1443 98.2019 99.6894 100.4102 101.4621 102.0351 104.0819 103.8667 105.0414 106.0524 105.5527 105.2419 106.3378 106.2039 106.8388 107.5053 108.7526 109.7050 114.8350 115.5494 115.1100 117.0603 116.4325 117.2784 117.9258 117.5697 116.6457 116.0518 115.4214 114.8600
91.5100 84.4391 79.8052 71.7875 66.3911 69.3653 79.8179 85.9759 90.5682 94.0160 95.9677 97.9854 99.5340 100.2377 101.6654 102.5066 102.4092 106.3200 105.3911 106.0846 106.5699 105.3399 106.0220 106.9641 106.7082 107.2523 108.7230 111.9156 114.0024 115.2033 113.6707 115.5919 116.1419 117.2884 117.9790 117.3508 116.7568 116.1459 115.4769 114.9100
91.0500 87.3153 83.1906 77.8908 75.7823 82.1506 83.4384 88.2969 91.9090 95.0834 96.6196 98.4286 99.5464 100.3188 101.7506 102.4186 104.6400 105.1753 105.4327 106.2210 106.3242 106.5437 106.7500 106.7522 106.0344 107.5123 110.2898 114.6909 112.3205 115.3501 116.0125 115.8882 115.8549 116.7468 117.3833 117.0489 116.5580 115.8611 115.2685 114.8500
95.2100 91.0060 87.9339 85.5580 84.3522 85.3998 86.9581 91.5169 94.3615 95.5266 97.4645 98.8921 99.8494 100.5950 101.4752 103.3069 105.2108 105.5093 105.1872 106.0865 106.2814 110.8726 108.4323 105.5263 107.1956 107.6160 107.7393 114.1825 112.1182 115.7710 116.0795 116.2819 116.9199 117.9057 118.8593 117.5097 117.6588 115.9182 115.3275 115.0500
94.4400 93.3905 91.1777 89.9993 89.6872 89.9583 91.8104 94.8697 95.5019 97.3306 98.7690 99.5996 100.7866 101.2958 102.0183 104.6475 105.1461 105.3371 105.1116 106.4937 105.0515 110.0750 106.1236 107.6123 107.7813 110.7241 111.2535 109.8545 113.3512 115.5262 116.2575 114.2140 114.6276 117.7056 117.9254 115.3464 113.8893 116.2917 115.2324 114.9300
96.5100 95.4206 94.2001 94.5269 93.8566 93.6124 93.9704 95.8322 97.1567 98.8672 99.7435 100.0268 100.8488 101.8284 102.8364 103.6019 104.5804 103.8791 106.1792 106.4032 106.6309 109.2691 106.2326 106.7295 112.9457 112.7396 110.7853 110.8799 112.9185 115.6376 116.7763 113.8938 117.6229 118.1017 118.1821 114.6006 113.1610 114.3239 114.7615 114.9300
98.2500 97.0762 97.0863 96.5093 96.3758 96.2192 96.3312 97.3910 98.4244 99.5972 100.3948 100.7217 101.5975 102.0507 104.5306 107.3381 105.0115 104.6400 106.4474 106.0648 105.4650 105.2575 104.8615 106.7312 112.1284 113.4598 110.8544 108.8277 114.6061 116.3292 113.7911 113.3126 117.2738 118.2536 118.1292 116.0523 115.0383 115.3676 109.6602 116.8900
99.5900 98.7401 98.7238 98.3856 98.1357 98.8599 98.2918 99.1666 99.9056 100.3841 101.3251 101.8642 102.2186 102.7174 103.0382 107.9178 105.1617 105.7325 106.2819 107.5942 106.3748 108.3373 110.0211 109.6681 109.0704 110.9304 111.5936 108.7030 111.5975 114.4003 114.5753 112.2166 116.8089 119.0006 116.8406 118.0741 111.8667 112.9691 112.0690 109.8800
100.1000 100.1746 99.8495 99.4889 99.5458 99.8138 99.6846 100.1947 100.8220 101.2101 101.8894 102.3348 102.6313 103.8954 105.0911 104.6071 105.1804 106.6006 106.7699 106.0887 105.6505 107.3674 108.2578 107.7206 107.2997 106.8630 110.1059 108.7568 110.1243 113.9083 112.0550 112.8636 111.3729 115.7452 113.1957 114.3267 111.2321 113.0462 108.8758 109.1200
101.0600 101.0926 100.9877 100.5901 100.6261 100.8515 100.6879 101.3340 101.4782 102.0492 102.1552 102.6573 103.0476 103.8313 105.7982 104.3117 105.7595 107.1335 107.1241 106.8092 107.9126 107.0274 108.4869 110.9895 107.0410 107.7198 108.0805 109.2043 108.2976 111.5675 111.7873 114.7857 107.4700 108.9084 113.1108 109.7955 114.8525 112.2323 113.3200 116.2000
102.3200 101.9967 102.0220 101.6548 101.6831 101.8067 101.7888 101.9103 102.1144 102.4277 103.1432 105.0099 103.4193 104.4475 104.9153 105.4144 106.4238 106.6471 107.0415 107.6413 107.7224 106.5801 107.1698 109.7654 108.6365 114.5557 107.9139 108.6616 108.5786 114.6968 112.9368 114.6749 107.8195 108.9277 109.9949 110.4228 118.2748 111.1223 112.4804 113.1300
102.3200 102.6255 101.9113 102.0226 101.7739 102.4279 102.3723 102.6067 104.5172 103.4287 105.1091 103.8543 104.3453 105.8085 104.7827 106.4053 106.9309 105.9814 107.1854 106.9294 107.6288 106.9685 108.1295 107.9172 108.5597 109.6424 112.7844 116.1229 114.4523 115.1986 114.9423 114.9085 109.9028 108.0640 108.3518 111.7176 112.9502 112.2736 112.9135 115.9300
109.8100 107.6452 107.6918 104.4462 107.5097 103.5074 102.9498 105.1106 104.9999 104.0949 105.4197 104.1664 105.2448 104.9481 106.0721 106.6487 106.6188 105.7546 106.3283 107.5309 108.0038 107.9085 108.6671 108.7726 108.6502 109.7937 114.5212 114.3462 111.2144 117.3994 117.3842 117.4368 110.8422 111.7129 119.9016 116.8245 111.7596 112.7806 110.3558 115.2100
106.3200 104.4347 105.4573 110.6092 110.1944 104.9051 104.2792 106.0377 105.3868 106.0738 104.2308 104.7504 105.7732 105.0564 106.7831 106.1119 106.7887 107.8233 106.5793 107.1724 108.1678 107.1746 107.9006 109.5436 108.0945 108.3706 109.8567 113.7942 114.9438 111.0281 110.1681 108.6742 112.3099 115.0184 116.5917 117.2794 117.5777 116.4198 112.4678 113.2000
106.3200 104.8158 106.4776 106.3113 104.0131 106.7577 104.2064 105.1278 105.3010 105.8478 105.2731 104.9051 105.6705 105.5482 106.9164 106.4754 106.9294 106.6713 106.6468 107.6701 107.5579 107.3437 108.8199 108.4874 108.8494 108.4143 109.1058 110.4932 111.2548 112.6076 114.7010 109.8534 109.8959 116.6089 112.7037 118.9692 116.9540 117.4309 111.8317 113.1700
106.0100 105.8327 107.3309 105.6857 102.8399 109.2157 105.7475 105.4402 106.0644 106.5518 106.5596 105.3448 107.4652 107.4268 107.2790 107.2509 107.5105 107.0816 106.7711 107.9016 107.3293 108.7312 108.7027 109.0596 110.3430 109.8644 112.5040 109.3430 110.2331 115.8941 115.6082 116.5820 116.1413 116.7557 114.8263 112.8944 114.6280 119.0135 110.1179 111.4700
105.7000 106.7868 107.4311 113.0213 112.3376 105.9277 105.9103 105.5229 105.9454 105.4046 106.2884 107.1655 106.7757 107.1813 107.9712 107.4661 107.2132 107.0453 108.2481 107.4053 108.0709 109.1136 110.1792 111.4473 109.0505 111.8832 115.0951 110.9742 113.0067 114.9532 114.8445 115.1636 112.6588 115.2417 113.4950 111.8991 116.4497 116.0852 110.8763 111.4700
105.8000 106.5598 106.5538 112.2389 114.1526 105.5283 106.6872 106.0149 106.4247 106.9396 108.9037 108.6078 106.6911 110.0341 113.5333 106.9269 107.9057 107.5177 109.0958 107.8972 108.5294 108.2990 110.1272 113.1739 113.1118 109.8274 112.5535 111.8728 112.0234 110.7369 113.3829 112.8984 113.8562 116.2700 113.7127 110.6259 115.8671 111.3579 111.6727 110.5900
109.6600 111.9658 109.4115 106.2661 105.8681 107.4501 107.2782 106.5430 109.7598 107.2316 111.8966 112.4792 106.7007 113.1449 110.2517 107.7839 108.1257 108.2127 109.1855 108.3213 108.6955 110.0351 109.6384 109.4439 111.1160 112.1572 112.8974 112.6393 114.3723 114.3828 114.0222 113.8062 113.1057 113.5312 110.1330 111.1750 111.9641 113.1786 110.2168 109.4300
107.0700 110.1964 109.6102 114.9715 111.7369 107.3841 107.9493 106.6215 111.3956 108.5358 111.6812 113.3051 107.8853 108.5254 110.8639 110.8572 110.2644 108.3689 108.6173 108.1116 108.7461 110.1096 109.9848 112.0498 110.1344 110.0361 111.5798 113.8134 115.8944 117.8379 112.8590 113.0432 108.2960 111.7719 112.7098 114.9248 111.4231 113.5256 110.0872 110.9500
106.1400 106.2145 112.5698 108.7518 107.2891 107.3589 108.0614 107.7160 109.7444 113.5803 109.0677 110.7722 111.9413 108.8138 113.3743 112.2820 108.8386 107.6392 108.3886 108.2414 108.9736 109.4117 109.3962 112.2292 111.2338 109.7228 114.9188 114.5018 116.6719 114.9557 112.7752 113.0377 111.8560 112.4539 113.9383 113.8253 111.3861 112.7024 111.2587 111.2400
114.6000 106.3512 111.9613 112.4895 110.5888 107.1195 108.6644 108.9598 110.4806 112.1970 110.9301 107.6214 111.8118 109.0586 111.2425 113.6555 111.0444 109.7515 112.0471 108.4332 109.2801 109.4054 110.4611 110.6107 111.1608 111.5914 114.9440 115.6127 116.5577 116.8158 111.4198 112.3026 112.1923 115.7997 112.6239 109.3587 112.6310 110.6975 110.5217 111.2600
113.4100 117.1460 111.2500 111.1191 110.0495 108.0580 108.2921 107.8704 110.7327 108.4795 114.8483 108.8235 112.4732 114.8012 111.4815 111.1197 109.9484 112.9920 113.6884 108.5937 108.5905 110.0714 109.3758 110.9492 114.0292 111.5677 114.7625 109.5149 116.7732 114.2537 116.3122 114.7858 116.2146 110.1807 109.7692 109.6243 109.3685 112.7836 111.0309 109.4700
109.8400 108.4129 104.7343 112.2804 109.1944 108.5297 108.3624 112.7972 111.6123 112.3423 113.1324 111.6533 111.4286 115.4651 113.3777 110.0275 114.4800 115.3935 116.5913 115.2547 110.7927 110.1342 110.0333 109.7189 115.1474 111.4969 111.0389 109.9324 114.6286 115.9300 115.7743 112.4224 112.0321 110.1902 109.6088 109.8754 109.2684 110.3893 110.4304 110.4000
111.1200 107.7785 107.0016 107.1772 102.6491 108.6137 108.5014 111.8005 112.4571 111.1508 109.6499 115.2958 111.6349 114.9014 112.2809 107.1844 113.5623 116.1484 113.7326 112.1135 110.9961 112.9890 110.0811 110.2135 110.5186 112.5218 113.1067 111.6757 112.9265 116.4258 118.6230 113.9630 116.3442 112.0960 109.9126 109.5822 110.4312 109.8865 110.3073 110.5600
111.1200 113.4259 109.2328 110.0029 111.9094 108.8589 108.7285 108.8488 112.2178 108.7692 115.9270 111.7581 112.5485 115.3231 110.4547 115.8225 111.1363 116.5473 116.1525 113.6909 116.2166 114.6670 111.2548 110.5554 110.5442 109.4649 108.4789 110.8784 110.4654 114.8415 117.2212 115.3441 111.6809 113.3544 109.4975 109.0451 109.7124 109.8881 111.5344 109.8700
114.3300 110.7600 114.1486 109.6041 109.0334 111.3420 109.6503 111.3509 108.2006 110.6507 117.2876 114.2877 114.1780 116.1206 115.7853 115.8159 113.1596 110.5760 117.4101 116.2941 114.5763 115.6867 114.4649 110.9407 109.6990 110.8118 109.8750 108.2380 110.5159 109.6455 113.7589 114.4609 115.0688 109.8284 109.5571 110.2218 110.8148 110.7670 111.8032 112.1300
107.7200 110.4610 111.3559 110.5185 108.6859 110.8867 109.5601 111.8508 108.9841 114.7701 118.3732 114.9545 114.5877 115.7088 114.4823 112.1865 114.6385 111.9208 114.4274 116.1776 116.6250 117.4492 116.5950 110.7662 110.2584 109.9144 110.1708 109.1392 111.5473 109.5225 111.8705 108.7031 111.3857 109.6531 112.3130 112.1411 110.1378 110.1023 111.4210 112.1300
110.3200 111.4528 110.4525 108.6921 108.9253 110.2372 108.7939 110.1379 106.6649 113.6919 113.8753 117.7515 115.9359 111.3414 114.4089 113.5363 114.1137 110.3264 111.4256 115.4096 115.7416 118.0496 111.1203 110.2805 109.2768 108.8852 109.5044 109.3223 109.4071 109.8691 111.5927 109.9292 112.7113 110.9958 110.4575 111.6946 110.6962 111.0240 109.9883 110.1300
110.3200 114.0936 109.5993 108.7077 107.0900 109.3910 108.5245 110.2662 110.0193 110.3423 113.5253 118.4909 115.5966 111.0319 109.9937 115.0617 113.1612 114.6710 110.8369 114.8170 113.8219 118.3857 111.5210 111.3057 110.0270 110.4830 110.4067 109.8356 110.7665 110.0164 111.5444 112.9641 111.4288 111.5939 111.7418 110.7415 110.5513 111.0389 108.7431 119.6000
115.6100 114.1699 110.9214 111.8418 108.4272 111.0945 108.9323 109.5188 110.3758 110.4056 114.7797 118.1890 115.3140 110.8779 108.3358 113.6895 118.1556 112.3117 116.0223 118.5342 116.7089 115.4235 115.7754 111.4349 111.1534 110.9006 111.1501 110.4207 109.7341 110.2250 109.6644 113.9438 111.3022 120.9571 111.5813 110.8321 111.4114 111.4589 110.0398 120.8400
115.3300 115.2096 118.0053 112.1546 110.0623 113.6976 111.3253 109.3729 110.2611 110.6240 114.9130 119.0292 114.5923 117.9386 109.0816 109.0894 116.5558 111.7193 113.3482 116.6808 119.9674 115.9180 118.0151 116.0168 111.5043 110.3432 110.6658 110.1197 109.8641 110.4938 109.5441 110.9843 111.7652 115.3183 109.6517 114.1089 110.6321 109.6802 113.7430 116.3100
115.3300 116.5200 117.8900 111.9900 110.4800 114.5800 110.5100 109.6400 109.9300 110.0800 115.8100 117.1000 116.4200 114.4100 114.4100 114.1600 116.9500 109.2000 111.9600 111.9600 115.9200 115.9200 116.2000 112.7800 112.5500 109.0700 109.7600 110.1400 110.0200 111.0700 111.0700 109.6400 112.7800 111.4300 110.4600 110.2600 111.4200 110.4900 111.1200 116.7300
