109.3400 109.3400 108.8700 109.1800 108.7300 109.0800 111.1100 112.0600 117.3300 108.2600 108.2600 108.2500 108.4400 108.3000 108.1000 111.1900 111.2000 108.0500 106.8400 107.1700 107.1200 107.5300 107.9700 108.5700 109.2800 109.2800 111.9800 111.1300 112.2400 113.3900 114.2500 115.0400 115.8100 116.0700 116.0700 117.3600 117.2200 118.8300 118.4800 118.7200
109.2100 109.2435 109.0071 108.4055 108.3749 109.6258 112.1844 108.5709 117.4539 111.5808 107.4789 108.3523 107.9704 108.1047 107.7784 110.1954 108.2852 107.2954 106.3349 106.7647 106.7461 107.4504 107.7502 107.8355 111.6173 109.9047 112.6699 109.6009 110.5310 111.3924 112.4274 113.3440 114.3217 114.9376 115.6011 116.2395 117.9497 117.6272 118.8802 118.9300
109.1700 109.0743 109.0501 108.8462 108.3994 107.7424 112.6395 107.7634 108.9841 113.6583 106.8013 107.5199 107.4113 107.8644 107.6299 108.3199 107.6660 105.5346 107.1530 106.1017 106.3677 106.9740 107.0087 107.0966 106.6289 111.1384 109.9465 108.2733 109.0866 109.9934 111.0364 111.9125 112.8228 113.9849 114.5522 116.2918 118.1821 116.9451 118.8850 119.4100
108.9900 108.8330 108.6621 107.8143 108.3346 108.4494 107.9092 107.5979 109.1775 108.1965 105.5204 106.6352 106.8424 107.5535 107.5192 106.7749 106.5725 106.7720 106.4042 106.0590 106.0056 106.8090 106.4241 106.6092 107.2149 107.8417 111.1617 108.3365 107.8045 108.6549 109.1960 110.7317 111.5428 112.3700 113.3105 115.3907 116.6127 118.2108 119.0464 118.8200
108.5000 108.6046 108.5292 107.8332 108.2583 107.2918 107.4832 106.6635 107.7828 110.0537 107.1127 106.7965 107.0132 106.9183 106.5108 105.7818 105.7712 106.4591 106.2763 105.8066 105.7505 105.5142 106.9893 106.2494 106.3047 104.7065 111.9660 108.5084 106.0968 107.6602 110.9804 109.7856 110.3585 111.6006 113.0594 114.4473 116.0567 117.0030 118.7239 118.8200
108.4300 108.5886 108.4967 107.9701 108.1338 106.8472 107.8213 106.0879 107.2899 106.5354 107.1217 106.7053 105.6429 106.3877 106.0792 106.2440 106.2769 105.3176 105.3216 105.2992 105.7408 105.5251 107.1021 106.0016 106.9033 104.8822 109.6447 105.8652 106.8320 106.8138 110.0853 110.1777 109.7207 110.1727 111.5805 113.1694 114.3083 115.7848 117.5844 116.9400
107.8700 107.8540 107.7848 107.6700 108.0033 107.2117 107.6089 105.7351 107.0347 106.8230 105.0256 106.9517 106.0487 106.6935 105.6823 105.2176 105.4977 105.6877 105.2399 105.6353 105.8412 106.0240 107.1409 106.2385 110.8294 112.4791 106.8783 105.7016 105.0727 105.4978 108.7243 112.0372 112.6088 109.5334 112.2041 113.6255 115.5431 115.5388 115.9880 116.9400
107.8700 108.1103 108.0588 107.8015 107.6450 107.4232 106.1404 105.3410 105.5075 105.1232 106.1838 106.1184 104.5443 106.2868 104.4198 104.0845 104.3799 105.1859 104.7307 105.1933 104.9943 106.1882 105.9804 105.3382 109.4618 112.3998 105.7114 106.7759 107.6539 105.7248 107.6948 111.5782 112.8045 113.6490 113.0606 116.1652 116.7355 116.9780 114.4491 115.0500
107.5100 107.0742 107.6529 107.7400 107.4039 107.1784 106.1394 105.7622 105.9600 106.0469 106.1264 105.4760 103.1787 103.9009 104.0337 105.6201 105.1249 104.9579 105.1815 104.5982 105.2839 105.9252 105.7153 104.3939 105.5867 112.7325 111.0514 105.5297 106.8539 106.4031 105.9728 112.7963 112.7636 113.7839 110.9671 115.4371 110.5887 114.3382 114.6447 115.7400
107.3500 107.8255 107.0090 107.4874 107.1137 106.9331 105.9849 104.9380 105.3220 105.6942 104.3280 105.2337 103.6607 105.0253 104.8167 104.8533 103.9602 104.1620 104.1737 104.1474 104.3141 104.2206 105.4206 104.0737 104.4548 105.3659 107.0499 106.3471 106.2692 106.4729 112.3939 108.7921 105.8448 109.0546 112.8536 114.2649 113.2028 114.6214 113.2069 114.3000
108.5200 109.9597 106.8898 107.0606 106.1078 104.9110 106.7527 105.0166 106.1010 105.6753 104.3804 104.6042 103.0630 102.9859 102.1894 102.9001 102.9898 103.9987 102.2783 103.8333 103.0157 104.8329 105.4482 104.0385 102.2881 105.2944 106.1374 105.8399 106.9146 106.9177 114.0416 109.7464 105.2561 108.4331 111.2950 113.3960 111.9349 111.0572 112.7594 113.9700
107.3500 107.5732 106.5773 105.4705 105.7982 105.7524 106.1222 104.0441 104.7896 103.4096 104.1423 103.2675 101.9378 101.6899 101.3095 101.4957 101.1867 101.1458 102.3445 101.8502 102.3964 104.3294 103.9179 102.7765 103.2890 104.9024 104.9505 105.2912 106.1758 105.7716 106.8716 106.6506 106.1115 105.8532 112.3506 113.3191 115.1680 110.2389 114.9303 113.4300
109.8300 107.1604 106.3357 106.0581 106.1147 104.8149 103.9108 104.3090 103.5711 102.4176 102.4144 101.5274 101.2996 100.9791 100.0844 100.4406 100.4665 100.4509 101.1688 101.4841 101.6300 101.9934 102.1536 102.6564 105.2035 104.6591 104.0981 105.4512 105.9355 106.4122 109.1510 106.8445 106.2643 109.6753 111.8043 108.3096 110.7465 115.4406 114.4750 110.1600
106.9000 106.1746 106.4574 106.5818 106.5728 105.2829 104.1366 103.0757 102.4178 102.2855 101.7241 101.1369 100.3832 99.4571 98.6025 99.6728 99.6721 100.0447 100.2166 100.5655 100.5095 101.0842 101.6905 102.2912 103.4334 104.5332 105.5220 104.4327 105.6062 106.3593 107.0176 110.0550 108.0259 109.3582 112.5715 109.9820 110.9781 113.3259 111.8191 112.6200
106.6400 107.1982 105.6430 106.1135 106.0218 105.1457 103.6793 102.6239 102.0103 101.6999 100.9406 100.3462 99.2996 98.4952 97.2099 98.8476 98.7255 99.0192 99.1767 98.6525 99.5507 100.4157 101.0570 101.6538 102.1296 104.4772 104.8483 104.3426 107.9189 104.9428 111.0318 108.9445 110.6880 111.8890 112.1127 110.2477 111.1879 114.3185 112.5702 110.5600
107.1700 105.1264 106.5210 105.7136 105.4549 103.3178 102.6506 102.1216 101.5697 100.9971 100.1511 98.9962 97.9648 96.9724 95.8937 96.1438 96.1865 97.5286 97.9241 98.1663 98.6220 99.3211 100.3337 101.0667 101.6588 103.2079 103.3471 105.2866 106.6775 106.3597 108.6949 104.9544 108.2521 112.2988 109.6652 108.5635 110.5571 110.3301 111.3775 112.7200
106.6000 105.8448 105.4160 105.5464 105.4426 102.8295 102.2678 101.5711 101.0163 99.9737 98.9869 97.2242 95.7843 94.9970 94.4856 94.4854 94.3942 95.1460 96.1301 96.7148 97.0544 98.5247 99.8692 100.9179 101.2528 102.0716 102.6212 104.8478 103.9159 105.4381 105.6558 106.0262 107.0284 108.6958 108.2581 107.3828 107.9252 107.8827 109.1510 111.1600
104.3100 106.4846 104.2086 105.4181 104.7842 102.5206 101.9103 101.0686 100.3603 99.5343 97.9368 96.4540 94.0633 92.1569 91.7541 89.7976 89.6349 91.6727 93.5426 95.1789 95.9019 96.7241 99.0647 100.3583 100.9244 101.6290 102.5388 103.7546 105.3167 104.1535 105.4633 106.8907 106.2443 106.3043 107.4217 107.4155 108.2166 108.3729 109.1341 108.9900
105.9200 106.3953 105.6262 107.2357 103.5814 102.3734 101.8002 100.9397 99.9051 98.9442 97.2807 94.5081 91.6299 90.1649 88.0242 87.0092 87.0137 87.5064 90.3444 92.2228 94.8543 96.8508 98.4204 99.5377 100.4731 101.5424 102.2892 103.0714 105.0023 105.7421 105.4799 105.0814 106.4176 107.0566 107.7216 107.8134 107.9567 108.3699 107.4395 107.9400
106.4600 106.0421 106.3066 105.8070 103.1721 102.1102 101.5382 100.4138 99.5108 98.1156 96.1327 93.6761 91.6990 86.2063 85.1426 82.4693 81.2986 84.3021 87.8312 89.9383 93.7147 95.3048 97.6457 98.9599 99.9943 101.1694 102.0399 102.9244 104.3245 105.2063 106.3419 105.0375 106.2532 106.5075 106.9784 107.2708 107.9323 108.8628 108.1883 107.9900
107.2200 106.2690 105.3687 103.5052 102.7188 102.1407 100.9446 100.4083 99.1811 97.4512 95.7282 93.5698 88.8695 84.2333 82.4342 70.6250 67.6834 77.3403 86.3100 87.9423 91.5581 94.6110 97.6591 99.3528 100.3148 100.8084 101.8514 102.5638 104.6032 104.5832 105.9214 105.5153 106.2758 107.8030 106.7669 107.4228 108.5335 108.8587 107.9617 107.5600
111.5500 111.5117 104.4488 104.6245 102.7346 102.0013 100.9707 100.1522 99.0775 97.2980 95.3516 92.5800 87.3023 83.3174 75.2624 67.0359 65.9870 72.6218 81.1592 87.5548 90.9163 94.1488 96.9986 99.3119 100.1793 101.0310 102.1047 102.5172 103.7633 103.3515 105.5726 106.0758 106.6472 106.5323 106.3562 107.8462 107.0373 107.9808 108.9864 110.2600
105.7000 105.2733 105.6412 104.4365 102.7395 102.0777 100.9864 100.0966 98.9736 97.3514 95.2172 92.7113 87.9450 83.4052 75.6472 66.5402 64.7456 73.3736 83.6340 87.6434 91.0513 94.1241 96.9656 99.1902 100.1351 101.0771 102.0692 102.6257 104.0840 105.1614 105.2660 105.5737 106.7495 107.4065 105.8311 106.7123 108.8460 109.2742 107.9579 113.1300
106.6300 105.9012 105.7087 103.9357 102.9540 102.1360 101.2529 100.2382 98.9931 97.5494 95.3172 93.9918 89.8468 84.2346 81.0861 74.6931 73.5363 81.9668 86.7093 89.0974 92.5742 95.1185 97.3277 98.7891 100.0524 101.1964 102.0042 102.5749 106.2358 106.5682 107.9943 104.4886 106.5512 108.2744 107.2420 107.3937 115.2435 114.3340 109.8215 106.8800
107.0400 105.0658 105.1109 104.5340 103.5201 101.8432 101.4773 100.3564 98.5321 97.2813 96.3075 94.9727 91.2955 88.1201 84.6209 83.2028 84.4099 87.7110 88.9690 92.9984 93.5655 96.3196 97.6576 99.4101 100.5124 101.1157 102.1169 102.7251 104.0150 105.4346 109.0271 106.4982 106.3862 106.4112 112.5291 110.6123 110.0899 110.6687 109.3850 107.1000
107.0400 105.4630 105.3894 105.1777 103.4777 102.2414 101.4465 100.7218 99.1239 97.7375 96.8751 96.7484 93.0919 91.1377 88.6422 87.8887 88.0145 90.7122 92.5076 94.9760 94.9031 97.1188 98.2739 100.0084 100.9468 101.7174 102.4032 103.3791 105.0128 105.4086 105.4326 107.0555 105.0945 106.2252 110.0213 110.8506 108.2497 109.5710 108.2902 113.9600
107.1700 105.8440 105.3298 105.8858 103.4831 102.5625 101.8252 101.2152 100.1491 99.1968 98.1394 97.9904 95.3764 93.7595 93.5428 92.1815 92.6692 94.9601 95.2513 95.9783 97.2304 98.2722 99.5972 100.2990 101.3583 101.9525 102.4647 104.0711 104.7171 105.2238 105.0426 106.2367 106.6923 106.7038 106.4639 107.8756 109.9431 109.1482 109.8039 113.4600
107.2300 106.7756 105.4244 106.4280 103.5651 104.5026 102.8447 101.5994 100.9567 100.0258 99.3075 98.5312 96.9700 95.7164 95.7549 95.5818 95.7343 96.1409 97.4182 97.7091 98.4961 99.1629 100.3005 100.7039 101.4275 102.2162 102.7348 105.0012 104.4650 105.3739 105.4291 105.6958 106.1768 106.1320 106.8645 107.9358 107.0473 111.1323 107.7424 109.8900
105.6300 107.4668 106.0856 106.2937 105.3435 105.1336 102.5862 101.7447 101.5932 100.7983 100.3131 99.6069 98.8739 97.7805 97.5682 97.8377 97.4820 97.6364 97.8979 98.8933 99.5335 99.9628 100.6928 101.5329 102.0321 102.7399 103.1789 105.5443 105.9414 104.8637 105.8311 106.0003 105.9161 106.7197 106.6262 107.7099 107.1139 112.8484 111.0216 111.4000
107.3400 104.6145 104.6811 105.6188 100.7302 105.7735 103.7979 102.5689 102.1648 101.5796 101.1707 100.6408 100.0719 99.4299 99.4054 99.0273 98.9831 98.9081 99.5064 99.8560 100.3302 100.7977 101.3666 101.8907 102.3639 102.9828 104.0832 105.4058 106.6060 103.1267 106.4527 105.6374 107.3121 106.5169 107.6562 107.2890 107.6989 110.5900 107.8365 111.4100
104.9200 106.8190 106.3672 107.1197 106.3806 106.0861 105.0099 102.4768 102.6808 102.3085 101.8259 101.3424 100.8481 100.6513 100.6370 100.3403 100.2688 100.2989 100.6597 100.8166 101.1794 101.5579 102.1871 102.5969 103.0053 103.9304 103.9415 105.7364 105.8817 105.3890 107.3045 106.8089 107.1258 108.0487 108.3006 107.6219 107.4826 111.0663 108.6816 113.1200
107.1200 106.9103 107.0336 105.2434 105.3256 105.9359 104.2928 104.9940 103.8575 102.3831 101.7972 102.0193 101.6020 101.4891 101.5077 101.0404 101.0147 101.2505 101.3634 101.4813 101.9181 102.4490 102.8234 103.0830 103.8538 104.7307 105.3883 105.4975 106.8623 107.0063 106.4840 107.1981 106.8078 108.3070 108.1941 106.9278 107.6721 107.6741 112.0504 113.8200
106.1500 106.2141 106.0092 106.2334 105.9227 106.6386 106.4252 104.2343 99.2811 103.7963 102.8194 102.5567 102.2974 102.4195 102.2229 101.9111 101.9284 102.1134 102.2316 102.3945 102.7022 102.9693 103.3384 104.0380 105.9951 104.9290 105.2519 105.5927 106.7497 106.6743 106.8751 106.5952 108.2632 108.0827 107.8775 108.2704 108.0202 108.6021 110.6877 109.3700
106.6300 107.4313 106.7908 106.7038 107.3026 106.4939 106.6790 106.6425 106.4376 106.3993 105.0977 103.3319 103.0501 102.8488 102.7364 102.6693 102.6603 102.7289 102.8633 102.8354 103.4513 103.8567 104.5646 105.5830 105.5626 105.4048 105.6130 105.2069 106.5137 106.2356 106.2571 106.8807 108.1802 108.4540 108.2150 106.3948 107.9943 107.8022 107.4837 109.3500
107.8400 107.7834 106.8275 106.7428 107.3293 106.1758 105.8859 107.0405 105.7231 106.1724 104.8795 104.1940 104.4620 104.3401 103.4821 103.3947 103.3988 103.3926 104.1721 105.4568 104.9398 105.7693 105.9511 106.3265 106.1698 106.6906 105.7250 106.8397 107.0654 107.1934 106.8675 107.5916 107.9508 108.1596 108.3137 108.1666 109.6058 107.9889 108.8600 109.0700
107.8400 107.6293 107.7313 106.8871 106.5549 105.8162 105.6794 104.7672 105.0066 105.6111 104.5449 105.5019 105.6464 106.1251 104.3403 103.8359 103.9605 104.3871 105.0715 104.8697 104.1814 106.1789 105.1733 104.4745 105.2925 106.5794 107.0355 106.8222 107.3210 106.8250 107.3111 106.5503 110.6374 109.7531 111.4593 109.0744 109.3961 108.1635 108.6750 109.0200
108.5900 108.5722 108.5300 107.4202 104.9381 106.0425 105.8034 106.7033 104.9886 105.5196 104.6057 105.4203 104.8809 106.4653 106.8280 104.4177 104.7843 106.6823 106.0124 104.3995 105.5120 106.5198 105.0047 105.6318 110.4152 107.2814 108.9156 107.2737 112.1267 108.8016 109.6631 107.4628 110.7701 109.3364 108.9655 111.9672 108.6597 108.5993 108.0113 109.0200
110.0200 107.2084 107.6373 110.1612 107.5349 106.5692 105.9359 107.8280 105.0989 105.8216 106.5975 105.4963 107.0552 106.8950 106.9344 105.7496 105.5302 106.3716 105.3349 106.5583 106.7439 106.7279 106.5684 106.6672 105.3435 108.4985 112.8539 109.8862 112.9556 110.0276 111.6063 108.0555 110.5366 107.4689 113.2006 114.9301 112.8889 108.3283 107.6208 109.9400
108.9600 108.0476 106.1261 111.1615 107.4532 107.9704 106.6127 106.7030 106.5788 107.6102 106.5580 105.8200 107.3093 107.1698 107.1280 108.2351 107.6639 106.1187 105.7339 106.4772 109.0696 107.6293 106.8707 106.2169 110.2988 112.4056 111.4883 110.4697 112.7925 108.5218 114.4836 112.8677 108.1800 109.4580 112.6912 114.5452 115.0719 111.3153 109.9504 107.4900
101.1700 101.1700 111.8600 107.8100 107.9600 107.0000 106.8100 106.5900 107.3000 107.2700 106.1200 105.9400 107.7200 107.7300 107.5400 111.8200 111.8200 106.0900 106.0500 109.3600 106.0500 107.2100 106.0000 106.2200 113.3000 111.0200 111.7000 113.3900 110.5100 112.5100 114.4600 112.2300 108.2900 114.2000 116.1400 109.6500 115.3300 114.1200 109.3300 109.4400
