113.4500 108.9700 110.1800 114.2900 114.2600 114.4200 113.0400 108.4500 107.5300 107.5300 108.1900 108.1900 108.1400 112.5600 112.5600 108.8100 114.9200 112.1000 112.1700 109.1500 109.2900 110.0500 111.0600 111.0100 115.7500 115.7500 109.4500 109.5600 114.4300 114.9100 115.8800 115.9600 116.6500 117.6200 117.6200 116.5800 116.4500 116.3900 115.8500 115.2900
111.1300 111.3795 111.5946 110.7493 115.0292 113.8261 111.0302 112.3845 109.3753 107.9808 108.1568 108.0729 106.9496 106.6650 110.4746 110.1188 111.0966 111.4360 110.2326 109.3878 108.5228 108.9397 109.5536 112.3623 114.2867 110.2280 108.4685 109.6640 108.8792 114.0992 114.9352 116.1055 116.7316 116.7120 117.2108 117.4723 117.0581 118.9402 117.0569 115.9100
107.9300 108.3733 110.4834 107.1833 112.9846 116.2189 107.0618 110.6597 107.5098 107.4112 107.7141 107.8335 108.5037 106.1053 107.4760 108.6852 112.2139 110.5731 112.3705 105.6008 106.6841 107.8004 108.2684 108.9632 108.1650 108.8723 109.0322 108.8377 114.8319 114.8997 114.5248 115.9238 116.8695 117.8171 117.6038 117.2906 117.4786 118.0215 116.4390 115.8500
111.1900 110.6056 107.6421 107.0576 109.6748 114.8559 114.1075 109.9619 106.7406 106.5507 106.8343 107.5815 106.6990 106.2558 106.7382 104.8513 113.8023 111.2703 106.6449 104.9521 106.9254 107.3483 107.1391 108.3743 108.5128 108.4258 108.8520 108.6026 110.2034 114.7334 114.0512 115.5333 116.1475 117.3031 116.9477 117.7610 116.6734 116.8417 116.8358 116.8000
114.4000 108.8608 107.4398 106.8021 109.1373 113.6694 108.7022 107.0658 106.8896 106.9569 106.4640 106.8264 106.2586 106.2417 106.4515 110.6687 107.3879 107.8945 110.8560 104.9766 106.4464 107.8535 107.6163 108.4893 107.5785 107.8310 108.6062 108.7570 110.5742 114.4433 113.1560 114.8306 115.6482 115.8425 117.3735 116.5645 116.3133 115.9411 117.5584 116.8700
106.0000 106.2650 105.4405 107.3200 106.3632 109.8401 106.1143 106.1608 106.1998 106.4906 105.8618 106.0151 105.3247 105.8880 109.0350 106.5359 105.7538 105.5457 105.5515 106.5139 108.5121 108.5120 106.8653 107.1471 107.6040 107.6089 108.1985 109.8399 113.7798 113.1309 112.0088 113.4879 115.6994 114.4858 114.9195 115.9259 117.6521 118.3363 118.3587 117.8900
107.2700 114.4953 107.3943 107.3188 105.4093 106.1077 107.0315 112.2417 107.5059 106.0073 106.2042 106.0189 105.8880 105.3972 106.4747 104.7732 105.8168 107.4369 104.4584 105.6524 106.2699 106.5179 106.7361 107.3749 107.9916 108.1468 108.3524 109.2723 108.7656 114.1355 111.5213 112.2934 114.7923 114.8696 114.3091 118.6480 118.9619 115.1261 115.1509 118.8400
110.7100 113.9872 106.7031 105.7021 104.6579 105.5348 106.6197 104.3268 103.9035 105.7872 105.0434 104.3999 105.4982 106.1215 107.4837 106.0383 105.5051 106.9160 106.1704 105.0088 105.6820 106.7384 106.5898 107.2549 107.4121 107.9420 108.2725 108.3723 108.0513 110.4686 110.5634 112.2669 109.0886 115.1162 115.1118 110.6215 111.3934 109.7703 112.3938 115.0900
107.0100 107.3811 105.6488 110.2924 105.4781 105.3834 103.5861 104.1882 104.9100 105.1333 104.9083 105.7254 103.9943 104.1831 104.7026 106.0859 104.5217 104.8770 105.7800 104.7629 106.5696 106.6888 106.3144 106.7207 107.4088 107.5861 107.8428 108.4409 108.3615 111.0501 108.3126 108.7763 116.0652 113.2789 115.6437 114.0821 113.0834 116.2909 113.2996 118.1300
106.8300 106.6975 106.3052 104.6093 103.4296 105.7298 105.6575 109.9196 103.4444 105.0925 103.5395 102.8742 103.6362 104.8613 104.6457 103.3581 104.9295 104.6780 104.4566 105.1818 106.3651 104.7593 105.2614 106.5266 106.7866 107.5055 107.8128 107.7703 107.4390 108.1082 108.2323 114.2406 115.7287 111.0804 113.8841 116.3048 113.9439 111.7591 115.9386 118.7600
105.6600 106.1628 106.1283 107.2473 107.7150 104.1957 103.3322 102.4441 102.5770 102.5816 102.3271 102.5694 102.3481 102.7491 103.1236 104.1253 104.1847 104.1590 105.0244 105.6441 105.5339 106.6454 106.6722 105.4254 106.0783 107.4279 107.6594 107.7886 107.8294 107.1071 108.9671 114.6913 111.7103 114.7172 113.1805 116.8222 114.9157 111.3820 114.5854 117.6900
105.8700 104.5482 106.0732 106.5795 103.1066 102.6100 102.5335 102.2455 102.1356 101.9552 101.6309 101.4375 101.5837 101.6613 101.5465 102.4487 102.4132 104.2348 104.4185 105.3301 105.7479 105.9434 104.7718 105.7446 106.5457 107.1079 107.3505 107.5292 107.7731 109.3418 112.4791 107.7219 111.8468 112.4301 115.6730 113.4374 114.4440 114.1881 113.3331 113.5700
105.7000 104.7852 103.4779 103.2978 102.5648 102.1576 101.6901 101.4017 101.2215 101.1218 100.9229 101.0209 100.7709 100.8757 100.8271 101.1886 102.0638 102.1296 102.9009 103.4224 105.8737 105.8827 105.2658 105.7471 106.1707 107.1738 107.9347 107.5610 107.6658 107.6170 108.6184 108.7594 109.8232 110.1612 114.1374 115.3600 113.0519 108.7526 107.5826 111.0300
105.0900 104.2084 103.1624 102.6566 102.3463 101.6130 101.0500 100.9722 100.2999 100.2157 100.1544 100.0679 100.1315 99.8025 99.5412 100.0536 101.1087 101.8992 102.4050 102.8102 103.7532 105.1069 105.9652 105.4620 105.8283 105.6760 106.8044 107.1659 108.0965 108.1436 111.8511 107.3286 108.5713 112.1981 109.5194 114.1480 111.1802 111.5186 109.3779 111.0700
104.9300 104.4269 102.5316 102.0450 101.5396 100.8099 100.2711 99.8075 99.2892 99.2445 98.8567 98.6059 98.3476 98.5191 98.7559 98.9399 101.0890 101.5120 101.8252 102.2334 102.5364 103.4506 104.6084 105.9365 104.9471 106.5359 106.9921 107.1733 108.2350 107.4377 107.7610 111.1347 108.6747 113.4019 110.8710 110.4548 109.0092 111.6558 110.6378 110.6400
104.9300 102.8937 102.3040 101.4898 101.0294 100.1151 99.4139 98.1746 98.1670 97.3526 97.0719 96.7451 96.6882 96.4412 97.3785 98.1715 99.4706 100.5451 101.3681 101.8056 102.6173 104.4686 104.8912 105.2771 105.0622 106.3603 106.8432 106.9729 108.6706 108.4855 107.6110 114.4911 108.4105 113.3603 113.5292 112.5404 115.0743 114.7522 112.4434 113.5000
102.5000 102.3644 101.8038 100.9793 100.3943 99.3463 97.7660 96.8286 95.7108 95.3318 93.8997 93.6874 92.7436 94.7456 95.8450 97.0957 98.7481 99.7227 100.7767 101.5253 101.9339 103.3388 105.6563 104.5988 104.8620 105.6013 105.6670 106.9702 112.4716 108.3891 112.1512 112.2033 107.1205 109.9128 114.2866 115.4278 113.9510 113.1604 114.1300 115.2500
102.5400 102.0979 101.4203 100.4458 99.6593 98.1739 96.7276 95.1064 94.1850 93.0734 91.2358 90.7496 90.7732 91.6645 94.1679 95.8096 96.9013 98.5177 100.0579 100.9000 101.5686 102.0758 103.4882 104.8286 105.6371 105.2166 105.1120 106.3432 108.4038 107.7511 109.5501 111.4017 108.3077 105.9921 109.8628 110.2612 109.7297 113.6778 113.7821 110.5600
102.5200 101.8100 101.0496 100.1150 99.0390 97.3311 95.9491 94.5546 91.5373 88.9645 87.2151 86.5317 86.5055 88.2567 90.5231 94.5663 96.3087 97.7490 99.4667 100.2534 101.4042 102.2010 102.7699 104.8666 105.1885 105.3594 105.4876 111.2385 106.6337 107.1640 107.1221 107.5860 111.5952 112.5179 110.9271 112.8843 108.6256 109.7870 110.0471 109.5900
101.8600 101.5577 100.8929 99.6687 98.5659 95.3564 94.3003 91.4760 88.1135 85.3788 81.0296 79.9008 82.5212 85.9187 88.6033 93.5530 95.9793 97.4985 99.3174 99.8247 101.1716 101.8177 102.4757 105.5088 104.7946 106.2940 106.3900 107.6958 106.2561 107.5707 107.6129 107.4656 108.5596 109.0006 108.9873 108.3667 109.5908 109.6066 109.6305 109.6900
101.8900 101.4453 100.3238 99.0392 97.4278 96.0719 92.4209 90.3693 85.8599 80.3088 73.4130 72.7298 77.0711 83.4971 86.2831 92.3928 94.7854 96.6674 99.0352 99.7078 100.6576 101.6601 102.6866 103.3455 104.2479 105.0902 106.1841 105.9086 106.7825 106.4781 107.6019 107.7786 108.5007 108.4672 107.7586 108.9520 108.2991 109.9941 109.8690 109.6800
101.7800 101.3410 100.3817 99.2066 97.3996 95.5328 92.2773 88.9806 85.0226 75.1525 64.0272 63.7756 71.0598 80.3572 86.6013 91.3812 94.6440 96.7496 98.3373 99.7816 100.6057 101.5758 102.5903 103.2925 105.5054 106.2717 106.3863 105.5075 106.2510 107.4512 107.7942 108.0214 108.5149 107.8980 111.9182 110.4881 111.8617 114.2185 110.9465 115.8100
101.9900 101.3776 100.5611 99.3571 97.4359 95.7393 92.3358 89.0659 84.9795 75.7687 63.2257 62.0243 71.4627 82.2323 86.4858 91.3430 94.8934 96.9221 98.4811 99.7764 100.6199 101.5777 102.5532 103.7787 105.6411 106.2963 106.4882 105.9539 106.2387 107.1540 107.5840 107.8547 109.6144 110.2152 113.3454 111.4300 112.7342 114.8398 110.5735 113.2400
102.0100 101.5832 100.6753 98.8227 97.3526 96.0487 93.3305 90.3554 85.7210 80.4680 71.0243 69.9546 79.8878 84.3232 87.4630 91.8962 95.6929 98.1009 99.1264 100.0419 100.9942 101.7748 102.4704 104.9284 105.1985 105.8136 106.3806 107.0809 106.0944 107.3502 106.4349 106.4407 111.2233 111.4009 113.5387 114.0097 113.6510 116.4637 111.0288 108.3500
102.5000 101.7796 100.7566 99.4924 97.1817 95.7764 94.0040 92.0081 87.4335 83.3211 81.6564 81.2346 83.2497 86.4136 90.1908 93.5411 96.2370 98.3154 99.4991 100.6714 101.1162 102.0440 102.6556 103.9890 105.0988 104.4942 105.3186 106.2738 105.5964 107.5669 106.9981 106.9026 107.5831 107.9023 108.2614 110.9750 110.4381 111.5372 110.0500 108.5200
102.6400 101.5716 101.1026 100.1112 98.3090 96.5125 94.6310 93.3568 90.2805 86.7105 86.3018 86.4390 89.6021 90.0695 93.0892 94.9161 97.0541 98.8689 100.0459 100.9858 101.4721 102.1055 103.5648 104.0921 105.1977 105.4784 106.0745 105.5486 106.4030 106.7900 107.4826 108.1714 108.6833 108.8842 109.4281 112.6917 114.9047 108.6777 108.8780 112.4100
102.8300 102.1145 101.2009 100.4212 99.9799 98.1082 96.7052 95.4245 93.2541 92.2275 91.5708 91.6819 94.5348 93.1274 94.8860 96.5661 98.2373 99.6808 100.5774 101.3264 101.8740 102.6203 103.7046 105.5157 105.2908 105.7324 105.6460 106.2794 106.4555 106.8616 107.0991 108.3302 108.1721 108.9981 108.1427 109.1587 111.1559 115.1587 109.9117 109.9700
105.1400 102.5063 101.9005 101.2366 100.6604 98.8721 98.2540 97.0635 95.8872 95.0743 94.7921 94.6911 95.5406 95.8450 96.7002 98.3559 99.5055 100.2911 100.9226 101.6986 102.3130 102.8466 103.2745 105.7003 104.8977 105.0520 105.2760 106.1084 106.0146 107.4297 108.0972 108.0650 108.7030 109.0004 109.1814 109.4394 109.4545 110.9870 108.7807 108.6100
103.4600 103.2471 102.6876 101.4250 101.1130 100.0037 99.2769 97.7293 97.8284 97.0877 97.0321 97.0432 97.5550 97.8809 98.4803 99.2591 99.8287 100.6087 101.3790 102.1748 102.5563 104.7986 104.7988 105.0599 105.7852 105.9044 105.6937 107.3896 106.9152 108.1822 108.4392 108.6561 108.7518 109.3429 108.1040 109.6929 108.1767 110.0558 108.6992 108.4500
105.4900 101.4950 100.7961 102.4446 95.7873 101.6998 100.3977 99.5215 99.6938 98.9957 99.1139 99.0288 99.0340 99.4004 99.9759 100.4344 101.0150 101.4912 102.1070 102.5419 103.0496 103.8456 105.8428 106.0269 106.2034 106.1468 106.2614 107.6857 106.4951 106.4367 107.8088 108.6846 108.6695 109.1414 109.2746 109.4724 109.6132 108.3043 108.4712 108.0100
100.1800 103.9539 103.4367 103.0596 102.0246 101.8463 101.0080 100.1793 100.4267 100.2595 100.2865 100.2314 100.2703 100.2265 100.9505 101.4095 101.5989 102.0268 102.5978 103.1570 103.4796 103.8399 105.9037 105.9419 106.8256 107.1615 107.0702 107.0212 107.9668 106.9983 108.0819 108.5320 108.1270 109.0475 109.1279 108.9263 109.3654 109.8657 108.8538 108.9400
105.4100 106.0161 103.6578 103.3475 102.9993 102.2831 101.6813 101.5990 100.9538 101.4468 100.7555 101.0063 101.1789 101.2086 101.7226 102.1019 102.1436 102.7124 103.0071 104.6189 104.8556 105.4601 105.4776 106.5640 106.7696 106.7200 107.3658 107.0527 108.0417 108.0334 108.3467 108.5689 108.4719 108.5442 109.0769 108.9272 109.1939 110.1222 109.3485 109.4400
106.2700 105.3568 104.7841 103.8174 103.7350 103.2774 102.7269 102.7173 97.5203 102.4371 101.7632 101.9241 101.8202 102.1261 102.4956 102.6311 102.9247 103.2140 105.5302 105.5834 104.6345 106.4184 105.0453 105.6092 108.5636 108.6550 107.6660 107.0442 108.2534 107.9197 108.2265 109.4870 109.2551 108.5898 111.7880 108.6892 108.3081 109.6487 109.1494 110.7300
105.3200 106.0401 104.7527 104.8774 104.5141 103.7457 103.4657 103.3392 103.3328 102.8267 102.7438 102.7047 102.7763 102.8336 103.1637 103.1504 105.9248 104.3450 106.1898 105.4405 105.7720 105.9785 105.8454 107.1956 109.4174 109.6298 109.6659 109.0020 107.6521 108.4162 108.8947 108.0839 109.1542 109.2393 110.3400 109.2925 111.1822 109.9828 110.7529 110.7300
106.3600 106.1595 104.1338 106.5737 104.3641 104.3002 103.9432 103.7383 104.3386 103.5072 103.4366 103.3603 103.5124 103.6946 103.6268 104.7882 104.6998 106.0620 106.5236 105.0722 106.7635 105.7633 106.4040 106.8485 107.1071 107.6910 109.4734 111.6376 110.9138 110.1150 108.6200 108.5752 109.3036 109.3156 108.6947 108.8775 111.8305 111.2129 110.8739 112.5300
107.7700 106.6538 105.3875 107.2606 107.1837 105.8019 105.1029 100.0785 104.1719 104.4113 105.2261 104.8889 104.7565 104.3738 105.4787 108.4071 104.8204 105.9366 105.8411 105.2131 107.1524 106.1949 107.2912 107.9443 110.4676 112.3980 110.4928 111.5096 111.9866 114.0616 110.8838 111.3110 108.8121 111.0455 112.5985 109.5888 110.4293 109.6451 108.3541 108.9600
107.7700 106.2208 107.9147 107.1916 107.3561 106.3693 106.7732 105.6238 105.1971 105.0375 104.6158 104.8157 104.3659 105.0483 106.6514 104.8894 107.4352 106.8993 107.1990 106.7482 105.3755 106.3793 106.8402 107.7131 106.3757 110.3050 111.2327 109.7000 112.3462 112.5694 114.8861 111.9469 110.9609 110.9577 114.0104 109.9662 115.2225 109.7860 110.3610 108.4000
107.1900 106.8952 107.0160 107.0419 105.7880 104.8817 106.0694 105.6414 106.7333 105.1119 105.7934 106.0846 105.2828 106.5649 107.2613 105.6182 106.0144 107.1445 106.9730 108.2868 109.0342 107.3684 107.6235 107.1122 107.4155 107.7642 108.4769 109.3963 110.6396 110.3644 112.0061 113.6629 112.7033 113.1317 114.5365 114.9742 111.1073 113.8725 112.0617 112.6800
112.4400 107.4321 108.0317 108.3551 107.0492 106.2025 106.9401 106.6067 106.3929 105.5724 106.6738 106.7884 105.3709 106.9907 106.5193 107.4463 106.5935 108.1355 107.2484 106.9903 106.9071 106.1507 106.6624 107.6354 108.5714 108.4008 112.9016 111.6393 112.2557 114.0360 114.1433 110.5778 112.6571 115.0500 110.3901 115.8318 112.9973 113.8703 112.9360 108.7400
108.2200 106.8900 112.4600 106.9600 106.9600 107.2100 106.8500 107.5200 105.6400 106.1600 106.7200 106.7300 106.1700 107.3400 106.3200 107.4300 112.5900 107.8300 106.5600 108.0400 110.2000 112.2800 108.0700 108.5900 109.8900 108.9400 113.3400 112.6400 112.6400 114.2500 114.3100 116.3900 113.7100 116.6600 117.9100 113.3700 112.6100 112.6500 108.8400 108.8400
