96.9600 96.9600 94.8400 92.8900 92.9200 93.1300 95.4400 96.4500 97.3200 98.7700 99.7700 100.2000 101.4800 103.4300 102.9300 103.8900 108.6200 107.6400 108.9500 106.2900 106.2000 104.8400 105.4200 107.3700 111.1800 112.7900 109.0600 110.9700 114.6000 114.9900 117.3800 117.9500 117.8600 117.5900 117.1500 115.8900 115.2800 114.3100 113.8700 113.4700
94.5400 94.5220 92.8242 92.3644 91.5577 92.3413 94.3478 95.1436 97.0014 97.2225 98.5809 99.6300 100.6207 101.4730 102.3289 104.6395 105.4137 105.0712 108.8145 104.6780 105.9910 105.1638 105.2739 106.3896 110.1351 111.8798 109.8335 113.0062 113.9656 115.7065 116.9549 117.6940 117.8997 117.7624 117.0502 116.2566 115.5077 117.0212 113.8681 113.5000
94.3600 91.8091 91.5467 89.1161 88.2564 87.8832 90.4498 92.9640 94.5339 96.0977 97.4684 98.8084 100.1321 101.0605 102.2117 103.8899 104.6245 104.9686 105.8101 105.4888 106.4025 105.8003 106.2197 106.3205 107.6681 109.0942 110.8264 112.5530 113.9878 116.0605 117.4577 118.4508 118.0886 117.8597 117.1281 116.2225 115.3431 115.7634 114.0143 113.5300
91.2800 89.5385 87.9405 84.6871 82.3736 83.7635 86.5293 89.5668 92.9960 95.7881 97.2767 98.5016 99.7480 100.6794 102.3546 103.1129 104.7762 105.6585 106.0721 105.1619 105.8108 105.5069 106.9837 106.1674 107.5297 109.0107 110.6563 112.5917 114.3778 116.2428 117.9013 118.8020 118.9260 118.2050 117.2162 116.3472 115.5672 114.7103 114.0289 113.5600
90.9700 88.9684 84.0632 77.2781 75.4861 76.5387 82.9637 87.1812 92.5648 95.0595 96.7979 98.2643 99.4191 100.4047 102.4411 103.4529 104.1204 104.9354 105.7322 104.9328 105.7054 104.9837 106.4152 105.6591 107.2621 108.8039 110.4580 112.3069 113.9547 115.7826 117.3305 118.0766 118.1065 117.4270 116.8426 116.0906 115.3649 114.6873 114.0207 113.5800
88.8300 87.0451 80.8739 70.7429 65.3746 67.2940 79.1559 87.0394 92.7538 95.1950 96.5895 97.8789 99.2548 100.7471 101.1071 103.1182 103.9518 103.8441 104.8445 104.7850 105.2931 106.1925 106.8691 106.5775 107.3303 108.7057 110.2160 112.0651 113.6053 115.3693 116.5801 116.8354 117.5891 117.3249 116.8484 115.9364 115.1148 114.6615 114.0247 113.5800
88.8600 84.1256 77.9332 67.6827 62.3539 65.5804 77.5815 86.2531 92.1625 95.4267 96.9584 97.7470 99.3960 100.7968 101.2514 104.3100 105.3749 103.8535 104.6176 105.2536 105.7939 107.2189 110.4180 106.5663 107.2746 108.6753 110.3318 112.1640 113.6368 115.7772 117.3359 117.2421 118.3484 117.3682 116.7901 116.1181 115.1844 114.6674 114.0263 113.5900
90.6300 85.0558 82.4415 72.7273 69.5370 72.5965 81.0865 87.5276 91.1734 95.3665 97.6042 98.2202 99.9395 100.7956 101.6283 103.4466 104.7825 103.8369 105.1843 105.9927 105.9718 106.5074 107.0175 106.0450 107.6893 108.7114 110.3105 111.6682 115.4463 114.8526 114.6308 115.9380 116.0583 117.0120 116.8466 116.0271 115.1501 114.6779 114.0410 113.5900
91.5200 86.8148 84.8058 80.1517 78.0295 79.9553 85.4500 88.8269 92.7804 95.5353 96.9687 98.7154 100.0738 100.7926 101.9749 103.0369 104.6853 105.0625 105.8695 106.4182 106.8858 107.0463 106.5431 105.9433 107.1137 108.8201 110.2000 113.6768 115.8737 116.5302 116.2510 111.8818 115.2701 115.8500 116.7411 115.9126 115.1169 114.5797 113.9787 113.5400
95.5800 90.9236 88.5360 86.9820 85.1682 88.1537 87.9264 91.5882 93.9582 96.6460 97.5079 99.4036 100.1000 100.9544 102.0948 103.5047 104.7994 105.4520 105.9643 106.3941 106.8194 106.3978 106.3170 106.7856 106.5117 109.0563 110.2838 114.4994 115.6848 116.4850 117.0694 111.7089 115.1665 116.0717 116.1885 115.6093 115.0578 114.4665 113.9049 113.5300
95.5400 94.1186 91.9983 90.8236 90.0362 90.4230 91.1811 94.2545 96.2361 97.1512 98.8526 99.6929 100.6611 101.3463 102.8318 103.5942 105.2746 105.2150 105.8116 106.6155 106.9619 107.2591 106.5020 106.6506 107.0313 109.2742 109.3412 114.3165 113.3012 115.9693 115.4212 115.9020 115.0991 114.0464 116.6250 115.6323 114.9795 114.3755 113.7692 113.4800
97.3200 95.6859 94.4478 94.2427 94.1121 94.0756 95.1424 97.2132 97.8292 98.3727 99.6226 100.6016 101.2772 101.9502 102.4752 105.3123 105.6913 105.9266 107.6862 110.6560 106.8475 106.8452 111.2482 108.5411 108.7808 111.0269 111.2283 111.3816 113.5859 115.3197 115.0099 116.5126 111.3521 116.3237 116.1147 115.6250 112.8499 114.5753 113.7590 113.4900
98.6500 97.5282 96.8963 97.2581 96.8679 96.6120 96.7803 98.0569 98.8074 99.8211 100.6508 101.2240 101.7129 102.3742 105.2736 104.1769 105.7278 104.7147 107.0970 104.2525 106.7271 106.3892 105.8710 106.4096 108.5132 113.1180 112.7764 111.3197 112.3633 112.1799 115.6987 114.3636 112.2321 115.7663 115.5810 115.2124 112.3741 113.4458 114.1016 113.4700
99.8900 99.0057 98.9317 98.5851 98.5179 98.4363 98.4100 99.1228 99.9436 100.5736 100.4618 101.8291 101.7975 103.0800 106.4422 105.5036 105.0795 105.5754 106.9004 105.5990 107.4780 107.1639 106.0976 106.7051 110.1364 115.7390 112.2320 112.6824 112.2090 115.7978 117.7406 110.5292 115.1615 114.8251 115.8468 115.5910 111.2719 111.4121 113.9704 109.8000
100.1000 100.1787 100.1253 99.8966 99.7617 100.1228 99.8679 100.3943 100.9846 101.8887 97.7979 97.7786 101.5448 103.6191 104.5796 104.8334 104.6168 104.9140 106.2653 109.3215 106.5660 107.7873 107.4339 106.9105 107.3732 108.2020 111.9890 116.4482 106.2782 109.9439 114.0526 109.4188 110.9285 116.9955 115.9961 114.8971 111.5757 114.1343 111.7582 109.8000
101.2300 101.2570 101.0289 100.8000 100.8162 100.9600 100.9178 101.2827 101.7266 102.2313 99.9951 104.3142 103.0020 104.9546 104.9620 106.2615 105.2140 106.8043 105.5899 106.0981 106.3452 107.0208 108.0575 110.6911 107.5512 108.3596 112.9156 112.1868 106.4017 110.8411 111.7984 110.8870 109.8996 112.7091 116.2343 115.3196 110.8845 109.0075 109.9397 111.9900
102.0000 102.0170 101.9720 101.6141 101.7061 101.8271 101.8461 102.1133 102.3315 102.5133 101.1157 105.5476 104.1700 105.2048 105.2680 105.5058 105.9193 107.3100 106.7641 107.3536 107.0818 106.3481 108.0952 110.3766 107.8920 107.3797 109.7925 108.1560 107.9378 112.2210 114.4836 108.1949 108.5100 109.9361 113.9186 118.0229 118.5734 109.8643 112.6548 114.5400
105.2100 102.7020 102.3821 103.1167 102.1875 102.6164 102.5393 102.9000 104.3056 103.4793 105.9508 104.8486 105.6217 105.8953 104.9484 105.9990 106.2375 106.6662 106.3367 106.6489 107.6726 107.5354 106.7539 114.8535 107.7740 111.2337 110.4072 108.3034 108.8416 112.4135 112.5331 115.8348 108.3119 109.5013 111.5975 113.9118 108.4192 112.9821 112.6587 115.9900
105.2100 103.8173 105.1376 103.7724 105.1059 103.0919 102.9114 105.2736 105.2875 104.0333 105.6698 105.2349 105.2659 104.9401 106.1486 105.8530 106.6527 107.4862 106.6173 107.1985 107.5915 107.9386 108.1103 108.6546 113.5403 110.7811 113.0880 106.2490 108.8086 109.7674 112.8936 113.1092 108.0615 108.2977 107.3151 108.6785 118.4313 111.5085 111.3165 114.5500
109.4800 106.0821 108.4969 104.7508 108.7551 104.3933 104.7729 105.7091 106.0031 106.3109 104.8703 105.5382 105.7789 105.2130 105.5845 107.2987 106.6377 107.8754 107.4016 107.5866 107.3180 111.9676 108.2109 108.7996 108.7719 113.8666 111.4502 115.0852 115.9624 116.8726 114.3877 113.9715 110.0326 111.4378 116.4770 113.5046 110.2491 111.1309 110.7059 110.9600
103.6300 102.9318 110.1955 107.8500 104.1065 104.5780 105.7905 105.4620 104.7919 105.7106 106.8852 107.0727 106.8294 106.6605 106.1061 107.3438 107.5977 107.7487 107.1886 108.2190 108.0722 108.0726 108.3433 108.7680 109.6794 108.0643 109.2001 111.4456 113.0681 109.4909 116.5105 108.8450 110.1485 118.2873 118.7127 119.8357 116.5455 116.5709 111.3532 112.2400
105.1900 105.4444 104.2574 104.7474 106.7786 107.3501 105.0175 105.1608 105.6199 106.3989 105.8908 107.6822 106.7711 107.2523 106.9289 107.9578 108.0418 107.9935 108.0141 108.0752 108.9642 108.1253 109.7634 111.5643 110.2307 108.8645 109.7230 112.1409 111.0830 111.6797 110.9510 111.8128 115.6331 114.6487 118.1634 114.5174 118.7719 118.1869 115.3188 112.2200
105.1900 109.8332 104.8264 105.1474 104.9126 111.3285 105.7121 105.3241 106.4903 106.7054 106.2540 106.8850 109.5276 108.2420 106.9901 108.1305 107.8810 108.2885 108.4664 109.0224 110.1162 110.7535 110.5929 110.1719 109.2426 114.0064 109.9907 109.4987 113.9736 114.0446 115.5557 114.0284 116.6148 113.6916 111.0915 114.8678 117.6149 112.7266 109.3223 109.8000
105.7400 109.9475 104.5628 108.7050 111.9721 110.7174 107.2411 105.6843 106.4162 105.1918 106.4564 110.6086 107.4840 111.4430 106.8837 108.4191 108.6088 107.9090 107.7784 107.4055 108.7905 110.3946 112.0973 115.3469 110.9862 115.2394 109.4075 108.6665 112.1583 111.9674 115.9816 117.8989 113.7271 115.7975 114.2208 113.6387 115.0191 113.9774 110.1284 109.0300
111.5900 108.7699 106.6234 111.7669 109.9109 105.8658 107.5471 107.2313 109.4186 109.9788 112.9569 108.8109 110.6633 108.0615 108.7278 107.8649 108.2594 108.8452 108.8380 107.4097 108.7750 110.7591 109.7371 116.0297 113.1652 111.3070 109.5143 108.5619 111.4537 112.6563 116.2115 116.2802 117.3633 114.8348 113.6847 112.2450 110.3333 114.8128 112.3158 109.5700
110.6400 112.6799 110.6606 110.3740 109.6331 107.8637 107.4783 107.3282 107.7341 112.9163 105.1031 109.0921 109.3531 110.0887 108.9908 108.3516 108.5858 105.0115 107.8553 105.4208 108.8167 108.9657 114.3998 114.5192 115.0590 111.7587 112.6322 110.7938 113.5736 112.0229 117.3707 114.4855 116.2617 113.7396 108.5018 109.6164 109.1907 111.8080 112.2835 109.5700
113.3900 112.4778 112.9258 114.9788 112.6723 108.0294 108.4349 108.9786 112.7741 112.6174 107.0640 112.2365 108.4363 109.6463 111.4407 110.6979 108.4702 106.4055 109.1140 109.5482 108.3574 110.1817 108.8257 114.2355 114.6833 114.8833 111.0789 110.3705 113.6597 115.8793 112.5597 117.3324 109.0653 117.6338 115.7305 110.2674 109.5627 112.0430 112.3836 113.7900
111.7000 112.8375 114.2300 112.9130 110.2563 107.9060 108.2198 108.5780 113.7848 111.6745 109.7574 110.4136 115.4923 108.6829 111.6930 113.4377 108.1705 109.1410 108.7595 109.2059 109.0258 109.7514 109.3864 112.7169 110.7885 111.7262 113.4030 110.9782 114.2597 114.3783 109.7980 115.5044 114.3389 113.5886 113.6104 111.7177 111.4603 111.2217 113.0634 109.2200
112.2300 112.3510 116.5759 110.6994 113.3681 108.8127 112.4386 108.8034 113.5518 110.8664 108.3657 108.4104 111.6402 114.5194 113.7390 113.6484 113.4550 112.1391 109.1302 109.9590 109.0891 109.3923 113.6352 109.5073 112.0479 111.1506 116.9124 108.9232 118.6292 115.3220 112.1887 110.6071 109.0412 118.2270 109.7772 109.6699 110.2864 109.9080 112.6273 112.9300
112.0300 106.4059 115.9333 106.3198 113.4524 105.7580 111.1548 108.1553 113.4123 116.1360 114.7991 109.3129 110.3055 115.1501 111.0426 111.5825 113.8456 110.7261 110.4932 109.4472 110.0878 110.1204 109.4778 109.8991 112.2437 110.1555 112.3990 109.7295 116.1075 120.1001 114.6210 110.4861 112.6368 111.3443 109.5207 110.2253 110.4606 109.3345 111.2757 110.6000
105.7800 105.5853 107.4043 113.6886 114.5521 106.9809 113.1176 113.6012 113.7024 114.7131 114.6666 108.7111 113.1968 110.2431 113.2538 110.1481 115.8358 114.5657 112.4072 109.0671 110.1101 110.4882 109.6520 112.5449 112.2554 110.5883 116.7184 111.7435 111.7396 113.9075 113.7250 111.8224 110.7508 110.2172 110.8008 110.6785 110.4236 110.4719 112.4156 112.5000
111.1900 111.5001 112.9353 111.3055 107.4025 106.6995 112.9559 110.1690 114.7958 110.3695 111.5453 114.2701 111.6947 114.5301 114.7578 110.5620 111.8033 113.5152 114.9756 110.4965 110.2000 110.1479 109.5037 110.0797 113.4482 113.9677 110.2868 109.6036 113.2373 118.7220 115.0449 113.5740 113.9686 112.2997 110.4457 112.2904 110.6579 109.8318 111.2061 111.4300
111.1900 114.1901 108.5384 114.7972 110.8011 110.1345 115.2272 108.7226 108.4728 108.8406 119.4039 114.0360 110.4584 116.1206 113.3508 113.3007 113.3629 115.1378 114.6339 116.8195 113.3174 110.0812 110.7371 110.0054 113.0858 113.8992 109.6039 111.5972 108.7704 114.1598 117.3876 115.3557 109.8382 112.9824 109.5903 110.4845 112.7457 111.3980 112.8877 112.9700
113.2700 110.0763 109.5819 114.8931 115.1049 109.3901 111.0350 110.0802 108.8552 108.5000 115.9003 115.9008 111.6572 114.4918 114.4304 113.5124 112.0494 111.5255 113.4938 117.0472 113.7595 112.9815 110.5832 111.6595 109.9366 109.3522 108.8715 109.2167 110.1711 110.1140 110.8136 112.6665 110.7278 110.0354 110.0305 109.9676 110.7273 110.5343 115.4857 112.9700
113.2700 111.3276 112.7139 113.0654 113.1467 108.4315 109.6332 112.1856 108.5708 114.9243 113.6489 113.1493 114.3112 113.8734 114.1755 116.4548 112.6093 113.6140 114.7350 116.8777 116.5839 114.7942 115.2013 112.2737 110.0444 110.7358 110.0834 108.5962 109.1776 111.0574 111.4420 109.6064 113.3111 111.1730 110.0293 112.8299 109.2867 109.7858 112.2235 110.4500
112.7200 113.5477 109.1203 113.0637 114.4552 108.4967 112.6812 110.5108 107.8140 115.4697 113.7413 116.4188 112.9982 112.2883 115.5611 115.9191 115.8302 113.8768 111.4968 116.5847 118.9740 118.6341 114.0841 109.0992 110.1336 110.7725 111.0238 108.7548 109.6818 110.2136 110.0155 109.6070 111.4205 109.0600 110.1053 111.7363 110.9619 110.1547 110.7387 110.4500
115.5700 115.4636 108.9388 108.6602 112.8890 108.5140 111.2449 111.6824 109.5525 114.8279 110.7704 112.5525 117.0539 114.2544 117.3908 117.3106 111.9466 114.7093 111.3424 109.0131 115.0542 117.1866 111.2366 109.4071 110.1260 109.5037 110.8440 111.1219 110.1127 108.9627 110.0535 109.7507 110.0935 109.4762 109.8939 111.4416 110.8001 112.6164 110.7639 111.2200
116.3800 116.3236 111.7734 113.0353 111.0684 112.0093 110.1522 109.8571 110.6868 112.3112 116.0558 114.0196 116.6218 117.6496 116.1987 116.8402 114.7589 112.6790 114.4671 114.7021 116.4040 116.5891 116.2012 116.6511 113.0869 114.8026 111.3076 110.2107 109.4649 111.4813 115.5194 112.4107 109.8349 119.4478 110.6755 111.6025 112.9337 111.9525 110.7676 119.4900
117.5900 117.2351 113.1282 112.5124 111.1908 112.0484 110.9205 110.8250 111.0240 114.1999 115.0604 117.9843 117.9037 112.3908 112.3507 115.8384 120.1205 114.6793 118.7076 113.6299 117.0945 117.9751 120.4337 116.2091 110.5329 109.7807 110.2451 111.2237 110.4043 115.4139 111.7745 110.1476 116.2439 116.7569 110.1629 111.7269 113.4284 112.8477 111.8195 116.1000
117.5900 117.0500 112.2600 112.2300 111.4500 109.2900 110.1300 111.2500 111.8500 111.8400 117.4800 115.9000 119.1500 117.3700 117.3700 114.7000 119.5700 113.1100 117.5500 117.5500 117.3800 115.7700 111.1600 112.4500 116.9000 115.6000 115.6000 111.1400 111.1400 118.0300 109.8700 110.6000 119.4800 109.9700 109.9700 110.0100 111.6600 111.2700 110.9400 118.6500
