114.3500 113.3900 111.9900 108.2900 107.8100 108.1400 112.4200 107.9900 108.4800 112.7200 112.7200 112.7200 107.5200 107.8500 107.3400 107.7600 106.2000 106.7200 106.7200 105.7200 105.7100 106.2200 106.2100 109.6000 105.1100 105.1100 105.8400 107.2200 108.0800 108.0800 108.9900 108.1100 108.4700 108.4400 112.2200 113.8000 114.5600 115.8100 116.9900 115.0000
113.0400 112.2328 111.5329 109.8107 107.7802 108.3035 107.8846 108.4449 107.8275 110.3264 112.3069 107.7727 107.3341 107.3852 106.5261 106.2925 105.9852 106.7213 106.7270 106.3811 105.2754 106.1158 106.9670 107.2240 106.4465 105.5932 105.1932 105.7389 106.7159 107.1430 108.1269 108.4190 108.8669 110.6687 111.5534 113.0012 112.6469 112.4233 115.9966 115.0000
109.3800 110.5563 110.0821 109.1252 108.3070 110.6681 109.6410 108.5288 107.2868 107.0200 110.3862 111.0828 109.8220 107.5201 106.7880 106.1240 107.1203 106.4986 106.4961 106.5092 104.9602 105.5366 104.5448 104.4789 110.4822 105.2416 105.2639 105.1670 105.3372 106.1535 107.1528 107.3934 108.2475 109.5041 110.5000 111.5905 112.9943 112.1726 115.8339 116.2800
112.0800 113.2423 111.4986 108.5652 108.0908 108.0667 111.7256 107.5131 106.6560 107.3951 107.0727 108.3210 106.7496 107.0985 106.3644 106.8794 106.5399 106.6718 106.3179 106.5684 104.8934 106.0866 105.3757 104.2410 104.5549 104.5476 104.5157 105.8089 105.0589 105.5179 106.5364 106.9328 107.2218 108.3484 109.3690 110.4825 111.7575 112.9218 114.3133 115.4000
108.5100 108.2116 109.1652 111.0094 107.4000 107.5624 107.7700 106.9518 105.9519 107.4476 106.6945 106.3057 106.1299 106.1931 105.6245 106.5654 106.1868 105.7946 105.8061 105.8119 105.6935 106.1264 106.1822 106.1910 106.1803 104.7808 106.9675 105.8946 106.2444 106.2543 106.1629 106.1875 106.3489 107.2853 108.2546 109.3807 110.5613 111.8945 113.0761 114.0900
109.0100 108.0943 108.4467 108.2313 113.0233 107.9076 107.8853 106.6672 106.9909 106.1830 106.1749 105.9629 105.2039 106.2254 105.8067 106.3601 105.7976 105.8012 105.6854 105.7060 105.8143 105.6842 110.5557 104.9862 110.6536 106.7058 106.5287 105.4918 106.3507 105.5540 106.2375 105.4075 105.4453 106.4644 107.4063 108.4102 109.6403 110.8441 112.1149 113.8400
109.0100 107.3262 107.7188 107.8091 107.8270 107.5158 106.8986 106.1824 106.9244 106.4421 106.1771 106.4073 105.6676 105.6554 105.1144 105.4110 105.0000 103.6597 105.2047 105.5659 103.6810 105.5194 108.4731 102.5576 102.6682 106.5679 107.8842 106.1413 106.5031 105.4077 106.1499 106.0755 104.6120 104.9198 105.7092 107.6237 108.0823 109.6524 111.2060 112.0800
108.6700 107.6316 107.5864 108.2708 107.5431 106.5621 106.4503 106.0379 106.6577 105.5507 105.9449 105.8364 104.7865 105.9674 104.9274 103.7322 104.5930 104.2583 103.2668 104.9102 103.6663 103.5053 103.4643 104.0473 104.0480 104.8259 106.5437 106.2640 106.3357 105.9545 105.3396 107.3250 108.9728 112.8595 106.6918 110.3854 109.9612 111.2603 109.8931 112.0800
108.6700 108.1251 108.3687 107.9762 107.0947 106.0275 106.1563 105.6918 106.1439 106.1812 105.4097 104.7996 104.3629 105.4494 105.1192 103.1902 104.0605 104.1692 102.5464 102.8336 102.8797 104.3106 108.1279 105.7371 103.7290 104.5760 104.9414 105.5136 106.1800 106.4186 108.7067 105.4274 109.4750 108.6004 109.6346 105.9044 109.5766 108.7530 109.3960 110.2500
108.4900 108.3091 107.8886 107.7684 107.4650 106.5075 106.5900 105.9036 106.0268 105.9789 105.9215 105.0453 103.5826 104.7404 103.7517 101.9310 101.7094 101.2714 101.1584 101.2127 101.2964 101.7305 105.4944 106.2856 103.3883 104.9244 105.0516 104.9526 105.7127 105.8185 106.3151 105.4746 106.9254 104.8256 107.9089 104.6750 108.5970 107.2729 108.7139 108.9900
108.1600 108.1665 107.8097 107.5004 107.1903 106.6023 105.8442 105.4281 106.5412 104.6899 104.8030 105.0954 102.6149 102.2927 101.5328 101.1782 100.5877 100.7148 100.4393 100.2349 100.8995 100.8111 100.7638 101.5577 101.8236 104.0276 104.1775 104.3707 105.0857 105.0027 104.6015 106.2381 105.3793 105.2318 110.2086 106.0263 106.7112 106.5372 107.8585 108.7400
107.3100 107.9930 107.2349 107.5712 107.0513 105.3973 105.9781 105.5834 105.1352 103.4777 103.6201 103.0872 102.0104 101.4305 100.5566 100.5075 99.6936 99.7434 100.0689 99.6141 100.0533 99.8061 100.4042 100.8018 101.0050 101.2536 102.6332 103.2293 104.2721 105.1973 104.6917 108.0583 106.9955 104.8687 106.7242 105.3316 109.2421 105.7395 107.2515 108.4800
107.5000 107.9454 107.1499 106.2790 106.1156 105.8904 104.7949 105.1003 104.5965 104.7665 102.6316 101.8292 101.3006 100.3956 99.3767 99.4582 98.6109 98.6973 99.3253 98.8698 98.9130 98.6826 99.1967 99.9018 100.4469 100.6802 101.3973 102.2433 103.8553 104.7429 105.2211 106.3756 105.5837 105.2112 106.3887 107.0431 105.1848 107.5397 107.0205 106.9700
107.4300 107.1675 107.5996 106.7222 105.1220 104.7569 104.6743 104.8261 104.6358 102.6724 102.3465 101.6945 100.6141 99.8118 98.4767 98.1094 98.2851 97.3790 97.2235 96.5063 96.6554 97.1802 97.6603 99.2565 100.0581 100.3057 101.0547 101.6080 102.3001 103.8054 104.3217 107.6997 104.7700 108.4059 111.2228 109.4994 106.0088 106.4862 106.8345 106.0100
106.9300 106.2500 107.0159 106.3607 105.3041 106.3724 105.2159 104.1405 103.3398 102.6519 101.7393 101.0064 99.9022 98.7085 96.4780 97.6270 96.6731 95.7671 94.1787 93.0426 94.2189 95.7783 96.4305 97.6288 98.8879 99.8093 100.6704 101.1236 101.8822 103.7666 103.4753 104.1067 103.3611 106.0316 112.3022 108.8172 111.2913 106.4564 106.2312 106.3200
106.7000 106.6443 105.6880 105.0462 106.7319 106.1709 105.0127 104.2581 102.9009 102.0274 101.3307 100.3934 99.0315 97.2718 95.6383 94.9606 94.3406 93.4836 91.9736 91.3487 91.7706 93.0362 95.5990 96.2146 97.7793 99.2102 100.0680 100.9028 101.5170 102.4180 104.3383 105.0286 104.3519 105.5421 106.6165 109.6820 109.5733 109.4877 106.4673 105.6500
106.7500 106.5738 106.4195 105.0347 106.6412 106.1050 104.3567 104.7868 102.3738 101.7676 100.7629 99.2547 98.2118 96.7301 95.1579 93.8115 91.3856 90.2063 89.0617 87.0534 87.4104 89.5345 93.8318 95.9677 96.9459 98.4440 99.4710 100.5895 101.3081 102.2782 103.5936 106.4071 105.3230 107.0987 107.6634 106.9950 105.7629 108.7459 107.5000 107.1600
107.6800 106.3812 105.9375 106.0509 104.8329 105.0379 105.2947 103.5629 102.2782 101.5526 100.3617 99.2550 97.3430 95.8966 93.6938 90.6885 86.9646 85.7797 81.4712 82.7393 83.0216 86.0426 91.4425 94.9072 95.9948 97.5469 99.1301 100.2703 101.0601 101.8353 104.0827 105.6055 104.7164 105.4006 107.1610 106.1932 106.8185 106.4581 106.7984 106.9100
107.3900 107.0857 105.4031 105.3490 105.0581 104.3555 103.5530 102.8405 102.1168 101.4421 100.1628 98.4822 96.3160 95.3384 92.8506 89.6455 84.0328 80.2384 71.7251 72.5339 79.5817 85.2311 89.5968 92.9851 95.7977 97.3227 99.1315 100.4090 101.3682 101.9421 102.7640 104.3772 105.2577 105.8092 104.9554 106.5720 106.6036 107.2567 106.9765 106.7600
106.5100 106.1449 105.8350 105.6244 104.5099 104.7798 105.0587 102.5821 102.1422 101.2241 100.1288 98.8206 97.3000 94.0993 93.6079 88.8134 84.8133 73.1427 61.6744 65.0648 73.8813 81.8240 88.4701 92.1622 94.4475 97.2657 98.9528 100.3980 100.8067 101.4164 104.1265 104.7932 105.0780 106.5884 105.6453 105.4382 107.3932 107.6055 107.4576 106.7600
106.1000 105.9156 105.7877 106.4340 106.0631 104.7261 104.9928 102.6467 102.0376 101.2245 100.2650 98.8746 97.4626 94.0879 93.7544 88.7631 84.8870 72.8158 62.7846 65.4685 73.8153 81.8404 88.5361 92.1369 94.4313 97.2663 98.9416 100.3862 100.7903 101.4083 104.1445 104.7506 105.1182 106.5916 105.8533 105.3851 107.5237 107.6207 107.9784 108.0400
110.8300 108.7340 106.0437 105.3168 104.8876 105.0293 104.3690 102.9784 102.1187 101.3169 100.4640 99.2107 97.2428 95.3137 94.0723 88.8125 86.9364 82.8647 72.0113 68.7986 77.6270 84.0194 90.1735 94.8555 96.4953 97.4503 98.8486 100.2804 100.9919 101.6929 103.1500 103.9980 106.1088 104.7188 105.6324 109.0444 107.3075 107.9031 107.4500 107.4700
105.3900 108.7482 106.5175 104.9023 104.7416 105.2598 104.8944 104.3917 102.2577 101.4191 100.5300 99.6152 97.6043 96.5321 94.7873 92.0208 89.0162 88.0386 81.8155 80.2322 83.8557 87.2719 91.9818 95.6295 96.8226 98.1951 99.8276 100.5847 101.4872 102.1796 102.9937 105.3224 106.1547 106.0872 106.5300 105.2911 106.7044 107.0557 107.1082 108.3900
106.7200 107.9378 109.7530 109.8616 105.1714 105.3874 105.1555 103.1159 102.3842 101.4070 100.7269 100.2164 98.6197 96.8024 95.5893 94.9513 93.5761 90.7847 87.3924 87.5402 88.3882 90.7222 93.7047 95.6806 97.2897 99.0483 99.9934 100.7959 101.8460 102.6169 103.1434 105.2908 105.3884 106.3550 106.0480 107.5998 106.8504 107.1999 107.0661 112.1800
106.9000 107.0737 105.7812 109.2278 105.6972 105.2422 105.0298 102.8417 103.0025 101.5519 101.2643 100.3895 99.5005 98.2128 97.3770 95.9095 95.9352 93.9538 93.3928 92.9597 92.6944 94.7094 95.5697 97.2250 98.4848 99.2665 100.3048 101.1212 102.1817 103.0552 103.1823 105.5347 105.2154 107.0152 106.9182 106.8663 107.2089 107.6636 108.3798 108.0700
106.9600 107.3114 106.3239 106.3243 106.4505 104.8369 104.8042 104.9702 103.5771 101.9478 101.7292 101.1015 100.0492 99.3758 98.1779 97.5005 96.9543 96.4255 96.5305 96.4710 94.9366 96.1218 97.1320 98.8445 99.5047 100.1109 101.0271 101.6461 102.5302 103.0393 104.9303 105.7651 106.2571 105.0790 106.4042 106.4493 107.9979 107.9159 107.3198 113.0900
106.5800 107.4396 107.6546 105.8366 107.4449 105.2225 105.7900 104.5999 104.2267 102.2729 102.1105 101.7366 100.8739 99.9759 99.4547 98.7577 98.8155 98.2604 97.8323 97.5369 97.7563 97.9362 99.0184 99.6978 100.3543 100.8099 101.3937 102.0491 102.8847 103.2099 105.6561 106.2642 106.0401 105.5448 106.1748 106.5977 107.5193 108.2157 108.1629 108.1100
106.8000 108.2117 107.7102 105.6211 106.9056 105.4671 106.0745 105.9711 106.0673 104.6625 102.6852 102.1115 101.5513 100.7848 100.4590 100.2059 99.7772 99.3005 99.1884 99.1956 99.2206 99.2534 100.1579 100.1565 100.7000 101.4889 102.0518 102.5869 103.1879 104.8060 104.6465 104.8993 106.2626 106.7511 107.1338 107.0673 107.5526 108.1792 107.3378 107.3500
108.4100 107.1125 107.5706 105.8407 106.9252 106.7687 106.1731 104.8683 104.9495 105.4940 102.9675 102.8007 102.2787 101.5601 101.6504 100.9400 100.5067 100.1708 100.1376 100.2972 100.3170 100.5379 100.8786 101.1997 101.5095 102.1877 102.6103 103.3060 103.3025 104.1719 105.5543 105.0392 106.6288 106.1477 106.6141 106.8133 107.3637 106.8241 108.3936 106.2200
108.5200 108.2583 106.8605 106.2313 106.2172 105.7889 106.4293 105.2988 105.0364 106.1685 104.0386 103.1803 102.6677 102.7277 101.9904 101.9543 101.3527 101.2724 101.2704 101.1613 101.2186 101.3200 101.5481 101.9477 102.1486 102.5981 103.4699 104.9299 105.0129 103.7596 106.3937 105.6176 107.6211 107.2145 106.7078 106.6181 107.6968 108.0205 108.3966 108.0400
108.9200 108.6203 106.7344 107.1691 107.2450 105.7434 107.2294 106.0997 106.1458 104.3174 105.4681 105.6179 103.6442 104.0720 99.4418 102.0128 102.2067 102.1383 102.1364 101.9646 102.0215 102.2001 102.4869 102.7171 103.0548 104.2715 103.7232 104.3339 104.5933 105.0203 106.9265 105.8264 106.1618 107.6046 108.3035 107.1045 107.8278 108.0209 108.7800 109.0300
107.5600 107.6499 106.9264 107.6323 107.3257 106.8857 106.9238 105.2846 106.6793 105.5193 105.1285 105.6674 104.0574 104.9487 100.2525 102.8990 102.8076 102.7278 102.5095 102.4969 102.7027 102.6158 102.8527 103.0925 103.6808 106.0800 105.4998 105.2310 106.1951 106.8629 106.8645 105.9547 107.2464 105.1835 111.4899 108.7940 113.7551 109.5788 108.8350 108.5200
107.6600 107.3437 106.5764 106.5407 106.2845 106.0024 105.5704 107.1834 106.9203 106.1656 105.9469 105.8099 104.8580 104.6735 104.7799 103.8555 103.1549 105.3957 104.9335 103.2358 104.7994 105.4073 105.9253 107.1725 103.7655 104.6920 105.5906 106.2266 106.4263 106.2440 105.8215 106.3355 106.5122 106.6866 106.9834 109.8297 109.5690 112.2564 110.5370 114.8000
103.7600 108.3996 106.8719 107.2618 107.1413 106.4354 106.5787 107.0976 106.1912 106.3795 106.1424 105.9094 105.0699 104.4929 105.3509 105.6154 105.0534 105.9030 105.4487 104.4156 105.2212 107.6929 106.2038 102.3943 103.8170 105.7156 106.0289 105.8516 105.5217 108.4708 110.3719 107.2265 107.4820 106.9628 107.3710 106.7527 109.4693 107.4335 112.4144 114.8000
103.7600 107.9333 107.3754 107.0305 107.8587 107.5374 106.7798 106.2655 106.4043 105.8399 106.3859 107.0667 106.3259 105.1076 103.7259 105.5366 106.1897 106.4990 104.7131 104.3479 105.0677 105.7483 107.2136 105.8038 109.6222 106.1771 106.0513 106.7626 105.9319 106.2315 110.7934 107.1213 107.5306 108.1145 107.8815 107.4776 110.6754 108.4540 111.8565 114.2400
109.3200 109.0682 108.2972 108.4249 108.8385 107.7662 107.1785 106.5992 108.7144 107.4387 106.6558 106.4761 106.2433 106.7387 106.0276 105.8321 106.5409 105.7503 105.4986 105.4448 105.5340 107.1921 104.4872 104.7004 104.6586 107.3260 105.5283 106.0326 105.4588 106.8324 107.9824 108.5575 109.4443 108.4813 108.4922 107.9439 107.5294 107.9504 108.1407 114.2400
104.8300 106.1858 108.8517 112.6875 110.0861 108.3833 107.3237 106.8021 107.8415 107.6941 107.8168 106.7657 106.0274 107.3792 107.5887 106.1109 105.8808 105.6663 106.4231 105.8062 105.9803 106.1136 106.1424 105.5194 113.0943 110.6328 106.3669 106.9994 106.4629 107.6160 108.0126 110.4659 112.6274 109.2649 108.3583 108.9783 108.1956 108.5475 109.5785 108.3200
104.3100 108.8074 113.4081 113.5808 104.0168 108.8092 108.4924 110.5561 106.2822 108.1264 108.2035 106.7665 106.6644 107.0882 107.8090 107.6325 105.9536 107.2663 107.1873 106.4304 105.7699 105.2827 107.2235 108.2892 110.6920 106.6059 106.9285 107.9154 106.3419 106.2865 107.4153 107.7093 110.6381 107.7249 109.3495 109.3342 108.0815 108.4020 109.1577 108.5600
104.3400 111.9795 108.5274 109.4045 105.0059 109.2522 109.5399 108.7164 106.7018 108.0818 108.4116 107.4727 106.8934 107.1985 106.2918 107.5154 106.4238 106.9374 107.2566 107.0099 106.0807 105.5531 105.8361 105.5819 107.8283 109.9597 108.4051 108.2179 111.8710 108.0284 109.8583 110.9557 109.4064 109.7493 108.5914 109.6562 108.0337 108.4281 112.4315 108.5200
111.0400 111.0400 109.7600 109.7600 108.7300 111.1800 109.1800 107.8000 107.7200 108.5900 108.5900 107.5400 107.3400 108.2900 106.5000 107.4800 106.3800 106.4200 106.4400 107.3600 105.7800 105.6300 105.7500 107.7500 112.6200 112.6200 108.4900 108.6300 110.1000 109.9900 111.4100 112.4100 110.2900 109.1500 112.3200 110.8700 107.9400 109.0200 108.2500 108.2500
