109.9400 108.7700 108.9000 108.7400 108.4800 110.2200 113.2500 116.2000 116.2000 116.5400 109.6100 115.4200 109.8000 116.6400 115.4900 115.6600 116.2500 114.3800 116.6500 115.3100 118.6600 116.1900 116.2200 119.1600 117.8800 116.1100 113.3700 117.2000 117.2500 117.8700 117.8800 117.0000 117.6500 118.2900 118.2900 118.3700 118.6000 118.2700 118.7600 118.3000
108.8900 111.9485 109.8701 108.1925 108.5658 108.8018 109.5331 115.5849 117.9824 116.6776 111.5268 113.7210 113.5951 116.0013 115.7096 115.2768 112.4148 115.7280 115.9269 114.8758 118.3617 117.2312 114.0337 116.8357 115.0506 114.0910 113.9247 116.3732 116.0355 117.4493 116.4462 116.7708 116.5714 117.3836 117.8488 117.3665 117.6865 117.8661 118.7974 118.3000
112.4200 110.9941 109.0371 108.3949 108.5142 110.0872 111.0803 110.2392 115.6777 114.4514 111.0290 111.8466 110.4283 115.7753 115.4734 109.4230 114.8319 115.0922 112.5109 114.9326 118.2800 117.2235 113.6018 113.4061 116.2003 115.2327 113.7497 118.0224 114.5220 114.6376 115.0884 115.2016 114.9914 116.4698 116.8592 117.2608 118.1016 116.9261 118.7726 118.8600
109.9400 109.9744 110.1595 112.1342 108.5417 113.2578 112.6506 112.3072 115.4337 115.6890 113.6804 110.6686 110.4004 114.6559 114.8210 109.8790 109.5884 113.9263 109.1478 109.5421 113.2531 112.0345 111.4577 115.7065 111.5764 112.1416 112.2571 115.0241 118.7049 115.8549 113.3169 113.5153 114.1113 115.3776 115.8059 115.9501 117.1724 117.4541 118.3679 118.5500
109.0800 109.6244 109.0497 112.7191 107.8481 111.3775 110.6902 110.8717 114.4621 113.5057 112.0944 113.2471 114.5432 109.6316 114.9741 109.5138 110.3328 114.8369 107.6481 107.4109 112.9304 112.8657 111.2717 115.2587 110.2141 110.3405 110.1105 113.0010 118.2442 117.7131 114.8530 112.4034 116.4271 114.1523 116.3898 115.1806 115.8128 116.8263 117.1989 117.4100
111.6700 109.0168 109.4108 111.1310 110.8717 112.4507 111.3610 112.2309 107.9005 111.7772 111.4212 114.0882 112.1326 109.4736 112.2179 108.1769 108.2200 112.2130 110.7217 112.0012 114.3489 114.3811 107.6929 111.4894 113.7394 111.0760 110.8950 111.9487 113.1747 116.1822 112.5972 114.1549 115.0637 111.4758 115.6039 113.5771 114.7298 115.6570 116.3143 116.6500
111.6700 109.1293 109.2432 111.3719 111.8674 111.5960 114.7644 115.1322 108.5714 109.0408 109.8135 110.8916 108.2696 108.7722 108.1730 108.7641 107.8072 107.5269 106.0805 112.3043 113.6547 112.0279 107.7352 108.4068 107.2922 110.4123 112.9591 112.1814 114.9966 110.8213 112.5922 115.0380 115.1903 112.8492 115.4850 112.3801 113.2579 114.0226 114.8864 115.1500
108.0600 110.3648 109.1554 108.7562 108.7589 108.1004 110.6395 112.7686 110.8632 110.3096 106.7952 108.3172 108.0013 109.0152 108.2280 108.1067 106.9486 107.1041 107.3710 114.6814 113.2486 113.4033 108.2819 111.9901 112.0262 111.6164 111.7798 113.1054 109.7413 108.1784 108.3785 113.0212 109.6173 114.0036 110.9980 111.1921 111.5885 112.7019 113.5032 113.9100
109.8700 109.5553 109.1301 109.0041 110.1203 109.1931 109.0688 109.6048 111.0547 108.6319 107.1733 107.7555 106.7813 108.4516 108.2325 108.4006 108.7669 107.6661 107.8261 112.8955 113.5486 112.4790 107.5085 110.2855 110.6488 110.9331 112.4266 114.9060 111.0121 110.1257 106.7401 112.0143 111.3048 112.9932 114.5279 113.5409 110.8812 111.2803 112.2971 112.2800
109.2900 108.5176 109.5293 109.8410 109.3376 108.8984 109.2225 108.7503 110.1738 108.5757 107.7691 112.9823 106.7819 108.3264 108.0637 107.5632 107.5324 109.1029 107.3833 110.2949 111.1888 109.0117 107.4926 107.5759 109.6408 109.2423 113.3974 113.0789 108.8601 106.9465 109.5201 107.7421 109.0623 112.8864 112.9712 108.0707 108.7873 110.0640 110.9390 111.8100
113.6000 111.8865 110.3592 109.1419 109.4215 108.5685 108.1371 108.7496 108.5592 108.0785 107.9295 109.8076 111.1269 108.3766 107.3195 107.0967 106.8956 107.1755 106.5071 108.7444 107.4248 107.1952 106.8032 107.7655 111.2206 108.0931 111.9350 113.3204 107.9477 106.0444 107.5671 107.5152 110.0019 111.9849 112.0745 107.3498 107.9796 108.8924 110.2995 110.3900
112.9100 112.4494 113.9430 110.2581 109.4752 109.1455 108.7490 107.6012 107.9555 106.7270 112.4689 108.7467 108.9533 107.0108 107.5657 107.8177 106.9450 107.0217 109.9283 106.3102 106.0548 107.1976 107.1212 106.8838 107.4891 106.2597 107.4686 107.4359 105.9927 106.7617 107.2784 106.8518 108.8145 110.6137 111.4884 107.0830 107.0814 108.0534 110.9540 113.4100
112.9700 111.0356 112.1803 112.0757 108.6354 108.9049 108.9599 107.7417 108.6486 107.4230 108.9924 108.2544 107.2552 106.4253 107.0268 106.3085 106.2267 105.2424 107.5336 105.1250 107.0097 106.6920 105.5924 105.3378 106.9183 105.9619 105.8853 106.3454 105.9012 105.6285 107.0228 107.8103 108.4058 109.7625 112.0232 110.4254 106.0958 108.8670 107.5037 108.8200
112.4800 113.0261 114.8543 115.1612 108.0991 107.6320 107.4025 108.4387 107.8125 106.7935 106.4615 109.4927 107.2965 107.1561 107.9696 107.3677 106.7028 105.7187 106.3802 105.3973 105.7007 105.6367 104.9766 104.9007 106.6124 105.5852 105.6007 106.1744 105.3276 105.9560 105.0802 107.3798 111.8519 108.2666 110.0837 106.8566 107.3720 107.1264 107.4985 108.5400
113.3800 109.0528 113.8880 112.7325 110.1795 109.5770 108.9611 108.3447 107.7287 107.7566 107.0156 110.5241 107.8368 106.7438 111.5969 107.4732 105.8243 106.2920 106.2414 106.8171 105.7307 104.6264 104.6923 104.4724 105.5765 105.7692 105.1763 106.0955 106.3575 106.5438 106.8514 104.9107 106.9625 106.2922 107.4889 107.5934 106.5909 107.9323 106.9188 107.0000
109.5200 110.1717 110.0313 110.4900 109.0684 114.2332 108.4413 108.2201 107.5768 106.9660 107.7165 106.8042 107.0823 107.0118 108.5084 105.2989 105.5569 105.2604 104.9014 105.6938 104.0731 104.6465 105.0064 104.0294 104.0565 103.9313 104.9568 105.3033 105.5979 106.2653 106.7555 105.7994 106.8819 106.8068 107.0961 106.7074 106.7854 107.5574 106.8486 107.2000
112.8900 113.1136 109.9301 109.3091 108.1609 110.5694 109.7643 107.4278 107.1099 106.1121 107.3685 105.6007 105.0231 107.2870 106.9510 105.6825 104.1466 103.8804 104.8578 105.2699 102.9769 103.5394 103.0273 103.1250 103.0613 103.8381 103.1634 104.8341 103.3278 104.3837 105.5047 105.5669 106.4123 104.9290 105.6745 106.4806 106.1337 106.6808 106.5692 106.7500
112.8900 110.8596 109.4216 109.1592 108.3265 108.1176 107.6582 106.2991 107.3674 106.0462 106.8791 105.4183 104.9960 105.7299 105.7640 106.1212 103.5175 103.4508 102.6968 102.8217 102.0229 102.3646 102.2801 102.2060 102.2604 102.3075 102.6885 104.4655 104.5209 104.8553 105.2055 106.0772 104.5325 104.9992 105.7276 107.1207 106.6964 107.4609 106.9636 107.6900
113.4000 113.1083 111.3558 107.7659 108.6738 108.0768 106.9101 107.2131 107.0323 105.7377 105.1538 105.7801 105.2501 105.4371 104.0475 104.4050 102.8385 102.6121 102.1112 101.9424 101.7283 101.5765 101.3325 101.4369 101.2842 101.7975 102.0666 102.3385 102.1737 103.3765 103.4348 105.2323 105.2623 105.2323 104.7713 106.0789 106.1700 106.5653 107.7084 107.8400
114.4600 109.2269 107.1332 110.6707 107.2513 107.9330 107.6149 106.0115 106.5634 105.6954 105.3173 105.5485 104.5570 105.4827 103.0309 102.9086 102.3299 102.1160 101.3723 100.9795 100.5866 100.7257 100.7290 100.7035 100.5412 100.7361 101.1775 101.7575 101.6013 102.4010 104.5020 104.6691 105.1292 105.3974 104.9482 105.2116 107.0853 106.4772 107.2252 107.5000
110.2500 108.7612 107.5658 110.4915 109.8923 107.5463 107.2223 106.4943 106.1382 105.1914 104.6463 105.4925 105.0854 103.4051 103.0220 102.2005 101.8306 101.4081 100.4450 99.8533 99.5098 99.8077 100.0112 99.8528 99.7275 99.3230 100.4989 100.5220 100.9048 101.2672 102.1470 102.5710 103.3546 103.9765 104.4743 105.5495 106.8735 106.1928 107.1432 106.9800
108.7200 108.7382 108.5770 106.5816 107.9546 107.2248 106.4361 105.6920 105.2988 104.9867 105.8000 104.7627 105.2167 102.8648 102.3315 101.7403 100.9770 100.5414 99.5472 98.8379 98.1394 98.0979 97.9327 97.9703 98.2420 98.7822 99.6791 99.8177 100.4769 101.1507 101.7168 102.4910 102.9532 104.3525 105.0083 106.2843 106.0859 105.5492 107.7676 110.8200
108.7700 108.6845 108.5089 107.7880 107.9009 106.2682 105.7395 106.2363 105.5614 105.3876 104.3941 104.7677 102.9583 102.1639 101.9268 101.4215 100.7742 99.7476 98.8844 97.9240 96.6265 96.3938 96.0439 96.0673 96.4183 97.2904 98.0110 98.5666 100.1033 100.6991 101.4716 102.0832 102.6478 103.1052 103.8108 104.9773 104.8804 107.0873 106.8115 105.9800
107.8700 107.3749 106.9880 106.8980 106.9027 107.3267 106.4154 106.2339 105.6127 104.9493 105.3509 104.5271 102.6727 102.0288 101.2290 100.7141 100.1026 99.0854 98.3188 96.0583 94.8407 93.7545 94.0546 94.5370 94.7292 95.1549 96.3334 97.5360 99.2332 100.0555 100.8511 101.7538 102.3174 103.0168 103.9949 104.7027 104.3602 105.6708 107.2045 107.0000
108.3400 112.9047 113.7183 108.4880 108.0026 106.8675 106.9680 106.0571 104.5771 105.2531 104.6603 103.0024 102.3130 101.7347 100.7953 100.1485 99.3714 98.4001 97.1836 94.4025 92.8569 90.1809 91.1310 91.7058 92.3306 92.7404 94.6324 96.3964 98.2234 99.2646 99.9811 101.2684 101.7696 102.6430 104.4571 104.6015 105.7374 105.3706 107.3376 107.0400
108.1800 108.9395 106.3126 108.4704 106.0908 108.2223 105.6916 106.0723 105.8563 105.4514 104.4015 102.9900 102.1176 101.6094 100.5140 99.8328 98.9202 97.5871 95.3530 92.9802 90.3509 90.3634 85.1347 85.8466 88.1890 89.6517 92.1612 94.3865 97.2390 99.1153 99.5514 100.7397 101.1486 102.4617 103.4919 104.6671 105.8390 105.4882 105.6565 106.1500
107.2100 106.8718 109.6513 107.6401 105.6136 108.5625 110.5149 106.7583 106.4482 105.3542 105.5819 102.7375 102.0766 101.1812 100.2958 99.6804 98.3378 96.2708 94.9862 90.5636 87.1673 85.1827 79.0374 79.0313 81.7757 86.8636 90.9591 93.3791 96.8333 98.1171 99.1621 100.1566 101.3249 102.3202 102.9370 104.6274 105.9019 105.0338 105.9262 105.2700
107.4300 107.4033 107.7393 107.2073 106.5639 107.4710 107.9246 108.6761 105.7863 104.7144 103.8862 102.7375 102.0515 101.0164 99.9780 98.9477 96.9588 95.1391 92.7817 88.9969 83.8690 76.7620 72.0348 72.7616 77.1765 83.9382 89.9279 92.7003 95.6427 98.4176 99.0941 100.1379 100.9884 102.3350 102.8380 104.5817 104.7701 105.1964 104.9751 105.2600
108.4500 107.3877 108.2112 107.5518 106.7788 106.6201 105.9283 106.4183 106.3210 105.1241 103.3941 102.6662 101.9729 101.2437 100.4299 99.1754 97.5729 95.2449 92.6248 87.6689 81.8553 69.1309 61.2060 62.5217 71.5003 81.8640 88.9925 92.2370 95.1314 98.3391 99.4566 100.3202 100.8106 102.1652 102.4957 104.3412 104.6690 105.8943 105.9385 105.7100
108.1100 108.0435 108.4620 107.2915 106.8527 107.4984 106.2044 106.5025 105.9892 105.4461 103.3542 102.7205 101.9891 101.2086 100.5051 99.2680 97.8750 95.3716 92.7779 87.8564 82.3060 73.4406 65.4762 64.0717 73.1093 82.4547 89.3940 92.4214 95.2310 98.3819 99.5160 100.3298 100.8468 102.1223 102.5090 104.9240 104.0114 106.3670 106.4434 105.7100
108.4600 107.7771 107.4949 107.5197 106.7994 107.3442 107.0495 105.9914 105.1458 105.7006 103.8498 102.8339 101.9579 101.3082 100.7280 99.1173 97.4139 96.0526 93.8051 89.2802 85.0210 81.7594 75.8433 74.3381 82.2788 84.2686 91.0971 92.9996 95.8050 98.2893 99.7178 100.0706 101.3425 102.1389 102.7861 105.2754 105.5556 104.5618 105.6449 105.3600
108.4800 108.7362 107.3983 107.0541 106.1907 107.2697 107.2125 105.2970 104.4728 105.7166 104.9885 102.8146 102.2463 101.7135 100.6805 99.2756 98.4196 96.3432 93.4437 91.5767 88.4387 87.9012 83.9054 88.0122 86.9780 88.8494 91.3534 94.4303 96.9602 98.8371 99.9825 100.6110 101.6634 102.4235 102.9393 105.1272 105.9189 105.2122 105.8732 105.5300
108.7700 109.0872 107.2247 106.8670 106.6690 106.6468 107.0259 106.6876 105.6076 105.7684 105.7300 102.9250 102.4933 101.9072 100.9880 99.8328 98.9467 97.6482 95.8846 94.2728 92.3874 91.3554 88.5417 88.9063 90.6685 91.2936 93.4598 96.2527 97.3410 98.9585 100.2278 101.1303 101.6639 102.3989 103.5033 104.5756 105.6936 106.1630 106.1015 107.0400
109.0200 108.7462 107.4263 106.9774 107.6491 107.4530 107.0942 106.3953 106.8935 105.1398 106.8302 103.1779 102.7371 102.0899 101.2853 100.3720 99.3754 98.8499 97.4190 96.2330 94.6103 93.6014 93.4234 92.9869 92.3959 93.8039 96.0103 96.8292 98.1836 99.2345 100.3790 101.2773 102.1406 102.5036 104.5316 105.2200 105.6128 105.3935 105.9883 106.7400
108.1500 107.6487 108.0916 108.0419 106.9424 107.1119 106.7063 105.5179 107.4156 107.6305 107.3435 104.3122 102.7681 102.4313 101.9794 101.0947 100.4013 99.6657 98.7658 97.6946 96.8242 96.4487 95.9041 95.8328 96.1720 96.6041 97.3500 98.5105 99.5832 100.3412 101.1830 101.5101 102.4932 102.6825 105.3257 105.0100 105.6638 105.1379 106.1232 107.3000
108.7400 108.1984 108.0193 107.1130 106.3605 106.6433 108.2619 107.1476 107.4268 105.9746 103.8437 105.8763 103.2423 102.7843 102.2850 101.6323 101.1523 100.4743 99.6433 99.0111 98.4046 98.0035 97.0778 97.0934 97.7161 97.8669 98.6371 99.4289 100.2137 101.1157 101.7167 102.1758 102.8356 104.6854 106.0143 105.3632 106.3412 106.4060 106.8404 105.7900
107.7300 107.5119 107.8018 108.0385 108.9950 106.8852 106.8445 106.1293 107.1050 106.7572 104.5797 105.1337 103.6351 103.1177 102.6784 101.9740 101.5743 101.1471 100.2994 99.9782 99.8424 99.3353 98.4576 98.8483 98.8792 99.4210 99.9324 100.5012 101.1173 101.7744 102.2496 102.6757 103.9889 106.1973 104.8865 106.3306 106.4626 106.5447 106.2359 106.3800
111.7700 107.8959 107.3429 109.3859 108.2009 107.1026 105.0928 106.3417 106.9548 106.3920 105.1482 104.4302 105.8779 103.4446 103.2021 102.7294 102.2390 101.8423 101.5043 101.1554 100.7155 100.5583 100.2264 100.3481 100.3777 100.8262 101.0852 101.4218 101.7010 102.2619 102.9101 103.2251 104.0322 105.4787 104.4942 106.7783 107.5104 110.4467 109.0009 107.5300
102.5500 111.4518 111.9477 108.7708 107.2761 107.2565 107.9364 107.8577 107.2894 106.9445 106.2791 104.6978 106.5711 105.7817 104.4892 103.1757 102.9776 102.5270 102.2075 101.9461 101.6566 101.5271 101.4665 101.4460 101.4290 101.6757 101.8678 102.1441 102.5212 102.9582 103.1057 104.5561 108.3157 109.6455 105.7948 106.4201 107.6368 107.6666 111.7067 105.8000
113.6800 113.6800 107.9800 107.9800 106.9700 107.1900 108.2300 107.7200 106.0200 107.3300 106.6900 104.9900 104.9900 105.9200 104.6800 103.7100 103.3200 102.9500 102.5700 102.5700 102.1400 102.1000 102.1000 101.5300 102.1500 102.0100 102.6300 102.3300 102.8400 103.3600 103.7100 105.7800 106.3000 106.6800 106.6800 105.3300 105.6100 109.7800 106.8300 105.4600
