109.3200 109.5200 109.5200 110.6400 108.5900 109.5600 109.5600 109.4800 108.5200 109.2000 110.8400 108.7400 108.7900 117.0600 111.2200 115.5600 113.2600 111.1200 114.7000 115.7100 109.9800 111.4700 115.9400 113.2600 111.2500 118.2300 116.5900 117.6100 117.5000 115.0100 117.2300 116.9800 116.9800 116.3500 116.4200 115.6700 115.6700 115.4300 115.1800 115.3700
112.6800 110.1348 110.3889 109.0066 109.9063 111.9160 108.3451 111.0340 109.3884 108.2257 109.3689 111.2189 112.6970 116.6040 111.4137 113.5728 113.4539 112.0987 114.5848 115.7811 109.1419 110.5010 113.8568 111.8727 111.0913 115.7097 115.0466 118.7163 115.9367 113.9727 113.4097 117.4896 115.4962 118.1183 117.3030 116.5644 115.8554 117.5050 115.4428 117.6000
110.9500 109.1774 110.2321 109.2673 110.7343 109.7704 111.4698 108.7494 108.8399 110.9986 109.7583 110.9369 112.4532 115.7779 110.6296 115.6433 113.6615 113.0245 111.8374 115.2518 107.5157 107.1055 109.8178 110.1770 109.3600 115.7506 116.6794 119.1918 117.5564 115.1333 112.8245 112.1393 110.0195 111.0060 111.8244 116.2408 116.5715 117.0211 116.0963 116.1400
109.8500 109.7079 109.9577 108.9745 108.9084 108.3278 111.7042 110.3063 109.7065 111.7293 111.3119 113.0547 114.2949 114.9531 109.5773 113.9529 114.8451 110.9662 111.1568 110.8286 107.9715 108.7303 111.8398 109.1280 108.8095 114.6885 114.0300 115.1986 116.9062 113.4475 113.0077 111.7334 115.4201 114.7313 115.6740 114.7766 116.3981 117.2713 117.2256 116.7200
120.0200 113.7631 109.3771 109.8244 108.1528 109.3701 110.8914 112.8910 112.2389 111.2679 112.0650 110.4236 111.4528 113.7222 108.7462 112.6331 111.9277 108.7792 111.0242 108.1905 108.6881 111.1819 113.8193 114.7808 108.5315 111.8031 114.3769 114.9610 114.8012 114.7041 113.4000 114.4596 115.5870 113.0701 114.7347 117.1702 118.1820 118.5332 117.5892 117.4900
120.0200 116.7847 110.1010 110.2259 107.8822 111.2488 110.2149 114.2602 111.2790 110.1562 114.6317 115.0411 110.7877 112.9015 108.1336 107.2477 107.3013 108.0711 110.8073 109.2110 107.7051 111.0228 112.0558 112.9019 108.9025 108.0428 107.7973 112.0345 114.9379 113.1090 116.4606 117.3265 114.7393 112.8842 113.8627 113.7764 117.2643 118.6178 118.0663 117.4900
110.3900 110.0116 108.9765 112.8224 108.5813 111.0111 109.8940 112.5551 110.9506 112.0818 115.3182 108.7070 109.3893 110.4350 114.6334 108.2923 109.5874 107.3854 108.8811 110.2111 112.5938 108.6079 111.1991 109.1190 109.6793 109.6968 109.6351 108.8174 109.3820 112.8633 116.7435 115.9775 114.7221 111.3557 115.3998 119.3258 120.0816 119.5567 119.0269 118.7400
110.3900 109.7673 110.7234 114.5622 110.9930 110.1266 111.4450 112.3533 110.0724 110.6162 114.9586 114.9326 113.5990 109.8625 111.0640 112.9187 109.3025 107.8093 108.3993 113.6755 112.6441 108.8144 110.8915 108.0421 111.7472 110.0569 109.7676 109.5504 109.6218 111.9705 116.5527 116.1843 115.2419 107.7974 109.9547 117.1100 120.2751 119.4913 119.8136 119.1300
115.8400 113.1827 114.3671 114.6200 114.3444 110.1881 115.2877 111.8935 109.0636 109.4557 112.0308 114.8231 111.5336 109.5883 109.0544 112.4515 108.2761 108.3776 108.1342 108.0592 113.6221 113.5145 112.4455 106.9554 111.3788 108.8254 111.8588 108.6241 109.5585 111.2738 110.9253 113.2667 110.1918 108.6599 108.9478 110.3933 117.8328 119.9442 118.7375 117.1500
109.8100 111.9490 111.8097 110.2564 108.3181 108.0378 116.0769 108.7482 110.1560 109.6987 108.7451 109.8560 111.8934 108.7393 108.7306 109.2788 108.3335 108.0291 108.2210 109.4643 114.1382 113.5921 111.4272 109.6120 109.2297 111.6708 108.1957 109.9317 108.4059 109.7398 111.1614 113.7297 113.3271 109.6338 115.8930 110.7371 115.4728 118.5430 116.4136 116.1000
108.2100 111.9449 115.1050 115.0872 113.3511 112.2954 116.5400 108.6933 109.5283 108.3863 107.9180 109.6983 112.0061 109.2251 108.5344 113.7701 111.1997 113.4262 108.8091 107.9484 112.8150 108.6944 116.2768 111.3437 107.1231 109.8248 110.8507 114.8615 112.6410 109.2372 115.6064 112.9443 109.9816 116.4198 114.1871 111.6052 114.5769 116.2717 116.6609 116.6700
110.1600 111.6505 116.2193 114.0037 113.0852 109.9168 114.8047 113.1187 110.5586 109.4546 108.5139 108.7921 109.8872 108.9349 107.9231 113.8108 111.3890 113.2231 108.1177 108.4103 110.8318 112.9619 114.1532 110.5672 107.6037 110.6842 113.2902 112.9587 111.8488 107.4621 111.5354 108.0766 110.8572 111.4328 110.5648 111.3172 111.3126 114.7473 115.6739 112.2700
114.7800 113.2868 113.7879 115.9829 111.6966 113.4194 115.7523 112.3056 109.6669 108.6603 107.7745 110.2322 107.8072 108.2579 107.7409 108.3254 112.8173 114.6812 107.0533 108.2798 108.0834 111.1103 111.5310 113.4835 115.5697 110.4782 112.8866 111.3778 110.8343 108.1351 108.1864 109.7903 114.4619 108.0010 110.2593 112.6051 111.8421 113.1779 113.5503 115.4100
109.7600 109.5741 110.0876 116.2169 108.5887 113.3161 115.3500 111.2220 113.8418 110.2502 108.3190 110.0692 107.9539 108.1267 107.5513 106.7757 111.0181 109.8077 106.8630 107.4978 107.9938 109.4029 109.7344 112.7022 113.5507 109.1163 110.9711 109.4787 108.8150 110.4428 108.8294 111.7983 113.4604 110.5807 112.9272 110.2525 109.2063 109.3749 108.2307 108.9900
109.7700 109.4448 108.9995 111.2426 108.5400 111.5362 114.1873 111.7420 110.6034 108.3709 109.7824 110.5110 108.7307 107.4001 108.0177 106.9256 106.0979 107.7355 106.9862 106.9466 107.0925 107.8388 107.5288 112.6164 106.8213 108.3264 113.4071 111.3157 113.4796 111.5629 108.1030 112.0647 115.8392 111.9211 112.2154 109.7036 109.3739 110.9670 108.7230 108.9900
109.7400 108.1730 108.2492 109.3678 107.7788 108.2883 112.3743 113.3143 113.1342 106.9092 106.7857 105.9026 107.0769 107.9714 107.5692 107.8644 106.7900 107.4739 106.3575 106.9040 106.4229 105.9204 105.3630 107.4113 108.4178 108.4696 107.6447 112.7796 110.2780 113.6694 111.1954 112.8456 114.1321 111.1905 108.2898 108.6764 108.8440 109.6799 111.5477 108.2500
113.3200 110.3090 108.3181 109.2029 109.0450 107.5157 109.7185 112.1990 110.3715 108.2272 107.5002 107.3019 111.3936 107.9400 107.4686 107.1635 107.5112 106.6505 106.5808 107.3101 106.7552 108.5631 106.5259 107.2656 104.5016 110.3219 107.3177 111.2006 111.6397 107.1100 112.9751 108.5780 108.1298 108.1533 107.5343 108.1698 108.7808 107.9515 112.0201 108.2500
113.3200 108.9190 108.0072 108.4391 108.5837 107.2404 109.0090 109.0223 108.3331 106.9972 106.2278 105.3073 106.9243 107.6111 106.8972 106.0753 107.1276 106.3978 107.2119 106.5823 106.0073 106.8702 105.8622 106.5870 106.6754 109.2064 106.3067 110.5411 108.9751 109.5225 108.9935 109.1929 107.4309 107.5518 107.5297 107.8195 109.3567 107.6419 110.1167 110.3000
112.3100 110.5113 109.3880 108.4076 108.9881 107.8801 106.3513 107.3659 108.3046 107.0054 107.4192 106.5580 107.6325 108.6383 106.0578 106.6465 106.2531 106.4893 106.3446 106.9456 106.7754 105.7259 105.7970 105.3034 107.8988 106.8000 107.1013 106.9375 111.5045 110.2436 108.3265 107.8486 107.0104 107.9011 108.3090 110.4808 114.6851 106.6137 109.4814 112.3800
113.2000 107.0774 110.6568 107.1244 107.5530 107.6988 106.8755 107.1865 108.4490 106.5057 107.3980 105.1909 105.3863 106.0391 106.3645 106.4628 105.9582 105.2818 105.8725 105.0483 105.8498 105.4357 104.7607 106.1601 108.2028 106.6148 107.3007 107.0319 110.6516 110.2260 106.7048 106.8846 107.9659 106.8208 108.3700 109.8015 113.4498 106.6740 110.9235 110.6600
108.9400 107.8933 107.6168 107.1924 106.6542 107.7124 106.9544 107.2907 106.7591 105.9713 106.6926 106.3775 105.6111 105.1133 104.4072 105.6006 105.8705 104.2932 105.4480 104.9864 104.5580 103.5288 113.5124 106.7282 105.7063 105.9467 106.7257 111.0878 108.8759 108.0600 106.8229 107.6524 107.9509 107.9559 109.2542 111.7197 109.2828 111.1306 112.5957 109.5500
108.7700 108.5568 106.9434 107.0215 107.3185 106.3873 106.7521 107.1923 105.7640 105.0818 106.5125 105.9547 106.2281 104.2940 104.3060 104.1927 104.1631 104.3132 103.8504 103.4266 103.5951 103.2987 108.6614 105.6791 106.3796 105.7990 106.3342 105.4204 105.6213 106.7605 106.3538 106.8780 106.2514 107.6417 109.2666 107.8250 108.4351 108.4572 108.0584 108.0900
108.1300 107.2598 107.3664 107.9126 106.2825 105.8922 105.8523 105.5220 105.1918 105.0078 106.1338 105.0248 106.2877 103.8851 104.2162 103.1740 103.1926 102.8703 102.7858 102.8553 102.7576 103.0272 103.1738 103.4669 104.7995 106.0953 106.7450 107.0147 106.5627 106.8175 105.9387 106.8587 107.1125 107.6320 108.3967 107.7582 107.1841 107.1077 107.5840 108.4900
108.6100 108.1710 107.4565 107.9822 106.8060 106.6140 106.1170 105.9905 105.8359 105.8273 104.9399 103.7941 103.4921 102.8009 102.7965 102.4732 102.4559 102.3454 102.3835 102.3421 102.0051 102.2149 102.3813 102.8616 102.7587 104.3659 104.3884 104.4598 105.7775 105.0400 105.9923 106.5480 107.4214 107.3968 107.5762 108.2250 107.9642 108.1561 108.0849 107.9300
108.5400 108.2742 107.3225 107.9841 105.9161 106.7336 106.5181 105.3430 106.2464 104.6439 103.5789 103.2034 102.7839 102.4347 101.9477 101.7595 101.8281 101.5507 101.5592 101.4507 101.1299 101.4336 101.4174 102.2658 102.6008 102.6133 103.9420 104.4766 105.0398 104.8246 105.1323 107.2362 106.4469 107.0439 107.1771 108.1482 108.1222 107.7301 108.0944 108.1900
107.1600 106.5031 107.2330 106.8783 106.7179 106.0646 105.8594 104.7027 104.8969 105.2268 103.1778 102.7952 102.1374 101.5935 101.5761 100.9873 100.9706 100.7724 100.5471 100.3372 100.4520 100.4428 101.2768 101.2528 101.6629 102.0133 102.4252 103.6024 103.8765 105.0645 105.5854 105.8740 105.1274 107.3331 107.3833 106.8024 107.7434 108.5711 108.3137 107.2700
107.8500 107.5717 107.7455 105.8533 105.4300 106.6883 106.0333 104.3553 104.8581 104.3606 102.4179 102.1693 101.5871 100.7809 100.4470 100.3848 99.7214 99.2078 99.1039 99.5350 99.3163 99.4954 100.2742 100.1570 100.5656 101.4499 102.1516 102.5679 103.1009 104.1653 106.0606 106.4785 106.7239 106.1308 106.0761 106.8996 106.9329 107.8711 107.3149 108.2600
106.8400 107.7290 107.5133 105.4371 107.3502 106.5633 106.0541 105.0638 103.7736 102.6718 102.1813 101.6497 101.0239 99.9894 99.3312 99.1435 97.8379 97.6095 97.9222 97.8394 97.8619 97.9337 98.7094 99.6286 99.8549 100.7899 101.6348 102.0225 103.0239 103.6752 104.7459 106.6670 104.9460 106.2436 105.6657 106.4012 107.7308 107.0880 107.6036 108.0700
106.6700 107.4565 107.5207 104.8905 105.7595 105.3679 106.0974 105.7118 102.7886 102.4191 101.8873 101.0682 100.2833 99.8507 99.2835 98.3682 97.2591 96.0841 96.1822 95.3209 95.7702 96.3278 97.2878 98.1024 98.8478 100.0153 101.0762 101.5402 102.3380 103.2364 103.7466 104.8128 105.5088 105.8766 105.9429 106.2594 106.9277 107.2657 107.6345 112.3600
108.2500 107.7540 107.2548 106.3317 106.7138 105.4279 103.7256 103.0984 102.5675 102.1888 101.3624 100.5572 99.2314 98.6006 98.0509 95.6105 94.7035 94.0206 93.3153 92.3780 93.2915 94.3876 96.3641 97.0202 98.5505 98.8114 100.3528 101.3317 102.0351 102.8974 103.2861 104.3986 104.7587 106.6514 106.1300 107.2003 107.6558 107.7639 108.1012 107.1600
106.5100 105.9736 106.2915 107.2551 105.5540 104.7500 104.0487 103.9410 102.6460 101.4031 100.4997 99.7908 98.6021 98.1288 97.3508 93.4302 92.2095 90.2173 88.8570 88.5576 90.2147 92.5232 94.8584 95.9103 97.8881 98.5275 99.5625 100.6420 101.7085 102.5557 103.2689 103.3743 105.8432 106.2026 106.7579 106.8592 107.0278 107.7706 108.1029 107.5000
108.0400 106.6996 105.7508 106.4603 105.9407 106.4576 103.4665 103.1356 102.5560 101.2956 100.5614 99.0149 97.9111 97.2629 95.3359 91.9617 89.4837 87.3432 84.9377 84.2931 86.3816 89.3464 92.2338 94.5642 96.3281 97.8652 98.8475 100.5634 101.1319 102.0484 102.9593 103.4096 105.5940 105.8720 106.8152 105.1825 107.7170 107.7574 107.9595 111.1400
107.9400 106.2195 105.4564 105.3600 105.9958 105.8489 103.5278 103.0201 102.1923 101.2924 100.1640 99.2071 97.6086 96.1375 92.9585 89.5640 85.4250 83.3665 79.0329 77.5280 81.9831 85.5532 90.3390 93.6164 95.2507 97.0311 98.6518 99.9420 100.8162 101.8024 102.6463 103.1964 106.0934 105.6437 105.2903 106.5730 106.9759 107.7735 110.1511 108.0600
106.9800 106.8603 106.8147 106.1492 106.5507 103.6642 103.5723 102.8920 101.9372 101.1893 99.7296 99.0531 96.7253 96.2467 93.0258 89.0070 83.8702 77.8928 70.4447 69.9821 76.2718 83.5072 88.5641 92.4462 95.0380 97.0862 98.2525 99.8715 100.8359 101.8825 102.7242 103.6694 105.1757 104.7946 106.5428 106.7142 106.1671 107.1468 108.6722 107.4900
107.8600 106.8274 107.0196 105.8202 106.5462 103.9131 103.5964 102.8434 101.8904 101.1905 99.2491 98.3826 96.2223 96.4564 92.6311 89.3317 83.5254 73.2091 66.3321 66.3667 72.5466 82.5913 87.0545 91.1031 94.2965 96.3090 98.1408 99.7530 100.8449 101.8888 102.6256 102.8691 105.6439 105.2862 106.2713 106.9429 106.6257 106.1402 110.7555 112.3100
108.0300 106.4071 105.6704 107.0506 106.0089 104.0699 103.5304 102.7184 102.0300 101.1513 99.5437 98.3378 96.4999 95.3777 92.8281 88.5114 84.4008 76.8007 66.7145 65.3151 74.7542 84.0699 88.3344 91.3403 94.2482 96.4255 98.3739 99.7828 100.7698 101.8784 102.7010 103.6229 105.6478 104.6600 105.2550 106.9206 106.2183 106.9412 109.7219 111.3300
108.0300 106.9779 106.0748 106.8401 104.9675 103.9966 103.4878 102.8324 102.0565 101.0783 99.9895 98.4758 97.5618 95.5981 93.0849 88.8420 86.2176 83.2085 75.6467 73.7325 80.7347 86.1993 89.6428 91.6712 95.4892 97.4591 98.8095 100.2298 100.9873 101.9791 102.8690 103.4489 105.0773 105.4026 105.6245 105.5893 106.8980 107.6464 112.3265 112.7900
107.6900 107.1874 107.0687 106.6399 104.3745 105.7107 103.4067 103.0747 102.3152 101.3803 100.5452 98.9951 98.4010 97.1608 94.8949 92.2709 88.8029 86.1968 85.8601 85.5838 87.3182 89.3729 92.6767 94.7000 96.6098 98.3604 99.6115 100.4504 101.2917 102.0913 103.0193 103.3683 105.4826 106.7419 105.5607 105.3933 107.0156 107.6661 111.8724 106.7400
107.1500 106.8765 107.2078 107.0016 106.7237 106.5042 103.7123 103.3273 102.5793 101.8948 100.7351 99.8091 98.6917 97.8257 96.6620 95.3230 92.9157 90.6501 89.5330 89.9601 91.1406 92.7941 94.9426 96.5361 97.4459 98.7533 99.9764 100.6690 101.7576 102.5386 103.0486 103.8807 106.4896 106.7931 105.9336 106.2747 107.5657 107.8603 107.9848 110.0000
106.2000 106.2000 106.8000 107.1000 107.0000 106.1900 103.6200 103.6200 102.6200 102.2000 101.5900 100.2100 99.6100 98.1500 96.9600 95.6800 93.9500 93.9500 91.6900 91.7200 93.7500 94.4200 95.0100 96.3900 98.9400 99.4300 100.4500 101.4800 101.4800 102.6700 103.4200 105.0200 106.3600 105.8300 106.5300 106.2800 107.6700 107.9600 108.1100 107.0700
