113.2400 110.3700 107.7400 107.6100 107.2600 105.4100 105.0500 108.6000 105.4000 107.5500 107.5700 111.5400 104.0000 106.5500 106.5500 103.2200 101.0600 101.2400 100.3900 100.2600 101.0700 101.0700 100.6900 100.6900 101.8500 105.1100 105.1100 108.6500 113.5200 107.7300 105.7400 104.5900 103.8000 104.6900 105.7500 106.9800 109.8500 111.4800 113.3400 115.4400
112.5300 109.3819 107.6906 107.3582 106.4710 106.7794 105.7019 106.1903 107.4725 109.8785 104.2828 107.7604 103.8506 102.0048 101.4719 100.7597 100.3378 100.2646 100.1472 100.0183 100.1311 100.4048 100.7566 101.1885 102.0457 100.2073 101.9496 108.5847 112.8692 112.0509 107.7821 105.5391 104.4230 103.6087 104.8936 106.4182 107.8647 107.6491 112.7684 114.8800
107.0900 106.3142 107.3084 106.9667 106.5442 106.3143 106.5035 105.9245 106.5169 104.8568 104.7641 102.9681 101.4828 100.9464 100.5336 99.7796 99.2577 99.0889 98.8439 98.7241 98.9081 99.2455 99.7321 100.1033 101.1652 100.5888 102.1200 105.3100 111.0646 114.6799 110.4094 107.0707 105.2838 103.8157 104.0898 105.6059 107.5017 108.8094 111.0745 114.4000
107.1600 107.2789 107.6070 107.2025 106.2762 105.3164 105.0426 104.6721 105.1959 103.3738 103.3147 101.6656 100.9287 100.2113 99.6832 98.7989 97.9815 97.3699 97.0674 97.0795 97.3600 97.8765 98.5615 99.2949 100.0321 100.7425 101.8182 101.6419 106.6046 113.5988 112.8056 108.6890 106.1348 104.3034 103.5877 105.0325 106.5932 108.6077 110.9693 112.0600
106.9400 107.4573 107.5188 106.9271 106.7560 104.9893 104.4580 105.6704 103.5038 104.3420 102.4261 101.1390 100.3020 99.3341 98.3153 97.4311 96.3114 95.4107 94.9363 94.9272 95.3820 96.1538 97.1232 98.1353 99.1263 99.8654 102.1858 100.2461 103.4858 108.5879 113.6464 110.5384 107.0717 104.8750 103.5679 104.2565 106.0344 107.9234 110.0727 111.7300
107.9000 107.5786 107.0277 107.0840 105.3169 105.3163 104.8832 105.1832 105.2943 102.9537 101.9906 100.6417 99.6167 98.3183 97.6093 95.9912 94.0171 92.7758 91.9913 91.9676 92.7143 93.9125 95.6663 96.7885 98.1121 99.2976 100.2823 101.0108 101.8920 105.8487 112.0793 113.0625 108.1327 105.5134 103.8945 103.7642 105.4687 107.3547 109.4729 111.4300
107.6600 108.3559 106.5302 105.8751 105.2132 104.9469 104.3788 103.8588 104.3479 101.7503 101.1364 100.3324 99.3325 97.9013 96.6131 93.9571 91.5259 89.3753 87.9321 87.8704 89.3772 91.5530 94.0831 95.6799 97.1541 98.5622 99.7394 100.7742 101.5062 103.5395 110.3987 114.8624 109.5578 106.1846 104.2976 103.5139 104.9976 106.8923 108.9603 110.9900
113.0000 109.7529 107.3921 106.9704 104.4561 104.3904 104.1218 103.1252 103.1636 101.6455 100.9181 99.6886 98.9561 97.6457 95.8795 92.3280 88.6102 85.0157 82.5787 82.3775 85.6917 88.3146 91.4748 94.9940 96.2126 97.8506 99.2672 100.2018 102.2045 101.6230 108.1353 115.2670 110.8077 106.7185 104.5556 103.4719 104.6125 106.5571 108.6077 110.8500
112.6600 112.0244 107.4648 106.5425 104.2910 107.3575 105.4708 103.5388 102.8487 101.4169 100.6810 99.2915 98.2265 97.0762 95.0969 90.0228 84.9850 79.8326 74.1712 73.9363 81.9427 84.8133 89.5395 93.2863 95.5989 97.4464 98.8594 100.0121 101.4218 101.0649 106.5849 114.8662 111.8035 107.1557 104.8083 103.5357 104.3868 106.3467 108.3471 109.0800
109.5100 107.6783 107.2173 104.8118 105.6322 106.3266 105.8173 104.2281 102.8562 101.4263 100.5469 99.2359 97.2141 96.3772 92.9680 88.6709 83.3206 74.9749 67.9720 67.7851 74.5575 82.7810 88.1181 92.2195 94.8309 97.0072 98.7966 99.8214 101.1821 102.4011 107.3041 113.6672 112.2725 107.4630 104.9559 103.5789 104.2540 106.1888 108.2050 109.0200
111.6800 109.8097 110.0598 104.4604 103.3943 109.4364 104.9610 104.7393 102.0465 101.3581 100.4962 99.4406 97.6043 96.2157 92.4324 88.2624 82.7478 73.4576 65.9371 66.0464 72.7543 82.0234 87.7797 92.1839 94.6830 96.9076 98.7760 99.7991 101.2642 103.2238 107.2698 113.7102 112.3695 107.5220 105.0128 103.6081 104.2706 106.1868 108.1826 108.9900
107.4800 107.2014 105.9065 105.0911 105.9276 105.9108 105.5620 103.9445 102.3951 101.4720 100.6430 99.5854 98.2717 96.9841 93.7270 89.5286 85.2162 81.4467 71.1195 69.7427 79.3088 86.6172 89.2488 93.4313 94.9584 97.3083 98.7143 100.2003 101.1630 103.9056 106.5969 105.8385 110.3403 107.3671 105.5646 103.9729 104.7654 106.5224 108.4519 109.1200
107.7800 107.5641 106.0615 107.1688 105.3646 104.1319 105.5754 105.1181 99.0709 101.3899 100.8315 99.8787 98.7609 96.8744 93.3349 92.4498 86.8296 84.5375 81.1853 79.4171 88.2517 90.5194 92.0532 94.8427 96.0475 97.5400 99.0672 100.5252 101.3970 104.4545 102.4761 105.1781 102.6866 105.0716 112.2941 108.7841 112.4338 110.4980 110.5999 110.7900
107.8600 107.1409 106.9315 106.7397 105.3488 105.8564 105.1088 104.4696 102.7795 101.8813 99.2108 100.3059 98.9500 97.2740 95.0494 94.5901 91.0109 90.6600 97.2955 88.7311 91.8140 90.2984 93.9594 96.1554 97.3931 98.2228 99.7458 100.7700 101.8186 102.4051 103.4882 105.3221 103.5273 105.9299 110.0921 107.8286 109.5003 108.0619 109.6455 108.7600
107.7900 108.7731 108.5265 105.8936 105.3269 105.2503 106.3947 102.6726 103.3705 97.8229 95.5929 100.9026 99.6322 97.7751 97.0023 95.7092 97.7553 94.5528 102.3480 93.6158 93.8816 94.3510 94.9055 97.5840 98.8245 99.2110 100.4985 101.9097 101.9411 103.3820 104.1868 104.5466 104.2868 104.9497 105.1529 109.8732 106.1779 104.9181 109.1368 108.8500
107.9200 113.7035 109.9853 106.7832 105.3514 104.9547 104.3574 101.6136 105.0655 96.9805 100.5681 100.5135 100.3239 98.8579 97.9232 96.1567 92.9838 94.8466 96.3738 95.1328 95.0989 96.3755 97.4768 98.5577 99.5436 100.3339 101.0357 102.8258 103.3927 104.6213 107.1779 104.2886 108.2094 103.7197 110.2096 113.1381 109.8157 107.1267 110.0486 107.3500
107.9000 109.4319 107.0878 106.1959 105.1792 104.6720 105.1154 105.7131 102.2144 101.2347 102.3639 101.9307 100.8303 99.8702 99.0479 101.5878 93.7673 95.5070 97.3672 96.5113 97.5501 97.9336 99.4058 99.2829 100.1181 100.9155 101.5691 102.5401 104.7599 105.7676 104.1847 105.0482 105.8371 104.9799 107.7530 107.6610 110.3952 110.8722 112.8723 112.5400
107.6600 107.3809 107.3037 106.4331 105.5776 106.2698 106.4458 104.5364 102.9593 104.2804 102.4817 101.8250 101.9342 100.8982 100.0380 100.9420 97.7987 91.9300 99.3797 99.0047 98.9383 99.1720 96.9720 101.8897 101.0626 101.4468 101.9568 103.8155 103.1621 104.8406 105.3557 104.7730 105.3646 106.7725 108.2424 108.0907 105.5432 105.8548 108.1943 106.4400
108.3000 108.3152 107.0570 107.1652 107.3017 106.9176 105.7793 104.2795 105.8133 101.4386 105.9034 103.9534 102.5268 101.4796 101.2775 100.3690 100.9208 100.9739 91.6054 98.4980 99.8924 100.3570 101.3857 100.9393 101.6225 102.3357 103.3497 103.6540 104.6443 103.9689 104.9516 106.3985 104.5634 106.8227 105.7862 108.1331 108.8182 111.8640 110.6898 107.8100
108.4600 108.3651 107.1735 106.6459 107.4914 107.2468 105.4342 102.5804 106.0284 107.0811 107.0059 104.4991 104.2619 102.1158 101.7790 101.8590 101.0876 101.8117 101.9587 101.2604 101.0975 101.4026 101.3929 101.8148 104.0066 103.0933 103.4046 101.1686 106.2905 106.2200 104.8204 105.7523 106.1813 107.3995 107.4294 107.2065 107.7842 107.7907 113.1674 110.9600
108.3100 107.9377 107.6145 107.2057 107.6727 107.3369 106.5672 105.2464 106.3237 106.2621 105.7449 104.1164 103.8018 104.4546 97.3132 101.6914 102.4546 99.3372 102.0456 101.7659 101.7975 101.9964 103.0451 103.0922 103.0874 104.2700 105.5920 101.3956 105.4341 110.3958 107.4732 108.6862 106.0016 106.2462 113.0953 109.1315 108.2615 108.9275 112.5334 109.0400
108.2500 107.4992 112.3867 107.3310 107.5671 109.6351 107.0777 105.2479 106.7901 106.0941 105.5086 104.6368 105.6484 104.6347 100.6534 102.5501 104.2673 96.9218 103.6725 103.0247 104.0179 103.7929 101.4466 96.4196 104.7245 104.2235 105.8930 104.9322 106.7327 105.1176 106.5447 108.5247 108.0802 105.1801 105.2857 106.9123 108.3453 109.1359 108.9157 113.7200
108.8400 113.2149 107.9827 107.8816 107.8365 106.9353 104.6195 106.4022 106.5709 105.6986 105.8725 106.3389 105.5327 104.0476 104.5139 103.8672 104.0611 102.7125 104.8144 103.3601 105.5700 104.3321 98.7505 101.4633 104.5322 103.7690 106.0284 105.2105 104.7842 105.4187 106.4462 106.4912 106.9982 104.8873 106.6702 108.5173 107.6010 108.0404 108.7030 109.0700
109.8700 109.0643 109.0633 106.8614 110.7228 107.8546 106.1754 107.4946 107.3840 105.8131 105.5764 106.2484 105.2594 105.4383 106.3679 102.8014 100.8070 100.2268 106.1685 104.7014 105.4679 104.9764 103.0123 104.6960 104.2568 103.1312 105.7857 105.8748 102.3376 106.2407 104.4168 105.9599 106.9184 106.2301 105.9326 107.6383 108.7367 102.9111 109.1941 109.1400
103.7500 110.7723 110.8779 110.1906 106.6735 111.6289 107.3422 108.2386 109.5851 106.1295 106.9326 104.5261 105.4402 106.3544 106.3385 103.4694 101.8817 101.9813 102.3985 102.3417 105.8761 105.3249 105.7645 104.2352 107.0964 107.1712 105.2376 104.9564 105.5521 106.3332 106.4821 105.6589 107.3145 106.5039 108.3870 111.7088 109.8471 103.0345 110.8128 112.3000
104.4100 109.9437 112.0943 113.7170 108.7400 108.0206 108.6059 111.4252 106.0440 106.0429 106.0029 102.6246 105.0363 106.6815 107.2520 105.9807 102.3362 102.0980 103.7224 102.3578 106.9415 107.3177 106.7821 104.4861 103.3800 106.6530 105.7353 105.8485 104.9915 109.3048 108.3708 107.4422 108.0605 107.2239 110.2297 110.1927 113.4452 110.0989 115.5815 112.3000
104.4100 111.1689 112.0714 110.3213 108.8147 109.7443 114.1561 106.8425 108.0736 106.4720 107.2843 105.7249 106.9293 107.4541 106.7672 104.5667 104.2760 103.8832 103.7419 102.7436 106.7197 106.3434 104.6589 103.4656 105.7566 108.2420 112.0314 107.0074 104.9762 107.4287 111.9786 111.2317 105.9133 111.9827 112.5563 105.6085 110.7370 109.8257 110.3305 107.9300
111.4100 109.8007 110.2026 103.7948 108.6344 111.4381 108.5980 106.8102 108.1710 110.4883 106.2962 107.3357 107.3389 107.1564 106.7570 104.8616 104.6599 104.3636 105.0743 104.0592 105.6635 103.9397 104.8713 105.5637 107.7307 109.1115 112.3633 106.7340 106.1420 111.1922 112.5468 113.8951 113.8781 108.5967 102.8686 106.9733 107.2523 113.6734 112.0123 112.0700
110.4200 107.5355 107.6466 108.5202 105.8340 109.9156 109.0804 107.7654 107.8033 112.0965 106.9959 110.8060 107.8080 108.3602 110.1500 106.3937 106.9261 108.0602 106.5205 105.1317 108.4093 108.1612 106.8393 107.3789 107.2075 108.7882 109.8207 114.2427 107.8201 113.6352 115.4699 114.2828 113.2535 105.3330 107.3309 112.3929 108.3533 109.8494 108.8830 110.0300
106.5200 105.1814 111.8401 113.8204 104.1303 107.6785 108.9129 108.5338 107.7961 107.5253 108.2410 111.9874 111.9785 107.8633 107.2204 107.2249 107.7177 107.8573 106.0844 105.8509 109.4578 109.1415 107.3586 109.0642 106.5055 109.5948 110.1953 111.6008 111.8344 108.5676 111.9328 113.8191 112.0795 111.3200 113.2096 113.7812 110.1561 109.6512 108.1226 107.4700
112.0000 106.8765 110.8641 109.9070 108.7854 109.4553 108.6458 106.7934 107.9899 108.7213 111.9235 114.3255 112.3915 111.9050 106.0505 108.4184 108.1652 108.2879 106.8866 107.0645 109.4723 110.2724 108.6239 111.7072 107.6927 107.6613 114.0364 110.7661 113.6324 112.3473 109.0831 106.6457 114.7373 112.7722 109.5691 112.2855 108.9353 107.8718 113.1143 113.2900
111.0300 112.3546 112.3394 106.3110 106.7221 109.9892 108.7235 106.6088 103.0730 107.0938 114.0397 111.6786 111.2780 115.2752 109.3345 108.6985 108.6991 108.6054 108.1621 109.1971 111.3936 109.7806 108.1734 112.2867 109.5273 107.3273 113.2286 109.4793 108.5032 107.0067 103.6126 106.8007 107.7931 113.9569 108.3298 107.2172 107.5774 107.6398 109.3586 109.3100
111.8900 110.6617 108.9872 108.5297 108.2870 105.8480 108.5146 103.4740 106.9600 108.6836 116.3012 114.3876 112.6445 107.9917 109.3259 108.6514 110.9906 110.6421 110.8353 114.8603 113.9914 110.3795 111.2279 110.2669 108.2099 105.3350 111.7655 110.2761 111.6595 108.7044 105.4675 108.8571 111.1468 111.8360 110.4722 107.2747 108.6052 108.4657 111.1000 108.0500
110.2300 115.8150 108.4420 112.4475 106.7972 108.2382 112.1676 108.1070 104.2013 110.5890 113.5080 107.3043 107.6855 104.2025 107.9552 107.4785 109.5740 105.8300 107.1817 106.5689 110.9767 108.5946 106.3546 109.5669 110.9956 109.9297 112.9262 111.9429 112.2370 111.8961 107.9051 106.1019 107.5672 106.9441 106.9369 107.1946 109.4220 109.3747 112.5640 108.0500
112.2800 112.4022 108.4729 112.7583 108.8833 109.2322 110.2144 109.7196 109.8804 110.4888 114.2051 110.2692 107.5373 104.8545 105.5654 101.7552 104.3683 104.5635 105.1240 104.2948 110.9489 107.7951 109.1605 108.7291 109.5217 110.0755 109.4471 109.6012 110.4954 115.1409 111.0750 109.8674 111.8150 108.0991 109.7364 111.2449 109.6675 110.7135 110.6316 108.3100
109.8700 110.8976 108.5487 109.4194 109.0075 110.4332 110.2141 110.3530 109.9689 112.9028 111.4768 109.7284 110.1670 108.9353 105.5365 105.6829 108.9703 105.3647 104.8677 106.0008 111.9301 110.7597 110.4404 112.2664 114.3216 111.2596 108.3421 108.0444 111.5464 113.6342 108.1787 109.3130 108.4230 108.2177 109.3698 110.9854 109.5282 108.8837 109.6879 109.0000
110.6000 110.2180 110.4366 111.4070 108.5049 113.9883 110.3814 110.0623 112.9060 112.2305 109.2948 112.0122 112.0031 108.9759 105.3796 109.6876 107.4573 108.0402 104.7237 106.4939 114.2847 111.0926 114.3257 110.2580 114.7987 108.1889 108.0454 106.5322 105.3970 113.9416 108.7373 110.5863 110.1030 108.1782 107.3870 109.7653 108.6403 109.4554 110.9944 110.0400
111.4000 114.4877 109.8980 110.1336 113.7067 114.4228 114.6187 110.4680 114.2712 110.6237 112.1744 109.8659 109.9642 106.8080 106.4072 109.3355 107.7482 105.8404 105.4525 105.2392 115.2719 114.4462 113.5389 109.7668 114.0467 112.0721 109.2467 106.1303 106.3994 112.1717 113.0523 111.7904 111.5491 112.3358 108.9039 109.1322 109.2530 108.4016 112.3892 115.3500
111.4000 112.6685 111.5884 114.3694 110.3923 111.7536 109.8092 117.2593 111.3926 114.9524 110.6916 110.9428 109.4662 107.9931 105.7848 109.1673 107.5867 105.7379 106.5557 106.7309 116.3413 113.7572 113.8150 112.7529 113.4531 109.4099 106.8523 106.0064 109.2838 106.4654 118.0650 113.9780 112.9464 114.8983 110.4819 110.0099 110.9803 110.2555 111.3002 113.2600
112.9500 111.0200 110.6800 117.9600 113.7800 115.9500 111.3900 115.0800 115.0800 117.7100 107.2600 106.9300 108.3500 107.2900 106.4200 110.3600 109.7800 106.5500 106.7100 108.8500 114.2000 111.8000 111.6600 113.8500 106.7600 107.1600 107.5600 107.4400 110.0100 109.6200 117.6300 111.8700 111.8700 110.9800 110.9800 109.3200 110.8200 108.7100 109.5300 114.6400
