108.7300 110.3100 109.3200 111.6100 109.3100 114.0600 114.0600 114.6300 114.0600 116.5400 116.5400 111.5200 114.9600 111.5000 115.3500 115.0700 114.6200 116.5700 116.9500 115.1600 115.8000 120.9400 120.0800 117.5000 116.6800 115.6000 113.9400 114.8400 117.1800 117.5000 118.2600 119.1500 119.1500 118.8300 118.0200 118.4800 118.4800 118.2000 117.8600 118.0300
109.4800 111.4613 110.3743 109.0107 109.6172 111.7379 110.6742 114.4716 113.0292 114.6233 117.8781 111.6402 113.0936 113.5023 115.6367 113.9495 112.9427 116.1757 115.8294 115.6526 114.0344 118.2597 118.9847 114.7621 116.0917 113.2936 114.9157 114.8259 116.5262 116.5919 117.5877 118.5753 118.2553 117.6642 117.1621 119.1564 119.2585 118.8152 117.8213 117.7600
110.0500 110.7076 110.7154 107.7487 108.3118 109.7992 114.6946 110.2345 110.6197 110.0187 112.2049 108.7093 113.7715 115.9475 112.0092 114.4785 112.1839 115.1589 116.5651 112.2856 114.2999 117.9203 118.3155 114.0812 113.3838 113.3027 113.1634 114.9046 116.1688 114.6235 116.1152 116.9713 116.8630 117.1577 117.3415 119.1666 118.9525 118.1321 117.8324 117.9000
109.4800 110.1917 109.7682 108.5456 109.3219 109.0261 112.7889 112.4926 110.0336 112.0632 110.0374 114.0556 110.7345 114.8329 110.1558 114.0504 107.9646 112.0863 117.9320 109.8061 107.9750 110.9453 112.3155 112.0866 113.7362 113.8375 112.2545 112.3506 115.9360 115.5125 114.0412 114.7475 113.9840 115.9087 117.4683 118.3679 117.9612 118.1038 117.6138 117.7700
111.5400 112.0785 109.8429 109.0317 108.1471 108.6700 110.3077 115.9225 114.4766 113.2444 108.8952 112.4730 113.9284 111.3799 109.3476 109.0669 109.0212 108.9871 117.8420 109.7818 108.9745 112.4609 113.2396 112.4066 113.9865 109.5460 108.7081 112.6605 114.8173 117.2309 117.7269 113.0982 110.1122 115.9212 116.8252 118.3147 116.5549 117.2692 117.5637 118.9100
114.6700 110.3948 110.0888 109.1369 109.3055 110.4649 110.6790 114.7417 113.3279 108.5789 111.0823 107.2297 111.7170 111.7123 111.0133 108.7073 107.6965 108.6640 108.7100 106.5567 113.5817 115.6983 114.1634 109.9454 113.1373 109.1691 109.6115 112.2918 113.0864 112.2656 116.6348 114.5859 115.6463 117.6970 114.4854 117.2820 115.0132 116.3819 117.1922 118.0100
109.0100 108.0641 108.7975 108.5371 108.6542 109.3179 109.1268 114.3809 110.9440 108.1833 107.8384 107.7104 109.7054 112.0895 108.8914 108.0269 107.6603 107.8439 106.3910 107.8139 114.0431 115.8875 109.9941 110.8174 107.6809 107.7568 112.8637 112.2144 111.6846 115.5079 112.8501 112.6036 114.5227 114.7199 114.0414 114.8059 113.9372 115.7648 116.2844 116.7400
109.0100 109.4239 109.1268 111.9278 108.2515 109.1224 108.5415 109.5593 110.3597 114.2652 108.9376 107.4802 107.6288 108.8946 111.6144 107.0049 107.7826 106.9394 110.2201 112.5092 113.7586 116.7184 113.3088 112.7014 107.9253 107.3913 110.3893 111.9241 113.2721 109.5101 108.0116 109.4406 116.3285 115.9522 112.1430 112.3835 114.7643 114.2858 115.2851 115.4400
110.0400 111.9370 109.9005 110.3948 112.8226 108.5022 109.5716 108.9299 106.2954 113.4778 108.5120 107.8411 108.7408 110.2511 112.3600 107.9564 107.0417 106.7791 107.9287 112.2768 111.2926 113.6327 111.7729 108.6817 108.1107 107.9921 107.8802 111.2896 113.8294 110.3334 109.5028 107.4949 110.8290 112.9151 114.9182 113.2227 115.2757 113.4475 114.0783 114.0700
115.3700 112.3255 108.8619 108.3751 109.1649 107.6361 108.7800 108.7775 107.8731 108.6896 107.7850 109.6011 111.6739 107.1049 106.3702 106.7486 107.1457 107.6999 108.4159 107.1552 107.1823 111.2596 112.2102 109.5212 108.1045 107.3059 107.8461 112.0609 111.8825 110.3318 110.7238 112.3641 111.4227 108.5742 112.5584 115.9274 111.5701 111.9391 112.9620 113.8000
113.7100 112.4862 112.8020 115.0099 110.5153 110.8320 108.4898 107.6028 108.6881 107.5304 107.1789 108.6283 108.7191 107.5032 110.2581 108.3073 106.3181 107.3776 107.4997 107.3970 107.2524 108.4590 111.8512 108.7288 112.1348 107.2189 107.5137 109.6638 113.4872 111.4929 112.1526 113.1718 108.6080 108.0374 111.2660 113.5575 111.9239 110.5371 111.7926 112.4900
109.4400 114.0009 109.0784 112.6266 112.4701 108.8271 108.4850 108.4493 108.2562 107.3888 106.8364 109.6602 107.0311 111.8760 110.1246 110.0535 106.7527 106.8288 107.1417 105.4188 107.2326 110.5174 109.5948 105.3815 110.5121 106.6277 107.1634 107.3255 105.9683 108.7789 107.7969 108.0624 109.1629 111.3803 112.7333 112.9401 110.0962 109.5465 111.2039 111.9700
113.6800 112.2337 108.2433 108.6292 113.1154 114.5543 107.9396 108.4678 108.1269 107.8424 106.6047 107.5009 105.4917 107.0681 108.3721 107.2135 106.6267 106.6457 106.9658 105.5641 106.2082 106.6176 113.5689 105.1661 105.5763 106.1688 106.2564 106.6211 106.5726 108.9886 109.0970 112.7101 109.6889 108.8059 113.3006 112.6075 113.2676 108.3918 112.0817 108.8000
109.4100 109.5851 109.6216 109.1930 107.2975 112.0667 106.7590 107.7672 108.1433 108.0288 106.2939 107.3085 107.9840 106.9014 107.2633 104.8761 105.8918 106.6350 106.3708 105.6449 105.3149 105.2264 105.5046 105.2139 105.2281 106.0390 106.4145 110.3838 108.8873 109.9264 106.8061 110.2972 110.6986 106.9615 111.0137 110.2986 112.3774 107.6382 110.6346 113.4600
112.9700 113.0011 109.8753 108.6514 107.9716 107.3870 106.0200 107.2397 107.0510 107.5920 106.8819 107.2051 106.0302 107.1827 106.5801 105.2410 104.7939 105.0763 106.1860 104.3692 106.3657 107.4624 105.1832 104.3207 105.4144 105.2581 106.5698 111.0133 108.0667 108.9774 106.9951 106.2078 107.1902 108.8438 111.9142 113.5956 111.0594 108.9777 108.1923 113.4600
115.1300 110.6158 109.2267 108.6149 107.6757 107.7122 107.4537 107.3214 107.3916 106.7472 106.6379 106.3462 106.4095 106.1058 105.3334 104.8671 104.8221 104.1688 105.0927 105.6992 104.9112 104.9738 104.4667 104.9880 106.1002 105.0929 103.8787 105.4087 106.8592 103.9519 105.0190 106.7331 106.0891 112.7274 112.0216 109.2217 105.2376 107.9506 108.2624 107.7700
113.8700 109.7107 111.0230 110.7958 107.1739 107.5273 107.1284 106.4631 105.7552 104.8328 105.5182 106.7244 105.1547 104.7633 104.8723 104.8128 105.5020 103.7601 103.3892 104.1483 104.2706 107.2451 103.2350 104.1430 104.0155 103.5942 104.4336 105.2306 105.3058 105.4849 105.2483 105.8596 105.4117 108.6549 107.9340 106.2667 106.4855 109.0856 107.2596 107.7900
109.2000 108.8871 109.9987 109.4766 107.3284 107.3660 107.5384 106.3182 106.7161 106.5288 105.9642 104.8958 104.4378 104.8574 105.3428 103.7559 103.7405 102.5391 102.4664 102.1053 103.1685 101.8372 102.4324 102.4777 102.5717 103.1452 104.8143 104.5938 105.5823 106.1632 105.6559 105.6486 105.7112 106.0752 107.1747 106.2787 109.6596 107.8827 107.0387 107.5100
111.0800 110.9088 105.8357 106.8948 106.9427 107.4055 106.3990 107.2607 106.5672 106.7134 105.8686 105.2421 104.5421 104.2079 103.4402 102.4868 102.3188 102.1091 101.5179 101.6221 101.2516 101.4159 101.5334 101.7518 101.7302 102.2889 102.6647 102.7830 104.7881 104.3250 104.0418 104.1614 104.9929 105.8912 105.3759 107.0708 111.0273 107.2179 107.4920 107.8400
112.3800 108.0943 109.4658 106.8070 108.2975 107.0129 107.2702 106.8132 106.5645 106.3796 106.0247 104.6688 103.3650 102.5595 102.2391 102.0113 101.5065 101.3634 100.5938 100.4634 100.2290 100.3338 100.8626 100.7732 101.1180 101.3898 101.9857 102.5683 104.0476 104.0672 105.3244 105.6114 105.2543 106.0803 106.0730 106.9021 107.6255 107.2269 107.7740 107.7400
108.3700 107.0942 107.6912 107.6737 106.2040 106.1520 106.5415 105.6160 106.6397 105.8413 105.0287 104.6132 102.6734 102.2398 101.9157 101.1477 100.7233 100.3620 99.5327 99.1303 99.0121 99.1489 99.9904 100.2261 100.4288 100.4301 101.2683 101.5936 102.1667 104.0764 104.1578 109.7761 105.0392 105.5536 106.7896 107.3564 107.5970 107.0788 107.8085 108.0900
107.7700 107.7601 108.0450 107.5764 107.3155 106.8958 107.1295 105.3996 106.3898 104.6397 105.5670 102.9294 102.1228 101.7289 101.1790 100.5705 99.6877 99.2336 98.5272 97.8276 97.3942 97.5810 98.2913 98.9241 99.2192 100.0055 100.5961 101.0913 101.6324 102.1833 102.7964 103.0964 104.6253 104.5527 106.0632 106.2224 106.2675 107.0664 106.6988 107.6100
107.8100 107.2223 107.5375 107.3377 106.3970 106.6630 106.2442 106.5069 106.1742 103.3403 104.3760 102.3925 101.7946 100.8801 100.5105 99.9609 99.4939 98.3839 97.7203 96.4494 96.3685 96.3727 96.4204 97.0590 97.8556 98.7240 99.7737 100.3891 101.2455 102.1089 102.7966 103.4360 104.0680 105.8553 105.5789 105.7471 106.4592 107.3503 107.0234 107.1200
108.1900 107.6483 106.7480 106.7731 106.6747 106.2006 104.8023 105.9204 105.1600 103.0870 103.3917 102.2203 101.3068 100.4929 99.6790 98.8006 98.1880 96.8710 96.4685 93.9445 93.1749 93.4619 93.9065 95.8602 96.4578 97.3604 98.5184 99.6249 100.8755 101.7413 102.2555 103.0154 103.4170 104.9074 105.4079 105.2171 106.8828 106.5326 106.5895 107.1700
107.1900 109.0828 108.0540 106.5289 106.2236 106.8733 104.6303 104.9286 103.8150 103.9015 102.3050 102.0244 100.7539 100.0121 98.8278 97.8802 97.0695 95.4546 94.4021 91.0987 90.9484 90.4694 90.2661 94.0543 95.6652 96.6282 97.8542 98.9960 100.4783 101.2376 101.7810 102.7129 102.9375 104.7742 106.3492 105.7484 106.6674 106.7401 106.7601 106.8900
106.9700 112.5489 107.6420 106.8005 105.0437 106.5398 105.5358 104.9438 104.3277 103.7491 102.3135 101.7104 100.4592 99.6227 98.3035 97.1040 96.1902 94.3679 91.4383 87.8246 86.9788 85.7356 90.6357 90.2315 93.3726 94.7104 96.3136 97.8415 99.8208 101.0475 101.5712 102.1962 104.1797 104.5092 104.5052 106.3096 105.8585 106.9323 107.4417 107.5800
106.9700 106.5690 106.4574 106.9996 105.7968 105.3784 105.9267 104.2871 104.6674 102.5803 102.0617 101.2848 100.1584 99.0956 98.1039 97.0172 94.5044 90.6307 89.5317 84.2590 79.2736 79.9329 86.6057 86.3541 89.8008 93.0514 95.9900 97.5351 99.5034 100.5999 101.3142 101.9554 103.5770 103.5799 105.2613 106.1917 105.7789 106.5873 106.8046 105.8100
107.9200 107.8557 107.3030 106.0076 107.1643 105.2783 104.5131 105.3282 103.9463 102.6004 102.0505 101.2241 100.2484 98.7868 97.3168 95.7426 91.8862 90.3080 86.3826 78.0615 69.9808 69.2424 77.3590 84.7762 88.9489 92.1129 95.8988 97.4368 98.8934 100.6714 101.2630 101.9034 102.4994 103.4874 105.2670 105.3914 106.1962 105.8171 105.8257 105.8000
107.2300 107.1952 107.0600 107.0110 105.5071 106.0295 105.5480 104.2022 103.5151 102.7124 102.0925 101.1576 100.1335 99.1274 98.0987 95.9554 93.1810 87.9861 85.1741 72.9344 64.7066 63.0198 70.9351 82.8948 87.2622 91.2326 95.5519 97.2394 98.6676 100.5325 101.4513 101.9352 102.5095 103.4297 105.5880 105.2033 106.6659 106.4789 106.1747 107.4900
107.3000 107.4286 106.3866 107.5999 105.8510 106.7698 105.2955 105.3541 102.9708 102.5789 102.0884 101.1865 100.1368 99.1850 98.2797 96.1485 93.8391 88.4087 86.1509 74.3462 66.3421 64.4949 72.6657 83.2447 87.3990 91.4279 95.7167 97.2567 98.7236 100.5682 101.4726 102.1020 102.5319 103.5397 103.8583 105.4565 106.8176 106.5418 106.8088 107.4700
106.6100 106.5683 106.6260 106.8140 106.4436 105.7269 105.5626 105.5804 104.0689 102.9172 102.0906 101.3053 100.1776 99.5839 98.3180 95.5878 93.1746 91.3549 85.1651 80.3144 74.8367 75.2254 81.9909 86.2651 90.0923 92.2239 95.7367 97.7535 99.0336 100.5506 101.6071 101.9585 102.8369 103.5676 105.8481 105.3066 105.9269 105.6288 107.2844 107.3300
108.4000 107.2072 106.6805 107.1562 105.4587 105.9227 105.7124 106.1066 102.6416 103.9505 102.0768 101.3996 100.4095 99.8936 98.8992 96.1616 95.0962 91.5279 88.2979 84.8936 82.9425 85.3817 87.5826 90.1600 92.7221 94.3063 96.3199 98.0192 99.4638 100.7469 101.7559 102.2337 102.9443 104.8496 105.5688 105.5146 106.0274 105.3161 107.0584 107.6200
107.2400 106.8899 107.4609 106.9983 105.7977 106.1965 105.4170 106.0549 101.9290 102.9987 102.5085 101.5426 100.8828 100.3387 99.1542 97.3837 96.1381 94.2249 91.7941 89.7786 89.3944 89.8440 91.0769 92.5028 94.0819 95.3070 97.1789 99.0876 99.6483 100.9834 101.8930 102.6014 103.6902 104.8936 105.1815 105.8637 106.2552 106.4170 106.7523 107.7300
107.6500 107.6148 107.0793 106.2089 107.1392 107.2196 106.0531 106.2541 105.9170 103.2598 102.7127 102.1887 101.3056 100.7929 99.5102 98.3921 97.0308 96.1510 94.9077 93.5880 92.6473 92.8701 93.7742 95.1220 95.3846 96.9473 98.3571 99.3861 100.2525 101.1464 102.1508 102.8290 104.6673 104.0968 105.5642 106.1091 106.1247 107.0191 106.1981 107.7500
108.1900 108.0169 107.2396 106.4041 107.1916 106.9319 107.2688 105.3199 104.7853 103.5776 102.9957 102.4267 101.7599 101.0400 100.6948 99.4688 98.8837 98.2020 97.0727 96.3351 95.4444 96.0835 96.4192 97.0005 97.7635 98.6597 99.2753 100.2081 101.0342 101.8403 102.3206 103.8574 104.2420 105.6252 105.3860 107.5040 107.2481 107.4093 107.3813 107.6300
108.5800 108.0255 107.2131 107.4922 106.4146 106.5683 106.6606 105.8102 105.3810 104.4587 104.2564 102.6191 102.1559 101.3733 101.2688 100.2611 99.9079 99.1056 98.4156 98.0308 97.7211 97.9246 97.8132 97.9467 98.7387 99.2462 100.0620 100.8637 101.5223 102.3203 102.8870 105.6787 104.1655 105.6161 104.9078 108.3179 106.5933 107.5496 107.4198 107.2100
107.8100 107.2427 107.5074 107.5076 106.7139 107.1686 105.9334 106.2814 104.9334 105.6217 105.2599 103.6400 102.6680 102.1869 101.6522 100.8703 100.6054 100.2220 99.4864 99.2314 99.3918 99.2034 99.0515 99.3099 99.7188 100.5216 101.1543 101.6824 102.1085 102.8198 103.0977 105.5993 105.5853 104.6706 105.5220 105.7928 106.2960 110.9736 107.8649 111.3700
108.2000 107.8183 107.9120 107.3123 106.7648 105.5720 105.8753 106.5154 107.0593 105.7657 104.5273 104.1273 103.2275 102.8678 102.3419 101.7851 101.4505 101.0607 100.8819 100.4932 100.4621 100.4343 100.2912 100.5032 101.0432 101.5289 101.9174 102.3033 102.6357 103.1736 103.6525 106.2672 106.0896 106.7619 105.7793 106.7561 107.4762 107.1074 107.7392 107.6700
109.1600 108.9778 108.4943 108.4466 107.3976 106.3576 107.1214 106.9318 106.7398 106.6378 105.8183 104.7542 103.5213 103.3085 102.9557 102.6624 102.2461 101.9031 101.6751 101.5425 101.4489 101.4552 101.5442 101.7080 101.8639 102.1980 102.4717 102.7934 103.1478 104.0325 105.7573 105.5015 106.5121 106.8171 106.7436 106.8219 107.0564 106.6767 107.5623 108.9800
108.2000 108.6100 108.8500 108.5100 108.1200 106.1600 107.5100 107.5100 106.2500 107.1700 104.7300 104.2500 106.0600 104.0000 103.2500 102.9900 102.5500 102.5500 102.1600 102.0100 102.0200 102.0900 102.0900 102.2000 102.4200 102.4200 102.8600 104.9400 104.9400 105.3900 105.3900 106.0400 106.8800 105.8300 107.2100 112.5500 109.3600 108.8400 108.3300 105.7600
