106.6100 105.0300 105.6400 105.2400 106.9200 106.6300 106.8500 110.9600 106.3900 109.1700 107.4400 107.1700 113.3300 107.8200 114.1800 114.1800 115.5700 112.6700 110.1500 114.2200 117.9900 116.9400 117.0200 116.1200 118.1400 118.2000 116.8600 118.4000 115.5400 115.1500 114.5400 113.9500 113.6400 113.3700 112.8400 112.4100 112.4100 112.0300 111.8500 111.6700
105.0200 105.2022 104.9877 106.0729 106.6853 106.5251 106.2973 109.5555 105.0796 111.1240 109.3372 105.6875 111.1279 112.4379 107.5152 111.0580 113.9651 113.5877 110.1278 111.2920 116.2885 112.1081 114.7381 110.9213 117.6223 117.9824 118.3458 116.6382 116.1278 114.8443 114.7432 113.5531 113.0681 113.3762 113.0999 112.6991 112.5484 113.4725 111.9424 111.7000
105.9800 105.4458 104.6093 106.3465 106.2373 106.3298 108.3845 105.0169 104.6075 106.3852 106.7853 110.3124 112.6327 108.3328 106.6464 108.4230 110.6392 104.9103 110.1810 110.1669 108.0084 109.9414 114.4870 114.3247 118.5463 115.2735 117.5545 115.6410 116.2218 113.4547 112.6436 110.4194 113.8075 111.4822 113.2773 112.7907 112.4876 112.4583 112.3196 111.7000
104.8700 104.3753 105.2688 106.0742 105.4230 105.3047 105.2365 108.5242 107.8668 106.4749 105.6455 111.5840 110.4874 111.6064 109.4861 112.0537 110.5551 112.8176 112.3629 108.8917 107.6047 108.7036 110.5186 114.1589 116.1725 115.6595 117.1679 116.7726 117.5926 113.5187 111.1574 111.1280 111.5474 110.9947 113.0101 113.0926 112.7558 112.3283 111.9943 111.9000
103.8000 104.5969 105.6972 104.9764 105.6737 104.4692 102.6977 106.3205 106.6457 105.2713 105.7718 108.8288 107.8645 111.7938 113.9862 111.8317 112.7942 111.5727 113.1579 109.7357 107.9786 108.7219 115.3142 115.3300 115.9980 117.2142 118.2911 116.9315 117.1400 112.7747 114.2451 113.8624 111.0839 109.9438 112.5073 112.5053 112.7505 112.4137 112.1894 111.9800
102.9000 102.6845 102.6889 104.9166 105.1632 102.9458 103.1035 105.3254 105.6558 106.3261 104.6868 108.8583 106.9767 111.8883 109.4353 108.5998 112.1342 112.7983 114.2132 111.5680 108.9441 109.3289 108.1613 114.9363 116.4061 116.6797 118.1191 118.0262 118.3791 111.2454 115.2949 112.6770 112.3026 112.4354 111.6597 112.0848 112.9241 112.6503 112.2820 112.0400
101.8800 101.7888 101.9950 102.1126 102.5301 103.1160 104.4486 105.3551 104.5888 108.5234 107.0405 107.4050 106.9209 107.2500 109.3663 107.3946 113.6464 113.4442 111.9228 108.6148 110.5903 112.3220 112.4391 114.4837 116.3333 117.8343 118.0069 116.9636 117.4935 115.0078 114.9338 113.1822 114.7037 110.9289 112.7453 113.6472 113.0790 111.6737 112.5248 112.0400
101.3900 101.1058 100.6959 101.2645 101.6500 101.8395 103.2419 104.0416 107.6421 106.6698 106.8611 106.7715 105.1635 105.7174 109.3063 109.7319 108.4252 107.5322 107.7395 111.1115 109.9350 110.5315 115.5867 115.6608 117.8817 112.4913 114.6963 114.7130 110.6026 112.4640 111.9368 111.7372 110.7378 113.4797 113.0421 113.5163 113.1282 111.2888 110.7302 109.9500
99.3600 100.2340 100.0754 100.4310 100.9026 101.4194 101.6219 102.2710 103.0737 104.2346 104.2505 104.6284 104.0538 109.1941 105.6642 108.3147 107.2099 108.9283 112.1700 109.3093 113.3801 111.1889 111.9597 112.7399 115.0128 111.4842 113.2549 113.9925 109.8030 109.1402 111.4907 111.6406 110.2238 114.8325 113.1426 113.3269 113.2093 111.7089 109.7976 109.8300
98.2900 98.9446 99.1469 99.2800 99.9527 100.3788 100.8457 101.9276 102.3086 103.9105 105.0429 105.5807 104.7268 106.3616 105.5155 107.9104 107.3839 112.4279 111.8482 107.2371 114.4687 114.1511 109.6808 109.7437 113.5561 112.4490 112.9400 110.3786 110.2401 108.1639 108.7480 109.1454 108.7648 110.9304 111.3178 113.9948 113.2921 112.1895 110.0181 109.8600
96.4500 97.0652 97.2803 98.3864 98.8118 99.6121 100.3688 101.3223 101.7821 102.5552 103.3840 105.9820 104.5939 105.2030 106.1488 109.6149 109.6541 108.8489 107.2407 108.1365 108.1953 108.1942 108.5514 109.5250 113.3221 113.4510 108.1781 108.6463 107.9431 109.0915 109.8393 109.6482 108.6626 110.0399 110.7465 112.1793 113.3634 111.3523 109.4018 109.3900
94.3000 94.8135 95.5620 97.2894 98.1659 98.6939 99.2479 100.5333 101.3323 102.1630 102.6657 104.8799 104.9442 104.5116 106.1243 106.4256 105.8096 106.5505 107.3260 107.9353 108.4515 108.5110 107.9992 107.5619 112.1042 107.2056 108.7183 108.9191 110.0794 109.3963 108.1546 110.3400 108.9740 109.7579 110.8734 111.8805 113.2937 111.4650 109.5239 109.2900
91.3700 91.8756 93.1559 95.5119 96.8839 97.9492 98.7122 99.8468 100.9292 101.7977 102.9825 104.9346 105.6013 105.7294 105.6253 105.5376 105.7747 106.1989 107.5575 108.1852 108.1339 108.5044 107.3472 108.0104 108.8993 108.2155 107.3827 108.4646 109.9508 109.0794 108.7059 109.4221 111.2579 109.2883 110.3419 110.3753 109.9110 109.5257 109.6702 108.8000
88.7200 88.8548 90.8479 93.3603 95.3394 97.5069 98.1454 99.3571 100.6807 101.4144 102.1942 102.6312 105.0338 104.4912 105.0657 105.6287 105.8717 106.4137 107.8247 107.5591 108.2089 108.5982 107.9966 107.6863 108.4372 108.2701 109.1966 107.6443 108.5078 111.0580 112.7175 108.5463 108.5120 108.0779 108.2197 108.6143 109.1256 108.7943 108.6616 108.7800
87.9300 87.3011 87.8296 90.5097 93.1128 96.1437 97.7950 98.8108 100.4223 101.1200 102.0624 102.7132 104.0302 103.4778 105.2717 106.3008 105.3241 106.1618 107.2485 107.7378 108.3228 108.3194 108.0739 108.1283 108.4037 108.3761 109.6481 107.0383 111.4616 113.5853 112.2053 109.5188 108.5811 108.4551 108.9685 109.0859 108.8297 109.4536 110.4859 110.7600
75.8100 77.0580 83.9406 90.7887 91.5450 95.1419 97.3946 98.4573 99.8890 101.0341 101.7792 102.5913 103.9239 104.7219 105.9792 105.8704 106.3530 106.6805 105.9689 107.0544 106.9897 107.7537 107.7310 108.4121 111.0434 113.1966 107.3750 111.2914 112.0435 110.4184 112.7642 109.7740 107.9757 108.8456 109.0131 108.9890 109.7287 109.3308 110.2621 109.2600
75.8100 68.4096 81.7841 89.3423 91.2188 94.8865 97.1501 98.0470 99.5407 100.8090 101.7400 102.4524 104.4161 104.9005 105.7422 106.3690 105.9701 106.0423 106.7658 107.4873 108.1591 108.5650 107.8545 110.5389 111.7587 113.6015 108.7677 108.8426 107.1393 108.8518 111.0214 107.5785 110.5179 108.0062 109.2336 109.6796 109.5652 109.4553 108.9237 108.8500
72.1500 68.3432 79.1727 86.4025 91.1751 94.8811 96.8847 97.9978 99.6206 100.6771 101.6478 102.2422 104.1502 103.6955 104.6850 105.4094 104.8414 105.8054 106.9534 107.9192 110.3989 108.9864 107.8262 111.0840 113.6897 110.3033 111.4718 108.4821 107.1699 110.3202 111.4580 112.5586 112.6626 111.2367 109.7638 109.9758 110.6112 109.4652 110.2033 110.7200
75.8700 75.5486 83.9282 89.1020 91.9202 95.1802 96.8351 98.4636 99.5967 100.8159 101.8737 102.6967 105.1488 105.6553 105.5961 105.7497 106.7387 106.6948 105.4562 108.8341 106.6985 110.9974 107.4977 113.1444 111.3428 113.6396 113.0999 111.2204 110.1210 110.6607 109.3043 118.2973 109.1623 110.2957 108.7249 108.7727 111.8880 109.6724 109.3980 109.1700
86.4200 85.5674 87.3821 90.2302 93.7749 96.0769 97.5200 98.8539 100.3168 101.1160 101.9051 102.3461 107.6507 103.4437 107.6389 105.7933 107.1649 107.0933 106.9601 107.1518 110.7618 111.6443 105.4114 113.8049 115.2809 115.9691 111.1513 110.0065 114.8501 110.7405 112.2407 112.1340 108.9092 108.6884 115.6908 115.9969 109.4632 109.2774 109.5989 110.9600
88.7200 89.1401 90.4427 93.6559 94.9736 97.0510 97.6283 98.8459 100.4711 101.2334 102.1647 103.8576 104.0195 105.1359 106.0026 110.5459 105.1814 107.3028 107.5683 106.9895 107.1716 106.9619 107.5908 108.8151 109.1365 112.1377 112.3332 115.8506 118.3598 107.8707 113.2986 107.7372 108.3806 113.6416 116.8269 112.9965 112.3542 113.9571 110.7340 110.2600
93.9400 92.9533 93.4132 94.8646 95.8687 97.2860 98.9977 99.6093 100.9913 101.6818 102.3810 102.1148 109.6971 105.0688 108.6538 104.0980 110.2024 110.7108 108.8960 110.6327 114.8262 111.7629 112.7156 109.2298 108.3472 108.6180 109.5545 111.5463 107.0271 109.4657 110.0522 110.0369 109.8670 120.6715 113.0347 113.2341 117.1632 113.2071 111.5797 111.2100
95.4300 95.3204 96.0633 96.9459 97.7654 98.6069 99.6190 100.3713 101.4114 101.9132 102.6343 103.6896 104.5435 104.2768 107.1765 105.9422 107.9862 106.0564 107.4901 111.4637 115.6673 112.8003 113.3832 113.6052 110.4159 111.3078 113.3072 112.8189 112.6413 108.8747 109.5705 114.1201 113.9280 116.4838 114.0466 114.1872 114.0533 113.7307 109.3878 109.7600
97.6600 98.0689 97.8791 98.6073 98.5860 99.6659 100.5095 101.1466 101.8631 102.5033 103.2596 104.2999 105.2906 106.0974 105.7579 104.5108 107.6696 105.6033 107.4607 113.1696 115.6139 116.5452 105.6136 108.7521 119.1482 116.3177 115.3056 115.5653 114.3242 112.8413 111.3113 110.6847 117.0125 117.0567 117.4883 116.9718 111.5912 110.7052 110.5260 110.9300
99.6600 99.0917 99.5193 99.3807 99.6010 99.6908 100.7875 101.9030 102.1881 103.0725 105.6651 105.3146 105.3762 105.8161 106.0507 106.2646 105.6918 107.5724 106.9895 107.2452 109.5625 111.2173 110.3452 114.8720 118.1357 114.0033 116.7217 114.9809 119.3401 111.1488 112.2910 114.3919 114.8405 117.8982 113.9821 114.5010 110.7675 110.6142 109.6060 111.9900
99.6600 100.1507 100.2344 100.4593 101.1261 101.1193 101.3639 102.2007 103.5926 102.8957 102.4442 106.0946 102.8155 105.8347 107.8810 109.9811 106.7715 105.8979 106.7273 107.4574 111.6101 108.8703 115.2255 114.1131 115.2964 116.6907 113.1795 111.1226 113.6142 118.4513 113.6510 113.9282 117.8422 117.6600 107.3676 108.4554 111.1068 109.4729 109.5635 109.3700
100.8100 101.3125 100.9425 101.4476 101.5956 101.9635 102.2004 104.1328 105.5736 103.8741 104.5060 105.8227 103.7684 105.4098 107.4356 108.2772 107.1291 106.3155 107.0173 107.3444 111.6275 110.1287 109.1664 111.5213 111.3368 107.8890 108.5158 107.2733 107.7646 115.0262 112.0639 110.4248 107.5090 113.0330 114.7436 115.8760 108.7063 112.2351 110.7620 110.4200
102.2600 101.9915 102.0824 102.2126 102.5926 104.2350 102.7567 104.7168 105.5794 104.8801 105.9487 105.5237 106.7350 105.5844 105.9445 106.4214 106.4855 105.5113 110.5566 111.1419 107.8068 109.0378 108.3973 114.5371 108.5671 110.8083 110.3187 107.7385 110.7196 109.7749 107.7863 109.8798 110.3697 112.2289 111.7294 112.8743 110.1909 110.8646 110.8308 116.3800
102.2600 102.7658 102.8733 103.1281 101.6357 102.4319 105.1314 103.7718 104.9043 104.7419 106.3507 105.7574 105.6738 106.8054 106.5639 107.4036 107.6644 111.8140 111.5862 109.6916 112.8232 111.5655 113.8399 114.1414 113.0174 110.5733 112.8758 109.5383 113.9440 112.4899 109.8769 108.8865 110.4878 111.5991 110.0638 108.4885 112.7356 112.2199 110.6761 111.3200
103.5200 100.5559 103.0319 103.9846 110.1651 100.8506 106.8430 105.4360 105.6807 106.5987 106.8153 106.8811 106.0325 106.4040 107.0920 106.6936 107.6612 108.1767 107.2592 110.0786 109.9847 115.1302 112.1081 112.8618 110.2124 110.3577 114.9484 109.7279 109.5082 115.2340 110.8797 110.0192 109.6779 110.7929 109.1411 110.6567 109.6980 112.6682 110.8385 109.1700
105.0100 102.2225 99.6990 106.0373 106.5745 102.8812 106.6206 104.6035 105.3701 105.9126 105.5496 106.4412 111.2255 106.6860 106.9274 107.2324 108.2050 108.6838 109.0743 108.2084 110.7808 114.1635 113.3123 114.1074 115.2393 108.8461 113.3358 108.9064 110.6017 111.6846 112.7499 108.1858 109.6505 110.9979 109.5574 112.0348 111.4742 110.7593 111.9865 111.6700
106.2400 104.5151 103.8165 103.7242 101.8049 107.0253 104.3789 105.5203 105.4644 107.5358 107.4491 107.4127 106.9333 106.8181 108.1547 108.8379 107.6456 107.6182 108.9920 107.8656 108.1456 110.6449 114.3065 116.6085 115.4807 113.6044 108.2651 108.5527 109.4773 110.3746 110.8039 108.7311 109.5586 112.1352 110.2060 111.7852 110.9929 110.9409 109.4123 111.6000
105.2600 105.6996 105.0130 106.6657 106.9193 106.3362 107.2213 106.8149 105.5985 107.1319 107.4772 107.1138 107.9709 108.0449 109.6332 109.8198 114.4876 108.4535 109.2794 108.8811 109.5469 110.3521 113.2997 117.8611 108.7397 113.0377 108.7875 108.2597 109.1052 108.7505 109.1285 108.8456 109.1734 110.2085 110.4929 108.7507 109.2976 110.8018 111.2945 111.1000
107.1200 106.7171 104.1072 105.2631 106.9675 106.3069 106.7276 106.9701 106.5196 107.8159 107.3655 107.7671 107.4562 108.4091 107.6544 110.7497 113.3924 108.6867 108.1880 109.7374 110.1826 110.7307 111.3882 113.7180 110.9198 108.1694 109.2915 108.1323 108.5233 109.0332 109.6657 109.0789 110.1817 108.7912 109.1301 109.7084 109.0780 112.8260 112.8725 112.9100
107.2600 106.3178 104.9240 107.0224 107.5570 107.3597 106.5769 108.0152 106.2175 107.2515 107.6638 107.0704 107.4023 108.7569 107.0196 106.5106 111.7231 114.5759 112.2269 110.7012 108.7282 112.4561 115.1378 114.4194 114.0150 109.3397 114.9462 107.7377 109.1385 108.5383 109.5930 109.6018 109.9951 109.1766 109.2296 110.1421 110.0981 110.6597 110.1943 112.9100
107.5800 107.8904 106.5127 105.6182 107.7238 107.2700 108.0348 106.6469 107.3090 107.3815 107.4833 108.3857 108.1401 108.2522 105.0382 107.5228 108.3481 111.4838 114.3367 112.4425 112.9073 109.9233 114.1689 111.9259 109.2768 109.4978 107.2534 112.2286 111.4587 111.8036 108.8393 109.4783 109.0530 108.9500 109.9178 109.6305 109.5334 110.5100 110.9288 109.9500
108.0300 107.2268 106.7631 110.3500 107.6247 106.6512 111.5233 108.1773 108.1307 108.5040 107.2543 108.7670 108.7360 108.4193 108.2741 109.4339 109.6620 112.2384 115.1459 112.7104 113.5207 111.0177 111.0949 110.1564 110.7713 111.3810 112.6028 112.0588 112.5860 113.5077 111.6288 109.1173 109.4311 108.5938 109.2236 110.8868 110.8638 110.3444 111.0856 109.6000
107.6200 108.1801 108.3480 113.9889 108.0210 107.3567 110.3846 107.8351 108.2382 108.7798 107.8021 109.2795 109.1872 109.3135 107.9546 109.1505 110.7205 114.4791 112.4429 113.3297 113.7347 112.9861 113.0014 111.5733 109.3417 112.2998 109.5576 109.4845 109.5517 109.6466 112.5366 110.9638 109.3902 112.5787 111.2148 111.1215 110.8242 110.1891 110.1679 113.4500
107.9800 107.8320 109.4594 109.0752 111.0554 109.0939 108.2118 108.5639 108.6589 109.4263 108.3885 109.1883 108.8716 108.7496 109.4235 109.1213 106.4924 108.5219 110.3173 112.9753 113.4209 113.0102 115.4364 112.6618 109.4727 108.7638 108.6359 110.2376 108.9950 110.0485 109.0098 110.3192 109.2511 109.7711 109.4405 112.2931 110.0558 110.8127 111.2245 112.7400
107.9800 107.9800 106.5500 106.5500 112.8100 102.9700 108.9200 103.6600 107.6900 109.2300 109.4000 109.3200 109.3400 108.3200 109.7700 109.9700 109.9600 109.5800 110.7800 110.7800 110.0400 114.1300 110.4900 113.4700 113.4700 110.9300 108.7800 109.9000 109.9000 112.3600 112.2000 110.0700 109.4500 109.0600 110.9000 110.4900 112.0500 110.6700 112.3200 112.8900
