113.6200 112.9700 110.9200 113.4500 109.2400 113.6200 109.1100 115.0600 115.1100 113.0900 109.6800 108.7700 110.0900 110.6000 114.4900 109.5100 109.5600 116.8100 117.1700 118.0300 119.5100 119.5100 118.5500 115.2400 117.3800 117.3800 115.3400 115.6400 118.6000 115.1300 117.6000 117.3900 116.4300 116.1600 115.7600 115.2700 115.2700 114.9500 114.6200 114.4000
111.3200 112.7899 109.4782 111.8474 116.3558 113.9065 113.5196 112.2954 116.6959 109.5189 108.6495 112.1547 109.6028 109.8126 115.0274 116.8171 114.8721 117.3554 114.1490 115.3203 117.0200 115.7974 116.9333 115.7090 115.4864 113.3373 117.0949 116.1544 116.6179 113.6907 118.8252 117.7530 114.0475 114.5679 116.6302 115.6809 116.5274 117.3951 115.1431 114.7900
113.0500 108.8810 112.9091 116.5115 111.9656 110.1841 113.5677 109.1926 114.8041 109.1792 107.2632 109.3329 109.8579 112.4251 111.8827 110.3080 109.6069 111.5226 113.1678 116.3438 115.4069 112.4292 114.4325 115.3953 114.9212 111.6969 113.1965 113.3294 110.3310 115.2183 116.9328 117.7902 115.9344 112.6258 114.7337 116.7572 115.5222 116.9020 115.1912 114.9000
110.8000 109.0203 114.1516 112.2132 110.4453 117.0454 108.3770 113.7516 112.6784 110.0050 109.1022 109.1218 112.5748 110.1645 110.4377 108.0542 113.8958 114.3467 114.3637 117.4784 116.6258 113.7471 111.5424 114.0002 109.8177 112.1138 110.2495 110.3705 115.7538 116.7936 116.7751 117.3928 116.2409 112.9665 112.4438 115.6005 114.7403 115.9084 112.1058 113.3200
114.9800 109.3785 114.2620 112.6847 114.0197 115.1181 114.0081 113.8826 115.8458 114.1514 109.1110 110.0737 109.6670 108.7418 113.6341 114.6439 113.0463 113.2886 113.7961 113.6482 116.1982 111.3332 110.6184 111.7960 108.5279 109.2858 111.5190 110.3477 109.7863 115.0423 118.1162 117.7733 116.6896 111.8509 113.0201 112.5297 110.2049 111.5048 112.7074 113.3200
114.4800 109.1879 113.2342 109.1075 108.4242 114.5039 112.7969 116.0155 113.7989 116.3803 110.7586 108.6196 109.3932 108.6171 107.5851 114.4790 113.3956 115.6015 110.0978 111.6072 111.2190 108.4705 109.3143 108.8929 108.0641 111.6687 116.0040 110.3109 107.8025 112.0011 117.6807 118.0766 115.3888 114.3423 111.8837 108.6241 115.3243 112.1899 113.4210 116.0000
113.9100 110.3379 109.0066 113.8134 109.2361 112.6128 110.6996 107.5167 112.9662 116.6828 111.1942 108.1761 109.4127 109.7620 115.1081 114.6002 111.8760 115.3930 113.8909 111.2478 109.9362 108.6592 110.0628 107.0562 106.6229 109.8644 112.2091 116.1018 108.1002 108.7419 109.3663 115.3271 111.4690 111.5909 117.2937 113.7337 114.0252 111.2823 114.7167 116.0000
115.4000 112.1115 111.8554 113.5645 111.4268 114.0950 111.3527 112.5457 112.2828 111.9036 110.9111 107.9751 108.1466 109.7232 112.9010 110.9201 114.7838 110.0981 109.4584 107.5980 108.2696 108.7402 109.7075 114.9236 112.9134 112.4642 111.1152 112.9654 109.5765 109.6483 109.2079 110.6588 110.3108 113.9605 116.3057 118.2310 112.5896 112.1937 113.3479 116.3700
109.4200 113.3689 113.8906 113.4643 108.8241 113.7224 113.7039 112.0453 112.1707 113.1537 111.2203 108.7464 109.0723 113.1567 106.7324 108.6695 111.8291 109.1264 111.7847 107.8613 110.7048 108.4336 107.4535 114.0371 113.8888 110.0805 112.6220 109.7174 111.4176 109.5604 108.3871 109.3612 109.3195 114.8061 114.7471 116.5300 110.5650 109.4813 111.0145 112.5500
111.1300 112.6695 113.1857 114.4305 113.3943 114.1498 108.1592 108.3232 112.4161 113.2020 110.2963 108.5374 107.8460 111.4624 112.8496 112.2929 110.7597 108.2393 110.3085 108.5985 111.2941 107.2181 106.6800 111.1413 111.9245 111.0109 112.0431 108.8289 109.6323 111.4607 109.4079 108.6533 108.5175 113.0270 112.8006 112.8777 108.7545 109.0418 109.4741 112.6500
111.3900 112.8571 108.5054 112.2314 108.5150 108.9941 108.2416 110.8019 113.1543 108.5904 108.9976 108.1943 107.9362 108.0779 107.6277 109.7410 110.7203 108.7895 108.4776 109.3914 109.7478 112.5403 109.7918 109.0541 117.2661 112.5661 111.9517 109.6072 110.5443 109.5070 110.5512 108.0273 110.8903 109.5702 112.4945 112.1225 109.1494 109.5710 109.6386 112.9200
108.5900 114.1340 109.5297 107.8082 106.9820 108.7332 109.0942 113.4367 110.5126 106.6490 107.0540 108.4059 108.2156 108.4219 110.4080 112.4891 108.6265 108.4487 108.6174 111.6824 111.8189 114.0302 115.3587 116.6547 113.7581 112.9659 109.0973 111.6526 109.6747 110.1780 111.1247 111.1008 110.7289 108.9829 112.0886 112.0092 112.1292 112.7276 111.5652 110.0800
108.4900 108.1004 107.4344 108.3309 107.2930 107.1003 107.2918 109.0373 109.1130 107.2180 107.4521 107.8481 106.5879 106.2931 108.7561 106.9867 108.5546 107.5655 108.5507 110.2180 113.4078 112.9481 112.8029 115.9440 111.4650 114.7364 111.4932 111.7517 112.2974 111.8541 111.8936 110.6393 109.3281 108.4821 111.2109 111.1963 110.7726 109.6333 111.8694 112.8900
106.7900 107.0237 107.9191 106.6919 107.1494 107.7695 107.8592 106.9746 105.7138 106.4368 108.2198 107.8693 106.7007 107.3809 105.6072 107.8150 106.6577 107.5972 108.0317 108.0689 110.9277 115.3960 114.9081 113.1750 111.7738 111.0021 112.7695 108.5088 108.3351 112.0805 113.1770 110.0474 108.1769 109.6364 110.9110 108.1087 112.1676 111.5850 109.6607 109.9900
108.1300 106.9709 107.9768 108.8472 108.3987 107.6000 107.4536 105.9008 104.1504 106.1157 107.4957 106.8477 105.6219 107.2884 106.4408 107.0781 107.8392 108.7386 109.2057 110.8111 112.3078 114.7234 110.8805 111.8687 112.5874 110.9318 111.6573 111.5045 109.9514 110.8008 111.1496 109.3651 108.7423 108.7313 109.1797 110.1515 112.1079 107.7535 111.5715 115.3500
106.1900 106.7578 107.8635 106.8330 107.1742 106.9747 107.3506 106.8095 112.0495 106.6168 107.1897 107.3696 105.3092 106.7017 106.8109 106.8141 107.0483 107.9347 106.4820 108.7633 109.7196 114.1656 107.7625 110.3552 108.1460 107.2186 109.8091 109.8170 107.5759 108.8627 109.0951 110.3258 108.3723 109.8386 108.3968 110.4621 115.6451 113.8614 115.0916 117.5200
105.8500 106.4144 107.2964 106.7653 106.8180 107.0645 106.8189 105.6884 105.7046 105.9386 106.4067 106.6831 106.5166 106.0356 106.5024 106.9642 106.9117 107.7288 112.3402 108.1778 110.4131 112.4016 108.2008 108.1254 108.7823 110.5453 108.7309 109.0688 108.2310 108.3201 108.6561 109.6269 109.0914 108.8730 109.0163 111.7512 111.7147 111.9033 112.7440 117.5200
106.9900 105.8600 106.7881 105.7988 105.6383 106.7744 106.3660 105.2858 106.2169 104.2394 106.0303 105.8287 105.9495 106.4859 107.4181 106.2972 105.8556 106.5080 107.7633 106.9962 108.0714 108.7327 108.6525 108.5031 108.2738 108.4729 108.4201 109.2062 109.1734 108.6813 109.3161 110.4826 108.7105 109.0795 109.1697 111.2005 110.6659 111.5410 109.4360 108.6500
104.9100 104.7181 105.8770 105.6140 104.2276 105.0000 105.6001 105.2794 105.5351 104.5816 105.3051 104.4471 104.1120 104.8224 106.3152 105.9534 106.4989 108.6998 109.3236 106.3754 106.4804 107.5636 108.0214 108.2885 108.1863 108.8487 108.4710 108.5950 109.0904 111.5778 109.9553 109.5417 108.4870 109.6242 109.9860 112.6482 114.8216 114.0703 108.2438 109.4300
105.8900 103.8602 103.9933 105.3276 104.4029 103.3229 103.1538 103.0876 103.9082 104.5203 103.1686 103.6679 103.9537 104.9857 105.0288 104.7050 106.2353 105.9986 106.4321 105.6212 106.2268 106.8775 107.4104 108.1683 108.2017 108.6766 107.7044 108.2663 108.9340 109.5942 109.8759 107.8609 110.1783 109.7486 110.4438 110.4380 114.9467 116.9368 108.6293 110.1500
106.3900 104.2940 105.2835 103.2718 103.0335 102.6251 102.4060 102.6176 102.2182 102.4831 102.6753 102.8382 102.9549 103.7738 104.0456 106.1627 106.1139 106.3057 106.7822 106.5191 106.2305 107.2594 107.9814 107.6064 108.2114 107.7284 107.3304 108.0050 109.7040 111.2925 108.4665 109.5284 110.3613 110.5532 115.6556 110.8109 112.3194 115.2355 110.2497 110.1400
103.4700 103.2066 102.8135 102.6823 102.2419 102.0291 101.7033 101.8244 101.6386 101.8482 101.8654 101.9061 102.4385 102.3215 102.8099 103.5498 103.9900 104.6546 106.8618 105.4155 105.9936 106.6364 107.6307 107.7627 108.1069 108.1238 107.8012 107.8469 113.3646 107.9073 108.4790 109.0981 110.7233 113.4245 115.1536 114.5182 114.6551 112.8166 109.1773 108.7300
103.4200 102.7690 102.3711 101.6359 101.0035 100.9116 101.0196 100.5887 100.8077 100.6549 100.6938 101.3330 101.8074 101.9067 102.2369 102.8126 103.2938 104.3895 105.8170 104.8032 104.9758 106.6470 106.7448 107.5904 107.8177 107.8712 107.6685 108.6466 107.2853 108.4315 109.0862 108.4478 109.5614 108.7101 111.7674 107.4295 108.8752 111.5141 110.4100 109.1200
102.5700 102.3843 101.4398 101.2813 99.8931 99.2206 99.6251 99.6517 99.5328 99.0292 99.1820 100.0330 100.6566 101.1226 101.6454 102.2701 102.8035 103.3755 104.0083 104.6334 105.8019 107.2873 105.9042 106.8697 107.0463 107.8381 107.8639 108.1080 107.5643 108.3502 109.1887 107.9251 109.4822 108.6769 109.5024 110.5763 111.6626 111.9131 112.1821 108.0900
101.7600 101.0639 100.6056 99.9521 99.3119 98.4647 97.6159 98.1034 97.6364 97.4953 98.1399 99.1739 100.2010 100.2332 100.8993 101.4682 102.3676 103.0502 103.5085 104.1261 105.6402 106.8585 105.7476 106.2828 107.1113 107.3181 107.4745 107.6657 107.2255 108.1740 108.5310 108.7545 108.4028 108.6684 109.6187 112.3031 111.5416 113.5120 108.6613 108.5500
101.7600 100.6007 99.8267 99.1819 98.9159 97.6029 96.8803 96.8450 96.5499 96.4754 97.0895 97.8958 99.1395 99.3392 100.3335 101.0886 101.8887 102.6909 103.1621 103.9818 104.5315 105.2656 105.9950 106.4325 106.8525 107.4005 107.9763 108.1418 107.5479 107.0054 108.0044 109.2127 111.8285 110.8710 109.4414 109.0595 109.6313 111.3453 110.3663 108.3000
100.2400 100.2250 99.1414 98.5154 97.9141 95.3715 94.1860 93.2803 93.6764 94.6559 95.1043 96.1190 97.4283 98.3775 99.1598 100.2793 101.3233 102.1851 102.5599 103.2051 103.8435 104.4469 105.2371 105.2833 106.6827 106.9757 106.5401 107.5553 107.1515 107.6255 108.3051 108.6228 109.7991 108.3292 109.0669 109.9587 109.5201 114.1559 108.3533 108.3000
100.2400 99.8756 98.6700 95.5872 96.9887 94.0042 92.3605 90.6503 90.8049 92.8020 92.7556 94.7368 96.1458 97.4994 98.5559 99.6096 100.6940 101.1257 102.1717 103.0721 103.3876 105.4731 105.4506 104.8715 106.2076 105.7714 106.4125 106.5729 107.6691 108.1901 108.7255 107.6225 108.3709 108.6615 108.7765 110.1223 110.2378 112.6595 110.0527 108.8500
100.1600 99.6368 96.2929 94.4274 96.4668 91.0636 89.6190 87.7914 87.4996 88.7068 91.0178 92.7898 94.3334 96.2400 98.0599 99.7265 100.4742 101.4517 101.9653 102.8368 103.1369 105.4555 105.6269 106.0113 105.6278 106.1492 106.5875 106.9139 106.8336 108.8414 108.0227 108.7353 109.0972 108.8559 109.0490 108.2400 109.8085 108.8131 113.2420 110.6900
99.7400 99.0675 96.3362 94.9440 91.9799 88.4112 85.6338 82.6677 82.3672 84.0936 87.5064 90.1643 92.8111 94.9100 96.6652 99.0531 100.1289 100.6042 101.8328 102.4609 103.0265 104.8870 105.5602 105.7514 106.9232 105.6812 107.0357 106.9504 108.1223 107.6371 108.2023 108.4099 109.3398 109.5078 111.1877 115.0839 113.6750 110.1830 111.3124 112.3600
99.0200 98.2791 96.2692 94.4924 91.2990 85.4890 81.1040 77.4933 76.9603 79.9148 83.2312 86.2789 90.8217 93.3776 96.5972 99.0288 98.8852 100.6134 101.3331 102.0685 102.9336 103.4385 105.8841 105.5689 107.1975 107.0237 105.9428 106.5918 107.8354 108.3136 108.1358 111.2922 114.2348 114.6403 111.0727 115.7982 108.7198 111.1812 111.4671 108.3700
98.5200 97.4794 95.5612 92.6663 88.7416 84.0858 78.6168 71.7844 71.0404 74.2564 79.7485 85.7219 89.3003 92.7470 96.5919 97.9874 98.9338 100.3849 101.3629 102.2269 102.9287 103.4893 105.8276 105.7751 106.1420 106.0166 108.4702 106.5617 111.3389 113.4698 112.1639 110.3693 113.5673 112.5672 115.1188 110.2688 111.5814 109.1301 117.5877 108.4400
98.2500 97.8230 95.0281 92.0373 88.2233 83.7567 76.2008 62.5667 59.5131 65.8594 78.9830 84.4175 89.4368 92.7706 96.2787 97.0067 98.7960 100.0347 101.4739 102.2553 102.9316 103.3983 104.9908 106.3108 106.1605 106.6785 109.3859 107.0195 110.1118 109.4008 112.7995 111.9988 109.4906 111.8174 110.2983 112.4657 113.8511 113.1568 114.0293 111.8600
99.0300 97.8876 95.2651 92.5613 88.9186 84.2827 77.9034 67.7408 63.3202 68.8162 80.1874 84.9811 90.0239 93.1507 96.2157 97.4790 98.9064 100.1613 101.5069 102.2966 102.9667 103.4597 105.7045 106.2649 105.7515 106.4950 109.2021 109.0743 111.2312 113.4793 112.5693 111.3348 112.6901 111.7820 110.7266 110.7046 113.7556 110.6420 108.2326 111.8600
99.0900 98.1502 96.7130 93.8064 90.6913 86.5285 82.0893 77.1488 74.8958 76.4039 82.7400 87.1272 90.8557 93.4894 96.0243 98.6593 99.4264 100.6501 101.5752 102.3940 103.0446 103.6053 105.0198 105.9472 104.8728 106.1772 110.6730 106.4705 110.4671 110.2479 109.4004 112.3627 112.8679 112.3510 113.8179 114.2684 115.0706 112.1334 108.9690 109.7700
100.1600 98.2928 97.1405 95.3124 92.4539 89.9397 86.3320 84.7430 86.0774 83.6533 86.3399 89.0789 92.0145 94.3411 96.3339 98.5357 99.6909 100.7626 101.7730 102.2453 103.1923 103.8143 104.3469 104.6176 106.0008 106.7672 107.6607 108.2177 111.4971 110.3157 109.3700 114.2094 113.5562 115.0786 113.9855 112.5002 114.9940 113.4408 110.8331 110.9800
100.4200 99.3145 97.7534 96.5226 94.5294 92.8426 90.2256 88.1709 86.9752 87.8045 90.0867 91.3125 93.5671 95.8680 97.4654 98.9089 99.8659 100.9801 102.0376 102.8382 103.3876 103.9517 104.3476 105.0244 106.0587 106.6780 107.5938 107.3400 109.7607 110.0217 108.1188 108.2329 112.3496 110.2909 111.4667 114.5952 117.5033 111.1053 116.9027 108.4600
100.5000 100.1173 98.7222 97.6270 96.8746 95.3404 93.5175 92.0978 91.8004 92.0440 92.5283 94.5038 95.2265 97.1336 99.0093 99.8812 100.7643 101.5403 102.2836 103.0549 103.6800 104.1495 105.9431 105.5505 105.8366 107.4518 107.8482 107.5981 108.1770 107.8945 107.1237 107.2289 107.7518 109.2239 112.4341 114.0137 113.4230 114.4345 111.3457 111.1200
101.4700 100.2377 98.7577 98.9559 98.1362 96.6907 95.7656 95.4603 95.1505 95.1855 95.6221 95.9333 97.2138 98.5048 99.1971 100.6511 101.4813 102.2984 102.6930 103.2925 103.8718 104.5913 105.6116 106.3091 105.3869 107.6112 107.6635 107.9403 109.9378 109.8435 109.9974 109.3720 112.2820 111.6491 114.1415 110.9586 111.8469 114.5965 110.6212 110.2600
101.4700 101.0500 100.2100 100.2100 98.5600 97.1600 97.8200 96.6400 96.1400 97.3700 97.3700 97.6400 98.7800 99.7500 100.0000 101.2000 101.7600 102.2700 103.1000 103.6300 104.7600 104.4200 105.2000 105.2000 106.2800 107.2100 107.8700 108.3900 113.0600 111.9400 108.9800 114.3600 115.4200 112.1200 111.5300 109.9300 111.1400 111.3800 114.8700 111.6600
