112.2000 112.5600 110.0200 106.0400 104.5300 109.5300 105.2200 114.0600 114.1100 104.1300 106.6500 100.6300 100.9400 100.3300 99.4900 98.6900 97.7600 97.7600 96.6900 96.4100 97.8100 97.8100 98.7400 99.5100 99.5100 100.8700 103.2500 100.6800 112.1400 114.1300 113.0100 105.5900 104.0300 103.0000 103.6700 104.9600 108.0400 109.6800 111.5500 113.6900
107.6300 108.8881 112.2139 110.1549 108.0681 103.0752 108.4500 110.6985 107.6029 107.9853 102.1453 100.9197 100.5641 99.5017 98.4799 97.5698 96.5965 96.1708 95.6903 95.4035 95.8676 96.5901 97.5025 98.4398 99.4094 99.8425 104.4622 100.3228 105.1203 112.3469 114.7228 107.9277 104.8520 103.3764 102.9631 104.6669 106.1718 106.3138 111.6164 113.3700
113.4500 112.5272 111.8181 109.6013 107.7883 111.1825 110.7227 107.5170 110.5743 102.9905 103.5757 100.4607 99.7155 98.7303 97.3789 95.9405 94.5679 93.7829 92.8406 92.6539 93.3692 94.5354 95.8897 97.2182 98.4161 99.5653 100.5368 99.6305 101.4669 108.6731 115.0191 110.5873 106.1087 103.9393 102.9226 104.2056 106.1834 106.9779 110.6148 112.9800
112.0100 111.3755 105.0061 107.2585 110.8785 103.7219 106.4512 104.8182 105.8075 105.1567 101.2772 100.1431 99.0871 97.8801 96.7476 94.4352 91.9702 90.0062 88.6971 88.7006 89.9358 91.9027 93.9667 95.8595 97.4517 98.8085 99.8663 100.8022 99.8631 105.5392 114.3256 112.3393 107.3462 104.7081 103.0923 103.8120 105.7626 107.7936 110.2845 112.8000
107.1900 106.9170 106.2449 105.9768 105.1011 105.7169 103.3004 105.4434 103.1429 101.4868 100.7104 99.8757 98.3125 96.7637 94.6952 92.4208 88.9157 85.8878 83.6896 83.6118 85.7297 88.7316 91.8360 94.4458 96.5222 98.1379 99.3964 100.6881 100.5378 103.3731 111.7443 113.6621 108.3981 105.4246 103.8744 103.8506 105.6326 107.6497 109.9242 112.6000
106.9700 107.5293 107.2536 105.7626 104.4204 104.4710 104.6982 100.7730 103.7269 101.7185 100.6139 99.7096 98.0939 96.1381 94.0861 91.2886 85.6053 81.0965 75.9785 75.8238 80.5665 85.2774 89.6228 93.2228 95.6886 97.6056 99.0737 100.2898 101.2049 102.5280 109.0366 113.2703 109.0776 105.8899 104.1308 103.6813 105.5619 107.5829 109.7473 110.6100
107.8300 106.6524 107.0378 106.4588 105.4761 104.4137 105.8428 101.1399 99.1256 101.5939 100.6102 99.5430 98.1534 96.2765 93.7969 89.4464 83.8973 75.5349 68.0207 67.7729 75.3038 84.4031 88.9955 92.5298 95.1849 97.2683 98.8384 100.0192 101.7821 102.0288 108.0469 113.0443 109.4514 106.0664 104.2078 103.6181 105.3411 107.3781 109.5665 110.4400
107.6000 107.3160 107.1420 107.0008 106.4075 105.6303 105.4813 105.3410 103.3096 101.2937 100.5750 99.4905 98.3023 96.8161 93.4530 88.0047 83.5844 73.3202 65.4778 65.0625 73.0749 84.8872 89.1474 92.4067 95.0040 97.1830 98.7692 99.9430 101.7017 101.7672 107.8707 113.2204 109.5607 106.1341 104.2493 103.5751 105.3155 107.3523 109.5360 110.4200
112.3100 107.6090 106.2292 105.7574 105.6912 104.4020 103.9124 104.9339 104.3684 101.7470 100.6988 99.2322 98.5022 96.8698 94.4618 89.2527 84.2102 77.1937 70.2451 69.5266 77.6125 84.7011 88.9360 93.6143 95.4498 97.3357 98.8979 100.0245 101.7783 102.0543 108.5665 113.4657 109.3565 106.0127 104.1738 103.6181 105.3873 107.4316 109.6047 110.4500
107.8400 107.6103 106.1501 105.1716 103.9416 105.4897 103.7030 105.0047 103.9208 101.5026 100.8614 99.5462 98.4039 97.4282 95.6841 92.1517 86.6235 82.5551 78.5291 78.5753 84.8209 86.6802 90.8513 93.8684 96.2170 97.7757 99.1784 100.2653 101.5274 102.8701 108.8869 110.4502 108.7153 105.8403 104.1841 103.8671 105.5252 107.6025 109.7937 112.3600
107.8700 107.6447 106.9580 105.3564 104.7577 105.8231 104.4407 103.8200 102.9136 101.8693 101.2500 100.3017 98.6171 97.3043 95.9135 93.1304 90.2638 87.7662 85.5967 85.2994 87.3938 89.7879 92.8355 95.2356 96.9525 98.3309 99.6537 100.6622 101.3800 104.1297 111.2266 113.0558 108.0821 105.4901 103.8231 104.2277 106.0199 108.0544 110.1504 112.3700
107.8100 107.4441 107.1696 105.3847 104.8372 105.8403 99.6913 103.4931 99.0366 102.9810 95.5403 100.8382 99.5419 98.8365 97.4515 95.3436 93.3390 93.2323 90.5043 90.3713 93.0007 93.5447 95.3144 97.1536 97.6686 98.9966 100.2035 101.2590 101.4285 106.4005 110.5805 110.4800 106.9907 104.7725 103.4388 104.2138 106.1983 108.2697 110.5883 112.6500
112.8300 109.2805 106.6067 105.0394 105.4049 105.8195 105.9280 105.5003 100.6688 97.1221 102.5117 101.1943 100.4068 99.3914 98.3456 97.5143 96.4294 95.0946 96.0004 94.1441 96.3573 96.4432 97.2370 98.2722 98.7233 99.6910 100.0423 104.8220 105.6819 105.0451 108.6441 113.2215 105.8729 104.5516 103.6003 104.5277 106.7880 109.0510 111.0952 112.8900
107.7800 107.6644 107.4465 105.9130 105.3589 106.5550 104.6961 104.5963 101.0057 102.7768 101.0603 101.6971 100.8214 99.8970 98.8894 98.6517 97.6430 89.4176 90.9865 98.0404 97.8732 97.8203 98.6744 99.3545 99.9294 100.5194 103.1577 108.9129 103.1400 106.6902 109.7783 101.6784 105.5994 105.7158 104.2305 106.9969 107.3333 106.7560 111.0586 110.1300
111.3800 109.0572 106.4338 106.6977 104.0827 105.7257 104.4768 101.3107 104.7710 99.2696 96.8117 94.4602 101.1301 101.0161 100.0268 98.4004 100.3412 100.9482 89.6240 90.0265 99.5229 99.2625 99.6101 100.4860 101.0124 101.2418 102.7187 108.9521 106.1940 108.0494 110.1190 106.9230 106.1000 112.9629 114.8194 111.4622 116.1928 113.5730 111.0975 109.7700
112.8300 107.7594 107.1629 107.6113 105.4981 104.3673 103.1897 103.7680 102.2612 106.2628 98.1944 99.9367 102.7454 101.5532 100.2777 91.9999 94.6653 98.4658 91.6231 98.7413 100.4392 100.3198 100.6678 101.0661 101.5947 102.5444 102.2006 103.2906 106.5041 106.9991 109.1060 111.0326 106.6681 113.4072 111.1545 109.1449 114.6861 114.4520 112.2021 109.9300
107.9500 107.7587 108.2559 106.7613 105.6744 105.0062 104.4892 105.3802 101.2143 105.1104 102.1577 105.1222 104.3216 104.0206 103.6399 98.1098 98.3299 93.5134 101.3850 100.7474 100.7861 101.1563 101.6952 102.1900 102.7557 104.2993 104.3348 105.2432 106.9305 104.4213 109.7673 106.6759 107.5826 110.0310 112.0052 106.6443 113.2934 112.4979 114.1530 112.5300
108.5000 110.9523 111.7398 107.2433 105.4982 107.0151 106.3801 105.6438 104.9890 105.8249 104.7364 104.2563 109.2729 102.9353 102.1825 102.7096 101.2588 95.7557 96.1918 102.1481 102.2069 102.0408 101.4318 100.8186 104.2094 105.2713 104.2473 107.9228 110.1514 105.1611 106.9910 104.3687 107.1521 107.3178 113.9767 108.6803 113.0692 111.3820 111.0462 107.2600
110.3600 114.2061 109.9552 106.6933 105.6121 106.7261 110.0306 111.0070 102.3465 104.3825 102.8873 105.4758 105.4297 103.2792 104.2023 104.5028 103.8653 100.9925 99.4334 101.1747 103.0013 104.4046 103.2421 101.5071 103.7109 104.4923 104.4804 107.7329 110.0749 106.4320 107.7622 106.8643 106.3781 106.9879 109.7756 109.0988 109.3817 113.0023 108.7021 110.3300
113.7800 109.1865 107.4553 106.4799 106.8484 107.4890 108.5809 107.2115 102.9019 103.3805 102.7450 109.7925 105.4837 104.3956 104.7986 105.4679 104.9599 104.8533 105.4183 104.4246 103.7840 105.0973 105.4461 105.0419 106.4916 104.3903 103.2396 101.8447 105.4056 107.3436 107.8831 108.4541 106.2702 105.7803 109.8661 108.1040 109.3921 108.5257 109.7486 109.1900
111.8200 109.1351 107.8400 107.0116 108.0171 107.0303 109.6965 109.1427 107.0686 107.0907 109.7303 107.2172 105.2920 105.2637 103.6088 103.5883 105.5413 101.2443 105.9928 105.5230 105.7866 104.7472 105.5837 105.4001 106.1053 104.8663 104.0799 103.7064 107.4610 109.9918 111.0696 112.4978 109.1274 106.1496 112.4272 109.0362 110.2478 101.8811 111.6273 110.9700
103.3800 108.7811 108.4419 107.8180 108.0724 108.0595 112.6925 110.4806 107.1868 105.8367 106.6926 107.0227 106.6056 106.5856 104.2437 103.7222 104.6223 100.4527 105.2887 105.7279 104.9091 104.5374 103.2067 103.4353 103.8406 105.1050 104.3955 104.3154 111.1815 110.9743 113.0948 114.0776 105.5339 107.9027 108.4001 106.6584 108.8853 103.9809 111.7242 112.5900
109.7300 109.8269 107.9699 107.7809 108.6936 112.0343 112.4975 109.9767 106.5068 105.9993 106.5608 106.2952 106.3027 106.8804 104.4592 106.8968 106.2776 106.6071 105.6487 106.3488 105.2961 105.9803 102.5942 104.5406 103.3073 105.5075 104.1854 109.6938 114.0748 109.0010 108.7126 110.7966 108.6854 108.6365 106.6775 106.9030 100.7434 109.8288 109.2197 109.4600
104.4900 102.6173 102.4653 110.1571 108.4100 110.5149 112.8335 112.3893 105.3115 106.6465 108.8950 105.7401 106.3642 107.0247 105.7916 105.8176 104.1566 102.8250 107.2797 106.2771 105.8918 105.3025 104.1553 105.8862 104.6468 105.0218 104.3354 108.5950 107.0017 106.1656 107.0866 107.8744 112.9977 110.9368 110.8333 102.3154 109.2109 109.7833 112.6899 110.9700
107.6400 107.5471 108.3410 106.1937 110.2375 111.5433 112.2398 111.5236 112.1309 109.8597 108.9992 106.7358 107.2474 107.6200 106.5115 105.5979 105.3533 105.6359 104.8381 104.0033 106.1210 104.5775 106.8774 106.1885 110.4970 106.4815 113.5074 111.5147 108.2693 108.0729 107.7305 108.2441 108.4983 108.4966 112.4912 107.9750 107.8141 110.2074 114.2886 110.9700
106.2400 110.2639 109.4690 104.9552 113.4532 109.4672 114.0261 106.2680 112.7158 108.9923 106.9151 106.3946 108.0450 107.5345 108.0283 106.8602 106.0778 106.3825 105.9849 104.8037 106.9572 106.9352 106.6166 105.1917 110.1928 110.1485 110.8450 112.4559 113.8678 113.6104 110.1815 109.2524 107.9228 106.2235 117.8373 117.0131 112.2829 114.8757 115.5548 114.6600
106.2400 107.0913 107.9289 109.0456 105.7258 109.5899 117.3160 115.1663 108.9246 109.0662 109.7877 107.4521 108.0504 107.5404 107.9392 107.4410 107.2989 107.2681 107.5488 106.8087 108.6445 105.7210 107.5802 106.5780 112.6165 112.2292 110.7270 115.0710 113.6703 114.3735 114.8189 111.3416 104.8810 107.4671 110.0789 112.2950 109.4259 112.5542 114.9351 114.6600
108.3800 107.2051 104.8148 110.7140 107.7578 107.7286 109.9446 107.8529 111.9978 110.3433 110.8820 109.0784 109.4987 107.9889 107.4725 108.2267 108.0632 108.3389 108.2595 108.1205 107.9927 106.4704 108.4332 108.5997 111.4843 112.5889 112.6472 115.5280 113.0174 115.1859 109.7682 109.4461 107.9074 105.4207 104.8580 111.6264 111.7693 113.4803 115.0373 113.6100
108.4700 107.7202 107.5957 107.3096 109.0970 114.2918 114.2514 108.0034 111.2731 108.2650 108.5044 110.6575 112.7058 109.8527 109.5755 108.8211 107.9692 108.7109 108.4073 107.9334 112.7360 112.8281 109.7444 113.6596 110.5514 115.7087 115.7844 116.1903 107.7904 108.8409 111.1240 108.2987 109.3746 105.4478 112.6170 115.9831 111.8792 110.2193 110.5432 108.1200
109.6400 111.2811 109.5223 108.7119 111.2674 111.5541 109.4394 111.3688 106.5145 106.1714 107.0780 110.0815 104.6470 104.4948 106.5389 109.5221 109.5412 110.4342 110.3934 113.1720 115.4454 116.6332 107.9648 111.8363 110.1321 113.0397 110.0625 114.0824 106.6649 106.0026 111.0113 107.9152 107.2018 107.2289 111.7959 114.8669 112.8166 110.7457 112.5200 112.8000
115.1800 111.3368 112.0738 111.4189 112.9318 112.1067 108.8972 107.9624 109.6994 109.2789 108.4204 104.6101 104.4058 103.7773 102.6903 105.6746 103.6136 104.9413 105.5290 109.2017 109.1257 111.1011 103.2246 109.2322 107.9875 108.0077 109.2312 115.7578 109.7385 109.5801 110.2217 109.2946 107.8280 107.8506 110.4116 115.1581 114.4969 112.7551 115.9767 117.2400
112.5300 109.6664 111.9618 113.0476 112.0153 107.5645 108.8482 108.6139 109.1430 105.6228 109.9059 109.2172 106.8184 106.6923 104.2952 108.9242 103.5433 103.4664 104.6821 113.5090 110.0006 110.1182 107.4436 107.6721 109.5185 105.1031 107.8065 110.8286 111.7188 112.0378 110.5640 111.3712 108.5337 106.6220 114.2887 110.7528 107.8796 112.8445 114.0260 114.3700
110.6000 113.5254 110.1945 110.4201 110.4334 107.6501 108.5069 111.8206 107.3000 109.1412 112.5498 110.1218 109.1938 105.6468 106.0575 106.8780 104.7645 105.3433 106.6723 110.0181 112.1528 111.1276 111.0680 108.0851 104.2632 107.0017 107.7751 106.4432 108.9232 109.4169 114.4483 112.2860 109.7353 113.3597 110.2545 109.2349 108.9249 110.4511 112.1435 111.3100
111.2100 112.3975 112.3268 112.5178 110.3023 110.4820 108.2497 112.4257 109.3736 108.6412 110.4514 108.9394 109.7158 106.4986 108.9982 109.9539 106.2812 107.5693 107.7956 111.9410 112.7386 113.1172 113.1397 110.1151 107.2926 109.4694 105.4828 107.9554 107.8489 108.9093 105.8579 113.9969 109.2320 108.8621 109.3432 111.8275 112.2487 113.5946 112.4584 111.6400
112.3000 113.6585 114.4587 112.5883 112.7248 109.6562 112.2263 113.7173 109.8296 110.4509 111.5747 108.6168 109.0540 109.1674 110.7509 110.7800 109.1261 111.2423 107.5545 112.8569 113.8908 113.9288 114.3854 112.1262 105.8153 106.9269 108.3553 108.2929 107.9152 110.1771 106.8434 108.3501 106.4661 109.0612 110.2639 111.9436 109.3214 112.0362 113.2016 112.8700
113.4200 113.6598 116.1673 112.4941 110.8442 111.8143 114.9588 110.6939 111.3322 111.1797 113.1455 111.6394 106.8680 108.6308 114.1505 110.0203 109.6427 110.5434 109.6193 112.0866 114.4296 115.1540 109.4158 107.9499 108.3222 108.2667 108.1155 108.3209 108.8404 107.9809 108.2594 109.4587 107.9928 109.2035 110.3038 109.3553 113.9516 111.0528 111.6378 110.1600
115.5700 115.8534 116.1480 115.3231 112.6638 111.7478 110.2959 117.7298 113.9776 111.6623 111.1785 111.8592 106.6582 106.8566 107.4056 108.0308 107.6699 107.7829 111.9914 106.8935 113.6536 112.0302 106.3582 106.7694 108.5186 109.1841 109.2633 109.2191 109.4197 108.7934 109.9323 109.5297 107.8155 113.4227 109.4955 109.1652 112.3570 111.1617 112.1435 112.0800
116.8400 118.2275 116.9696 115.0184 113.3704 116.5382 115.8553 112.7418 114.5908 113.8758 114.1332 108.4844 108.3091 108.0644 107.7234 108.3690 107.5125 108.0058 110.7724 112.6532 113.3833 110.3868 115.0533 107.9098 110.5989 111.9095 111.0837 110.8654 110.2417 109.6437 112.2545 111.5555 112.4457 112.8804 110.2909 109.8711 111.0012 111.2709 109.3929 114.8500
120.3700 119.9689 113.7145 114.7722 112.8457 112.0329 110.5374 116.3545 115.8610 111.9898 111.5301 109.7403 109.7674 109.1646 108.1469 107.8261 110.4301 108.7068 107.8060 110.6870 113.2204 111.0994 113.2467 109.8857 111.4888 111.4067 111.1888 109.7918 108.9759 112.9484 113.6889 111.2437 114.1648 112.4030 112.1135 110.7980 111.3178 110.5135 112.2181 116.5700
120.3700 119.0400 119.2000 114.9300 114.7500 114.8000 112.0600 119.7900 112.7900 117.4600 110.0900 110.9800 111.0600 109.1700 108.7700 108.7700 109.3800 109.5200 108.6700 109.5300 113.1200 111.3000 110.7300 112.2200 112.9600 110.6200 110.3700 109.9300 109.6900 112.5500 110.3200 112.0800 114.6900 114.5800 111.9700 114.5700 112.7500 114.1200 109.0800 116.5700
