116.3700 114.6800 109.1700 108.4300 107.9100 108.9700 113.0800 108.7000 113.5300 114.8200 108.2300 107.6500 107.9700 107.7200 109.5300 106.5200 106.3300 106.8400 106.9000 106.3600 106.3600 107.5600 106.3400 105.3600 106.2900 105.7900 106.5400 106.6700 106.6700 106.6300 107.3800 108.3500 109.1400 109.0000 110.9400 111.7900 112.7700 113.6900 114.3200 115.5600
113.1600 113.2438 113.2628 110.4642 107.5194 109.2419 108.6596 108.2495 107.4634 110.1993 110.7874 108.0732 108.1955 107.0746 106.4539 106.3068 106.1614 106.8350 106.7901 106.3730 106.1247 106.3585 107.2619 105.2629 108.6186 105.6016 106.2607 106.1983 105.6083 106.1697 106.7697 107.5109 108.2009 108.9862 109.8469 110.9527 110.8747 110.5798 113.7298 114.2600
113.0200 111.2419 110.4754 112.8864 108.7203 108.7031 108.5788 107.9052 107.4554 107.4207 110.0986 107.5268 107.9783 105.9768 106.0072 106.6300 106.3326 106.7678 106.7704 106.0723 105.7320 105.5059 105.4155 107.4508 107.3113 105.3653 106.4766 106.1837 105.7476 106.2579 106.1493 106.7901 107.1170 107.8207 108.7701 109.6318 110.8871 110.2065 113.1195 114.0600
113.5600 111.1802 111.7257 112.7102 110.7918 108.1130 108.1416 107.8819 107.0789 107.2160 106.0555 110.4087 107.0456 106.2535 106.9243 107.1394 106.7531 106.4977 106.5611 105.4426 105.3498 107.8016 106.6694 107.3734 104.6918 106.1993 106.4181 106.4627 106.3940 106.4821 106.3001 105.6233 105.8728 106.8156 107.7141 108.6562 109.7032 110.8164 112.0323 112.5300
113.3500 109.2262 108.3557 108.5520 112.1227 110.8136 108.2002 107.0407 107.4387 107.5088 106.5800 107.2986 106.8346 106.8880 106.6565 106.3865 105.9416 106.1860 106.0274 105.8641 106.3779 107.5830 108.3249 109.4649 106.9613 105.9272 106.4734 106.4714 106.6012 106.6696 106.3983 105.6796 105.1459 105.8361 106.6204 107.5722 108.6364 109.7270 110.9349 112.1400
108.9800 108.7807 108.6827 108.5672 107.1355 112.5132 107.8675 106.6673 107.3272 106.7532 106.5897 106.6183 105.9243 105.9805 105.5044 106.3518 105.8800 105.7617 105.7640 105.8113 105.7740 106.2833 106.7116 104.5098 103.8937 105.7979 106.2982 106.5291 105.8064 105.5958 107.2635 106.3838 105.9273 105.3945 105.5036 106.6449 107.6664 108.8211 109.9525 110.3900
108.9800 107.6299 108.2990 108.6031 108.3477 110.2149 106.5489 106.2395 106.2577 107.0362 105.7391 105.7038 105.3893 105.8945 105.2428 105.8387 104.3843 105.2418 105.3894 103.6339 103.6106 105.2324 105.3754 104.7996 104.1178 106.0609 105.8212 106.3570 106.1752 104.7873 105.4646 107.9847 106.6035 105.4400 105.1146 105.5193 106.7616 107.9722 109.0729 110.3900
108.8300 107.8785 108.4154 108.2446 107.2525 107.5580 105.8715 105.6755 105.8611 106.5196 105.9136 104.9181 105.3891 106.2613 104.3654 104.9872 104.7065 103.4042 103.7433 103.7966 103.3210 104.0731 103.8338 104.3883 103.5181 104.7842 105.2451 105.8948 106.6553 106.2325 103.7418 106.2407 106.8834 110.6595 107.2486 107.6735 105.9425 107.2316 108.3098 108.8400
108.8300 108.4551 108.5150 108.2970 107.6902 107.2761 106.8925 106.6003 107.1362 106.2523 105.6936 104.6423 104.6409 105.7138 104.2116 104.2633 104.3940 103.7815 103.4906 102.4419 102.2654 102.7634 102.8711 104.0756 103.4079 105.0738 104.1812 104.1986 109.1293 107.7559 105.0934 104.0912 107.6399 111.0256 106.6824 107.1634 105.4224 106.4554 107.4466 108.5200
108.6400 108.6006 108.2860 107.6449 106.7004 105.8654 106.7807 106.0571 106.5386 105.4896 105.9315 105.1660 103.7758 103.4117 103.5590 102.6050 101.7169 101.7544 101.1318 101.1322 101.1713 101.2211 101.8099 102.1179 102.6847 104.1815 104.2626 104.4023 105.3859 105.4181 104.7041 105.5166 106.4662 105.9396 105.8024 106.3396 105.5466 105.5915 106.6891 107.3200
108.4500 108.1996 108.0579 107.7148 107.2616 106.3031 106.1272 105.1265 106.5433 104.3444 105.4604 105.0063 102.7557 102.4600 101.9377 101.5305 100.9545 100.7967 100.3439 100.5714 100.6490 100.5711 100.5705 100.7927 100.8628 101.8832 102.9292 103.0449 104.4848 103.5734 105.3614 105.7884 105.9134 104.3227 107.8985 104.8285 105.8612 105.1713 105.9670 106.9300
107.2700 107.6063 108.0981 107.7999 106.7777 105.5759 106.7319 106.0578 105.6095 104.7234 103.5598 103.3716 102.4292 101.8757 100.6649 100.7706 99.6529 100.2698 99.5995 99.6010 99.7499 99.4706 99.8373 100.1186 100.3122 100.6308 101.3251 102.7067 104.6268 105.1359 104.4215 105.0814 105.5352 104.7723 105.5918 105.7000 106.3426 105.2421 105.4360 106.0100
107.5500 108.0482 107.1910 107.0049 106.6055 106.8838 105.3014 106.1190 104.9767 104.8673 103.3998 102.3143 101.7458 100.9334 99.9563 99.9309 98.9841 98.8120 99.3874 98.5615 98.5377 97.7905 98.1886 98.9605 99.7510 99.9356 100.6943 101.5431 102.1695 103.1185 103.6239 104.9318 105.5866 105.3470 103.8990 105.6190 106.2168 105.7926 106.0025 106.1800
108.3000 108.0822 107.4815 107.0444 106.5051 105.8482 105.6953 105.8280 105.0971 103.2766 102.7466 102.1867 101.2064 100.4060 99.1215 98.7434 98.5799 97.6897 97.4257 95.9680 95.8356 96.4050 97.0255 98.0753 99.1520 99.3587 100.4053 100.7665 101.7443 103.7684 103.3448 105.5730 107.4264 109.8896 106.3547 107.8269 105.6152 106.6988 108.3062 106.2400
106.8300 106.5102 107.4868 106.5919 105.6766 105.8158 105.4920 105.8910 104.6531 102.9778 102.4014 101.7095 100.5008 99.3567 97.6201 98.3547 97.2605 96.3449 94.5328 93.3657 93.5760 94.3167 95.6462 96.2141 97.6432 98.6541 99.6581 100.0617 100.7335 102.1340 103.7773 104.4755 105.8490 108.5668 105.7633 104.9907 105.8191 106.3630 106.4040 107.9100
107.9600 106.7542 105.9201 105.7692 108.9344 106.1422 104.4723 105.1696 103.8536 102.7530 101.9601 101.0772 99.9107 98.5748 96.8959 96.5866 95.5165 94.6179 92.0740 90.5901 90.5800 91.2239 93.6227 94.4767 96.0066 97.8241 98.9355 99.7609 100.5966 101.6801 102.6843 104.2943 104.6777 106.8246 107.0741 107.3979 106.3628 106.2881 105.8894 105.3000
106.9900 107.5555 106.8130 106.0845 108.2971 106.3950 105.4907 105.0377 103.4720 102.4267 101.4885 100.2582 99.0744 97.8615 96.8155 95.2134 93.1757 91.5571 88.6213 85.9384 85.6852 87.6255 91.0519 94.2955 94.8112 96.9019 97.9777 99.5162 100.3510 101.2897 101.9438 103.8456 104.1236 104.7764 107.3393 108.8694 106.4199 106.1543 106.1532 107.9500
107.8800 107.1315 106.4801 106.5062 104.4178 105.8916 105.1962 106.1028 102.9488 102.3072 101.2590 100.1546 98.6405 97.1099 95.9456 92.8551 90.5487 87.5717 83.9726 80.5667 79.9495 82.7955 87.5261 91.0619 93.6461 95.3077 97.7419 98.6118 100.0792 100.9881 101.8461 103.6446 103.6327 103.5288 105.1410 106.6294 106.6336 106.7859 106.7005 107.1900
107.6100 107.0704 105.9303 105.6540 105.0108 104.8880 104.8567 104.1528 102.8398 102.1553 101.1876 99.6504 97.9866 96.4404 95.1307 92.6303 88.2366 84.6105 77.6062 72.3561 72.9651 78.7203 84.6823 88.7432 92.3308 95.5380 97.6132 99.2149 99.9976 100.9875 101.8963 102.5678 105.0349 104.9283 104.9645 106.2478 106.5479 106.7836 107.4227 107.0100
106.7600 106.3446 106.3302 105.3386 105.7879 104.6852 104.7834 105.7004 102.5097 102.0287 101.0063 99.8433 98.9098 96.0064 95.7690 92.4393 87.9161 84.4281 70.8936 63.1650 62.5395 71.2670 82.6338 87.6968 91.2543 94.8326 97.0709 99.1808 99.8238 100.3164 101.6099 103.6165 105.0367 105.2697 106.6088 106.8056 107.1731 106.8270 107.8260 108.0700
106.3500 106.2472 106.5939 105.4470 105.9188 105.8941 104.6246 104.1010 102.6699 101.9519 100.9848 99.9981 99.0068 96.0366 95.7562 92.4026 87.8641 84.4290 70.8453 62.8171 62.0987 71.1937 82.7660 87.6290 91.3777 94.8145 97.0548 99.1669 99.8255 100.3062 101.6452 103.6728 105.0119 105.3555 106.6546 106.7638 107.1751 106.4313 107.8329 108.0700
111.2300 107.2009 106.5582 105.5025 105.1783 104.8986 104.6893 104.1871 102.8110 102.0195 101.2185 100.2376 99.0301 96.5502 96.1716 92.2414 89.0276 87.0003 77.5015 68.6465 68.9023 77.7814 88.2074 90.8507 93.4717 94.6929 97.4488 98.7723 99.6392 100.6346 101.6718 103.9098 104.3462 106.4375 105.2425 105.2661 107.2695 106.5252 107.8273 106.4100
105.4900 110.1765 105.3343 105.6370 105.0167 105.4303 104.2585 105.4615 103.0001 102.1120 101.3323 100.4992 98.9168 97.9908 96.4875 94.2012 91.4450 87.8065 83.7607 79.9399 79.9508 83.3906 87.7783 91.9102 94.3442 96.5491 98.5616 99.1620 100.6146 101.3816 102.2184 103.0038 106.0383 105.7140 106.2016 105.9384 106.9338 107.3870 107.2659 107.4400
106.9500 107.2215 105.9803 108.7707 106.8321 105.2962 105.1098 105.2440 103.5067 102.3437 101.4660 100.9081 99.7731 98.1029 97.5096 96.3691 94.9535 91.2959 88.4852 86.7005 86.5296 87.9173 90.9370 93.2174 95.3189 97.4283 98.6473 99.7729 100.5521 101.8770 102.5638 103.2416 105.6905 104.9153 105.9524 107.2487 106.0759 107.4050 105.6221 107.0700
107.6100 107.7028 105.9755 109.9568 109.9002 105.1831 105.2702 103.6069 104.9696 102.7370 101.8704 101.3484 100.2005 99.1921 98.1700 97.0058 96.3671 94.5869 93.6742 91.6750 91.5018 92.8404 93.7520 95.5736 96.9971 97.8412 99.2142 100.0862 101.4795 102.0865 102.7135 103.2940 105.4915 103.7979 106.2470 106.9181 106.2159 107.1516 108.0698 108.2000
107.6100 108.8640 106.0015 107.1110 105.5698 105.1301 105.5697 105.0587 103.9390 104.4010 102.3261 101.8615 100.6608 100.0432 99.0214 98.2234 97.4898 96.7749 96.7075 94.4899 94.2908 94.9829 95.7388 97.8856 98.4549 99.1547 100.0418 100.9547 101.7931 102.2698 103.9200 103.7209 105.1786 106.0171 105.8853 106.8007 107.7831 107.7471 107.4500 107.9000
108.0200 108.5907 107.1066 107.2950 106.2948 106.2373 105.7701 106.3437 104.8037 105.4439 102.6323 102.3376 101.3731 100.5438 100.0758 99.3722 98.9027 98.4897 97.9811 97.0038 97.0558 97.2593 97.2840 98.9489 99.4978 100.0086 100.5873 101.1781 102.1983 102.7562 104.1846 104.5596 105.8627 104.8119 105.8261 106.2272 108.2966 107.6947 108.0352 108.1200
108.5300 107.6960 107.4341 106.0518 106.9934 105.5024 105.5715 105.4757 106.1503 105.4937 103.2204 102.6255 102.0437 101.2666 100.8964 100.6041 100.0784 99.6930 99.0414 98.9818 98.9338 99.1108 99.7420 99.6084 100.0903 100.8255 101.5006 101.9645 102.6088 103.6915 104.2756 103.8014 105.3308 106.0331 106.3660 106.4153 107.8694 107.8139 107.7548 107.0800
108.7800 107.0237 107.1496 106.3971 107.2201 106.3108 106.2452 105.3131 105.8969 105.3541 104.9750 102.9049 102.6628 102.1253 101.6679 101.2040 100.4940 100.3651 100.3782 100.1267 100.0864 100.0009 100.5873 100.7608 100.8887 101.6589 102.2184 102.4126 103.5135 103.6335 105.9446 105.3311 104.8931 105.1922 107.0101 106.9554 106.9330 107.5898 107.4404 107.9500
108.7000 107.9497 107.5963 107.1096 106.7681 106.4089 106.4581 105.3595 106.5985 105.9040 105.5839 104.3656 103.4423 102.6728 102.4823 102.1087 101.7298 101.3025 101.3266 101.0453 101.0629 101.0263 101.2104 101.5107 101.7005 102.2609 102.7207 103.2971 102.6968 101.4082 106.2131 106.6341 106.1424 106.0401 106.3428 107.7495 107.1320 107.3846 107.3767 108.0200
109.4300 109.1181 107.5490 107.9161 106.4233 107.5195 107.3530 106.7324 105.4493 105.7451 106.3263 105.0453 104.5506 103.2919 103.1044 102.7166 102.3732 102.1694 102.0905 101.8529 101.8571 101.9127 102.0325 102.3911 102.3528 102.8873 103.4185 104.0494 106.2191 105.9430 105.4111 107.0129 105.8188 107.3808 107.3983 107.8199 107.3381 108.3137 108.4461 107.5300
108.0100 107.3469 107.9403 108.0712 106.7698 107.1601 107.3927 105.9341 107.2889 106.5814 104.9710 104.1014 104.6920 105.4479 103.9910 103.1782 103.0101 102.7227 102.6726 102.6411 102.6659 102.7888 102.8768 103.0267 103.8661 104.3761 103.8151 105.4869 106.5951 105.7375 105.0200 105.1961 106.9408 109.6559 112.4768 107.6264 108.0633 108.9682 108.3416 108.5300
108.0800 107.4012 107.1374 107.1446 107.1225 106.4603 105.8762 107.3998 107.4243 106.6351 106.3539 105.5756 105.0841 105.8342 105.3639 103.7453 104.1351 104.1366 103.3744 103.2237 103.1984 103.4931 104.1598 104.4325 105.0895 106.2435 105.5713 105.7635 105.8198 106.4528 105.4496 106.2863 106.8627 107.0546 107.3027 111.4921 107.6386 112.9100 107.1226 107.5800
107.6300 108.2649 107.3158 107.2814 108.2611 106.9534 106.6690 107.1673 107.3493 106.7244 106.1625 105.8040 105.2868 104.9355 105.9342 105.2194 105.4944 105.8417 104.3749 104.8733 105.7483 106.1137 106.8662 106.2922 104.8617 105.1669 107.0243 105.8016 105.7809 106.9116 107.2648 106.9037 106.3410 106.0701 105.7669 107.2261 108.4751 113.6406 109.8913 108.8100
108.2700 107.3407 106.7017 107.5281 107.8995 107.4469 106.9865 106.9550 106.4219 105.8912 106.7464 106.0286 105.7119 105.9268 105.7705 106.7730 105.2143 105.1732 105.1472 106.3181 106.3282 107.0309 106.2935 107.4348 105.5294 107.4436 106.2235 106.4882 106.1193 106.7957 106.9533 107.3404 107.1060 109.4052 107.1925 107.1580 108.7170 112.8061 115.8344 110.0100
109.2000 108.3001 106.2956 108.9787 110.5356 107.5090 106.8821 108.3162 107.9316 107.8671 106.3136 105.6086 106.8559 107.1443 106.3781 107.1001 106.5244 105.8438 105.8781 107.4323 107.9375 109.0746 105.9205 106.2077 105.7344 105.8406 107.0154 109.1922 106.6746 106.5428 107.7642 107.1623 107.1616 108.5373 108.1441 107.5399 108.6819 108.8507 111.9154 111.9500
105.2200 106.0422 111.3095 111.2175 110.4335 107.8877 107.2635 108.9404 106.8570 107.9617 106.9529 106.1465 107.1853 106.2934 105.6945 106.8132 105.7963 106.4206 105.9711 105.7640 106.5681 106.9773 105.9996 110.5149 106.1539 106.2116 106.1205 108.1807 106.9798 107.7238 108.1319 108.3427 108.0565 110.8726 110.9271 110.3993 108.0540 108.9163 109.3429 110.2000
108.4100 110.5613 115.1012 110.6464 103.4307 103.3741 110.3553 107.4405 107.3339 108.1863 107.9220 106.4179 106.9145 106.3118 106.2015 106.6049 106.4531 107.7303 106.4511 107.2563 105.8480 105.6272 105.2221 114.0783 106.8370 106.5416 106.7470 109.3053 109.1589 106.7310 108.4470 107.3334 112.4768 108.7362 109.2668 109.1886 108.6064 108.9646 108.5881 108.8300
108.9000 115.6618 108.6797 109.1669 108.2135 109.9266 111.5889 106.4904 107.5246 108.6393 108.3243 107.1184 106.4445 107.3383 106.5711 106.4518 106.2568 106.2844 107.0436 106.9058 106.9345 105.9009 107.1670 109.7309 108.3092 106.7471 108.5916 111.9405 108.5883 107.1450 107.7784 107.3370 110.9382 112.6044 109.3172 107.9802 110.9008 109.6633 109.7140 108.6700
108.9000 106.6400 109.3700 109.3700 109.2300 111.4200 108.4500 108.2000 108.6500 108.6500 107.8200 107.6400 107.7800 107.9500 107.0500 107.0300 107.4500 109.4500 107.6200 104.9600 106.1500 106.3000 108.2200 108.2100 109.2400 108.4100 108.3700 112.7600 108.6800 107.1100 107.1100 108.8800 112.6700 113.3400 112.0400 108.3600 108.6600 108.6600 108.7000 108.7000
