108.8100 108.8100 109.7200 107.8900 108.1400 111.0000 109.3100 111.6400 110.4400 111.7900 111.7900 109.4200 109.1100 108.6300 112.1300 109.8900 108.9200 108.9200 110.7000 110.9400 114.9100 107.0000 115.1000 109.5800 108.2900 106.8200 106.8600 108.0200 109.0300 108.8100 109.8700 110.7700 110.7700 111.6400 112.4600 113.3100 113.1600 115.2000 115.2000 114.9000
110.2600 111.5442 109.5356 108.2240 111.8963 114.7968 113.5359 109.4221 112.3482 108.2455 109.6716 111.3934 110.2776 107.9732 108.3110 108.6146 108.2783 106.2675 110.6497 107.8004 109.9387 106.9357 115.4105 111.3496 106.7352 107.0470 107.1668 107.5548 107.7165 108.1196 108.5710 109.1336 109.7659 110.4198 111.0601 111.6909 111.2593 111.1538 114.3684 114.9000
110.1200 109.0099 109.3070 114.3007 109.8227 109.5518 109.4933 109.0940 109.2029 109.5176 110.2449 108.8112 109.8066 107.6072 107.1680 105.7940 107.4194 105.6580 111.5812 106.6596 108.1890 106.1233 111.4981 108.3353 105.7660 105.8372 106.0345 106.0550 106.3200 106.8135 107.2216 107.7764 108.3801 109.0828 109.7820 110.4453 111.4517 110.6110 113.4372 114.5400
110.5900 114.3448 115.9157 111.7759 114.4089 112.6028 109.8007 108.7136 107.7985 110.9558 114.8672 107.8966 108.1419 107.7864 107.2127 106.8906 107.3418 104.9656 107.9650 105.6291 106.4094 106.0318 105.9299 106.5358 106.5294 105.8674 105.4717 105.7548 105.1344 105.4854 105.9440 106.5092 107.1774 107.8951 108.5652 109.2874 110.2387 111.1323 112.2490 113.0700
113.7600 111.3929 109.7267 111.4200 112.9025 107.6922 108.8868 108.8321 108.6310 108.0905 110.7933 110.3055 107.6910 107.2083 107.0401 107.8708 106.5367 106.1970 108.7835 111.4266 104.8447 104.8639 106.9903 106.9798 106.5304 106.7479 106.3152 106.3241 105.7197 105.4325 105.2812 105.4854 106.1713 106.6562 107.5436 108.0432 108.9056 109.8780 110.8107 110.8300
111.2400 108.4653 110.8259 111.9234 111.1558 110.5466 110.0479 107.1725 108.5621 108.4348 108.5833 111.5927 106.8543 107.3162 106.4474 106.6361 106.6727 105.0160 108.5466 109.7223 104.1956 105.2069 107.2080 107.4077 106.4653 106.9504 107.6119 104.5260 106.5626 106.3773 105.9889 105.5172 105.2038 107.1529 105.6274 106.7893 107.7592 108.7384 109.6051 110.8300
109.3600 107.4830 113.4577 108.2436 108.7414 111.9137 109.5556 108.0447 108.5964 108.5425 107.2755 107.5032 108.0800 107.4280 106.9054 105.7581 106.5526 105.8976 108.0230 111.4919 105.1516 104.9378 105.9389 106.4208 106.2096 107.9820 109.4736 105.4798 105.0392 105.2630 106.5196 109.1207 108.2466 109.1123 107.6703 106.3263 106.7576 107.7808 108.6805 109.6600
109.3600 108.0453 108.2333 108.9698 111.4490 108.6156 108.3755 108.2305 107.5759 107.9470 107.4440 107.0196 107.3062 106.9668 107.2728 106.7898 106.2001 105.1046 106.4043 105.1471 105.2530 105.2368 104.3780 105.2781 105.1794 107.8317 106.8376 107.2467 104.2372 106.4840 106.4513 107.2003 107.2869 107.1917 106.6799 104.9846 106.4121 106.9216 107.6722 108.1400
111.9400 108.9602 109.4244 107.7274 109.2297 108.6322 108.8987 107.8501 107.8459 107.7969 107.5125 106.5299 106.8107 106.7434 105.9700 105.6112 105.0691 106.1760 105.8427 104.3948 104.7796 105.8976 105.4514 105.7604 105.7264 104.6643 104.8116 105.3858 104.8188 105.1384 106.2101 105.6257 106.9293 106.9489 104.1816 106.1578 106.2574 105.6788 106.8245 107.0400
113.6900 110.3785 108.5441 108.0842 109.4195 107.5686 107.6040 107.1142 107.7941 107.6450 106.9139 107.0864 106.0497 106.4043 106.4901 105.8949 104.2664 105.3843 105.1797 104.0912 104.9050 104.9750 105.0482 104.7904 105.3873 105.2583 104.0161 104.0136 105.7790 105.7647 105.7242 105.1126 106.0391 106.3313 105.6276 106.5532 106.0916 105.4128 106.0564 106.7000
108.9200 109.0729 110.5794 107.8600 108.7062 111.3690 106.6370 107.3412 106.5540 107.7610 106.8288 107.3201 106.8082 105.8330 105.6156 106.0064 105.7301 105.8591 105.1118 104.4831 104.0646 104.6986 104.2872 103.3576 102.9652 103.1390 103.1179 103.7052 105.3775 107.3553 107.9300 105.1937 104.8581 104.5483 106.2254 105.8673 105.7778 105.9888 105.6317 105.7200
108.6300 109.2044 109.1664 108.9261 108.5038 108.1686 107.7318 106.6980 107.3744 106.5639 107.0779 106.7796 105.8300 105.5304 105.4931 104.1919 104.0450 103.6706 104.1747 103.6954 102.3959 102.2153 102.0701 103.6749 101.8900 102.2505 102.8234 105.3455 109.1060 103.1817 105.2426 104.7616 106.1006 104.9969 106.1074 106.5140 106.7400 106.2072 106.2981 106.3300
108.2200 110.7862 109.0304 108.6504 108.3959 108.0570 106.9363 107.1705 107.1576 106.5659 106.7612 105.9555 104.4515 105.7740 105.2149 104.2172 103.0433 102.8434 102.4311 102.1434 101.6021 101.3421 101.6649 101.2551 101.4742 101.4022 101.5821 102.4397 103.8246 104.5843 104.9788 104.9568 104.9890 104.8402 104.7598 105.8982 107.8782 107.3243 107.9070 106.8700
115.9200 114.2986 110.4941 107.5291 108.2230 107.9132 106.8309 107.6568 107.3237 107.5184 106.9859 106.0357 104.9257 104.1354 103.9726 103.7340 102.5689 102.1176 101.7766 101.0566 100.7700 100.3931 100.6205 100.7782 100.8778 100.9039 101.1883 100.9686 101.6668 103.5393 103.8539 104.4083 104.9950 105.4297 105.2846 105.4646 107.4431 110.7362 110.4169 107.8000
109.1600 108.4741 111.7754 107.5749 105.8819 106.8647 107.8576 106.4638 106.6542 106.3358 105.1664 105.4142 104.3312 104.5968 103.6438 102.5899 102.0136 101.5712 100.6425 99.9876 99.9796 99.5563 99.2744 99.2242 99.6659 99.8729 100.1751 100.3302 100.6760 101.6810 103.2011 104.5066 104.7061 104.6849 103.9812 104.7345 108.9197 105.6364 106.0283 106.9000
113.8400 108.1014 107.5704 107.9518 107.4135 106.8714 107.7696 107.0690 105.7317 105.7485 106.4588 104.2151 104.8471 104.7609 101.7492 101.8057 101.4041 100.8109 100.0383 99.1241 98.4036 98.4413 97.7419 98.0354 98.1280 98.8709 99.1481 99.6509 100.2085 101.2804 101.8412 103.0987 104.3364 103.6676 105.0514 105.6781 105.5948 106.2827 105.9204 106.2600
115.1000 113.7236 111.8710 108.2062 108.1895 107.9118 106.9236 106.3817 106.2096 106.6916 105.9214 103.6634 103.7029 102.5944 101.6644 101.1413 100.6914 100.1274 99.1285 97.9269 96.3785 96.9131 97.4763 96.5813 96.7100 96.9830 98.1587 98.4625 99.4474 100.3438 101.0236 101.5889 102.9768 103.0674 103.7687 105.3712 105.9853 106.5318 105.6819 107.4400
117.1600 116.2988 111.3373 108.5305 107.2281 106.9832 107.6410 106.7065 105.1460 104.8974 104.1957 104.0275 103.6385 101.8859 101.4847 100.5105 99.7754 98.8536 97.6771 96.2723 94.3729 94.8233 94.8033 94.0539 94.2255 94.9766 96.9653 97.1976 98.5988 99.5294 100.4432 101.3466 101.9764 103.6806 103.2039 105.7509 104.9029 106.5566 105.5851 105.6700
110.4000 112.3039 110.3731 106.0571 105.1460 105.5674 106.2502 110.5257 104.7088 103.8942 104.4546 103.5882 102.1269 101.4367 100.9138 99.9339 98.8265 97.9575 96.3636 95.1094 93.2715 92.0385 90.5518 91.0879 91.2175 93.6803 95.6534 97.2420 97.9207 98.7625 100.1953 100.8179 101.4272 102.5288 104.2837 105.8603 105.4015 105.5972 105.7436 106.1200
110.9200 109.9985 108.3761 108.3781 108.1367 111.2802 108.9822 104.8078 109.1603 109.8372 103.2902 102.9531 102.2128 101.0381 100.9122 99.7355 98.3626 97.2100 94.4838 93.0471 89.6144 89.5516 86.6951 86.6659 87.8464 90.3741 93.0970 96.0519 96.3246 97.6212 99.2511 99.8340 101.3378 102.6168 103.2850 104.9543 105.2541 106.2520 106.9217 107.2100
111.7100 111.9670 113.0724 109.0630 111.6200 106.2825 109.7671 110.6539 106.3158 105.0599 105.0669 102.7852 102.2041 100.6751 100.3168 98.8189 98.1540 96.0958 92.6313 89.9566 86.2950 86.1560 84.3779 84.2515 85.5160 87.0700 91.2368 93.6238 95.3282 96.8884 98.8575 99.9157 101.3351 102.5144 103.0585 103.7536 105.8574 106.6994 106.7403 107.1800
108.7000 108.4662 107.5337 107.1562 106.9012 106.5605 106.2314 106.4934 106.0884 105.1661 104.6452 102.5046 101.7611 101.1184 100.1677 98.9289 97.2832 95.3222 92.3824 87.9984 83.6804 80.5912 72.3332 73.1317 80.3894 85.0747 90.9836 92.8656 95.6531 97.4403 99.1049 100.3398 101.2701 102.3127 102.8561 104.0453 105.7006 105.3219 106.5635 107.1100
108.0000 108.4605 106.6875 107.5457 106.0515 107.1367 107.1001 106.8406 106.4506 105.8659 103.7160 102.7461 101.8047 100.7830 99.9681 99.2190 97.8819 95.6291 91.7826 87.2243 80.9190 72.3292 66.2853 66.7191 74.3286 85.4866 88.9165 92.8257 95.4713 97.8343 99.3010 100.4975 101.1630 102.1115 102.8409 104.5287 103.2435 106.3765 105.0238 112.5800
108.5300 108.4682 107.1709 107.9382 107.6554 107.0785 107.1212 105.9607 105.6191 105.1988 105.2988 102.5770 101.8482 100.8933 99.9837 98.9230 97.9401 95.5593 92.3173 87.4570 82.0917 73.4456 66.4458 67.0372 75.1523 84.3126 88.6014 92.2582 95.6042 98.1548 99.3435 100.5300 101.2752 102.1780 102.9476 103.7434 104.5132 104.9372 105.2498 112.5700
108.4700 107.9089 108.0126 107.5494 106.6823 106.8559 106.5529 105.7522 105.2213 104.6183 104.9620 102.7129 101.9709 101.1005 100.1819 99.0730 98.2442 96.3840 94.2683 88.8843 85.3242 79.6656 73.2210 73.8983 80.8613 84.8370 89.8801 93.3748 96.7176 97.8843 99.3954 100.6887 101.4688 102.3059 102.8816 104.4217 105.6779 105.5827 106.0843 107.2800
108.8800 107.9494 108.5013 108.0774 106.8801 106.5671 106.3911 105.4411 105.6700 105.6545 104.8037 102.9474 102.0145 101.3794 100.2779 99.5596 98.6344 97.4095 95.0818 90.7418 87.5533 84.4498 83.0587 85.1259 87.6484 88.8479 91.6822 94.5356 97.3987 98.9732 99.3654 100.7924 101.4131 102.4367 103.0121 105.3203 105.5730 104.6104 107.1110 107.1800
107.8300 107.3970 107.9712 107.2301 108.0282 105.0084 106.5541 105.7446 104.7154 105.6292 104.1525 103.0387 102.2804 101.6463 100.8516 100.1541 99.2364 98.0031 96.4524 93.6406 91.4589 88.5473 90.0177 90.5393 90.5838 91.1720 93.2283 95.0776 97.8582 99.3669 100.1119 100.8801 101.2408 102.6805 102.9596 105.4261 105.2396 105.8151 107.0118 105.6900
108.6000 108.5300 108.5158 106.8015 106.8403 110.1356 109.1173 105.7493 105.2344 106.4132 104.5330 104.1526 102.6477 101.9058 101.2386 100.6821 99.7699 98.4631 97.6273 96.6800 94.7016 94.7410 91.2895 92.1301 92.2332 93.9446 95.6811 97.2970 98.7226 99.5531 100.4990 101.1574 102.0571 102.6543 104.5488 106.0850 105.5620 104.7925 105.5629 105.3400
107.6800 107.4901 109.6530 111.9974 107.0911 108.8193 106.4389 106.6469 106.0591 106.0039 105.0475 103.6164 102.9874 102.3790 101.6656 100.8486 99.9437 99.1809 98.6273 97.6669 96.1452 95.6952 94.9002 94.9278 94.7991 96.6180 97.6773 98.3193 99.5938 100.5421 100.9238 101.7818 102.3433 103.0585 105.4773 103.4593 106.0034 104.4732 105.4218 106.6400
107.6700 108.6365 108.2833 108.2127 107.9976 107.0469 106.5752 106.6817 105.8200 105.3180 105.3824 104.7266 103.2918 102.8859 102.3479 101.7004 100.9830 100.2631 99.7534 98.7936 97.9803 97.1648 97.5009 97.3433 96.9475 98.0050 98.9527 99.2530 100.6120 94.7136 102.4415 102.2230 102.7620 103.8751 103.7484 105.6077 105.7742 106.8207 105.8151 107.2400
102.8600 105.8593 107.2289 107.7170 107.2543 107.8810 107.0995 107.3179 105.5635 106.3700 105.7811 104.8014 103.7696 103.2514 102.7937 102.0720 101.4865 101.0451 100.5764 99.8244 99.3374 98.9568 98.8708 98.6922 98.8582 99.1085 100.3178 100.2062 101.3648 101.5441 102.2652 102.5326 103.8921 105.4592 103.8777 105.8024 104.9607 107.0668 107.4102 107.5000
108.1700 108.1179 108.0079 107.2721 107.8215 107.6473 107.7438 106.6293 107.0709 105.9465 105.7967 105.6999 105.7440 104.6945 103.2394 102.6343 102.2189 101.7357 101.0918 100.6961 100.5022 100.4585 100.2059 100.2793 100.4579 100.3656 100.7666 101.2814 101.7609 102.3687 102.8159 103.0076 105.1031 105.6778 104.1324 105.9731 104.0552 105.9258 107.2815 107.2600
108.7900 108.5373 109.0219 108.6713 108.3420 108.0067 106.5417 106.6467 106.2095 106.1358 105.2887 105.9337 106.3264 104.1108 103.5453 103.1901 102.7429 102.4541 102.0175 101.6837 101.5266 101.3875 101.1515 101.2673 101.3221 101.3519 101.5893 102.1937 102.1940 102.7905 103.6366 104.0830 106.1061 105.5215 106.4032 108.9735 108.7278 107.0319 107.6330 107.0200
109.3400 108.8715 109.3098 108.6053 107.9176 107.4920 107.1817 108.1514 108.0098 107.4402 107.3513 106.4301 105.8326 106.5845 104.6679 104.5069 103.3800 103.1321 103.0655 102.4706 102.2605 102.1118 102.0615 102.0184 101.8603 102.1254 102.4216 102.5287 102.8050 105.3850 105.3967 105.2801 105.7643 104.7166 107.0298 105.6117 106.0725 107.7847 112.5433 107.9700
109.5800 111.1644 106.3828 108.5328 108.1721 107.4355 108.1795 108.1485 107.8412 107.0714 106.8792 107.0312 104.4686 105.4969 105.6697 104.1188 105.1010 104.3535 103.7375 102.7526 102.7253 102.8698 102.7640 102.7261 102.8665 102.8308 102.9690 104.2810 104.0353 105.7391 108.1457 105.1217 105.4988 106.5134 106.6958 106.2553 106.9848 107.0677 109.6352 107.9700
114.4400 112.5336 106.8843 108.9024 108.7096 106.9197 108.0477 108.1166 108.0258 107.0340 105.8816 105.6636 105.3270 105.8652 105.1600 105.1745 104.7766 106.1400 109.8912 105.1123 104.3649 103.4813 104.6460 105.3959 103.3898 104.5867 104.6058 105.9449 105.9350 107.9008 106.5667 106.4029 106.6911 105.4048 106.8411 106.8107 107.7008 108.1137 108.0056 108.3200
106.1900 106.3794 109.5140 108.8604 108.0086 108.4685 107.9837 108.3582 107.6828 107.2057 106.0685 106.9814 106.8145 106.8523 106.4550 106.3842 108.0485 112.0273 105.3218 104.7067 105.7596 105.3505 103.5469 104.8897 104.5157 105.4598 105.2626 105.9045 106.3727 106.2136 105.8391 105.1701 107.0281 106.8707 107.0930 107.2839 106.5662 107.5683 108.2468 108.3200
109.6300 107.7969 109.3075 107.9921 103.8774 106.9770 108.4551 108.5577 107.9676 109.8862 108.8748 107.0812 106.6593 106.5344 104.3884 105.1075 105.0543 106.2077 106.8338 105.8002 105.0808 105.3536 105.5925 105.4377 104.6087 104.9826 105.3979 106.4263 108.4864 106.2750 106.8483 106.0487 108.0088 107.1751 107.9380 107.9553 108.3812 107.6185 108.3906 108.1200
109.4000 112.2500 108.8717 108.3006 107.5588 108.3883 108.5883 109.0183 108.7595 108.4098 108.3973 107.6670 110.2179 112.8286 107.1162 107.3211 107.5991 105.2847 105.8724 105.4852 105.3448 104.7554 106.6005 105.4071 105.5032 105.0955 105.2600 107.1828 105.6895 106.4671 106.5801 106.1339 107.8500 107.0974 107.4346 108.3529 108.3298 108.2762 108.5955 108.6100
109.4000 113.1400 109.0000 109.0000 107.0600 109.1700 109.1700 108.8100 110.8200 107.8600 107.8600 108.6600 108.6600 107.7500 106.5400 106.4800 104.2400 105.7900 105.6600 105.6600 105.5000 105.4500 106.3100 105.3100 105.7600 105.4000 107.4600 105.6700 106.6500 107.0600 106.1000 106.7400 107.5900 110.1800 107.9100 108.3300 108.3300 108.6800 108.7800 108.7800
