109.3800 109.3800 113.0100 110.2300 109.4400 108.4500 111.2500 111.2500 115.3900 109.9100 109.9100 110.2600 110.2600 109.6400 110.3100 110.4200 109.2700 111.2700 109.2900 109.0400 112.6300 112.4400 112.3200 112.3200 109.9000 113.6100 114.5100 110.5900 114.7700 113.0200 111.5600 114.2700 113.9100 113.7300 113.5500 113.3600 113.2500 113.1200 112.9200 112.8200
111.8800 113.3977 110.7402 111.2966 109.0293 109.2916 108.9900 113.3997 113.9321 109.0710 110.6714 109.4649 109.8548 110.3624 110.6359 109.1023 109.4740 110.4653 109.0069 109.0476 109.9859 112.5916 112.9173 110.4923 111.3700 111.2123 111.0160 110.5931 111.3049 112.2629 110.0437 113.9882 112.5239 113.9817 112.2213 111.8309 111.8585 114.7897 113.6505 112.9800
109.6300 114.1487 111.9957 115.2035 110.0243 108.5186 108.5960 112.0969 112.5416 109.3823 111.8375 108.9570 110.2990 110.7958 111.8426 110.5829 110.2982 110.0621 110.4569 114.8642 115.5779 109.3705 114.5593 112.8389 112.0522 113.1767 110.4746 110.7150 109.7945 109.6274 109.7618 111.9361 115.1488 114.0250 113.1798 111.4723 110.6008 111.4797 112.7232 110.2800
111.0600 114.2172 113.7990 112.4871 108.3133 109.1368 109.3130 109.6337 113.0705 112.8686 111.9937 109.1718 109.5624 111.0167 112.6921 110.8578 111.4148 110.7093 109.8986 120.3699 112.6900 109.0675 111.8676 112.1799 112.6096 112.3715 109.9260 110.2968 111.4341 111.3920 109.8347 111.6594 111.2553 112.7848 112.6361 111.4793 109.9854 110.3645 110.9284 110.8200
114.5300 115.0897 116.8690 111.7388 113.7817 109.3246 109.7027 112.2312 113.1803 113.6796 110.2596 109.2989 109.1206 110.4222 112.7099 110.4120 109.5365 109.4662 108.7736 117.3065 111.7281 110.8097 110.2417 111.3187 113.7750 112.9058 112.1264 110.2719 109.7672 109.9673 109.6040 111.6879 111.7527 114.3757 111.2820 111.4894 111.6900 111.2603 111.8936 110.8200
115.0100 116.3131 108.5106 110.8081 115.0554 107.9808 108.5003 111.6159 112.6907 115.2508 109.0990 111.3544 111.7488 110.5556 111.3004 109.6380 109.8775 109.3475 110.9235 118.7288 113.7420 110.3203 110.0379 111.0990 111.5640 112.1865 110.5057 110.8952 110.1372 111.4098 110.0435 110.2807 111.8013 109.6350 109.8851 110.3056 113.8071 114.0521 111.3148 110.9700
109.7700 114.2444 108.1667 112.0129 117.0398 114.6115 110.2448 108.8733 110.2927 113.7129 109.7279 110.6211 110.5371 114.5844 111.7303 109.7640 110.7086 110.7852 110.0520 113.4985 116.3484 111.5493 110.6926 111.8349 109.9073 110.7454 110.1105 110.3875 109.9162 109.7700 109.9895 109.3273 110.6743 109.4262 109.7400 110.3524 112.1777 114.2734 112.3102 110.9700
114.5100 116.5713 112.4848 113.0068 114.4513 113.8183 109.9581 110.8959 115.4626 111.5607 110.1847 110.4161 110.0598 110.5419 109.7354 114.9109 110.4262 110.3212 110.1744 114.3185 114.2985 110.6995 110.2195 112.1193 110.2304 112.6285 110.7051 110.2656 110.1803 109.6717 109.9610 109.4664 110.0813 109.0115 110.3380 110.1018 112.4807 113.1166 109.7544 111.4500
116.2600 116.9527 115.8353 113.7763 114.4891 114.7213 108.9096 111.0480 114.2646 113.1873 110.1284 110.3266 110.9858 109.7111 110.0417 110.1774 113.6870 112.2492 112.2990 116.1290 110.4577 110.2147 109.1454 109.1187 110.8577 111.5287 109.8331 110.3273 109.7466 109.3827 110.2821 109.5004 110.0509 110.0960 110.1918 109.2567 110.4781 110.7856 111.1217 111.3300
114.9400 115.3611 115.3532 114.2987 113.2231 111.7013 112.9337 113.4080 110.7088 109.1214 110.1719 109.8092 109.8790 109.2139 109.7415 111.4652 115.8208 113.6465 112.8205 115.2768 110.2063 109.0283 109.6768 108.7659 111.0198 110.3689 108.7402 112.4349 111.6897 109.5700 114.1735 108.5803 109.1261 109.3797 109.9062 110.2151 109.8837 110.1834 110.8902 111.5100
114.5900 114.3861 117.4225 113.4787 111.1847 109.4062 109.5757 112.7533 110.2028 109.0772 109.0106 110.2142 110.0409 110.1100 110.2582 112.6799 113.7978 110.3422 110.6964 109.8084 110.2615 110.0792 111.8851 113.2766 108.0662 108.5194 109.8107 111.6694 108.7817 109.3007 109.9616 109.7443 109.7198 109.7874 109.8197 111.0523 110.3605 109.8713 111.0006 111.6600
114.5200 113.2645 116.9278 108.4670 109.6316 109.6867 109.3438 112.7367 109.4437 109.5675 109.3251 109.9482 110.1086 109.4787 109.8536 112.4750 113.9438 110.2259 110.3883 110.4429 110.4040 110.5966 109.6912 112.4754 108.8895 108.8816 109.2637 109.4611 109.4671 109.1027 109.3782 108.7999 109.2373 109.5697 111.0377 110.3335 110.2808 110.1246 109.7303 110.0700
114.5100 114.9296 114.2087 108.1409 111.0654 109.2832 109.2350 109.9168 108.5004 109.0551 108.9388 109.8147 110.1204 110.4642 113.4029 112.0079 109.2671 109.9021 110.4929 110.5486 109.6058 109.0326 111.1138 115.5284 110.1382 110.5285 109.2586 108.8471 110.6892 109.1091 110.5527 109.1002 110.4439 110.3349 110.8328 111.8582 113.7704 112.1923 110.7245 109.5300
112.7700 112.9222 114.5044 108.4879 109.7614 109.1452 109.1471 108.7591 108.7155 109.4681 108.3839 109.0964 109.3931 109.3967 110.4752 109.2355 109.7052 110.2626 110.4777 110.2198 110.9009 113.0189 114.2469 115.7131 116.0990 113.6387 114.5491 114.2396 109.5385 109.3474 109.3934 109.6212 110.4119 109.4099 109.7234 111.4394 112.8069 109.9222 112.7357 114.5900
111.5500 109.8950 110.8716 108.6266 108.9784 109.2173 108.2855 108.7556 108.9023 108.6221 109.0857 108.9960 109.1537 109.4951 109.6640 109.0299 108.8289 109.6442 110.3229 109.4231 112.9757 112.7158 112.9699 111.6958 112.2022 111.5284 110.9804 112.9087 108.9892 110.6610 112.1220 111.7865 110.7929 109.5110 108.9989 111.1752 110.3715 110.0315 111.9410 109.8300
108.6700 112.8612 107.6074 108.3215 108.5865 108.2779 108.5148 108.9149 108.7850 108.7445 109.0985 108.8869 113.1879 109.6107 109.6672 109.4435 109.4826 108.8385 110.0518 110.0748 113.7519 115.4049 111.5479 110.2354 107.8009 109.7477 110.2728 110.9188 113.3834 114.6365 115.1643 112.5191 110.8611 109.8822 110.5830 109.4927 111.9649 109.4002 109.9104 109.8300
108.3600 109.9511 107.7424 107.6558 107.6400 107.8192 108.9235 107.8862 107.4875 107.9779 108.7270 109.0136 109.0779 108.7926 108.9298 109.4033 109.4292 108.7291 109.4595 109.6694 116.1292 114.6233 115.9327 113.4683 108.5209 108.9321 111.1644 109.2565 111.3810 111.4006 112.2869 111.4991 109.7751 110.9829 112.8438 109.2347 110.8443 109.4868 111.0847 113.5000
106.5800 106.4193 107.1494 108.1063 107.3177 108.0153 108.6307 107.4289 107.9502 108.8188 108.6495 108.5098 108.5852 107.5261 108.6763 109.3061 109.3107 109.5530 110.2829 109.3287 113.7960 109.2753 116.9693 112.6129 110.8712 109.3786 109.8947 109.3881 113.0744 112.5772 112.2651 111.3026 108.8672 110.9982 109.8135 111.3980 110.9618 110.9336 111.9179 110.7600
107.0500 106.6152 108.0626 107.5059 107.2619 107.9522 107.1121 107.0475 108.8279 107.5788 108.5943 107.3437 107.2637 107.7869 108.7903 109.2891 109.0858 108.0596 109.8794 113.7777 108.9658 114.2821 114.3024 114.9301 110.6126 109.0862 109.2754 111.4974 111.3794 113.8500 111.9300 112.4657 110.3909 108.9914 110.6339 111.2370 110.0620 109.2801 111.0244 110.7400
106.3900 107.9275 106.6278 106.9317 107.8742 107.4288 107.7203 107.3656 108.1042 107.8609 108.5235 107.5147 108.1408 107.6487 108.2649 108.8268 108.0099 109.5608 108.8465 112.6403 109.9741 114.8699 114.7064 112.6616 109.4163 109.3824 109.7782 111.8076 110.6083 108.9340 111.3571 112.0949 110.5563 112.7927 111.1203 118.4134 112.8141 115.3990 111.7202 113.0500
106.6400 107.3362 106.3649 106.6311 105.4853 106.6546 107.2079 107.2871 106.5724 106.8475 107.5635 107.3656 107.1022 107.2088 107.5435 107.8238 108.2968 109.1546 110.0028 113.4679 111.8588 109.5833 109.9839 109.9145 110.2965 108.3557 110.5291 109.1365 109.3471 109.1876 111.7824 109.3777 114.0419 118.3349 110.7880 115.0011 118.0012 117.8097 118.4662 114.6800
106.2400 106.4676 105.8995 106.6912 106.4992 106.5101 107.0055 107.5366 107.0385 107.8443 107.5235 108.0279 106.9991 108.4597 107.1203 107.4161 107.9432 108.3732 112.8039 109.8607 110.1453 109.6270 108.9458 110.6605 112.2742 112.2531 111.8727 114.6064 111.0196 111.4927 112.6419 115.4867 113.0848 114.2356 114.5664 115.4571 117.2351 113.8620 111.8660 111.2600
106.5400 105.2602 105.2582 106.7341 106.6053 105.1487 106.1352 107.5782 107.0142 107.4328 106.2717 109.0216 107.9954 108.1008 107.0963 107.8190 108.5592 107.5127 110.6049 112.1936 109.8501 109.6989 109.8609 114.6788 109.7304 113.9284 109.8365 109.2749 113.8755 113.2386 114.5272 115.3252 115.5663 116.2942 114.7580 114.0582 116.1855 118.1091 114.3367 109.4700
105.9000 105.2522 105.9536 105.3961 105.8704 105.5598 104.6834 105.9565 106.2835 105.8899 107.4406 106.0868 106.8305 106.9732 106.1873 109.4632 110.9009 107.3202 109.4319 107.3033 109.1357 109.0489 109.1869 107.7986 110.0096 113.0742 109.4618 110.4269 115.6349 115.5431 115.6625 116.7409 116.5319 117.7315 117.0273 114.8473 115.9821 113.8707 112.7854 112.1100
103.4100 103.4841 103.2437 105.9221 105.2961 105.6939 104.8108 105.9537 105.8809 105.8183 106.2616 105.4812 107.2183 106.3910 106.8867 113.9458 109.8922 107.7549 107.3413 107.6730 109.1911 108.4364 108.9620 109.6548 109.7668 109.8139 111.2898 110.8841 113.0367 114.7785 116.0997 116.7740 115.7143 115.5213 114.7242 117.1077 112.7054 114.0087 110.9363 110.2400
103.0600 103.3589 103.0771 102.9048 103.8831 103.7637 104.9006 105.0866 105.6026 104.8450 106.6700 105.7870 106.6520 106.2099 105.9966 108.7877 106.7036 107.0136 107.8082 107.7174 108.1554 109.0841 108.3984 109.4750 109.8057 110.4291 108.3682 110.6591 111.0951 116.4028 114.2219 114.4934 108.7723 116.1821 115.2721 112.5951 112.3298 115.3672 113.9472 109.4400
101.7800 102.2008 102.6566 102.6493 102.4638 103.0077 102.9495 103.3555 104.7261 104.1756 104.7966 105.4548 109.2334 106.3590 104.4798 105.8635 107.5765 106.9001 107.1868 107.9668 107.3825 108.9805 108.7955 109.4302 109.5317 111.1453 113.2651 115.5987 112.2191 115.2069 113.5824 111.4542 114.3516 113.1021 115.0556 111.7511 111.0660 113.5235 112.0883 117.3900
101.3200 101.5016 102.1224 101.7020 101.4207 102.8422 102.4855 102.8563 102.7562 103.9266 104.3063 105.0530 106.9145 107.1136 106.1710 107.3441 107.9947 106.8183 107.3700 108.7643 108.0439 108.7511 108.8325 108.9211 113.4488 116.3406 115.9721 114.9701 114.4071 114.0850 115.4126 110.3198 111.1974 112.0795 111.9757 111.4299 110.3587 109.0730 110.2422 116.8300
100.8200 101.0548 101.3078 100.3221 100.9807 102.2429 101.6222 102.4452 102.7691 103.3068 103.7787 104.2594 105.6316 106.6737 105.6634 107.3772 107.2145 107.9499 107.4656 107.6184 107.5539 108.9482 108.2425 114.6460 114.1946 112.3041 116.4453 110.8268 113.6289 110.0598 114.3304 113.1139 109.5459 110.6063 109.9652 109.1543 113.1382 110.1345 110.6593 109.8300
99.8200 99.9094 100.2527 100.2680 100.6644 100.7521 101.0659 101.4821 101.7607 102.6492 103.4571 104.0373 104.1629 105.9903 105.1152 107.5092 106.3604 106.5013 107.5636 107.2713 108.5628 107.8930 108.2357 109.1269 110.9400 108.4997 110.9660 108.8126 110.0479 110.2282 112.5156 109.5281 113.1204 110.1582 112.3309 115.0333 114.6437 111.2743 111.8435 112.4700
98.8100 98.4009 98.6040 99.2144 99.8125 99.9943 99.9904 100.8023 101.7682 102.6954 102.8812 104.5572 104.0692 104.8188 106.2377 107.5813 106.1578 106.4031 107.3774 107.2648 107.5489 111.8568 108.8477 109.4221 108.9161 109.6856 109.3469 109.6528 109.8924 110.2591 113.0249 110.7038 110.3946 113.1269 109.5757 115.0170 110.7902 113.2879 111.3389 111.4700
96.9100 96.3219 97.3035 97.6341 98.2262 98.9217 99.6702 100.8035 101.6982 102.2478 102.4809 103.0888 103.5181 104.2368 106.7182 106.3656 106.6648 107.0393 106.6078 107.9278 107.0675 107.1078 109.0061 109.2129 109.1750 109.3651 109.2687 109.8512 109.4232 110.2440 112.5051 115.2862 111.2085 112.5853 111.3781 109.0798 110.0075 109.6173 110.6352 110.7300
94.5000 94.6485 95.6874 95.9676 96.8790 97.9363 99.0695 100.2461 101.0493 101.6786 102.3502 102.7529 103.5271 104.0222 106.5862 105.4217 106.1979 107.4679 107.5736 107.3071 107.5981 108.1100 108.5551 108.4286 108.7002 108.7340 109.4501 109.5806 109.0820 110.9088 112.3251 113.9479 113.0707 112.0405 113.9027 110.4887 109.6682 110.4856 109.8591 109.6400
92.6200 92.1458 93.1076 94.1729 95.6139 96.9842 98.2297 99.5473 100.7401 101.1660 101.8238 102.3054 103.1350 103.5578 105.7460 105.8908 106.9634 107.2464 107.5340 108.0519 107.7354 107.6433 108.2456 108.1797 108.6421 108.6293 108.8540 109.7484 112.7178 114.8574 112.0134 109.7900 112.2681 112.3581 111.5007 110.6212 116.0016 113.1238 109.1665 108.8000
86.5700 88.7948 89.7680 91.3451 94.2734 95.6860 97.4100 98.8282 99.9803 100.5285 101.6112 101.9441 102.7194 103.2880 104.9579 106.5406 107.0270 107.4464 107.5717 107.6207 107.6254 107.2403 107.8023 109.1882 108.5538 111.5684 111.5144 112.7369 112.1766 111.8844 113.4489 110.8210 115.7851 112.1896 117.7234 115.8709 110.1574 111.2260 109.9706 109.0600
81.7400 84.9328 87.1279 89.1574 92.3103 94.5008 97.1303 98.0897 99.3073 100.0939 101.1637 101.7887 102.5264 103.1825 104.4830 106.7495 106.1372 105.8608 107.0911 108.0039 108.0836 107.2618 108.6771 108.7519 109.5531 112.9522 114.1179 114.1994 111.0604 113.0560 113.8703 113.0969 112.8920 115.8583 113.6953 111.8382 112.5590 110.6523 109.2297 109.0600
74.7100 78.1818 82.4730 86.6084 90.2988 93.7573 96.9802 97.4895 98.8934 100.1522 100.9688 101.7639 102.5283 103.0866 103.8175 106.1356 106.5659 106.5527 107.7036 108.2264 106.7574 108.1896 108.4467 108.8315 109.4644 111.0508 113.9717 115.2806 110.4420 112.3586 113.7192 114.5936 112.1871 116.1029 110.1831 111.8485 111.2966 109.4006 109.9201 109.5200
74.7100 71.4394 80.0832 83.4137 88.9709 93.1072 94.9931 97.2304 98.9123 99.9143 101.0080 101.5671 102.4523 103.2430 103.6516 106.1830 106.4337 107.0496 107.6725 108.0626 107.1233 108.0282 107.7169 108.7236 109.2804 108.6943 110.2416 111.7503 110.5266 111.4855 115.4378 110.4178 112.4759 115.0186 108.9964 111.2467 112.1613 110.2602 111.3600 114.5100
71.6000 65.8991 76.2105 82.5785 89.1941 92.4918 94.7833 97.1414 98.8659 99.8337 100.9390 101.5020 102.3956 103.2468 103.5863 106.2025 106.3074 106.9511 107.7091 108.1467 107.0662 108.0821 107.5911 108.6206 109.0893 108.5939 109.6853 111.6899 110.6195 111.5668 112.0086 110.1905 112.6871 112.2215 108.3396 111.2986 112.1933 109.5145 111.0064 113.2300
69.2200 69.2200 78.3400 83.6200 89.5700 91.7200 95.7400 96.8700 99.2400 99.7700 101.2400 101.7400 102.7300 103.2800 103.4800 106.5400 108.9600 106.4400 106.3200 105.4200 108.1100 109.0500 110.0400 109.5300 111.9300 114.6000 112.2100 115.9000 113.3500 114.2900 117.1200 115.0200 117.0200 113.0500 108.4200 109.1300 108.5100 109.0500 108.5200 113.3000
