115.7600 115.7600 106.9100 108.1700 106.8700 108.0200 108.5400 107.8600 108.1000 108.1200 111.4200 107.9000 106.9500 107.3800 107.2800 107.3300 106.2500 106.7900 106.7900 106.5100 106.5300 106.2500 106.2000 105.6300 104.8000 104.8000 110.2700 105.7900 106.8300 106.5300 107.4100 108.4600 109.4200 110.2100 111.9500 111.9500 113.0700 115.2200 116.2100 115.1000
113.4600 114.7342 108.6142 108.2253 107.7545 108.5144 108.0727 108.2166 108.0977 108.0768 112.9263 107.5738 107.2119 106.8065 105.8622 106.3163 105.3852 106.8194 106.9437 106.5414 106.4318 105.4909 106.2311 106.8563 104.7676 104.9098 106.0974 104.7265 105.4495 105.9712 106.7187 107.6699 108.5890 109.4609 110.4159 111.5368 112.6746 111.8419 115.5882 116.2800
114.2400 112.3875 112.5644 109.4213 107.7007 107.9052 108.4527 107.9810 107.5726 107.4575 110.1331 110.1916 106.8889 107.1551 106.0697 106.2499 105.7523 106.3721 106.4983 106.3927 105.7383 105.6021 105.5941 108.3676 108.9342 105.8996 106.0950 105.7758 105.0781 105.0731 105.6391 106.8203 107.5353 108.4077 109.3863 110.3529 111.8574 111.6480 114.0139 114.7900
109.0800 113.1408 108.1440 110.8942 109.4063 107.6731 107.8525 107.4316 106.6149 106.5173 106.4950 108.5890 106.4215 106.7489 105.9370 106.2492 106.4025 106.3447 106.2449 106.3947 104.9378 105.5593 105.7074 107.5049 106.3893 105.2719 105.4658 106.8875 106.0341 105.6608 105.4169 106.2562 106.4421 107.4355 108.3592 109.4251 110.5738 112.0997 113.2060 114.5900
108.9600 108.7450 108.3037 108.3655 110.8340 108.8735 106.9346 106.6044 106.5477 107.1821 107.0405 105.9546 106.1151 106.0017 105.7099 106.0719 105.9491 105.8478 105.8337 105.9402 104.7571 106.1503 106.0939 107.9973 107.6456 106.4110 105.4991 105.9058 107.2891 106.5447 106.2738 106.0261 106.1310 106.6355 107.3480 108.3909 109.5610 110.8905 112.2211 112.5400
107.4300 107.9042 108.2746 107.9377 107.0534 108.7574 106.0942 106.9926 106.5132 106.9577 105.9822 105.2424 104.2054 106.0455 105.7388 105.2208 105.4208 105.4949 105.3823 105.3899 105.3984 105.1164 106.0568 111.4268 112.1443 103.4445 109.3020 105.5662 106.8531 105.6626 106.3068 106.2422 106.1261 105.4715 106.2873 107.4683 108.5381 109.8748 111.2727 112.1800
107.8800 106.9821 107.7108 108.2389 107.6094 107.4748 106.1689 106.7773 105.1552 106.7147 105.8343 105.4838 104.9536 103.7880 104.6142 103.6449 104.5499 103.0525 104.8422 104.5491 103.0228 104.8513 105.0756 112.0949 107.2122 104.7762 108.4401 108.1703 106.6587 105.8954 105.9179 106.4729 105.8426 105.1884 105.6000 106.6818 107.7803 108.9547 110.3128 112.1800
107.8800 107.3806 107.8116 107.7746 107.3197 106.5432 105.6590 106.1944 104.8917 106.2130 106.0536 105.3215 105.4885 105.1832 104.4144 102.7131 104.1195 104.2255 103.0645 103.9460 102.2040 102.8708 105.5910 108.9022 105.2906 104.9435 105.3483 105.5939 106.2371 105.9889 104.8304 108.3812 107.2801 107.6083 104.2189 105.5450 105.9925 108.1584 109.4558 110.2500
108.1200 108.0808 108.1085 107.8839 107.2766 106.6207 105.6923 106.0725 106.1468 105.6869 105.1628 105.2063 103.5677 102.9077 102.6292 102.0989 101.6242 101.1270 101.1049 101.1022 101.4780 101.4545 102.9598 102.4142 104.0511 105.1823 104.0508 104.9086 105.6908 105.7496 106.7300 104.4425 106.8783 112.3163 107.1675 111.6525 108.2857 107.2464 108.7910 109.0000
108.1200 108.1169 107.8836 107.7082 107.3697 105.5879 105.5103 105.3074 106.5630 105.6821 104.8404 104.7250 102.9196 101.7862 101.5357 101.1417 100.6570 100.5464 100.3406 100.2542 100.4272 100.5723 100.8526 101.1468 103.2917 103.7185 104.0423 103.5843 104.9650 105.6945 105.6143 104.5235 107.0661 105.7413 107.2507 105.6618 107.1136 107.1885 108.1082 108.7700
108.1300 107.8842 107.8051 107.6257 106.1527 106.2557 105.1794 105.3626 105.1725 104.9848 104.2873 102.3899 101.8406 101.5015 100.6942 100.1149 99.5031 99.5335 99.3627 99.1074 99.8152 99.9088 100.2551 100.2717 100.7955 101.9057 103.6652 102.6389 104.5993 103.8937 104.6311 105.4305 106.4827 105.3721 106.6309 105.9063 107.0172 106.5513 107.5148 108.5200
108.0900 107.3248 106.9201 107.3060 106.5863 106.2170 105.9645 105.6908 104.5410 103.1752 102.2936 101.7688 101.2939 100.5571 99.5937 99.5599 98.4122 98.5494 98.7569 98.1373 98.8904 98.5555 99.2794 99.8106 100.1189 100.4746 101.4909 102.0892 104.1441 105.0405 104.4628 105.6213 106.1326 105.7051 106.3996 105.8032 105.4911 105.9225 106.9687 108.3500
112.7300 106.9982 107.0233 106.0300 106.9331 106.0036 105.1095 105.5717 103.4221 102.9012 101.9879 101.4426 100.5449 99.5748 98.2255 98.2338 97.0873 97.1507 97.9556 97.3688 97.4402 97.2077 98.0312 98.6895 99.4751 99.9146 100.9021 102.3839 104.3323 103.8209 104.4524 105.8824 106.0683 104.9545 105.4306 106.4386 106.1390 107.4326 106.3372 106.0800
107.8900 108.5995 107.6479 105.3311 105.6695 104.8840 105.9893 105.1285 104.0097 102.5116 101.9649 101.0388 100.0911 98.2383 97.3402 96.4508 96.4690 95.3433 95.1582 94.1155 94.5074 95.3152 96.0825 97.9702 99.1410 99.4625 100.5677 101.0118 101.9299 103.2565 104.3477 105.6806 105.2763 106.4988 105.6984 106.9391 105.8934 106.7460 107.0158 105.9600
106.7000 105.8282 107.4375 106.4088 104.7683 105.1544 105.3862 103.6671 102.6340 102.2443 101.4818 100.3231 99.1427 96.8259 95.3368 96.0012 95.0755 93.3060 91.0725 89.8339 91.4171 93.5228 95.3431 96.3644 98.0438 99.1170 100.1545 100.5058 101.5934 102.6437 104.9371 104.8662 104.6472 105.6318 108.9434 106.9845 108.8779 107.6261 105.6270 106.6800
106.6400 106.5220 106.7052 105.6374 105.2797 105.0992 104.5164 103.7103 102.5673 101.8517 101.0335 99.8264 98.3284 96.8134 94.4491 93.9138 92.2319 90.3892 88.1120 87.1513 88.0904 90.2839 93.4694 94.9124 96.9229 98.4417 99.7045 100.4231 101.2213 102.2401 104.5684 104.4404 104.3829 105.1340 107.8151 106.8681 109.7671 109.4052 107.4481 105.6200
107.8500 106.5702 105.1523 104.8148 106.7720 106.0290 104.1554 103.4069 102.2763 101.4736 100.3662 98.6547 97.4879 95.5697 93.8203 91.3283 88.4633 87.8136 84.7122 81.5476 82.8628 86.7590 91.5557 94.9877 95.6836 97.9947 99.0229 100.3736 101.0178 101.9770 102.3035 103.7300 107.7478 105.0375 102.7824 107.7263 105.3890 107.0361 106.7818 105.6200
106.5200 105.9146 106.6484 105.7793 104.8618 105.8001 105.6588 102.6395 102.1666 101.3425 100.0851 98.8389 96.6870 95.4092 92.5424 88.8972 84.9365 80.9490 73.1266 74.0799 78.1194 82.6639 89.3739 94.0335 95.1865 97.2628 98.6833 100.1078 101.0101 101.8162 103.2696 108.1537 106.1586 103.3332 106.5466 105.3390 108.3389 104.6892 106.9759 106.9700
107.3800 106.8229 105.7835 105.3668 105.0112 104.5527 103.8358 102.8671 102.0990 101.3355 99.9943 98.4498 96.0130 95.0708 92.2560 88.5001 83.0309 72.7710 63.4117 65.4540 74.2174 83.6160 88.3600 92.4825 94.7088 97.3934 99.0621 100.3573 100.8022 101.9276 102.9127 104.8334 105.1088 105.6627 105.5567 106.2755 106.9492 107.0631 106.2517 106.7600
107.3800 106.9342 105.4615 104.8156 104.5247 105.2318 103.3769 102.6412 102.1364 101.3162 100.1987 98.2510 95.9300 95.1076 92.3894 88.8803 82.9098 72.0181 62.5125 64.1505 74.3524 84.1226 88.4845 92.3783 94.7292 97.5603 99.1464 100.4276 100.7642 101.9301 102.4707 104.3619 105.4797 106.0762 105.1757 106.5183 106.6643 107.4300 106.8722 106.7600
106.5300 106.0420 105.3168 105.6314 107.6881 105.8331 104.9200 102.7011 102.2087 101.3256 100.2422 98.9943 97.7683 94.4181 94.3510 89.9977 85.4821 83.1344 73.5170 72.2227 80.2375 84.0135 88.9719 93.1569 95.4333 97.1819 98.9566 100.4163 101.2867 101.4947 104.0829 103.8107 105.2988 105.4575 106.0488 106.9065 106.6920 108.1334 107.9941 108.0500
105.2500 109.6068 106.0323 105.0064 105.6019 104.4686 104.2448 103.2259 102.2841 101.4843 100.6444 99.4996 98.0541 95.5804 95.2174 91.0135 88.0247 84.6882 80.9089 79.9366 83.5765 87.3124 92.8804 95.4503 96.8845 97.5371 99.3262 100.4840 101.0883 102.7889 104.4565 103.3911 105.5190 105.3614 106.1747 107.3098 106.6846 106.3862 108.0327 108.4200
110.9100 109.3643 105.6956 105.8794 104.3482 105.3701 104.5176 104.8261 102.3885 101.7082 100.8490 100.0002 98.3443 97.5116 95.9425 94.2347 90.9090 91.0974 86.9516 86.3664 88.0825 90.4946 94.5724 96.5735 97.6002 98.8256 100.2480 100.7461 101.7802 102.3356 102.7315 105.0084 106.3035 105.9549 106.7567 107.0439 107.0416 107.3784 107.5901 107.9800
106.7800 108.1830 106.7533 107.4831 107.8242 104.8213 105.1515 104.0231 103.1371 101.8265 101.0523 100.5827 99.5048 97.8546 97.1247 96.5658 95.2904 93.5919 91.7263 91.8079 92.1435 93.5536 95.5258 96.8265 98.2971 99.5084 100.5736 101.1379 102.1113 102.6855 104.5881 105.3920 105.9762 106.2337 106.8514 107.2571 106.1210 107.2403 106.6135 108.2900
106.6900 107.0496 105.8494 108.0376 110.1782 104.5954 105.5215 103.9349 103.7976 102.7654 101.6455 101.1194 100.1199 99.1221 98.0165 97.5147 97.3477 96.2615 96.1026 95.8052 95.3383 96.5838 97.2040 98.3494 99.1801 99.9424 100.9088 101.6083 102.4672 103.6174 103.9604 105.3405 104.8451 106.9508 106.9271 107.3499 106.1720 107.9139 107.8530 111.5000
107.2100 107.4373 108.6237 104.3415 105.9220 106.2265 105.3375 103.9457 104.6893 103.9251 101.9547 101.7175 100.7019 99.9924 99.2923 98.6550 98.3464 98.0314 97.9912 97.9784 97.0080 97.8284 98.3087 99.6404 100.3171 100.9331 101.4743 102.1274 102.5048 104.1404 104.6311 104.3711 105.8836 106.0541 107.3192 107.2636 108.0166 108.1633 107.8177 113.4500
106.5700 106.9822 109.3839 106.8097 106.5749 105.3911 105.5786 104.7000 104.8988 105.0214 102.6015 102.2814 101.4284 100.7308 100.4879 99.9682 99.8370 99.4599 99.2773 99.0509 99.0069 99.3023 99.9516 100.5867 101.0725 101.3431 101.9376 102.5374 104.5664 103.6782 105.0722 105.3408 106.2238 105.1628 106.5533 107.3682 107.0985 108.5065 108.7584 108.2000
107.4500 107.7013 108.7766 107.7556 106.7860 105.9507 104.7994 105.3314 105.6927 105.7054 104.1779 102.4103 102.1861 101.4890 101.3809 101.0364 100.7089 100.3317 100.2406 100.2699 100.2051 100.5286 101.0117 101.0659 101.5550 101.9778 102.6104 103.0578 104.7414 105.6373 105.1066 105.6364 105.2003 107.2689 106.8337 107.0989 107.4983 106.8678 107.7431 107.7400
108.6500 106.8907 107.0550 106.6057 107.5074 107.1553 106.1850 105.2864 106.1735 104.9234 104.9722 103.5698 102.6714 102.2970 101.9335 101.7155 101.4833 101.1749 101.1197 101.2144 101.2365 101.4049 101.6838 101.8415 102.2103 102.5551 103.2710 103.7435 104.2832 105.2305 105.0327 105.7008 106.3890 105.8737 107.7687 107.7243 108.2791 106.8566 110.0018 106.3200
108.6200 107.7237 107.6300 106.0524 106.1307 106.8682 106.3638 105.7413 106.3249 106.3017 105.8170 105.6026 103.3105 103.7310 102.5472 102.6103 102.0605 102.0920 102.1028 101.9912 102.0327 102.1325 102.3124 102.9491 104.3188 104.1980 103.7860 105.0240 105.1631 104.0024 106.5403 106.3816 105.9316 107.0187 106.5745 107.0859 108.2504 107.6875 108.6769 108.9200
108.6100 108.6575 108.3160 107.9435 107.6763 106.5511 105.9457 106.7643 106.4724 106.6784 105.1991 106.2456 104.9520 105.7215 100.3843 102.6527 102.8261 102.7723 102.6987 102.6583 102.6948 102.7356 102.8295 103.9716 103.8090 104.2889 105.0391 104.2291 104.6550 105.4461 105.4401 106.1794 105.8714 107.2834 107.5590 107.4460 107.9248 108.5968 108.8971 108.7700
109.0300 108.6313 108.1787 107.7489 107.0180 107.3543 107.3976 110.3494 104.4233 107.8036 109.7138 106.4740 104.7518 104.7468 100.7204 103.8776 103.4017 104.1101 104.1046 103.3836 104.4316 103.8822 105.3506 106.5358 105.2183 105.1615 106.0607 104.8681 105.3779 106.0881 106.6249 106.4722 107.9091 108.0323 110.4840 108.1119 108.5091 109.0218 108.3631 108.0600
107.5200 107.6520 107.8173 107.2029 106.8916 106.7091 106.4700 107.8210 105.3991 105.4664 106.2234 104.8903 105.3956 106.3015 104.1795 104.9832 104.0794 104.6873 104.6775 104.7360 104.9517 105.5526 104.7663 106.3632 105.2094 105.6359 105.5965 105.6253 105.5183 106.4695 106.8395 107.1201 107.9639 106.7712 110.3607 112.4900 109.1665 108.6223 110.2693 108.0900
107.7800 106.1740 107.5435 107.2315 107.0679 106.6151 106.7904 106.2072 106.2628 107.7247 106.6153 105.4811 105.5144 105.3408 105.9358 105.9232 105.0722 106.4641 105.8406 105.4500 104.9663 105.3192 105.8370 106.2133 104.9451 104.2488 105.9030 106.2263 106.4898 106.6803 108.1275 108.8494 107.6704 107.3250 107.0211 110.0105 110.3917 108.6195 113.5598 107.0900
108.1100 104.6287 104.7225 108.2134 107.2700 107.0980 107.2639 106.6011 106.7577 106.8467 107.4291 106.6801 105.7356 106.0156 104.5184 106.3474 105.6178 106.2618 106.0275 106.0221 104.9619 106.4997 105.8907 104.4214 108.0133 107.7648 109.9947 105.8937 105.8418 106.2566 111.5028 111.7076 108.6700 112.3806 108.3808 107.4453 108.6375 107.7041 111.5081 107.0900
105.6100 109.5766 104.1778 104.8981 107.1468 108.1619 107.5934 107.2691 108.8404 107.3317 107.6289 105.9819 107.0007 106.8759 106.3907 106.4497 106.9803 105.6874 106.5046 106.3429 105.2704 106.6040 104.8329 105.2116 105.1962 106.8429 109.7662 105.4818 105.5902 107.5097 108.1482 108.7103 109.2320 111.2069 109.4574 108.4248 107.6807 108.3473 110.8714 110.8700
105.6100 105.3467 108.1539 107.7006 112.7927 108.9830 108.3916 108.6117 113.6436 110.7270 107.6713 106.9220 107.3147 107.4263 107.8760 106.7978 107.1791 106.3048 107.5636 106.6738 105.8254 106.2124 107.8960 106.3613 108.1376 108.6398 106.0642 106.3771 105.8122 106.5621 108.3452 108.6485 113.2585 111.7696 108.6386 108.6031 107.9675 108.6339 110.0216 110.8700
105.7000 111.1225 113.9085 111.7491 104.0256 105.1701 109.3427 109.9826 109.6642 108.2120 112.2178 106.9052 107.8074 108.1686 108.1082 107.7450 106.5680 107.4961 107.7846 106.3245 106.1561 105.6728 108.4560 108.9371 113.2218 105.8336 107.1630 114.6050 107.6851 107.2995 108.7987 108.2766 111.8738 112.1200 112.2652 110.1711 108.5910 108.5834 109.4530 111.0800
106.7600 108.9140 114.5227 110.1961 107.3003 108.1845 109.1340 109.1469 107.5689 108.1901 108.5059 108.0680 106.9651 107.5894 107.8425 106.8858 107.0216 108.0675 108.3237 107.1102 106.3964 105.7152 105.7231 106.2851 111.5493 111.0323 108.4865 112.3103 109.5259 105.5986 109.2972 107.8450 109.4801 111.6409 110.2527 107.6243 108.4199 108.4976 111.3271 112.0400
106.9400 110.6200 110.6200 108.8900 109.3800 108.8900 109.3000 111.8900 111.8900 108.9100 108.9100 108.0700 107.4700 108.4300 107.1400 106.8600 112.3200 108.1300 108.3500 107.0900 106.7100 105.9800 107.0200 107.1600 111.3400 113.2900 111.0200 112.7400 106.6800 106.6800 110.0900 111.6400 111.4200 111.1900 112.1400 111.7200 107.8200 109.2400 108.1900 108.8300
