101.8600 103.3600 102.4900 102.4900 102.4200 104.6700 104.9600 103.7900 103.7900 105.7900 104.8900 104.8900 106.3000 106.8200 107.1600 106.9100 110.0100 107.8100 108.7300 107.4600 109.9500 112.0400 112.8800 116.9200 117.2900 117.9600 113.8100 119.1300 117.3100 116.8300 116.1700 115.2200 114.6000 114.2300 113.4800 113.1500 112.6100 112.3400 112.1200 111.9400
101.8600 103.3014 101.9614 102.2111 101.9955 103.4328 103.6104 103.7424 104.7877 107.7516 105.1775 105.0810 106.2803 106.3966 106.0876 107.7290 107.4202 107.0741 111.2163 109.2135 109.9232 112.9991 114.3951 115.8685 116.6538 117.3218 116.5212 119.0111 118.3727 117.1476 116.5918 115.7087 114.9340 114.2198 113.7210 113.2323 113.3063 113.9074 111.9770 111.9700
101.1900 100.9290 100.8100 101.5043 101.4485 101.6674 102.0692 104.3322 103.0234 103.2392 105.2340 105.5805 106.1031 105.7263 105.8956 106.3709 107.3635 106.8826 107.4678 110.4089 113.1064 113.0612 116.2339 114.1201 115.5460 117.5726 118.2193 118.4872 118.6566 117.3870 116.6857 115.4551 114.9299 114.4381 113.8886 113.3649 112.8397 113.4606 112.1725 111.9900
99.9400 99.7689 100.0070 100.4079 100.5081 100.7742 101.2184 101.6248 102.2591 103.8889 104.3107 105.3883 105.3918 106.1173 105.7446 105.7872 106.6501 107.0522 112.1650 109.5636 111.0508 113.4123 115.9740 114.4026 114.4745 116.4047 118.1282 118.5581 118.2907 117.6594 117.0229 113.8597 113.0878 114.8285 114.0221 113.5013 113.0612 112.6196 112.2398 111.9700
99.1400 99.0447 99.2440 99.3159 99.4065 99.6233 100.3112 101.4472 101.7478 102.8898 104.7652 104.8119 104.5520 105.4991 104.9250 106.6162 106.7369 106.5034 114.2050 110.3773 109.9971 111.9941 116.0108 115.4052 113.8329 116.3833 117.4981 117.6841 118.1375 117.6558 115.2637 113.0599 113.3349 114.2404 114.2177 113.6260 113.1304 112.7365 112.3828 112.0800
96.6400 98.0242 97.4546 98.0497 98.2476 98.4260 99.4405 100.7004 101.5360 102.0868 103.9529 104.6046 104.8476 104.6276 105.4373 106.3572 106.7324 106.2463 109.7698 110.8209 108.8682 109.6652 112.5560 115.6972 113.7184 115.6926 116.4583 117.7534 117.0193 114.9209 112.0563 113.9298 110.9284 113.1242 114.3185 113.6787 113.1974 112.8093 112.4541 112.3300
95.2900 94.9124 94.0858 95.8973 97.5379 97.7687 98.7392 99.9477 100.6613 101.5783 101.9591 104.5908 103.5021 103.7663 103.4993 104.9130 106.5706 104.6938 106.0082 109.2351 108.8807 109.8484 112.0988 113.6100 112.7302 114.3338 115.8529 116.7615 115.5954 114.8310 114.3327 115.5421 108.7226 112.8475 114.6710 113.8867 113.2491 112.8523 112.4407 112.3100
92.5900 91.8619 92.0732 93.7899 95.0316 96.0361 97.7998 98.8448 100.0257 101.0364 101.6103 103.0897 104.5443 103.9286 105.1197 106.1557 107.0116 105.6086 108.0397 109.4614 112.1459 111.7566 112.2542 112.1827 112.2123 113.7291 115.1070 116.1874 114.3895 116.1503 114.6682 114.1490 111.7309 112.8527 112.8605 113.6052 113.3402 113.0371 112.6087 112.3500
90.6300 87.9370 89.6003 91.0847 93.0411 96.2189 96.2181 98.0797 99.3467 100.6252 101.3995 102.3743 105.0513 104.0969 105.7885 105.8253 105.8500 108.1475 105.9944 107.6857 106.4383 111.8887 109.6363 112.7109 112.3146 114.5455 116.0628 116.1780 114.8160 117.2237 115.4803 113.6161 115.9648 111.3689 114.6369 113.8708 113.4551 111.9421 112.6444 112.3400
84.6000 85.2549 84.6238 86.5841 90.5200 93.4244 94.9704 98.0585 99.0825 99.9905 101.1527 101.8341 104.2793 104.5077 105.4651 105.4681 106.4296 106.2044 106.9868 105.4793 108.6693 110.6834 111.1762 112.0693 113.4182 116.2828 116.7644 116.8629 116.1702 118.4325 116.4677 113.8269 117.0712 111.0812 115.2883 114.0442 113.5347 111.7007 112.7854 112.3200
74.0200 75.0829 77.2484 83.2094 88.5887 91.8296 94.9403 97.6489 98.7919 100.0233 100.9684 101.8872 102.7041 104.4444 104.0414 104.1255 106.1509 106.7808 107.1350 107.2179 107.3071 107.7705 112.5010 114.3948 115.6088 110.2168 110.2878 116.7274 112.4047 110.5843 110.9464 111.8514 109.2326 114.3184 111.9717 113.5169 113.5527 112.0561 109.5890 109.5300
74.0200 67.4236 70.1336 83.2915 89.5767 91.4735 93.5430 96.6393 98.4593 99.9379 101.0264 101.6961 102.4648 105.4278 105.7149 105.5589 106.3644 105.9589 106.8162 107.0745 107.8666 108.0989 107.6865 107.1649 111.8384 111.9823 112.5661 112.0552 114.8077 108.8103 108.5699 109.5661 108.4073 109.9961 114.8795 113.8625 113.5110 112.2545 109.8815 109.7700
74.0200 65.0065 67.6860 81.9004 89.2044 91.1129 93.6187 96.5671 98.4430 99.8980 101.2138 101.9453 102.3802 105.1743 105.5357 105.3044 106.3309 106.0249 106.5415 106.9556 107.5527 107.8640 107.7395 107.5211 112.2925 111.0610 111.4852 111.6405 113.3107 115.0482 108.2209 110.3169 108.1998 110.1804 113.8645 113.9582 113.0928 112.1168 109.5076 109.7700
74.5800 70.0591 74.3433 85.5959 89.2561 93.1916 94.4937 96.8254 98.5504 100.0420 99.7813 99.5279 102.5699 103.8015 104.7137 104.1369 105.3651 106.3623 106.1193 106.5393 107.1604 107.4505 108.8378 107.8987 110.4544 106.9075 107.7444 107.8995 110.6375 107.1924 108.2249 113.0859 107.3612 110.0490 110.2512 111.7627 111.3081 111.7822 109.4855 108.6800
83.5800 79.5737 83.8628 88.8016 90.5364 94.8073 95.6966 97.6017 99.3186 100.1384 101.0311 97.7729 103.0199 103.3134 104.1013 105.0142 105.4787 106.2173 107.4525 107.6941 108.0886 107.9924 110.1152 108.1768 111.3785 110.4306 109.7757 109.8889 108.1231 107.5331 109.1294 111.6758 108.9234 110.2454 110.5929 110.5035 110.0909 111.9521 110.8171 110.6500
89.6400 88.1031 89.2440 90.7969 92.5181 95.4195 97.3045 98.3641 99.6276 100.4814 102.3460 99.9323 103.3871 102.9781 105.5353 104.5117 106.8661 107.2588 107.1448 107.5829 107.8596 107.7154 106.9133 107.7045 109.7642 112.1604 110.3283 109.0244 109.7550 107.7785 111.6636 110.8965 110.3006 108.8638 109.2841 109.1121 109.8029 109.4329 109.7983 109.3500
94.4700 92.1006 92.4340 93.6373 95.2631 97.0223 97.5538 99.1875 99.9790 100.9955 101.8786 99.4960 104.0517 104.3533 105.8324 104.3090 106.5764 107.2399 107.1792 107.1789 107.6259 106.5732 107.3608 108.0187 107.6391 108.7379 108.0470 107.7250 114.0942 109.9850 113.8513 110.3185 107.5441 108.3093 108.8895 110.4639 108.1574 108.6577 110.9091 110.7200
95.6500 94.6167 96.1555 96.2365 96.8607 98.2692 98.8023 99.6369 100.4731 101.3666 102.0152 103.3560 104.8441 104.8599 106.0310 105.9068 105.7525 106.6720 106.5490 106.4228 107.6911 106.9551 108.4223 107.5695 108.0999 109.1156 107.7681 107.6751 115.3995 110.7691 113.8049 110.1282 108.5725 109.2866 109.6599 111.2016 111.5184 108.9560 109.8728 110.5800
96.6300 96.6133 97.2482 97.7902 98.4914 99.1693 99.7075 100.4248 101.0689 101.8998 102.4753 103.4697 105.3064 105.4357 106.0246 106.4310 106.5631 107.2675 107.7320 107.5577 107.1862 108.2679 108.2238 108.3222 109.1786 108.9733 108.9409 107.7730 109.0002 109.6552 110.0069 112.3664 108.9288 108.7461 109.0111 110.4739 111.1084 110.5362 110.1154 110.0400
98.6000 98.7676 98.8398 99.2466 99.5484 100.1131 100.5162 101.1991 101.8538 102.2103 103.7617 105.3799 103.7369 107.5093 107.5087 106.6657 107.1108 107.6631 110.7330 110.0592 107.6250 107.1704 107.9884 107.5951 108.9674 109.5014 112.4240 109.6271 109.3611 108.7820 110.1026 112.9823 108.0543 109.7762 114.0164 113.8730 109.2152 110.7011 110.0324 109.0400
99.8900 100.0585 100.0428 100.3206 100.6262 100.8997 101.0913 101.6321 102.0635 104.4131 105.5566 108.1629 104.6289 105.7941 106.2829 106.0637 105.5694 105.9465 106.7281 107.3642 109.0004 110.6860 109.4808 112.7878 110.0459 110.0204 111.9872 114.5253 109.6715 109.9155 110.1828 111.1339 110.3035 112.7984 116.6594 118.4399 112.3143 118.0410 111.2469 111.9600
100.7300 100.9943 101.0050 101.1869 101.2678 101.7044 101.7316 102.2957 103.1253 103.8236 105.2314 106.1463 105.9919 106.2900 105.3035 105.5063 107.7266 106.5940 106.5091 108.0725 108.0882 107.3082 109.0699 107.5772 110.8020 115.3010 114.3117 110.9134 109.9320 108.2376 108.3527 114.4025 113.2221 113.3952 114.6151 113.6961 118.3165 116.4686 111.8490 111.9800
102.2800 101.8482 101.8315 101.9763 102.1820 102.0158 106.5710 103.1662 105.4082 105.6956 105.9094 106.1046 105.1376 111.6102 109.9474 109.7735 108.1921 108.0957 107.5171 107.8835 107.7409 107.6817 107.6995 109.1154 114.8952 111.2301 108.1807 112.2110 113.1357 111.9644 114.3157 114.5562 111.3827 115.0340 115.0803 113.3807 113.6114 111.1615 109.9460 111.6000
102.2800 102.5257 102.9386 102.5554 103.3278 103.4092 106.3498 102.9680 105.0728 105.9042 107.4530 107.3518 106.9269 108.9238 111.6679 108.2008 112.0091 108.9954 107.1819 109.4781 106.8886 107.6181 108.0284 109.2706 114.3720 109.1972 111.0145 112.9403 111.2897 111.8977 113.5697 116.6283 112.4464 113.6715 115.4075 116.4373 112.8587 111.9650 111.0742 110.7000
105.3100 104.1455 99.7569 105.0581 104.9277 103.9930 104.7437 105.0071 104.8724 106.9048 107.1086 105.4482 108.4253 109.1826 107.7973 111.8453 111.3477 111.9290 111.1937 108.9369 109.3515 109.2817 108.1444 108.6135 112.7244 109.0533 111.1634 109.4704 116.4227 111.4949 112.2605 116.2148 113.9451 112.5483 109.3946 110.5457 109.4857 112.2931 111.5957 110.7000
104.7600 104.7293 102.3880 104.8750 106.0106 106.1634 106.7347 106.2900 104.0450 107.3860 107.8835 108.5489 108.0428 106.0792 108.3758 114.4660 112.7350 110.1288 110.2361 110.6682 110.2464 112.6501 111.5452 107.9480 109.3226 109.6568 112.1184 110.6870 114.3475 112.4383 113.4677 116.0308 111.9047 112.9487 109.0230 110.1804 111.4348 110.9213 111.0251 112.0500
105.7900 107.0413 107.1000 104.7897 105.5159 105.1048 104.5465 106.0372 106.8439 107.7886 105.7537 106.2636 107.0397 110.9661 114.0637 108.8950 114.1666 110.2163 109.8879 113.9313 111.9037 111.4747 110.7576 113.7901 111.1357 111.8119 109.8461 108.1721 112.8674 115.8310 110.0041 115.1368 108.2390 114.0393 113.9397 114.0678 110.8453 111.4826 109.6174 111.3000
109.9000 110.5819 104.5721 106.9770 105.4807 104.7206 105.7461 105.8802 105.2407 105.0368 105.6282 106.8670 107.6576 112.3492 113.8177 112.4237 108.7480 110.6536 115.8658 111.6028 114.3587 115.0025 114.6801 112.4311 110.2808 113.0741 113.7251 112.1429 111.7956 113.3869 111.6194 113.1626 115.5073 113.9471 115.6655 112.8344 109.4317 111.7584 112.4599 112.9400
109.9000 103.3103 106.0316 106.3717 106.0463 106.0444 106.3714 106.4193 111.5360 108.5568 108.7621 106.6847 106.4076 108.1278 114.2605 113.0563 115.0012 114.1910 115.8095 114.0990 109.5396 110.5110 113.4771 115.0228 113.3207 111.5303 114.2319 111.3800 114.0387 114.5956 112.2179 114.3289 111.3920 119.8806 110.6867 109.2699 111.2245 113.0412 112.6708 115.2600
105.9900 104.8049 106.3766 105.7305 107.5412 105.6743 109.2161 106.3524 108.3649 108.7276 108.4347 106.7589 108.4020 107.3609 108.9201 112.5767 112.1026 107.9200 115.0021 115.2890 111.5486 112.8587 114.7935 111.8448 108.3943 107.9482 112.7749 109.5701 113.5257 115.8627 115.1801 111.2777 111.7162 112.6663 108.7013 109.4914 109.2560 109.9492 111.0771 110.5600
104.5200 104.5198 106.1364 108.8935 106.0248 107.8992 107.9075 107.8781 109.7396 109.3573 110.3893 108.2290 109.4912 108.4813 109.2427 103.8613 109.6615 113.8912 110.9793 114.1813 109.4214 115.3998 115.6972 115.3588 111.2583 107.4743 114.0825 109.7349 108.2004 109.8125 117.3577 108.8376 111.0381 111.0732 109.1190 109.2765 109.5831 109.5757 109.4720 109.7300
105.0300 110.1112 106.5206 107.4641 106.9873 107.7637 111.2606 107.6249 107.6596 108.7527 115.3438 113.6718 113.6673 108.6417 105.1650 101.6837 109.6514 112.0092 114.2250 109.3935 110.2126 113.4481 116.0040 113.8529 116.6776 111.1433 108.9051 108.9651 109.5903 111.6477 111.2970 108.1372 112.3227 110.7993 110.0173 109.5234 113.2569 110.1683 109.6785 109.8700
112.2900 113.2521 107.5329 107.2854 109.5109 107.0137 108.0037 107.9602 107.0507 108.3425 111.0611 117.4968 113.6940 112.3421 103.2557 106.3031 109.2160 109.5355 116.3672 115.1681 113.8625 111.5052 116.1961 116.1141 114.4101 111.2421 108.5814 108.5759 109.7184 109.6060 110.5955 109.5844 110.5842 109.9012 109.7363 111.3558 112.7053 111.7518 111.2861 110.8400
111.8900 114.3649 108.9198 110.2107 113.2390 107.7609 109.3700 114.3152 110.5134 108.0538 108.2866 111.7763 116.9905 114.4107 105.2291 108.0100 108.2294 106.7734 114.0990 113.6239 116.6344 116.2559 117.5922 114.8112 111.9193 109.1192 109.2924 108.5049 110.7659 109.5830 111.1905 108.4006 109.7520 109.3688 111.2202 112.9125 112.1598 110.9538 110.6252 110.8400
111.8900 112.7953 110.6824 111.4226 109.6594 107.2007 105.1919 102.7636 106.6626 109.1509 107.7466 110.9321 117.2739 114.8161 105.5492 109.5313 109.5935 108.5423 113.1520 111.9374 118.3250 114.8682 117.6937 114.8586 114.0919 109.2740 110.0497 110.4015 112.1878 109.1438 109.9332 110.1793 113.0028 109.3942 113.9248 112.4035 111.0553 111.5616 111.2147 109.7300
107.9200 108.9802 103.6251 104.1189 102.4728 103.4985 104.1990 105.6045 104.2764 109.2901 108.8404 109.6062 112.1211 113.2948 112.2828 106.0242 107.7892 106.0784 111.5238 109.6053 108.2173 114.1976 117.1207 110.8187 109.3477 107.6748 109.7431 110.1167 110.5392 109.3349 109.8802 109.3583 112.2512 110.2730 110.3187 111.7058 108.9870 110.6759 111.6087 111.1400
104.8500 112.5085 104.2562 107.3571 104.4528 104.9248 104.3121 105.0241 109.0891 109.4322 109.5301 110.1983 114.2253 115.4305 114.4537 116.4598 112.2574 108.2522 112.8446 107.8387 111.3951 112.8749 113.1920 109.7442 108.4243 109.7241 109.8562 109.1620 109.0858 109.5191 112.4362 109.4219 109.7576 109.2675 110.1937 110.0587 110.1293 112.5544 110.5898 110.0600
107.6700 108.4340 103.7528 105.2367 107.3771 104.4784 104.5271 107.0144 106.3705 109.9056 109.4710 109.7513 113.9812 116.9587 109.8317 115.7565 112.7805 112.7700 114.8470 111.3699 111.5401 114.7277 115.5350 115.6207 108.5894 110.7348 112.6125 109.0237 108.3709 109.3874 114.3699 110.1246 109.6908 115.2262 110.6783 110.5213 111.8501 110.7502 110.5068 114.2100
110.2700 112.7261 104.8440 111.2981 105.7751 107.1839 106.4689 106.7476 107.4599 109.3241 110.0474 109.9418 111.4254 116.3894 114.3908 116.6998 114.0503 113.9620 116.3405 116.3865 112.1617 114.2983 115.6312 118.8478 115.1717 111.5151 109.6274 110.1534 109.6991 112.6861 110.2507 110.8862 110.2414 116.2887 108.6980 110.4299 109.7309 111.3761 115.6299 119.3400
112.7600 112.7600 115.4500 108.0100 105.8700 110.2900 107.3600 106.8900 107.2300 107.6100 108.2000 109.9900 115.6500 115.6500 112.9900 117.0000 117.1800 115.1900 115.0100 108.3100 113.2400 110.5800 114.6400 110.4300 118.1900 115.0100 115.0100 114.1900 109.8200 114.3900 116.2800 109.8000 117.0400 109.8100 109.5900 109.7000 111.8700 111.5000 110.2300 113.7000
