107.6300 106.9200 106.9200 108.5000 112.5100 107.7100 105.8700 106.2400 110.5200 110.5200 105.3900 105.4300 105.4900 105.2000 106.5600 106.4400 105.5300 105.5300 106.7200 112.0600 112.0600 106.2000 106.7900 108.5200 109.3800 108.7100 107.1200 110.2200 113.2600 115.7900 116.9500 117.5800 119.2700 119.6100 118.5200 118.4100 117.8500 117.2700 116.6600 115.7900
106.4400 107.2359 106.6438 105.5935 109.1868 104.5407 106.0008 104.3780 109.0307 109.6158 107.3495 106.5334 104.8849 104.5543 105.8817 105.9272 106.9711 105.5411 106.1292 106.9330 105.7808 105.3209 106.1969 107.1948 108.1453 109.0023 108.2900 112.8875 113.4609 114.5220 115.9076 117.6169 117.8252 118.0476 119.5171 119.0812 119.4965 120.5343 117.0592 115.8400
106.4400 106.2909 105.9360 105.4466 105.8665 107.7995 103.5111 105.1636 105.1877 105.7873 106.3276 104.3869 105.5336 105.9710 106.1083 105.3295 107.0144 106.8383 106.0328 106.2315 105.8849 106.3024 105.2245 106.3589 106.9627 109.5166 112.3057 116.4644 115.2152 115.8947 115.3681 115.7534 117.6468 119.6908 120.5570 120.2015 119.2005 117.5470 116.7179 116.4600
105.0600 105.1032 106.0091 108.0045 106.9721 102.9596 103.8268 104.1902 104.2561 104.2936 105.2215 104.2571 104.3422 105.8299 105.6525 104.6224 106.4601 106.5007 105.8421 105.4049 106.6590 105.6174 105.5688 105.6617 106.5830 107.6517 111.0201 114.6400 114.2831 115.6540 114.8327 115.1623 117.4964 119.3661 120.1676 119.6888 118.7519 116.0120 115.9544 115.5100
105.6500 105.8239 104.7703 105.4246 105.2209 105.8480 105.6008 102.6799 104.4596 104.4476 104.5512 105.1292 104.0132 104.7544 105.4738 105.6594 104.9391 105.7938 105.6279 105.4270 107.8423 107.2993 106.0258 105.9290 106.9353 109.9598 109.2485 111.4337 111.0130 115.1505 117.0075 114.5177 116.8324 117.2968 117.1539 116.4906 115.9925 116.3793 116.5484 115.6800
105.6800 105.9578 105.4331 104.2173 106.6857 104.4950 104.3719 102.7553 102.6897 102.4748 104.0240 102.8152 104.8262 105.0771 105.3427 104.7467 104.2120 104.9153 107.5031 107.1410 108.1040 106.7758 106.2985 105.1173 108.0651 110.3681 106.0842 110.7356 112.4289 113.8344 116.8378 114.5856 112.3998 114.3392 114.8486 116.2936 116.9357 116.7938 116.4022 116.0500
105.5800 104.2032 104.9035 103.9384 105.8460 101.8639 101.8952 101.7167 101.8307 101.9290 101.9857 101.9549 102.2619 102.7470 103.8985 104.8014 103.4674 103.8876 106.0216 104.7598 106.0236 105.9862 106.4119 105.8705 106.0761 106.6322 107.5179 109.6553 111.5574 111.1445 110.8526 109.8786 110.0025 114.6762 115.5850 116.6834 116.2798 116.0210 115.7588 115.7500
104.3700 103.5666 102.9746 102.1757 101.5603 101.3031 101.2329 101.0576 101.0095 100.8431 100.8090 100.9953 101.1416 101.6254 102.0113 102.4411 102.4715 102.9162 103.0157 105.3693 105.7339 106.2765 105.2576 106.5475 105.9779 108.9876 111.7070 109.4246 108.8577 108.2605 109.0764 112.6700 112.7900 114.6109 115.4305 114.6601 115.2577 115.5637 115.6275 116.1800
102.6600 102.6289 102.0129 101.7365 101.4920 100.3716 100.1737 99.8757 99.7414 99.7422 99.6770 100.2411 100.1140 100.5809 101.4069 101.8829 102.3212 104.2654 103.1418 106.7370 106.4030 105.0237 104.5898 106.3791 106.7374 108.9881 108.9263 107.9347 108.0488 108.5963 109.0774 110.1282 109.6265 110.0229 109.7118 115.2679 115.8806 115.9984 117.1996 116.4300
102.5600 102.2018 101.4382 100.8865 100.0986 99.1411 99.4616 98.9937 98.7359 98.6919 98.5373 98.9376 99.2657 99.4452 100.0601 101.0525 101.3296 102.9503 104.3223 103.3471 105.3464 105.4858 104.6364 106.3168 105.0649 106.9380 107.1377 107.9176 108.1506 108.4181 107.9169 108.3890 108.3551 114.1846 113.3922 113.7159 111.7315 110.0326 113.1762 112.3000
101.8100 101.5109 100.7799 100.2464 99.3441 98.6990 98.1165 97.6955 97.2562 97.5100 97.5073 98.0623 98.0207 99.0268 99.8374 100.3586 100.8738 101.5219 102.4573 102.7748 104.8593 105.9334 105.2917 104.7285 106.5138 107.1434 106.6791 106.6943 107.7861 108.0042 108.6072 108.2734 108.9812 109.4167 112.4141 113.2812 109.1214 113.5178 112.3355 112.3600
101.5400 101.0194 100.4805 99.7151 98.3168 96.6379 96.0354 95.5235 95.4925 95.5159 95.4881 95.1348 96.3501 97.9464 98.6128 98.6869 100.5289 100.8436 101.7275 103.6461 104.5962 105.9113 104.8409 105.0266 106.2548 106.6666 107.3622 107.5290 107.0958 106.9878 108.2475 107.7141 108.7011 113.5869 109.0873 112.9736 109.7211 113.4354 112.5230 112.6400
100.7400 100.3915 99.7570 98.7152 97.3907 95.4217 94.0972 92.9256 92.4769 92.1189 92.9593 93.8356 94.6678 96.0371 97.3454 97.9331 99.8656 100.6441 101.5862 102.2967 104.5858 104.4914 106.1536 104.5690 106.3326 106.0971 106.9469 106.6520 107.7556 107.8715 107.8783 107.6516 108.8445 110.2523 111.0974 115.6508 115.7517 115.1072 111.7058 112.0900
100.7000 100.1600 99.3184 97.9175 97.2364 93.8873 91.7753 90.6765 88.4227 88.0991 92.7445 91.3265 93.4768 94.9623 96.0986 97.4888 99.3889 100.6638 101.4681 102.3535 102.6454 104.0703 105.8389 104.6885 105.3814 105.4957 106.2076 107.1857 107.8378 108.6659 108.6032 108.3310 110.0297 110.3684 110.3037 115.7905 115.6983 114.8360 116.0518 114.4000
100.8000 99.9030 98.4459 97.1749 95.4164 92.5713 89.7835 87.3516 85.0073 84.0173 87.2610 88.5439 90.3610 93.0415 94.7647 95.8850 99.3682 100.4269 101.3330 101.9970 103.2442 103.9248 106.0078 105.8661 104.6897 107.1198 107.1112 106.9900 107.4758 110.9915 108.2073 109.0162 110.2881 110.2784 108.3559 114.9759 115.5460 113.7878 107.7084 110.0500
100.7100 99.7601 98.3628 96.4578 94.7853 90.8061 88.3195 82.3949 75.6529 73.6373 80.0966 86.3732 88.1651 91.7857 94.2217 95.5968 98.6647 99.9250 101.2611 102.0114 103.4417 104.8535 105.3703 105.7907 105.6789 106.4839 106.3085 106.6635 107.6564 107.6567 108.4521 108.1636 109.3663 108.6210 110.2124 112.0459 114.2708 111.3023 109.4116 109.1800
99.5700 99.3623 98.3211 96.0931 94.1696 90.6399 84.3502 76.4786 68.4390 66.7925 71.6032 81.5441 86.1849 89.6787 93.7690 95.9778 98.3316 99.8376 101.0364 101.8617 102.9753 104.0030 104.0596 106.2694 105.9260 105.4590 106.0581 106.4358 107.8836 107.8312 108.7276 108.6603 108.7319 109.3858 108.9295 110.2805 112.2580 113.7273 111.7406 113.9600
99.5900 99.2284 98.1608 96.1014 94.0502 90.4221 83.8465 77.3586 68.6504 66.0748 71.0207 80.4280 85.3704 89.1364 93.7361 96.1402 98.6357 99.9262 100.9524 101.9905 102.7413 103.9712 104.6074 106.4741 106.3406 105.8246 105.6667 106.7449 108.0109 108.3071 107.1377 108.5159 107.9425 108.7265 107.2675 109.0182 113.4559 115.3289 113.6185 115.1400
99.9500 99.4839 98.3827 96.5300 93.9847 90.5180 85.8293 80.4452 74.4540 72.0171 78.1691 83.6708 87.4673 91.3901 93.4941 96.9084 98.0572 99.6309 101.0195 101.8199 103.0709 103.0644 105.4216 106.5639 104.8274 106.6284 106.6070 106.6977 107.9216 107.7953 108.1894 113.5746 110.0827 109.9789 112.5417 108.4447 114.3488 112.9783 112.0333 112.8600
100.8600 99.7967 98.7128 97.2982 95.2250 92.0065 89.0293 85.9080 82.7388 81.6686 84.5964 86.3246 88.9933 91.8582 94.0877 97.5969 99.0707 100.1235 101.1588 101.8670 102.7078 103.4343 105.3263 104.5707 105.0821 105.6171 106.2575 107.1316 107.4788 113.0642 113.4208 111.7233 112.3592 110.6485 114.1095 111.8234 111.1865 111.2608 114.9748 112.3400
100.8600 100.1872 99.3868 97.7970 96.5004 93.4865 90.7793 89.9590 87.4858 86.8056 89.1368 89.8411 92.4556 94.6797 95.6292 98.5706 99.6563 100.5600 101.6118 101.9829 103.0635 104.5416 106.2095 104.4130 104.4132 105.4005 106.4301 106.4612 110.8549 110.3141 114.1521 106.3849 112.4768 108.4335 109.4059 108.8945 109.8353 110.4897 109.7962 110.8300
101.1000 100.6776 99.5646 98.3233 97.1435 95.7932 94.1124 92.7044 91.5570 91.3352 91.8857 93.4721 94.9889 96.6379 96.7313 99.1318 100.1293 100.7504 101.8822 102.3610 102.5594 104.3784 106.5238 105.3016 105.5641 106.6601 106.9040 110.2011 110.3706 111.8862 114.2897 112.1833 112.9785 108.9836 109.7560 112.7581 109.4532 110.1887 110.3207 110.0600
101.7400 101.1614 100.3708 99.6368 98.3046 96.9810 96.5461 95.5055 94.9590 95.0078 94.9936 95.8707 96.8817 97.4747 98.5821 99.9641 100.7160 101.4792 102.1515 102.7663 103.8793 103.9592 104.2700 105.9343 106.0581 106.6400 107.3539 107.1336 107.1299 109.1587 114.2626 110.3073 112.8089 112.6779 113.5755 115.9374 110.4141 110.3817 114.6069 115.8700
102.0800 101.8246 101.0494 100.3530 99.3581 98.7952 97.7868 97.4760 96.9725 96.8280 96.8925 97.2554 98.6287 98.6866 99.4877 100.4267 101.4230 102.1424 102.6324 103.6787 105.4706 105.1606 105.4859 106.0905 105.6827 106.3327 106.2349 107.0739 107.4980 109.9758 110.8450 110.5786 111.9808 112.5521 115.6100 115.1380 112.5567 116.7977 109.7189 116.1900
102.6900 102.2645 101.5533 100.7380 100.0287 99.1300 99.3675 98.6516 98.2450 97.9762 97.7119 99.0182 99.7122 100.1419 100.5710 101.3558 101.9012 102.5867 102.9800 104.7138 105.3592 105.6125 106.1635 106.2664 106.1363 106.9351 106.2527 107.0228 106.9280 108.1330 108.2049 111.7137 112.2761 113.7294 112.2656 109.3945 114.6201 113.7430 112.9186 113.3100
103.3700 103.2914 102.0039 101.8605 101.3153 100.4839 99.9563 100.0819 99.2393 99.1973 99.0315 100.0152 100.6634 100.8264 101.3211 101.9163 102.5159 102.9532 103.6712 105.1203 104.8836 104.8595 105.7823 107.1956 106.1626 106.3626 106.7169 106.8301 107.5033 108.1004 111.0756 108.4621 111.7158 114.4759 108.1828 107.8318 110.2530 111.3201 110.1706 108.2600
103.3700 104.2465 103.8828 102.1441 101.8566 101.3425 100.7426 100.9954 100.6902 100.6148 100.8693 101.1759 101.6543 101.6871 102.1093 102.4380 102.7963 103.4760 104.8150 105.1837 105.3779 105.7171 105.7249 107.2093 106.8828 107.1191 110.1742 107.9592 107.7889 107.1752 112.5747 111.5685 110.3664 113.9488 114.6073 108.7530 111.3569 113.0138 114.3163 112.9600
103.8600 103.9871 104.7331 102.7774 102.9071 102.2780 102.2058 101.8827 101.7378 101.8357 101.8606 102.0029 102.4032 102.4263 102.4952 104.7546 104.8733 103.7623 105.6897 104.7236 105.4752 107.1932 106.5757 107.5283 107.3611 108.1217 108.6808 108.3792 107.4641 108.5814 110.2719 113.6774 114.0616 113.3706 110.3321 115.3691 112.6165 110.6682 109.7349 109.3000
104.3900 104.6028 105.3050 104.0666 103.4900 103.2480 104.7162 102.7990 103.2024 102.3815 102.5766 102.7177 102.7934 103.2955 105.2376 104.8124 105.0214 104.6428 105.9286 105.6569 105.0315 107.2331 107.3341 107.7988 107.0284 108.0530 108.4992 108.5024 106.9689 109.0348 109.4690 110.1131 109.7575 109.7658 114.2972 110.2444 108.8487 110.4106 108.3363 108.6600
106.7500 104.7591 105.8599 106.0070 102.6914 106.2506 104.4237 104.9102 104.9652 105.1560 103.3472 103.5615 103.9839 106.1130 105.2785 104.6028 107.0959 104.4039 106.6189 106.0732 105.5706 107.1645 107.7021 108.0300 106.6588 107.4340 108.3740 108.5675 113.3959 105.8816 109.1653 108.3703 109.9544 109.2531 112.0648 109.7189 111.0088 109.7729 113.0402 109.9400
105.3700 103.3640 104.3112 107.0136 101.9866 105.2533 105.7368 106.3942 106.2928 104.0583 104.2715 104.0064 105.6600 104.5476 104.7960 106.1754 107.8464 103.9512 106.7967 105.4480 106.6831 107.1804 107.8547 108.1084 108.3394 108.0033 108.0676 108.8812 109.1223 109.1174 110.0716 109.0308 109.9423 108.8262 111.2307 111.4901 111.5173 109.6153 109.8677 110.3000
106.9800 106.7171 105.3837 104.2114 105.1288 104.8567 104.7341 105.4788 106.0540 106.5606 105.1563 105.5736 105.5050 106.0782 108.9791 102.5777 106.3878 105.7931 104.7845 106.4075 106.6497 107.9277 108.1316 107.4625 108.2274 107.9533 108.6869 109.1381 109.4661 109.5443 109.3767 112.4876 109.0310 109.4379 109.8477 113.5810 110.4868 112.5706 109.7760 109.5600
107.6300 106.6612 106.5096 106.4427 107.6201 106.4249 106.2457 107.4993 104.2389 103.4329 106.4559 106.2802 105.1861 106.5325 106.7716 105.2701 106.2637 107.0449 108.5501 108.2801 107.2073 107.2479 108.1861 108.0225 108.4305 108.4199 107.9681 109.1564 108.3773 109.5102 108.8034 109.1837 109.5925 112.5794 109.8230 113.2904 108.0860 112.1006 110.7048 110.2100
107.8000 107.0158 105.8039 106.4389 107.4144 108.4137 108.2019 107.4385 107.0108 107.6269 106.8383 106.1179 105.5694 106.4108 106.6727 105.7848 106.1720 106.5883 111.4718 107.8809 107.5765 108.2419 108.7141 108.6169 107.8550 108.1935 112.7931 108.9294 108.6332 109.5599 109.1993 108.8418 113.1336 113.8765 111.7688 108.9068 108.6751 114.1669 114.1864 113.0200
108.3200 107.5988 106.6332 108.2883 107.1562 106.8810 106.6240 107.0850 106.2590 106.2615 106.8617 106.2040 106.3462 108.8451 107.8623 105.1210 107.1296 106.3117 107.5852 108.9900 112.1203 110.5969 108.4068 110.7026 110.5136 109.7078 107.9931 109.3140 111.5014 109.0207 109.7909 108.3672 112.8407 112.8236 109.1008 108.2067 109.1213 110.4571 110.8390 113.0200
108.4100 107.3771 107.4925 108.2988 107.5851 107.1766 106.3317 107.4407 106.9458 106.9895 106.4261 107.8128 106.5907 110.2982 109.7927 107.4262 106.6577 107.3220 108.2174 108.9146 113.8829 112.9176 111.0567 114.6556 110.4936 108.9330 110.2501 109.6273 111.7459 113.3739 111.7844 110.9120 110.7523 112.6839 112.3481 110.1194 108.4218 109.3827 109.4681 112.6100
109.2400 108.9274 108.0771 108.1960 108.1547 107.2551 107.0760 108.5644 108.1394 107.9691 107.7082 108.0019 107.8211 111.7335 110.6032 109.1143 112.2818 107.3638 107.9696 108.9524 113.3205 110.3192 111.5163 111.5949 114.0100 112.6447 112.5506 109.7513 109.1070 114.8421 115.6773 115.0271 111.0728 112.2474 110.5352 110.6965 112.0332 109.0921 111.5494 109.5100
109.9500 109.8653 108.7527 108.3688 108.3126 107.2751 107.5619 107.1881 107.2778 107.6627 108.2550 108.5193 108.1046 108.8547 110.4410 108.4560 113.6581 111.8190 107.4136 111.3369 111.9671 116.9145 112.5762 110.7874 115.0574 112.3310 111.3253 113.7202 114.2082 113.7255 113.4473 116.3877 112.7432 111.1510 114.5521 114.2484 111.5210 109.8098 112.0402 115.1700
104.1000 108.0639 108.2235 109.2669 108.6794 108.5291 107.5956 107.8953 107.5002 107.9378 108.5476 108.4947 108.2559 113.0879 110.9728 107.8517 111.2045 112.3203 107.1742 111.8185 111.9109 112.1128 111.2058 113.0983 114.3617 110.1475 113.2572 114.7567 114.7162 115.3879 114.5535 110.8655 113.9160 114.0400 114.6281 116.0076 110.3524 110.6536 109.8644 115.1000
104.1000 103.8700 103.8700 107.9700 107.9700 107.5200 108.9800 108.9800 108.1900 108.2000 108.7900 108.9700 108.9600 114.1100 115.5500 108.5400 110.2400 105.4100 109.6800 109.2400 114.9600 115.0000 111.4500 115.0000 115.0000 110.9200 110.9200 113.7500 113.4300 115.5400 115.5400 110.9900 112.6300 108.1500 110.0900 115.0200 111.0500 110.1100 110.0000 110.6300
