111.2200 114.6100 115.1700 113.7700 111.8100 113.7500 113.3300 107.7400 112.2900 113.3100 111.9500 108.2000 113.8900 108.1700 108.1700 110.0000 110.0000 111.3700 115.6000 112.8400 112.5900 112.9600 114.7400 115.8600 116.5100 118.3400 115.2900 113.8800 113.8800 115.3100 114.2300 115.6300 115.5900 115.4400 114.8600 114.5700 114.5100 114.5500 113.9400 113.9400
113.3900 113.8346 108.3214 110.1014 113.6207 112.5120 113.3340 109.1695 112.5269 113.1526 113.0997 108.4563 109.9056 108.4904 107.5687 110.2997 108.7544 109.8931 111.8332 116.8411 114.3877 112.3132 113.0656 113.8696 116.1732 117.3030 118.8052 118.2876 116.0523 114.4275 115.8559 115.6972 115.0618 115.1094 115.2088 115.1253 116.0000 117.0532 114.5614 114.0100
108.4200 111.8825 106.9824 109.4597 113.4871 108.4988 109.9511 111.1936 113.3709 110.0804 113.7141 107.7301 109.1480 108.5345 107.8764 111.8288 111.7959 110.4285 112.1639 112.8665 110.9036 111.0970 112.2433 113.0885 115.8804 115.8738 116.7487 115.6771 111.1507 114.2877 111.1301 114.4316 109.8228 116.2424 115.7249 116.2901 115.4391 117.0194 114.4574 114.5100
108.1700 109.2039 108.7241 109.6371 111.9518 110.2210 110.7123 108.3317 108.5673 110.0893 112.9829 107.7388 109.8729 107.7618 108.1031 108.1542 108.3090 114.4910 112.3599 111.4127 109.5939 110.3811 110.8045 114.2015 113.4799 117.2311 112.8541 108.9531 109.8441 112.4010 109.9523 110.6566 112.7102 117.8122 116.5260 116.4472 115.7943 115.5632 115.0659 114.4500
108.0100 107.1084 106.9645 109.3245 107.8932 112.1275 107.3422 108.0868 104.3334 113.9966 113.5293 107.1391 106.2540 107.6095 107.4518 111.9736 108.1053 109.2987 110.3025 114.9258 111.2302 112.9179 113.1378 113.9740 115.4651 113.0254 110.2765 109.2981 113.8866 109.1359 111.2512 115.0761 118.2607 117.2962 115.9731 116.9183 116.2365 115.5048 114.8373 115.3500
108.0100 107.5282 109.6638 106.1521 108.8094 106.1948 106.1993 106.0367 103.9842 108.8172 110.9270 107.8876 105.6455 106.0199 108.5537 107.5878 111.9122 109.9128 114.9406 112.1278 108.0682 112.2582 114.2622 110.9164 110.9348 108.2637 108.9482 109.2446 109.3874 108.6055 116.0215 116.0577 117.6069 116.8068 115.7799 116.0424 116.8858 116.6569 116.2053 115.5900
107.4600 106.8305 106.9185 105.7044 105.0735 106.0704 105.5230 106.3105 108.3115 105.7508 106.3096 105.5253 106.5847 106.2776 107.9275 108.2604 111.9744 109.5789 104.9957 107.7807 108.1772 109.3781 112.4648 108.0870 107.9989 107.9651 108.2330 108.9009 109.1041 111.2946 116.0823 116.4768 116.6742 117.5803 114.5713 114.1770 113.6047 111.4129 113.2504 115.5900
106.9100 106.4508 106.1997 107.3982 107.1036 105.3396 105.0405 105.7022 105.8242 105.1904 109.0220 105.6818 106.3733 105.9863 106.6707 111.4378 107.0195 109.3825 105.6528 110.5843 106.8860 107.6719 108.7813 108.3076 108.4331 107.4985 108.5112 108.6318 111.0528 110.0651 115.7955 114.4403 115.5372 116.3072 111.3777 112.8604 109.6349 111.2206 111.4464 111.5000
106.4200 106.1726 106.3901 106.4785 106.3580 104.6183 104.7628 105.3510 104.3279 105.0496 105.7421 106.4427 104.5946 104.6705 105.9012 106.0566 107.6225 108.7729 106.9538 107.4334 110.7393 107.8582 107.6108 107.0998 107.3467 108.0068 108.6236 108.5648 112.2401 110.8868 115.0149 113.7454 115.7423 117.3653 115.5312 111.3576 108.6745 110.8753 112.6921 111.5700
106.6200 104.3166 104.9829 105.4167 104.4865 105.1378 105.8488 104.3236 103.5484 103.3424 106.1694 105.8241 106.0632 107.0353 105.7353 106.1363 105.9617 105.9247 105.2471 106.4898 107.9175 107.0047 107.6766 106.6171 106.4279 107.1083 108.4911 112.0192 108.2876 107.7638 107.2054 114.0897 115.9261 113.1105 110.3253 114.4605 115.9907 114.8204 111.4189 110.2600
104.3200 104.4238 104.6491 105.1450 105.2800 104.9717 103.1366 104.9899 102.9697 105.7798 105.0111 105.2812 103.9943 107.4608 105.4841 105.8829 105.6520 104.7670 107.1023 106.5297 106.6763 106.9628 106.5138 107.9059 108.9508 110.8546 108.3749 108.9046 108.2530 109.3980 109.2447 108.9662 108.7810 108.5915 109.6609 114.8399 116.4105 113.9703 112.1803 111.9300
105.1400 104.2923 104.0521 104.2885 103.2025 103.0115 102.5288 102.2999 102.3297 102.3871 102.4423 103.1562 104.6563 105.0841 103.6229 104.7625 104.6697 104.2389 106.2237 106.3215 106.0766 106.5048 107.0680 108.0752 107.1119 112.6961 108.6441 108.4227 114.0451 114.6975 116.3216 112.4851 108.7799 109.7014 116.2056 114.1867 117.4984 111.6719 112.0269 111.9900
105.2700 104.4074 103.1321 102.5080 102.2931 101.8602 101.6450 101.6811 101.8254 101.8987 102.1121 102.1655 102.5160 103.8542 103.4124 104.9363 105.0120 104.1505 105.5676 105.9360 106.4834 106.0285 107.0172 107.4093 106.4693 111.3234 111.0443 115.8837 113.7138 114.8348 112.2297 109.0277 108.9008 107.8419 112.8954 113.5695 113.9470 108.8151 109.3217 108.9300
103.3400 102.7915 102.2278 101.9639 101.7220 101.3465 100.8565 101.0619 100.9091 100.8330 101.2910 101.5053 101.5697 101.7320 102.4125 103.9240 105.7043 105.6140 105.0289 105.9812 105.5880 105.9403 107.3520 107.4502 109.5689 113.0632 108.0095 113.3064 106.9535 110.8815 112.6171 109.2456 107.4910 108.8264 109.6250 109.1674 112.7783 113.7924 112.7362 108.0500
102.1800 102.1209 101.6829 101.0487 100.7761 100.2192 99.9811 99.9970 99.7673 100.0550 100.2336 100.5549 100.6346 101.1035 101.1155 101.8170 102.8722 102.2988 105.0315 106.2274 105.7902 106.2990 106.2184 107.4661 110.5708 108.8742 106.2284 108.5187 108.2824 110.0666 109.4831 108.5013 108.0319 111.2529 108.6687 110.4630 111.8174 109.2530 111.8856 113.4000
102.1800 101.5447 101.0312 100.2157 99.9551 99.2124 98.5251 98.2140 98.1472 98.9372 98.9803 99.4482 99.7264 99.9757 100.6756 101.2635 102.4374 103.1385 104.2193 105.4803 105.9122 106.6139 106.8253 105.9257 106.3255 107.1396 107.9464 107.9326 111.4865 114.4196 112.5801 114.0157 109.2918 110.3125 107.2819 110.1847 114.4813 111.9575 109.3808 109.0300
101.0300 100.9639 100.3080 99.2154 98.7455 98.0329 97.0240 96.4063 96.3907 96.6977 97.3414 97.5115 98.0458 98.9956 99.9825 100.8416 101.7855 102.4196 102.9211 105.1679 104.5876 108.2540 104.0802 106.6596 106.8337 105.8601 107.0326 111.5861 111.8331 112.3985 111.8089 111.6031 108.8591 107.3926 107.9422 108.9611 110.1667 109.4590 112.5909 109.0300
100.9300 100.2052 99.2943 98.2158 97.4789 96.0485 95.0152 93.7292 93.8812 95.0282 95.8556 96.3436 97.1784 98.2669 99.2982 100.2351 100.8718 101.9520 102.6485 105.0090 103.6410 106.2503 104.8040 106.2310 105.5733 109.4294 112.1784 112.7440 111.9678 111.2163 113.8296 113.1561 108.8042 106.8389 112.0596 108.4534 110.4641 108.4014 116.0999 111.3200
100.3400 99.5473 98.5507 97.3510 96.0488 93.9614 91.9776 92.0978 91.4289 91.7266 93.3964 94.7773 95.3741 96.3850 97.6755 99.8656 100.7418 101.6219 102.3062 103.3734 104.1034 105.2552 105.2498 106.2830 105.4357 107.2967 106.2112 111.6661 111.6715 111.5752 114.9370 115.0105 111.4540 113.4234 110.3206 109.8548 110.2384 109.0318 110.9641 115.2300
100.0400 99.0783 97.9444 95.9740 94.2008 90.6098 87.2294 87.1225 86.3895 87.0977 89.8923 91.9082 94.1919 96.4849 97.5953 98.6448 100.7301 101.3394 102.2241 102.5573 105.2403 106.0010 104.4277 106.1549 106.1817 105.8919 106.9114 107.7692 107.0664 107.3437 108.0058 107.1647 108.5448 109.7891 109.8259 110.0873 109.9007 110.0752 110.3992 110.5500
99.2300 98.4901 96.5373 94.2490 91.2288 88.1557 83.6861 81.7853 80.2725 83.8821 85.5767 89.9385 93.3098 95.4885 96.4381 99.1765 99.8282 101.0332 102.0197 103.6501 104.3342 105.6630 106.4932 106.8724 105.9619 105.7993 106.2945 106.7235 107.6640 106.3570 108.4694 107.4936 109.4191 109.2554 112.3969 109.8608 110.3913 110.5328 110.3275 110.1800
98.9300 98.0138 96.3365 93.7292 89.9670 85.8373 79.4695 74.4405 70.4141 76.0901 82.2369 87.5246 91.8076 93.9809 96.9797 98.6030 99.8850 100.8563 101.7989 102.3390 104.1852 104.2990 106.1651 106.8903 105.9957 105.9519 107.3401 106.4397 107.5078 108.2834 107.8256 108.9288 109.1196 109.7504 109.2171 113.4643 115.0248 114.5761 111.6450 113.8400
99.3500 98.1397 96.9500 92.2766 89.4450 84.6453 76.4139 68.4560 66.0677 70.3209 80.6786 85.3353 91.6858 94.1180 95.9653 98.1935 100.1165 101.0937 101.8983 102.4105 103.7516 105.5955 105.5675 106.2442 106.6656 106.0270 105.8209 106.7262 106.6029 107.6329 108.2478 108.5710 115.2377 115.2438 114.5022 115.1460 112.0037 112.9989 110.2346 108.1300
99.3400 98.7889 96.7077 91.9712 88.6560 84.4346 77.9885 68.7024 65.3034 70.5657 78.9658 85.7371 91.3717 94.4687 96.1172 98.2458 100.0307 101.1447 101.8665 102.4346 104.2208 105.4629 105.9739 106.3496 106.5799 106.5704 106.4847 107.1994 107.1599 107.3697 108.0144 108.2569 112.2759 112.0303 113.5152 115.2773 113.3662 115.2756 112.8065 108.7700
99.0800 98.5910 95.9116 93.4340 89.2464 84.5380 82.5591 76.0142 72.0032 73.9518 81.7261 87.3032 92.5684 94.6010 96.9222 98.4370 99.9391 101.1991 101.9815 102.6596 104.2904 104.7500 105.7590 106.4181 106.5353 107.1853 107.7467 107.4848 107.1907 107.8098 110.2523 108.7178 111.5503 111.6295 110.1090 116.4071 112.2123 114.6140 113.8482 111.8400
99.1700 98.2308 96.8738 95.2527 92.1409 87.1804 85.0282 82.2931 81.0873 81.8994 84.2921 88.8046 94.8328 95.6037 97.4203 98.8908 100.5012 101.4668 102.1954 102.8072 104.7148 103.7858 105.7332 105.1306 106.3626 107.1160 107.3246 106.1958 107.2241 107.9280 109.1777 108.3872 111.6839 111.1514 112.0203 111.6690 111.8318 112.7358 108.5669 108.0400
100.5600 98.9901 97.3990 96.2960 94.5939 92.0484 89.7237 87.3832 86.0620 87.0631 89.8660 92.8499 96.3766 97.0813 97.8970 99.8326 100.5797 101.6715 102.3723 103.0288 104.6630 106.1465 105.8928 106.2968 106.9400 107.6672 107.4421 110.0217 107.1835 107.7461 107.9831 108.2791 107.5598 109.4583 108.9058 111.5436 109.9962 111.3990 113.9505 115.1000
100.6600 100.0772 98.6073 98.1589 97.4146 94.8342 91.8821 91.9161 91.6346 92.0048 93.0902 94.9030 96.7129 97.8560 98.8400 100.2686 101.3172 102.0323 102.5496 103.1555 104.3984 105.3485 106.6215 106.9042 107.1846 107.6147 107.6397 109.0902 107.9976 109.8984 108.0913 109.3942 108.8743 108.5170 108.9928 110.9595 111.1919 109.7003 111.5020 111.1600
101.2700 100.8920 99.9624 97.5639 97.7051 96.6515 94.9759 93.2380 93.9042 95.3032 95.5470 97.2772 98.1988 99.1614 99.8800 100.8287 101.3476 102.1048 102.8291 103.4752 105.0176 104.7274 106.8703 106.9249 106.9389 107.4831 108.0075 108.1924 108.3599 108.5285 108.7366 109.3264 111.0278 115.0123 114.2613 115.2817 110.1998 110.5442 112.2156 108.4200
101.7300 97.1252 98.7642 99.8334 98.8922 98.0135 97.5832 96.2298 96.3654 97.8528 98.3014 98.7275 99.2679 100.0104 100.8843 101.5804 102.1540 102.7611 103.1220 104.4842 104.6552 106.2698 106.9005 106.8072 107.2993 107.4284 108.2690 108.3728 108.6126 108.6881 109.0549 109.0249 109.4270 109.5328 109.6262 109.6857 110.7645 108.0955 109.0640 108.4800
102.3700 102.1818 100.7199 100.6310 100.4299 99.5051 98.9572 98.2415 98.2774 98.7432 99.4895 100.0046 100.3023 100.8679 101.4852 102.1697 102.5181 102.9979 103.6611 104.8330 105.8061 106.5131 106.9752 107.1242 106.1904 108.0411 106.7171 108.6405 108.7070 108.8482 108.5578 113.2716 109.6681 109.4770 114.3726 109.3691 108.9292 109.8824 111.6900 112.2900
103.0400 102.4402 102.0937 101.5819 101.2661 100.1629 99.7878 99.4171 100.1239 100.6541 99.7619 100.6265 101.1006 101.4344 102.0862 102.6191 102.7262 104.4860 106.0260 105.1478 105.1413 105.8987 106.8311 106.0789 106.6066 108.1014 108.7383 110.5833 109.1340 108.7058 109.0393 109.2183 109.8371 109.3896 113.3577 109.0297 108.7233 108.8559 111.0550 111.2300
103.1100 102.8922 102.6378 102.2027 101.9036 101.5001 101.4073 101.2950 101.5909 96.6094 101.9394 101.5689 101.7212 102.2337 102.8145 103.0714 105.0165 105.6869 105.5267 105.4200 106.0663 105.5508 107.4962 106.3011 107.2023 108.1346 107.7767 108.5519 109.3071 112.0244 110.5923 110.6129 115.2822 112.1370 113.5671 108.4803 108.5954 108.8237 111.4987 109.7600
105.1500 103.4898 103.1623 102.8562 102.5812 102.3481 102.2944 102.0592 102.1745 101.0896 102.4531 102.3790 102.6100 102.8988 103.0551 105.2326 105.2497 104.1642 105.9431 106.7005 106.9972 107.5313 107.9742 108.2015 108.0496 107.7968 108.3463 108.8885 108.4648 114.1586 114.2283 111.9145 114.7774 113.8710 113.9274 107.5373 109.7075 109.4125 110.2047 109.7600
105.2800 104.5057 102.9550 103.7747 103.2634 103.0651 102.9259 103.1227 103.1898 102.8785 102.8689 102.8390 103.4878 104.1546 103.6488 105.0578 106.0459 105.4952 104.9437 106.7695 107.0190 107.0120 107.2011 107.8353 108.0822 108.3068 108.7844 108.9693 109.2095 111.5179 108.9999 109.1964 114.8199 110.2707 108.7313 110.7636 112.4687 108.6492 108.9855 111.4700
104.7800 103.8080 101.5228 104.2148 103.7805 103.7318 104.0127 98.5859 98.4642 103.7570 103.7930 103.6046 104.0358 104.3433 105.2048 106.2640 105.8217 106.1648 106.0116 106.6404 107.0654 106.6465 107.1529 107.8738 108.4577 107.9407 108.4472 109.0809 109.1448 109.4137 109.2402 111.1089 112.3858 108.6887 108.6167 111.1296 110.8702 110.1620 110.0812 108.3700
103.7200 104.9783 105.4054 105.5491 106.7363 103.6020 105.3478 105.9522 106.0753 105.1320 104.8361 104.8734 104.8424 105.9273 105.4871 105.6942 106.0183 106.9374 106.2329 106.2288 107.3368 107.1641 107.7374 108.2289 108.5877 108.5548 108.1145 109.1116 109.3350 110.6178 111.8451 111.3457 109.1724 112.5588 108.9476 110.0776 112.4871 111.8413 112.3278 111.0800
104.5500 105.7901 105.5040 106.8249 107.0615 104.1954 105.2978 105.4591 106.5423 105.2568 104.9907 106.5301 104.9639 107.0860 106.6327 106.1582 106.0660 105.9303 107.2667 107.8680 107.9191 106.7507 107.7069 108.2846 108.8832 108.5678 109.0078 109.3936 108.8990 109.6174 111.3123 112.5443 112.5932 110.8216 110.3608 111.5221 114.8608 113.4363 111.4415 109.8800
104.5500 105.8035 106.6676 107.1584 104.9221 106.2785 105.4306 105.8002 107.2591 105.5440 105.3578 105.9999 105.7309 105.6331 107.4179 107.4213 107.0985 106.1847 107.9229 108.1004 108.1965 108.4867 107.3454 108.4535 108.8952 108.9343 109.4442 108.9900 109.6318 109.1956 112.5174 110.0666 113.2336 114.3631 113.9455 111.0859 111.2340 111.0428 111.7022 112.6700
106.2500 106.2500 107.4600 107.1600 106.7000 106.0100 106.9800 106.2700 107.0200 106.3000 106.6800 106.0400 106.0400 106.8800 106.8800 106.1100 106.2300 107.6000 108.3300 108.2900 107.8500 107.8500 108.6700 108.7100 108.7100 108.7900 109.4600 109.3000 109.5700 114.5300 115.0800 110.7700 112.5700 112.2800 112.2800 115.4000 112.1400 110.2000 110.4300 112.9600
