101.4200 100.5600 99.6500 98.1700 96.5000 95.0400 92.8200 89.3500 86.2800 81.2700 81.5900 85.4300 85.4300 91.5500 93.6700 95.0700 97.7500 98.7900 99.8300 101.2400 101.0500 112.4000 111.8400 112.6300 109.2600 106.8900 114.1400 105.3100 105.6400 106.9200 109.6500 111.2300 119.5900 119.8600 120.3700 120.6100 120.8500 121.2500 119.4000 117.9000
101.2400 100.6990 99.4966 97.7164 96.4490 93.9936 91.6101 88.6367 82.6815 75.5327 73.1004 78.9646 84.3211 88.6851 92.4217 94.5960 96.7194 98.3720 99.8842 100.8214 101.2361 107.1681 112.2588 110.6549 110.1201 107.3831 107.1624 103.6184 105.2346 107.0086 108.9626 111.1415 116.6236 119.8151 120.2658 120.5746 120.8851 121.3838 118.9886 117.9700
101.2900 100.3091 99.3995 97.7820 95.4339 94.4577 90.1633 84.9575 76.9780 66.0300 63.5742 70.0390 81.3407 86.7639 91.0731 94.0427 96.3147 98.0690 99.6631 100.6159 101.5972 105.8426 112.2720 110.9964 110.3695 106.8353 104.8956 103.8590 105.1123 106.8645 108.8457 111.0852 113.5812 116.7197 120.0622 120.5620 120.8588 121.3904 119.1630 118.0400
101.1700 100.5472 99.8324 97.8576 95.4486 92.5199 88.9452 84.9714 79.0997 65.1484 60.7073 66.8102 80.3727 86.3314 90.7884 94.8329 96.3773 97.9789 99.4162 100.5056 102.0477 102.6107 108.0721 113.0124 110.1283 106.9425 105.0055 103.9258 105.0836 106.8635 108.8291 111.0584 113.5696 116.4743 119.6537 120.5576 120.8685 121.3749 119.2008 118.1000
101.1800 100.6178 99.7774 97.8951 95.8224 93.0652 89.2200 85.6873 80.0997 70.1652 65.8341 71.2357 81.5608 86.6899 91.2417 94.4966 96.5586 98.1298 99.5132 100.6279 101.7631 102.9754 108.4367 112.7898 109.9909 106.8367 104.9313 103.9106 105.1079 106.9075 108.8879 111.1038 113.5833 116.5682 119.7389 120.5673 120.8735 121.3528 119.1474 118.1000
101.3200 100.9808 99.8082 98.3539 96.2406 94.2485 91.2072 90.0680 84.3980 80.2490 78.4663 80.7149 85.2180 89.2842 91.9330 95.2960 96.9924 98.2579 99.7317 100.9208 101.2845 103.2691 109.8134 114.0058 109.7079 106.5284 104.8137 103.9637 105.3687 107.0858 109.0424 111.2708 113.7905 116.7902 119.8637 120.5770 120.8896 121.3612 119.0203 118.0900
101.6700 101.0546 100.2125 99.2527 96.8988 95.3732 94.7886 94.0606 90.7749 88.2478 84.8019 85.8445 89.0312 92.0816 93.7772 96.3354 97.7923 99.5559 100.0892 101.0310 101.1444 105.4408 111.7074 113.7313 108.9345 106.1547 104.3371 103.7588 104.9925 107.1686 109.2417 111.5367 114.0888 117.2095 120.0518 120.6110 120.9109 121.2266 118.8123 117.9800
104.2700 101.6747 100.5014 99.8592 98.2683 97.1779 96.2008 94.9400 93.6925 92.9370 90.7599 90.9557 92.7337 94.5921 95.9478 97.7313 98.5259 99.7622 100.1415 102.1825 104.4501 104.0564 106.7379 113.9666 109.0166 105.7113 104.2459 103.6356 107.7604 108.0718 109.2895 111.9888 114.7317 118.2086 120.3147 120.6671 120.9607 121.1819 118.5058 116.7100
104.1100 101.8355 101.0689 100.3110 99.3141 98.2827 97.2208 95.8218 96.0772 94.4399 94.7442 94.6477 95.5709 96.7391 98.1333 99.0254 99.3874 100.1825 102.7915 102.8991 105.0621 104.7667 111.5330 108.7355 108.6105 105.4502 104.2623 103.5161 112.6865 108.3553 113.5011 112.1059 115.3606 118.9999 120.4351 120.7293 121.0240 120.8062 118.2100 116.6300
104.8000 103.2716 101.5260 100.9088 100.3116 99.1933 98.6515 97.8743 97.3787 96.6153 95.9977 96.5938 97.1695 98.2170 99.0016 99.7416 100.2469 100.4979 103.4024 101.8493 102.2355 108.3379 110.3905 111.1810 109.7248 105.2176 106.0397 111.8166 115.8170 112.2109 116.6074 113.5595 116.0543 119.5953 120.4270 120.8041 121.1415 120.4120 117.8632 116.5300
105.2300 103.0974 102.1060 101.4991 100.8343 99.8777 99.6715 99.3689 98.8324 98.5764 98.0891 98.5744 98.6481 98.8061 99.4227 100.1119 101.0024 101.4190 102.8857 107.0687 109.6278 112.3185 111.7059 107.5832 110.0124 104.6095 106.7271 107.6950 107.1235 116.6451 116.2641 113.5386 116.7149 120.0654 120.5107 120.8735 121.1181 119.5633 117.4672 116.4200
105.6600 104.2483 102.6159 102.1004 101.6384 101.0343 100.7303 100.3701 99.7498 99.9127 99.6491 100.0313 99.9420 100.3410 100.8789 101.3259 101.5962 102.7822 104.5350 105.4653 109.5164 108.8084 113.2635 111.2923 104.2938 104.5394 107.1846 106.1276 108.8174 115.4236 116.9280 114.5762 116.9899 120.3728 120.5747 120.8952 120.9574 118.9236 117.0243 116.2800
105.1100 103.9529 104.7500 102.7917 102.2697 101.9425 101.4163 101.2334 101.0775 100.9178 100.9864 100.7881 101.0547 101.3730 101.5468 101.4527 102.5465 102.0768 104.0264 103.2632 104.8356 104.6560 106.7975 112.1502 105.3430 111.1101 106.0285 106.8802 106.9683 106.7620 111.9335 115.2702 117.9560 119.3338 120.7714 121.0534 120.0388 117.6737 116.1153 116.1300
105.8800 105.5346 103.9709 103.8849 105.1500 103.6332 102.9587 101.8262 101.7910 101.8624 100.8106 100.7856 101.9403 102.0365 102.9197 104.6859 104.7543 104.5766 104.0871 102.0497 106.4546 106.5397 106.7270 106.4502 106.4975 105.9798 104.6533 107.3388 106.1831 112.2534 111.7810 114.1974 117.8576 117.9605 119.8250 120.1316 119.1003 118.9768 118.6223 118.2200
106.3700 105.7112 104.6817 104.1405 100.8750 101.8229 105.1348 102.4407 103.5384 100.0579 95.9425 98.1503 101.8810 104.7858 103.0041 104.2245 103.5097 105.8458 103.9360 106.8820 106.4528 106.6476 106.4843 107.1956 108.0283 107.4329 105.8815 110.0608 115.4450 114.3268 109.5807 117.7092 119.1206 118.4455 115.4723 117.8237 117.5572 122.1985 119.1889 117.9600
106.3700 105.6556 106.1692 104.2565 104.2270 105.3289 104.9242 100.1866 104.5326 99.5703 98.3622 104.6507 106.9101 111.8845 103.7319 105.4628 105.5062 105.4664 106.2076 105.3260 106.1126 106.3584 106.9736 107.1097 106.4991 106.0741 106.3539 113.8039 114.2616 113.6244 116.8718 113.8279 117.2860 117.2352 115.0512 110.9661 116.3397 113.2237 113.5468 108.1700
102.8500 105.2068 106.6323 104.6191 104.3856 104.8314 106.1571 105.9867 104.7296 104.4574 103.1199 103.9742 108.5282 105.1372 104.1875 105.6086 105.4433 103.2667 106.0366 105.1890 106.5588 106.1007 107.5634 107.0560 107.4096 106.6054 110.2604 111.5536 114.9387 108.4603 117.2675 114.4595 117.5050 115.3450 116.0911 113.7053 113.5119 110.7171 105.9275 108.1900
105.8400 104.8022 106.3842 105.8678 105.6217 105.1411 105.9972 105.2884 107.2611 105.7358 106.4208 105.3444 105.2667 104.0025 105.0684 106.5788 105.6595 106.5259 105.5399 106.2367 106.5576 107.1553 107.4060 107.7025 107.4581 107.3439 112.0013 111.9622 114.2779 111.9547 113.4016 114.7807 115.9671 115.7061 114.7168 118.2820 119.5461 115.6010 110.8318 118.2600
107.0700 106.2510 110.2927 106.9463 105.1993 105.5728 105.3018 105.4413 106.8494 105.8752 105.6939 105.2484 107.7105 107.0473 107.8157 105.6115 106.1749 106.4239 107.3704 107.1153 109.3832 107.0610 107.0844 107.4914 106.5031 107.9800 109.0607 113.5373 111.3526 113.8345 114.7861 117.0617 114.9514 113.2458 115.7601 119.7513 112.9462 117.0077 109.8157 110.9300
108.8500 106.1370 104.9199 105.8548 106.0249 105.7823 105.9349 106.7017 106.8718 106.7588 106.6002 105.5691 105.9519 108.0862 105.7943 105.1385 106.7597 107.3839 107.1064 107.4107 106.4675 106.1083 107.8554 108.4544 107.2928 111.4111 113.4620 113.7058 112.0960 115.8801 113.9927 109.8234 115.4270 116.8367 113.7364 114.3030 117.6633 120.2722 111.5960 117.4300
113.3300 110.7019 107.9797 105.9174 106.3287 106.3824 107.0095 107.0568 107.3300 106.9131 106.3696 105.8357 106.1127 107.0311 111.5597 107.3561 106.0016 107.4417 107.6249 107.2826 107.4019 112.2724 108.2180 108.6391 107.2976 109.1423 113.2980 114.0008 113.1521 108.3543 114.3207 107.1367 110.1387 115.3904 109.3809 111.7809 112.7257 111.5882 118.7637 119.0300
111.0800 114.1185 112.0371 108.2471 111.1373 113.2286 107.4211 108.6277 112.7111 107.0939 106.2910 106.5297 105.6472 106.7920 110.0326 106.3848 107.3985 108.3663 107.8233 108.2018 108.9502 111.1024 111.1651 108.2196 111.9961 109.6358 108.7298 116.6569 113.8314 113.4078 110.9956 110.2124 112.5064 113.6524 116.7087 111.4172 112.5551 110.6168 116.7164 117.7500
108.5000 110.5454 110.4670 111.3665 114.8359 110.6113 108.9724 108.4623 108.2565 107.5115 106.5760 108.1071 107.8257 110.9293 113.2781 107.2022 107.4414 107.1556 108.3002 109.6489 108.3913 109.0591 111.7616 111.0241 107.7730 109.7255 103.7234 112.1460 116.2637 115.8723 114.9024 113.4483 111.1095 112.7518 113.2915 114.6317 116.4055 117.8889 113.7676 116.8000
114.6400 113.6052 111.4840 113.2786 111.3100 107.3876 110.5275 111.2764 108.9880 107.2173 106.7766 108.4724 107.8263 113.5938 114.0932 110.0018 107.6676 108.1528 107.9204 108.1668 108.6935 109.3706 108.8859 111.4285 110.1020 111.7197 114.4291 113.4222 110.2891 110.4098 114.0447 113.3220 116.6549 115.7900 115.6299 116.4451 115.8632 117.7269 111.1901 112.3700
112.6100 112.4943 115.3763 114.9427 107.2498 109.0694 112.0003 112.1644 109.1148 107.1233 107.0565 112.2102 108.1823 109.6065 115.7448 110.7566 108.6858 109.9415 107.2227 107.0707 111.3257 111.1510 108.4893 109.3551 114.4487 111.2350 112.6232 111.9639 110.1396 111.8861 114.1363 115.6888 115.7633 115.9050 113.2018 114.0647 114.3422 114.9674 110.8931 113.6300
110.2100 108.1132 109.3449 110.3866 110.1345 110.2817 111.1433 113.3852 109.8605 109.5415 107.3914 111.7188 108.2874 108.4991 113.2190 112.3384 109.3895 105.2306 105.7202 102.8440 109.4443 114.6247 107.2731 106.4439 112.8132 113.7402 114.1537 113.4748 113.3485 116.5622 110.9863 115.5548 114.9694 117.7199 111.1570 112.3720 110.8008 113.2503 111.1730 113.6300
111.7400 109.7750 108.5666 114.3723 112.1145 115.5089 108.7398 113.5356 110.2459 109.7646 108.1745 114.3693 109.6622 113.4954 111.0126 108.8259 108.3321 102.8910 104.5104 108.2150 110.1422 114.2201 107.2317 107.5728 111.5873 113.1776 115.4188 116.0728 113.7954 115.6459 111.5816 110.3388 110.0883 116.4890 113.8401 111.6660 110.5303 115.0042 115.1800 114.3200
108.0000 108.9933 108.2216 112.9405 111.1541 111.3652 114.6467 116.3468 112.7941 109.2597 108.7254 114.8022 111.3443 109.2534 109.6540 111.8470 106.8061 105.5610 107.0228 107.3860 110.3715 111.4779 112.0926 108.8105 110.6115 114.0302 114.5093 115.8008 114.7614 113.0477 109.4537 108.2396 110.6664 112.9252 115.7773 113.2533 113.1184 112.8415 111.9667 111.3600
111.3900 109.7806 112.2563 112.5574 110.7523 113.0827 110.1118 107.4938 107.0808 108.5569 108.5461 114.9704 114.3691 111.1712 109.2834 115.1593 104.4161 111.6393 109.9696 111.8270 110.3716 112.8577 112.1465 108.7831 111.7686 108.3736 113.8759 116.8282 116.2069 115.2325 109.8840 109.5370 110.4897 110.7562 115.5320 108.9387 112.0013 109.6108 109.6572 111.8600
113.5000 111.6703 112.8869 110.1338 105.3962 113.1359 113.9368 107.7126 109.7144 109.2289 105.3851 112.5779 115.3595 110.8935 107.6371 107.8311 109.3900 114.6039 113.2629 113.7847 109.9317 115.7362 114.6918 113.6775 112.5347 111.4008 112.2441 112.2353 111.9492 115.1984 114.0428 111.7181 112.6052 112.9655 109.8554 108.7244 108.8925 110.9273 110.2591 111.1300
112.5000 111.7327 114.3057 112.0395 111.6219 107.3718 113.0532 108.9021 110.2239 109.8694 106.8989 113.7547 114.0857 115.9417 105.0114 106.5702 106.4551 113.5314 111.8535 109.1689 110.8056 116.2546 113.6595 112.1920 112.9787 110.1561 110.8050 110.2125 116.0956 115.3955 110.3103 110.3068 111.4430 109.7539 109.8348 108.7612 109.2587 111.3480 111.0603 110.8200
115.3400 115.2948 115.6287 112.4683 112.6602 107.6557 108.7426 108.7844 108.1453 107.9149 109.0893 110.1687 112.6421 116.2075 114.1841 108.2555 109.0055 114.5566 113.0891 108.3638 111.4321 114.1833 114.5582 115.9003 113.6588 111.8409 109.7863 111.3792 112.2900 115.6166 113.4046 109.9042 110.8648 114.1615 111.7175 109.7870 110.0543 110.4899 110.1170 109.7600
111.6000 114.5541 115.5977 111.5525 111.5754 107.2275 110.3169 113.1228 110.4274 108.8329 108.6769 112.7165 111.4073 115.7271 114.3278 109.2200 116.8189 114.2520 114.7941 113.0141 110.8513 113.4163 112.6837 111.5131 111.8112 112.5285 110.9054 110.9047 108.7387 111.4663 114.7081 112.6560 111.0685 112.8226 111.6756 109.6159 110.1348 111.1445 110.1045 109.3800
111.0000 113.3063 113.8119 110.1918 115.4622 111.2118 112.8041 116.1676 112.4277 111.6474 108.8755 110.2056 110.7720 112.8632 112.9552 109.9608 116.2608 112.6138 115.3803 110.0529 111.8911 112.8100 112.7242 109.7460 110.0821 113.1781 111.5218 110.9604 112.7769 108.6333 110.9209 113.0970 114.6873 109.6980 111.0963 112.4211 110.5217 111.8809 113.8789 114.6300
116.3500 117.0017 113.7611 111.3354 113.9262 112.5555 112.0979 116.8601 113.5721 113.8057 110.2032 111.3932 112.0060 111.3760 113.6550 112.3745 113.7112 113.4989 115.8080 109.9073 112.6512 114.4158 111.6027 112.8914 111.1786 111.0025 115.1309 112.1856 114.6156 111.7486 111.0055 115.2230 116.6030 111.0842 111.1381 112.4844 111.9885 111.6426 112.9352 111.1000
116.4200 115.0429 112.7867 112.4244 117.6574 115.1670 117.8329 116.4320 112.0860 114.4572 111.4309 111.1968 112.1767 110.3502 111.0081 112.6963 113.8641 115.7252 113.3247 110.0089 115.6836 115.9277 111.1517 110.1530 110.2324 110.8610 111.9517 111.8975 111.4716 117.5168 111.0104 110.7621 113.5267 110.2246 111.3419 109.8717 110.5980 110.2363 111.0547 111.1000
114.2000 112.2727 115.8990 114.2102 118.2888 116.5825 113.2555 116.1932 111.0202 113.2604 113.0190 112.1801 108.9771 109.2596 113.3056 115.3678 110.7068 116.4825 114.7848 109.7702 114.9052 114.1726 112.5751 110.7952 109.7220 110.3774 115.9226 111.3116 114.0289 118.3089 112.9548 114.9664 111.5474 113.5859 115.8208 115.8127 115.3752 112.6976 111.4118 112.9800
117.3700 117.2854 116.4267 116.2137 118.8202 117.7067 114.0999 112.4712 113.8552 114.2221 115.5104 115.5315 109.3156 112.0535 113.3862 117.7457 115.3358 114.1949 113.8021 113.1936 115.0418 112.2695 114.7118 113.3124 112.5455 115.3491 116.7501 114.9384 115.6081 118.9851 117.7891 116.4420 115.7210 117.4365 111.2488 117.6996 111.6919 111.7783 113.7904 116.8500
119.1600 117.1941 114.0040 117.2833 118.9115 112.9855 113.6041 112.8358 114.3194 115.5648 117.5446 111.8644 110.8228 113.2010 114.9622 119.4502 118.1595 117.3024 116.6313 113.8884 116.2030 113.0809 115.8862 116.3406 113.3295 115.5666 114.1329 112.4246 112.3563 119.0555 117.6204 115.4501 117.3894 114.5281 107.9708 118.3730 111.6836 109.3180 117.0069 115.9900
117.4100 117.4100 117.4200 116.5800 119.2700 114.8600 114.0500 113.7800 117.6400 115.4200 116.5500 110.2200 113.4000 114.0800 108.8800 119.8100 118.4600 118.4800 118.4800 113.9100 114.6800 113.3100 115.8800 115.8800 114.7300 114.7300 115.7100 117.0200 117.3100 119.7300 116.4600 109.9100 117.9900 117.9800 109.6600 109.6600 111.1000 111.1000 112.0300 115.2700
