71.9200 71.9200 71.6100 71.6100 80.8500 83.8900 91.5900 92.6900 96.2800 97.8100 92.7800 100.8100 103.3900 103.8300 103.5200 104.7500 104.6700 105.5200 105.8400 106.8200 106.1400 107.0800 109.0900 111.3000 114.3900 114.1000 114.1300 116.7800 117.9600 117.3900 116.0800 115.2800 114.4000 113.9200 113.0100 112.6400 111.9700 110.1600 109.8400 109.6600
82.9500 71.3301 66.5193 70.2245 80.7582 86.2427 90.2543 94.2854 97.1611 98.3038 99.8964 100.7320 102.9789 104.2767 104.0422 104.0366 104.9164 106.1979 103.9881 104.9616 107.9123 107.6050 109.6364 111.8946 114.7443 119.4088 119.8669 117.3051 120.5509 118.2356 116.9278 115.6438 114.6298 113.7555 113.0716 112.4919 112.0491 109.9321 108.5007 109.5300
82.3700 79.9527 76.8766 80.2402 84.4180 87.9520 93.2880 95.0945 97.7384 98.4822 99.6747 100.8636 103.0821 103.5192 109.9152 106.6943 104.6741 103.5121 103.8547 107.9149 107.5035 107.7146 109.7958 111.9970 114.3322 117.4656 116.6693 117.5265 120.5219 118.2630 117.0037 115.7343 114.6274 113.7512 113.0204 112.4227 111.7016 112.6750 109.7569 110.7800
85.6600 86.4883 86.0598 85.7399 88.9215 90.6164 94.8446 96.6510 97.7382 98.8953 100.1613 101.5983 103.6644 104.0145 104.7891 105.0515 104.7750 103.3510 104.2628 107.9523 107.7458 108.5040 109.7968 112.3275 114.9706 117.8996 119.0833 116.0357 120.7459 118.4831 116.9846 115.6777 114.5636 113.6735 112.9248 112.3116 111.9830 109.9310 110.1087 110.7800
91.3900 89.7360 89.2053 91.9496 92.1929 92.8643 95.5234 96.5795 98.6076 99.9003 100.7959 101.3833 103.6246 102.8530 104.4006 104.7939 106.0906 104.8340 105.8362 107.3208 110.4565 112.9608 111.2375 113.7563 115.9048 119.6409 119.7296 117.8839 121.1214 118.6209 116.9882 115.5533 114.4513 113.5787 112.8640 112.2645 111.7479 111.5330 111.1540 110.7400
94.8000 94.3152 94.2052 95.0764 94.7693 95.6859 97.1237 97.8481 99.6519 100.4948 101.1633 102.7523 103.0436 103.6716 104.1787 107.0681 104.6319 106.8388 106.4226 108.1522 113.6453 114.5551 114.7527 115.4383 115.4321 118.9320 120.2139 120.5470 121.0727 118.7879 116.7856 115.4075 114.2988 113.4036 112.7081 112.1250 111.6713 111.2221 110.8855 110.7300
97.4800 97.3297 97.0876 96.9891 97.3278 97.3705 98.2962 99.7322 100.5296 101.0982 102.1710 103.6785 102.7993 104.8498 104.7002 104.7668 104.8257 107.2848 105.1604 106.3552 112.2270 111.5782 111.6506 116.8909 115.1453 117.3560 118.3693 118.8905 119.0111 117.9950 116.5068 115.1471 114.1122 113.2493 112.5685 112.0229 111.5654 111.1227 110.8313 110.6000
98.5700 98.5207 98.1123 98.6086 98.9156 98.9550 99.7177 100.4843 101.0437 101.6492 102.6882 104.2470 104.7205 107.0288 104.9606 104.9506 104.1769 104.9528 109.9736 107.7488 115.4561 108.1746 108.4376 117.0783 114.2218 118.2040 119.1773 119.0612 117.4550 116.8756 115.7743 114.8545 113.9791 113.2114 112.5471 111.9417 111.4769 111.0954 110.7858 110.6100
99.4700 99.3110 98.9574 99.5170 100.0700 100.2287 100.8083 101.1119 101.6067 102.7175 103.6872 104.8928 104.2798 105.4891 106.1460 106.5073 104.5078 108.6453 112.9185 111.6919 111.2563 116.1938 117.2576 111.9419 115.0151 119.5812 119.0072 119.1155 117.7201 116.6572 115.3425 114.5355 113.6751 113.0315 112.4447 111.9423 111.4920 111.1150 110.7869 110.7000
100.7600 100.5497 100.3079 100.7389 100.9637 101.2158 101.2700 102.3166 102.4329 103.7348 103.8605 104.5971 105.5058 105.9464 106.2009 105.5517 106.1585 109.5755 111.4606 111.0162 114.1603 112.9668 115.1660 114.8365 113.8792 120.3997 119.7845 118.2818 117.3979 116.1722 115.4025 112.5224 113.9333 113.0075 112.4286 111.8637 111.3956 111.0488 110.6875 110.4300
101.5600 101.6425 101.5561 101.6666 101.6613 102.5895 103.1325 104.9800 104.7136 105.1600 104.2754 105.5714 106.2383 105.6444 106.3432 106.2551 109.7172 115.2106 111.1286 112.3722 111.0554 112.8628 114.1726 115.9725 118.6125 118.1137 120.7500 118.5146 117.1757 115.7235 112.0471 109.9119 109.4865 110.2970 110.5042 111.8712 111.2812 111.0164 110.6332 110.4000
102.3000 102.6347 102.3715 103.8543 102.8212 105.1007 104.0135 105.3199 103.5393 104.4057 105.0025 104.5180 106.3726 106.7311 107.0967 106.5052 112.8263 108.3161 114.5862 109.8337 112.9080 111.0352 113.9502 117.2400 117.7807 120.3346 119.0516 121.5092 117.0753 114.8279 111.7824 109.6065 109.6600 110.3604 110.1647 111.5283 111.2639 110.9018 110.5093 110.4000
105.2100 104.2768 103.8245 104.8196 103.5778 103.9581 104.1008 104.3547 104.4850 103.5082 105.3331 105.4239 105.6208 106.5988 106.9129 107.1392 107.5231 107.3225 107.8828 112.3345 111.7757 112.7618 112.0697 114.3661 117.7070 117.8052 119.6487 119.4796 120.8837 119.2996 115.4367 113.6670 112.7181 108.3304 110.3290 111.5954 111.0790 110.8636 110.9462 110.3900
105.2100 104.9449 104.6804 104.7653 104.0705 104.7133 104.8837 105.7286 106.4800 106.1801 106.1431 107.6147 109.0438 106.0161 107.8652 107.7013 107.7036 108.0431 107.9369 106.4584 110.4414 110.2550 110.5507 113.2155 115.1208 116.9851 118.3115 116.6361 119.3052 113.8758 114.6113 111.8058 110.4842 110.5179 110.3207 110.3732 110.9943 111.7810 111.0328 111.2400
105.1700 104.8558 104.9418 104.8419 104.2785 102.4778 106.4127 106.0347 106.2020 105.7649 104.4071 104.5326 106.8963 107.1144 111.1190 106.6780 107.6569 107.8182 108.4982 108.9642 108.9701 110.5937 109.8009 113.9888 113.4198 115.0381 115.7937 116.7760 113.7649 115.9312 114.6238 110.7633 110.7413 110.9659 110.1188 111.0282 111.1794 112.6687 110.8348 111.2400
106.0800 105.9128 105.7357 106.2206 104.8294 106.0120 106.1445 106.9491 106.7250 106.7707 104.9527 106.3920 111.4641 113.5449 111.2365 109.3255 106.8150 107.5100 108.8974 108.8732 108.4817 108.7691 110.5628 113.8225 112.9279 113.7946 115.2357 113.3816 113.2980 116.9172 116.1632 114.4495 109.6047 110.3694 111.7675 110.6729 111.2312 111.0290 110.2257 110.8000
105.1700 105.5460 106.1387 106.5587 105.8427 105.2033 105.8029 107.3096 108.0805 106.9252 106.7868 106.4915 111.5766 110.5512 111.8461 112.5687 110.2860 108.7518 107.2965 108.8934 108.9428 109.1525 109.5906 113.0138 115.6193 115.1670 117.1914 116.8803 114.1538 119.1211 121.0351 112.5333 108.8192 107.3802 111.2326 109.5493 113.9699 111.1770 109.5782 109.8600
109.2100 107.0144 105.1645 105.5970 106.0440 104.0697 104.4891 105.1831 105.9733 106.2284 106.9334 113.8078 114.3715 109.2127 110.3337 113.1091 109.3984 109.5724 107.0170 106.3782 108.8248 109.0704 109.3344 106.9489 114.2873 116.7177 116.3657 115.3634 113.0588 116.1245 111.6342 110.5831 110.8676 108.8467 110.2458 109.6927 111.9730 111.2899 112.4890 113.7400
107.2800 106.7765 107.2571 106.7715 106.4326 107.4661 108.5709 111.2338 111.4806 107.9863 107.2415 110.9737 110.9139 106.4581 110.6342 114.2122 108.6236 107.3677 108.6822 108.0907 109.0601 110.4698 109.1691 111.5777 114.0465 116.0590 116.9651 115.0529 112.3646 111.6388 108.1118 108.6782 109.3830 108.4794 108.1292 111.6692 110.6863 116.3979 113.2343 113.2200
107.2500 106.9581 106.7198 105.8237 108.6776 109.2640 113.8083 109.2152 108.0585 108.6482 108.0800 108.3705 109.4927 106.5741 107.8738 108.2871 112.8848 113.8486 113.1177 113.3668 110.1239 109.7191 109.5057 109.9158 110.3675 112.8677 115.3259 116.8256 114.0292 110.7776 112.3067 107.5966 110.9635 111.3266 119.2041 116.4994 109.6667 112.5514 115.2813 114.0500
107.5100 107.5936 107.3613 108.4376 109.4782 113.3315 110.8328 113.0754 108.2958 113.1718 113.9485 112.8343 108.4960 107.3173 108.4605 108.5301 111.2700 113.7989 108.3777 113.4263 110.8156 113.5103 110.5387 114.5506 110.0295 113.0021 116.5632 114.6301 117.5016 110.6650 109.7752 108.8505 110.4020 116.0594 120.5676 119.5902 119.5107 124.1916 112.2493 113.8200
109.1900 108.6557 108.4161 108.9574 111.7930 113.7565 113.6126 111.7244 110.3389 112.1283 113.0141 115.1822 112.7246 108.5864 106.9769 104.5114 108.9673 114.5033 110.6855 110.7468 113.8390 113.6367 114.2051 109.7576 113.3085 110.6358 112.0808 111.6632 111.1654 110.7462 109.0989 109.2065 116.4699 121.1454 112.4885 114.0568 117.6210 119.6064 116.3407 113.7700
109.3100 110.0591 108.3808 113.5588 112.1795 110.6309 114.0038 108.4327 116.1015 115.9934 111.5769 112.3927 113.8434 108.7118 108.9927 109.2541 108.3254 109.5988 114.9906 108.7188 111.5877 113.4663 114.4978 114.2876 111.5094 117.0044 112.7454 109.1819 117.4232 109.7894 110.0360 114.0305 108.9961 115.0338 111.4535 118.0261 119.5160 113.4085 109.6142 111.3900
111.9200 106.8993 111.8009 112.6188 112.0804 112.9351 108.6275 107.3264 110.2454 116.9485 112.9396 107.4133 114.1946 109.4643 108.3875 108.8275 106.6911 107.9305 109.9394 109.5082 111.7511 111.7088 112.1130 115.3976 114.4589 114.2101 111.8779 110.0916 116.0800 121.9994 113.6418 114.4772 112.6138 113.9890 115.9633 118.8626 123.0047 123.7359 110.8055 110.8700
115.9500 108.9984 108.6020 112.0894 109.1396 107.0489 108.1995 107.9320 112.3986 112.9824 109.2632 110.3617 110.2063 111.0765 109.8341 108.4066 107.5619 107.0449 106.4426 112.9651 109.3088 112.4123 114.8828 116.8983 114.9277 109.1167 109.1464 111.5654 116.6494 113.6970 114.7538 115.2581 114.4558 114.9829 113.6697 118.5008 115.3754 123.8889 110.5077 110.8700
111.5900 110.5341 108.9616 113.1991 108.7985 110.6913 107.7210 108.2472 111.4705 106.6290 107.6672 107.1169 106.3985 108.4952 108.5534 109.0773 106.8142 108.0980 108.4343 110.9665 110.7443 113.2567 118.0209 119.0687 113.3496 112.5539 109.6635 112.4500 115.2970 111.1983 108.7668 113.1482 113.6251 116.2689 107.8145 109.9449 108.3586 118.9343 107.8191 119.9900
110.3000 110.4419 108.4546 111.9002 110.9820 110.8484 107.3047 109.4733 111.1291 108.9091 108.5614 110.0110 110.7464 108.3338 108.2743 108.7378 107.7685 108.5687 110.3723 108.0484 111.1478 113.9445 114.3715 117.1001 119.8233 115.9965 109.2027 111.2041 112.7640 114.5383 111.1162 111.0878 108.0947 119.3207 116.6974 110.5900 116.3590 121.0436 117.6596 120.4000
113.1000 111.8393 111.7715 109.7982 112.3178 110.7725 108.2967 108.4667 112.9153 111.8672 106.4984 111.0670 107.7803 110.1839 108.4301 107.9209 108.3507 107.8436 110.1397 110.2299 112.3418 113.2930 115.6695 117.2190 111.7573 109.7091 110.3665 110.9886 114.2316 114.3174 110.3030 109.3005 115.3645 122.3090 123.2587 111.2870 118.7063 113.0476 114.5048 110.1400
111.0400 110.9473 110.9919 109.5428 112.0087 112.4042 107.8251 108.1839 107.6238 115.4954 108.8273 114.8844 112.0412 110.3194 107.7490 109.6670 110.2740 109.6405 111.6497 111.2615 113.7694 116.1799 113.0803 117.9230 112.4647 111.9098 115.3449 110.3409 111.6180 116.3070 111.9030 113.4425 117.8045 118.8046 118.0034 111.4340 113.6057 112.9540 111.9394 117.8300
113.0600 112.0309 112.7222 109.4091 108.1138 114.1187 107.5660 107.1255 108.1470 112.1830 109.2722 112.8107 113.4917 112.2663 110.3301 109.6014 112.9372 111.1058 111.1667 112.0229 114.2026 113.5341 114.8548 113.1322 108.1649 114.3706 119.0174 109.8371 115.6064 117.4812 115.7678 114.9703 113.5112 114.9936 112.1158 111.8316 113.3435 110.0089 114.4736 111.8100
112.8500 114.8326 115.2524 108.0961 112.3658 111.5134 108.8012 108.8826 110.2304 110.4290 113.7178 112.2171 112.3540 110.8081 109.8744 112.9791 110.1181 113.7622 114.5103 115.2294 117.5428 116.3351 118.8190 118.5489 120.7610 109.2686 109.4161 108.1238 112.2481 118.0573 118.1505 110.5114 117.7736 110.9936 112.1279 110.7420 112.9504 110.5447 112.6922 120.8500
115.4800 115.4727 112.4808 112.8120 115.5518 111.5114 108.3716 108.2342 109.5334 112.7325 111.5512 112.6791 113.4691 108.5616 112.6337 112.6279 110.1049 114.4674 113.9049 113.8358 113.9783 118.3019 118.8514 120.6061 118.6854 116.3209 113.2268 111.2740 115.6505 118.0117 119.1570 117.6568 118.4120 120.9365 113.8641 111.6708 111.3966 113.0130 109.9698 110.9400
115.4800 113.5544 110.8495 110.0368 115.5151 112.2845 109.6226 111.8629 112.5441 114.2169 109.7420 113.8124 109.3181 112.5464 117.2442 115.4133 110.5658 112.7530 114.7286 115.7777 114.3048 118.8236 121.3314 119.0203 117.5112 110.1044 109.1739 115.5578 109.6904 117.2115 116.0446 115.8422 110.6038 119.1229 114.9491 110.8686 113.1258 113.8943 111.2224 112.4800
111.7100 112.9893 114.0280 111.6320 112.7439 111.6038 112.4215 113.5060 113.1423 115.5750 112.9749 111.3861 117.9028 111.0154 114.6137 111.9213 111.8301 112.1070 116.4131 115.9475 116.1891 118.6220 121.1085 117.1434 114.2972 110.8122 112.5874 110.7479 109.7358 112.9060 116.8975 116.5757 112.5822 110.1070 118.7698 114.7159 117.1427 111.1666 117.9793 112.3200
113.6100 117.9977 115.0931 112.0177 113.7345 113.7725 113.1310 113.3048 114.9250 114.2501 113.9600 110.7916 113.9312 113.9353 114.2382 113.1874 113.0888 113.6033 114.2217 116.9735 121.2062 116.7018 122.3936 118.5492 119.4126 114.9016 114.5318 113.5594 114.1614 119.5899 118.5803 107.1042 118.1818 116.1881 112.5150 117.2010 119.0054 113.0992 113.1886 113.3400
114.7600 115.4832 115.6029 113.8615 114.6219 114.6733 115.4810 113.9327 117.9876 119.7643 118.3609 108.9126 109.7816 112.5972 112.8117 114.4922 114.7856 114.8221 115.2227 118.0624 119.6589 116.2568 122.6243 113.8317 114.7795 111.9568 113.3440 116.1522 116.7182 118.7238 119.5442 115.7651 115.8620 113.4568 113.6789 114.0455 116.7315 116.2971 113.2168 113.3400
116.8000 114.8831 115.5012 114.4709 116.6484 114.4796 114.4570 113.5638 115.2903 114.8281 118.8823 108.5505 111.1744 112.5260 112.3678 115.2366 111.5646 114.8442 115.7867 109.8495 117.9248 115.7865 117.4635 112.0417 115.3789 120.9648 117.5370 116.0848 119.9185 120.2746 120.8889 121.3531 115.4652 116.2538 123.2923 122.0390 122.7064 114.0782 122.9112 114.4400
117.8900 117.4641 117.6823 115.7031 114.9199 115.8639 116.0376 115.0495 114.6903 115.0231 117.5018 112.1197 109.6594 113.7277 116.7959 116.0975 113.8384 115.4697 117.7924 116.7882 118.5259 116.9859 121.4648 121.2493 123.3316 121.4296 119.3814 119.2326 111.3229 119.5850 120.3338 122.0307 121.1391 123.7337 122.7197 119.0863 120.5147 125.9256 117.7830 115.8000
117.3600 117.3000 116.7143 113.4233 115.1338 117.0044 116.2616 115.1236 117.2708 116.9335 117.3207 115.3028 114.3285 114.3426 115.8813 117.2925 116.7677 116.7147 116.7410 116.3382 118.9029 118.0673 118.0259 119.3883 118.8368 120.2470 118.9496 120.0007 117.6091 121.3684 120.9455 121.4213 122.1514 124.5383 122.7923 123.0734 125.7900 122.6004 113.0643 115.0400
117.7000 115.6600 115.6600 109.8900 116.3800 115.7700 118.2500 115.2600 116.1600 117.1300 117.7300 119.3800 114.3800 118.0100 114.8500 116.7400 116.7800 118.1000 117.4700 117.4700 117.3600 118.5800 117.7600 125.5300 119.4100 119.5200 120.0900 122.7200 121.1000 122.2000 122.1500 121.9700 122.9000 122.9300 122.9300 124.6400 126.5200 126.5200 113.4000 115.3900
