110.0100 110.8600 110.2000 110.2000 111.5000 109.8500 112.5800 113.8600 110.1700 110.7400 110.6900 110.9100 111.9200 111.9200 112.9200 112.8700 114.8200 114.5000 114.8600 109.7700 109.7700 113.6900 113.7100 119.0400 118.9600 117.2100 118.5300 117.5400 115.0300 114.9900 112.7100 117.6900 117.2100 117.2500 116.9000 116.3700 116.3700 118.2200 115.7200 117.3000
108.8800 109.2352 108.1735 109.8102 110.4460 111.6810 111.2454 115.1680 110.2989 109.1109 110.6466 111.0365 113.9459 118.3483 113.3143 115.1023 111.6523 112.8842 114.6687 110.9470 109.0615 111.5532 112.9472 111.9349 114.3622 115.6612 117.9870 117.2213 115.1218 112.3440 118.2250 109.3598 116.8456 115.1307 118.2003 116.6593 118.0826 118.2771 115.4794 115.8700
110.8600 110.7546 110.2834 111.0043 110.0611 110.2116 111.8128 110.7968 109.1407 109.4408 111.2879 111.6289 115.0573 117.0370 110.5102 113.3411 113.0863 111.5412 112.4838 108.8631 107.2852 108.6726 109.1770 109.4509 114.1128 114.8898 117.3317 117.1147 116.3792 111.7258 117.3326 110.0443 109.4118 112.4358 113.5118 114.8684 117.6027 118.9622 116.7800 116.4800
109.6400 109.7314 109.9848 108.9613 109.1160 110.7409 112.5768 108.1680 110.3842 113.9355 113.0476 110.7847 112.3379 114.8560 112.2946 108.0653 114.6146 110.7988 110.9145 109.1906 107.7384 111.8325 113.1096 109.5374 114.5450 114.0803 116.6912 117.1916 113.9017 115.0389 112.5090 109.3306 109.6816 113.3582 114.5741 115.2334 117.9057 117.5167 116.9996 117.0200
120.0100 110.6575 109.5974 110.0180 108.3268 111.1120 111.2499 110.4817 111.4802 114.2849 111.7560 112.6923 112.1021 114.2602 109.5473 110.2647 112.2455 109.6235 111.8301 107.3278 108.2232 113.5850 112.7754 110.6884 107.8860 109.1787 115.8794 116.8218 110.0497 111.3637 115.9689 115.0054 115.6543 113.8537 118.7927 119.0667 119.4211 119.0146 117.6170 118.0600
120.0100 113.9563 109.8877 110.8952 108.3596 110.2807 112.7821 110.2983 114.4761 114.4834 114.7585 115.0896 109.6551 112.9581 107.9830 109.3704 108.1668 109.1456 110.3284 106.7300 107.3142 110.6217 112.6219 111.8470 109.8053 108.8662 112.3077 112.4192 110.3990 115.8411 117.8410 117.1244 115.1109 114.0520 115.2449 119.9555 118.1176 118.5218 118.5979 118.0600
116.6600 108.3823 108.4257 113.1673 109.2151 110.4094 111.2151 110.9088 110.1663 110.9547 114.9108 112.8590 108.9180 113.8867 113.1914 108.7248 108.1689 107.3326 109.5677 113.3318 113.2944 113.3109 116.5066 110.8553 110.0031 109.6414 109.2597 109.3654 110.2185 117.4264 116.9732 116.3586 110.5164 113.8583 113.5592 119.4745 116.3915 118.8770 118.5086 117.7100
108.4000 109.0941 110.6113 113.5472 111.9431 109.7787 112.9349 108.8266 109.1465 113.1629 116.0950 113.2529 109.1078 111.1112 111.7272 109.2445 108.7314 108.4624 110.4932 114.4467 113.0809 113.3045 112.0294 113.2094 111.0137 109.8849 109.7059 109.7649 108.8555 111.9557 116.3768 116.1362 111.3020 107.7389 109.1835 117.7216 117.7478 119.2009 117.3986 117.9400
115.6200 112.3320 111.1976 109.0672 111.6819 112.3539 115.8166 112.7663 109.7337 109.3256 113.4574 115.0940 111.7400 109.3251 108.9547 112.5267 108.1443 107.4730 108.1879 109.8263 114.2703 112.2763 111.9783 112.1435 109.4553 108.8293 109.9457 108.2262 111.4691 113.8826 112.4178 114.5042 109.7085 108.3318 108.6518 114.3062 118.4905 117.3090 116.9228 116.7800
111.7300 115.7197 111.5904 110.8258 111.2405 110.3660 111.8047 110.4098 108.8127 108.8045 108.0826 113.8190 110.8987 109.4189 108.2806 112.1708 107.7910 107.1177 108.3511 114.6151 115.0646 110.2199 109.7110 109.2124 108.0451 108.7286 110.9788 111.6260 110.1541 111.0255 113.8144 113.1294 112.9055 113.3623 110.8726 110.4988 113.7598 116.0775 116.0031 115.9600
108.0500 109.7183 109.8490 113.3148 111.9049 111.2001 113.8987 111.2622 109.7103 109.5291 108.1497 114.0120 108.6537 109.1961 108.9550 112.7976 110.0351 109.4007 109.1363 114.9074 113.9482 111.9787 113.3455 109.4535 109.1376 109.0019 110.2140 113.3026 109.3365 108.2814 112.2326 114.1923 115.1496 116.0618 113.9264 111.1192 114.6691 115.1520 115.9242 115.5700
110.8100 114.6734 115.9135 114.6183 113.3148 109.4942 112.3902 114.5159 108.7929 109.1068 107.4742 111.4660 109.5667 109.0560 108.1882 114.0612 108.8550 108.9703 109.5814 112.0645 110.6821 114.1571 114.5370 115.0472 113.7041 108.5757 115.2263 112.8579 114.5799 107.5646 106.4362 113.8053 112.4446 110.3637 114.4150 111.7941 114.5474 110.1580 115.0693 112.5200
111.1700 110.0794 115.4410 115.1272 113.4722 116.0255 116.2878 114.5552 110.1511 112.0697 108.0235 108.0193 108.7096 108.8355 107.6552 109.7876 108.6176 107.8253 108.7880 105.9124 106.4509 110.2410 113.2412 112.7957 110.7502 112.5814 110.9524 113.4589 109.6286 106.9438 105.7965 111.9638 113.8319 110.3889 114.1909 110.1646 113.4215 112.4349 112.7809 107.9700
110.0200 112.3363 116.8528 115.1321 110.8495 115.8591 117.6319 112.3584 112.0332 108.5175 108.6763 108.6955 111.6789 107.9676 107.6611 107.0380 107.5212 107.6868 107.2200 109.5883 110.0891 111.4808 116.2170 111.2363 108.2727 111.7047 111.5549 113.6373 107.4406 111.3682 110.2535 116.3209 112.9588 109.1720 110.7312 108.9117 111.3350 108.2296 109.8706 109.0900
109.8400 113.4382 108.5263 116.2676 111.3597 112.9125 114.2626 111.9639 108.4632 107.4522 108.9795 108.1406 108.2066 107.7657 107.1968 108.1192 108.0195 106.9706 107.3558 107.6447 107.6531 111.5622 109.7361 108.4322 107.9512 110.7572 114.4721 113.7781 111.1479 109.8281 114.6321 114.7261 112.7300 111.7652 108.9060 108.7178 112.7112 109.0335 109.8682 109.0900
115.2200 110.5615 109.2564 112.2692 107.9117 111.7596 111.9914 113.3434 110.0583 108.1573 108.1548 107.6936 108.3477 112.0323 107.4342 107.7585 107.8241 106.5898 106.5556 106.6992 106.2517 106.5471 106.2389 109.0018 107.8699 107.9302 113.5784 110.3420 110.0738 108.3103 111.2124 112.4185 111.9723 110.0776 108.3716 109.4984 109.4185 109.5355 108.4473 108.7500
109.4500 108.9463 108.4151 108.9966 107.7501 110.8188 110.5141 113.1813 110.9472 106.6323 106.7587 106.3148 107.5285 107.8285 107.0876 107.5252 107.3666 107.2119 106.9479 106.9562 106.9741 108.4155 106.5081 107.1279 106.1600 109.7970 108.6202 109.5322 107.8196 110.4106 114.4686 108.2215 109.2647 107.9514 107.3435 108.1446 108.4649 111.1746 110.5531 111.8500
109.5800 109.5284 108.3091 108.4936 108.6207 112.5362 111.7467 109.6606 107.4358 105.7055 107.3778 106.7370 107.5958 106.9818 107.7215 105.5141 106.3330 107.0500 107.0303 106.1091 106.1373 106.6545 105.1869 106.0314 106.6980 108.5994 107.0436 106.5414 110.6357 106.8978 108.4396 107.5729 107.1368 107.1151 108.3782 107.6086 107.6122 109.3185 109.5374 111.8500
110.8900 110.9044 108.0094 108.1621 108.7344 106.8614 108.8403 109.4691 106.0716 105.7714 107.1043 106.9902 106.3236 106.7466 109.6572 106.1085 106.8904 107.0416 106.0868 109.5237 110.0440 107.4938 105.7775 106.3342 105.9781 107.2880 106.8818 106.4473 107.5525 109.0870 106.9223 107.7115 107.1384 107.1983 107.4080 109.6834 112.3662 106.8705 109.2065 107.6700
107.7800 109.1207 108.0277 107.1683 108.4680 107.0642 107.0835 110.4430 109.6517 107.3377 106.6204 105.7346 106.1581 106.5929 109.0387 106.7885 106.2200 105.3360 105.8690 106.5088 106.9095 103.8097 108.1633 105.6515 107.9965 106.8071 106.4262 106.3987 106.4655 107.2789 106.9328 106.7419 108.0185 108.3479 108.0639 112.6052 107.5752 107.1669 107.9598 109.0600
107.7700 109.7815 107.5378 108.1933 107.8947 107.7672 107.8448 108.5160 104.8792 105.6964 107.2725 106.8490 106.6371 105.2982 105.3568 105.6771 105.6565 104.3507 105.7293 104.5167 103.9603 109.9648 105.3215 104.1301 106.3625 106.3368 105.9633 105.7275 106.4228 107.1377 106.5606 107.5812 107.0375 107.7744 108.3163 108.5398 108.7305 108.6189 108.9385 109.2000
108.7200 108.9621 107.5890 109.0222 107.0549 107.2500 107.3116 107.3210 105.9079 105.9709 106.6606 105.7544 105.3540 104.6020 105.1286 103.9689 104.2981 103.8071 104.0528 103.3258 103.8653 104.1804 113.2636 102.3155 105.9368 105.4080 104.6356 105.1408 106.2709 106.2376 106.7748 107.0269 105.7608 107.4163 107.4786 108.0393 107.7119 107.4406 107.8080 107.9600
107.7400 108.1644 108.4235 107.3891 109.2193 106.5245 106.9272 105.7871 105.5721 105.1580 105.4039 106.1666 105.8611 105.2496 104.7489 103.4908 103.3430 103.1314 102.8306 102.7425 102.8359 103.3015 102.3097 103.0073 105.4702 105.0198 104.5553 105.7344 106.2508 105.8900 106.1606 106.3502 106.7765 107.7197 105.9998 106.7221 107.2456 107.1074 108.0841 108.1800
108.6500 107.9207 110.3728 108.3284 106.6902 106.8747 106.3530 105.5613 106.0722 106.4802 105.9317 106.2538 105.5306 104.1347 102.8419 102.7563 102.6183 102.4660 102.4587 101.9859 101.9085 102.1583 102.2267 102.4477 102.8007 102.8650 103.6924 105.1031 105.4723 105.2304 106.2287 107.0872 107.2737 107.6872 107.6798 107.1697 107.1779 107.0555 108.8535 107.8500
107.3900 107.3235 107.6765 106.7660 107.4839 107.1943 107.0658 106.3868 106.4433 105.4058 105.0286 105.0199 103.6757 102.6068 102.3666 102.0692 102.1027 101.8395 101.6218 101.1579 101.0796 101.1981 101.3927 102.0978 102.2626 102.3700 102.6767 103.0217 103.6491 104.5671 105.6004 106.7506 105.6979 107.2929 106.3921 107.8609 107.9690 107.1359 106.7374 108.3200
107.3900 107.2961 107.9067 107.4671 107.2261 106.9133 106.5169 105.7191 105.1479 104.4276 105.9673 103.1875 102.5534 102.1169 101.8346 101.4048 101.2979 100.8045 100.6499 100.3348 100.3812 100.3167 100.9763 100.9879 101.3032 101.4656 101.9563 102.5225 103.2687 103.9753 105.9193 106.2411 104.6675 106.2189 106.8519 106.4559 107.8836 107.7892 107.1710 108.6200
107.6600 108.0489 107.1073 106.9242 106.7934 107.0632 106.1631 105.0044 104.1339 105.6133 103.7233 102.5357 102.1367 101.4535 101.0379 100.8431 99.9824 99.4725 99.4473 99.2308 99.1286 99.2229 99.6117 99.5947 100.0088 100.8425 101.6684 102.0256 102.8873 102.9782 105.0144 105.6709 106.6195 105.3002 106.7113 107.0614 107.1784 107.4102 107.2417 107.7200
108.2700 107.4136 106.3737 106.9510 106.9274 106.6275 104.9487 105.9544 105.4553 103.7041 102.7515 102.2251 101.6629 100.6770 100.0629 99.5493 98.3833 98.1750 98.0941 97.6846 97.5924 97.5586 97.9055 98.9558 99.1463 100.0702 100.9772 101.3937 102.3324 103.0407 103.6341 105.7263 105.5528 106.6400 105.6243 105.9852 106.8882 107.1869 107.5274 107.2600
107.6000 107.8177 106.3799 106.2015 107.5086 104.7790 105.6215 105.2645 103.4990 103.0260 102.5620 101.6863 101.1045 100.5105 100.0421 99.0423 98.1558 96.9636 96.4774 95.3039 95.4101 95.4216 96.4470 97.1048 97.8795 99.0494 100.4114 100.8648 101.6112 102.7918 103.1187 103.6662 104.9585 105.2876 106.5052 105.3804 107.1987 106.8244 106.9870 107.9000
108.5000 107.6899 106.3685 106.6720 106.3214 105.9263 104.5020 105.0456 104.3210 102.7372 102.0671 101.3604 100.2588 99.5490 99.3054 96.9836 96.1836 94.8988 93.3375 92.6282 92.6477 93.7355 95.0036 95.8062 97.4470 97.6764 99.9833 100.1194 101.2289 102.2217 102.9138 103.1495 106.0307 104.6509 106.4683 107.0096 107.2575 107.5674 107.1651 107.9100
107.0100 106.7898 106.4276 107.0412 107.1971 105.4454 104.5413 104.3030 103.1368 101.8814 101.6010 100.7713 99.6827 99.1529 98.6619 95.3908 93.9153 91.8499 90.1234 88.8407 88.9585 90.9811 92.9959 94.7362 96.2481 97.1822 98.3900 99.5999 100.8788 101.8135 102.6988 103.0005 103.5647 104.3232 106.0126 106.8188 106.9472 107.5624 107.0232 107.7800
107.7200 107.4227 106.3045 106.5426 105.8754 106.5491 106.2076 103.4639 103.2021 102.1927 101.3687 100.2337 99.0059 98.6628 96.7192 94.1766 92.3335 89.4518 86.8969 84.7984 84.9310 86.6227 89.4047 92.1283 94.3611 96.3835 97.4698 99.3607 100.0194 101.4302 102.2455 102.9775 103.7745 104.3189 105.3675 106.2535 106.6664 107.8911 112.7317 109.2800
108.1800 106.5343 105.9414 105.6375 105.5701 106.9984 103.8401 103.5482 102.8740 102.1551 101.1038 100.3170 99.0864 98.1798 95.5111 92.7901 89.3605 87.0873 82.5269 77.7240 77.8315 82.1360 86.1270 90.7282 92.3883 95.2064 97.2513 98.6173 99.7763 100.8607 101.9910 102.7188 104.2834 103.5684 105.7420 106.5279 106.7562 109.4442 110.2163 109.1400
106.8700 106.7237 106.0989 106.0697 106.7481 106.7158 103.9386 103.6154 102.7099 102.0557 100.7503 100.1134 98.6231 97.4350 95.9673 92.5078 88.6851 84.3234 77.1906 68.8305 67.8665 76.5801 83.9691 88.5703 92.3803 94.8641 96.7121 98.5334 99.9260 100.9977 101.9224 102.3413 103.3689 103.9979 105.5524 106.2993 105.7045 106.0483 107.2778 110.7000
106.6100 107.4090 106.0274 105.3050 105.9985 106.2043 103.8773 103.5788 102.6846 102.1131 100.4901 99.8231 98.3739 97.2280 95.9020 92.5756 88.6564 82.4400 73.5630 62.8772 61.3741 71.2614 83.1335 87.0873 91.2438 94.0320 96.3814 98.4232 99.7505 100.9589 101.9332 102.4258 103.3307 105.1674 104.6899 106.8002 105.7466 106.9011 107.7197 107.9200
106.6000 106.9222 106.4675 105.6234 105.7205 105.1441 103.8910 103.4800 102.6679 102.1014 100.6350 99.8845 98.4638 97.0954 95.7808 92.0826 88.7627 83.8513 74.1284 63.4912 65.0043 75.6136 82.7931 87.3580 91.1768 94.1954 96.6599 98.4444 99.7446 101.0984 101.9175 102.4541 103.6279 104.9940 104.5644 106.3539 105.5844 105.5333 107.3188 106.4500
107.6000 106.6350 107.0003 106.8227 106.4019 105.8376 104.5075 103.4686 102.7418 101.9986 100.9536 99.6628 98.9490 97.4334 95.7584 92.2503 89.6614 87.2730 81.5264 76.4393 76.7604 82.5169 85.0984 89.3006 92.9988 95.7140 97.5959 99.0247 100.0501 101.1973 102.1120 102.7767 103.6824 106.1785 105.4456 105.4110 105.8531 110.9121 107.7450 110.0000
107.6000 107.2335 106.8279 107.7075 105.4909 106.7139 104.6615 103.5809 102.9906 102.2189 101.4505 100.2260 99.3368 98.6108 96.7897 94.5984 91.9519 89.8981 88.0287 84.5392 84.2072 86.2817 89.6067 92.4150 94.7204 96.8114 98.3709 99.3726 100.1817 101.4514 102.3531 102.9677 103.5589 104.5193 105.5120 105.9301 109.6108 107.2336 111.2193 105.1300
108.3000 107.5791 107.6240 107.3456 106.8745 106.1630 104.9757 103.8370 103.2184 102.4833 101.6270 100.6780 99.9491 98.7937 97.9942 96.9190 95.2890 92.4203 90.7924 90.1090 90.3291 91.0961 93.2046 94.5506 95.9940 97.3595 98.9293 99.7038 100.9386 101.8072 102.4885 103.0487 103.6842 104.0990 105.9085 105.5970 107.6766 107.5474 108.7227 109.4200
106.6500 106.6500 106.5400 106.5400 106.9300 105.2000 105.3900 103.9200 103.4900 103.1300 102.1300 101.5900 100.3500 98.7600 98.7600 98.0200 96.9500 94.5400 94.5400 92.2800 92.2800 92.0400 94.1100 95.0100 98.0200 98.9400 98.9400 100.1900 101.5800 102.1900 102.6700 103.4200 103.9000 104.2500 104.8500 106.9000 107.4700 107.6400 107.6600 107.6100
