110.4800 107.1500 107.1500 105.4300 114.8900 114.8900 114.0300 105.9400 111.9400 108.3200 112.3100 114.1300 108.0800 107.7100 107.8000 114.0400 114.0400 111.4800 110.6300 108.9800 112.4900 112.4900 111.9100 117.9400 118.6900 116.7800 115.4600 117.3000 115.6600 115.9000 113.1000 112.9300 114.8500 114.3800 113.8900 113.3100 113.3100 112.7700 112.5700 112.3600
110.4800 108.1018 106.5554 109.7834 111.1666 112.0504 114.6718 104.7489 108.2872 108.9928 112.9692 111.3707 112.3692 114.0608 113.7136 107.9280 110.2509 110.5994 110.3854 109.4612 108.7208 112.8000 116.9662 116.9153 115.9759 116.4799 115.3946 116.6720 114.0977 111.7800 111.8142 113.2865 112.4961 114.6726 114.1651 113.8162 113.3794 114.8105 113.0314 112.4600
107.7000 106.8304 106.0859 109.2212 113.6109 109.6223 109.4121 105.3674 107.1538 112.3697 109.2713 110.0792 113.7030 113.4789 115.3392 113.4949 112.7351 109.9838 110.8388 109.0285 108.9037 111.2587 115.8023 116.2372 115.1262 115.2031 116.8802 114.9509 114.3724 114.1778 115.8115 110.6268 110.6815 114.5862 114.5611 114.0722 113.3284 114.6053 112.6613 112.7800
109.3000 107.9352 105.8683 105.7608 110.1875 109.5317 106.8682 106.8040 106.0917 111.2120 109.2691 111.4134 111.8902 112.1032 114.4984 113.0486 111.5619 113.4722 109.7137 109.5290 109.5376 108.9488 109.7436 112.8150 112.5719 115.8879 116.3937 116.3795 114.2971 114.7593 114.6610 114.7848 113.4089 115.1430 114.7495 114.2151 113.8289 113.4683 113.1200 112.8400
110.0500 108.2108 106.7407 106.5223 105.9656 107.1592 107.1822 107.5608 106.1477 106.4847 111.8950 110.7972 112.9867 112.2324 112.8533 109.3145 108.4427 114.0216 110.8985 110.5349 109.1758 108.8658 109.2496 111.0314 115.9171 115.4518 116.5736 117.6172 117.6931 115.5312 114.3993 115.4335 113.0164 112.7381 114.9781 114.4072 113.6606 113.4856 113.2173 112.9100
106.6400 106.0933 104.8221 105.8006 103.1177 107.6869 107.3983 106.9542 106.4519 111.3787 107.1717 106.7115 110.1915 114.5371 109.9190 107.6785 114.3999 113.8571 110.2239 110.6670 108.0852 109.1316 108.8259 115.1223 113.0607 116.4679 115.6295 116.0906 113.8410 115.7674 115.2433 114.9488 110.9238 111.3981 114.2515 113.7406 112.5400 113.7743 113.1438 113.1900
105.4800 104.9281 104.1788 106.4660 104.9527 101.7826 105.9702 106.1583 105.0772 106.5876 105.0273 108.3913 109.9062 112.7104 106.8161 109.4998 111.5885 113.4044 111.3626 107.7904 107.8947 108.0073 108.9839 113.6717 110.5558 115.8845 116.6723 115.6773 109.1125 112.8753 114.0690 110.7334 114.6191 115.5796 114.6272 112.8710 112.5084 112.2535 113.9886 113.2600
103.8200 104.6733 102.9884 104.8989 102.8353 108.3732 104.9885 105.8127 105.8383 106.1564 105.4147 105.1315 107.0902 107.0451 107.7153 106.9732 112.4157 109.3646 107.1712 108.3063 108.7068 108.0753 109.7194 113.7302 114.3713 112.9858 110.6017 108.6315 108.2975 109.8323 110.3663 109.9985 113.2490 114.5165 114.9698 114.1587 112.4451 111.1782 111.0724 113.2600
103.4600 105.0577 105.2751 103.6624 103.1213 105.2610 104.6918 105.4461 106.1793 108.3614 106.4473 105.8484 106.6240 110.5741 109.8473 105.3446 108.5394 107.0910 107.8476 108.1602 107.3214 107.8407 110.6337 114.3954 109.0949 112.7661 107.7500 107.2561 109.5110 111.6392 109.6589 108.4158 111.0910 115.0856 113.3947 113.1637 112.9328 109.5754 110.9228 110.6000
102.7200 102.3118 102.1171 102.3729 102.4806 103.0290 104.9902 104.1787 104.7858 104.7959 105.9598 105.2461 106.5152 107.1089 105.8342 106.2365 105.9333 106.9182 107.3409 108.4604 106.9426 111.6823 114.5792 114.6482 106.3445 113.1905 107.4655 108.7505 109.3583 109.5234 109.6814 108.3000 110.5143 112.4742 113.1029 113.9793 113.1525 109.7954 110.3179 110.4200
101.8800 101.5944 101.5600 101.6466 101.8382 101.8775 102.2895 102.4197 104.2084 103.5798 104.9942 104.3351 103.5618 106.0603 106.9008 106.9650 106.8675 107.4611 107.2324 107.5854 107.1823 109.6273 108.2878 114.3353 107.3714 109.3646 108.9600 108.6461 109.0092 109.9754 111.4420 108.6597 108.7841 109.6973 110.0422 110.0090 110.9662 111.9587 112.6939 111.9500
100.9500 100.5728 100.6014 100.9869 101.0780 101.1489 101.2812 101.9624 102.1768 102.8254 104.0419 104.7774 104.2017 104.5319 105.8357 104.7255 107.0745 107.3522 107.2917 107.5640 107.2364 106.3629 109.1776 108.1206 107.9706 107.7947 108.3093 108.2953 112.1230 114.6465 112.1129 110.1764 108.2249 107.9879 108.0629 107.9015 112.1025 112.6142 113.4108 113.8000
98.7900 99.5147 99.5320 99.9710 100.0922 100.6158 100.4350 101.1161 101.8083 102.3522 102.8269 102.7308 104.2322 104.4844 104.9058 106.0851 106.5089 107.0006 106.2232 107.2670 106.7342 107.9185 107.3037 108.3992 107.7414 107.9362 109.5102 112.0445 112.2283 111.9178 111.9106 109.1423 108.7923 108.3472 108.2116 108.2093 110.8625 112.2402 113.2033 113.5300
98.7900 98.4504 98.4342 98.6390 98.8029 99.5558 99.7484 100.4887 101.1750 101.7158 102.4797 102.9093 104.4674 105.3887 106.9724 107.9710 108.1751 105.8974 105.5623 107.7867 107.1151 106.8347 107.9338 108.3307 110.4474 107.7749 109.8027 111.0732 108.2776 110.8027 109.1933 109.5090 109.6845 108.5626 108.2122 108.9902 108.6576 108.7314 112.1149 113.5500
98.5700 96.8490 96.6663 96.9354 97.2703 98.3231 98.6246 99.9444 100.6178 101.0954 101.8715 102.4513 103.5341 105.0319 108.4688 111.6771 110.6993 106.5892 106.9351 106.7033 106.2640 107.1889 107.9813 107.9321 112.5344 111.0132 109.1556 109.3820 111.6023 113.4528 113.4268 108.6646 107.9526 109.2891 108.5142 108.7644 109.4497 108.2569 108.6910 109.3000
96.3400 95.1627 95.5449 95.0895 95.3854 96.9398 97.7841 98.6214 99.3666 100.5743 101.3511 102.1676 102.4854 103.0671 104.2632 108.0488 104.8981 106.5992 107.2402 106.6723 107.1050 107.3052 108.0600 108.4032 107.8769 111.2734 110.8227 111.2094 112.7583 113.2825 115.5812 108.7477 109.8209 108.7317 108.1483 108.2417 110.2871 109.6893 109.9983 110.5200
92.9000 91.2472 91.1347 91.9026 93.0911 94.9485 96.3892 97.1947 98.4663 99.7547 100.6948 101.4399 102.1443 102.9171 104.9226 104.3726 105.8461 106.3834 107.2351 106.8856 107.3390 107.7313 107.7490 107.4413 107.7031 107.6096 109.6404 112.8568 110.2611 111.7792 116.9225 109.6231 109.2218 108.8839 109.1148 108.8862 110.1705 109.8787 108.9809 111.7100
90.3200 87.3525 86.7313 87.8190 89.5522 92.4943 94.2015 96.2125 97.4248 99.2321 100.4768 101.1413 101.9869 102.9473 104.5668 104.5906 105.6380 106.1582 107.2497 107.3993 107.5691 107.4955 107.3558 107.3169 108.6582 112.3403 113.8400 113.9093 114.4074 112.1627 111.9002 109.4502 107.3925 108.1920 108.0041 109.4980 110.8546 113.0055 109.0831 110.7000
82.7300 82.9797 80.5569 82.3062 86.2131 89.9104 92.4331 95.1873 97.6332 98.7947 99.9552 101.0360 101.5128 102.0986 104.6156 104.1213 105.2358 106.1784 106.2663 107.2991 107.1217 112.2727 107.1740 110.7722 114.3371 114.9770 115.8303 113.4090 117.6671 110.6989 113.0003 110.0738 108.1525 108.4932 115.2019 113.4894 112.6495 110.9268 108.9222 109.0100
80.2900 75.0702 72.1159 76.2689 83.3225 87.3576 90.7328 92.9623 96.6044 98.0172 99.7414 100.7034 101.5299 102.3415 103.0587 103.7000 106.2286 106.2032 106.4156 107.1025 110.8631 107.7725 106.5588 111.1734 113.3286 114.1874 115.5093 115.3271 111.0753 109.6688 111.2789 111.5320 107.1247 117.0441 115.7487 114.2541 114.6458 113.2154 112.3653 112.2900
72.3600 69.6500 64.0963 65.8768 78.3525 84.5076 90.2977 93.0948 96.1128 98.3009 99.3415 100.6403 101.6325 102.3523 102.8004 109.8301 104.9370 105.7923 105.0606 105.9145 109.1037 109.4276 107.1585 110.8004 113.8344 110.6895 112.2883 114.3122 112.7355 111.6310 115.2574 107.6951 109.8389 113.4101 114.5128 115.1125 110.7804 111.1216 112.9969 115.1300
72.2500 69.7607 63.9476 66.0355 78.8825 84.7254 90.2194 93.1480 96.1215 98.2687 99.3794 100.6485 101.6090 102.4238 103.7543 109.3669 105.0420 105.6329 104.8072 105.8168 109.8006 109.9799 107.6718 105.9555 113.9653 110.2440 111.2868 111.9080 113.0770 112.4970 114.0870 109.4545 111.2020 115.1888 113.7406 107.8939 110.5550 110.8718 113.3394 115.1300
80.1700 75.6321 72.0940 75.6441 82.2715 86.7986 90.5344 94.1623 96.8503 98.0134 99.7954 100.5821 101.6783 102.3352 107.0674 105.4359 108.2371 105.8687 104.7199 105.6535 106.7741 112.4326 111.0166 106.4478 112.1822 114.1163 113.2891 113.2013 115.0925 116.6985 117.5097 115.6791 119.0436 116.8523 112.4373 109.6592 109.6155 109.6373 111.0845 109.2800
90.5600 84.2691 81.8306 85.8221 84.6942 89.0490 92.6604 95.2609 97.2321 98.5214 99.5488 100.7320 101.8288 102.4827 105.2781 104.9587 105.0398 106.1955 106.0690 107.0672 106.3083 106.1099 105.9970 110.5800 109.7491 110.1921 110.8058 112.0638 111.1231 117.0850 118.2122 115.2342 117.3828 118.6246 118.6515 115.7176 114.3540 111.1847 111.0021 109.7100
91.1800 91.0243 91.5124 87.4030 88.2427 90.4164 92.9063 96.2887 97.6937 98.7265 99.4726 101.1645 102.1439 102.6170 105.7792 107.3025 108.7110 106.5185 106.8269 105.9292 106.7680 107.3095 107.3109 111.3525 112.1926 108.3845 108.9758 107.7203 112.0901 111.1971 113.8336 115.1732 114.1113 116.3287 112.9795 114.7697 110.7974 114.2343 110.8597 108.5500
93.6300 91.6791 90.9318 91.4233 94.3177 93.8806 94.8441 96.2382 98.6712 98.9992 100.1575 101.2113 102.4908 103.2331 105.2897 106.1824 107.6526 109.7832 108.1659 108.6560 107.6580 105.7527 110.7959 106.8394 107.3851 108.2013 108.6474 108.8615 110.3249 113.9447 110.2975 112.5523 110.7747 114.2168 110.0905 109.2019 110.8616 110.5179 111.9476 109.9600
97.1400 94.9245 93.6226 94.8103 95.0484 96.6641 97.1280 98.2460 99.7073 100.1902 101.2474 101.8542 102.8911 103.9478 105.6814 104.8502 106.5352 109.0009 105.5198 107.3773 107.0751 108.5905 108.4063 110.5253 114.0070 110.3227 109.4032 107.7683 112.0678 111.2682 111.0089 114.5077 109.3563 115.1111 116.2119 109.5259 110.6954 113.5812 110.8132 113.3500
97.1400 97.6330 97.2285 96.8723 98.1425 98.6116 98.2880 99.3593 99.9854 101.0748 101.6988 102.3966 102.8030 104.5665 104.3565 106.1247 106.9338 106.4379 106.5219 106.1725 107.2452 108.4414 107.0178 112.6944 106.9498 107.9460 113.8517 109.2713 115.9851 108.4926 111.0997 110.8840 113.2361 115.4594 115.8003 109.6092 109.3429 110.1105 109.6996 116.1500
99.8100 99.1456 99.7971 98.7666 98.0064 100.2015 99.7149 100.3298 100.5778 101.4611 102.2899 102.6433 105.3779 105.2637 105.3412 106.8061 105.3337 106.0934 106.8773 106.9671 106.7730 106.6309 109.7649 107.7701 107.7109 106.7837 109.3505 108.0962 109.3849 111.3244 112.1736 114.4179 115.2503 117.4795 111.5839 110.2795 109.6563 108.8088 110.6652 114.5800
100.6700 100.2166 96.0774 99.7151 100.2523 100.0208 100.9304 101.3351 101.7613 102.3797 102.8243 103.8368 104.7313 105.3212 106.0522 106.8321 105.5358 105.9103 106.9494 107.3769 107.4724 107.9822 108.0026 108.8204 108.8147 108.8514 110.2171 109.1012 108.5415 108.3228 110.3158 111.3174 110.2271 109.9238 108.6439 108.1867 109.1168 109.4689 111.6183 109.7400
95.1400 95.1098 98.1436 101.1932 101.7611 96.8641 101.6797 102.0339 102.1742 102.8010 103.3841 105.7513 106.2914 106.3504 106.7541 106.8292 106.9665 106.1467 107.4821 107.3294 107.7242 107.8684 107.9199 108.8865 109.5324 107.1198 109.5719 108.8706 108.9299 109.6692 113.0463 108.6823 110.3158 111.4599 110.9697 112.4037 112.3061 111.0820 108.4359 109.7800
102.2400 102.5630 102.4650 102.3021 102.2271 102.7744 102.2114 102.4864 103.4699 103.6000 105.1876 105.3830 106.3443 105.2529 106.3596 107.5308 106.5980 106.3835 107.6282 108.0317 109.0754 107.5604 107.4910 108.9746 109.3334 109.1388 110.2895 109.4659 114.3953 110.8014 114.9238 109.7056 110.7998 112.6369 109.3383 111.0243 110.8454 111.1501 109.6785 109.3500
102.8500 102.7458 102.7839 102.8329 102.8765 102.9615 103.1943 103.4360 103.4306 101.3017 106.4824 106.4721 106.8290 106.5064 107.3351 107.6329 106.1949 107.5742 107.3980 107.8677 110.3897 109.0759 110.1004 108.8189 108.4920 111.3038 114.8575 111.2432 111.8202 108.8065 113.9910 109.7248 111.4600 111.7819 109.9434 109.1591 108.0313 110.8791 109.8571 110.5800
103.4300 103.4662 103.3992 103.3135 103.8197 103.6200 103.9979 104.0002 106.2506 105.2795 106.6381 105.4315 105.7897 106.0290 107.0316 105.9860 107.5330 109.0933 107.8051 108.1071 108.2905 112.3985 114.3345 112.1982 108.6231 114.5552 111.7233 110.9327 110.5507 108.8265 109.1072 110.3854 111.0126 110.7933 112.4059 110.8628 112.3489 112.6599 109.0813 109.9100
104.4600 104.0507 103.9719 106.2678 106.4436 104.7755 105.2438 105.7155 105.2677 105.5584 105.8717 106.4507 106.2876 105.8805 107.8257 107.0132 108.4411 109.3827 110.0482 108.3406 109.1056 108.3728 113.2120 112.1193 113.2262 112.6671 109.3370 109.5027 111.9154 108.9101 112.1792 110.4386 112.0502 111.9555 108.8994 109.3288 110.3991 111.7402 115.9833 112.9600
105.5000 106.2580 106.7981 103.9417 106.6248 106.0541 105.8717 104.9026 104.0482 106.7746 106.6529 107.2540 106.9461 106.2376 108.2506 106.6838 108.0944 108.3728 110.7367 111.3352 109.9799 112.4421 109.5930 107.3289 111.7506 113.0800 111.4689 111.3869 109.4105 110.2252 110.6137 110.5981 112.5290 110.0931 109.5860 109.9195 108.3135 111.6066 112.1027 109.9200
106.6700 105.8595 106.4770 106.7487 107.0434 105.3697 106.2336 107.0287 107.0529 105.9554 106.8311 107.6880 107.6443 106.8936 106.8657 108.6276 108.7148 108.5989 108.4947 111.5073 112.0031 111.6027 108.2631 109.0734 111.3583 113.6610 114.3109 115.5737 109.8835 110.8982 109.5905 112.5255 110.7297 111.7579 109.8980 110.9493 109.4021 111.6028 109.7132 109.3000
105.6800 105.2752 105.3757 107.4265 106.5149 103.8221 106.2243 106.6359 106.9537 107.3041 107.3222 107.8850 108.0083 107.5821 107.5828 108.1192 108.2296 108.5171 108.9849 109.4223 110.4688 111.4492 114.1110 109.0731 108.6366 115.2035 115.7369 111.4277 112.7722 111.8250 114.1688 116.7299 112.5044 116.1307 108.4983 109.2461 110.0827 110.2648 109.9252 110.9100
106.3400 107.2415 107.6999 107.6455 107.1389 106.3103 107.0023 106.7392 106.7350 108.0197 107.8552 107.6497 107.6146 107.3178 108.3129 107.9739 108.6593 108.8841 108.7967 109.3698 109.0026 109.3696 117.2973 112.1654 107.3658 113.6532 115.6017 109.3951 113.8407 115.4395 115.5260 111.4953 113.1244 114.4232 109.6891 110.0159 109.5564 109.5992 109.8889 110.3200
106.3400 105.6400 107.8000 107.0700 106.9600 108.0500 107.2600 107.7500 107.7500 108.3200 108.3200 107.2800 107.3500 107.1200 108.6900 108.9000 108.9000 109.3200 108.9300 108.9300 109.1900 108.7900 108.3400 109.5000 109.4300 114.4700 115.1700 110.2200 109.9400 113.0600 110.8600 110.6900 112.4300 109.0100 108.8900 109.5800 109.7300 110.8900 111.2300 111.2300
