113.8400 117.3000 117.3800 109.8500 113.8000 106.8600 103.4100 107.8400 110.4300 105.6400 105.1800 101.8400 101.2900 99.7600 98.8800 96.6200 95.4400 93.6000 87.7600 84.1700 72.6000 72.6000 72.7900 79.7700 84.2000 87.7900 94.4700 95.4500 97.8600 98.8900 100.5300 101.7600 101.4800 108.2100 111.2600 108.3600 106.4300 104.0400 103.5100 104.7700
112.4900 109.2013 108.9674 111.2020 106.6973 104.2359 109.3017 104.6041 108.0300 109.3252 103.9663 101.9533 101.2177 100.0448 98.7306 97.1182 94.9529 92.4350 87.6869 82.2215 72.4376 65.3744 65.9530 73.5931 82.8959 88.2881 92.7648 95.5286 97.2890 98.8874 100.0130 101.6558 102.0622 108.8617 114.1910 109.4262 105.7948 103.8733 103.1871 104.3700
110.1400 113.6345 108.5779 106.7437 106.2440 110.5967 107.5199 104.6712 106.4382 108.7667 104.4545 101.6342 101.5255 100.0515 98.8156 97.2543 95.1479 92.7858 88.3512 83.2985 75.1243 69.1299 69.1434 76.5130 83.8105 88.8930 93.0857 95.3834 97.4410 98.9712 100.1278 101.6039 102.1808 109.1411 114.1812 109.2936 106.2118 106.3999 103.4101 104.6300
107.5300 106.3576 107.3761 105.8757 105.8454 103.7984 108.1578 107.6034 104.7972 107.9858 110.2225 100.8554 105.3942 100.0452 99.1614 97.6821 95.6996 93.6283 90.0541 85.8376 81.1190 76.9296 77.2156 81.9410 86.2760 90.3495 93.5197 95.9742 97.8088 99.2025 100.3666 101.0626 102.8656 110.3534 113.9079 108.7018 105.3229 105.0557 103.0477 104.4400
109.1400 106.9077 108.8464 106.8402 110.1751 104.3874 103.8328 109.9541 113.6986 113.3414 105.5100 103.7134 104.1207 100.4579 99.9191 98.3956 96.5858 94.5281 92.0222 89.0494 86.2203 84.3106 84.5380 86.4734 89.4397 92.3602 94.8350 96.7915 98.3331 99.5364 100.6608 99.6986 103.7316 112.9925 113.2012 107.7648 104.9851 103.2768 103.5760 104.5000
106.3100 107.8148 107.3698 108.3975 107.1500 105.1401 108.9167 108.8487 111.5233 110.7569 108.1834 103.3090 102.9320 101.1747 100.1226 99.0286 97.5412 96.0176 94.2085 92.2347 90.4200 89.2664 89.3479 90.6007 92.4344 94.4226 96.1927 97.7047 99.0025 100.0696 100.2510 100.2028 106.4485 114.6606 111.9695 106.3905 104.0958 102.7838 103.7455 105.7600
106.7100 110.1562 108.9100 106.0280 111.6115 105.6025 111.8003 102.1961 108.7898 110.4762 103.9035 102.3200 100.8662 101.4465 100.6714 99.7856 98.5056 97.3575 96.0867 94.7875 93.7111 93.2020 93.0897 93.8302 94.9522 96.2274 97.4921 98.6604 99.6901 100.7509 99.3527 102.3896 110.0823 114.8385 109.6739 105.3910 103.4523 102.6960 104.0990 105.8000
111.0400 109.4487 105.7440 105.8706 108.1454 106.7473 108.4233 105.0760 109.0752 104.3781 105.0640 105.0918 104.3287 102.2692 101.3779 100.6508 99.5614 98.5945 97.6808 96.8124 96.1109 96.1488 95.9080 96.1958 96.8972 97.7658 98.6829 99.5096 100.6651 100.2779 100.0547 106.5046 113.3061 113.7661 107.4283 104.5429 102.8839 102.8054 104.7830 106.0400
112.3500 105.5523 110.3527 107.4446 105.4581 105.7659 104.5666 110.4145 110.0496 104.4414 108.9568 105.3187 105.6110 106.5476 101.8244 101.1809 100.2244 99.7074 98.9318 98.4489 98.2403 97.8914 98.1368 98.2021 98.4667 99.0556 99.7508 100.6723 100.0493 99.9406 103.5584 112.3079 114.0861 110.2705 105.7338 103.7180 102.4785 103.8052 105.4872 106.2000
111.3600 110.9720 110.5246 109.3082 105.8912 110.9065 107.6739 111.8699 110.2575 110.2440 106.6154 105.8626 104.7980 105.3325 107.8897 109.9912 100.2995 100.1018 100.1002 99.8427 99.4988 99.3774 99.3554 99.7016 99.7541 100.1622 100.6116 100.0637 99.5084 103.5345 109.8656 114.9783 111.6203 106.9414 104.4822 102.9650 102.7995 104.5043 106.3488 108.2000
110.3300 110.2356 113.2948 108.4464 115.7761 109.3019 106.7697 111.3307 108.5354 106.8565 104.5648 107.6989 103.5305 108.0903 103.4371 103.7793 99.3902 100.7187 100.8444 100.9222 100.5256 100.3695 100.3161 100.5765 100.7479 100.4764 102.5043 100.8912 103.6414 110.6093 114.0514 113.7693 107.7552 105.0555 103.4563 102.5857 103.7207 105.4526 107.3609 108.6100
107.9200 107.0975 113.0910 112.7355 111.4073 110.7885 106.0764 111.9633 107.8541 105.4897 103.6094 109.4523 104.0033 104.6706 102.3826 103.3223 101.4495 111.4015 101.1840 103.3474 102.6645 101.5740 103.8896 103.4109 101.2981 100.2978 100.0937 104.1629 113.0686 113.9383 112.0367 108.7592 105.3513 103.7339 102.5934 103.1224 104.7899 106.5198 108.5446 109.0700
111.7800 115.4763 114.4237 115.7435 111.7330 112.0837 111.2602 112.2024 105.9169 105.5407 109.1160 105.9445 105.5682 105.4297 109.6371 107.7888 102.3951 103.4495 102.5808 107.9163 103.5128 102.0646 90.6353 111.5420 110.5683 106.6347 105.1274 103.2819 108.5767 107.3715 115.0804 110.8034 103.4531 102.8109 102.8914 104.3658 105.9473 107.9371 109.7757 111.3800
113.1300 113.9688 113.0333 115.1167 105.9727 106.0603 113.1424 112.2984 104.8622 107.7420 109.2967 106.3671 110.6274 106.3388 112.0675 111.6923 107.7111 107.3851 101.2437 105.9346 104.0484 106.7890 103.8330 105.9195 113.9368 110.0304 113.7306 108.2283 107.0812 115.1765 104.5875 106.3759 103.0028 102.6614 104.1618 105.6804 106.9819 108.0503 109.1149 109.0600
113.0700 115.9506 108.7048 112.6269 110.5683 111.6728 111.7357 107.3245 109.1156 105.4130 105.1774 108.7722 109.6442 111.3133 107.6131 108.8978 105.6972 105.1325 99.8122 103.3955 106.2290 107.0498 111.2292 110.0993 104.0613 115.1761 106.7655 111.9546 108.1128 112.1473 107.9094 103.1717 103.5717 104.5619 105.4678 107.2625 106.4197 107.1156 107.2607 111.1100
112.5600 115.6372 113.2296 114.5061 108.2272 107.7049 108.2965 108.6168 109.8892 105.5556 108.6412 108.3215 113.6975 105.4736 106.6031 100.5117 104.6902 103.5615 105.4071 106.7280 109.9187 112.3136 108.6355 109.7251 109.4686 109.8288 111.4873 108.0302 104.3206 104.1228 107.6260 105.1384 105.1999 106.2600 107.5930 108.4709 111.2361 113.6361 113.3619 114.5100
112.5600 114.6306 111.0441 116.2295 106.5402 109.8349 110.1037 108.1528 107.8729 108.8520 105.0485 108.9195 108.2261 106.8663 105.9629 102.8598 105.0640 104.0787 105.3277 105.8924 112.3658 111.5163 108.8092 107.5720 111.2624 109.3411 113.0544 109.5066 106.8836 114.9283 110.8548 105.1010 110.0464 107.0605 109.6445 104.9855 108.2279 113.4621 116.0943 114.5100
108.5200 113.1243 107.2962 111.1658 103.7902 108.3117 106.7991 109.8609 109.6605 108.1348 108.1765 108.8906 110.1624 106.3536 106.1986 106.7357 106.2370 104.1469 106.7203 106.8741 109.6962 110.3939 111.7894 111.6003 105.8117 106.6400 107.5251 110.3966 104.9532 105.9654 107.7855 104.7492 110.4474 114.2013 116.6340 106.2410 105.9215 108.8695 110.5215 107.3300
113.8500 115.4670 105.7742 111.9761 109.4085 113.1421 114.2932 113.0316 116.9197 109.7310 107.7500 110.9873 110.2491 105.7452 106.8715 106.3760 107.4707 107.4425 106.6677 105.6052 109.8347 106.1258 109.7500 103.5013 110.1108 107.4688 107.1035 108.5971 108.2734 106.6957 109.5470 110.5336 114.3811 112.3566 113.5576 109.7057 107.1907 106.4334 111.2335 107.3300
111.9700 109.7755 109.2749 113.5448 110.1421 112.8123 111.8052 108.3278 112.8578 108.2762 104.5177 114.4115 110.8198 110.5080 105.8973 106.7559 106.8799 106.7736 107.2108 106.4390 109.8974 105.3863 105.8988 105.1842 111.8620 111.0778 107.9096 111.1137 106.1891 105.3392 107.7508 110.6307 114.2887 112.7475 110.9462 109.4843 111.7462 110.2172 110.3621 111.5800
106.4800 111.1223 113.4702 115.6636 106.3394 108.7909 114.3154 115.2041 114.6366 102.9828 108.6096 118.6807 112.6441 114.6329 109.2475 106.8562 106.6143 108.3412 107.6354 112.5154 111.8790 107.0141 107.5415 108.5612 105.2308 108.0451 111.3381 110.5743 107.7413 111.7948 113.2114 112.9759 107.4861 110.0005 104.7626 105.4435 104.6703 104.8391 111.4920 108.8200
115.0900 113.6367 114.5818 108.9714 113.4105 115.6128 115.7051 114.4187 106.8560 108.3862 113.3162 115.4953 108.7861 110.8902 107.7955 107.9745 107.4585 112.0706 107.3024 114.4701 109.3856 108.1240 105.0523 110.4386 108.4192 107.8735 109.6980 111.7168 109.3743 112.8483 110.8079 109.2800 108.1147 102.5797 107.8203 103.3385 103.5715 102.0888 111.0092 111.2400
107.7500 111.9894 108.8207 106.1644 105.9314 113.7272 113.9632 113.4964 107.6032 108.8487 115.0726 113.4109 111.6651 108.3143 109.9122 107.4808 110.6985 113.3052 107.9107 114.5799 109.1582 108.1921 107.1477 108.4769 105.5121 107.6641 107.9159 107.9095 107.6298 111.5302 110.1847 104.1554 101.5793 102.2187 115.0279 110.8910 104.6075 108.3993 114.7940 112.8900
116.2300 108.7033 112.3357 109.0065 108.7444 107.5947 112.4721 115.1344 109.8934 117.1851 115.8226 109.8575 106.9879 107.3690 107.5896 102.7459 105.0949 109.2223 109.4569 115.7937 117.9823 117.1705 109.1234 113.0791 109.1908 111.5992 108.3284 110.0120 106.4639 109.0705 99.9006 104.1237 103.0883 106.1854 108.5224 103.3055 105.7701 105.6120 114.2675 116.1800
109.0500 115.6721 108.4376 109.5018 109.4507 107.9824 110.9518 118.8173 116.7746 115.0530 112.7184 109.6398 110.7451 106.7702 106.6213 104.1749 106.4084 103.8238 109.0701 114.7342 111.8591 112.1187 114.6344 116.2580 113.0165 113.0214 116.6131 106.6459 104.0814 101.8064 106.3175 104.3285 104.9129 102.7505 109.6329 110.4668 108.7310 107.5031 112.4576 116.0800
109.8900 109.2296 108.5312 108.3028 110.7387 109.2660 112.1450 114.5691 112.6430 109.0079 115.2822 109.9683 109.3576 105.7144 110.6723 105.0705 107.9407 110.0753 108.0156 114.4772 115.1335 115.5135 111.1675 114.0143 110.2002 113.8829 116.2015 111.3312 108.7821 109.9111 114.5102 105.1642 105.3923 105.4882 111.4356 113.0750 114.0655 111.7187 111.0037 110.3200
110.1200 110.4982 108.2248 109.1431 111.3019 110.6588 112.1873 114.0241 112.1969 114.4704 108.9084 108.3957 109.1975 107.9477 108.4273 109.3319 110.4042 109.1177 109.2154 112.6560 117.0348 115.7055 106.7714 112.3416 112.1377 112.8382 113.4739 111.4379 112.8257 108.9116 115.0787 108.6624 112.7683 105.9832 106.9622 111.3518 113.3142 113.0643 114.6061 113.4200
108.7900 110.7106 109.5806 112.4577 113.5825 113.9536 107.5202 111.1058 112.5593 113.9602 107.5527 105.7790 106.0722 108.4020 107.9597 112.0216 112.1567 106.7947 109.4352 112.5044 113.2769 110.0983 112.7831 113.7028 116.6163 114.1737 111.3493 111.6226 114.2091 113.0649 111.0873 112.2417 110.6924 108.6465 108.3208 110.2203 111.5772 112.7527 111.7841 113.4200
108.7900 112.3929 110.0181 110.2907 115.3055 117.2020 112.4085 109.4360 110.6020 113.1832 109.2623 109.6145 108.9546 106.9258 105.6355 112.0809 107.0410 110.0937 112.9015 111.2817 117.8920 111.9903 111.5295 114.2091 109.2802 111.1624 113.4599 109.5067 114.4400 115.1025 111.6542 113.6660 110.1348 114.7698 114.4983 114.8362 109.4799 111.6134 110.8252 108.2200
113.4600 118.3711 111.1409 115.2155 111.3451 118.6867 111.7639 113.5527 114.2175 110.3042 112.4550 110.9420 108.8417 107.6269 110.0758 107.9462 110.9457 110.7820 113.3510 117.9331 113.2519 108.8440 108.4014 114.5202 112.4855 112.8134 116.1726 111.6653 113.3108 115.0267 114.4904 113.8231 115.2395 110.4472 111.1659 117.3544 110.6244 111.3677 112.1429 115.3300
114.5000 120.5750 117.0550 118.5963 118.9709 111.7409 113.2325 111.5461 112.3402 111.9496 113.7707 109.1943 111.6411 109.2795 109.8031 109.6516 112.4070 113.1638 115.9870 116.1184 113.4847 108.4263 109.2857 106.4095 110.9659 109.9269 115.9372 111.3060 114.8860 115.2630 116.1462 112.1312 114.7893 112.5833 112.1749 112.9215 114.0757 110.5782 113.9060 116.8900
116.3100 115.1923 119.1603 118.2345 118.7686 109.6886 113.5091 118.9056 114.1133 112.5739 114.0718 113.4215 114.0334 110.1890 113.0588 107.4411 112.0935 110.2902 113.5686 117.8201 109.4411 111.2431 111.1533 105.7581 114.6502 109.4588 113.9479 112.5471 115.2755 117.7566 115.1743 115.6380 115.1844 116.1061 109.9911 109.4168 110.7053 110.9919 114.4213 114.7600
117.0900 114.9560 118.1144 114.0565 114.2913 117.7238 122.0999 117.6255 115.5692 113.3132 115.4324 111.3027 110.1243 111.8416 111.9055 111.3142 112.0822 109.8478 112.3941 119.7730 110.6010 111.9656 110.3395 107.7971 114.8708 111.6790 109.4568 115.7629 110.9095 113.2168 117.1250 113.4708 108.9933 116.9690 110.6040 109.8896 115.1909 111.6730 113.6722 112.4000
113.8000 124.5633 118.3180 115.9634 117.8064 119.0211 120.1249 118.9589 115.5936 116.5810 112.5713 110.4766 111.7317 112.6151 109.9319 112.8038 112.5408 111.8912 116.8563 122.1947 111.2926 111.0517 110.9214 110.0866 111.2746 112.3338 110.0083 108.8789 108.8355 108.1818 111.4652 115.7978 111.6738 113.1331 110.4016 110.4440 110.6063 108.6275 111.3705 115.5900
116.5200 121.4095 118.6678 118.6027 120.9750 121.3585 123.1781 115.1661 114.0877 115.5039 113.2255 113.3839 116.5684 109.9329 113.6796 113.4984 112.8921 115.5773 116.2103 114.1856 111.1395 112.9139 111.2757 112.3777 110.8602 113.2286 112.9409 110.8334 112.0189 111.0958 110.2162 110.4728 111.0698 113.5196 110.5115 112.8335 115.9973 110.9643 112.4240 112.0200
116.5500 118.4023 119.3787 122.8764 123.0387 123.4865 118.0459 119.7471 117.8092 112.7549 109.8270 113.5691 112.0529 110.3106 116.1767 115.4684 114.4579 113.3927 111.8719 111.5244 114.3823 114.1979 111.1839 112.1003 112.1527 113.1197 111.8216 112.3689 113.4081 112.0150 111.3823 111.9126 112.6762 116.4471 111.1227 110.6505 113.8888 110.3510 109.2751 113.0200
118.6800 120.5950 116.5353 121.7741 122.6526 122.7404 123.3982 120.7819 119.0475 112.6761 111.0664 110.2908 114.0826 112.6909 111.1226 113.1630 113.8635 113.4319 111.9227 112.2222 116.2794 113.5483 111.9224 112.9457 112.0712 110.4728 116.1467 114.3519 113.8551 113.9092 111.8223 114.0547 112.4065 110.6189 123.2571 116.0635 112.7065 110.0753 110.0718 113.0200
119.7900 120.5292 119.0877 115.2353 120.4752 122.6520 120.5008 121.7063 118.1545 113.7156 114.0043 111.9943 113.4765 113.6525 112.6342 111.8543 115.4348 115.6024 114.0205 115.2353 116.3913 111.9311 111.6038 113.0368 112.2773 113.9437 115.9890 115.9295 115.1072 113.0521 113.9607 114.1044 116.8626 120.7991 121.0290 116.9069 114.8842 115.9264 117.0053 115.9200
124.9300 120.0670 117.2306 117.6558 116.9683 121.4923 121.6945 116.6905 116.7902 114.1961 115.5560 114.2059 113.8281 114.8656 113.4175 115.6802 118.2909 118.5746 115.8006 118.2542 117.2073 112.4799 112.3060 115.0055 112.5079 117.6030 112.5903 117.3769 113.3093 114.0773 114.7064 115.9105 118.9550 115.8146 112.4543 119.2854 116.3357 112.7586 114.0934 115.9200
124.9300 117.6600 117.3800 117.3400 117.3100 124.5500 124.5500 124.7300 115.0700 115.2200 116.7300 114.3700 114.0600 114.0600 113.7800 115.0600 118.9300 119.1800 117.1900 117.1300 114.9200 113.4800 113.5500 113.6900 113.3900 113.1400 113.1700 112.8200 113.7200 113.1700 114.7400 114.7400 115.7600 117.8200 115.2900 116.0900 117.4100 118.8200 113.2100 117.2500
