109.5700 110.0400 112.8400 116.1400 116.1400 110.4000 108.7900 115.0100 108.8000 108.8000 113.7800 108.5700 108.5700 109.3600 109.1100 107.8700 108.8400 108.9100 111.9300 111.9300 117.5900 116.4900 117.1100 116.5100 113.6200 114.8500 116.9800 110.6700 110.6700 113.5100 113.4500 115.8900 115.4500 115.1100 115.1100 114.3100 114.0800 113.7800 113.4900 113.2200
109.7900 113.5715 113.4840 112.7832 116.2617 111.0960 109.8638 110.0339 111.7853 111.0921 108.4575 108.7102 109.0006 109.4474 115.1630 112.0843 109.7709 108.0508 111.3181 115.6058 115.8331 116.4211 116.5762 117.4179 114.0354 114.6766 115.4713 114.4037 114.0272 114.1479 113.9497 115.5856 116.1886 115.6230 115.2114 114.4924 115.2412 116.1850 113.7535 114.9000
110.7800 111.7393 113.7192 112.0986 114.7085 111.2625 107.7198 107.6481 110.7711 109.4207 108.3970 108.6981 108.9480 109.0552 112.2096 114.8563 113.0566 112.6103 114.5374 115.9915 115.1369 117.7980 114.9405 116.5421 114.4541 109.3622 114.2571 109.9272 114.6197 112.3972 116.7717 116.4971 116.7926 115.8231 113.8228 115.5604 114.5659 116.1522 113.7973 113.7200
108.5900 107.7519 116.4669 115.1950 113.6991 110.1414 106.5236 113.8386 111.6381 110.1657 108.1267 107.8053 109.4707 108.1038 112.4220 109.3127 108.7975 113.1239 112.5436 114.0622 114.9777 112.6861 115.6623 116.4203 114.0341 109.9844 113.8258 110.8607 113.1531 114.3232 116.6319 115.9199 116.5934 116.5598 111.0953 115.7029 115.4672 115.1028 114.2677 113.8300
109.2700 107.5256 113.8580 114.0451 113.1999 111.0304 108.3115 113.1883 112.4788 111.7719 108.3623 108.5997 108.5490 108.4435 107.6372 112.8009 112.6709 109.7059 110.6180 112.6650 115.7818 112.2813 109.2645 108.8591 108.8991 107.7050 109.0897 110.0305 110.9848 112.1248 117.5000 117.8874 117.5433 114.3647 111.7129 113.3547 114.4707 113.1734 113.5919 114.2500
108.8300 109.5586 107.2242 115.4339 112.9138 111.8230 108.2836 108.1763 109.2860 110.3514 108.5594 106.9192 108.0724 108.1909 107.6213 114.2133 110.0173 110.9206 109.2443 111.4976 109.6237 111.0198 108.5762 108.8957 108.3962 108.1815 109.9744 110.1269 110.4037 113.8516 115.4733 117.7562 117.5903 115.2807 112.1586 111.6277 108.5599 107.5712 109.4886 110.7600
109.1400 107.5067 107.0983 112.0707 111.2020 108.6644 107.7571 107.7587 107.5846 107.4950 107.2889 106.8477 108.3797 107.9928 107.5994 113.3422 106.1060 109.1532 107.9249 113.2993 108.3649 108.5069 107.9665 108.1146 107.7453 109.5957 112.7986 110.2893 108.7702 114.4419 114.4474 118.6913 115.4642 115.8797 110.0387 112.2982 109.7083 111.4851 113.3149 114.7700
113.4700 109.7413 107.8856 109.7226 106.6573 108.2280 107.3437 107.7513 110.0376 110.0433 106.4659 106.7506 107.3301 107.8540 110.1924 108.7084 107.3214 105.9662 109.6849 108.7511 108.1711 107.9196 108.4361 108.1551 107.5323 109.0574 112.7628 114.2999 108.1327 108.8162 109.5998 113.5873 114.8336 112.2399 112.0393 114.2716 112.0807 111.5524 109.7147 114.7700
111.2200 110.0579 109.4595 114.7481 109.4945 106.7614 107.2130 106.5154 111.0397 111.8037 106.2040 107.2616 107.1494 106.7194 107.8118 106.5904 106.5945 107.0888 107.0583 106.5588 107.5879 107.0365 107.5181 108.4404 112.1993 112.5505 111.4020 112.6063 109.8921 108.2248 107.6049 108.6000 109.4458 109.0779 113.8508 116.9975 114.9490 112.8436 109.6375 111.2700
111.2200 112.9392 111.7850 110.1580 105.8657 106.4947 106.6890 106.4016 106.8803 106.9808 106.3539 107.0974 107.0286 107.2811 106.4964 107.4219 106.8495 106.7766 106.6860 106.3894 107.1685 106.9808 107.2933 108.4735 108.5918 111.3031 109.6025 111.5039 111.1367 108.8112 108.7046 108.7095 108.4527 109.7741 110.1975 115.0805 117.3415 112.2869 111.7737 111.6300
111.8800 112.2169 106.0705 107.2746 105.3737 106.8005 105.5390 105.7030 105.4076 105.2434 105.5422 105.7818 105.3394 106.1074 105.8320 106.6029 106.3728 105.7407 106.9779 107.2778 107.6930 107.0600 106.9342 109.1482 113.8102 110.3002 112.4909 113.0486 111.2910 111.5292 108.1618 108.8118 108.7075 108.0055 112.6100 114.9395 109.8731 107.9015 108.6344 108.9500
113.7900 112.8500 107.1827 105.5665 105.1420 104.9459 105.4620 105.1404 105.4600 105.0748 104.7802 105.1602 105.2068 106.5924 106.4134 105.5277 105.7710 105.9483 106.7436 107.3641 107.6286 107.9685 107.9152 108.0046 110.4385 113.5891 110.7904 114.2015 110.3059 111.2531 111.0927 111.3575 107.4604 110.4313 107.4859 110.3238 110.6808 108.0512 108.0692 108.0900
107.0400 109.8515 105.4265 106.0403 105.9388 104.5532 106.1565 105.0640 105.4876 105.6347 106.3418 106.1773 105.3290 105.8475 105.1135 105.9548 106.9335 105.3411 106.0960 106.4450 107.2279 107.5306 107.3394 108.6029 111.8305 115.3942 112.3855 114.1238 108.5455 111.8572 106.9798 107.4551 109.0128 110.7319 108.9937 110.6569 111.2309 108.2409 111.1474 111.5800
107.0400 104.5880 107.5519 104.9416 106.2448 105.9520 104.3972 104.2486 105.4707 105.4682 105.7629 105.5621 105.4137 105.8667 104.8431 104.6031 106.2389 106.3680 105.9150 106.8839 106.2855 108.3688 108.5740 108.1377 106.6073 112.5788 107.2457 109.3272 107.4724 106.6308 109.2592 108.2821 110.3836 108.7304 109.7317 110.8136 109.6409 110.1483 112.5460 113.3300
105.4400 104.6157 106.2641 106.2123 104.9445 105.2892 103.8297 103.4486 104.0746 103.7354 103.4798 103.3696 105.3033 104.7393 104.9623 104.6155 106.1902 105.3044 105.9790 106.8303 106.6271 106.2756 110.2557 108.9641 107.8455 109.3025 109.1022 110.4239 108.7419 107.2200 113.3645 109.8481 109.9206 107.2070 110.8176 110.0638 109.7332 109.5465 108.7091 109.9600
105.4400 104.5909 104.9749 107.2343 103.6124 102.6691 102.9837 102.4009 102.3199 102.3562 102.5293 102.5349 103.4631 104.4943 104.5507 104.2541 105.0195 104.5842 106.2759 105.1829 106.3608 106.2840 106.2319 109.0217 106.1595 109.2929 113.2985 109.1920 110.4263 111.8847 114.0578 114.1151 107.9343 108.1917 108.5842 109.8586 110.2009 111.9924 107.3042 108.3400
104.9200 105.0424 103.4699 104.5656 102.3840 102.2802 101.7892 101.6579 101.6734 101.6590 101.7335 101.6605 101.2913 101.9951 102.7523 102.6536 104.2901 105.4888 105.7184 105.7743 105.8747 106.6938 105.7254 106.5946 106.1937 106.3387 108.2676 107.6721 109.3203 111.1090 113.1351 109.7540 108.3335 108.4973 107.3054 109.4070 108.1020 110.2048 112.4431 114.7200
105.4500 103.6573 102.6050 102.0031 101.9373 101.3020 101.1162 100.7940 100.7493 100.7612 100.8729 100.8814 101.0068 101.1480 101.7469 102.2084 103.3087 105.2059 106.0084 106.3039 105.5889 106.1507 105.9055 106.7367 106.2824 106.7407 106.7044 108.1601 108.4263 107.7836 108.5605 108.4779 108.4889 110.9544 108.2001 110.9521 111.1942 112.5316 116.5860 112.5800
103.2600 102.5147 102.1576 101.6293 101.1961 100.4207 100.0003 99.9828 99.5302 99.4471 99.8552 99.8624 99.7866 100.0363 100.8363 101.7030 102.2654 102.7950 104.9224 103.9289 105.7256 105.5694 106.0236 105.3155 106.6917 106.4759 106.5666 107.4129 107.0886 108.0581 107.7922 108.5212 108.5588 111.1269 113.8169 113.9263 109.7333 110.8931 111.5384 112.4600
102.4900 102.0438 101.6362 100.8317 100.1217 99.3109 98.3994 98.6124 98.2416 98.1898 98.2518 98.5741 99.1037 99.9011 100.0301 101.2653 101.7672 102.2062 103.0004 103.8708 104.3592 105.1016 106.3809 106.7104 106.5049 106.8574 106.6876 106.5981 107.4235 106.7007 106.9566 107.4151 108.8583 109.1643 109.9104 109.9531 109.9987 109.9323 112.2203 112.8300
101.9400 101.5481 100.6744 99.7378 98.8881 98.4603 96.9043 96.9654 96.5580 96.6766 96.5060 97.2979 97.8865 98.3927 98.7771 100.4381 101.0177 101.8170 102.5134 103.6613 105.3193 105.8705 106.0525 105.3569 105.7684 106.4324 106.9026 106.8548 111.9139 110.3487 111.8999 108.9168 111.4361 109.0442 113.5443 109.4489 114.7802 114.6313 112.2849 112.6700
101.6900 100.9835 100.1562 98.9952 97.9347 97.0253 95.2773 95.0647 94.1205 93.9440 94.0427 95.0051 96.6757 96.8839 98.3540 99.6457 100.5186 101.2980 102.0255 102.6419 104.1483 105.4422 105.9856 105.0396 106.8497 107.2912 106.5765 111.7395 112.4145 108.2142 113.1730 108.6929 109.0694 109.1488 109.2775 109.4212 109.3387 114.3048 108.2445 108.4600
101.2200 100.7793 99.6367 98.5018 96.4768 95.4441 94.1457 92.1449 90.2768 89.4335 89.8756 92.3010 94.9427 95.9954 96.9946 98.6171 100.1607 101.1931 101.8098 102.3330 104.0817 105.0180 104.1543 105.7134 106.7878 107.3027 107.6487 105.9376 106.9841 108.0391 107.5201 107.7194 109.2737 109.1192 109.5284 111.1386 111.3210 115.8715 112.8239 107.8000
100.9000 100.2765 98.8699 97.1143 93.9913 92.2098 90.7826 87.8840 85.1921 84.1798 85.1457 89.3336 91.9574 94.5539 96.3920 98.2322 99.5432 100.7933 101.5111 102.3759 102.5478 105.5059 104.6464 106.2276 106.2680 106.9511 106.7450 107.1461 106.2802 107.8170 107.6707 107.5000 108.8094 111.3007 109.5733 114.1236 113.3111 114.7537 112.0916 108.7600
100.7700 99.8331 98.3159 97.1522 93.4749 90.2128 86.7259 83.7910 78.9039 77.8636 80.2779 86.0018 92.3985 92.7651 95.3860 97.3088 98.8927 100.4508 101.3863 102.2216 102.4542 105.6078 105.6336 106.2349 106.4530 106.8951 106.8887 106.6085 107.1006 107.5069 107.6914 107.7179 107.7178 111.0034 108.6418 113.4555 112.3147 115.3222 111.9156 108.9700
100.7900 99.4557 97.3676 95.9924 94.0342 89.9087 85.1329 80.6421 71.9721 71.0804 74.9108 81.9091 90.4318 91.8906 94.1097 97.4887 98.7173 100.3758 101.2024 102.0391 102.4694 104.1544 105.0832 106.2413 106.3944 107.2834 107.0746 107.6688 107.7659 107.8616 107.9939 108.4955 107.4247 108.6441 109.4260 110.5879 112.0317 111.8461 111.6350 113.7900
100.1200 99.7847 97.8290 96.3149 95.1565 88.8809 82.9917 75.7967 64.9857 62.0783 68.1350 80.5883 86.8222 91.4524 93.9708 97.8242 98.6714 100.1735 101.1187 102.0023 102.5894 103.0821 105.3502 105.0145 105.9107 105.8996 107.2160 107.3301 108.0992 108.4929 107.9263 109.1216 108.2257 109.0067 109.5888 109.4891 109.1310 108.9693 113.8192 113.7600
100.1400 99.7013 98.0046 96.5537 95.2839 88.3265 83.0817 75.0484 65.3111 62.1118 68.1773 81.2434 86.9946 91.6117 94.1405 96.9420 98.9411 100.2971 101.0462 101.8399 102.7134 103.2380 104.2641 104.3469 105.5915 106.3942 107.4994 107.7712 107.8347 108.2818 108.3319 108.7375 108.7864 108.7843 110.0386 110.7059 113.5401 110.3255 108.7450 107.5700
100.6900 100.1838 98.0419 95.7924 95.8639 89.7738 85.8863 79.4556 75.5204 74.6285 77.0785 85.6358 89.4439 93.0787 95.2848 97.3452 98.9762 99.6130 101.0412 102.0336 102.7364 103.2338 104.9282 106.2588 105.8984 107.1453 107.2128 107.6711 107.6273 107.0234 108.3174 110.9132 108.4676 109.1217 112.2682 108.5270 109.5764 109.3615 112.5805 108.6500
101.1100 93.8367 97.7820 96.9546 89.5291 92.7872 89.4834 86.1418 86.7062 83.1350 85.3123 89.7198 91.1165 94.2969 96.8261 98.7216 99.6197 100.6067 101.3554 102.2434 102.6418 104.7253 106.1618 108.4032 107.8353 107.6765 107.4094 107.4510 110.5077 106.9377 107.4751 112.7251 108.2380 109.1924 112.1971 108.3224 109.4990 110.1216 115.1085 111.8400
94.3800 100.4402 99.4811 98.9740 96.7218 94.0022 92.0615 89.0455 88.1588 87.4201 90.4433 91.5387 93.9619 95.5801 97.0515 99.2271 99.7524 100.6914 101.6976 102.3891 102.9535 104.5621 104.3909 104.7862 103.9945 110.5674 108.0712 110.7266 111.6731 107.6151 107.3267 112.0907 109.0826 112.0945 114.7677 109.7950 108.7223 112.5639 111.7661 113.1200
101.3500 101.2350 100.2697 99.4713 98.1806 95.5536 93.6768 92.4077 91.9019 95.5586 92.1681 93.7718 95.5259 96.6203 98.5198 99.9209 100.2588 101.1379 101.9783 102.4606 103.3443 104.8501 104.9026 104.9630 105.4672 107.4685 108.3838 110.0044 108.5737 108.5221 108.9540 113.5845 110.5030 112.7994 113.1026 112.6713 110.7524 111.0440 111.8043 111.8100
101.9500 101.5320 100.8177 99.9750 99.1857 98.2852 97.2685 97.3558 94.6320 103.7228 94.2702 96.7154 96.6910 98.0413 99.5844 100.2564 100.8026 101.6811 102.3532 102.8382 104.5129 106.1067 105.9982 106.1950 106.2741 107.2664 107.1874 106.7991 107.7858 109.8469 111.4064 114.9207 112.8076 113.2181 112.7201 108.2575 108.2672 108.5511 110.7826 107.9200
102.7700 101.9897 101.4136 100.7081 100.0430 99.2890 99.0476 98.7379 91.8782 97.7239 97.3542 98.0612 98.8137 99.6611 100.2398 100.7793 101.4277 102.0634 102.8186 103.2727 106.0146 105.8962 104.9749 106.2405 104.9882 104.6329 107.2110 107.5313 108.1202 110.5696 110.2628 107.9560 109.1850 108.6046 111.9510 110.5774 109.2265 108.9975 111.1278 107.9800
102.7700 102.4938 101.9966 101.4731 100.9834 100.2199 100.3602 100.0473 100.9249 99.3767 99.5061 99.3430 100.0757 100.3820 101.0655 101.7471 102.0904 102.6603 103.1910 103.4092 106.2026 105.7355 106.3994 106.5540 106.7079 110.2631 108.0406 110.5553 107.7873 106.9172 109.4912 109.2696 112.5029 110.8081 114.3140 111.4097 106.0855 108.4723 110.0102 108.2300
103.3900 103.1418 102.4719 102.1104 101.9597 101.4399 100.9549 92.7559 97.9650 100.2583 100.5901 100.0644 100.7934 101.1956 101.5433 102.2661 102.6307 103.0354 103.4580 104.1249 106.3512 105.3164 106.3689 106.8974 107.0912 107.9518 108.1547 112.2514 111.8048 112.1686 109.4142 109.8609 112.2429 113.0405 115.0899 108.8913 111.4494 111.8888 112.8277 113.4200
99.9700 100.2624 103.4340 102.7841 100.0918 101.4347 102.4761 101.7362 101.3177 101.2396 101.4051 101.2015 101.6060 101.9816 102.4096 102.7891 103.2314 104.4234 105.3701 105.8950 106.3724 106.4184 105.7769 107.4783 107.8680 107.9771 108.0018 108.1631 113.7630 114.6927 112.5140 112.4278 112.9798 113.0182 115.5803 116.8836 116.0733 110.5006 115.0289 108.0000
99.9700 103.9640 103.3738 102.5807 97.1694 99.3769 102.5357 102.2448 102.0955 102.1764 102.0904 102.2448 102.3065 102.7324 103.0324 103.2792 103.4642 105.7964 106.4830 106.8506 106.8224 106.6264 106.8539 105.9337 107.9597 107.9249 107.4539 109.5826 111.3149 111.3360 114.9975 114.8971 111.4518 114.3869 112.2580 110.4447 115.5999 111.9231 111.1202 112.8000
102.8800 105.3784 104.4450 104.2292 102.2946 100.3142 103.3743 103.0219 102.9193 102.8960 102.8611 102.9831 103.0026 103.6395 103.9192 104.9437 106.3319 105.8807 106.0685 105.4893 106.2913 106.1302 105.7830 105.6966 111.5251 112.1676 113.1519 113.5446 108.9221 112.9288 112.6621 109.2814 111.6840 113.0273 113.8553 111.0530 113.3563 110.6394 109.7596 111.9300
105.2100 103.3400 103.3400 104.0300 104.0300 103.8000 103.3900 103.4700 103.4800 103.4600 103.4200 103.3000 103.2800 104.9400 104.0400 104.2800 106.4100 106.7800 106.1200 107.1600 107.7200 107.7200 113.5300 113.5600 107.0100 113.9100 113.9200 113.6400 113.7100 113.2000 112.5900 114.6300 112.1400 112.7700 113.7500 114.8900 113.1800 110.9600 109.7800 111.9700
