108.4100 108.4100 112.1000 111.6400 112.2100 111.9800 105.9700 105.1800 105.9600 106.3800 107.6800 105.7000 108.8200 105.2400 111.1500 111.1500 103.4600 101.4500 101.6100 104.1000 103.9000 103.5300 107.5100 107.1200 109.5100 109.4000 109.1600 109.1100 109.1100 106.1800 105.2200 104.4000 104.1700 105.9100 107.0700 108.2900 111.1100 112.7200 114.5600 116.2700
107.1000 107.4406 106.8056 109.2398 106.7702 109.4724 105.9592 105.6127 105.6166 104.5109 109.2182 105.2169 106.3424 104.5866 106.8175 102.2915 101.1342 103.3636 102.6750 100.0916 100.4784 101.4496 102.0644 103.7350 105.9105 108.0247 108.0717 113.0870 109.0742 107.7886 106.2077 104.8684 103.8775 104.6921 106.0606 107.5665 109.2355 108.2616 112.9857 115.4600
107.7400 106.5845 107.2762 107.4694 108.9530 105.8328 104.5302 104.6711 106.0034 104.5185 104.8420 104.9525 103.9094 103.7255 102.9313 101.9701 100.9910 100.9441 100.8195 101.0671 101.0286 100.9634 101.5974 102.9999 103.5349 104.4248 106.4594 110.0643 111.4316 109.6908 107.6143 105.8091 104.5546 104.0902 105.1916 106.6244 108.6998 108.4275 112.4054 113.3800
107.3100 107.2361 107.8036 107.4768 105.9435 105.7517 106.5113 106.1788 104.2600 103.5520 104.8121 104.1615 104.3444 103.0246 101.0315 100.6914 100.2315 99.9310 99.8081 99.7108 99.8921 100.2007 100.5191 102.0937 101.8187 102.6767 102.7080 106.9702 110.4006 112.1459 109.5376 107.1138 105.4523 104.3764 104.4207 105.8933 107.4698 109.3005 111.2166 112.9700
111.0000 109.7537 107.9458 105.4739 106.6521 108.9113 105.7060 105.3923 105.0913 104.2472 102.9085 102.9334 102.6882 100.6304 100.2715 99.6938 99.1058 98.6487 98.4305 98.4456 98.6420 99.0008 99.5296 100.0277 100.5758 101.7596 101.8549 103.5879 107.8029 111.5553 111.1753 108.5212 106.4548 105.0357 104.0523 105.1899 106.7352 108.4690 110.3631 112.3900
107.8600 111.4350 109.3906 105.8455 108.0409 108.1852 105.7586 105.2938 104.8080 103.3488 102.2906 101.7034 100.8102 100.0069 99.2732 98.7268 97.7566 97.0218 96.7252 96.7144 97.0121 97.4903 98.4619 99.0271 99.8353 100.6150 101.1906 101.5777 104.2358 108.7254 111.2807 109.7894 107.3482 105.6831 104.4886 104.7362 106.2951 107.9068 109.6635 110.4300
111.8100 112.0911 110.0873 104.3976 107.2144 104.3909 106.6639 104.4653 104.7321 102.9851 101.9266 101.1602 100.4185 99.4485 98.5960 97.4288 96.2502 95.0185 94.4728 94.4356 95.0860 96.1958 97.2737 97.9215 98.8758 99.8156 100.7022 101.6347 102.3042 105.9317 110.1387 111.5246 108.7571 106.3541 105.1271 104.5740 105.7351 107.3175 109.0843 110.2000
107.7700 113.4831 108.3308 106.0076 106.5898 104.6478 104.9671 104.1609 104.8694 102.0134 101.4916 100.7780 100.0672 99.0092 97.8984 95.7612 93.5197 92.2429 91.4342 91.3387 92.8147 93.9369 95.1410 97.2854 97.9410 99.0448 100.1080 101.5197 102.1445 103.7867 106.2119 107.1008 106.1716 107.1450 105.5632 104.5094 105.2956 106.8436 108.6132 109.9400
107.5600 108.9737 106.8027 106.2020 105.1829 104.3097 105.5260 103.6134 104.6642 101.5204 101.2157 100.1330 98.7115 98.1997 96.7331 93.6376 90.7360 88.6940 87.2554 87.1815 88.9814 90.8527 93.2457 95.4204 97.0828 98.2806 99.5692 100.6082 102.3734 102.4663 104.6660 107.3430 109.2885 107.4647 105.8901 104.6908 105.0253 106.6142 108.2477 109.8200
106.6700 107.4032 106.8916 106.6682 105.6134 105.8175 105.4089 104.9569 103.9093 101.5090 100.8316 99.6747 97.8379 96.7492 94.2589 92.1258 87.5221 85.5813 81.9510 81.9203 85.5267 87.4344 91.2027 93.5384 96.1968 97.5775 99.0858 100.2388 101.2520 102.3366 104.6598 107.3364 109.4613 107.9011 106.1286 104.9807 104.9578 106.4800 108.0153 109.6400
107.0000 106.9628 107.2941 104.8511 106.1890 104.5078 105.5639 104.3807 102.3900 101.4868 100.7607 99.5541 98.1334 97.0023 93.8565 89.7349 85.1587 83.4965 74.7892 73.4686 82.8784 85.6787 89.3275 93.4244 94.9197 97.1975 98.6607 100.1759 100.9709 102.1231 104.1453 104.9027 105.5513 108.3881 106.3152 105.1363 104.8233 106.2635 107.8431 108.4000
107.7900 107.4978 106.9627 106.6046 106.5422 104.3607 105.6736 104.8530 102.1098 101.5156 100.3445 99.3654 98.0885 95.6824 92.3395 88.3752 83.6082 75.8796 66.7421 65.8201 75.3736 87.8160 89.1704 92.6524 94.4375 96.6956 98.6151 100.0554 101.1804 101.9926 103.1088 104.9427 104.0350 105.8688 105.7918 106.3031 107.3259 106.2654 107.8101 108.3500
107.6400 107.4957 107.2299 106.5814 105.6139 105.5320 105.2235 104.1436 102.2158 101.3785 100.6829 99.3624 98.0902 94.5396 92.4438 88.0718 83.2158 74.7952 65.1739 63.6245 73.9285 85.2977 88.9758 92.6841 94.3929 96.6509 98.6132 100.1528 101.1570 101.9202 102.9160 104.7334 104.2578 105.7003 105.7705 105.7549 107.0712 106.2288 107.5950 108.3300
112.7400 110.3895 106.6892 106.0463 105.2735 104.2745 105.3691 103.2529 102.3527 100.4732 98.8795 99.5858 98.0765 95.0859 93.4152 89.9795 85.5382 88.4365 85.2782 74.8503 80.0280 86.5026 88.5111 93.8840 95.8113 97.2544 98.7533 99.6050 101.2111 102.1330 102.9619 103.1004 105.1815 104.7935 105.3095 106.4004 106.3190 105.8527 106.6848 107.8700
107.8100 107.0676 106.8606 105.5241 106.0578 104.5381 103.9940 102.9071 102.6279 94.2933 98.2872 99.9669 98.5962 95.7908 93.8905 92.6726 91.1974 94.3497 93.3840 83.5130 87.0430 88.2639 91.2373 95.1730 97.1584 98.3908 99.4359 100.5248 101.2771 103.4150 104.4214 103.3460 105.7412 104.8132 105.5587 111.8439 108.4388 105.5207 105.2215 107.8700
107.8400 107.7362 107.4319 106.3998 105.4205 105.9257 103.7358 104.9011 101.4277 97.4252 101.5267 100.0932 99.0266 97.2860 94.4626 95.4982 92.9061 90.5347 91.5172 88.1010 88.0690 91.4357 93.7678 95.9972 97.8308 98.9372 100.0219 100.7042 101.8284 104.4374 105.0124 104.6905 105.4421 105.2837 105.5678 108.7019 108.7688 105.9689 109.6245 110.9300
107.8600 106.9523 107.3521 106.6203 105.6123 106.0181 105.8602 104.6466 103.2860 100.3448 101.2508 100.6052 99.5417 98.3378 96.8454 96.6542 95.2765 94.7838 92.0438 90.3561 92.6853 94.0455 96.3831 97.4997 98.3803 99.5947 100.5676 101.0052 102.9293 104.6992 104.9441 105.5346 105.0758 105.2673 106.4100 105.7898 107.8382 106.8644 109.8121 108.1500
107.8800 107.4218 107.1191 106.8418 105.9601 105.5278 104.9886 104.4919 104.0247 102.8052 101.9216 100.8579 99.9393 99.1828 98.2942 97.2842 96.8735 96.5580 95.9659 95.4670 95.4961 95.9820 97.7046 94.1653 99.8397 100.1748 101.0722 101.5950 103.8950 103.8515 104.1154 104.8318 104.8992 104.8864 107.2882 107.1704 107.7413 107.9354 107.5833 107.3200
108.2100 108.0334 107.2922 107.1215 106.4398 106.3985 104.5224 104.3789 105.1751 103.1965 102.1069 101.5473 100.6750 99.9480 99.6201 98.5842 98.3848 97.9615 97.7153 97.4714 97.0092 98.0432 99.1072 94.9411 100.2624 100.7275 101.5972 102.2802 107.3296 103.4019 105.4779 103.8429 104.2322 107.5857 106.9089 107.5385 107.4784 108.0567 107.4950 107.4800
107.8800 107.7734 107.7500 107.3499 106.7836 105.5482 105.5841 104.3067 104.8978 103.2143 104.7771 102.4454 101.2572 100.7029 100.3776 99.7154 99.2326 99.1589 98.8706 99.0041 99.0378 99.4742 99.6230 100.6914 100.8918 101.6268 102.2086 102.6847 103.5082 104.0232 105.0811 105.9745 104.8557 106.2082 110.7065 109.0265 107.7096 107.6338 107.5216 107.6200
111.6100 108.2525 107.6100 106.6764 106.0539 105.2351 105.8484 104.6655 105.7291 104.4273 104.4587 102.9325 102.1764 101.5332 101.2466 100.9668 100.5131 100.3317 99.9473 100.0297 100.2196 100.2638 101.3721 101.3937 101.4471 102.2461 102.6184 103.6383 103.5808 104.1739 107.9963 110.3359 106.8087 109.1294 111.1373 112.8718 107.1253 107.0882 108.2049 108.3100
108.1700 111.7181 108.8455 107.8376 106.6448 105.3691 106.4134 105.3913 106.5003 105.6569 104.8183 105.2944 102.8855 104.0489 102.1048 101.6050 101.2949 101.1859 100.9899 101.0300 101.1824 101.5674 98.2526 99.2061 102.4057 104.6270 104.4600 106.3562 104.1601 104.8502 107.7357 105.6597 103.6457 107.4548 109.9805 107.0552 107.4582 108.1348 107.5682 108.3800
108.5100 108.0607 107.6151 107.7231 107.6686 107.1322 106.3073 105.5424 106.6029 104.8927 104.4752 105.3185 104.9550 103.4160 102.5540 102.7887 102.1383 102.2897 101.6299 101.5826 101.6743 102.4872 96.6634 102.1506 107.6462 105.4960 98.4385 108.1452 104.1534 106.0967 106.5571 105.9472 103.7450 107.8827 104.9575 107.4240 106.0366 107.9109 109.9374 108.9500
109.0900 108.8205 108.2648 107.1660 107.1280 106.5127 105.6986 105.9119 106.8604 106.3546 105.2195 104.9290 105.0816 103.6973 105.4676 101.1258 96.7692 101.7962 104.1550 103.4695 104.2166 104.2117 104.7715 104.0535 105.5599 105.1564 104.3531 106.0401 105.5709 108.0920 107.9132 104.1507 106.9191 106.3827 106.3289 106.7002 107.5935 108.2986 114.3956 108.8600
108.7400 109.0696 108.2053 108.0606 106.5272 107.3191 106.7522 106.5849 106.9364 107.3183 105.3222 105.7533 105.6370 104.2154 104.5431 103.0298 100.5939 104.7060 101.9028 105.4329 104.5822 105.0917 103.9102 104.7843 103.4030 104.4821 105.3690 104.3818 105.6205 105.9866 108.0175 103.7067 107.8101 106.5465 107.2491 107.5318 108.0889 109.8240 110.4651 108.9000
109.0700 108.8667 108.3183 108.1232 107.9307 107.3318 107.3926 107.2509 107.0851 107.6339 106.0512 105.1602 105.9301 104.1651 103.9272 105.5046 105.4033 102.8181 99.7206 101.6035 104.1601 104.3297 104.7311 103.0148 103.3888 104.5301 104.3685 104.8978 104.5319 106.5271 110.3792 106.2245 107.7766 107.1303 107.2389 106.9674 107.8414 111.5199 108.1274 108.9000
103.6300 108.2462 108.2666 108.5679 108.2157 108.3574 107.0302 107.3342 107.4346 105.7626 106.3437 105.8876 106.7234 109.6029 104.6952 104.6251 102.7507 102.6273 102.4870 105.2168 104.3286 105.4018 103.4354 103.8640 104.4810 105.9530 105.8693 110.8789 105.7150 104.8399 108.9150 108.4563 110.4018 111.7893 110.5467 107.8589 111.6551 104.0709 108.9143 112.3700
109.2800 105.4323 109.7276 109.7046 108.2966 108.2862 107.5744 111.5980 108.0422 107.3877 107.3680 107.3747 106.9356 107.4856 105.0519 104.0423 102.7279 102.3248 103.8652 105.3739 104.3585 105.5808 105.9659 105.7500 106.2694 106.8871 106.8306 114.6420 105.6476 106.1524 107.3047 113.5936 111.6910 111.6413 108.8794 108.8604 108.4193 108.2641 108.0064 111.2000
104.7100 104.0820 104.0768 108.2663 108.5375 108.6728 107.9908 107.5761 107.4648 107.9700 107.1579 107.2219 106.5201 106.2960 106.4779 105.7595 105.2634 107.3563 105.5362 104.4547 107.9884 106.2083 106.3010 106.7322 106.8699 107.1409 108.6190 112.5597 105.6427 106.5072 109.9914 110.6961 110.9215 109.1063 108.1820 112.2169 106.0611 109.9301 107.2365 107.2600
105.2500 104.5703 109.2486 105.5442 105.2282 112.3067 112.4820 107.1771 108.2054 108.2575 107.6752 108.2919 108.8147 106.0516 106.5778 105.7451 106.0623 107.0674 104.3331 105.6132 106.3427 105.4274 105.8682 106.3057 107.1243 106.7690 110.0579 112.4811 111.7541 109.4332 111.6642 111.4390 110.1148 111.3669 107.7711 112.5600 108.1895 108.0201 110.0098 108.5400
106.3600 104.6131 107.3727 107.7314 102.3179 111.6074 110.6712 108.6702 107.6617 109.0753 107.2011 107.3456 112.7999 107.4863 105.2790 106.6119 106.6614 107.7234 105.5945 106.6845 106.1791 106.5086 105.3214 108.1792 107.3943 108.0555 107.9307 113.0597 113.2127 107.9850 109.7808 109.1454 113.9983 112.5395 106.7364 107.6266 108.8919 107.5070 108.3791 108.6500
106.5100 106.2803 104.6706 104.5140 104.0940 110.2519 110.6465 107.3640 108.5535 110.7335 110.2065 108.8614 113.8789 108.4800 107.0858 108.9884 109.3938 106.8286 107.0949 107.2274 110.1594 106.6290 106.4103 108.3315 109.9108 108.2291 108.4285 115.0232 115.0071 114.4756 113.3178 111.2560 110.4135 111.9196 108.7593 108.5356 108.1530 107.5228 107.9155 109.1300
107.1900 106.6161 105.9449 106.0263 108.2119 114.2424 105.0426 101.9543 104.5584 107.7232 112.8176 112.4505 109.4427 108.9630 113.5087 107.0387 108.9195 109.6485 108.3714 107.9597 110.9628 105.8808 107.1590 109.5952 112.1132 108.2594 108.6164 114.3222 113.3060 113.8004 109.5120 110.5658 115.4885 107.4264 107.0152 109.6368 108.0491 108.1432 108.4923 108.3900
107.8600 107.0797 106.4011 106.1693 109.2698 109.9591 106.0502 104.0134 104.1075 106.3565 113.7996 115.7033 111.4755 109.3251 108.4236 107.1038 108.9434 109.1614 108.6270 107.6574 113.9404 113.7179 115.9843 116.1735 116.1200 109.9891 108.1650 107.6515 114.9197 111.8267 115.4584 113.3582 110.6813 107.8944 109.1759 109.6252 108.9430 109.9450 109.1569 109.7300
108.3700 107.4916 107.2083 106.6121 110.9319 106.2787 105.7695 105.3454 107.9106 111.1130 112.6670 111.6140 112.4980 113.0971 110.4245 108.3234 112.0764 110.3392 110.7940 110.3616 115.5101 115.5447 116.1587 112.4279 106.9142 108.9489 108.3049 107.6344 114.3582 113.7930 110.4344 108.6343 112.5517 109.9958 109.4618 110.0813 109.6007 109.9384 110.1628 112.3300
108.3700 107.5820 107.6718 108.4729 107.0854 106.6083 106.9354 107.0449 108.6119 111.1752 112.3578 111.7926 114.7289 108.2360 106.2101 104.1375 110.1370 104.3981 103.6343 103.3847 111.7476 108.3747 114.3464 114.4441 115.0970 112.9028 107.9244 108.5259 108.3627 112.6272 113.1314 111.5288 113.6541 109.6562 109.7073 109.0162 108.3273 109.3686 109.6739 112.3300
108.4300 108.4376 110.6223 108.3352 107.8593 107.6504 107.6183 110.7423 115.4503 113.8735 113.8527 113.2514 112.1208 108.6828 107.7279 108.1423 107.1093 106.5442 108.1344 108.1684 112.1011 108.8696 112.2122 115.5181 107.1012 110.5715 107.5828 108.5921 109.6450 108.6217 112.0614 111.0469 111.1775 109.7634 110.3446 108.1238 108.2819 108.1544 109.0035 109.7800
109.4900 109.6688 109.1357 109.0660 107.3742 107.9068 109.0057 109.0168 114.2118 117.0618 110.1255 110.5052 107.6421 107.7959 104.8533 105.8554 106.0352 104.5767 105.1023 107.7524 113.4709 113.4017 113.2559 115.2069 105.5896 105.1213 106.3461 107.6047 112.2377 109.2536 111.8336 114.0038 112.4425 108.9447 111.6572 107.0995 108.3696 109.0306 109.7633 113.1500
111.1800 109.8455 110.9555 114.0826 109.5014 110.0541 112.9642 114.0977 112.7385 111.3496 105.9519 107.7315 108.7603 109.5273 105.5647 103.8621 104.5161 105.3514 105.2657 108.7032 113.5127 111.8972 111.5876 115.5458 103.3194 109.0169 108.5345 108.6769 113.5604 111.5984 110.3948 110.2873 115.7567 114.7018 112.3151 108.9136 108.2349 109.1986 110.4147 111.1700
111.1800 110.6500 115.4000 110.5900 110.0100 111.4400 112.2900 114.1400 114.1400 115.7500 112.2200 110.7700 105.7900 107.6100 105.7800 105.1700 106.0700 106.1600 106.1700 108.8500 110.4100 108.4200 108.3800 114.4400 106.6900 105.9600 113.6400 113.9500 113.5400 112.4900 109.4500 109.4500 117.1600 108.0900 108.3000 110.8100 110.8100 109.3100 109.3100 111.1700
