105.5200 107.3800 106.4300 112.8400 110.9300 111.0700 108.2500 105.1300 106.1000 107.3200 109.7600 111.6900 107.6400 108.4800 115.2300 116.0700 110.9600 114.9900 110.4600 112.8700 115.1800 115.1800 113.2800 113.7000 116.7600 117.5900 115.9600 116.0300 115.9400 116.5500 114.8400 116.5700 116.4000 115.7300 115.4700 115.0600 114.6500 114.0500 113.7600 113.4900
105.5200 107.4511 105.5248 112.2319 107.5704 109.0005 106.0491 106.0492 106.6165 106.9279 107.1189 108.9925 107.1663 107.8014 111.7576 113.7502 111.3473 110.8027 109.5070 112.6824 114.2542 114.8253 112.4481 116.3881 115.5120 114.9570 114.7776 115.2625 116.4468 114.8578 116.6191 116.7164 116.8720 116.0166 115.7854 115.4326 114.7645 116.3114 114.5607 113.8400
106.0100 106.9961 106.4693 106.7689 105.0563 108.3844 111.0141 106.2013 106.1271 106.0719 111.1574 108.8993 109.8614 109.9591 113.4398 111.6563 112.3983 111.2742 110.3669 110.1795 113.6490 114.6239 112.3073 116.8700 114.7034 114.7101 114.6409 115.3181 114.1156 113.5407 114.5831 114.4521 115.0423 116.6818 116.1132 115.7536 114.9314 116.1945 113.8702 113.9200
105.0600 105.9767 106.6136 104.7354 103.6459 107.6534 106.7661 104.7209 105.9010 105.1515 106.0781 109.9774 107.4498 105.7177 111.1370 110.9756 107.1033 110.0839 108.0085 110.8740 110.7687 114.5718 114.3539 111.7133 112.0297 112.0137 115.1611 115.7001 116.4269 116.1446 117.4734 112.0331 118.1277 116.8491 116.4808 116.1077 115.3868 114.7882 114.3734 113.9300
104.1700 105.7479 105.9779 109.8498 107.2442 110.2703 107.3594 104.5673 106.6048 104.8784 105.5784 106.2121 106.9939 109.6490 112.4431 107.3497 107.2924 107.2564 110.5909 111.3558 111.2039 111.3319 108.6564 108.5083 108.3137 109.8692 113.9443 114.7070 116.1388 116.2551 113.0534 116.2709 117.6011 116.2420 116.4466 115.9671 115.5429 114.8792 114.4420 113.9700
105.5700 103.2879 105.4952 104.6329 105.5364 104.7131 105.0133 106.1618 106.4798 105.7288 102.9151 105.8566 108.7570 109.2796 109.1743 106.5454 106.5693 105.8049 108.6806 112.2811 109.7240 110.3360 108.2017 110.1810 111.5465 113.5233 116.0642 114.5726 116.0914 116.4046 116.2550 116.7561 114.4376 115.8696 116.1875 116.3592 114.2873 115.1031 114.7149 114.3900
105.5700 104.2058 104.1130 104.6731 109.1038 104.4725 105.1026 104.9910 104.4324 104.9274 106.3581 110.8076 108.0916 106.4051 106.1569 107.2329 107.0915 107.8033 107.7657 110.5784 107.5612 108.0335 108.1253 109.5952 111.8442 114.0728 114.6022 114.7010 113.4036 115.2921 115.3808 112.8776 115.8966 116.7253 116.2216 114.6352 115.2411 115.4882 114.6193 114.3700
102.4800 103.0994 102.2131 102.0407 101.9477 102.5233 103.1803 103.3878 104.0806 105.0931 104.1716 104.1523 105.0550 106.3004 106.3074 106.6974 106.7103 108.5113 106.9966 107.3801 108.4843 107.6426 108.3762 107.8959 109.3199 114.5780 114.9442 112.6818 112.9209 114.9026 112.3208 113.7729 114.9872 117.3927 116.2145 113.8063 113.2898 115.6869 115.0828 114.3500
101.8400 101.5893 101.4204 101.7425 101.6822 101.8643 101.5046 102.1093 102.3348 103.9615 104.0575 103.7104 104.9909 106.3139 106.7623 105.2976 106.3493 106.9373 107.2759 107.4407 106.6537 107.8010 108.4637 107.8410 108.7571 112.6290 113.1724 108.3063 111.1139 110.9955 110.3305 112.2289 116.6122 116.2120 116.3338 113.8573 112.4741 112.4877 110.7700 110.0500
100.7800 100.8843 100.4292 100.4692 100.5434 100.4988 100.8839 101.6680 101.9086 102.1551 102.4209 104.1816 104.7954 104.2003 105.4042 104.4221 105.2272 106.6897 106.6821 107.1739 106.8217 107.9153 108.3018 107.0034 108.4393 108.7981 108.2581 107.9907 114.4271 112.5737 110.0130 109.6155 113.6978 116.2216 115.2158 114.1098 112.4843 110.8150 109.8789 109.1400
99.5900 99.5725 99.5054 99.6664 99.7460 99.7575 99.8668 100.9036 100.8681 101.7977 102.0853 102.8298 105.3037 104.3445 105.5488 105.3039 106.3866 105.8836 105.6913 107.3311 107.0629 106.8774 108.3084 108.6513 107.4779 108.2496 109.3736 108.1218 109.5481 109.5612 109.2052 108.8797 113.5265 115.6862 115.8642 114.0753 113.3374 110.4521 109.0588 108.9100
98.2800 98.1418 98.3867 98.3890 98.4693 98.4760 98.6234 99.6830 100.2846 101.1705 101.7770 102.0395 103.7184 103.3107 105.6410 105.1396 106.1830 105.9031 105.9848 107.1906 107.9937 107.0193 107.3246 108.2920 107.7799 107.8415 107.5701 108.2635 109.3108 109.6356 112.7098 108.8252 107.9975 111.5481 112.2092 110.4616 108.9806 114.1434 113.8860 112.9800
96.6400 96.6783 96.9463 96.8146 96.7614 97.3863 97.6281 98.4320 99.2645 100.3302 100.7457 101.7229 102.0844 103.3086 105.4535 104.5378 104.7066 105.0461 106.7429 106.7118 107.5224 107.2212 107.7976 108.3071 107.1241 107.3230 108.9102 109.8036 109.8013 111.0410 113.3206 110.0255 108.7909 108.5192 108.1117 108.9496 109.3655 114.3643 115.2653 116.8400
96.6400 95.0817 94.5049 93.9152 94.4752 96.2573 95.7501 97.0301 98.8470 99.5041 100.6396 101.4522 102.1963 102.3044 104.5283 105.0301 104.9422 106.0119 105.8128 107.6165 106.9522 107.9198 107.0523 108.4550 108.6905 107.9337 110.9180 108.3209 110.6947 108.0361 113.3806 110.1721 109.0566 108.7148 108.6122 109.5005 113.9548 114.9192 116.6768 116.5200
93.0400 92.4571 91.7676 90.4793 91.4000 92.9795 94.0275 96.0229 97.6250 98.7726 99.9650 100.9556 101.5492 102.0629 102.1893 106.4166 104.8309 106.5248 106.2694 107.0322 106.2049 107.2754 107.4777 108.3563 107.8801 108.3027 108.4592 109.5916 110.6683 111.3884 111.2977 111.4353 108.0197 108.3935 108.1444 108.1139 110.9765 111.8170 113.4964 116.5100
94.0400 89.2057 88.2267 85.9954 87.2866 90.6312 91.4190 94.5976 95.8001 97.8693 99.2140 100.5024 101.0957 101.9476 102.5354 109.2068 103.3780 105.7698 106.0046 106.9266 106.1230 106.8073 106.6845 108.4241 108.4092 108.8954 109.6229 111.6077 115.5480 114.5319 113.9411 109.4498 110.0821 107.4187 107.9585 110.4327 110.5470 110.3185 109.3637 109.9800
88.7500 85.9696 82.8830 79.6969 82.6388 86.1610 89.5399 92.2435 94.4469 96.8587 98.5648 99.5997 100.3728 101.3703 103.3414 105.9178 104.5756 105.5792 106.7992 107.2131 106.2518 107.3429 106.5457 107.7948 108.5747 110.2256 108.6999 109.8636 110.4185 111.4855 111.7097 109.9578 108.7728 107.6714 110.3393 111.6378 111.2946 110.4544 111.1551 111.1100
83.8800 81.1750 75.2439 71.4549 74.9352 82.3955 86.4832 90.8976 93.4043 96.5093 98.4341 99.3155 100.2092 101.2739 101.6828 103.8328 104.9756 105.4013 106.5785 106.6177 105.7362 106.8783 106.4286 107.3266 107.1022 108.5280 108.8042 111.0070 112.1060 111.0655 110.6807 110.7162 107.3681 108.1953 109.6252 114.2889 115.0962 112.8979 112.3972 111.9500
83.9300 77.9291 66.1533 63.1570 68.8839 79.5954 84.9306 89.9422 94.0780 96.1493 98.0479 99.4563 100.1389 100.9854 101.7706 104.3292 105.5586 104.8523 105.2043 106.0483 105.7592 106.3036 106.6379 106.8540 108.4690 108.0734 108.7617 114.2011 112.1740 110.9932 110.8116 111.5412 109.3681 108.8977 113.7824 110.3441 110.5800 111.0889 109.6102 109.2500
83.9900 77.7709 65.7972 63.6848 69.0774 79.5334 85.0308 90.0188 94.3088 96.0777 97.9699 99.4605 100.0106 100.9380 101.6744 104.2741 105.6421 104.6913 105.0128 105.7964 105.3503 105.8111 106.0905 107.7650 107.7650 107.4394 108.5218 109.1472 109.9845 112.5823 112.1905 111.9360 108.4377 112.8044 115.6898 113.3093 112.0560 110.2692 109.3668 109.5000
84.0500 81.0915 75.4480 72.8643 74.9746 81.5329 85.4506 89.9425 93.9779 96.0921 98.3562 99.3622 100.4901 101.7126 102.4071 103.5531 104.9416 106.1976 106.7573 106.4380 111.5023 110.2826 112.9086 112.7740 113.9839 112.7071 112.6306 114.2513 110.5342 110.8361 109.0144 107.9101 111.9130 110.2821 112.5940 111.8607 111.1671 111.4220 110.9215 110.8400
89.2800 85.0957 81.0896 79.5922 81.0278 84.5837 89.2434 91.5666 94.7681 97.1608 98.5323 99.7839 100.9253 101.7289 102.0057 103.5207 104.5487 105.3019 109.8339 110.0731 104.9644 108.2765 107.5653 108.6667 107.3537 107.6375 108.8210 108.5909 113.3475 109.5399 112.8051 108.8944 110.7729 111.8765 113.4480 116.1331 116.3690 117.2181 114.0307 113.0600
92.6900 89.0279 87.0636 86.1342 87.1095 88.6844 91.7778 93.3764 96.3977 97.5476 99.0832 99.9938 101.1556 102.0230 102.3411 105.5743 105.6020 106.2921 105.3828 107.9364 105.5738 110.8660 109.4963 107.5354 106.8931 108.6935 112.1252 113.9542 112.9964 113.5483 112.5784 114.6392 114.7593 115.4156 108.0474 110.1083 111.0550 113.3407 108.5539 110.0100
93.9100 94.0175 91.7755 93.0320 90.4719 92.4662 94.2002 95.9545 97.1462 98.5463 99.5570 100.4585 101.6015 102.3580 102.7600 105.5995 105.7603 106.4551 106.7382 105.7613 105.6533 106.8173 107.1012 111.0183 112.8656 110.5530 113.3820 113.1170 112.9237 110.6176 110.9990 111.0403 115.9403 110.7839 112.0601 110.1090 112.2821 113.7973 108.6948 108.3500
95.8800 95.9224 94.5140 92.9799 93.5297 93.7586 95.0085 97.0730 97.9808 99.0093 99.6988 100.9570 101.9748 102.4637 103.1333 105.3326 105.8766 106.1771 106.9415 106.9687 106.4636 105.8117 107.6462 110.5304 110.1819 111.8381 112.7722 114.9152 116.1198 113.4196 114.1408 113.1211 115.4747 113.7760 112.4457 110.8935 110.8219 111.6318 110.9810 108.3500
99.0500 96.7809 96.3791 96.7619 97.2802 95.9982 96.7981 98.0628 99.2145 99.4858 100.1749 101.4164 102.5522 103.6447 104.5884 105.8063 105.7186 105.0653 106.3208 108.1255 106.5473 106.5488 107.9799 107.4585 108.2928 108.5411 111.9110 110.8733 115.9880 114.3969 116.1535 117.0321 114.7578 117.8714 111.7567 110.1138 111.7229 110.6866 109.8877 110.5800
99.0500 98.6773 98.2280 97.9676 98.1463 98.6811 98.7371 98.9864 100.1613 100.4731 101.4512 102.2391 102.8805 103.6485 105.8184 106.5571 109.8596 106.1156 106.3680 105.4810 106.2060 107.2276 108.4554 108.4074 108.8906 108.3679 109.4395 108.4548 113.7642 110.6140 112.1454 112.0605 107.2594 115.4843 114.9437 112.1434 111.4889 116.3004 113.6710 114.2800
100.5400 100.3806 99.5221 99.8822 100.0531 100.4006 100.0756 100.8220 100.8626 101.7475 102.1333 102.6372 103.8775 104.8155 105.5785 106.1045 107.1623 107.4856 106.6150 106.7901 107.2881 107.0889 107.1167 112.9148 110.0559 109.5928 109.5395 107.1329 110.2751 108.9271 110.2582 114.3220 114.6893 114.4060 117.7022 110.4752 109.9116 111.0770 111.1021 115.6300
101.8300 101.3346 101.1056 100.8709 100.7958 101.6186 100.9324 101.4826 101.5376 102.4970 102.7980 103.0588 105.6202 106.0869 106.4208 106.5911 106.6949 106.7040 106.8256 107.3902 106.8344 108.8848 111.6031 109.4283 109.0166 112.3937 115.1425 109.0777 108.6448 109.8633 109.9779 112.5046 115.1138 113.9327 112.2928 109.0590 108.6614 108.4597 110.7263 115.2700
101.8300 102.1952 101.8721 100.7377 101.5063 97.4670 102.2795 102.3328 102.4293 102.8392 103.2531 104.8985 105.8276 105.6651 106.4073 107.2980 107.4085 107.8142 107.1648 106.6670 106.7574 105.7256 111.8228 112.1688 107.2309 108.3031 108.0803 108.4874 110.0552 108.1148 111.1124 111.7621 114.0377 108.8485 109.7059 109.4992 108.8594 110.0724 112.2719 109.9900
102.8500 102.8882 102.7796 102.3346 102.7047 102.6871 102.9668 102.9485 104.7413 104.4902 104.9978 104.9511 105.2013 105.9639 105.8364 106.7213 106.3054 107.1400 107.3583 106.8861 107.0913 107.6550 110.6904 108.7317 115.1823 110.1439 109.5496 108.6054 108.9671 112.3334 111.6817 111.9997 113.8433 112.9868 108.7413 109.5534 109.8135 111.7431 115.2406 112.5900
103.4200 103.6366 103.4130 103.3557 103.3667 103.6321 103.3269 104.1120 104.8505 104.3717 105.4371 105.7486 106.0440 105.4385 106.7234 107.2881 105.9589 106.5580 107.5793 107.4907 107.8695 107.0498 109.5297 114.2114 116.0098 109.5774 110.4580 109.4830 109.3934 109.2668 109.9700 110.5682 110.3690 114.8195 110.1092 114.1572 110.2527 110.3346 113.1718 111.6600
105.6300 105.7328 104.0429 104.2394 105.7752 105.2902 105.5707 105.8978 105.8469 103.5125 105.7640 106.5702 105.5958 106.6275 107.2882 111.6564 106.2197 107.7236 107.6085 108.0032 108.0186 107.6978 108.8435 109.9195 115.0307 111.4835 113.8138 113.1935 110.5500 109.3349 110.5593 112.5457 110.0526 110.9371 109.4966 110.1171 110.0044 110.3922 109.7035 110.2800
105.8000 105.5059 106.5946 104.6701 105.7849 105.9102 105.4098 106.3907 106.1155 106.9819 106.2225 107.1756 106.7332 107.3723 106.3718 106.1754 107.2541 107.1988 107.1112 108.0017 108.3921 108.1909 108.7496 109.7551 112.9944 116.3367 114.9176 112.6974 108.1306 109.8739 111.4739 112.0977 113.9850 109.2238 110.1085 108.3080 111.5689 109.8857 109.5383 109.0900
105.8000 106.4381 106.9521 105.7536 106.7962 106.7791 106.5636 105.1679 105.6904 107.0461 106.3366 107.0506 107.7511 107.3066 108.6322 107.4148 110.4314 108.0175 108.2716 108.8835 108.9470 110.6306 108.5917 109.4558 108.8736 110.6492 112.3287 114.3127 109.5568 111.1518 111.9788 110.8504 115.4072 111.9564 111.8322 112.2225 113.3793 109.5688 109.6149 109.4100
107.0900 106.3931 107.0280 105.9913 106.9564 107.2472 107.0739 105.4628 106.4888 106.8746 106.4625 107.0109 107.5737 107.1727 112.8897 110.5119 109.8069 108.5775 109.4700 108.8922 108.7677 110.4648 108.2524 111.1881 107.5979 107.8345 109.5704 111.7992 108.5410 111.1006 111.6376 111.2804 112.9782 109.8690 111.9778 111.8600 112.8628 111.3452 111.1407 109.9900
107.2800 107.1289 106.9412 107.1025 107.6132 106.7014 106.8912 106.0471 107.7974 106.4422 107.2560 107.2240 106.7262 107.7329 109.3073 110.8518 112.5612 112.8268 109.2704 111.4129 109.7145 109.6092 108.5473 109.4511 110.7216 110.7859 111.5437 111.1304 108.4140 113.2180 114.7362 112.8086 110.5303 111.7052 111.6849 110.8134 111.5425 110.1192 114.4837 109.6300
108.1800 108.2179 107.9208 106.7733 107.4738 107.8409 107.6635 106.8249 108.3585 106.9506 107.9415 108.0412 107.6037 107.6596 108.5324 109.5884 114.2514 113.5834 113.5007 114.3166 113.7729 111.7794 108.5690 108.6554 114.1689 109.2481 115.9211 110.9785 109.1558 114.5718 116.1121 114.4110 112.9463 116.1394 111.1102 109.8886 111.2568 110.0114 110.2212 110.5500
107.6700 107.7331 107.9074 106.2063 106.9741 107.5108 107.2756 107.2105 107.4564 107.8239 107.6762 108.5565 107.7779 107.2553 108.8139 109.1164 112.8255 109.0893 113.4876 115.5913 111.9391 112.0954 114.3963 109.7993 109.5315 114.4419 111.8167 113.6811 112.2479 114.5643 116.7236 112.5783 114.8640 111.4464 109.0591 110.7825 109.3684 109.7325 110.2499 110.7400
107.6700 107.8800 107.8900 107.4300 107.3700 107.6900 108.5400 107.4300 107.1100 108.2200 108.1600 108.5000 107.6800 108.6500 108.8900 109.0400 109.8600 109.4800 111.8900 107.1300 107.9600 107.7300 107.6900 108.2800 108.6600 110.3900 112.7100 113.6500 111.7100 115.6400 111.2200 112.4900 114.4300 114.3200 109.2000 109.1500 109.1500 108.9800 110.9700 110.1400
