113.3100 113.1100 111.1200 107.5100 103.8900 105.4100 112.2300 102.7200 101.5000 100.9700 99.1400 98.3800 97.3000 94.0000 91.9100 89.3500 86.0800 83.5400 83.6100 86.4000 89.3900 91.9600 94.0400 97.0700 98.2000 99.1600 101.0000 104.4300 105.4700 109.6100 107.6300 108.1100 105.8400 103.3000 103.2200 105.8500 107.3200 110.5100 112.3100 114.6700
113.0000 106.3467 106.9717 104.6390 106.6376 110.6860 104.1657 104.0283 99.6432 100.6001 99.3737 97.9931 96.4937 93.9185 90.2382 86.2032 81.7715 77.8884 77.9059 81.2156 85.7252 89.8696 93.2215 95.7284 97.6195 99.0768 100.3777 100.9808 102.0020 111.4571 106.6343 107.9982 105.1460 103.1894 102.7666 104.6672 106.7628 106.4007 111.8377 114.5500
105.4200 107.5260 105.7967 111.3489 110.2676 107.1090 104.9140 101.0859 101.7168 100.1463 98.9622 97.7098 95.7208 93.0570 89.0510 83.7798 76.1940 69.6652 69.7596 75.6125 83.1574 88.2518 92.2521 95.1433 97.2355 98.8145 100.0989 100.4767 100.4002 109.0613 114.7572 110.1269 105.3681 103.2982 102.6461 104.5588 106.6440 107.7271 111.5167 114.3200
104.8200 106.6779 104.9126 105.1520 108.3605 106.7030 106.8646 104.2784 101.5001 100.4042 99.0795 97.6889 95.6106 92.8216 90.6556 83.5828 73.6183 65.6875 65.3586 72.3485 82.2573 87.6829 91.9185 94.9544 97.1214 98.7354 100.0279 100.6989 100.3166 108.4727 114.2898 110.2722 105.4388 103.3501 102.6071 104.5027 106.5443 108.9302 111.7170 114.2600
105.2900 106.5987 104.9377 105.8879 103.6544 107.7070 105.3934 103.0385 101.4696 100.5695 99.2074 97.8509 95.7141 92.9128 90.5930 84.6198 76.6141 70.0757 69.4728 75.6982 83.3991 88.3639 92.3218 95.1866 97.2641 98.8303 100.1204 100.5446 100.4821 108.9773 114.5084 110.1387 105.3394 103.2872 102.6400 104.5735 106.6203 108.9786 111.7497 114.2600
103.8400 105.3260 104.8749 105.1433 105.2029 102.6976 103.3969 101.3499 101.8718 100.6920 99.5987 98.3724 96.1655 93.9361 90.6543 87.0626 82.1899 77.5305 77.3853 81.7098 85.9774 90.0627 93.3134 95.7934 97.6493 99.0880 100.3853 100.1487 101.2525 110.3479 114.3328 109.1814 105.0790 103.1380 102.7785 104.7402 106.8021 109.1911 112.0089 114.3100
103.7800 105.7868 106.0512 105.3576 104.9934 104.0126 103.9761 97.0617 102.2260 101.2816 99.9394 99.1291 97.4034 95.4089 93.1811 90.0014 86.9322 84.8411 84.6323 86.4583 89.2811 92.1700 94.7571 96.6302 98.2252 99.4601 100.6543 99.7090 102.7766 112.5671 113.7227 107.9331 104.6740 102.9285 103.0361 105.0116 107.1115 109.5248 112.3893 114.6000
107.4400 106.4852 106.0888 105.9578 105.0449 105.3089 105.3351 104.6261 101.4055 99.1287 100.5668 99.7546 98.5029 97.0947 95.3488 94.1272 91.4288 89.5370 89.5206 90.6329 92.3777 94.5242 96.6123 97.7560 98.9406 99.8661 100.5094 100.0288 105.4632 114.3755 112.2974 106.7280 104.1753 102.7125 103.4349 105.4019 107.5419 110.0013 112.9430 114.8400
107.0000 106.0631 106.0859 106.4023 105.7038 105.1507 104.9384 106.9333 102.3522 102.4578 100.8711 100.0319 99.4389 98.7598 97.4055 95.6099 94.0655 93.3812 93.2614 93.8526 95.1708 96.5606 97.5689 99.0100 99.6378 101.0276 99.5636 101.2971 109.4729 114.9845 110.1422 105.6859 103.6209 102.6300 103.9552 105.9120 108.0969 110.6201 113.6664 115.1400
109.3600 108.4601 110.0448 107.0015 103.3659 105.1989 109.0436 104.4525 104.4763 103.3301 101.4131 100.7067 100.0307 99.4696 98.5059 97.9219 96.4701 95.8749 95.8682 96.2133 97.1971 97.8207 98.7545 99.7273 100.3259 101.2768 106.0265 110.0415 112.5426 114.3968 107.6395 104.7034 103.0371 102.8843 104.5894 106.5581 108.7947 111.4038 114.5749 118.5900
108.0500 111.4782 107.5126 107.0945 105.4657 106.1220 104.8428 104.3401 104.7517 104.8109 102.9339 101.4560 100.5875 100.2201 99.3941 99.0758 98.0907 98.0140 98.0205 98.0486 98.7442 99.1092 99.8041 100.4079 101.6280 105.4681 108.5688 110.7143 114.4205 110.4680 106.0018 103.9230 102.5447 103.5229 105.3161 107.3482 109.6484 112.3808 115.7739 119.1500
108.0000 107.9056 107.1723 105.8701 104.8083 105.6869 100.7124 101.7219 102.6784 105.5289 97.4597 101.8975 101.6520 100.6913 100.5725 100.1664 99.7621 99.7063 99.6395 99.5995 100.0563 100.4566 100.8930 101.4717 101.7119 103.6729 103.8061 108.4889 109.5435 108.0187 105.4803 103.2395 102.7477 104.3832 106.1846 108.2667 110.6583 113.5373 117.2522 119.5000
107.9700 113.2987 106.7854 106.5782 104.6357 106.3864 104.1865 105.4436 101.4788 100.7821 104.6359 103.7064 103.6229 101.8708 101.7026 100.9185 100.3569 100.6753 100.6018 100.6639 101.1681 101.4132 101.4815 100.7461 111.1564 111.3171 110.1831 111.2698 112.6532 113.0328 110.2293 105.0438 104.0179 105.3446 107.2442 109.4206 112.0243 115.3865 118.9058 119.5500
112.1800 113.3385 109.4352 105.6670 104.8264 107.8765 105.5044 104.1527 101.9848 100.6646 103.9597 105.0284 104.2882 104.6417 103.6534 104.2130 104.3671 95.8124 95.2368 100.3264 101.7318 103.0802 109.0458 107.8602 107.0848 111.2313 108.3198 107.0009 111.7648 107.4388 107.5672 103.6901 105.3850 107.0148 108.4866 109.7419 112.4743 114.3532 117.8707 117.8000
113.6400 112.9059 108.8597 107.8830 104.4050 105.3985 106.6352 102.8001 105.9461 103.0061 100.6027 102.3917 103.3137 103.3577 107.0750 105.7903 104.8509 103.1398 102.2974 99.4446 104.2889 103.3230 104.3838 104.8443 106.9990 106.3358 105.1235 104.1351 105.1251 108.8711 105.0297 110.5508 106.4190 108.5300 110.6046 110.9678 111.5490 112.8527 112.1993 118.5500
113.7600 109.8152 111.3922 110.1459 105.0914 107.9081 104.1129 104.5961 106.6633 104.1219 102.1815 106.5230 104.9207 103.7563 103.8676 100.9781 102.8908 103.4605 103.6949 102.2464 104.4465 103.8002 104.3563 104.8894 105.7390 109.8116 111.4115 102.6659 104.8581 107.2331 106.5931 107.5933 112.4271 109.9254 110.0655 112.1866 114.5537 120.5936 117.9563 120.3100
113.7600 112.3452 107.2657 111.0249 106.7234 108.9486 105.6380 105.6505 105.4789 105.6594 100.4652 104.0097 105.9359 103.8508 107.0393 100.9828 103.6601 99.8807 100.1723 105.4505 105.3174 104.1726 111.9025 109.3724 106.8751 112.7061 105.0402 105.2300 107.2702 109.3905 110.8619 106.7524 118.2566 116.0690 111.7726 113.7811 119.7946 119.5085 119.4611 120.3100
111.5300 110.3449 113.4375 110.5490 109.6562 107.1533 107.8852 107.2250 106.6673 103.9121 105.3257 108.4209 107.2451 106.3425 105.4966 106.1613 104.8688 102.7396 101.3688 104.5674 105.5468 104.9328 108.0187 105.3646 106.7169 105.8180 104.6530 105.2889 109.6241 107.7042 108.5084 106.8434 115.6480 113.7060 111.8882 117.7806 115.8274 119.2705 119.7739 120.6800
113.9000 112.0221 111.2051 107.6277 108.4746 110.3568 107.1857 107.8068 105.4773 104.7150 103.7506 105.1209 105.9474 112.7530 105.7734 106.8263 107.0997 105.1871 105.0437 105.2356 106.0343 105.8708 107.1422 107.6687 111.3349 110.7849 104.7492 104.5280 108.7984 106.1245 107.2210 106.4633 113.0677 112.1013 113.2260 117.9120 114.5538 116.1710 115.9126 115.7700
110.1600 110.7214 110.4330 112.0762 109.9356 109.4927 107.4424 105.8880 110.5284 111.6452 104.1250 106.0882 104.7787 110.1534 108.3849 105.7041 106.0346 106.7061 106.3238 105.2636 106.3515 106.6689 107.5552 106.6264 105.3598 105.2285 106.5558 106.0746 109.7239 107.5179 107.4908 110.8927 115.0757 112.5278 103.7334 112.1742 114.9141 116.9144 116.3669 114.3500
111.0400 108.8197 105.8535 107.7674 109.8372 107.6326 107.4318 109.6587 108.7378 106.2357 108.7644 108.5655 111.3498 106.6727 106.7019 107.0625 106.7998 108.4329 107.9960 106.3670 106.8775 107.2155 105.3593 107.7505 105.0967 107.8152 109.0606 103.7445 107.5644 109.0921 108.6131 111.3879 113.4789 105.7157 103.0770 101.4639 112.0118 110.7262 118.5198 115.2400
105.9200 108.6368 111.2621 108.0701 108.5500 107.6965 106.9919 112.0273 110.8249 110.6326 111.6909 107.6325 110.4406 105.1045 107.1053 106.6800 106.9767 107.5549 105.4613 107.2297 108.5339 108.2329 106.5488 106.3604 105.8826 112.5696 115.5055 112.4883 113.9753 110.1803 114.0128 114.4534 101.8892 104.8770 105.5059 105.3758 107.3519 108.9505 116.6437 111.5900
106.1800 111.2968 109.5196 106.8189 108.2700 108.0812 108.1770 112.0467 114.0417 114.2022 110.2516 107.8662 105.9131 106.3236 107.9127 111.5664 107.1032 112.2760 111.4762 107.4299 107.6561 109.1935 105.8776 105.1990 107.6042 106.9009 110.0044 112.6196 116.2559 111.5994 114.2217 113.5326 107.0715 106.1047 108.2060 103.9479 104.2753 106.8389 115.6715 116.1200
111.7000 108.9118 105.9262 104.6532 109.1169 108.8167 112.0446 109.3776 115.7382 114.4748 108.2713 104.7917 107.6134 107.3619 109.2214 112.1645 107.4948 108.3790 111.4413 108.0571 108.0229 109.4526 108.2723 110.4534 111.1898 110.1265 110.6509 113.4163 117.5521 111.8204 109.9962 109.3468 115.4535 109.7114 105.8383 105.1898 105.8485 108.9679 109.6326 114.2600
106.5600 107.5543 108.5548 107.2843 108.3661 106.6990 109.0326 111.1483 110.4585 117.3047 110.1689 108.8653 109.1174 107.5484 109.0208 113.9562 108.1888 108.3587 112.3031 108.5223 107.0903 108.8552 109.3271 114.0465 112.9401 114.6821 116.4450 108.8573 109.3933 109.8058 113.0937 110.6690 106.4495 111.4244 113.4675 109.2732 107.2071 110.9884 110.0121 110.4000
107.3800 108.1635 107.4305 106.1157 108.5077 107.3763 107.5199 107.5852 109.2854 115.8423 111.2503 109.4929 111.8677 109.9321 109.8499 114.7944 109.5262 109.8352 109.8689 109.8809 109.5335 113.0536 108.7833 108.6557 104.8168 109.2643 115.8566 107.5513 111.2288 113.7285 113.9464 112.2761 113.6937 111.9489 116.4346 113.0857 111.6213 112.7536 110.6631 111.7000
108.0700 107.4499 106.1260 108.4259 108.9410 107.3129 110.2723 111.8644 109.0421 114.0772 114.8824 101.2420 112.6748 115.1941 111.6935 110.8466 105.5206 107.6968 108.2789 105.8024 111.1110 112.5440 108.3173 109.4936 107.3545 112.8911 117.1319 112.8493 108.7426 112.8279 111.9146 113.0759 110.2510 112.3309 114.0112 112.7519 114.6591 109.7272 112.2913 111.7000
110.0700 108.2801 106.9817 107.0271 108.2810 108.6235 109.7074 110.2263 112.6799 114.8286 117.0603 105.5254 109.4238 113.3751 107.5625 110.2733 102.4290 104.7296 105.6187 103.3590 103.7238 113.2637 105.1444 112.2463 111.1626 108.5342 114.3534 116.6866 113.7087 113.2532 114.0509 112.4712 111.5386 115.8333 114.9603 113.1093 114.9926 108.9337 110.7821 111.7900
110.7200 109.9063 108.9541 109.3016 111.7184 111.6167 110.9254 107.3784 108.9911 116.4316 113.9847 111.4173 112.1555 110.3871 109.6920 110.8401 109.0743 109.8644 105.1689 104.2628 110.6308 113.0007 109.2007 110.5430 109.1305 109.3572 111.2754 110.8462 115.6608 110.0226 114.6346 114.2429 113.0775 115.3776 111.3262 110.6555 109.8985 107.7489 108.1513 110.9900
113.5400 111.6886 109.0123 108.7979 113.1304 110.5327 114.0866 112.0675 109.9117 115.5745 113.3067 111.8796 111.4968 109.0741 108.3526 110.9918 105.5716 108.2556 107.4394 105.7034 109.2876 114.8265 114.0391 110.1636 110.3888 110.1538 104.7151 111.2089 116.4972 112.8896 115.4752 115.2873 114.2867 111.6054 110.8031 111.3159 111.0977 109.9929 109.6287 108.5900
109.9300 113.8288 113.2469 107.7301 115.9051 109.4682 111.3072 107.7274 113.2863 115.1161 111.7592 111.1919 110.7181 111.6509 113.0790 110.4222 109.7719 107.9101 108.9451 106.6271 106.6525 111.4497 112.2481 110.1169 108.6290 107.6550 107.8377 110.0928 114.6884 111.8276 115.4793 110.9058 111.0207 108.9146 107.9559 109.1831 112.8331 108.1652 110.8879 112.6500
111.8900 113.2449 113.5165 115.7330 115.1953 107.0455 111.9058 107.5501 112.5839 114.7574 112.1539 110.9933 111.2996 113.7139 114.1110 108.5801 111.8922 110.1732 107.9093 109.8498 107.4654 113.0762 109.2032 113.3957 111.8161 107.2121 112.0210 110.7491 112.0733 114.5311 116.9249 111.1773 110.4204 109.8278 108.9031 114.2937 114.7631 109.9245 110.4222 111.3900
111.5900 111.5576 111.7988 111.6888 112.4716 111.4212 117.6793 114.0490 111.7297 116.6725 111.7645 113.7314 111.7801 112.2569 112.7909 108.5887 112.3125 109.4252 111.0260 112.7412 111.2401 115.3756 113.5883 110.8346 111.2895 109.0468 110.3461 110.8400 108.3901 114.6050 111.6768 109.0481 109.8355 110.4822 108.6209 112.1169 112.7815 109.4707 112.8641 113.0800
113.1500 113.8380 113.1515 110.5903 111.8139 113.4188 116.2071 116.2707 115.3508 115.6865 114.8688 115.8047 111.5208 114.3894 110.6480 109.9717 109.1972 107.0212 112.9361 113.2603 111.7932 111.0841 111.1116 112.6691 108.2209 109.1438 111.1288 109.5983 107.3147 109.3305 112.3201 112.4610 109.5862 109.2122 110.3440 109.4080 111.3066 112.5848 110.6354 111.3200
114.9700 115.4159 113.2252 113.0596 114.9905 119.3623 118.5552 117.6822 110.9986 112.0337 120.1154 121.0774 108.4693 108.4753 111.7960 112.9088 111.5796 108.8764 110.6542 113.8557 113.9580 111.7927 114.5279 112.7565 114.0407 109.6545 110.8083 109.4580 109.6450 112.7028 114.7466 109.7451 111.7842 109.1251 108.8654 112.2901 115.1859 110.8207 113.3377 111.3200
117.5500 113.0067 114.5938 114.9338 115.2151 115.7111 114.9966 114.9696 111.2246 114.4418 111.0699 109.3402 109.1223 108.6299 114.8073 114.0567 111.0318 109.9170 110.3895 110.5415 116.7530 112.9471 110.7654 111.3229 111.4854 110.2991 111.0800 110.0718 109.5268 111.8620 115.9107 111.3692 112.7650 112.5811 109.5255 111.0034 112.8634 109.5520 111.4681 114.0800
115.9200 114.2337 114.4682 116.0049 116.3362 116.6565 113.6624 113.6370 113.0050 115.5041 110.5697 110.2976 110.0263 109.5858 114.7879 111.8340 110.6150 110.2699 112.3149 112.5281 116.4793 113.8044 112.7792 111.5363 112.0109 110.0782 111.6013 110.8041 111.0048 111.0800 111.5026 112.0054 112.0343 113.0342 113.6123 116.2968 114.2167 110.9772 112.5935 112.3300
116.9900 115.4654 116.3482 115.4383 117.5301 117.9648 114.3760 113.2530 116.2408 118.4104 113.7466 109.9436 111.4267 114.5646 112.2736 111.4879 113.7856 111.8818 112.6180 114.9560 117.3976 114.6990 114.8035 113.6885 113.1486 110.4487 112.2933 111.5437 111.4757 111.4542 119.6779 116.0924 113.5606 118.4302 113.6439 114.8984 115.1893 113.9833 112.5163 111.9000
120.3700 115.2016 113.6413 116.7453 117.3241 115.3485 114.4052 115.8354 113.8215 114.5676 113.5970 114.8095 112.3909 114.8242 114.4886 113.4982 115.7002 113.3058 113.2983 113.3550 117.2375 116.4893 118.3461 117.3888 113.7175 111.8753 112.9369 113.9948 111.9054 113.3267 113.4359 112.3143 113.2331 114.8503 113.0188 114.6022 116.2976 112.3238 112.5499 111.2000
120.3700 115.2800 116.1600 116.9500 116.0500 116.0900 115.0800 114.9100 119.0600 115.8600 113.0000 115.9300 112.2000 111.6700 111.9400 112.2200 114.1700 113.4500 113.4500 112.6100 112.6100 117.8300 117.8300 117.8700 112.8000 112.8000 113.3500 113.3500 114.5900 114.5900 113.7900 113.2400 114.2400 114.3400 115.0100 115.3700 117.1600 117.1600 113.5200 113.5200
