113.3900 113.3900 107.5600 113.7900 114.5100 111.2100 109.1700 113.8900 112.8700 109.4600 109.5500 110.9300 109.5400 115.7400 114.3000 108.2000 109.5800 110.6900 112.8700 115.2100 115.9500 115.0900 115.5700 115.5700 113.6800 115.4400 115.4500 116.4300 116.0800 118.2900 115.9200 118.3900 117.7100 116.9600 116.4700 115.8100 115.5800 115.2700 115.0400 116.7600
110.4300 112.7294 114.3776 113.7048 115.8098 108.2877 109.1570 112.9099 112.0904 108.5563 109.4371 109.2046 111.7434 115.8549 111.7284 109.3834 111.2837 109.5843 114.1857 115.1599 115.7437 115.3123 114.5176 116.2988 112.6487 116.5426 115.8906 115.7126 119.0234 116.9431 119.1455 118.7052 118.3305 117.4642 116.4785 116.0892 117.2334 118.2180 115.2124 116.7600
109.2400 110.9027 116.0708 114.5152 115.0450 107.5682 109.1899 113.7841 109.7712 108.0760 109.3138 107.7886 110.1028 113.1474 113.4407 113.0215 112.1081 114.5384 114.0291 114.8449 115.8070 113.6658 109.5126 114.4399 109.2551 114.3641 115.3859 117.4307 116.5763 115.5633 120.6278 117.5382 115.0982 115.4530 116.8303 117.0666 116.5208 117.5959 115.1664 115.3300
108.7200 109.3818 114.5826 113.8618 112.1497 108.1724 106.7031 110.5496 110.8380 108.7572 108.8328 114.0784 114.0588 110.7383 114.6934 108.6344 115.2784 112.4467 115.0147 117.0746 113.0440 110.5340 109.6800 109.4657 110.5095 112.6304 113.6671 113.8176 114.6951 117.3032 119.5005 118.9244 116.2154 112.5684 117.5591 118.5713 114.7620 116.9965 115.8451 115.6700
108.7200 108.9471 116.9193 114.3619 112.7518 112.7279 109.6096 108.9887 112.9146 108.0410 108.9785 108.8245 111.1895 114.0960 108.2966 115.1892 110.3165 110.1312 111.8699 110.1284 108.5901 109.4772 109.5673 108.9672 110.3055 112.4480 110.3751 110.4006 115.3523 117.7344 119.0106 117.3314 115.2299 113.2332 113.9897 115.4639 108.5762 114.4491 115.1575 115.6700
109.2900 108.9074 111.1525 110.9180 112.3153 110.4342 110.1286 109.0172 108.5507 108.2484 108.8229 108.3804 109.0974 110.2793 115.0959 112.7392 106.3299 109.0786 109.5901 109.5287 109.0509 108.0668 109.1877 108.5078 108.4510 113.2603 111.7959 109.8046 115.7926 115.8049 117.3321 116.6076 117.8854 112.1931 113.9963 109.8687 110.8340 111.8279 115.4661 114.0200
109.8100 109.7941 110.6045 112.9295 108.6028 111.6332 108.0259 108.2889 108.8439 107.8881 107.4135 110.9952 107.7512 112.4063 113.5396 113.7946 106.6866 108.4699 111.1621 109.6095 108.7684 108.9974 108.0912 108.3260 112.2247 113.0514 111.1718 110.0960 109.5877 113.2497 115.9042 117.1950 115.1837 108.8305 110.8095 109.9512 114.0569 111.9886 115.2905 114.0200
109.8100 110.0439 108.1110 114.6746 112.0523 108.8689 107.3603 108.5327 108.5745 107.3134 106.4348 108.0253 106.6817 110.6812 108.4748 107.1258 107.3004 108.2872 107.4860 108.5137 107.5253 108.2174 108.1565 107.6613 107.7396 112.3990 114.1254 115.6551 106.5292 107.8183 112.3832 116.9946 111.2881 114.6386 115.1571 117.1272 114.7138 111.0631 114.8825 117.2700
113.7400 112.4978 112.7010 108.2944 106.7538 111.2217 113.0103 107.8969 108.2548 108.2232 107.4616 107.8230 111.0138 113.3828 107.5806 107.7125 112.1204 106.5493 106.7357 107.1773 107.0319 108.3724 110.1737 115.9827 113.4038 113.2207 112.6284 111.7987 109.0141 109.9677 109.4516 109.4530 110.6153 112.7892 116.5242 117.0042 113.5906 113.0226 113.5905 117.2700
108.9400 111.9594 108.2080 108.1688 107.7643 106.6877 106.9587 106.1730 107.6116 106.9035 107.1495 107.8485 106.3435 111.3918 112.3531 109.5085 106.8799 106.9454 107.3496 107.6165 106.9367 110.7182 111.5483 109.3871 109.8608 111.3405 115.1331 112.2061 112.1210 108.5017 108.6124 109.6500 110.3599 114.4091 116.6099 114.7784 110.4180 110.1212 113.2579 109.7800
113.7300 112.7019 112.5635 107.4852 107.1528 107.0047 107.0391 107.0141 106.4916 106.1638 105.9265 105.9432 107.9338 105.6788 107.3030 106.5262 106.3459 106.9553 107.7010 108.1630 108.2436 107.5019 108.5683 113.7704 114.8476 114.1939 112.3069 108.6453 110.4364 108.6223 108.1946 109.7469 110.0380 113.3921 114.1370 115.2927 108.7750 107.9034 112.2496 112.8800
114.4800 113.3225 107.3850 106.2437 105.9738 105.6124 105.6456 105.4142 106.3697 106.4097 106.9752 105.9378 108.5746 106.7117 106.6606 108.9659 106.4775 107.2101 107.3764 108.0223 107.2455 107.9138 108.5942 115.1520 112.5553 113.4361 111.4964 111.9701 107.4747 108.4119 109.5336 109.3234 109.8915 110.0551 109.9631 110.7265 108.5586 109.5499 109.8270 113.2400
109.6200 110.2351 106.4389 106.8174 105.5637 105.7606 105.9335 105.8791 105.8408 106.5575 106.6977 105.3954 106.2188 105.5886 105.5143 106.2044 106.6704 106.5071 106.9242 107.1189 106.7606 108.2711 111.8174 110.2275 110.5261 109.6823 107.8500 114.6080 106.7337 112.7992 108.8898 111.9121 108.3943 112.3588 113.4530 110.7827 113.2909 114.0816 111.9532 112.7100
106.7400 107.4957 107.7262 107.1681 105.4631 105.1841 106.4215 105.6034 106.6717 106.6703 105.8015 106.5956 106.1576 106.1562 106.0634 106.4205 105.9809 105.5650 105.7585 106.3572 108.6126 109.3745 111.6814 106.0801 107.4946 106.9921 109.5263 110.6422 107.5494 112.5566 113.7118 111.7009 108.9738 110.3420 112.6373 109.8849 110.8697 110.6420 113.3990 112.9400
105.7400 103.4179 108.9413 105.2012 104.9948 104.6603 106.4064 105.5717 105.7986 105.1219 104.3961 105.7317 106.2481 105.6190 105.9096 105.8077 104.9697 106.3256 106.7613 106.4572 108.3028 109.6591 107.3501 106.4171 108.7671 110.2471 110.2341 108.1964 112.1763 109.1507 112.2202 110.4472 109.6805 108.4126 110.3915 112.9200 110.2619 108.9224 111.9176 112.5600
107.0500 106.2137 108.4178 105.1547 105.6884 105.3646 105.2039 104.6769 104.9866 103.9817 104.8886 105.7759 104.5682 104.8542 105.2251 104.6757 105.4407 105.7881 105.6303 106.7625 106.3655 106.1733 106.2790 106.7956 106.9382 107.1566 107.1157 108.3329 110.6518 109.7146 114.8277 111.3100 108.2167 109.2057 108.0650 111.5139 112.6467 111.8637 110.9186 111.4100
106.3500 105.8433 105.9151 107.5772 105.2608 104.8947 103.9097 102.9965 102.8347 102.8683 102.4509 104.0657 103.5039 103.4122 103.7921 104.1921 106.0237 105.9533 105.0063 106.0576 106.9649 106.5483 106.6554 106.5638 106.2501 106.8104 106.7349 107.8528 107.4223 108.4273 109.0324 110.2671 109.3903 108.2587 109.2022 109.1312 112.2602 115.2759 110.9439 110.4800
106.0700 106.4780 104.0962 103.9062 103.2818 102.6933 102.5653 102.2133 102.2707 102.2898 102.2004 102.0019 102.1742 101.9858 101.9586 102.4661 103.5728 105.9038 105.7441 105.4872 105.3424 105.8751 106.1424 106.7721 106.6921 106.1228 106.4805 108.0527 108.0174 107.7090 107.8480 108.7840 109.2213 108.2647 109.8219 109.5464 109.2385 111.3365 113.2424 115.7000
104.7600 105.2872 103.4076 103.0272 102.6329 102.2120 101.7685 101.8305 101.3829 101.3458 101.3019 101.2531 101.1473 101.1898 101.6722 102.4040 102.5402 103.5086 103.8398 105.9230 104.7009 105.6110 105.4157 105.3026 106.3597 106.1926 106.4526 107.5359 107.5140 108.4720 108.1675 109.2702 107.8639 108.6534 109.8274 109.5550 111.3404 108.8672 113.1482 110.6200
103.5300 103.5686 102.8498 102.4003 101.9939 101.2103 100.4612 100.7225 100.2916 100.2059 100.2524 100.2643 100.4777 101.0458 100.5948 101.8734 102.1334 102.6017 102.9827 104.7349 104.0020 106.0041 105.3619 105.0904 106.3631 105.7153 106.7758 106.6728 107.3489 107.8771 108.6208 107.3154 107.9719 109.3307 108.0282 113.9704 113.5090 114.2232 108.6981 109.7900
102.9800 102.8196 102.2152 101.5233 101.0786 100.5874 99.7278 99.8118 99.4117 98.9475 98.8205 99.2108 99.4947 99.3405 99.8263 101.1127 101.3192 102.0601 102.6685 103.3331 105.5819 106.0634 105.2588 106.1042 105.4094 107.1745 107.2269 107.4412 108.1108 108.1565 108.4013 111.3477 108.8800 108.1189 113.2421 109.9988 110.5271 111.3873 111.3835 111.1800
102.7700 102.3596 101.7713 100.9577 100.2070 99.4694 98.6388 98.2926 97.7679 97.5073 96.9384 97.1688 98.2063 98.1380 99.2753 100.1392 100.7464 101.3838 102.0449 102.1819 104.7193 103.7458 104.7047 105.8637 106.9421 106.5232 107.7640 105.9344 107.5534 107.2157 108.0656 108.5619 109.2159 109.1701 113.5893 114.9580 114.4379 111.9864 110.2946 108.9000
102.3600 102.0362 101.4799 99.8945 99.2160 98.5389 97.4356 96.3769 95.8043 94.2656 94.8187 95.7791 96.7872 97.0278 97.4795 99.0120 100.1257 101.1667 101.7506 102.1844 102.7842 103.3454 104.7124 105.8610 106.4529 106.4787 107.1994 106.5672 106.7635 106.6769 107.5096 108.0319 108.6976 110.9353 110.5305 114.3960 115.2811 115.2655 109.5210 110.8900
102.0600 101.7272 100.6307 99.2012 98.2779 96.4307 96.1952 94.7466 92.9048 91.2294 90.9209 92.6555 94.4751 95.1187 96.7019 98.0634 99.2624 100.4836 101.3135 102.0728 102.4449 103.0297 104.5946 105.4682 104.8697 106.2313 106.1791 106.7771 106.5553 108.1542 108.4747 109.7699 111.2577 113.6456 113.6499 114.6818 114.9632 109.9818 112.1394 107.4900
101.9300 100.6591 100.0283 99.3827 97.0718 94.6319 92.8185 92.1775 89.6023 88.9252 88.0947 90.0409 92.9869 93.3247 95.0885 96.5386 98.4276 100.0139 100.9037 101.7998 102.1164 102.8066 104.2217 104.6436 104.9492 106.1203 106.8335 106.2255 107.5053 110.0468 108.0486 109.7889 112.2801 108.2004 112.0660 114.5980 111.7310 111.5155 109.4029 108.1600
101.4100 100.6277 99.2061 98.1156 96.7565 94.6161 91.7997 89.8485 86.3348 84.9989 84.2798 85.7829 89.4905 90.9053 92.9960 96.3883 97.6125 99.6131 100.4912 101.4415 101.9698 102.7189 103.8801 105.6114 105.4245 105.1277 106.1601 109.8575 107.0163 105.8043 107.8020 107.7051 108.5001 108.3124 109.9523 110.3871 109.2108 112.3277 109.5161 109.3100
101.2400 100.5879 99.2779 98.2087 96.6917 92.9977 89.5804 85.8741 82.6445 77.8709 76.4750 80.3615 84.8324 88.7649 91.6918 95.1459 97.6337 99.0391 99.8748 101.0998 101.8375 102.5594 103.3806 105.9349 105.8013 105.4457 105.3680 106.8160 106.0164 107.2215 106.7141 106.9718 107.4951 108.1377 108.5279 111.7568 113.2280 108.6743 108.4627 108.1000
101.2900 100.6316 98.8758 96.2568 96.7545 91.6760 88.0951 82.7577 79.3058 68.1511 67.3265 73.8471 82.0158 87.1830 90.7475 93.9715 96.6694 97.7103 99.5075 100.9701 101.7161 102.4188 103.0970 104.0108 105.7445 104.7648 105.1525 105.7323 106.1674 110.8443 110.6986 108.4203 110.9369 107.2426 111.0604 114.2732 110.9429 108.1263 107.6760 108.4700
101.4300 100.7720 97.6578 97.0683 96.6594 91.2946 88.2296 82.6055 74.4795 63.6223 63.2245 70.2875 79.8395 86.0199 91.2664 95.2435 96.8517 98.5472 99.5918 100.8099 101.5527 102.3384 102.9461 104.2654 104.8428 104.8936 106.3249 105.6948 107.1269 108.1492 108.0396 107.3011 108.4013 108.3370 108.6652 109.8346 109.8023 112.2693 110.5186 108.5400
101.4400 100.8071 97.6819 97.1602 96.8074 91.4331 88.5023 83.1322 75.6786 65.8333 65.7207 72.0840 80.4654 86.3838 91.6367 95.5349 97.0869 98.6772 99.6424 100.8255 101.5653 102.3739 102.9226 105.6956 104.4645 104.9277 106.4270 105.7343 106.5945 108.3573 107.4389 107.0870 108.0816 108.8147 108.6373 109.5145 110.6716 113.5422 109.3044 109.4800
101.6100 100.8633 99.5908 98.2767 95.9349 92.7857 88.9546 84.3033 78.8749 74.3102 74.4674 78.0984 83.5216 88.1642 92.3645 96.3837 96.6368 98.2613 99.9847 100.8755 101.6873 102.4646 103.2334 103.8650 106.1897 104.6835 107.0097 105.7515 106.0207 106.9862 108.3248 108.7120 109.0648 107.8647 107.8726 114.1419 113.9602 110.2455 110.6413 111.4600
101.5400 101.0339 99.9670 99.1004 97.3817 93.5106 90.8049 88.1520 87.4297 82.4891 79.8834 83.3899 86.7306 89.8044 93.2732 96.8930 97.6742 98.7708 100.2059 101.0100 101.5609 102.7018 103.3608 105.0421 104.7464 105.8423 105.1201 105.8857 106.3551 107.2156 109.0638 111.6607 108.3712 108.5895 109.3032 114.7689 109.3409 110.6158 110.2557 108.0500
101.4900 101.2197 100.4383 99.0651 97.6385 96.2324 95.4356 93.6948 93.7018 88.2629 87.0716 88.2989 89.9565 92.6431 96.1640 97.0894 97.9637 99.4880 100.6006 101.4058 102.2191 102.8955 103.3931 105.8006 106.2305 106.3791 106.0422 106.5687 107.9707 108.1580 107.3941 107.8986 108.8286 114.1089 112.7425 113.1523 107.3409 108.0792 108.6253 108.8000
102.0600 101.7306 100.7464 99.8279 98.8050 97.5601 96.8721 95.6980 94.7485 92.5044 91.9716 92.2263 93.8066 95.0514 97.1134 97.6973 98.8552 99.8703 101.1214 101.8845 102.5235 102.9795 104.2665 106.4633 105.4726 105.9643 106.0450 107.3549 107.5311 107.6105 108.4615 108.6418 111.1775 112.0827 111.0859 109.7625 109.5510 108.9330 110.6826 108.8000
102.4200 102.1241 101.4085 100.6342 99.8924 99.0223 98.0914 97.5664 96.0414 95.1290 95.4574 95.2077 96.2850 96.8846 97.9855 99.2567 99.9225 100.8232 101.5121 102.2397 102.8785 103.1978 106.0665 105.9790 106.2443 106.1020 107.2720 107.0879 109.0437 111.1329 109.1121 107.6827 110.9166 110.0019 109.7585 113.5838 113.4370 115.0399 112.9024 114.5600
102.9600 102.5121 101.8340 101.2857 100.6450 99.9858 99.3895 98.8818 97.9729 97.3994 97.5051 96.4608 97.1963 98.1349 98.8414 100.3135 100.5704 101.4204 102.0618 102.4853 103.2412 103.7485 105.5006 105.7769 106.1040 106.4935 107.2337 107.2270 107.5357 108.1443 109.3337 112.4996 110.0673 112.9777 111.9351 110.9742 114.0345 115.3644 110.7566 111.7800
103.7100 103.0166 102.3832 101.9120 101.4091 100.8961 100.3229 99.6766 98.9874 98.8151 98.4376 98.5134 98.8383 99.6383 100.0485 100.7596 101.1362 101.9574 102.5167 103.0332 103.3882 105.1182 104.5504 106.6523 105.9759 106.1247 107.1205 106.6861 108.3459 108.3447 108.5969 108.5813 111.2462 115.3122 112.7083 110.9432 116.4308 108.9774 114.5003 110.5000
103.7700 103.3917 102.9267 102.4955 102.1151 101.7274 101.1626 100.7117 100.1867 100.0626 99.8777 100.1344 99.7960 100.8450 101.2444 101.5658 102.0947 102.5572 103.0131 103.4693 103.8914 106.4702 106.0573 105.7941 105.5690 105.7001 106.8915 107.2306 108.5324 108.3866 108.4279 108.9150 113.7538 109.5319 113.1191 122.0028 116.1771 114.1631 109.5023 107.5500
104.2900 103.8225 103.1142 103.0628 102.6681 102.2472 101.9136 101.7059 101.3934 101.3004 101.1183 100.9775 101.0944 101.6610 102.0384 102.3763 102.8397 103.2017 103.4111 104.5907 105.4479 104.7686 105.4614 106.2045 105.7158 106.9068 107.1907 107.4687 108.7557 108.4065 108.0384 112.9654 111.2936 110.7314 115.0665 110.4376 113.1990 110.9585 109.7930 107.5800
104.3800 104.0800 103.7100 103.3200 103.3200 102.9900 102.6100 102.0800 102.0800 102.0800 101.2900 102.0300 101.8900 102.1900 102.2300 102.9000 103.2700 103.5800 104.6800 104.5600 106.2100 106.2100 106.0900 106.1600 106.1600 106.7200 107.3800 113.0400 108.6000 113.9500 108.5300 109.9200 109.0200 114.9400 115.5600 115.8700 113.7900 114.7100 108.9400 110.6400
