92.7600 92.9100 93.0700 94.9000 94.9000 96.9000 96.9000 99.0800 100.3400 100.7400 101.9400 103.5200 104.7700 104.9900 107.5100 110.7800 105.6000 105.5500 105.5500 105.0600 107.1800 106.9400 107.8900 110.0200 111.1700 116.8500 115.9500 112.4500 118.3500 119.3700 119.8600 119.4400 117.8800 117.1800 115.9400 112.8600 112.5400 114.0800 113.7100 113.3700
92.7600 91.4749 91.5791 92.4027 93.4600 95.1648 97.4280 98.5343 99.6295 100.2702 101.1662 101.7987 104.3037 102.9935 104.6408 106.0731 105.6226 105.3480 104.9887 104.9398 107.0139 106.8331 107.8162 109.4158 110.9362 115.9850 115.2693 116.2759 116.6833 117.8185 118.2541 118.4654 117.7125 117.1016 116.3528 115.6391 115.5763 116.4054 113.4324 113.4000
89.0000 87.3371 87.5743 89.9502 91.8343 93.2998 95.8816 97.7801 98.6660 99.7728 100.6476 101.6864 103.9091 104.9802 105.1487 105.6713 105.4362 105.2006 106.4656 105.4988 109.6821 113.6620 110.3904 108.2953 110.3621 111.5754 113.5050 114.4362 117.0403 117.2513 118.3184 119.2899 118.0496 117.1776 116.5362 115.7175 114.6580 115.8333 113.5236 113.4200
85.1800 81.7695 83.7213 86.9339 89.7475 91.4454 94.3208 95.9859 98.1934 99.7401 100.6622 101.3141 104.6127 103.8532 103.6267 104.7366 105.5121 105.3876 106.2755 106.1396 106.1093 105.7900 109.4994 108.2897 110.3619 111.6872 113.4919 114.5328 116.7345 117.4705 118.8489 119.9438 118.4300 117.3859 116.6374 115.8735 114.9682 114.2684 113.7746 113.4400
80.1800 76.3088 77.6417 82.8269 86.7123 89.9648 93.2727 95.5335 98.2624 99.4717 100.5150 101.1033 103.9088 103.3773 103.8688 104.8467 105.7857 105.6446 106.1695 106.0003 106.9205 106.6626 109.3520 108.3371 110.2211 111.6994 113.3900 115.0351 117.4171 118.1012 118.6447 119.1080 117.7944 117.3451 116.3474 115.6354 114.9601 114.3132 113.8008 113.4500
74.0100 68.2731 70.1098 78.8609 85.9717 88.7196 92.3839 96.3308 98.4745 99.5638 100.4105 101.0233 102.4390 104.3163 104.8336 105.6974 105.6259 106.6956 106.1154 105.6946 106.8825 107.4219 109.1030 108.5298 110.0232 111.4497 113.1676 114.4868 116.0850 117.2659 117.1261 115.9004 116.7303 116.7714 115.8177 115.2796 114.8974 114.2207 113.8114 113.4800
69.6900 62.4297 64.5775 76.9630 85.8186 88.2024 91.9980 96.0936 98.3447 99.6682 100.5043 101.1978 102.0153 103.0513 104.4818 106.1419 104.3467 106.6850 106.4606 105.5776 106.3504 108.1393 108.0219 108.6746 110.0952 111.1787 112.7656 114.2734 115.8557 116.4676 117.3142 115.2051 117.4344 117.2954 116.0426 115.3799 114.8393 114.2810 113.8154 113.4900
69.6900 66.1895 68.7827 79.5679 86.7430 89.9513 93.2741 95.9310 97.8302 99.7592 100.8336 101.3235 102.5122 103.8918 104.0664 105.7461 104.4946 106.2044 107.0618 106.7423 107.1794 107.9186 108.1342 108.3592 108.7114 111.3161 112.6609 114.0676 115.5745 115.9458 114.1834 113.2795 115.7290 114.7578 116.2152 115.4120 114.8552 114.2771 113.8141 113.4900
70.7600 74.8722 77.2940 82.9127 88.5524 90.9691 94.1012 96.3601 98.2414 99.6270 100.6066 101.5743 102.4136 103.9201 104.4461 105.8790 104.3761 105.6751 106.4681 107.0922 107.8868 108.1078 108.2025 107.9401 107.9451 111.4192 112.3785 114.3001 115.4534 115.9160 115.3474 115.5721 112.3511 113.6096 115.5064 115.2540 114.5587 114.1296 113.7453 113.4500
87.5200 84.3192 84.8441 87.6515 90.7056 94.3653 94.9433 97.1230 98.6537 100.1507 100.8309 101.9233 102.9280 105.0887 105.3989 106.5071 105.8287 105.0119 112.2734 107.5111 107.5884 107.6644 107.9081 108.4188 107.8913 111.6670 112.6577 114.0019 115.2725 115.7995 116.0341 117.0301 111.5432 113.9616 116.1174 115.1478 114.6093 114.1627 113.7098 113.4600
92.0600 89.5865 90.2982 91.1300 93.3045 94.8136 95.9834 98.4957 99.6124 100.3247 101.4300 101.9466 104.0594 103.3138 104.5755 106.2837 104.9264 104.9809 104.6513 110.7487 112.2754 111.3513 113.2631 107.0267 110.3829 111.9483 111.5988 114.4471 115.2947 116.0576 115.1419 114.6886 114.0857 113.7817 114.4065 115.0809 114.5087 114.1235 113.6532 113.4400
94.1400 93.2100 93.0314 93.8240 95.7526 96.6156 97.9720 99.4304 99.9849 101.2444 101.8203 102.6648 102.9967 104.8572 105.3485 109.2646 106.2155 106.1877 107.1864 105.9667 113.9620 113.1598 113.8983 114.0959 113.8039 114.1528 115.5290 114.5371 116.4584 116.4419 115.7365 115.6696 113.8520 112.1179 116.0614 115.0759 113.3949 113.9536 113.5500 113.4300
96.0500 95.4520 95.8350 96.1919 97.7786 98.3897 98.6361 100.0448 100.8121 101.6501 102.2861 103.5210 104.2317 105.8071 105.9385 108.0032 107.3611 108.5155 105.9692 105.6114 109.2021 111.3556 109.8009 109.7048 110.6445 114.7758 116.6660 116.1733 116.9725 113.7334 117.8860 117.7524 112.5988 112.8490 115.9010 115.1679 112.8403 113.2207 113.3820 113.4000
97.7700 97.3932 97.7675 98.6038 99.0763 99.2806 99.9938 100.7339 101.5386 102.2122 102.7703 103.8922 105.5695 104.7271 105.8460 105.6977 105.7259 107.4904 106.9060 107.9036 107.0899 112.8522 111.2167 113.5134 112.6069 112.3644 113.2040 115.3960 115.0321 111.2920 113.6039 111.7601 109.4374 115.4180 115.5990 115.9441 113.7548 112.4999 112.6326 114.5400
99.1800 99.1607 99.4180 100.0078 100.1265 100.8340 100.8602 101.5959 102.2231 102.5140 103.3181 103.8048 105.2471 104.8348 105.4780 106.3417 106.3284 107.5677 106.5413 107.0390 108.0945 108.6651 108.9906 111.0647 111.3344 112.1178 114.1705 112.9593 106.1713 107.5934 111.4468 108.2912 108.7536 109.9851 114.3413 115.2926 113.4434 116.9534 114.9434 111.0400
100.5300 100.6326 100.6822 100.8177 101.0942 101.5673 101.7505 102.2131 102.7417 104.0491 104.6561 105.4398 105.6316 105.1930 106.2832 106.8531 106.9203 107.7184 107.1869 107.4789 109.0168 108.2132 107.6447 111.6180 114.5605 109.4525 112.1397 109.7247 109.2783 112.9975 108.5863 112.5300 108.4102 111.5360 112.2347 115.8572 112.9853 111.6279 109.9666 113.8900
102.1800 101.5510 101.6725 101.7652 101.9103 102.2353 102.9924 103.3250 103.9124 104.4007 105.4618 106.3860 104.9152 106.5009 107.1565 106.3588 106.2673 107.7425 106.8824 107.7642 107.7577 107.7635 108.1964 111.3188 113.0996 110.1938 111.6358 110.1557 111.0805 115.3680 109.5785 114.4899 107.1616 110.4799 109.5228 117.7141 114.9249 112.4308 108.8955 110.9900
102.1800 102.1546 102.3150 102.4514 102.6238 102.7547 104.5168 105.4482 105.8133 105.9158 105.3222 106.6220 106.0489 106.9123 107.1679 105.6325 106.6489 107.1642 107.0555 107.5636 108.5202 107.1881 111.5560 108.0270 112.2295 114.5058 112.3268 108.3170 107.1653 107.8325 111.6130 112.6988 113.9069 109.2238 109.0445 111.0994 109.7227 110.4444 110.9516 115.6800
102.6400 103.0809 103.8659 104.6565 103.2763 104.3320 105.3183 105.2472 104.4745 105.1667 106.7140 106.2726 106.8462 106.8006 106.8134 106.6530 107.3346 107.8788 108.4036 108.5816 108.7905 111.5157 113.3672 109.0342 109.4636 112.9488 114.1605 108.5238 107.8568 108.9124 113.9483 113.3467 109.3775 107.3943 107.7480 109.7872 110.1192 110.2029 110.9520 110.4800
105.9100 105.1964 106.5457 106.5918 104.7616 105.2834 104.3220 104.5274 104.7625 106.1732 106.4911 106.3010 107.0625 106.7408 106.7854 107.5815 107.5908 108.0566 108.6941 108.6459 108.9013 108.0374 114.0236 108.0832 109.4320 111.9178 111.5392 115.1310 110.5566 113.8496 118.1794 116.0267 108.0194 113.8341 119.6379 114.3160 112.1821 109.7309 110.7741 111.1500
105.1800 105.2902 106.6800 108.7435 106.6634 105.3023 104.5182 106.1420 106.7263 105.8454 105.3183 106.1422 107.5644 107.3096 107.3914 108.3569 108.0596 108.6788 108.8350 108.6916 111.3556 108.9421 107.9097 108.5216 109.2883 110.2399 110.5560 112.8658 113.3570 110.3586 116.9818 109.9916 108.0603 118.6502 119.3156 118.9449 117.7391 116.0065 111.5564 112.5000
106.4500 106.9939 103.9362 104.9407 106.5884 105.4273 106.2237 106.6041 105.5276 105.6277 109.4011 112.6364 112.2243 107.2353 107.5974 108.1276 108.1072 108.8233 109.0174 109.2205 108.8558 112.5374 109.1516 109.4352 109.4703 107.9598 109.6176 108.1580 109.4695 109.7746 112.3390 110.9785 113.2687 117.9288 113.3185 113.7500 117.4120 118.4816 113.3990 111.3700
105.8100 105.0974 111.6605 109.0838 105.1994 106.3718 105.7404 106.9654 106.6060 105.8927 111.1465 105.0609 106.4056 109.1064 110.1880 108.7814 108.6126 108.0031 108.8912 110.5074 108.9845 109.7501 112.1013 109.4773 113.1768 110.0551 114.5077 110.1036 110.2350 111.5636 113.2633 115.9280 114.1267 116.6338 112.0497 111.6296 112.8360 113.6472 108.7654 110.0600
110.7400 110.2570 111.6362 110.9269 106.5853 105.7138 108.1553 107.2091 108.0192 106.4186 107.0553 112.0836 110.9252 113.1778 114.4608 109.2408 108.4464 108.6002 108.9390 110.0680 115.9738 110.3893 108.8661 110.3048 112.8640 110.6450 110.4568 111.0882 109.8694 110.0282 112.5045 115.2371 116.6386 117.1046 116.8461 115.8586 111.7829 114.4749 109.3919 110.9300
106.1300 107.9513 107.4274 107.3685 113.0631 107.7418 110.2260 107.4134 107.4264 108.2527 107.8871 109.7087 107.2953 110.9916 113.1081 112.8157 109.8894 111.8934 108.5725 108.8318 107.8405 112.6676 112.8306 110.9192 113.0520 111.2800 111.4204 109.8805 113.0301 109.7712 111.0171 112.2076 115.8645 118.5273 114.4090 112.5238 110.0100 113.2593 112.3841 110.1700
106.2300 106.2179 111.4439 114.5186 108.5234 108.4078 109.1293 109.9118 108.5820 112.7929 105.2956 109.2998 110.8934 115.2823 112.6974 112.2809 113.2243 110.2988 108.5065 108.5177 109.5963 111.5262 113.3078 112.7753 113.7100 113.6749 115.0385 113.6885 114.0590 112.3520 112.6436 112.6574 112.5194 118.1910 108.7554 109.2049 110.1422 112.4592 111.4771 110.6600
107.1900 106.4177 112.8159 111.1710 111.9368 109.4323 111.3959 111.3678 107.4211 108.9909 108.7031 108.8522 107.6123 113.0427 114.6309 111.8080 111.7106 110.2192 112.1289 108.8759 109.6738 109.4805 110.2465 114.6187 115.5091 116.4469 115.0045 110.5122 114.2189 115.7239 111.7943 110.4977 109.2102 117.2856 116.5929 111.5910 109.7231 112.1540 112.4303 111.5100
106.3100 108.0142 109.1107 112.0877 112.2907 108.4338 108.0296 109.3760 113.4573 112.6577 112.4568 107.8044 111.1546 115.2528 114.6225 115.1961 114.6517 113.8254 114.5420 111.4182 113.2744 108.8158 109.6612 114.9789 110.0523 112.8377 112.8229 113.3477 116.5968 112.8132 113.8537 109.4636 112.6865 114.2873 118.8634 111.5003 111.3227 110.1531 112.0299 110.2100
114.3800 113.8859 108.3782 109.9754 111.0139 109.4728 109.2001 108.6587 112.6136 112.6782 109.8007 108.6876 112.4572 112.2994 114.4084 114.2994 115.6800 114.1937 116.8927 111.0503 114.7370 112.1734 111.7753 110.1633 109.6677 109.9478 113.8211 110.6848 113.9537 117.9875 115.4585 111.3852 113.4521 114.9461 112.1806 110.2477 111.5531 109.2168 111.5863 113.1100
108.6200 111.6544 104.4432 111.3758 113.2952 110.3150 109.8298 114.0558 113.9729 112.1344 108.7274 107.9597 111.1680 113.6178 113.9145 114.9858 117.9647 116.5128 115.9108 115.3722 112.6213 112.8551 116.5222 114.1943 111.4715 110.8177 112.1345 110.2562 110.1541 120.1031 116.8569 111.9751 109.4464 111.8794 112.2303 111.2082 111.2207 111.9563 111.5623 109.8600
108.6200 104.4449 106.7507 106.8772 115.1583 105.5587 110.1096 114.4650 113.6917 114.3546 107.7133 109.5311 112.5798 112.0794 115.1223 110.0261 113.8362 116.8522 116.7150 114.9369 113.3136 113.3351 115.6984 114.6375 113.8646 110.0145 113.6085 108.6380 111.0490 113.8393 116.4029 112.2313 113.9546 110.2273 111.4815 112.1520 110.8515 110.6918 110.2098 110.2300
111.4900 108.6593 109.4366 113.1979 108.9383 112.4279 112.8905 113.2023 112.7559 113.2000 108.7411 112.9204 110.5708 109.4913 111.4928 109.4578 114.1818 114.4207 112.1895 113.6093 114.4376 113.2816 113.1952 114.0031 116.5107 111.3338 111.0765 112.5399 110.7619 115.8710 115.2385 112.4597 116.1491 112.9552 110.4542 111.5823 110.2087 110.7764 110.3083 111.6000
116.3500 116.3913 113.2424 113.5026 113.2698 112.0164 113.7041 108.9865 112.5861 106.2693 116.3606 113.6911 115.3065 110.2570 117.2100 113.8848 115.1162 116.9869 115.6355 115.3565 114.2549 117.3598 115.2180 112.8291 110.9070 110.5340 109.2556 111.9119 109.4585 110.7976 111.1509 114.5008 113.0831 114.0106 110.9932 109.2709 110.0821 110.5424 112.9333 111.9500
116.2100 116.6555 112.1956 115.2414 115.0014 111.7339 110.1874 106.6040 111.3936 112.6789 116.5749 114.3406 115.6917 114.6530 111.8613 115.0975 117.0548 117.5488 117.8486 114.6550 115.3599 117.8340 114.1650 114.0842 109.2803 110.0365 109.0929 109.9387 108.9880 110.3376 111.0453 113.3169 112.8320 110.2874 110.4921 113.9414 110.5999 111.2530 112.9048 111.1300
116.8200 112.8906 111.1455 114.5795 114.9139 109.0881 113.9165 111.3854 112.3536 111.1930 115.8858 112.6552 117.0863 115.7768 111.9302 116.7747 114.1079 116.6383 117.6441 113.3442 113.8519 116.8465 114.4545 117.3282 112.6199 110.5299 109.9819 109.9418 109.8051 110.1527 109.7976 109.1390 111.8692 109.6951 111.1975 111.2660 110.0756 112.5569 112.0329 112.0700
113.9000 114.1968 114.2416 111.5691 115.2072 110.9370 112.8735 112.7795 108.2244 116.1429 116.6616 111.4837 110.2440 113.8763 117.7669 114.9349 117.7631 116.9637 118.0177 110.0716 110.2301 120.2687 116.5605 112.5539 108.9425 109.3216 110.3170 112.0038 109.5701 110.2341 110.0510 110.6484 111.5363 109.6311 110.2922 111.5843 110.7745 113.2972 111.9302 110.1300
111.6500 116.0076 116.7903 111.4718 115.7202 109.6818 109.9643 115.2912 110.6389 114.1645 112.5495 111.3046 115.6579 113.9049 118.7656 110.2457 116.9734 119.1144 118.1221 111.6462 110.8591 115.5773 108.5854 110.1997 111.0978 110.0491 110.9418 109.9852 109.7155 110.2650 111.8399 110.1919 109.2314 111.3909 110.6589 111.6191 111.3363 111.0150 111.8479 116.5700
111.6500 116.5472 112.8074 112.3076 116.3873 112.3467 110.4595 112.3997 109.3565 110.0557 114.7595 113.8741 116.4359 116.4440 116.5767 113.5714 113.2680 113.7969 114.6397 113.8741 111.3207 116.1625 113.7222 112.4621 117.6267 112.5010 111.0583 110.6386 111.6729 110.0995 110.4981 111.4740 110.7909 118.7086 109.2004 111.3379 111.7460 112.8260 111.7889 114.4900
117.3500 118.8865 114.3350 112.8058 117.2486 109.4918 111.1113 112.0271 109.8270 110.1495 109.3792 116.6210 112.2037 118.2713 115.8315 113.4635 112.2417 112.3138 119.2693 112.6096 113.8934 117.5813 117.6615 113.0048 112.9799 113.0003 110.9102 111.8644 111.6639 110.5868 111.0361 110.6667 110.9262 114.0374 113.4707 111.6442 110.7819 112.2827 111.2778 118.1300
118.3900 118.3900 118.5300 110.2800 117.0500 116.8200 111.1000 116.8100 109.8800 109.0400 110.7300 115.6700 115.1100 112.3600 112.3600 118.9700 112.5800 112.5800 113.3800 119.5900 118.0600 111.7700 115.1400 112.7500 113.2300 114.7500 111.7400 111.5700 111.5700 111.8200 110.4900 110.4900 110.4900 112.2800 111.8000 113.5900 110.2200 111.8300 113.9700 113.9700
