106.8100 106.5900 107.6700 112.9600 112.2300 108.6300 106.3200 106.3300 106.0600 104.3000 105.3700 105.2100 104.9200 108.4100 108.3700 109.0300 110.0000 101.5400 101.5400 103.1000 106.8500 106.7000 109.3700 111.3900 111.5200 114.8500 112.3200 108.9700 105.0900 103.9700 103.9700 105.8400 107.0300 109.7000 109.7000 112.6700 114.6300 116.7900 120.2900 120.5200
107.5500 106.8378 107.0850 105.9126 111.6139 104.9226 105.5236 105.3678 105.7576 104.0409 104.4518 105.0863 104.0732 108.5677 106.1216 104.3941 100.3120 100.4114 104.1329 102.3203 102.2199 103.8005 105.8490 108.2089 110.9423 113.7256 113.9891 107.1878 106.2651 104.7143 103.7594 104.6347 105.9684 107.4532 109.0925 111.2341 111.3496 112.3456 119.6189 120.2200
107.7600 107.1577 106.9193 106.3484 106.6983 106.7058 104.6532 104.3351 104.2348 102.8996 104.0448 102.7665 102.3957 107.4172 102.1473 101.1759 101.0189 100.8512 101.0661 100.8629 102.0695 102.0002 102.2930 103.8233 107.0250 110.3594 112.3094 110.1478 107.8651 105.9177 104.7542 103.9620 104.9636 106.3330 108.0623 109.9194 112.4547 112.0762 117.1461 119.3700
107.4900 106.8996 106.2142 107.1600 105.2553 106.4346 105.6173 105.0216 104.7258 103.5996 103.7594 103.1552 100.7866 100.5357 99.8845 100.1345 99.8271 99.7869 99.9211 100.1948 100.4476 101.7648 101.4224 102.5823 109.2342 106.5430 110.7215 111.3183 109.5285 107.2006 105.2642 104.0587 103.9569 105.4952 107.2708 109.0369 111.0037 113.1589 115.3693 118.5200
106.6800 106.0815 105.6271 106.5959 105.9464 105.5572 105.3780 104.4953 103.1805 103.8471 101.1622 100.8424 100.3367 99.7251 99.3087 98.8461 98.5159 98.4324 98.6182 98.9885 99.4935 99.9900 100.6351 102.2345 106.3918 105.0535 111.6127 109.8251 111.3234 109.1227 106.2781 104.7521 103.8368 104.8942 106.5605 108.3827 110.2426 112.2505 114.6268 116.0200
105.9100 107.5143 106.2877 105.6163 107.0276 104.7019 105.1557 104.2455 103.9135 102.3189 100.9201 100.3524 99.6435 98.5862 98.1649 97.6802 96.9125 96.6373 96.9825 97.5281 98.2044 99.0018 99.7529 100.4890 101.3849 104.9955 104.2548 108.0365 113.5344 110.3337 107.5223 105.6967 104.3919 104.5210 106.1346 107.7288 109.5237 111.6235 113.7918 114.8900
105.1600 110.8070 106.0219 105.3434 108.4528 104.6938 105.1790 103.2948 101.8381 101.3776 100.4907 99.9291 99.1723 97.6035 96.6604 95.5536 94.9558 94.7340 94.8920 95.6886 96.7716 98.1026 99.1875 99.9183 100.6290 102.3348 105.8582 109.6707 112.1134 110.2952 108.6083 106.4305 104.8818 104.1418 105.4676 107.1619 108.9753 110.9074 113.0614 114.8500
107.1900 107.3466 107.4227 105.0129 104.8213 104.6444 104.9040 102.9149 101.5836 100.8215 99.8367 98.7400 97.4969 96.9320 95.5132 93.5115 91.4413 91.4788 92.1178 93.3893 95.2546 96.7968 98.1245 99.3081 100.0803 100.8001 102.9330 104.3953 111.3959 112.0839 109.9250 107.1606 105.3351 104.3110 105.1731 106.6785 108.5076 110.3909 112.5758 114.3600
107.1600 107.0230 106.1269 105.5413 104.7178 104.2883 104.8747 101.7340 101.2739 100.2170 99.3416 97.8162 96.1663 95.3903 93.2128 90.6700 87.4886 87.1653 88.5028 90.7415 93.3940 95.0820 97.0153 98.4899 99.6417 100.4872 104.2010 109.1370 107.2107 111.7644 111.0186 105.2919 106.1062 104.6380 104.9637 106.4026 108.1572 109.9453 111.7841 114.3600
107.2100 105.8431 105.6230 105.9629 105.2266 103.8242 102.8338 101.7108 100.8415 99.8597 98.7400 97.0683 94.2360 91.3940 89.6309 85.6911 82.7105 81.7684 85.7662 87.3692 91.0515 93.3596 96.0235 97.5287 99.3447 100.1301 101.6806 105.7253 104.2998 105.2025 106.5126 105.7311 105.7404 105.0726 104.8630 106.3783 107.9582 109.7017 111.5406 112.4200
107.1400 106.3744 105.7132 104.5997 104.6264 105.0622 102.2285 101.4835 100.8432 99.6193 98.7166 96.8014 94.1196 92.6666 87.8946 80.5619 74.9092 74.4453 82.5962 84.8599 89.3374 93.0966 95.5668 97.3119 98.7763 99.8727 100.8756 104.2906 103.7091 105.0696 105.3283 103.6171 105.7660 105.2349 104.7436 106.1747 107.6978 109.4078 111.3161 112.1500
106.9700 106.2095 105.3753 105.7297 105.4648 104.4954 102.1226 101.5079 100.7188 99.7072 97.8397 96.2068 94.4741 89.4136 82.9220 75.7853 61.8217 63.1376 75.3255 83.5661 91.4276 93.2995 95.6988 97.4825 98.3773 99.7061 100.8608 102.3034 103.9991 104.4213 105.2937 105.6115 105.1432 106.6779 107.3408 107.3082 112.5856 111.7534 112.8565 111.7200
106.9600 106.2391 105.7507 105.5686 104.7672 103.6752 103.0000 101.5137 100.6928 99.3181 98.2163 96.2599 94.1691 89.0920 82.9716 74.3133 56.0458 56.3822 73.3980 86.5561 90.9998 92.9461 95.6020 97.3805 98.3659 99.6908 100.9038 102.2780 103.8286 104.5552 105.1392 105.6508 105.1809 107.7505 107.3723 107.8888 111.5163 111.9157 112.6407 111.7000
106.5000 106.5779 105.0584 104.2841 102.8271 104.6539 103.2690 101.6912 100.7546 98.9171 95.9951 96.7759 93.8429 89.2973 84.7294 80.8363 70.6195 67.1060 83.7439 91.5755 92.4606 92.6719 95.8437 97.9872 99.0712 99.8203 101.0855 102.5654 103.6870 104.6580 105.1202 105.2829 105.5978 110.1895 110.4995 110.6911 112.4835 110.7798 112.5193 110.0200
107.1400 106.6769 104.5559 105.0187 104.6575 103.9519 103.9534 100.1566 101.2151 91.3888 93.4723 98.0482 95.2983 91.5985 86.9464 85.6070 83.4225 83.5611 88.1283 97.6921 92.3743 94.3985 96.5654 98.2029 99.7867 100.3836 101.4794 103.5194 105.0142 105.4482 105.2421 104.4025 105.8054 104.9654 108.5361 111.4064 112.8423 109.1645 106.8517 110.0200
107.1400 107.1074 105.5467 105.5597 106.0995 105.2498 102.5174 101.3037 100.8216 95.0662 97.0032 98.0729 96.4017 93.2042 89.1630 90.0936 91.0099 90.5989 91.4901 90.3454 93.3050 95.6472 97.5432 98.6830 100.0127 100.9207 101.6252 102.1465 104.0960 104.4191 105.5261 105.2479 105.3632 105.7700 106.9332 111.8184 112.9490 112.5327 111.9366 114.9000
107.0800 105.2785 104.7899 106.0355 105.9113 105.3070 103.6043 102.5664 101.3567 101.2254 98.3356 98.7807 97.2305 95.7209 93.2073 94.5309 96.1475 103.1064 93.7416 93.4401 95.8370 96.9600 98.8228 99.8158 100.3253 101.2506 103.0582 105.2244 103.0674 104.9022 104.4687 105.9473 105.4239 105.9780 106.5960 106.6222 108.7547 111.2601 112.9466 114.2200
107.0500 105.6031 105.8210 105.5486 105.4961 105.4590 103.7026 102.1686 101.6797 101.5219 100.8941 98.9278 98.3159 96.8750 96.4251 95.8055 96.2843 97.2957 96.0750 96.7532 97.3063 98.2506 99.1800 95.3309 101.4851 101.5365 104.3444 104.9408 103.7222 104.7764 105.6057 106.0844 104.7890 104.7461 107.3826 106.7701 111.2332 107.2052 113.0014 108.9600
107.6100 105.8683 106.3917 106.0433 104.7384 105.0990 105.0836 103.8926 103.2715 101.6770 100.9517 100.0198 99.5463 98.4766 98.0704 97.8439 97.6419 97.6204 98.1505 98.3043 98.2729 99.3126 100.3632 98.3589 101.6503 102.4320 104.3055 103.2229 104.7220 104.7311 104.6568 106.8320 113.2536 110.7914 107.2926 107.4747 113.7088 108.5042 112.3955 111.7100
105.9500 106.2011 107.1998 106.1859 105.1186 104.7038 104.6812 105.3983 103.9548 102.0634 101.6498 100.8741 100.1404 99.5717 99.4939 98.6744 98.7517 98.8531 99.0756 99.3651 99.8784 100.4093 100.9436 101.7120 101.8604 103.5391 105.0671 104.8485 104.9503 104.9444 105.6160 104.5473 112.5192 109.4042 107.3926 106.4720 108.1167 112.9796 113.8540 113.3100
107.5100 106.8899 105.7856 106.7722 105.1449 109.6329 104.3982 105.1364 103.8572 102.9963 102.1537 101.7318 100.9967 100.4668 100.3844 100.4270 100.1378 99.9782 100.2441 100.4029 100.7487 101.4399 101.6843 102.1465 104.0519 104.4017 103.6857 105.7378 105.7784 106.3072 106.2430 106.4826 106.7553 108.0994 108.0699 105.5415 107.4229 107.9121 109.4326 110.7800
107.3100 108.9298 108.3450 106.5854 106.6947 104.5040 105.3881 106.0260 105.3498 104.7094 102.8692 102.4442 102.1581 101.4227 101.4518 101.1492 100.9373 101.0712 101.2771 101.2070 101.6215 101.6548 96.7330 101.5014 105.2128 104.0523 104.0708 105.5797 105.5366 105.9684 106.3705 106.6458 106.2321 105.9272 106.4320 106.9437 109.1179 104.4236 107.7419 108.8700
108.0600 107.5347 106.9261 106.7983 107.2365 104.8948 104.8009 106.0041 105.6534 105.2013 104.4262 104.0347 104.0276 102.1931 102.2075 102.4166 102.7003 102.3085 101.8822 101.9576 102.4206 103.5755 100.8170 103.7303 106.3822 106.4545 101.7625 105.2050 105.5292 105.6364 106.6484 105.7846 106.9459 107.4950 107.7434 107.5526 108.5172 108.3859 109.0069 109.1900
106.4700 107.1602 107.1839 109.0119 107.9767 107.0537 105.2657 105.3854 105.6691 105.4347 105.5119 105.6650 104.9027 103.5678 104.5726 98.7849 99.3865 99.5854 103.3959 104.9719 104.5381 107.7204 109.9351 104.3980 104.9835 105.2221 104.8695 106.9478 104.5860 105.4574 106.6352 106.2084 107.7881 108.3762 108.5944 107.9992 107.8598 103.6332 108.5506 108.9200
108.0900 107.4559 108.1494 111.6657 108.0150 107.0100 106.6196 106.8201 106.3304 106.2360 105.7338 104.8741 105.1418 104.1389 104.6141 103.6997 98.2242 97.6089 104.0607 103.9262 106.7443 105.3935 104.4244 103.8805 105.2342 105.2393 105.4926 106.6237 105.3190 105.5111 105.4008 107.2930 106.5521 108.7963 108.7123 108.6592 107.8481 107.5056 110.6303 111.1800
108.0900 108.1192 110.7401 106.5666 107.5954 106.5909 106.7928 107.2539 106.5971 106.2698 106.1731 105.2877 105.8195 105.6322 104.7606 104.7401 104.4842 104.8815 102.1303 100.8218 105.0948 104.0191 105.1891 102.9656 104.6412 106.3235 106.4927 106.4302 104.6740 106.5899 108.1395 107.8125 109.3821 108.3628 109.8353 109.4598 108.8582 109.5837 110.6659 113.0100
109.1200 110.2245 109.1394 108.7034 107.7244 109.7611 107.8906 106.8013 106.9018 106.2041 106.2724 104.3530 104.8571 106.5121 104.8265 104.9828 103.0341 102.2836 102.4017 106.1409 106.2420 105.0164 105.3755 108.1629 104.8457 105.7165 106.4219 106.7604 105.5972 105.4860 107.6753 109.8762 109.9825 108.0452 109.9264 108.6161 106.3945 105.4085 109.1197 114.9300
114.4600 112.9179 108.2741 108.0813 106.7714 108.1007 109.1737 107.7200 107.4706 106.5780 106.9277 106.2142 104.9307 106.6456 104.5611 104.9750 102.7137 102.3968 102.3600 105.0585 106.8295 105.3926 102.7534 106.3444 107.5584 106.0342 107.3448 107.3102 107.5645 112.0946 107.1802 109.4105 108.2724 112.3386 105.5530 113.1682 108.6627 108.2142 108.8165 107.6900
103.9100 108.8368 109.6192 108.0947 107.7865 109.9315 107.8384 107.1347 107.7279 106.3986 106.7478 107.1798 105.3407 107.2773 108.1306 103.6423 103.7063 103.3128 107.5042 104.7669 105.8017 107.1739 105.1259 105.7628 110.4901 107.2610 108.2455 107.5680 107.5908 111.6772 108.3252 107.9866 109.2497 105.1267 109.0941 111.5150 109.6205 109.8820 110.3909 112.2100
104.6400 105.0005 108.9650 106.5239 108.7106 108.4175 108.3915 107.7741 107.7857 107.5121 107.0869 107.8977 106.6625 105.9143 107.1269 106.4079 107.2358 106.2832 107.1470 105.4596 106.4553 106.0922 107.8764 105.7427 113.5599 110.1790 108.0294 107.3891 108.7436 109.6293 109.6365 109.7111 108.3177 112.4357 110.2130 110.6921 106.9878 108.3312 111.6498 110.0400
103.8000 102.7975 107.2046 110.3193 109.1761 109.1299 108.3722 107.6257 107.7637 107.9234 106.2918 107.5716 106.8888 107.4645 106.2635 106.2700 106.0186 104.9997 106.3978 107.0675 107.4211 107.5907 107.7733 106.8473 109.2839 113.6530 107.9524 108.4688 108.8716 110.0213 110.0705 110.5756 111.1381 109.1831 111.2932 108.1353 108.2217 108.3092 108.1236 108.6300
105.5200 105.3235 104.1354 103.9896 101.9409 108.2443 108.3307 109.3204 109.1354 108.7141 109.1914 108.2152 106.4892 113.7783 105.2174 107.7241 107.6580 108.1808 108.5883 107.2490 111.2068 107.5746 106.9069 107.4319 108.5910 114.5661 113.4512 112.9042 109.6777 102.4318 107.7685 110.4720 112.4354 109.4349 113.2122 107.1110 108.8627 108.9957 108.5318 108.7800
106.3100 106.2334 108.8983 104.8066 103.5977 109.6127 106.7177 107.0953 109.5697 108.5859 109.1894 112.3751 107.6547 110.7439 108.3903 111.9574 107.5180 108.1650 109.9326 111.2457 110.4959 110.1928 108.3984 109.1307 109.2192 113.6297 114.6891 113.3904 111.4975 107.1687 104.8522 107.0758 115.4871 110.7531 109.2259 108.5827 108.0979 108.8249 108.8492 108.1800
107.1900 109.5143 105.3281 104.3455 104.3309 106.5324 103.4106 105.6122 105.5091 113.3461 115.1065 114.4107 112.0141 112.6133 110.0539 113.7165 106.9801 107.6630 113.2144 110.7551 112.1876 112.1168 110.6799 114.8399 111.5338 115.0611 114.5469 108.5739 107.9165 108.8999 109.3318 107.9407 109.1247 113.5646 109.9249 110.8555 109.1969 107.7576 110.8929 108.1600
107.1900 107.3234 105.6056 105.3990 105.9309 104.7064 104.4819 106.6870 102.4236 104.6615 113.2751 108.2178 111.8055 113.6555 109.3184 113.4581 108.3959 108.7030 113.9888 113.0493 111.5113 106.9090 105.3906 111.3926 108.0931 113.5387 111.5267 109.5759 109.1820 108.1736 106.2599 110.2636 109.2963 111.5878 107.2687 110.4965 108.8258 109.9889 109.5443 110.9700
113.6800 108.3567 106.5336 105.8504 105.6844 105.7275 105.5929 104.8408 109.5242 113.8519 110.9886 113.9807 115.7871 113.5896 107.0672 109.0058 104.0893 104.6945 106.2529 103.3614 102.4544 104.8621 114.8073 112.1433 113.6570 111.8415 107.8624 107.4201 107.2857 107.3701 110.7861 110.7827 110.6517 110.7865 110.7419 108.6322 109.8181 109.5210 109.0938 110.8000
107.9200 108.7046 106.9662 106.8601 106.2026 106.0551 109.3993 105.2231 108.2203 111.4456 115.5515 114.4901 109.4766 113.5923 111.3708 111.9502 106.5920 104.6998 107.4367 107.5823 105.5207 109.0913 109.6682 109.7055 111.5000 108.4436 114.9458 107.3061 108.6947 105.4555 112.2280 109.4305 109.2712 113.5657 111.2358 111.6557 109.8609 108.7416 108.8929 110.8000
108.4700 108.2970 109.1989 107.9517 106.5532 106.7588 106.3104 106.5865 109.8569 112.9504 114.4325 113.1711 113.6437 107.5106 111.5059 108.6881 108.8224 103.7251 105.3526 105.7000 105.6802 109.3805 110.3782 110.8673 115.2804 107.8692 103.7728 109.2783 114.6574 106.6885 111.7283 111.5590 111.2781 113.6001 114.6508 111.9881 108.5668 108.9686 109.4034 113.3800
109.4000 112.6803 113.5211 107.7448 111.0675 113.6000 106.7214 110.9064 111.2858 112.2585 113.1431 114.7216 108.2367 107.8246 111.0491 104.7679 104.1241 106.2697 105.2241 106.4381 107.8767 110.1201 109.8829 110.3963 107.2789 112.3986 105.7775 112.7412 112.5421 108.0147 111.0905 113.7887 115.5844 115.3407 109.6358 110.4555 109.5358 109.2487 108.4181 112.5700
111.4500 111.4500 114.2700 109.5400 114.3900 108.5500 108.5500 110.9200 111.7800 115.2600 114.5100 112.5700 110.9800 110.7300 110.3000 106.3600 106.3500 107.4300 106.1100 106.0200 106.7900 110.3200 110.4000 110.0500 107.8300 107.3800 107.2500 111.1400 115.1900 116.5200 113.4400 109.8000 114.8200 110.8100 109.9000 112.7000 112.0600 111.9800 112.2300 112.5700
