109.8200 110.0100 109.5700 109.7100 109.1000 109.4500 108.7100 114.8200 115.6900 112.8100 108.4800 109.1600 109.1900 109.0700 111.7600 113.0200 108.2600 108.3100 107.7700 108.1000 108.0700 110.1500 108.8400 113.3100 112.4400 112.2400 107.6300 110.8600 110.6100 111.6300 112.3000 113.1300 113.8900 114.8000 114.6800 116.9100 117.4800 118.1200 118.3800 118.3800
109.8200 110.5429 109.6966 109.5046 108.9782 109.7974 109.5740 109.7826 114.7903 111.2228 108.5053 109.0107 108.9379 109.0499 110.5757 112.1041 108.3628 107.6558 107.4829 107.7602 108.3493 110.8976 108.6368 109.1095 119.0812 113.9662 109.2035 109.4741 110.2472 110.6560 111.2798 112.0662 112.8859 113.3892 114.3933 115.4500 116.4423 114.6952 117.7680 118.3100
113.8700 111.4442 109.6202 109.4340 109.2862 109.0435 109.0122 108.9655 110.8606 111.1727 108.6294 108.2951 108.3374 108.7538 107.2492 110.9682 107.2830 107.1429 107.4324 107.2302 107.9505 111.1675 106.8901 108.8117 109.2276 110.8946 109.6491 108.7907 108.9409 109.5361 110.1661 110.8963 111.4611 112.3932 113.4032 114.2347 115.2999 115.8367 116.9908 117.5800
107.6400 112.4757 109.4384 109.3360 108.9212 109.1727 108.4540 109.0614 108.4521 109.0104 108.2527 107.3879 107.1174 108.4835 107.7938 107.1981 106.8581 107.0161 107.0038 107.2504 107.5234 106.8184 107.2056 107.8030 107.8545 109.4847 108.1825 108.7452 108.2041 110.9340 109.5191 109.8507 110.6123 111.2847 112.2719 112.9539 113.8383 114.8650 115.8902 115.9100
108.6300 111.2619 110.1516 108.9511 109.1138 108.1540 109.0605 108.1428 108.1788 108.9013 109.0815 108.2315 107.6239 108.3273 108.1230 107.1621 106.9055 106.6842 107.2771 107.4463 106.6523 107.8012 107.2159 107.4786 105.9987 105.3801 105.7887 106.7083 107.3556 109.8275 110.1025 110.6620 108.7482 110.1017 110.9692 111.3514 112.7516 113.9328 114.6986 115.9100
108.4600 109.2559 113.6896 108.8479 108.6661 108.1600 107.5554 107.5402 107.4597 107.6904 108.8900 108.2622 106.3188 106.9142 107.7240 107.8394 107.3060 106.5831 107.8559 107.9373 106.8085 107.7410 109.5115 112.6931 108.5732 109.0719 106.5466 107.2065 106.2702 108.0986 111.2403 111.6971 111.1863 110.1375 112.6178 113.9029 113.9506 112.7771 113.9322 114.2200
110.0700 111.5462 108.7748 108.6632 108.8117 108.8013 107.4005 107.3684 108.4204 107.2001 106.9042 108.0761 106.4814 106.6295 107.6582 106.3036 107.2822 106.2792 106.7399 107.3502 106.3170 107.4355 112.2321 107.3868 111.9443 108.3809 106.9103 107.1915 107.0752 106.2204 110.6870 110.2880 115.5421 114.4724 113.1886 115.8602 113.7358 111.5470 113.0457 114.2200
109.5200 113.7349 111.0040 108.4223 108.5944 108.5575 107.9094 107.4905 108.0907 105.6223 108.1739 106.4365 106.0336 106.9152 107.2841 106.6332 106.1126 105.9848 106.3346 105.9438 107.5486 107.3357 111.0074 106.0449 110.2111 106.7569 106.6884 107.0778 106.2443 106.3543 112.6374 110.6063 114.3785 110.3916 113.2506 109.5486 112.7495 111.1752 111.8647 112.3400
109.1200 113.6269 108.8973 111.1975 108.1552 107.7947 107.5071 107.0248 107.3039 106.1790 107.7642 106.0448 105.7385 106.5842 106.1954 106.9086 106.2510 106.6169 106.2882 105.8881 106.8748 107.0987 104.7304 105.9244 106.3748 107.1513 106.8307 107.4210 105.8459 107.7910 113.4175 107.6952 109.6723 110.6375 114.2204 110.2131 109.5187 110.1110 110.9084 111.3000
109.9800 113.8405 111.3168 111.4209 107.9646 107.8757 107.7196 107.6988 107.4072 106.5347 105.6147 106.1705 106.7796 106.4556 106.2605 106.5625 106.2886 106.1863 105.0653 106.0952 104.2898 107.9668 104.3823 105.8455 106.2371 107.3127 106.9993 107.8103 107.1593 110.1716 108.3404 106.0180 106.8781 109.9980 111.4994 111.6070 107.9087 111.2521 110.3752 111.0800
109.8300 110.7412 113.6351 107.6269 108.0661 107.1691 105.9769 107.1490 107.4667 106.2781 106.1596 106.2476 106.5535 105.5029 105.9612 106.4165 105.2484 105.8336 105.1199 105.4599 105.6200 109.5692 108.2706 107.1406 106.4207 106.5655 105.7622 106.9718 107.4871 107.6283 106.5881 106.4384 107.1478 108.3216 109.1892 108.7095 107.7791 110.8466 109.3689 110.0300
107.6400 108.6020 107.5692 107.0437 106.7551 112.3212 106.6470 106.9089 106.0374 105.8832 105.5501 105.4996 104.8193 104.2210 105.0926 105.4547 104.9568 105.4552 105.4588 104.4748 105.8456 106.6027 107.8827 106.0821 105.9198 105.1931 106.5530 105.5577 105.7091 106.5212 106.2604 106.3816 107.1825 108.2196 108.1939 109.2393 108.6692 108.1106 109.0661 109.7700
107.4100 105.2591 107.3925 106.6020 106.0599 105.3835 105.8921 106.4535 105.9675 106.0883 104.8287 105.2193 103.6671 104.4409 103.5641 104.5737 104.5342 104.5402 104.7055 103.6164 104.3365 104.9397 104.0748 105.4130 105.9940 105.3855 106.1911 106.8565 106.3300 107.2925 107.1625 106.6960 107.2900 107.9736 108.2362 110.8428 110.5445 109.4137 108.5384 107.5300
109.2200 107.2203 113.6757 108.9205 107.1607 105.0834 105.1151 106.2191 104.8529 104.6693 103.9392 103.6113 103.0079 103.2295 102.1148 102.7305 102.4210 102.5065 102.6887 102.7146 103.9446 101.7600 103.3646 105.4114 105.4987 105.4332 105.3953 106.4707 105.4975 106.2633 106.2300 106.2131 107.1221 107.7611 108.0150 107.2508 112.1925 108.7048 107.0538 107.1400
105.5200 104.8192 110.1300 106.9053 108.0251 106.0350 105.2529 105.1620 104.6745 103.8261 103.4185 102.8362 102.5038 101.7680 101.3482 102.0546 102.1116 102.2220 102.0765 101.6264 101.9696 102.3547 102.5675 104.2815 104.6230 105.0879 104.7645 105.0565 104.9087 105.2267 106.8172 105.8225 107.2660 107.4635 107.7137 108.8311 113.9843 109.4940 107.4387 107.4900
106.0000 106.3958 108.4132 104.3335 106.8227 106.3078 106.0366 105.5493 103.5990 103.2020 102.7999 102.1727 101.5275 101.2295 100.6966 100.9317 101.0323 101.3184 101.2776 101.1889 101.2411 101.5208 102.1945 102.4298 102.6788 104.4760 104.9136 104.8695 104.7570 105.8931 105.9594 106.1800 107.3361 107.4991 107.0288 107.7887 113.5561 112.3358 108.4295 108.9500
107.7200 110.5051 109.8554 109.0147 106.1635 105.7535 105.8347 103.4603 102.8540 102.5344 101.7700 101.1512 100.7168 100.0911 99.9727 99.7111 99.7090 99.9941 100.1321 100.1800 100.0786 100.6196 101.5560 101.7672 102.4647 102.7763 103.6269 105.0870 104.8579 105.6857 105.2594 106.1115 106.6644 105.2442 112.6098 107.5294 111.0361 110.3612 108.4291 109.1200
107.7200 106.5731 106.3229 108.6891 106.1647 105.7020 104.5285 102.8936 102.5376 102.0222 101.1835 100.4220 99.7349 98.7000 98.8828 98.3829 98.3410 98.3936 98.6252 99.0565 98.9659 99.7718 100.6562 101.3124 101.7080 102.0323 102.6849 103.4523 104.3775 105.7228 105.8510 105.1314 106.7319 105.5409 108.9151 107.7228 107.6714 107.4556 108.1108 108.8000
108.1000 106.1187 106.3923 106.2067 105.8586 104.2746 103.0052 102.5891 101.9887 101.3206 100.6587 99.3913 98.2164 97.3785 97.6309 97.4282 96.8194 96.3551 97.3621 97.2965 98.4479 98.8728 99.7232 100.4238 101.0971 101.7506 102.5820 103.2091 104.2440 106.0486 104.4950 105.6509 105.6254 107.3880 106.8456 107.5582 107.4763 107.1728 107.7651 108.3800
106.7300 111.4260 107.4600 105.0367 106.4750 104.2942 102.5295 102.1572 101.2743 100.6281 99.6306 98.6763 97.5685 96.0221 95.7144 95.2187 94.5546 94.7407 95.5442 95.5455 96.4666 97.2206 98.4423 99.4765 100.0647 101.1922 101.9466 102.8971 103.3350 104.8605 105.4832 104.1856 106.8584 106.8435 107.8572 107.9433 107.5268 107.4973 112.5871 108.7800
111.7800 112.5417 106.1591 108.2375 105.1562 102.9423 102.2605 101.8212 100.8625 99.9111 98.9375 97.9841 96.4537 94.0056 94.4473 92.7329 92.2903 92.4001 92.6803 92.9977 94.3907 96.1217 98.1703 99.3167 100.0929 100.6092 101.6281 102.1452 103.1847 105.0385 104.8102 104.7813 105.6959 107.2807 107.6821 109.4624 106.4612 107.1081 108.5609 108.9100
107.0900 106.5494 106.4157 105.7363 105.2707 102.5121 101.9471 101.4302 100.3685 99.1772 98.0553 96.8078 94.4042 93.2180 91.4033 90.5188 89.3492 88.3764 90.0687 90.7782 92.4008 94.2849 96.4411 98.3803 99.3179 100.2929 101.5621 101.9349 102.6027 103.8997 105.7554 104.9486 106.3971 107.1338 106.8637 107.2803 106.5484 107.1673 111.6580 112.9600
107.2700 105.7181 105.0314 105.2494 103.0895 102.5841 101.7406 101.0360 99.8853 98.6214 96.8114 95.8432 92.9712 90.6282 88.2670 86.4047 85.5600 85.4360 86.1631 88.3438 90.2953 92.9648 95.2519 96.9106 98.4378 100.0016 100.9062 101.6992 102.5537 103.2316 104.2099 104.3976 104.7724 105.3656 105.4839 108.0649 107.5866 107.3864 111.6529 113.5100
105.3700 105.1697 105.7711 104.5597 102.8424 102.0897 101.6950 100.6029 99.0025 97.2309 96.5429 94.5925 92.1900 88.8997 85.0461 81.6594 77.8862 78.6108 81.4729 85.8832 88.8999 91.7318 94.2343 96.5160 98.1305 99.1428 100.5242 101.3858 102.5444 103.2046 104.0792 104.8705 106.6413 105.8178 105.9641 106.7175 107.2838 107.3157 111.6534 111.9100
105.3100 105.5794 104.9688 103.6684 102.6732 101.8469 101.1864 100.2079 98.6405 96.7288 96.2817 94.2272 90.4801 87.4299 82.4275 76.1065 70.4770 70.1316 74.6962 83.1017 86.8946 90.2752 93.0037 96.6064 98.1641 99.2754 100.3196 101.4154 102.4607 102.9551 105.1210 104.6675 106.7480 106.3675 106.6510 106.7888 107.3602 106.6359 108.2013 108.4300
105.4000 105.9884 104.8640 103.5503 102.8809 102.1065 101.1697 100.1556 98.8547 97.3054 96.2275 94.3834 90.1260 86.0128 80.5246 71.5377 62.3754 62.0819 69.6447 80.6987 85.3648 89.9759 92.2879 96.5852 98.1756 99.2652 100.2449 101.1645 102.4549 103.0828 105.0303 105.1924 106.6126 106.9923 107.2315 107.6815 107.6143 106.7434 108.2957 106.9600
106.9800 106.4606 106.1990 103.7617 103.0042 102.0841 101.5874 100.5162 99.1360 97.5699 96.0019 93.9421 90.3433 86.9890 81.5586 72.7487 63.4391 62.6648 70.8867 81.1113 86.2017 89.9722 94.1789 96.1008 97.9204 98.8714 100.0827 101.0690 102.3901 103.1323 105.1173 105.1971 104.7545 106.2932 107.4120 107.7971 106.4629 106.8652 108.3674 107.3900
106.5800 106.3147 106.6535 103.9915 103.2357 102.1473 101.1055 100.2729 99.3712 97.8691 96.3002 94.2914 91.4255 87.8020 83.6151 77.3940 71.0309 70.0947 76.8701 82.9085 88.0451 91.0492 94.3269 95.5950 97.3124 99.1631 100.5399 101.3557 102.5568 102.9741 104.1125 104.6280 106.2587 105.8764 106.5031 106.3174 106.2368 107.2514 107.4640 106.7400
106.6500 105.2383 106.0965 103.5690 103.5132 102.3138 101.5235 100.0988 100.1180 98.1686 97.1833 95.3828 93.0337 89.8526 86.6470 83.6913 81.1569 80.8751 83.0494 86.6489 89.8960 92.3387 94.5416 96.9064 98.3913 99.4097 100.9116 101.6570 102.3989 103.3639 105.1831 105.3262 106.2834 106.4740 106.4001 107.1392 107.5345 107.9042 107.1405 107.5900
105.3000 104.9589 106.4151 105.3188 103.7738 102.6132 102.0477 100.9454 100.2472 99.1479 98.1548 96.1730 94.6251 92.6603 90.0828 87.7556 85.7958 85.7221 87.6050 90.0000 91.7133 93.7657 95.6072 97.4834 98.3861 99.7517 101.2623 101.8403 102.5912 103.7383 104.2240 106.2807 105.0945 106.8957 106.0677 106.7087 107.1683 108.2873 107.3673 108.0200
105.6800 106.6936 104.7658 104.9841 103.7178 102.8641 101.8856 101.0915 100.6515 100.0108 98.7094 97.5291 95.6839 94.9312 94.8280 92.0527 91.2010 90.7995 91.8005 92.6616 93.9149 95.5690 97.1970 98.4630 99.6508 100.1002 101.7536 102.0921 102.8899 103.7032 104.9006 104.9092 105.7815 106.8327 107.5289 106.8842 106.8269 107.8462 108.5305 108.6800
107.6600 106.0853 105.0133 105.6177 105.4981 105.0285 102.2462 102.0015 101.5772 99.9941 98.8640 98.2871 96.9498 96.6977 96.6820 93.9480 93.3631 93.4266 94.1296 94.1546 95.8542 97.5415 98.7352 99.4522 100.6894 101.1436 101.6906 102.5444 103.2746 104.0521 105.4161 104.9316 107.1681 107.5108 107.3332 107.9546 107.6140 108.5297 109.0744 107.5100
106.8200 107.6187 106.8343 105.2949 105.9759 103.3265 103.3230 102.8032 102.0092 101.0311 100.4308 99.1963 98.1694 98.0693 97.8351 96.1692 96.2285 96.4822 96.2282 97.0515 97.7562 98.9227 99.6603 100.3583 100.9327 101.5911 102.1344 102.9884 103.7819 105.1813 105.4710 106.0578 106.7323 107.4717 106.9602 106.8301 111.9043 107.4185 109.4738 113.2400
106.6500 107.5149 106.8588 105.6935 106.2523 103.9330 103.7040 103.1775 102.5010 101.9201 101.0923 100.4121 99.8934 99.6812 98.7863 97.9497 97.8725 97.8944 98.4946 98.6438 99.1653 99.6657 100.3994 100.9832 101.4585 102.0240 102.7081 103.0517 104.2557 105.8139 106.6782 105.5385 107.5487 107.0427 106.9155 106.8138 108.7298 107.5108 108.1449 108.6000
106.5100 107.2320 106.5783 107.2818 105.3854 105.1237 103.9267 103.6372 102.9571 102.3749 101.5870 101.1967 100.7232 100.2751 100.4359 99.5375 99.2788 99.2391 99.9057 100.0073 100.3249 100.8053 101.3132 101.8507 102.2976 102.7195 103.0214 104.3160 104.3646 105.5084 106.9991 106.0727 107.7027 106.4812 107.0735 107.2003 107.2277 108.5285 108.7282 108.6000
106.5100 106.8286 106.6471 106.2337 106.1356 105.3715 104.8880 103.7329 103.2907 102.9785 102.1713 101.5901 101.4524 100.8868 101.2509 100.8165 100.9010 100.7563 100.8004 100.8841 101.2672 101.7096 101.8696 102.1408 102.7225 102.8891 104.6314 105.0119 105.9905 106.5663 107.1772 106.7496 107.1559 106.3067 106.6928 109.9977 109.6934 108.9366 108.7584 108.8500
107.0500 106.6017 106.9045 107.2254 106.7618 106.8122 106.0511 105.2933 104.5054 103.2580 102.7794 102.3922 102.2735 101.8005 101.9539 101.5080 101.5843 101.7415 101.7671 101.6475 102.1214 102.3753 102.4739 102.8035 103.3124 103.7642 105.9867 105.8904 106.0762 106.7846 107.2634 106.7661 106.7376 107.3872 108.8181 108.2754 108.5809 107.6244 109.0535 109.2800
106.9100 107.2555 107.4644 106.2753 107.0398 106.8405 106.3225 105.4559 106.4979 104.9067 104.4912 102.8024 103.0338 102.8609 102.7629 102.2684 102.3635 102.5377 102.5392 102.8087 102.9353 103.0753 103.2198 103.5810 103.7217 106.1152 106.2743 107.1083 105.7057 107.0334 107.0625 107.7260 107.2973 107.1861 110.3585 107.6604 108.7107 107.7921 114.1492 108.0100
107.3100 108.2881 107.0410 107.2513 106.9827 106.3608 106.8216 105.9586 106.6941 105.8613 105.7485 104.6658 104.6373 103.3004 103.3333 103.3178 103.2357 103.1578 103.2140 103.3941 103.5681 103.6385 103.9221 105.4335 105.8757 106.5103 105.1455 105.6393 105.0896 106.2807 107.8204 107.0670 107.4900 107.3896 110.1672 107.3666 111.6115 110.3987 111.1475 109.3700
108.2400 106.8300 106.5600 106.6200 106.7100 106.9300 106.9300 106.6700 106.5600 105.8100 105.8100 106.3100 103.9600 105.8700 103.7400 103.8300 103.8900 103.7500 103.7300 103.6600 104.1000 104.1000 105.5500 106.1800 106.2500 106.2500 105.6400 106.8700 109.4300 105.5600 105.5600 107.2000 107.4300 107.3600 108.8000 108.8700 109.0100 114.1500 112.7000 113.1600
