106.0500 106.0500 106.3100 109.5500 105.2400 103.9500 105.4600 104.4400 111.0200 111.0300 109.3300 106.0200 111.9000 106.4000 105.2800 106.1300 105.2600 105.8600 106.5900 106.6000 106.6600 106.6600 105.9400 105.6300 105.6300 107.1400 106.7400 109.4600 110.2300 111.2300 112.1700 114.2600 115.4900 116.4600 117.3400 118.7000 119.9300 119.5800 119.1400 118.4800
107.1700 104.8878 105.0051 108.5222 106.3721 106.9349 105.4191 104.7361 109.5063 109.9019 107.6280 104.2642 104.4157 105.4193 104.6453 105.0658 106.1439 106.0771 105.3839 106.2903 106.6129 107.2958 106.5471 106.1027 105.9049 106.2275 106.3350 107.9312 111.3007 110.2349 111.7509 112.7005 114.7091 115.9113 117.3329 118.5342 120.1102 119.8626 120.2473 119.7100
106.3300 105.3845 104.3582 105.5488 105.2882 106.8225 105.4621 105.2895 105.5788 105.5717 104.9715 104.1392 105.0223 104.6268 104.4002 104.5612 105.1562 105.0586 105.1858 105.3989 106.5009 106.8109 107.4351 106.5974 106.0528 105.8128 107.3481 108.4187 108.9075 109.9909 110.9941 112.0438 113.6615 115.3195 116.3375 118.6382 120.2115 119.7535 120.6445 120.2100
106.3100 104.2534 105.6603 104.7866 104.4199 103.8033 103.6686 104.8908 104.9361 104.6963 103.2330 105.1451 103.9611 103.2177 103.7347 104.7696 105.0452 104.9556 104.5059 107.7543 107.3028 107.6348 108.4047 107.4287 106.5789 106.2841 107.9412 110.9550 109.8191 111.1866 110.0521 111.5141 112.8339 114.5994 116.4063 118.3453 119.4329 120.4370 119.3503 119.6500
103.9800 104.6102 104.0448 102.9860 104.3657 104.6405 102.8602 102.7424 102.2737 102.1276 102.1422 102.6622 103.7729 104.4544 104.1298 104.4430 104.0620 104.4800 105.1979 106.0115 109.5892 108.5220 108.8442 107.2202 106.2423 106.3324 107.8855 107.2965 110.8216 114.1084 108.7871 110.7645 112.3075 113.9208 115.2854 116.6163 117.7926 119.0040 116.9255 117.3200
103.8800 104.6124 103.6092 103.5060 102.8760 101.6438 101.7864 101.8684 101.7954 101.7945 101.3927 101.4318 101.4936 102.3362 101.9687 103.2824 104.5376 104.2551 103.8625 105.2243 110.8780 111.8974 106.8346 106.7195 106.3361 106.1208 106.8293 107.2335 110.2085 109.7789 110.1130 109.9186 111.4421 112.5912 113.8559 115.5344 115.3572 116.7780 116.3859 117.2300
104.9800 103.7998 102.3184 102.1808 101.2881 101.1007 100.9137 100.3737 100.5360 100.6410 100.7668 100.6330 101.1011 101.2861 101.9046 101.9622 104.2546 103.8510 103.2154 105.1096 106.8769 108.1402 106.5420 106.8324 106.3479 106.6795 106.2934 106.6133 106.7244 109.7733 111.7574 109.4021 110.6745 113.0387 113.0397 114.0146 115.0818 116.1761 116.3340 117.0100
104.9800 102.1296 101.5125 101.3830 100.7467 100.0001 99.6960 99.6057 99.5622 99.3081 99.2059 99.5189 99.6208 100.5436 101.1648 101.4721 101.8809 102.4595 103.1356 105.2015 105.2610 106.0260 105.1051 106.5534 106.0065 106.3961 105.9511 106.0633 106.1375 108.4867 108.6526 108.9235 109.2946 111.3263 112.5270 113.6197 114.6406 115.8687 116.7878 117.0100
102.2100 101.5891 101.0646 100.6701 100.4123 98.7559 98.4716 98.0154 97.7615 97.7638 97.7673 98.5368 98.3925 99.1409 100.1949 100.8680 101.1145 102.3672 103.8254 104.6415 104.5749 106.0897 104.2986 106.4736 106.5307 106.8513 106.3492 106.9926 107.4541 107.0848 108.0216 108.0871 108.7819 109.8633 112.9672 113.2583 114.8048 115.1053 115.9510 116.1300
101.6000 101.4061 100.3973 99.6711 98.6510 97.6396 97.5346 96.8235 96.4579 96.4298 96.1520 96.7549 97.2825 97.5836 98.6800 99.5893 100.4608 101.1001 101.9277 103.3734 103.4228 105.6931 104.6347 105.3307 106.7530 107.0240 107.1877 107.5657 108.0319 107.5261 107.3296 107.8141 108.7045 109.3225 115.0807 110.2098 112.8133 113.2646 114.0123 114.0200
101.3000 100.5161 99.5951 98.8567 97.6036 96.6751 95.7393 94.9720 94.2508 94.4864 94.6727 95.5651 95.7460 96.7942 98.1235 99.0200 99.6516 100.5291 101.6257 102.2952 104.1360 103.7125 105.7334 104.8945 106.5645 106.9474 106.9564 106.6328 108.0680 107.6218 107.0516 107.7244 108.4206 108.9595 109.5228 109.0812 112.4212 112.7662 114.0202 113.9500
100.3100 99.9418 99.4170 98.1465 96.3976 94.2530 92.9039 91.8982 91.4567 91.3662 91.6392 91.6492 93.3363 95.9159 96.6237 97.4933 99.2399 99.8360 101.1640 101.8532 102.9986 104.0261 104.6215 105.4929 106.2686 106.2689 106.1306 106.4009 107.1421 107.8575 107.4748 107.2838 108.6614 109.0644 109.6376 115.2733 111.3049 115.6373 114.2094 116.5900
100.1200 99.5072 98.7374 97.2312 95.4338 92.7675 90.4326 88.2833 87.1449 86.5504 88.1666 91.4076 91.7563 93.5771 95.4935 96.6516 98.7633 99.5198 101.3619 102.2891 102.6105 104.4491 104.4615 105.5405 106.5906 105.9767 106.3211 106.0266 106.7863 107.6516 108.0406 108.0129 108.7645 108.9233 109.8518 111.8630 115.4140 113.4477 112.7210 113.7100
100.1300 99.3208 98.1984 96.3654 95.2722 90.9323 87.8935 85.8216 81.6508 80.7971 86.8022 87.5552 90.7725 92.0354 94.1676 95.7143 98.0215 99.8149 100.8058 102.0242 102.4292 102.7578 104.8615 104.8919 105.2918 106.0168 106.1248 106.5718 107.6442 108.1238 108.3991 108.4518 108.7716 108.6186 114.4992 111.7705 115.5411 115.0259 117.1418 113.9500
100.3000 99.0248 97.4433 95.5923 93.6344 89.4187 86.1133 81.3310 73.9753 70.7400 77.4748 84.8865 87.6237 90.7444 92.9961 94.7823 98.0669 99.7399 100.8919 101.6220 102.0005 102.7029 104.6447 104.5823 105.4615 106.8542 107.0144 106.5326 107.5548 107.8376 107.8092 108.2432 108.5211 109.7087 111.3168 114.7962 113.6000 112.8800 112.8917 116.9300
99.4400 99.0762 97.6452 94.9931 92.9935 88.4628 83.8571 75.6044 64.1624 61.1943 67.8263 81.4909 85.4022 89.7355 92.7490 94.5081 97.8435 99.2961 100.8438 101.5254 102.1042 103.7030 105.0151 105.3865 104.7805 105.8549 106.5497 106.6399 107.5724 107.9475 107.0198 109.1477 108.5902 111.2994 109.2640 113.4150 114.0393 107.0555 108.2379 110.0700
99.2500 99.2159 97.7793 94.8761 93.1671 88.7967 83.2616 74.4197 63.1873 59.9355 66.9902 79.6207 85.5506 89.4853 92.5306 94.7703 97.3861 99.1970 100.8534 101.6539 102.0758 104.8811 103.6670 105.2148 104.4969 105.5652 106.5573 106.4842 107.3277 108.2324 107.5855 111.4313 110.4683 113.6049 110.1247 114.0117 114.7345 111.5635 108.7102 110.0700
99.1400 98.9798 97.7699 95.7069 93.4636 89.4193 84.5296 78.6116 69.5625 68.7481 74.8150 81.6025 85.6068 89.6777 93.2200 95.4491 98.0796 99.5447 100.8126 101.7869 102.2390 103.2290 105.2751 105.8155 105.5725 105.1040 106.4304 107.0651 107.7550 107.3936 108.3486 108.4453 108.9757 109.1863 111.6254 109.5660 114.4951 112.0783 113.8049 115.6500
100.3900 99.2865 98.0444 96.2310 94.0678 90.6965 87.5633 83.8099 80.2949 78.9236 81.8238 85.2535 88.4513 91.1056 93.4406 96.7170 97.7788 99.3824 100.8751 101.7242 102.4463 103.2916 105.9894 105.8314 106.3327 105.5100 107.0290 107.4867 107.5145 108.0336 108.1085 108.3311 112.8361 107.3756 110.8173 108.7890 114.6871 108.6046 113.8478 114.1800
100.6400 99.7521 98.5624 97.2350 95.4964 92.9770 90.7864 88.4101 85.9348 85.6184 86.9009 88.9820 90.6034 92.5843 95.1307 97.4788 99.0223 100.0100 101.1555 101.8013 102.6752 103.6311 106.0149 105.2805 105.4372 105.5658 106.4570 107.9418 109.4706 112.5513 108.2142 108.4749 109.7124 112.5077 108.2413 111.1706 109.9078 112.5152 114.8051 115.4400
100.6700 100.2090 99.5170 98.1627 96.5935 94.1771 92.3425 91.9400 90.2266 89.8289 91.2211 91.7795 93.2538 95.9109 96.3737 97.9416 99.9491 100.6245 101.6072 102.1103 103.0379 105.0992 105.2696 105.7754 105.3915 105.9798 105.9508 106.1547 110.8548 109.7194 113.8051 108.1072 110.0080 108.1008 108.2297 109.5481 109.8002 109.5941 111.0625 110.0000
101.5700 100.7706 99.7371 98.5506 97.3075 96.4068 95.1042 94.2868 93.6327 93.4411 93.7510 94.8285 95.9506 97.2406 98.1107 99.6131 100.0611 100.9316 102.1153 102.5640 104.3859 105.6347 105.5618 106.0120 107.0065 106.0218 105.9815 108.1043 114.7413 113.3191 113.0031 108.5761 111.5181 108.7278 110.3837 109.8115 110.0443 110.8661 110.4991 110.0000
101.6400 101.3745 100.6521 99.8183 98.7642 97.5910 96.6895 96.8499 96.3044 96.2945 96.2342 96.8686 97.6083 97.8297 99.3182 100.2326 101.0611 101.5964 102.2951 103.1499 103.8180 104.7720 105.8193 106.3713 106.7672 106.7024 107.2664 106.6018 101.0199 110.9134 111.4925 107.2531 111.2014 106.6253 113.9810 110.5990 111.1398 112.1787 114.0855 114.8800
102.6700 102.1176 101.4019 100.8484 100.0710 98.9408 98.5007 98.1769 97.8719 97.7501 97.7823 98.1045 99.2855 99.3272 99.8839 101.0006 101.8293 102.4615 102.9481 103.2246 104.9165 105.7156 104.8567 105.8533 106.1541 107.4621 105.9315 106.6753 107.5507 108.4250 108.0908 110.6157 115.4711 110.3106 110.1402 110.7186 114.9171 112.1156 112.9515 109.0600
103.1800 102.6074 101.7272 100.9441 100.0552 99.1856 100.0187 99.4104 99.0497 98.7888 98.8301 99.6745 100.2966 100.6291 100.7848 101.7186 102.1974 102.9331 103.1832 104.7039 104.8647 105.5584 105.2221 105.9000 106.2355 106.9016 107.3918 107.3391 107.9642 107.8696 108.6714 109.2105 113.6590 114.7771 109.1070 108.3946 115.5996 116.5695 118.6119 109.0600
103.1800 102.8140 102.5257 102.4125 101.3098 100.4650 100.5526 100.6943 99.9653 99.8978 99.7418 100.6423 101.2288 101.3056 101.7692 102.2968 102.8549 103.2890 103.6068 106.2381 105.7082 106.0479 106.2209 106.8619 106.5127 106.1786 107.3414 107.0531 107.7529 108.0096 108.5600 116.0519 114.5591 115.5636 113.2688 108.8459 112.3386 113.2775 113.3152 108.4900
105.1300 104.2360 103.2541 102.4069 102.2364 101.8088 101.2655 101.5782 101.3573 101.2607 101.4483 101.7872 102.2824 102.1064 102.5295 102.8625 103.1029 104.8264 104.5334 106.2755 105.0559 106.1729 107.4908 107.4316 106.5908 107.1521 106.7790 107.7833 107.6652 107.0669 110.6859 114.1525 110.4002 110.0955 112.2186 110.7296 110.3725 113.8776 116.4111 114.4700
104.2400 104.9797 105.5460 103.9229 103.3422 102.7708 102.7125 102.2681 101.9958 102.2989 102.3963 102.4960 102.6965 102.9752 103.9373 104.2330 105.5107 105.3973 105.2693 107.0001 105.5687 106.7279 106.5833 107.5180 107.4648 108.0752 106.9652 108.1672 108.1963 108.3839 112.5127 115.9148 113.8389 113.2049 113.2207 112.4053 115.2777 116.1522 107.5455 112.3300
105.0200 104.8484 105.9644 105.6622 103.8128 103.4396 104.5829 107.5259 104.8188 103.2638 103.5467 103.2387 104.0223 107.7827 106.0246 105.8044 104.5865 104.9668 106.4325 106.9080 105.7642 106.9530 107.3832 107.2550 107.8231 108.3245 108.3974 108.7877 108.9165 108.7453 109.4924 113.3017 112.4617 109.7874 113.4769 110.1956 109.9413 109.7826 108.3356 111.2500
106.6500 105.3284 106.0021 104.7077 104.9138 105.9879 104.0565 105.4449 106.4688 105.7090 104.8341 104.9458 106.0886 106.3189 108.0968 106.3949 107.3120 106.0894 106.8797 106.9115 105.7863 107.2278 107.6350 107.9234 107.3170 107.8261 108.4302 108.0018 108.7872 108.4214 108.8714 114.0664 109.4083 114.4167 111.1367 112.9792 109.0379 109.3040 110.2802 110.0400
106.6500 105.9483 106.8344 106.3461 105.6228 105.4997 105.1668 107.0390 106.3517 104.2407 104.4209 105.1037 105.5988 104.6322 103.9973 107.1538 108.7344 107.2202 107.1148 106.2440 106.3004 107.4596 107.5638 108.0773 108.4411 108.5859 109.0887 108.6622 109.8619 109.7386 112.4321 108.1938 109.4523 110.8874 110.0265 113.4712 112.6585 113.3160 109.9132 110.5300
105.8500 107.4484 106.1217 105.7571 105.3937 105.4710 105.2386 105.5684 106.6825 106.8618 105.2331 106.5935 105.8757 106.6671 105.3395 106.1017 106.9862 106.4452 106.3508 107.4395 107.1911 107.9541 107.6660 108.3250 108.7197 108.8545 108.8421 108.8117 109.3035 108.8585 109.9364 111.3800 109.5953 109.8439 113.8397 114.2371 114.1807 112.4182 110.2452 109.2100
107.7600 107.2066 106.2858 106.5662 106.3488 107.8086 107.5615 106.7149 107.6218 105.7541 107.0359 106.7479 106.4478 106.9553 107.7501 107.3444 107.2538 107.1303 106.7413 107.1363 107.4221 108.6467 108.1504 108.1358 108.6720 108.5728 109.1105 108.8919 109.6063 109.3005 108.3554 109.9472 111.6075 109.3979 113.3001 111.5085 113.0292 110.3552 109.2596 110.4400
107.9200 108.0351 106.4454 107.0486 107.7345 107.4436 107.1606 109.3474 107.2929 107.5207 107.4248 106.7765 106.4854 106.1441 106.1493 106.7231 106.1165 106.3103 108.0815 108.6822 107.7346 108.6074 110.0888 110.9069 108.6174 108.2006 109.2745 109.0906 109.5198 109.2862 108.9880 112.3668 116.8190 113.1055 110.4728 109.3727 108.7648 112.0302 110.6121 108.6400
107.0400 106.6666 107.7065 108.1959 107.8609 107.5100 107.2489 109.1373 107.3246 106.9562 107.6349 105.8190 107.4625 107.3377 108.3209 108.1534 107.2689 107.0097 111.2993 109.4484 111.0677 109.6005 109.7193 114.9336 109.7647 111.0139 109.4811 109.6063 109.8096 110.8158 110.9478 110.0059 112.7752 114.8390 108.4152 109.7013 111.1612 112.5673 113.2021 112.6300
107.5400 107.6708 108.3509 108.3710 108.3312 107.6974 107.4871 107.3615 107.8408 107.5964 106.6860 107.3959 106.9705 109.4613 111.0918 107.0516 109.0064 108.0271 106.5737 108.7968 114.6183 110.2530 109.3900 111.5109 112.4148 110.8925 109.6478 109.2667 109.7996 109.5732 113.9438 109.7878 108.4977 111.6321 109.5763 107.9228 110.4999 110.4904 109.2486 110.6000
108.7400 108.8062 108.6381 108.2896 108.2327 106.9809 106.9275 108.6608 108.4952 107.8992 108.1366 108.0157 108.1246 112.0060 110.0642 108.6554 113.1994 107.6427 107.8327 108.8517 114.3317 108.1956 113.2107 109.7567 113.3232 112.9637 112.8610 113.3238 109.8097 111.0778 115.3993 112.7770 115.2255 110.1442 110.9219 112.0060 112.2509 111.8587 111.0218 110.6000
108.8200 108.9607 108.5352 108.8031 108.7851 107.2489 107.8019 107.3004 107.7400 107.4999 108.3450 108.5632 108.6272 109.5809 108.2545 108.3402 113.0120 108.7087 109.1225 109.8126 115.8779 107.8905 114.0088 108.3633 112.0679 112.7485 115.6025 114.9555 111.4610 110.7665 115.3653 114.6793 113.1457 113.2587 116.6769 114.7938 110.0466 112.2893 109.1947 112.6700
109.3100 109.3865 108.8394 108.8952 109.0811 107.8445 108.8549 109.4022 107.1757 107.8106 108.5945 108.8398 110.9171 112.0595 111.4713 108.3562 112.1406 110.1678 110.0885 112.5082 114.6943 112.8605 113.7046 115.8608 112.5472 112.0712 114.9479 115.4287 116.5512 111.3556 112.8647 111.5521 115.2890 116.5157 112.7732 115.8560 110.0907 112.1402 111.4810 113.0400
109.5800 108.8900 108.8900 108.5500 108.5500 107.7600 108.0100 109.2600 107.7100 108.0500 108.9700 108.2000 109.1100 112.7400 113.4900 108.3900 113.1700 109.4100 109.0200 109.2400 115.5000 115.5000 113.2900 115.3700 114.8000 110.3500 115.0600 115.4900 114.7300 116.4700 110.7000 110.7000 110.7000 109.0500 112.0800 112.2700 111.0900 109.7800 109.1300 114.5000
