116.1300 116.1300 115.7200 110.2400 110.2400 111.3200 116.0600 115.3100 113.7600 110.3500 114.4000 114.3900 110.7500 112.0600 109.2900 110.7800 113.1700 111.9600 110.0200 109.6600 112.4500 112.2600 116.2000 115.0100 116.7700 118.4700 116.1800 116.1700 115.5800 116.2000 116.1600 117.8300 118.2800 118.1600 118.5600 119.4000 119.1700 118.8200 118.3300 118.3300
114.6600 114.8016 116.3230 110.1350 112.3447 112.5790 112.9299 111.5143 113.9846 109.6010 114.0129 114.2127 112.2159 111.3233 109.5207 109.3821 115.4440 112.8155 110.5098 109.2047 111.7390 114.4616 111.9283 113.8780 116.5697 115.6372 118.8000 118.3676 114.7942 115.5662 115.6962 116.5930 117.5168 118.5233 118.6228 119.1016 118.7536 118.8760 118.3783 118.0600
114.0200 116.5454 116.3981 110.9724 108.9313 114.8015 109.5500 112.0100 110.9041 113.7734 113.4198 114.8491 111.0355 111.2045 109.4445 109.3626 113.4188 112.4646 110.6779 108.9480 112.4111 112.0926 112.7836 113.3620 115.5321 115.4374 120.9212 116.3231 113.8491 115.5320 116.4639 115.7374 116.7786 117.7175 118.8964 118.7523 118.6618 118.6002 118.7119 118.7100
117.0000 115.9750 112.1879 113.4817 107.7968 115.1231 107.1011 109.5258 109.5902 110.2247 109.1326 113.3002 113.4101 109.8752 109.2057 109.2063 111.8099 113.0788 112.4714 108.7892 108.8226 111.9939 113.3678 115.7193 117.3039 112.9296 113.2670 111.2998 112.5052 112.7281 116.7252 115.4287 115.1286 116.4743 117.7971 117.6049 117.9353 118.3511 119.3916 119.2400
118.0500 112.0593 112.8827 114.0061 111.1580 113.3819 109.4295 108.4033 108.6329 109.2774 112.0324 111.1320 108.6038 109.1213 108.2658 107.3562 113.7037 109.7880 109.0400 109.2791 109.7136 112.3809 114.2279 115.1615 114.9990 117.0429 112.9301 112.7706 111.5307 111.6229 115.9695 117.4848 115.0162 115.3224 114.0574 116.7349 116.6442 119.0075 119.7563 119.2400
107.8000 113.1217 111.5480 112.3444 113.1180 110.7734 111.7269 114.4580 109.9459 109.2679 109.9774 108.7235 107.9220 114.3237 107.3805 107.7403 112.4997 112.8806 107.7953 108.2104 109.3634 109.0881 111.1295 112.2673 115.8662 113.3536 111.6857 111.0199 110.1002 112.3234 114.0716 116.6619 115.6695 112.7756 115.5070 116.3090 117.2381 117.5705 118.6730 117.4800
110.2000 110.4990 114.4348 112.7054 114.7256 112.2849 112.9561 108.1560 108.3291 107.7067 108.9559 107.7018 108.2243 109.5655 108.2155 107.4456 109.3507 113.5816 106.9220 108.2823 107.5388 108.3340 112.1652 114.5131 116.7073 111.1240 110.2550 110.0125 109.9235 112.4987 113.8385 115.2732 116.1323 113.2376 115.2821 116.9866 119.2813 116.6656 117.1672 117.4800
112.2700 107.3112 113.4170 110.4677 109.2039 113.0570 115.8883 107.7511 108.9656 108.4525 108.0658 107.9484 108.5600 107.4147 108.5890 108.6698 109.9022 112.1772 107.3761 107.5857 109.9803 109.3244 108.1846 112.2563 111.0480 109.1071 110.3922 108.1932 110.6697 113.4894 114.0024 113.3375 112.3674 115.1723 116.5718 115.3754 115.4600 114.7829 116.0067 117.0900
114.4600 110.1262 110.4777 114.4753 107.1598 112.5187 113.4838 112.3159 107.8853 108.4749 107.6132 107.8748 107.9594 108.1032 108.2331 107.1402 110.2902 107.3039 106.9506 107.1118 114.8497 107.9379 110.7204 113.4593 112.2977 108.6603 107.8961 112.1172 112.6232 112.0107 113.8997 110.3172 111.3952 113.2436 116.2060 116.4479 116.1516 116.7838 115.6917 115.5400
114.2600 113.3615 112.8081 115.8968 111.6723 113.6610 109.0627 106.6366 107.5505 107.4418 107.0312 106.6247 106.9988 108.4816 109.1418 106.4109 110.5959 108.4381 106.8451 107.3400 110.5497 106.4986 110.5652 111.2831 108.3640 108.0331 109.6621 109.0469 110.9363 112.3068 112.6912 111.9072 109.6215 114.5361 112.1244 115.3468 113.3328 116.4014 114.0581 114.6800
109.1100 111.5443 108.5210 108.9286 106.4735 107.2986 105.0937 106.4185 107.8731 107.8449 106.7064 106.7290 106.7963 108.0782 106.4410 106.8401 108.1022 108.3940 107.7731 107.2047 107.2575 107.3002 105.4476 114.2287 107.2622 112.8290 112.5873 111.6294 112.2382 109.0212 113.1795 112.5920 110.5918 113.5330 109.0474 110.8976 115.4167 115.8387 113.8477 115.1300
108.7900 111.9633 109.1249 108.2847 106.2126 107.3325 108.1093 112.5706 106.9387 107.6741 106.2247 106.8443 107.2285 107.3702 106.3765 106.5397 108.4957 107.3134 107.3366 106.5360 106.7443 107.1643 106.8948 107.4963 108.0106 108.0897 106.7016 107.7406 108.4476 108.2671 108.8644 114.3063 114.6042 112.5871 110.2077 110.6464 115.1552 115.0870 114.8829 113.4100
108.2600 107.7305 106.8423 108.9118 106.3175 106.7715 111.6651 105.6866 105.9555 106.4869 107.1634 105.4544 106.5440 106.0051 106.2782 105.5232 106.2945 106.2138 106.9561 106.8867 107.5822 106.1600 106.1681 106.4796 107.0649 106.9987 107.6230 108.3815 108.1431 108.1468 107.9746 110.8379 113.7062 113.8611 112.0205 111.1812 114.7699 115.4608 115.3835 111.3000
108.5100 107.1488 108.5295 107.3681 107.4235 112.2644 104.9020 109.8310 106.5265 107.2521 106.0456 105.6824 106.5766 105.2025 105.0542 105.1775 107.5860 107.1236 107.1212 105.1296 106.0921 105.8789 109.3294 106.0071 106.3231 106.9201 106.6829 107.9324 107.7304 107.2399 108.6484 108.1336 115.1780 111.4050 113.3146 112.7813 114.3436 113.9149 112.3849 113.0200
108.4800 107.4266 108.1614 106.8647 107.0470 107.2282 106.6718 112.3239 107.6653 106.4687 105.9821 105.0617 105.2595 105.8687 104.6242 103.9168 107.2833 107.3366 106.3215 106.2882 106.4268 105.5451 105.9629 105.5733 107.1108 106.4202 106.1469 107.6944 107.7394 108.0295 108.3385 107.8147 106.5209 112.3943 111.2269 108.4225 114.6155 112.7714 114.7761 113.0200
106.7000 107.5332 107.2415 106.2266 106.8640 107.0990 111.3637 107.9560 105.5487 106.4806 106.0749 106.0476 105.4457 105.0514 104.7054 104.3804 104.9574 105.7507 105.8606 104.3499 106.6153 106.2044 106.0014 106.4420 106.9604 107.0261 106.5923 107.7685 106.4131 107.5275 106.7386 108.0788 108.1269 111.0705 107.9249 108.2248 112.3082 109.1483 111.2189 114.4500
106.8500 107.7075 107.3871 106.3485 106.6194 106.5145 105.7262 105.1202 108.5382 105.8856 105.9662 104.0028 104.6883 104.9034 104.1838 102.9413 103.0319 103.4177 103.6607 105.4168 105.0824 104.2661 104.7462 106.5565 106.7305 106.8385 106.8852 107.4351 107.1274 106.8979 106.9466 108.3567 109.5486 108.2833 107.7513 108.4197 108.4925 108.4348 108.7301 108.8500
106.5500 106.6536 106.4159 106.0046 106.2925 105.0690 105.8894 105.8382 106.2229 103.1020 103.3428 102.5874 102.4603 101.8006 102.2072 102.3073 102.2851 102.5437 102.7230 102.9756 104.8471 104.1921 104.2291 104.7619 105.9379 105.9989 106.8349 107.0090 107.0242 107.5780 107.7872 107.7133 107.6572 107.7265 108.2398 108.3373 108.9052 109.0790 109.0603 108.8500
107.1000 106.7256 107.2478 106.8008 106.6008 106.1736 105.5554 103.3377 102.9236 102.8204 102.4998 101.9472 101.4673 101.2080 101.7428 101.7973 101.8514 101.7009 102.2720 102.2463 102.5465 102.9364 103.9264 104.1122 104.5212 106.1189 106.9251 106.7607 110.4751 105.7621 107.6145 107.9841 107.8667 108.1723 107.3408 109.0678 108.6494 112.4559 109.5079 114.1500
107.4600 106.6020 106.2725 106.2336 105.6993 103.8506 104.9833 102.8284 102.4373 102.2242 101.6010 101.3720 101.1058 100.3203 100.6615 101.0437 100.7280 100.9783 101.4284 101.4636 101.9192 102.1824 102.7632 103.0605 105.1630 106.0372 106.5274 106.5573 107.2083 106.9969 106.8868 107.5363 107.3706 108.5398 108.3507 107.4334 111.1355 112.2700 111.7775 112.6700
106.9400 106.6167 105.3319 106.0613 105.5416 104.1588 102.5453 102.4692 101.8752 101.3756 100.8495 100.5203 100.0373 99.4469 99.6782 99.7731 99.4983 100.0184 100.3221 100.3424 100.9710 101.6492 102.5212 103.0323 103.3118 105.0528 105.9089 106.3195 105.2951 105.6092 106.2895 106.6675 106.7973 108.8450 107.8942 112.5210 108.8440 113.6781 108.9262 113.2100
106.7600 106.5576 104.9413 105.3638 104.1355 102.6945 102.3220 101.7342 101.1895 100.5281 99.5820 99.3841 98.6686 98.1962 98.1688 98.3597 98.8558 98.6656 99.4655 99.7450 100.0307 100.7533 101.8315 102.5392 102.8258 103.4220 103.8079 105.1795 105.0577 106.5992 107.0117 106.1855 106.2070 108.6289 111.5778 111.8646 111.6486 112.3224 106.8761 110.1000
105.7300 105.8355 104.8577 104.0469 102.8475 102.4861 101.7331 101.1365 100.3873 99.3840 98.6368 98.3784 97.2147 96.4352 96.3292 96.7113 97.1649 98.0597 98.0957 98.7667 99.2531 100.0914 100.8887 101.6273 102.2786 103.0489 103.5502 104.1515 105.3598 105.2807 105.9398 106.8486 108.0693 105.8508 107.8316 105.8091 108.7175 109.3143 108.0776 108.3800
104.8600 104.6174 103.9825 105.0954 102.2869 101.7378 101.1299 100.4805 99.1932 97.5454 97.2566 96.7108 95.4172 95.0881 94.2942 94.2569 95.1316 96.2679 96.9143 98.0622 98.1417 99.3727 100.2470 101.1613 101.9079 102.3954 103.1487 104.5052 104.6347 107.2746 107.9786 107.2446 109.9427 108.1420 108.1700 107.8530 108.9179 108.5823 109.2971 109.1900
106.5800 104.7801 104.4407 102.7251 101.9574 101.0023 100.1926 99.6262 98.0875 96.6395 95.7121 96.4483 93.5274 91.8597 91.5895 91.3262 92.6632 94.9586 95.4620 96.8323 97.2283 98.3530 99.2198 100.9204 101.7373 102.2285 102.8285 103.9578 105.1184 107.3624 107.8950 107.0913 106.6173 108.1982 107.4328 108.1208 108.6678 108.4696 110.3926 106.8300
106.4800 105.6991 105.5372 102.6165 102.2184 101.1524 100.0906 99.0425 97.4341 96.1239 94.2631 93.5348 91.1029 88.9328 89.1709 88.4266 89.6352 91.2806 93.4570 94.9218 96.3303 97.9530 98.8796 100.2573 101.3979 101.9545 102.2386 105.2243 104.6264 106.4985 104.7551 106.3649 106.5560 107.4045 108.2095 107.7084 108.4288 107.4950 107.9290 107.8500
106.3900 104.5513 104.0061 102.5618 102.1737 100.6923 99.3430 98.0896 97.0435 95.1404 93.4533 91.0665 88.3156 85.0743 83.5825 83.4717 86.0031 88.3016 90.2075 92.9162 95.6349 97.0134 98.8009 99.5253 100.3688 101.4913 102.3380 104.1708 103.9574 104.7886 105.3208 105.7521 106.0369 107.4541 108.4782 107.9834 108.0369 111.6526 107.6973 107.4600
106.3300 104.0570 103.0853 101.8596 102.1763 100.2319 99.1508 97.0382 96.9617 93.9860 92.1493 89.1828 85.4106 81.1805 77.1283 75.8434 80.2610 83.3718 88.0252 91.8505 94.1787 96.0017 97.7368 99.4465 100.1614 101.3862 102.4152 102.8044 103.7787 104.6084 105.3943 105.6811 105.7250 107.3666 107.9222 107.1888 108.2429 109.1093 108.5637 107.8300
104.3800 104.0956 103.3761 102.1377 102.1979 100.1260 99.3288 97.5945 96.2257 94.2155 91.5977 87.4309 82.7768 76.6039 69.5450 66.5445 73.3511 81.9510 86.4133 90.6869 93.1908 95.5030 97.2211 98.9837 99.7822 101.0688 102.2836 102.7816 103.6587 104.4255 105.9169 105.4977 105.4699 105.8204 107.8216 106.6772 107.0699 108.0417 108.7337 108.6300
104.5100 103.9876 103.2832 102.5822 101.5410 100.3065 98.7062 96.9364 95.6930 94.1272 90.7561 86.8261 80.8955 71.9537 62.5455 61.1475 68.4660 79.3369 85.6915 90.1108 92.7966 95.3413 97.5010 99.0156 100.3260 100.7954 102.3701 102.7396 103.4325 105.5315 105.1816 106.9854 107.3280 105.9278 106.4878 108.0953 106.7167 108.2435 108.3950 108.4200
104.3700 103.9931 103.4124 102.6077 101.6866 100.3285 98.7559 96.9748 95.7817 94.2066 90.9358 87.1683 81.4638 73.1645 65.3596 63.9458 70.1263 80.2583 86.0492 90.2763 92.9154 95.4520 97.6075 99.0998 100.3417 100.8205 102.3334 102.7521 103.3718 105.6250 104.9556 106.8119 107.2471 106.7260 106.7035 108.2499 106.7363 108.4706 109.1924 108.4200
104.3900 104.0273 103.3968 102.8670 101.8142 100.1240 99.0995 98.1510 97.3958 93.3689 91.2647 88.0660 83.6745 78.1926 74.7716 74.9290 77.0862 83.1056 87.0438 90.3478 93.7830 96.1665 98.3103 99.3797 100.6827 101.3051 102.0758 102.8562 103.6494 106.5884 106.6912 106.6872 107.1923 107.7220 107.1298 108.3013 106.7000 107.6561 113.0133 108.9100
105.1900 104.2633 103.4739 102.7566 101.9574 101.0709 100.4619 99.4071 98.7185 95.1699 92.8633 89.9218 87.2701 84.9209 81.6311 81.3674 82.7441 86.6422 89.8394 92.5824 94.8751 96.9869 98.5013 99.7551 100.6251 101.3981 102.2136 103.0593 104.1631 105.5729 106.7351 106.6427 106.5773 107.4226 106.2567 107.7347 107.3547 108.2457 108.3498 108.9700
106.3000 104.3321 103.6305 102.9632 102.2411 101.5425 100.8730 99.6939 98.2874 96.5187 94.4372 92.5648 90.4456 89.1539 86.6628 86.2877 87.3497 89.3510 92.5381 94.4834 96.1645 97.5842 98.9900 100.3129 100.9604 101.9342 102.4937 103.0829 105.2427 104.6989 105.5778 105.6085 107.0223 106.6278 106.4829 107.1369 106.8881 105.0992 108.0181 108.9800
105.8300 104.8499 103.8100 103.2854 102.6302 102.0195 101.3106 100.5506 98.9209 97.8649 95.4813 94.6107 93.5878 91.7137 92.0274 91.4430 91.2845 92.6973 94.6291 96.1063 97.3175 98.4605 99.8214 100.6325 101.4636 102.1480 102.6793 103.4357 105.7164 104.9485 105.3138 106.1914 106.9795 106.9604 106.8573 107.3237 110.0217 111.5671 111.7647 114.3000
105.0600 105.7795 103.9645 103.5959 102.9444 102.4147 101.6483 100.8907 99.7043 98.9264 96.6229 96.1679 94.8789 93.6405 94.4318 94.5144 94.3952 95.6489 96.1150 97.2251 98.2291 99.5279 100.3128 100.8690 101.6234 102.3468 103.0769 103.6634 104.8739 105.7985 105.5369 106.4547 107.3492 106.8602 106.7082 108.1673 112.8824 109.7952 112.5612 108.8900
106.8000 105.5665 104.3142 103.8370 103.4241 102.8492 102.0851 101.2761 100.2812 99.6201 98.4574 97.4946 96.8896 95.8753 96.3327 96.2576 95.9084 97.2828 97.7634 98.2855 99.3563 100.4253 100.7502 101.3768 102.2264 102.9493 103.3621 104.7057 106.0545 106.5772 106.2082 105.8722 107.5831 107.3839 105.9240 106.8399 107.9633 108.8409 109.7714 112.6400
105.9700 105.3904 105.6159 104.1410 103.8528 103.2742 102.5164 102.0305 101.2909 100.5326 99.4963 98.6330 98.5764 98.3274 98.3129 98.1014 98.0300 98.7113 99.2402 100.1190 100.6594 101.1543 101.8147 102.3053 102.9096 103.4359 103.7411 106.1924 106.4781 106.5831 111.8311 108.9754 108.3337 109.5304 108.8925 107.1664 113.4188 113.2675 111.6787 110.0800
107.1400 105.0938 106.5621 105.9905 103.8551 103.5152 103.0658 102.7242 101.9967 101.5686 100.6471 100.1257 99.9249 100.0225 99.7718 99.7997 100.0231 99.9542 100.4031 100.8899 101.5311 101.9448 102.4590 102.8882 103.3217 103.7051 105.6444 105.4751 106.2402 106.5465 107.6809 105.9025 108.4405 107.7158 107.1480 109.2827 113.5220 114.3315 115.7976 108.7100
106.7900 106.7900 106.8600 106.6500 104.3300 103.7100 103.7100 103.3400 102.2800 102.3700 100.8400 101.2700 100.6300 100.3000 100.1300 100.1200 101.2000 100.7400 101.5200 101.3600 101.9400 102.3100 102.6300 103.6500 103.6500 106.2600 105.2600 106.3700 106.3600 107.2800 111.5500 107.5200 109.0800 113.1600 107.8300 108.2500 109.0400 110.1000 111.8000 109.4600
