110.8200 110.8200 111.6000 111.4600 111.4600 110.0500 110.0600 115.0200 111.6600 108.5900 108.4700 108.8400 111.9400 112.2600 115.0200 114.7400 113.0600 112.9100 112.5800 114.5700 114.9300 111.1900 111.1700 112.6000 112.6400 110.8000 113.9700 114.6200 116.7200 113.9800 112.0800 116.3200 116.0600 115.9000 115.4100 115.2900 114.9200 114.5500 114.5500 114.3200
110.9900 112.3757 110.7509 110.1533 108.5724 110.0338 111.3691 111.5651 110.2118 108.4713 109.0992 109.8963 110.1594 116.4421 109.2783 112.1930 113.2588 112.7914 112.0781 112.1160 114.6866 108.3516 109.7696 112.8005 111.3508 112.5837 112.3848 116.7607 117.0568 115.5577 112.5475 112.4456 110.2457 112.6739 114.4534 115.6723 114.5501 116.6839 115.0548 114.8000
111.4700 109.5761 108.4162 108.6731 109.1936 109.5489 109.8610 111.7316 110.2120 109.0207 109.6528 111.3678 110.6270 116.3985 117.0949 109.3195 115.5806 113.4600 111.6941 110.3657 112.7888 109.3691 109.2421 110.3943 109.8340 111.0308 118.3867 117.6446 115.7153 115.6121 111.6270 112.8628 110.0813 108.8139 110.5399 111.9039 114.1187 116.6790 115.3379 115.3200
110.0300 109.7442 109.0533 110.8569 109.4769 108.2861 109.2857 109.9387 109.8954 108.7423 111.0269 111.1276 108.3039 116.2188 114.6981 111.0217 110.8300 113.2870 111.1543 115.3735 107.6023 109.0907 110.9633 110.5896 109.5325 109.8291 113.8383 116.0948 116.0946 116.1030 111.6925 114.2385 110.2254 114.4256 111.7421 116.3293 113.4168 115.7239 115.8602 115.4700
116.8200 113.6916 108.9459 110.2851 109.3504 108.2674 110.5676 111.2451 112.3117 108.5793 109.9455 110.7374 117.4728 115.2259 113.3785 110.4302 109.5247 111.3764 109.9626 114.1267 109.1610 109.9224 110.4351 113.4024 114.2333 108.3769 108.8652 111.0530 114.3441 113.2731 112.4441 114.5433 115.7832 113.2443 110.1540 113.8608 115.3450 116.9030 116.3777 115.9900
116.8200 112.8806 108.3931 115.4396 109.5427 108.6952 111.1508 110.7095 110.4636 110.3372 112.1078 112.6056 117.3348 113.1481 111.8874 108.2542 109.3577 109.0624 108.6449 110.2291 112.8486 111.5407 108.5904 113.3072 107.6758 109.1092 109.1775 108.7507 109.4285 110.5895 115.7370 117.2432 116.4002 113.6567 112.0409 112.0064 116.3787 115.8909 117.3236 116.4900
116.3200 111.0320 108.1520 115.1137 109.2315 109.6438 112.8773 109.1511 110.2860 108.9098 113.7942 110.5806 119.5635 111.7085 114.9982 107.4573 109.0483 109.5674 108.5278 108.5292 112.6866 111.7751 114.1378 112.3223 110.8546 110.3536 109.2502 108.6225 108.8573 108.9647 112.9951 116.3381 118.6857 105.3929 112.6323 114.1592 115.7565 116.9936 117.8443 117.5000
113.4300 110.5904 110.5514 114.2440 112.9198 110.3190 112.0605 110.0016 110.4297 110.5364 113.8283 113.8376 114.9080 115.0225 111.2427 112.1078 108.6845 109.3293 108.1582 108.1350 110.3286 110.5126 111.5875 109.6911 108.0139 110.2193 108.2532 110.4663 109.1419 109.9643 112.9864 111.1619 116.1843 108.7457 109.3024 108.9783 111.1885 118.8087 117.1973 118.4100
111.7600 110.9756 113.6456 114.5845 115.9569 110.5562 111.3452 112.3625 110.0125 110.0058 109.0725 113.8580 115.4816 114.8827 111.1878 111.9010 108.5863 109.1530 108.6687 108.0584 109.9102 112.8823 115.7500 109.0207 108.2857 109.9222 108.4488 107.6941 108.0412 111.4539 109.3295 110.9731 112.7736 108.3188 108.2002 108.6206 112.2143 116.8186 118.9352 119.6600
113.3300 113.6746 109.4881 116.3751 111.5054 108.7280 113.1692 113.3020 109.5733 109.6143 109.8065 112.4056 113.6438 110.1675 110.0765 113.2836 108.0051 108.7172 106.9317 107.3969 113.4325 113.8420 114.2459 108.3131 107.1896 110.6662 111.5960 110.2069 109.6077 109.6590 109.5498 112.6838 110.7928 113.2796 114.4246 111.8703 110.6432 114.4484 119.7682 115.2800
116.0000 114.1859 109.7694 113.1829 114.3670 113.4590 115.5099 111.8556 109.5029 109.6890 108.8179 109.0864 111.3501 109.9423 110.8569 113.3309 113.5477 112.2500 113.5453 111.5729 109.6909 112.1148 112.0240 111.1458 107.9053 109.0516 111.5064 113.2085 110.7388 109.3899 110.9217 112.1264 111.1330 109.5478 112.2062 111.8791 111.7878 115.0951 116.4423 115.6100
114.3500 111.4116 110.2073 109.2793 115.9101 113.1725 113.9532 113.8126 109.5592 109.3808 109.3829 108.8050 112.3816 114.8729 109.2973 110.0486 109.2718 112.2127 111.7097 110.4824 108.0058 110.9086 114.9272 111.3499 107.9599 108.6440 108.0556 111.9305 113.4924 112.0573 108.0467 110.2471 109.6078 108.9663 108.1608 109.3982 112.9911 114.1061 115.0536 115.8800
109.9600 109.6749 112.7128 109.3764 112.2304 111.9399 114.5095 112.0854 109.2179 109.2480 109.0312 109.0893 110.7021 115.9119 107.4930 111.9791 110.8073 107.6912 113.6978 107.8414 108.0608 110.3346 114.4730 111.6319 111.9819 112.4312 111.6621 117.7499 111.2083 109.4159 108.0893 107.8448 112.8211 111.7212 107.5088 112.3235 110.1189 114.2074 113.3612 109.2400
114.7100 114.5867 110.3626 108.9354 110.2108 113.6436 113.6040 108.1964 109.1120 109.1680 108.3203 107.5501 113.0519 113.6284 108.2207 109.4685 108.1415 108.2390 110.9356 108.6938 109.4140 110.5942 113.6125 112.1638 114.9051 110.1891 109.5519 107.6784 112.3611 113.4594 109.5923 110.3395 111.8908 117.4356 109.4601 118.8533 114.5000 113.0076 112.3788 108.0900
114.7700 114.7610 109.6788 110.3308 109.2941 110.6439 110.9254 111.5944 110.5946 109.0394 107.6273 107.3100 108.4420 110.2898 107.4158 108.2039 109.0754 108.3924 111.5976 108.3111 108.4494 110.6573 109.7081 113.2406 114.5598 111.3396 114.8760 111.6650 112.4004 112.0402 109.4565 113.1615 112.1905 120.2050 114.6842 110.1213 110.3189 110.2741 110.7235 110.4300
112.3800 109.9005 110.0363 113.2888 108.3406 108.5105 107.8804 108.9719 107.5942 108.6510 107.0459 107.5157 108.0131 107.8082 110.4109 108.8249 108.4577 108.5361 109.4286 107.8353 107.9913 111.5007 107.2802 112.1363 112.5345 111.1421 113.8490 112.9242 109.0165 113.0123 113.5369 110.5533 110.8517 112.5384 110.1673 109.3734 107.5848 108.8361 110.2144 110.4300
112.3800 112.3296 111.7704 109.6230 108.4460 109.0516 109.2527 109.3579 108.8856 108.4657 107.7584 108.0882 107.4920 107.9286 113.0785 107.3877 108.2779 107.3525 111.1427 107.6739 107.6623 109.6408 106.5424 110.9834 108.4466 109.5115 112.2363 112.9323 115.0499 110.2115 110.4784 112.5503 108.5042 108.8421 108.1966 108.4369 107.8818 108.0016 110.2091 108.2500
112.8200 111.0240 110.7187 109.8541 113.0642 111.7345 108.6344 105.7521 107.7104 107.4635 106.8569 107.4621 107.2936 109.3570 107.8070 108.0925 107.2534 107.7787 107.8662 107.5933 107.4208 106.4474 105.7523 109.3264 108.9356 108.7582 108.0805 114.3364 111.0348 112.2135 114.3134 110.7944 107.2911 108.4877 107.2128 108.1028 111.6770 113.9187 107.5646 108.9000
108.9900 110.6155 107.6978 111.4642 112.6041 111.2580 108.7682 106.3597 106.8917 107.8461 106.9652 106.9947 107.6070 107.0114 106.6051 106.2370 107.4617 106.9751 110.9924 106.8990 107.2147 105.5062 106.2888 106.4243 106.0803 110.2729 113.1830 108.6579 113.0368 114.1536 113.0380 111.7704 107.0780 108.7062 108.7044 110.1213 113.7301 109.6446 106.9078 111.8300
108.2000 108.6410 108.7247 107.9564 107.7261 106.2831 107.5033 106.8176 106.9651 106.2121 106.1042 106.9971 107.1170 106.7992 106.4234 105.6665 107.3071 106.5762 106.5790 106.8239 107.0271 106.4220 106.7109 105.5086 106.3626 106.8180 106.5530 108.9462 109.7045 107.9938 111.8485 106.8064 108.3864 112.4973 107.6720 114.2304 111.1413 115.8946 115.8992 115.8900
108.2300 108.2973 109.6548 110.6975 108.1647 106.3950 106.2507 106.0015 106.6002 106.4077 105.4812 107.1768 106.9322 105.9605 105.2318 105.7789 106.7299 105.7549 106.2689 105.8545 106.8882 106.2028 105.5492 105.6571 106.8688 107.3412 106.9780 111.6979 113.4850 111.7893 105.9250 108.0778 107.8504 108.7436 109.3138 115.0878 112.8879 109.8846 115.3565 109.9200
108.2400 108.3029 108.4974 106.9057 107.7539 106.5257 106.7578 106.2992 105.6498 105.2111 105.6046 106.9557 104.8387 105.1806 104.9385 106.2347 105.8815 105.6558 105.6549 105.1619 106.8284 106.0653 105.4346 106.3023 105.4094 107.1434 110.0971 106.5482 107.2705 106.7168 107.5856 108.4663 107.5419 108.2677 109.9332 108.4141 111.9675 111.9543 111.6660 108.9900
107.9800 108.0992 107.8824 106.4608 106.4882 106.2844 105.6438 106.7265 105.7023 106.1953 104.6763 105.8063 105.6320 104.0150 104.0459 106.1535 104.8312 104.5596 104.9659 104.5973 104.6829 105.2647 104.4513 105.8482 105.4877 106.3805 109.0862 109.4665 111.2302 107.1394 106.8272 106.7380 106.1809 107.7954 107.4145 108.3890 110.0142 112.6363 111.7785 109.1500
107.2700 108.2386 107.7162 106.4177 106.9898 105.5601 106.2633 105.8648 105.6982 105.8572 104.6828 105.0881 104.9388 103.6360 104.9581 104.5924 103.2437 103.3417 103.4207 103.6648 105.0212 104.7119 105.0718 106.2958 106.5209 104.3022 106.8400 106.3165 106.9778 105.9589 108.2501 105.8761 108.5561 106.3892 106.4508 107.4540 114.9529 111.6476 108.5439 109.2600
108.0300 107.4084 106.6101 106.3125 107.3165 105.5666 105.7310 106.1576 106.1315 104.9266 105.1150 105.1676 104.3426 102.9862 102.8120 102.6023 102.9166 103.0260 103.0047 102.9110 103.3522 103.2285 104.4767 104.2117 107.9740 107.7543 106.0657 106.6066 107.4012 107.7851 109.1533 107.7467 108.6249 107.0621 107.7875 107.6912 110.4379 108.7380 109.3912 113.6300
108.0300 107.9939 107.0291 106.7228 106.1438 105.2860 105.1354 105.0616 104.6705 103.9689 103.7616 102.8807 102.5794 102.1668 102.4616 102.1044 102.2481 102.1556 102.3016 102.3077 102.4328 102.4882 103.4436 103.0240 103.8396 106.0207 104.9175 105.2661 106.3013 107.1842 107.9264 107.4349 106.3329 107.3452 107.8133 107.8861 108.0055 109.0253 108.4221 113.6300
108.0200 107.5819 107.6538 107.1094 105.3775 105.4235 106.2725 104.6494 103.3064 102.9227 102.6041 102.3880 102.0297 101.4119 101.2662 101.4690 101.4049 101.3303 101.1732 101.6414 101.6916 101.9465 102.3685 102.5441 102.7686 103.5406 104.6000 103.5462 106.1210 106.5473 106.3116 106.6836 107.1682 107.1024 107.0397 108.5511 108.3212 111.1680 108.8204 107.7700
108.0200 107.6232 107.1749 105.1316 107.2155 105.1416 105.7070 104.4412 103.2303 102.3978 102.0628 101.7733 101.3445 100.6943 100.7015 100.5422 99.5431 99.8446 100.1999 100.6452 100.8335 101.0370 101.4723 102.1946 102.4154 103.0991 103.4762 104.4452 104.9422 107.3166 106.0305 106.4618 106.6531 106.5536 107.2063 107.0536 107.3852 111.3906 108.3829 107.7500
107.0400 107.2552 107.2816 105.1439 106.2818 104.4534 104.9975 103.5853 102.6045 102.1826 101.6762 101.0101 100.4641 99.9103 100.2213 99.2058 99.3653 99.0799 99.1499 99.3478 99.6825 100.0756 100.6421 101.2060 101.6142 102.3482 103.1864 103.3034 105.9404 104.7506 106.8924 106.4786 107.3119 106.3617 106.4039 111.6135 108.8462 108.4325 107.2375 107.9500
106.5300 105.6751 105.4418 105.4890 104.7171 104.8208 103.5620 102.3523 101.9992 101.6434 100.9583 100.2050 99.1973 98.7368 98.9843 97.2383 97.1411 97.0944 97.7677 97.6967 98.4912 99.2024 100.0782 100.7800 101.2363 101.7594 102.9010 103.1277 104.3105 104.4701 106.3109 106.7740 106.6855 106.1387 105.8178 108.0746 107.5204 109.6352 111.6147 112.4900
106.8200 105.5567 105.6648 106.9147 105.7173 105.1842 102.5279 102.1922 101.9276 100.8481 99.9030 99.1221 97.8653 97.6509 97.5728 95.5014 95.2781 95.6857 95.3550 95.7674 97.0212 98.3006 99.2287 100.1706 101.0626 101.5134 102.1060 102.7299 103.4730 104.9762 106.6511 105.3275 106.7692 107.0293 106.4819 105.9769 113.2670 112.4322 108.2362 111.0700
107.0500 106.4654 105.0724 106.1584 105.4298 103.1738 102.9129 102.3429 101.7351 100.1731 99.3658 97.8901 96.9473 96.8279 94.9854 92.9200 92.5112 92.5438 94.5711 94.3323 95.8842 97.1192 98.3662 99.2298 100.2359 100.7883 101.6590 102.6584 102.8848 105.0521 105.5333 107.2372 105.3094 106.4491 106.3837 107.3638 111.9926 108.3414 110.5268 110.1300
107.0700 107.0279 107.0848 105.3916 103.5429 103.2017 102.6714 101.9291 101.1235 99.9170 98.5608 97.5616 95.4557 94.8107 92.1424 90.0127 88.4493 88.3987 90.6177 91.8067 93.8358 95.6350 97.3222 98.6811 99.3187 100.4414 101.3729 102.1245 102.7017 103.5652 103.9737 107.2266 106.1970 105.7001 106.3671 107.0785 110.8205 110.6248 109.3409 108.3000
107.0300 106.9089 106.5856 104.3805 103.6693 103.1138 102.4487 101.8422 100.5211 99.6451 97.4484 96.4267 94.4893 91.7412 90.8824 86.2335 84.5748 84.0733 85.9638 88.8157 91.7068 93.9324 96.4899 97.9674 99.1912 100.3398 100.9653 101.9472 102.6577 104.1921 104.8212 104.9364 105.7512 106.4183 107.1394 107.3749 107.0571 106.9283 106.7945 107.8500
105.6900 107.1200 105.6972 104.1182 103.6324 102.9571 102.2720 101.4833 100.2817 99.0765 96.5132 94.7260 92.5648 88.8442 87.7555 81.2424 77.0560 77.9192 81.4183 84.7827 88.9493 92.9970 94.9005 96.6234 98.2658 99.5776 100.7844 101.7238 102.5213 103.1819 105.6529 105.2991 106.4268 105.4288 106.3274 109.1488 111.3306 110.8208 109.3005 113.6000
107.4600 106.8647 106.2450 104.0105 103.6270 102.9214 102.1418 101.0762 99.9265 98.5594 96.3825 94.2849 92.1234 88.2022 83.1889 74.3902 65.0157 63.7015 74.1401 83.7504 87.5652 92.1694 94.3552 96.0012 98.2647 99.8059 100.8466 101.7510 102.4650 103.1401 105.2880 106.1719 105.2783 105.3108 106.2918 107.9791 110.4250 110.6826 114.3382 115.7400
107.4200 106.9600 106.4853 103.9154 103.6407 102.8543 102.1074 101.2227 100.0521 98.2980 96.6411 93.8487 92.0954 87.8299 81.6647 70.8226 60.4262 59.1119 69.5067 83.6509 87.0355 91.4325 94.1417 95.8768 98.2988 99.7851 100.8805 101.7769 102.4746 103.1326 105.4555 106.4382 105.2697 105.2038 106.2481 105.7345 109.5029 109.1506 115.0959 113.4200
107.1000 105.7238 106.4367 104.0159 103.6894 102.8575 102.1081 101.3137 100.1716 98.5730 97.0923 94.1254 92.8267 89.3070 83.7078 76.2747 67.9615 66.1689 73.3457 83.9246 88.4938 92.0330 95.3186 97.0090 98.6019 100.0548 100.9567 101.7730 102.3545 103.2269 104.0637 105.0388 104.8571 110.4963 105.3999 107.5797 112.2110 112.2572 111.5370 112.9000
105.9900 105.4613 106.6590 104.1373 103.6678 102.8857 102.2836 101.4780 100.4153 99.1966 97.1218 95.1494 93.2673 89.4641 86.7055 83.2583 78.1153 75.5132 81.1950 85.6040 90.0403 93.6005 96.0362 97.7944 98.9557 99.9781 101.0958 101.8143 102.6789 103.1516 106.1255 103.5443 106.3384 113.5893 110.4171 106.8711 114.0056 113.6754 111.0859 107.5000
105.9900 105.4700 106.6200 106.6200 103.7900 102.9600 102.5500 101.3300 100.5600 99.9600 97.9600 96.7800 93.6500 90.4400 89.3800 86.1000 82.3800 82.2200 85.8700 87.5800 90.7700 93.6300 96.4900 97.7100 99.2900 100.4100 101.3100 102.2500 102.7500 103.2700 110.1300 105.0100 107.0000 112.2600 109.2200 112.7300 114.3100 114.0100 107.3300 107.3300
