109.5100 108.8300 109.0100 110.4900 108.7600 110.1000 109.3400 110.0000 109.9000 111.4400 110.5000 110.1600 109.7000 109.4800 109.7300 109.0300 109.0300 108.8500 108.4500 112.8400 111.2000 109.8900 109.2000 110.1400 109.8000 109.8000 109.0000 109.2800 108.5500 113.2700 113.2700 113.0900 112.9100 110.1800 110.1700 112.3800 112.2000 110.0900 111.9700 110.4800
109.2000 110.2638 108.9884 109.2027 108.6936 109.5014 110.0742 108.5653 110.1319 111.5128 110.5630 109.7062 110.1285 108.7976 110.3410 108.1918 113.4097 116.1397 107.9073 113.5057 111.0828 110.2864 112.3403 110.7793 110.0205 109.5936 108.6436 108.7201 110.4976 113.1263 113.6489 113.4148 112.5459 110.6787 110.1208 109.8909 109.0696 109.8247 109.8361 109.9200
108.8600 108.9481 110.6685 111.1972 108.9516 108.5915 109.0320 108.8170 109.9820 111.7600 111.4025 111.0149 110.3095 108.8421 109.2575 113.8473 117.5021 113.0035 108.3828 110.0933 111.4611 114.1163 115.1530 110.4535 110.4904 110.1575 110.7820 108.4950 109.2056 110.6226 113.0676 112.3213 111.6032 110.5971 109.8400 109.4969 110.5767 110.9013 112.2367 112.1700
108.9300 108.5808 110.5471 109.4371 108.4937 108.9238 110.9886 108.6028 108.9150 110.1469 112.6357 112.4150 109.1288 108.0366 108.7680 111.0265 113.8348 112.3536 108.5932 107.8158 110.6509 109.4393 114.1759 109.5719 110.2939 108.4604 109.7715 111.1740 110.9062 111.2001 110.9306 112.0519 110.1569 110.1071 110.5232 109.7017 110.0491 109.8314 111.6998 110.9500
110.9900 110.1427 109.6403 110.8532 108.7321 108.6445 113.8009 115.4792 107.2923 109.3871 110.3835 108.1252 109.9807 109.1573 109.5237 112.4169 115.6524 110.3801 108.7984 109.4510 109.5842 109.3923 112.4258 110.1731 109.9360 109.0214 108.8314 109.2664 109.4852 110.2433 109.6940 110.2683 108.7465 109.0866 111.3418 112.3476 110.5016 110.0849 109.7182 112.4900
109.9400 109.8665 108.3819 111.5618 108.4416 110.7381 112.5790 114.5945 112.9764 110.5985 110.0507 109.3527 110.6223 111.7118 109.0528 113.7575 113.2284 119.6271 110.7503 110.0211 110.6073 110.4605 109.9715 112.3994 110.3121 108.9303 109.1718 108.9158 108.8213 108.5792 108.7909 109.0471 108.6767 113.1243 112.6139 112.2500 111.1990 110.3915 110.4945 110.1700
109.1500 108.5036 109.9671 110.2609 111.1628 113.7719 114.0598 111.1996 114.3928 111.8420 109.7067 112.5686 115.3234 114.7239 115.6352 113.7948 117.6963 116.2713 108.6310 108.1480 112.3038 109.5772 108.1555 109.6954 109.5973 109.1449 108.7663 109.0843 108.9009 109.2904 108.6344 108.7196 108.6679 109.7047 112.1893 109.7633 110.6814 110.1889 109.6681 110.1700
110.1900 108.8166 108.9212 110.0190 110.2357 112.0921 111.6194 113.0091 110.2762 109.7089 109.3442 114.5309 113.2030 109.5962 116.3938 113.5036 114.5514 113.9550 108.5306 107.3635 110.4375 109.9259 108.3883 108.9210 108.4137 109.7117 108.5838 108.9014 107.9583 109.3574 108.7403 108.8983 108.9737 108.6296 111.3454 109.6299 110.2538 110.2438 109.2933 110.4600
109.7100 109.5696 110.3172 110.0477 109.9753 108.7472 113.5122 111.6828 113.4492 108.6744 109.0052 110.0580 115.1725 109.0528 114.1353 110.1202 112.7402 107.7294 107.4936 107.1676 108.7671 108.7535 108.6347 108.4443 110.5927 108.8151 108.3282 111.7764 109.8065 108.9416 109.0927 108.8233 109.1010 108.9584 109.5850 109.8877 108.7431 110.5898 109.5079 110.5700
110.1200 109.3016 108.9736 109.4294 109.3970 109.4831 114.3711 113.8160 110.9370 113.2052 108.5344 112.0466 112.8823 111.9562 114.2948 117.1997 111.2092 110.4211 113.3148 107.6290 109.0938 107.4852 108.7801 107.4383 110.3573 112.7958 108.4751 108.8875 112.8119 109.3251 108.8570 108.9987 109.2061 109.1695 109.1390 109.9772 108.5768 110.3805 110.1256 109.6700
109.5300 109.2793 108.9265 109.7586 109.4044 112.8302 114.9371 109.9439 109.9602 112.5578 109.2127 110.2379 115.7279 116.4891 109.5946 116.1032 115.3907 108.7598 108.4602 111.6820 114.4158 108.4229 111.2196 110.8796 109.3473 111.2435 107.9627 108.3919 109.9672 107.9524 109.5968 109.1453 108.6622 109.8161 109.0737 108.9810 108.7545 109.0671 109.7906 108.8300
109.2100 109.4209 109.5149 109.7060 109.1922 110.7298 112.8664 109.0104 109.5991 108.9330 109.0126 114.0699 114.5915 112.0254 108.8622 115.2596 109.6639 108.1225 116.1959 108.6517 114.8318 109.0789 108.5265 112.1922 107.8754 108.3169 107.8770 110.1841 109.8292 109.5436 108.9390 108.5849 110.0799 111.8033 111.3487 111.6170 108.4668 109.9887 109.1564 109.0200
109.5000 109.5077 109.2016 109.4524 109.0095 110.7437 113.5779 108.0824 109.3794 109.1990 108.1648 112.8008 113.5558 113.6138 111.4460 113.9233 111.8036 109.3307 114.1080 115.8211 111.4224 107.5528 108.9534 109.1412 109.7371 109.2455 109.5542 107.6755 108.7834 109.1576 109.0602 108.0693 108.1198 110.8982 110.4547 109.9357 109.2446 110.5759 109.7119 112.1200
109.2200 109.3198 109.1574 109.3663 108.7337 109.7643 114.6395 107.9908 109.2581 108.8559 107.9366 107.9359 112.0825 109.8498 115.1263 111.4379 109.0830 109.6948 115.4898 112.4296 112.3153 113.1497 110.9806 108.5877 113.5938 110.5108 114.0450 109.8908 110.9178 109.2876 108.1401 107.4656 108.2244 109.9589 109.4359 110.5300 111.0392 114.7336 112.4855 112.4300
109.0500 108.8702 107.6013 108.6100 108.6996 108.2470 108.0506 108.9060 107.5453 108.6775 107.5172 108.6099 111.4706 108.1757 111.7969 113.4344 107.7535 107.5253 115.4506 109.8900 107.9319 110.6689 108.9366 110.5967 108.9986 114.0186 113.4021 108.9397 110.3665 111.0805 108.6523 107.6672 109.6776 107.9983 108.7559 110.3206 110.2277 110.8913 109.7243 109.1300
108.8300 107.9598 108.7580 107.6130 108.0666 108.3007 106.8148 112.2781 107.9362 108.1692 106.9199 108.6946 112.3340 107.9995 111.3109 112.5526 110.4688 108.5877 109.2968 113.8350 107.0081 107.4383 108.7299 109.5102 109.0413 109.4393 109.3284 110.2957 109.6161 113.9891 111.7131 108.3138 111.9751 107.7860 108.7870 108.9070 110.1800 109.0195 108.2896 111.6000
108.8300 108.0712 108.2654 108.4569 107.7838 107.6405 107.9670 107.4817 106.3019 108.2978 106.9966 108.2140 110.5876 111.4788 115.4255 111.3536 107.2746 112.2348 106.9945 113.9254 106.7124 108.6189 108.9686 108.9774 107.8088 111.4615 109.5533 109.6479 109.3059 109.8082 109.2067 109.6108 110.2603 108.5728 109.6188 109.5552 108.3507 108.5798 110.2896 111.6000
108.2200 107.7627 107.5205 107.8586 107.8815 107.1423 107.2436 108.1266 107.7460 107.6704 108.0680 106.5898 109.3676 114.6032 109.1067 112.6054 107.3620 110.5579 108.4728 110.1826 108.4311 108.0535 108.5504 107.9063 109.2069 111.8392 109.6944 110.5017 115.3195 109.6111 109.5413 108.7015 108.7760 108.1189 108.1094 108.8099 109.3087 108.3610 110.9913 108.5500
108.3300 107.9181 107.2632 107.1813 107.2682 107.3579 106.9353 106.1063 107.8901 106.7876 107.8920 106.2751 110.9660 109.4774 108.9079 107.8549 105.3557 107.3530 106.5621 108.2634 107.7296 107.1112 107.2659 108.2593 108.2806 108.8478 113.3889 112.8715 112.1374 110.1447 108.4709 108.6892 107.1878 109.0952 114.5613 114.5077 107.9756 113.3314 108.3663 109.4200
108.0200 107.6227 106.5631 107.0750 106.0468 106.2270 106.9579 106.5867 107.3814 105.7915 106.4076 105.8098 106.2857 105.6614 111.8623 106.3080 107.3817 107.2774 107.4493 107.9611 107.4141 106.5418 107.9930 107.8190 108.1821 111.3450 113.0625 115.0185 111.7927 108.7927 109.8192 107.6021 108.9302 117.2216 116.4365 111.5296 113.4904 117.7481 110.0632 108.5100
107.2200 107.2682 107.0913 106.5608 106.1924 106.0457 106.4261 106.6782 105.8321 105.1029 106.1558 105.5156 105.3762 109.4388 106.7521 105.3464 105.4759 105.4696 107.5226 106.7935 107.2342 107.6247 108.1852 107.6077 108.5061 109.0787 112.5221 110.1727 108.8387 107.9188 107.9954 107.5891 112.1828 111.1180 114.8057 112.4084 115.3553 116.8490 110.4521 108.6600
107.5400 107.1641 107.3551 106.0002 104.7039 105.4289 105.6711 105.9334 105.9053 106.3636 104.4170 105.3220 104.4850 109.5136 105.2300 105.2382 106.3667 105.8416 106.5648 107.2518 107.0336 107.2530 107.6027 107.1916 108.1056 108.2499 112.8760 112.6641 110.9281 115.2949 109.7360 117.3242 113.7836 112.6405 113.0347 110.6777 112.6175 109.3937 110.0054 109.4300
107.4700 106.9573 106.2548 104.7873 106.3014 105.9455 106.2120 105.7604 105.6379 104.9965 104.3990 104.1216 105.6521 105.3875 105.8182 104.7934 104.9070 105.6170 105.9545 106.8786 107.3189 106.9960 107.3191 108.0285 109.6024 114.5064 113.4283 114.8783 111.7781 112.7797 111.8008 113.2690 114.2172 114.5160 115.9900 113.9666 112.4678 116.0315 109.3740 108.5200
106.8200 105.8186 106.1778 105.6619 104.1755 104.4343 104.1285 105.6544 105.3967 102.5002 104.6583 103.4039 104.7316 104.0875 104.6211 104.3303 104.4956 106.3797 106.5132 105.0718 106.8729 107.4649 107.2078 107.7106 112.9860 113.1081 112.3607 113.2551 110.0095 110.8610 110.4585 111.4444 111.4750 110.6526 109.5000 111.4838 111.0551 112.4130 113.8287 108.0900
105.7300 105.1550 105.9990 106.0080 104.2975 104.1475 103.7366 103.3547 103.2218 102.5797 102.9463 103.0132 103.1409 103.2575 104.3032 105.2268 104.3253 106.1136 105.7072 105.2002 105.7471 106.5196 107.3542 106.8936 111.8152 112.4223 112.2339 111.7188 108.7151 110.9274 116.0553 113.9642 110.4753 109.8117 110.9725 108.8159 113.3456 111.9403 109.1688 112.3600
105.7300 105.3391 106.0693 105.1266 103.3801 102.8474 102.5910 102.4747 102.0303 102.0674 101.8900 102.1902 102.4565 102.4731 102.7788 103.7912 103.3028 103.5934 106.3712 106.4247 104.8808 106.9391 109.3472 105.3027 112.9441 110.3899 113.5523 113.9624 112.0533 108.4057 108.9863 109.7655 109.5661 110.6330 109.6777 108.2541 111.4887 111.9543 113.5928 111.0800
104.6300 104.7860 104.5518 102.9979 102.7836 101.9688 101.6015 101.0063 101.3635 101.2365 101.3028 101.3466 101.6546 101.8479 101.9838 102.4364 103.0088 103.4495 105.7256 106.0907 105.4814 104.9976 106.5185 105.2526 109.5493 107.1022 108.4201 111.7517 110.3644 108.7110 112.6661 108.4355 110.0887 109.2163 108.9711 109.7158 114.0278 114.0150 112.2684 111.0800
103.7400 103.5473 103.0384 102.1238 102.3636 102.0936 100.9285 100.1949 100.5728 100.1539 100.2829 100.6059 100.8110 101.1011 101.5150 101.8639 102.1631 102.4922 103.4979 104.1329 105.9309 104.7274 107.1183 105.4356 106.4817 106.1936 106.4467 108.2702 108.0760 108.3485 109.1066 108.3858 108.5223 109.7861 112.6980 112.5097 108.0575 112.0728 110.0503 109.3600
103.2700 103.3772 101.7830 102.1088 95.9916 99.7139 100.1294 99.3449 99.0509 99.3510 99.6087 99.6506 99.7055 100.1909 100.8572 101.4522 101.8342 102.3269 102.6970 103.2582 105.7378 104.5115 105.0530 105.1188 106.8781 107.3111 106.7799 107.7377 107.9401 107.5307 108.8916 108.8123 111.0803 110.9357 113.1324 113.2334 112.4568 107.7429 114.2954 107.7400
98.1800 102.7501 102.1141 101.4363 99.8581 100.1844 98.6884 97.9092 98.7213 98.0204 97.8070 98.1554 98.4783 98.7056 99.6439 100.7561 101.0030 101.5474 102.3247 102.8263 103.1635 105.7965 105.4030 105.7270 106.8899 107.0681 106.2895 108.0725 107.9455 107.6528 108.0273 108.3035 109.4272 108.5683 114.9102 114.5573 107.6345 109.2832 110.8519 115.4700
102.5700 102.4566 101.6523 101.0434 100.1158 98.7250 98.0583 96.8711 90.0000 95.8415 94.2562 95.9066 96.4620 97.4605 98.9340 99.8147 99.9850 101.0726 101.7049 102.3425 102.8405 103.2793 105.8545 104.6860 105.7065 106.1105 107.5436 107.5974 107.6599 107.7352 107.8150 108.9140 109.1377 110.3851 113.4395 113.0925 111.2102 114.5276 114.6040 114.9000
102.3700 101.8328 101.1159 100.2103 99.3027 98.1502 97.4415 96.8710 95.6066 94.5845 93.1015 94.0981 94.4899 96.1689 98.1786 98.7541 99.4485 100.4375 101.3170 102.0577 102.6999 103.1848 105.3672 104.6532 105.7734 106.9147 107.3182 106.9913 107.3856 107.8695 108.3301 109.6530 109.3649 110.0660 114.7057 110.5484 110.2894 107.7815 110.1165 108.0000
102.1200 101.4661 100.6092 99.6330 98.5132 97.5525 96.4812 95.1710 92.3355 91.0391 90.1699 90.0921 92.9340 94.1526 96.5137 97.5186 98.6344 99.7558 100.9855 101.7894 102.4351 103.0488 103.7054 104.5729 105.4514 106.1834 107.8196 107.8904 109.4824 110.1565 109.2032 113.9433 115.2314 112.4283 115.1664 109.3941 109.7984 107.4412 109.0684 109.0200
101.7400 101.2965 100.3704 99.3582 98.1728 96.4210 95.0110 93.7725 89.1577 86.8709 88.0301 84.6001 88.8369 92.0239 93.9907 97.6260 98.3320 99.5909 100.6168 101.5153 102.2168 102.8911 103.7635 105.4023 104.4982 104.6504 108.6206 108.8432 111.3390 109.0688 111.2556 113.6001 110.2442 114.8651 112.4173 110.4462 113.7005 108.7485 107.4017 108.6300
101.4700 100.9995 99.9969 99.0637 97.2004 95.7996 93.3853 90.7883 84.5863 79.3907 79.5456 79.2501 84.7750 89.2751 91.9300 96.6754 97.4880 99.3622 100.3651 101.0808 102.0350 102.8301 103.2489 104.6953 104.8859 105.8817 106.7438 107.3942 107.1469 107.2675 107.0045 109.6035 110.1332 112.6553 113.3059 111.5441 112.7810 112.5466 109.5479 111.1200
101.5700 100.9329 99.7013 98.6809 102.3662 95.3420 92.4412 87.3462 80.2339 71.4377 69.7825 73.4636 81.1449 87.8978 92.1739 95.3479 96.6170 98.8687 100.1051 101.0766 101.9495 102.7609 103.1316 105.1774 105.9147 105.5638 106.4315 107.0543 107.6626 107.9686 108.3423 107.7022 114.0464 113.5651 113.2511 107.5076 113.1695 112.6530 113.7287 109.5100
101.5600 100.7509 99.6821 98.4676 103.3806 95.4423 92.3968 86.4681 77.2644 67.1863 65.9506 70.4432 79.0040 87.3454 91.7567 94.8802 96.3110 98.7498 100.0262 101.2026 101.8869 102.6840 103.1746 105.8454 106.1269 105.6641 105.7407 105.9752 106.6153 106.9768 109.2585 106.8456 113.3692 114.6961 113.3324 114.1724 112.5905 108.3370 114.1535 108.5300
101.5700 101.0409 99.6870 98.6442 102.8286 95.7874 92.1919 88.7034 81.5679 70.4958 68.4489 73.8548 81.4106 89.3925 93.8821 95.6442 97.4273 98.8709 100.0835 101.2086 102.0157 102.6893 103.3919 104.8797 104.8053 105.2910 106.7663 111.2458 111.8022 111.6130 109.2420 112.9620 114.2940 114.7116 110.7175 111.1396 111.4265 111.2834 112.8903 113.1300
95.1500 100.8260 99.4558 99.1144 98.2415 95.4580 93.1353 91.7259 86.4170 80.8061 77.5864 79.9882 85.4508 89.3536 92.6415 96.2456 98.2439 99.3409 100.3747 101.3019 102.1560 102.8287 103.4494 104.9154 104.7136 106.0281 106.9799 107.4712 108.1676 109.1952 112.2334 112.0819 115.6015 116.0542 107.9294 114.8424 111.3215 108.9523 108.6789 108.9000
101.7000 101.1400 100.4100 98.9000 97.9700 95.5500 94.3300 91.1000 91.1000 87.1500 84.9800 88.0100 86.5200 92.8400 93.6200 96.3000 98.7300 99.5700 100.2000 101.6100 101.7000 103.0000 103.3800 104.5800 104.5300 105.6100 106.9200 111.8500 113.5300 112.6100 111.0100 110.8100 115.0600 113.7500 110.4000 111.5500 109.8800 109.4300 108.2900 108.9200
