111.2900 109.8100 109.8100 113.8400 110.2100 111.6800 113.3800 113.3800 112.7800 110.5100 113.4400 108.6700 109.7500 114.6600 112.7000 111.1500 114.9900 114.9900 110.4900 110.4900 109.5000 117.3000 118.4900 118.7800 117.7900 118.2100 119.3100 116.7700 116.7700 113.7400 113.4600 113.3200 113.1400 114.8200 114.6600 114.4000 114.1700 113.7500 113.5700 113.4100
107.7300 111.4937 109.5535 115.9746 112.0184 113.7446 116.0773 109.9674 109.8346 107.7977 108.7303 113.3527 111.7756 110.9255 111.6312 110.6758 113.3052 110.5232 115.9977 110.4339 112.7728 113.9180 117.6879 118.9415 117.1061 117.8157 119.1104 115.3227 113.8795 114.0588 113.6544 113.6046 113.7854 115.3493 114.6401 114.5150 114.1924 115.2215 113.5456 113.6300
107.7300 114.9921 113.6569 116.5013 111.9035 111.1058 114.9627 112.8350 109.6599 108.8523 111.5701 107.7449 108.9729 111.8205 110.3153 113.6390 110.5075 111.1910 109.4262 115.1365 113.3574 112.1949 114.9321 115.3417 116.4709 116.2833 114.5626 115.6679 114.4218 114.0528 114.3287 113.2947 115.9591 115.7129 113.1109 114.9844 113.4631 115.2349 113.9352 113.7100
115.3700 112.7222 109.9425 115.0117 109.9864 111.0047 111.4022 111.6294 115.5902 116.0962 116.0031 108.4649 108.6610 107.7285 107.7729 113.5015 109.7292 110.1013 109.8546 108.3566 113.5737 114.8503 114.3536 110.6206 113.8650 116.8898 113.5560 110.6819 112.6502 112.6097 110.4056 115.6630 116.0044 115.7566 114.2548 114.1252 112.6465 114.7148 114.4752 109.3100
109.3800 111.4847 109.2239 113.8479 112.4880 109.4600 110.3247 109.3547 111.7328 116.5719 113.5914 108.3239 108.0308 114.8179 111.9455 111.4914 109.1495 108.1950 112.8434 112.7744 113.5691 111.7201 116.4743 114.3284 111.1743 113.4708 108.0913 108.8058 111.5208 112.0199 109.9669 112.8550 115.6204 115.5043 114.6923 111.9474 112.4417 112.9241 112.6893 109.3100
113.8800 113.5418 112.6328 110.8403 112.7969 109.5390 108.8311 109.9241 110.1365 113.4829 110.0125 111.7160 112.4292 109.5444 109.0734 109.1823 109.5953 110.8084 112.5325 115.3215 114.0056 113.7310 115.9111 111.2708 110.1419 113.3323 109.4763 110.8212 113.1326 110.0333 109.0993 112.2986 115.7516 115.0755 114.5899 112.6215 111.1351 110.6964 111.0205 111.3700
113.6600 111.6924 109.6924 108.7646 110.6475 112.2064 110.8923 108.6232 112.0962 111.1739 111.4980 111.3460 110.5751 109.3178 108.0452 108.9946 107.8148 111.4437 109.5228 113.0943 115.1076 112.8578 108.8760 109.4277 109.5047 109.4323 109.0233 110.6241 111.5884 111.9896 110.2464 111.8962 111.5341 113.4203 112.8331 112.1901 113.6266 108.9609 113.0922 111.3700
113.8700 111.6120 109.7344 112.0981 113.4575 112.8473 110.1274 108.9847 110.2625 109.9780 109.1865 108.6581 108.6002 109.7571 108.5266 109.3024 109.7167 109.5779 111.3826 115.2192 112.1859 113.7584 108.1565 108.9537 109.8585 109.4935 109.7600 110.7814 110.4849 111.5897 109.2820 110.0417 110.4177 113.2358 110.4867 110.6064 115.5388 113.4119 112.8889 111.5600
107.4200 108.8507 107.9072 110.6376 109.0871 107.3460 108.4453 109.2212 107.3486 108.4240 112.3517 108.6310 108.8501 108.4831 112.2906 109.1945 112.8391 108.7700 112.8178 115.3203 112.5760 109.4565 108.9121 109.1184 109.3767 110.8034 110.9423 111.4985 110.8322 110.4828 109.0028 109.0866 109.3965 109.7679 109.6789 109.4772 114.5232 112.6785 112.1660 111.5900
106.9000 107.4846 107.7787 111.9252 107.9032 108.0999 108.1112 107.8732 110.5178 108.3764 108.9711 108.5280 108.4193 108.3672 108.2726 111.4386 110.3508 109.0402 114.0400 109.3938 113.1565 108.4502 109.2260 109.9011 108.1820 114.2991 110.4806 109.0946 109.6423 108.5500 110.4628 110.0146 108.7291 109.1277 109.2642 112.6409 113.8882 112.0831 110.0109 109.3400
106.3000 107.0177 107.6346 107.7270 105.8828 107.9838 107.9527 106.4744 108.5043 106.8243 108.2962 107.6875 108.1531 108.9642 108.3944 108.2830 108.7702 108.8456 109.1061 109.0656 109.7674 109.4730 111.0629 109.5033 108.9818 109.7809 110.8062 110.9660 109.8099 108.1332 109.0427 110.2972 109.2648 108.8755 108.4208 112.6439 108.8976 112.3152 109.0680 110.1500
107.0500 106.7912 106.6986 106.2231 106.2318 106.9813 107.7425 106.6080 106.6237 106.7885 106.9053 107.9227 108.5249 108.6510 108.6348 108.7623 107.9672 108.9652 108.5352 109.2366 109.5005 109.5533 109.2765 109.5390 108.9176 109.0029 109.9615 114.7060 116.9097 113.5142 109.3038 109.9462 109.2313 108.6022 109.3620 109.6367 109.1551 111.0599 110.2280 109.9500
106.6100 106.2272 105.7379 105.9797 105.8066 107.3189 107.4342 106.4403 107.3181 106.3109 108.5643 108.3192 107.9542 108.0493 108.1668 108.4898 108.6418 108.5820 109.1609 108.3616 109.1228 109.5135 109.3891 109.5914 108.9727 109.3318 110.4548 110.9564 113.6482 108.6539 111.2691 110.3226 109.2598 109.8800 110.1584 109.1947 111.3534 110.2152 111.3813 111.8000
106.6100 106.4360 106.4128 105.4483 105.2732 107.4407 106.0075 106.8190 106.6223 106.5512 107.5276 106.7206 106.6298 107.6595 108.3021 108.2679 106.9780 107.5174 108.3741 108.2875 108.9551 109.1176 108.9710 109.6891 109.9510 109.9502 110.9842 111.5860 109.1636 110.0240 110.2165 108.1143 110.6390 108.4189 109.5440 109.5460 110.1970 111.8592 111.4427 110.7400
105.6800 106.1092 106.5219 106.7036 106.8442 106.3443 104.8819 107.3948 105.9790 107.7002 107.1863 106.1545 106.3572 107.6450 107.3946 111.8809 106.8644 107.1793 108.0981 108.4037 108.6250 108.5976 109.3449 109.7454 111.0068 109.1434 111.1758 109.4455 108.9558 112.3521 112.2450 109.2857 110.2869 109.4589 109.6751 109.7563 110.4225 111.4263 110.4953 109.7900
105.0700 105.3832 105.4224 106.2490 106.3348 106.2494 106.3350 106.3196 106.4931 106.4395 106.2950 105.5737 106.1042 107.3002 107.2403 107.7619 107.8757 107.3234 107.2073 108.5070 107.8716 108.4407 109.1970 109.0996 110.0690 112.1806 110.0085 111.5867 111.4150 114.8043 116.1000 110.4998 110.3612 108.3498 108.9390 111.1951 109.7538 110.3081 112.9020 115.4200
105.4300 105.2323 105.6818 105.3460 105.5272 105.8740 105.8888 105.9072 106.1103 107.1643 106.0657 106.2198 106.4556 105.7605 106.5474 107.2596 107.0346 107.0124 108.0112 108.8399 108.4524 108.9480 109.1967 109.0140 112.8204 111.7178 109.9647 113.0250 115.2453 112.9740 111.2094 108.7084 109.8449 110.8839 109.2023 112.7356 112.1799 108.6468 113.4832 114.6300
103.4300 103.1435 102.9354 103.1557 103.2972 103.8826 104.7870 105.7071 105.8454 105.1420 106.0506 106.6240 105.5140 105.6100 106.0290 106.4485 107.3225 107.4643 107.8361 107.3357 108.6388 108.7101 109.2353 109.3975 110.9121 109.5755 109.6434 110.7573 110.7648 112.6925 112.6627 107.9354 108.9876 111.7681 109.2746 110.8079 111.4285 110.0451 111.1387 109.7000
102.9100 102.6865 102.6476 102.7884 102.8246 102.8406 102.7082 103.3590 103.7027 104.6544 104.4562 106.2865 105.1789 106.2188 105.7889 107.3578 107.0572 107.3206 108.0678 106.6111 107.2049 108.3216 108.9266 108.9043 108.6206 109.3195 109.7182 109.9280 110.1220 112.5270 115.3778 110.4979 108.4961 111.5508 110.6481 110.1768 109.7817 109.4887 108.7509 110.1900
102.1300 101.7978 101.7487 101.7877 101.8556 102.2410 102.0635 102.4809 102.9416 103.2791 104.2183 104.8195 105.7077 106.0421 105.7198 106.2771 107.1559 106.2644 106.9303 106.8488 107.3927 108.7927 108.8813 108.4750 108.5481 109.1747 109.4125 110.3319 112.8804 109.9051 111.0057 108.0614 109.9351 110.7534 112.3118 117.3235 114.8628 118.1168 115.9206 116.8600
101.5700 100.9150 100.8154 100.8160 100.8149 101.0202 101.4841 101.7086 102.3733 102.6842 103.4195 104.6630 104.5362 106.7727 104.8896 106.4220 105.9065 107.5941 107.9204 106.2906 106.7047 108.4394 107.6715 108.0462 109.0778 108.7481 109.5162 109.0098 110.8598 108.7039 110.1601 110.5101 113.7768 114.6201 115.8740 112.7506 114.6745 115.2027 115.0145 116.9500
100.5500 99.9015 99.7910 99.9482 100.0973 100.1764 100.7628 101.0662 101.6020 102.0733 102.5715 102.9247 104.8378 105.5363 105.6558 106.3441 105.6659 106.3105 106.7738 107.5642 107.9275 107.9286 107.1445 108.0921 108.9644 109.2584 109.3675 108.8272 109.6876 115.5778 110.9597 116.9754 116.7276 116.0148 110.4099 110.8729 112.4198 113.7770 110.3693 110.3600
100.1200 99.0361 99.3007 98.5408 97.8573 98.2249 99.6163 100.2426 100.7125 101.4218 101.9396 102.4913 103.2371 104.3740 104.5010 105.2251 107.2472 107.1694 107.6181 107.0301 106.8946 107.8542 108.0362 108.2317 108.1669 108.4352 109.2048 109.5601 113.1774 114.0586 114.1464 116.1892 113.5016 115.5117 111.8638 113.9520 111.2259 114.0984 109.9301 109.5200
96.3300 96.7806 96.3629 96.6066 97.2184 97.3511 97.4668 99.3221 99.8925 100.4435 100.8407 102.0506 102.9052 103.2997 104.5371 105.6265 106.4848 106.7627 106.7723 108.0910 107.2938 108.3773 108.3294 108.3388 108.8985 108.5047 108.4051 109.4437 109.6650 112.2297 110.4501 115.7603 115.1274 116.4936 112.2927 113.5624 112.4272 117.7350 113.9056 108.5800
96.3300 94.5776 93.7220 94.6800 95.3273 95.7616 96.3864 97.3148 98.6665 99.5007 100.2748 101.3816 102.7171 102.9230 103.9032 106.5977 105.7553 105.4661 107.3111 107.5390 107.5237 107.2412 108.2105 107.0950 108.7758 109.2594 111.2707 113.3293 112.2906 113.0080 113.2880 115.2990 112.1016 114.7714 111.8507 113.9175 115.2064 116.4499 111.8961 112.2800
92.9000 92.8339 92.1711 91.4491 93.2003 94.8076 95.0848 96.7094 98.0927 98.9159 100.2283 101.0119 102.3619 102.6995 103.9449 104.9274 106.2635 106.0567 107.5434 106.8529 107.2438 107.0023 107.1265 110.3625 108.7446 109.4045 114.8604 111.7964 113.8698 110.5152 111.0860 112.0703 109.7538 112.0533 115.8478 112.4853 112.5380 111.9930 111.2659 111.6000
88.4900 89.4355 89.0680 89.1758 90.2634 93.2919 93.0434 95.1503 96.9681 98.5214 99.6402 100.7195 101.7208 102.4624 102.9471 104.1005 105.0834 107.2309 106.1652 105.5115 107.2805 107.0490 106.8702 109.6873 107.6318 108.8237 110.1013 108.2125 110.3559 109.5631 109.7596 109.8775 110.9252 111.4709 114.5032 115.3105 114.3923 114.4193 109.4363 115.7800
88.4900 86.0668 86.4962 84.5128 84.7598 89.5599 91.4104 94.2220 94.9419 98.2213 98.9698 100.4827 101.5424 102.3579 102.9534 103.9757 105.1884 105.2766 105.7070 107.0672 106.3379 107.6020 107.5948 108.2856 108.7534 108.8571 109.0979 109.1262 109.1081 109.7685 110.1578 110.2048 110.0121 111.4780 111.3987 112.1413 111.6439 109.2007 108.2955 115.1100
84.8700 81.3887 80.0196 76.7464 81.8798 91.0602 90.3458 93.0685 95.0702 97.5241 98.9295 100.5129 101.3554 102.0886 102.9340 103.8020 105.4584 106.7878 106.7703 107.6321 106.1197 107.7478 107.9120 108.6291 107.8408 108.7093 109.3876 109.1450 109.0148 109.4757 109.5608 110.1865 110.0269 110.3513 110.1975 113.7691 111.7793 109.2646 111.1293 110.5000
83.8100 72.9990 71.5227 73.9366 79.2222 85.6533 88.7618 92.1401 93.8772 96.3188 98.7645 100.2664 101.1681 102.0367 102.6841 103.6470 105.3184 105.6704 105.9758 107.1640 106.6394 107.7433 108.0641 107.8782 108.4588 108.1580 109.0450 108.4663 108.9993 109.8875 110.2230 111.5503 110.2012 112.6411 110.6793 110.1409 114.6758 112.2350 109.8307 110.3700
71.7100 67.9153 62.7973 65.3200 77.9874 86.1952 88.2797 90.9586 93.9755 97.1667 98.8388 99.0608 100.9774 101.8872 102.6284 103.6783 105.1642 106.5314 106.6451 107.4017 106.4781 107.5133 108.0044 108.1639 107.3006 108.4611 109.0837 109.3888 109.6405 109.6469 109.3043 110.2374 109.8247 109.5264 111.7606 109.0605 109.7581 112.9053 112.3173 112.3400
78.7000 70.5059 66.2688 67.8486 79.2380 85.4744 88.6384 91.4481 94.5603 97.4688 98.8989 99.2683 101.0158 101.8890 102.7135 103.6573 105.0490 106.4014 106.7642 106.9650 106.8255 107.4974 108.3618 108.1707 108.5744 108.3467 109.0713 109.4261 109.4822 109.7196 109.4105 110.1570 110.3762 110.5930 112.0985 109.1514 110.5970 111.9033 112.0304 112.3400
79.0900 74.9677 70.7984 76.4407 82.0073 86.6036 90.2549 94.0609 96.7347 98.5200 99.3464 100.0473 101.1590 101.8486 103.0070 103.7048 104.9547 106.1340 106.3305 106.9990 106.8840 108.0156 108.2406 108.8290 107.5020 108.9624 109.1205 109.2731 109.6599 109.3806 110.5725 111.9562 111.3874 111.1003 112.3532 109.8055 108.3223 112.3509 109.8711 109.4900
85.5100 83.8534 83.1569 83.1282 85.9733 89.2826 92.4018 95.4508 97.1693 98.5272 99.5704 100.4081 101.5212 102.3635 103.1191 103.5080 105.9949 105.9594 107.2341 106.5688 106.5291 108.2101 107.7303 107.9590 107.8423 108.4914 109.0003 108.7760 109.0023 108.8350 110.7251 110.0186 113.4417 109.4631 111.9244 112.8269 112.6085 109.3596 110.0791 111.6600
90.5100 88.7272 88.3502 88.5569 90.4131 92.5552 94.4977 96.5385 98.1620 99.2023 100.1233 100.5529 101.7599 102.4790 103.0390 103.7614 105.7207 106.5313 105.9144 106.7855 106.3170 107.2641 107.9486 107.5584 107.6671 108.5338 109.7325 110.8316 110.6323 111.9688 111.9018 108.6307 112.3156 111.4709 110.9939 110.1412 111.8725 112.4852 109.7712 110.1300
93.2500 92.2910 92.2613 93.0454 93.4848 94.7421 96.5061 97.6379 98.9844 99.7438 100.6896 100.8792 101.9124 102.6063 103.2791 103.9117 106.5446 106.2165 105.8968 106.4747 106.2673 106.4203 108.0988 108.6605 112.3694 108.9114 108.6297 111.6039 112.0150 114.8647 115.2412 108.7233 113.6330 110.7596 108.4471 109.0850 111.0097 111.6340 111.2303 110.9800
96.3200 95.8349 95.6329 94.8765 96.3976 96.8846 98.1157 98.6918 99.5164 100.0871 100.9393 101.6261 102.1327 102.9788 103.5388 105.0650 106.4570 106.8585 106.4448 107.7742 106.9384 107.6729 108.4913 108.4585 109.4937 108.9638 112.9924 113.7034 113.7552 114.2672 114.9621 115.1944 111.0403 111.6798 115.0945 115.6612 115.8675 110.5443 115.4598 109.9000
98.2200 97.7884 97.7057 97.3778 97.8438 98.8933 99.2820 99.5666 100.4529 101.0445 101.5797 102.1547 102.5932 103.4361 104.1363 105.6775 106.2566 105.8573 106.5019 107.6482 108.0400 108.4646 108.6398 108.8173 110.3714 109.0646 109.6140 114.0968 115.0898 113.7850 116.4327 113.5449 111.4366 115.5586 116.9656 116.7846 115.0918 113.4629 111.2843 113.3700
99.6000 99.1612 98.6016 98.5033 99.3193 99.8239 99.9589 100.6797 101.3305 101.7574 102.2558 102.5618 103.1795 103.7043 104.0074 106.4319 106.6284 106.3035 107.6643 107.8113 108.1999 108.2869 106.8724 108.5391 107.7891 109.2685 110.2798 115.7698 114.0751 110.4649 115.0060 110.6855 111.9772 114.0598 110.8255 117.7795 114.4765 111.3342 109.3835 110.9000
100.5900 98.9800 99.0000 98.1900 100.3500 100.0800 100.4500 101.4100 101.9100 102.1200 102.6600 103.0800 103.7300 106.1400 105.9100 106.6900 107.3500 106.5200 107.5900 107.9900 107.9700 107.6600 108.6200 108.5200 107.7500 108.9500 109.6100 111.0300 110.7500 115.2700 116.5800 115.0300 114.0400 117.1000 112.7700 111.2900 109.6200 109.8700 108.7800 111.2000
