113.3900 113.3900 115.5800 114.0300 108.0400 110.6400 115.7300 109.0300 112.7200 115.0500 112.1800 115.1100 114.6200 116.2100 116.2100 116.2100 113.4500 115.0500 115.0500 116.3900 115.5300 115.2400 115.0000 116.6500 117.4000 117.3300 118.3400 118.3400 117.2200 118.7900 118.7900 118.2800 118.2800 118.0300 117.4400 117.4400 116.3700 116.3700 115.8100 115.8100
113.5400 113.7752 111.5138 108.3761 108.4662 116.2647 110.2577 108.5868 108.5667 109.8816 111.8810 113.2257 114.3013 110.8349 110.0664 115.9079 113.7391 116.7157 116.7031 113.4052 115.1469 115.4142 116.7352 116.6372 118.2506 118.6004 117.4745 117.5452 119.8333 119.1402 118.3043 117.3197 118.5358 118.3337 118.3335 117.5191 117.7478 118.5780 117.3849 116.4900
110.2900 110.7264 113.3152 110.9849 108.3665 108.9589 108.6152 108.0219 113.4255 115.3390 111.4435 111.3429 109.8923 112.6942 111.1476 110.8678 112.7378 116.3371 117.2309 110.7116 115.6285 115.2904 113.5683 112.7589 118.8446 117.1139 116.1249 117.4958 118.2853 117.8023 116.7483 115.7895 118.1304 119.0717 118.7886 118.4735 117.6054 118.8544 117.4471 117.3600
112.0100 114.8094 116.7980 113.5656 112.7714 109.9257 113.0300 108.5522 108.8254 114.1994 115.9361 112.5418 109.3262 112.2528 110.8670 110.5389 112.9877 114.6249 114.9107 109.9585 111.0840 113.7462 108.7186 108.0080 115.1889 110.7215 113.7154 118.6860 117.2534 117.3490 116.9582 114.3145 114.6240 117.7092 115.2807 117.0449 112.6384 117.5857 117.2323 117.6700
112.0100 112.8986 116.9216 114.4637 112.3445 110.1157 115.7183 110.0458 107.2735 113.0933 116.6587 112.5356 113.3490 114.0239 111.3240 113.2327 111.0937 113.9203 115.9961 109.6150 108.9989 115.4926 107.7844 111.2881 111.3868 112.0810 111.6607 116.6977 115.5758 116.4686 117.1212 116.1309 115.0584 114.1392 114.0312 113.9365 114.6798 115.4517 117.7489 117.8600
113.4400 108.6634 115.9694 112.3622 108.3623 106.8071 116.7826 112.5648 108.5473 113.0312 109.4718 110.4892 114.4468 109.1541 108.4643 111.4280 114.2069 114.3660 114.9515 109.4506 108.7289 109.2458 109.2119 115.6123 114.7120 111.6765 110.3993 116.4544 112.5363 115.4080 117.3232 114.7506 114.7871 110.1388 115.1613 114.5836 119.9869 116.3009 118.6648 117.8600
109.9900 108.9907 115.0509 114.6079 111.5738 111.4174 115.7006 107.9908 108.5513 109.3826 108.7610 110.8975 113.4720 108.5953 108.9391 108.1328 110.5394 114.3831 109.3628 108.2431 108.6068 108.2442 112.0839 116.4111 115.6211 115.4599 107.4490 107.2249 107.7487 115.7723 116.7199 116.5447 116.1991 114.9619 115.0281 113.5845 116.2407 117.0561 118.8207 118.4500
112.2800 109.1703 114.0331 116.5136 112.6968 108.0975 111.6235 117.8807 114.4661 109.1393 109.6638 113.0781 111.3799 107.7133 108.5504 107.8276 108.8323 107.6809 107.6604 108.0686 107.4861 114.2120 115.0745 115.4193 114.7612 110.8920 109.3875 108.9701 110.0942 112.4836 110.5738 114.6240 116.5026 117.7107 115.1939 116.2869 114.4239 118.3640 117.7796 119.0900
109.0700 108.5564 112.8917 113.4108 109.1956 111.2796 112.1411 113.0279 109.6328 108.0958 110.1738 108.3881 111.2625 108.2144 108.1031 108.7524 107.7971 107.5385 107.4809 106.9420 113.7041 113.3995 116.2606 112.5236 114.8974 109.6618 113.7886 109.6863 110.6500 110.6572 109.8948 115.8977 116.0571 115.9370 110.1893 115.0193 109.2081 117.6603 118.5032 118.8700
109.7100 108.7987 109.0467 110.8802 112.3439 112.3707 110.6358 112.1722 113.0561 107.7771 107.5768 108.0695 108.2350 108.6380 107.7905 111.3588 108.1956 108.5272 107.9633 107.8455 108.8632 111.1464 113.3275 112.4722 114.4642 107.1569 110.0239 109.1032 109.0488 110.9595 108.6087 111.0294 116.0010 117.4074 112.3896 111.1022 109.3932 114.1829 117.2631 119.8600
109.1500 108.9798 109.0530 108.1632 109.5356 112.3255 112.7618 116.6704 112.2989 106.9304 107.8589 107.4977 108.1603 107.7852 107.9844 108.0865 107.7869 108.1969 109.3579 109.0234 108.5122 112.3584 114.0803 114.1331 110.1571 107.9298 110.8982 111.0270 111.6254 109.6585 113.0918 111.4812 113.2593 111.8959 108.4087 109.4454 109.5910 110.5044 117.0340 118.4700
108.9900 108.8896 108.5971 108.4875 112.6005 112.0736 108.2394 111.0315 108.9172 106.8458 106.9739 107.5555 107.8109 108.1187 109.2960 107.5462 106.9572 107.9468 106.6838 111.6103 107.4055 108.4494 109.2297 106.7565 108.5846 108.0521 106.9166 111.5571 111.0904 111.3210 114.8194 114.1646 114.8871 112.3217 114.9165 114.2932 114.1901 110.6880 114.3195 117.2800
113.6500 108.0524 108.3316 107.4595 109.9147 109.4161 111.2745 107.0088 105.9284 108.0928 107.7907 107.8575 107.6156 107.2446 107.1983 107.1782 106.4927 106.5403 106.9462 106.9253 108.2469 111.4475 112.1260 107.2890 108.6412 107.8519 108.0981 108.5346 108.8434 113.0443 107.7669 108.9211 113.1538 111.8525 114.0235 111.3588 113.2699 111.6473 112.9825 116.6800
110.8600 108.4823 108.0136 107.8821 106.7417 107.6812 106.3167 106.8116 105.2778 111.4027 108.0529 108.6697 106.3992 107.2943 107.1863 107.2300 106.3120 106.4215 105.9421 106.9246 106.2117 106.6718 108.2222 107.8217 106.9382 108.1870 108.4895 108.6089 108.6213 109.0058 109.1006 108.9297 111.9863 109.9662 113.2406 111.7063 111.3279 113.0279 111.9301 115.8800
107.8000 106.9414 108.0204 106.9322 107.2448 106.0422 106.7989 110.5945 105.3202 108.3671 109.1833 105.8218 105.3891 106.7435 105.7442 106.5280 106.8216 107.8064 107.0462 106.9418 107.2515 106.2960 107.1212 106.6667 106.7530 107.4234 108.0887 108.1827 108.2306 108.4475 112.0007 109.9115 105.4329 109.4228 111.9989 111.7089 112.4050 111.6789 113.4759 115.8700
106.7900 107.8829 108.0539 106.5357 107.6456 106.1633 106.4022 106.1824 106.3577 106.7302 105.4619 105.5009 105.2986 105.6318 105.3423 106.4950 106.0974 106.7288 107.1689 106.8732 106.8752 106.8257 107.4196 106.0852 106.1165 106.7861 107.7244 108.0874 107.6912 108.1373 107.2745 113.0960 107.3332 115.6218 112.2351 111.1317 114.2209 115.3846 114.5470 115.8700
106.7900 107.1868 107.7076 106.6884 107.5973 106.6214 106.2017 105.3601 106.1894 105.9370 105.8310 104.8482 106.3848 104.2421 104.1740 104.7510 105.9332 106.2488 104.7712 105.3338 105.4343 106.7889 107.3629 106.9193 106.6315 106.8595 107.7078 106.8463 110.5953 112.4006 108.3124 111.2198 108.1823 111.7275 113.4697 108.8685 111.3620 111.3557 110.6249 117.2100
106.2300 105.9449 106.1556 106.8574 106.8681 105.2878 106.0342 105.8661 105.5528 106.6749 109.6275 104.3098 105.5705 104.4146 104.8156 104.1611 104.3343 105.7298 104.7643 104.8994 105.2663 105.8420 105.5738 106.2169 106.5497 106.2128 105.6987 108.0344 109.2430 110.9243 111.9308 108.3717 108.0389 108.0769 111.4490 110.1302 112.4922 112.6341 109.2202 117.2100
106.2300 106.7876 105.6868 106.8426 106.9168 106.5394 106.6223 105.6991 104.1355 105.7244 108.3528 103.4890 104.6514 103.4697 103.3785 105.0860 104.9094 103.8929 104.8107 104.9979 104.7202 104.7740 104.4677 106.0216 106.3624 105.4433 105.7534 106.8738 107.0883 108.1269 108.3408 108.6581 108.2979 109.0713 108.0323 109.2937 108.6623 108.6176 110.0519 107.7400
105.5300 105.6009 105.4963 106.0313 106.4016 104.5725 105.1733 105.2792 103.6067 103.2637 103.8184 102.7991 102.6951 102.1183 103.0520 102.5534 102.7847 102.9730 103.1697 104.4735 104.2657 104.9705 105.4559 105.8914 105.6235 105.3875 106.9057 107.1781 108.1427 112.7227 106.7362 107.9422 107.4735 107.6075 108.2360 108.6265 115.2961 112.4397 109.0067 110.9900
106.1300 105.6311 106.4488 106.2454 105.0396 105.8050 105.1776 103.0114 102.9372 102.6193 102.3086 102.2608 101.9031 101.7322 101.6759 102.1383 101.8766 102.1878 102.6867 102.5024 103.9123 104.8303 105.1046 105.2366 106.4477 105.9492 106.8676 106.0001 107.3047 107.9104 107.8269 108.2740 109.7861 108.1492 110.4007 114.2523 110.0102 109.4917 112.3109 114.6100
106.2600 106.0750 106.5058 106.2567 103.9258 105.1926 102.7308 102.7831 102.3805 101.9119 101.3579 101.3891 100.8638 100.7434 100.7305 101.0962 101.2153 101.7183 101.7986 102.0631 102.3332 102.5032 103.3300 105.0357 106.1688 105.6951 106.4911 106.7374 106.8985 107.6816 109.1296 110.0530 107.5358 106.9925 110.5529 108.2323 109.1085 108.5488 111.6153 114.0900
105.1100 105.6320 106.3590 104.8872 103.8414 102.9329 102.4871 101.9643 101.5888 100.6210 100.5318 100.3529 100.1658 99.6107 99.5278 100.0793 100.5915 101.2269 101.2372 101.4863 101.8306 102.4300 102.8960 103.1010 104.6234 106.0722 105.4897 106.0976 107.9282 106.9529 106.6945 106.5317 107.1521 107.5064 107.4175 107.9887 110.4115 113.0752 107.6298 109.3300
105.2400 105.8196 105.3189 103.1729 103.1418 102.2748 101.8948 101.3206 100.3935 99.3966 99.2305 99.4482 98.7307 98.7517 98.5794 98.7233 99.2366 99.8161 100.5770 101.0880 101.2191 101.8273 102.3796 102.8901 103.4732 105.8867 105.3461 105.4499 110.2556 107.0891 106.7493 107.6258 107.4896 107.6955 109.9785 108.5988 112.3122 113.2657 110.4899 114.6300
104.7400 105.5429 104.9997 103.3242 103.4098 101.6113 101.0694 100.4504 99.1020 98.2387 98.2002 98.9808 97.0184 96.4032 96.5626 96.7837 98.0561 99.1984 99.6108 100.1468 100.3324 101.1520 101.6193 102.7188 103.4074 104.6112 104.4765 105.0050 106.5358 106.7586 107.1693 107.5584 106.4370 107.3354 110.6495 109.3514 107.7864 110.7865 112.0339 109.4100
104.7400 105.9284 103.4357 103.0165 102.2035 101.1901 100.1860 99.7866 98.6502 97.7332 96.8324 96.4411 95.4026 94.4915 95.1394 95.6459 96.4013 97.5610 98.5344 99.3459 99.7940 100.6850 101.4385 102.1476 102.8524 103.1041 104.3156 104.8758 106.5966 106.8534 106.8959 106.5133 108.4479 106.5260 107.5617 107.5432 107.7094 108.3745 110.0646 115.0200
106.1200 104.8194 103.5323 102.7091 102.2729 100.6648 99.6534 99.0073 97.7903 96.3324 95.2846 94.2292 93.1700 91.7997 91.7762 92.6217 94.7439 96.0142 96.5979 98.1562 99.2076 100.0110 101.1741 101.5618 102.1576 102.9731 103.8559 105.6963 106.5527 107.1429 106.1933 106.7022 107.6644 106.7550 107.6902 108.0455 108.3289 109.6922 110.1061 109.0600
104.1300 103.8605 102.9717 101.7278 102.0896 100.2965 99.2845 97.1813 97.3592 95.1834 93.9328 92.0080 90.2767 88.9292 89.0706 89.4426 90.6565 92.3940 94.6039 97.0359 98.2636 99.1582 100.2780 101.4029 101.9528 102.7418 103.3389 106.1795 105.6147 106.5836 106.2351 107.2543 107.4412 106.4543 107.6905 108.3876 110.7776 108.1596 107.9311 108.1000
104.1700 103.7224 102.9411 101.8984 101.8600 99.8256 99.1053 97.3688 96.1416 93.9607 92.3486 88.8867 86.1706 84.8086 85.0854 86.7839 89.1568 91.3409 93.7557 95.9724 97.1903 98.6584 99.7163 100.9616 101.5197 102.3874 103.2709 104.7450 104.9386 106.0997 107.2120 107.0433 106.9337 107.0242 107.8979 108.2455 109.1640 107.8751 110.4047 109.4000
104.2400 103.6653 102.7583 102.1820 101.0041 99.8060 97.9349 96.1806 94.9520 93.3365 89.8671 86.0820 81.6640 76.5299 76.4490 84.7141 84.3376 88.4358 92.2062 95.2565 96.4306 98.2107 99.6206 100.8305 101.6604 102.2131 103.0633 104.5657 104.7963 106.6570 106.7207 106.5852 106.4805 106.8769 107.6844 108.2318 108.0692 108.2755 106.3199 114.5700
104.0700 103.5426 102.8722 102.1987 100.8749 99.0905 97.8321 96.9262 95.2259 90.2537 87.8877 83.0151 75.7627 67.7055 68.3250 77.5724 82.3967 86.5939 90.9252 93.6608 95.6773 97.8854 99.7704 100.6773 101.8095 102.3678 102.9282 103.8176 106.2412 105.5847 106.4732 105.6496 106.9204 106.6650 107.0674 108.9179 107.3883 108.5423 106.3278 112.5100
103.6200 103.4022 102.8162 101.9182 101.0448 99.8269 98.7935 97.8096 96.8884 91.3993 87.4084 81.4126 72.1345 63.3619 64.0672 71.1552 80.0451 85.8752 90.5936 93.6698 96.1311 98.1278 99.7265 100.5768 101.6376 102.3875 102.8322 103.4105 106.0383 105.0577 106.1277 106.2511 105.9871 107.5573 108.0210 112.7547 108.1963 111.9702 109.0773 110.5300
104.1500 103.4312 102.7582 101.9283 101.0487 100.0849 98.9068 97.7679 96.5840 91.4884 87.7582 82.2768 73.8753 65.7229 65.6665 72.9956 80.9373 86.2284 91.0074 93.9877 96.2312 98.0860 99.6933 100.6498 101.5700 102.2607 102.8706 103.5288 105.2777 105.5512 106.2401 108.1002 106.5631 107.3745 106.8314 112.1604 109.4685 111.4348 106.8600 108.2700
104.1500 103.5624 102.8100 102.1074 101.2244 100.5027 99.3037 97.9568 95.5838 92.7838 89.0048 85.3495 80.4190 76.1456 74.2362 77.4348 83.2522 87.7654 91.9716 95.0440 96.7611 98.3052 99.7123 100.9756 101.6124 102.3254 102.9780 104.0220 104.6393 105.6798 107.4665 107.9134 107.3168 109.1999 109.1638 108.7507 112.7995 112.7505 110.0907 108.2500
104.1800 103.6965 103.1193 102.3745 101.5454 100.7418 99.8116 98.7532 96.2546 94.1988 90.9148 88.4292 85.0403 81.8714 82.8005 84.6236 87.2083 90.8317 93.5032 95.7682 97.4763 98.7697 100.1141 101.0155 101.8845 102.5844 103.0412 104.3611 104.2742 104.9952 106.3305 106.5417 105.2461 107.4142 112.4543 112.7765 113.7079 113.0503 114.3553 115.2000
104.0500 103.8337 103.1667 102.6385 101.8598 101.1374 100.1747 99.2309 97.3622 95.3075 92.6060 90.2785 88.7581 86.6333 87.3738 89.4834 90.5433 93.6412 95.1246 96.5670 97.8700 99.5487 100.3021 101.0798 101.8766 102.6566 103.0472 105.1988 105.4638 106.3448 106.3984 105.7521 105.9666 110.6264 109.7903 112.3214 114.7475 113.5685 110.8936 115.2900
104.3600 104.0943 103.4809 102.8843 102.2083 101.5611 100.6266 99.3766 98.0646 96.6704 94.6781 92.8019 92.4116 91.2907 91.1388 92.1366 92.7657 95.0631 96.8174 97.9598 98.8173 100.2047 100.7570 101.3086 102.3597 103.0632 103.5945 106.4616 106.5393 106.8787 107.2975 107.3896 106.6101 107.8472 107.6680 107.6303 110.5392 108.9877 113.2676 113.3300
104.7700 104.1161 103.6491 103.1854 102.7109 101.9587 101.1641 100.2107 99.2755 98.0138 96.7731 95.2626 95.0355 95.2512 95.1132 95.2878 95.2493 97.1149 97.9380 99.0646 100.0533 100.7475 101.6045 102.1649 102.8145 103.4908 104.2137 106.0862 106.7422 106.7972 107.5620 107.7349 106.4553 108.0339 108.3086 107.1300 112.5812 112.2847 113.0875 107.6600
106.9600 104.6867 105.3209 103.3934 102.9716 102.3784 101.7668 101.1031 100.2746 99.3566 98.1941 97.4407 96.9911 97.0447 97.1991 97.6435 98.0668 98.4992 99.2140 99.9774 100.8416 101.4790 102.1381 102.6816 103.1490 103.5153 105.1418 105.9228 106.5750 107.0238 107.5591 106.9292 106.6125 107.1101 110.9098 107.7554 115.7875 109.3095 108.5502 106.8600
106.6000 104.6000 104.1700 103.8200 103.4500 102.6200 102.6200 101.7500 100.8900 99.1900 99.5700 98.3600 98.3600 97.1100 97.1500 99.3000 99.3000 99.5900 100.5300 100.5300 101.2300 101.8800 102.3700 102.8300 103.4400 104.3400 109.6200 105.9600 106.5100 106.6700 106.8400 106.6500 106.5700 108.5300 108.7400 108.6700 114.4000 109.2200 110.5300 107.1300
