110.4700 110.4700 110.0800 111.9900 111.9900 110.3900 110.4000 111.8300 109.3600 110.3500 109.2900 109.2900 111.5200 117.6100 116.2100 112.1800 112.1800 113.3500 111.8200 109.7200 112.2000 109.3500 109.0100 111.8900 111.9300 109.2400 113.1600 115.7500 115.5700 115.8200 111.4700 115.1500 115.1700 109.1800 114.5700 114.3000 114.3100 114.0600 113.8900 115.1400
109.6000 109.6476 109.1385 109.7193 109.1550 110.7837 109.3333 111.7594 109.7065 109.9045 109.3740 110.6173 109.9362 117.0629 113.5715 108.6207 114.2382 112.2790 111.1276 115.1626 108.6959 109.9039 109.0845 109.4498 109.5676 111.0644 116.5432 116.4684 114.1469 114.6397 110.2882 111.5933 110.3948 108.5519 111.5825 111.6073 113.2055 115.9254 113.6575 113.9600
111.0100 110.6609 109.5889 109.6226 109.3762 109.4191 109.1182 113.4130 109.3729 108.6956 109.0693 110.1183 109.2412 117.1674 110.8042 108.6123 114.7300 112.9416 111.2467 116.2821 108.4056 109.9919 110.1436 110.8154 109.2724 110.4097 112.9091 115.2808 114.4669 114.3933 111.0748 110.0106 110.1870 112.6237 111.3409 115.1651 112.5442 116.1802 114.4501 114.3300
109.5200 108.8351 109.8741 112.5589 110.0818 109.6538 110.4116 111.5180 109.8974 111.0390 110.5993 110.5822 109.6869 116.4341 115.7854 111.3537 109.7259 112.1437 110.4154 112.9825 110.0828 109.7327 110.1421 110.5514 108.2360 108.8233 109.8427 110.9223 112.8593 114.2443 113.1879 113.7113 114.7466 112.3855 110.8834 115.8485 115.6832 114.4347 115.0197 114.7600
117.7700 111.9966 112.7549 110.0383 109.5032 108.3097 109.6519 110.9144 111.5822 110.5151 111.3648 109.6768 114.4143 114.3440 116.4410 110.9964 109.9936 109.7547 108.8379 109.7492 110.7434 110.6195 109.8240 112.7033 109.7210 108.9803 109.6065 108.8324 108.9106 109.5492 113.1264 118.2602 116.7873 114.6229 112.2707 114.0879 116.8203 113.6328 115.3887 115.4600
111.7900 113.9056 113.6185 113.2219 110.2210 107.9182 112.7827 114.8119 111.6306 110.5139 114.0030 114.7222 116.4839 116.0532 112.8895 108.6411 109.7761 111.0517 108.4281 107.7163 113.8270 110.1073 108.3252 109.7353 107.8740 109.6456 108.9275 108.9426 108.5018 108.2024 113.4973 114.7080 117.0067 111.6633 109.7849 110.7129 113.9102 113.8937 116.1138 115.4600
111.7900 108.7424 108.2472 115.2770 113.1120 109.9355 111.0642 108.5263 114.1321 110.9263 115.5421 114.2297 119.2197 115.9351 113.6343 110.3059 109.8048 110.1261 108.7548 108.2139 112.3658 110.7134 113.0712 109.0667 108.4003 109.9050 108.0982 109.7513 108.8513 108.5763 113.0537 112.8446 113.5151 107.7155 108.9893 108.4924 111.1960 116.5449 116.5716 116.3100
114.9800 110.3223 110.0383 113.9856 112.3974 109.0335 109.2089 110.2443 110.5833 109.9630 111.6054 113.8977 112.6732 114.6345 114.3383 111.6156 108.9784 109.5732 110.0687 109.6711 109.5003 112.6386 110.5906 108.1354 108.1030 108.7572 108.1243 108.2298 107.5040 109.7875 110.9642 111.5791 111.5480 109.1113 108.7240 107.5697 110.6307 115.5966 116.5232 116.3100
112.5900 111.1284 109.1079 110.6735 114.7179 107.5315 111.6780 109.6639 110.3164 110.3812 110.9727 115.9093 114.2440 111.9027 111.6492 115.0000 106.9917 108.0734 108.9925 109.8164 108.4766 111.6327 117.5166 107.5169 107.8740 110.5174 110.8891 108.3546 108.8369 109.2389 109.1827 112.1927 110.5679 111.6963 113.2949 111.6662 108.8427 112.4540 117.3842 114.2800
114.6700 115.4383 109.9112 111.1941 110.3766 108.8242 116.5161 116.1109 110.9551 110.2190 110.2580 110.0725 115.0896 110.1322 110.1083 116.1158 110.8306 109.4647 108.4577 110.9287 111.5245 109.3999 117.3599 108.9328 107.1784 109.2232 110.4406 110.9094 110.7474 108.0909 110.3864 110.9906 109.3131 112.2462 108.7850 111.4342 109.9700 112.0331 114.0666 114.4600
116.4200 116.2925 110.1886 111.9637 114.9034 114.4647 116.0508 115.9806 109.9388 110.1476 109.5248 109.6501 112.2392 112.1467 107.7596 111.5433 110.4562 113.2490 113.4050 113.6264 112.0484 109.4803 110.3273 111.5543 107.8209 107.8955 110.8143 114.6133 110.4421 109.0931 109.5548 110.1753 109.4591 110.2406 108.7177 110.4565 109.8188 112.9339 113.0887 112.8900
112.6400 115.0045 112.1544 109.5131 111.9141 111.8514 111.8012 114.5688 115.0936 109.6098 109.8559 109.0783 111.7522 114.8846 106.4433 114.8306 109.0001 113.7910 108.7727 114.7962 112.2706 113.7156 117.8095 114.0212 107.4225 108.3226 107.6298 113.2702 113.6330 115.7156 107.7781 108.5997 112.5320 112.0967 107.4805 110.3811 110.2195 113.2125 112.6727 108.8800
112.8300 115.0744 112.1042 110.0192 109.7235 116.6656 113.5521 111.7265 117.2711 109.3394 108.9697 109.5248 112.2938 115.4045 108.6633 113.3824 113.8195 109.7172 116.1024 110.2546 110.8350 112.4471 117.3825 113.2276 109.7104 107.5620 107.7293 109.0305 113.5206 111.0980 110.1658 107.1845 110.8534 114.8110 115.0779 111.8397 112.7645 113.9716 108.5918 108.4700
116.1200 115.1525 110.8512 109.5071 110.2229 113.6879 114.0744 109.4433 117.1235 109.5721 108.3875 108.2777 110.6582 110.6544 107.6006 108.6182 112.7351 108.6967 114.6257 112.6368 114.0978 115.3248 114.7481 114.7899 117.5534 113.4924 109.7973 107.1178 111.8024 112.1508 107.2417 107.1073 113.4331 116.5199 110.1646 112.7605 113.0415 113.5183 111.3552 110.3200
114.4600 114.1946 114.6396 110.3815 109.4104 111.8338 111.5597 109.4699 112.0358 112.2633 108.7146 108.8870 108.5094 112.9819 106.4171 108.3826 109.0586 108.4165 114.7743 109.7291 109.5271 115.0659 115.2123 112.8197 115.0363 115.6333 114.9627 111.9961 107.5503 111.9248 108.8314 108.4683 111.7778 112.8829 107.6685 111.0125 112.7817 107.8030 111.4345 110.3200
108.2500 115.8491 111.8539 110.5601 108.6989 108.1476 108.5049 109.6237 114.8675 108.7220 108.5499 108.7574 108.1875 111.5767 111.2093 111.0410 108.1371 108.3064 113.4539 108.1984 108.3724 114.3377 113.5114 113.7023 115.4584 115.9695 115.1437 113.0276 111.8554 115.2870 115.6997 110.2613 109.4791 108.0686 108.1380 108.6359 108.6602 109.5443 111.0308 110.8900
113.3400 112.5756 110.6624 108.4097 108.5474 108.8731 111.1891 109.1788 108.7690 108.6074 108.2866 108.5674 108.0696 113.6826 114.4923 112.4149 108.5401 108.0522 113.5424 107.3064 108.6667 111.1922 106.6052 112.1310 107.7730 113.1575 110.2643 110.2918 117.2303 112.0122 114.7494 113.2639 108.7036 108.4280 110.0117 107.4130 105.8380 107.9768 109.9847 112.3800
108.5100 110.1860 112.3790 109.4769 107.9171 107.6142 108.7619 109.0413 108.3843 111.8101 107.5986 108.1345 107.8240 107.6791 109.3783 110.9444 108.2768 108.3669 111.1824 108.3140 112.3749 111.3644 109.5925 113.0501 109.7891 118.1065 108.7625 106.8244 114.8088 116.0007 111.7063 108.4418 108.0564 107.6564 110.4645 111.1033 115.0339 111.7814 109.0188 110.0500
109.3400 110.1545 111.4955 106.2912 108.4273 108.3069 108.2682 109.1277 109.2427 108.7616 108.4401 107.5387 107.1573 107.8200 110.7756 109.9441 108.0976 104.5883 100.7561 108.3022 108.5477 112.5664 113.0663 110.4223 106.7948 107.3649 108.3501 110.1653 114.0633 113.5200 112.5910 108.5752 107.9778 110.3108 115.3291 110.5325 112.5503 107.2698 109.3042 114.4700
108.4700 109.0531 107.3307 108.3673 108.3441 108.5856 108.3714 107.9731 107.6979 107.6609 108.0846 106.7995 106.3544 106.3572 109.1872 108.0581 108.1030 107.3788 110.3598 107.4193 107.1180 112.6384 109.2302 109.2647 109.7404 110.1003 113.0526 109.0760 108.1565 107.9752 108.7276 108.5089 110.6775 108.8563 114.2602 114.5258 110.6561 113.4544 114.9103 115.0000
108.4800 108.0274 108.9048 107.5552 108.5995 108.3909 108.2793 106.7881 107.4928 107.9220 107.0249 107.0060 106.2691 105.7157 106.3244 106.8125 107.3137 107.0177 105.6297 108.4439 106.7103 109.0523 104.6744 104.8598 108.2512 107.2631 108.0415 107.0762 113.1286 111.4367 108.6440 112.8578 109.2389 107.6676 115.3103 115.1670 111.4556 111.5246 114.5439 114.8100
108.8600 108.4151 108.9531 108.2660 109.6451 108.3023 106.3722 106.8267 107.3610 106.7471 107.2709 106.0500 106.5249 106.4768 105.7818 106.1029 107.2393 107.3066 105.7837 108.5822 106.9495 110.1744 108.0913 106.6654 105.8768 107.7582 107.3547 111.8134 107.3933 106.5261 108.2721 113.3614 113.0233 107.9754 112.7940 110.0153 108.8799 109.7217 110.6483 109.8600
108.5100 108.9112 107.3158 106.8572 107.0152 106.2639 107.4607 107.6412 107.1012 106.7769 106.6504 106.2958 107.0266 106.8013 106.2817 106.3166 105.5256 107.0633 106.2471 106.1742 107.1087 106.4488 104.6968 104.9646 105.3821 105.6562 107.0394 106.3963 106.3440 107.4258 107.1628 108.3976 108.5065 109.2327 108.9471 108.8404 109.3097 109.2415 110.5156 108.9900
108.4500 108.8265 106.9318 106.9268 107.2866 107.0063 107.4441 107.2185 107.1318 106.1222 106.8309 105.7776 106.3866 106.5220 105.1099 105.1356 105.6284 106.5532 108.0319 105.6435 104.5376 105.4766 103.5891 109.5418 106.6029 104.7876 106.3052 106.8601 110.1742 107.4695 109.2754 107.8144 107.6614 106.2191 108.0056 107.8523 108.2595 108.4470 108.9329 114.1800
107.3500 108.3745 107.9360 108.0509 105.9966 107.3611 107.0725 106.6453 106.7960 106.1126 106.4048 105.6725 105.9644 106.0972 104.8891 104.6199 105.5163 105.2820 106.5291 105.8700 105.4602 107.0073 104.1156 108.4186 111.7088 105.7643 105.9262 105.3496 105.3709 108.0684 108.1605 108.1787 109.1889 106.9381 108.4009 107.4470 107.9243 111.5730 111.0810 114.1800
107.3500 107.7165 107.3097 107.3433 106.4869 106.2566 106.4165 106.7716 105.4456 105.8041 106.2252 105.6844 105.2908 105.1806 103.5023 103.4577 103.2826 103.1376 103.1824 103.3651 103.9617 108.3443 103.6188 109.7939 104.2034 105.8344 104.9644 106.5312 105.2347 106.7817 109.4366 107.7791 107.9798 107.1202 108.2510 108.5570 109.9135 111.1210 115.2945 112.9000
108.2700 108.2615 107.3843 106.8274 107.0239 105.8582 106.2965 106.6390 105.9208 105.4186 105.9735 104.5114 102.8570 103.3698 102.7490 102.9228 102.9731 102.9314 102.7809 103.1114 102.9278 103.1373 104.7387 106.4308 105.8954 104.9843 105.8769 107.1837 106.2150 105.0936 106.1595 106.5976 107.0802 107.9996 107.3372 108.1009 109.6103 107.6052 109.8050 107.7600
108.2700 108.2341 106.9202 105.7855 107.5343 105.9283 106.2709 105.0228 104.3168 103.8125 103.7087 102.8538 102.8344 102.2604 102.3469 102.1764 101.6951 101.8016 102.0733 102.2664 102.4307 102.6001 102.9987 103.1039 104.6593 103.5351 105.8402 105.4224 106.0205 106.6673 106.7124 106.6024 107.4373 107.4281 107.1137 111.2230 107.3596 109.1668 105.9158 106.6500
107.1000 106.5721 107.3693 106.3865 105.8731 105.5809 105.6286 104.7328 104.1037 103.1489 102.8028 102.4149 101.9653 101.7295 101.9002 101.3512 101.3498 101.2277 101.3970 101.3863 101.5589 101.8004 102.2457 102.4644 102.9973 103.7182 107.2989 107.7845 105.0593 107.1902 106.2370 106.2278 107.6342 106.8252 107.2174 108.7977 107.6892 107.4295 111.0348 111.3600
107.1500 106.5316 107.6759 106.1681 105.4866 105.1899 105.2186 103.4721 102.9145 102.6688 102.2622 101.7178 101.0253 100.8023 101.0727 99.9811 99.9865 99.9284 100.1130 100.2243 100.6793 101.0471 101.6567 102.0402 102.6007 103.0256 103.2964 105.6760 105.6684 106.0598 105.7461 105.5602 106.1799 106.5571 106.4345 107.4550 108.4101 108.6229 108.2793 112.0600
106.3100 105.8919 106.5363 106.8502 105.4314 105.5741 104.4129 103.4502 102.7555 101.6765 101.2699 100.8578 100.0490 100.2197 99.9907 98.8805 98.9633 99.0597 98.9431 98.9832 99.8113 100.4711 101.0968 101.4473 102.1421 102.4824 102.8430 104.4570 105.1198 106.4355 107.1377 105.4086 106.8459 106.2742 107.7134 108.0994 107.7055 111.5580 107.9954 108.7700
107.6000 107.5743 106.3167 106.4155 106.6078 103.7376 103.4557 103.0062 102.5422 101.3963 100.7880 99.9074 99.0607 99.2721 98.2271 97.3035 97.0834 97.3235 97.9932 98.0577 98.8004 99.3676 100.1198 100.7183 101.3335 101.8090 102.5316 103.3090 105.3441 105.7879 105.7752 107.3297 106.2702 106.7484 106.7817 107.9821 108.9863 111.9262 109.5056 114.0400
107.6500 107.2990 106.6059 106.5392 105.4200 104.1270 103.2653 102.6181 101.9281 101.1261 100.0195 99.3447 98.2858 97.6767 96.3192 95.6266 95.2115 94.7299 96.1993 96.4130 97.3473 98.2507 99.2144 100.1542 100.6164 101.3064 102.1914 102.5857 104.5009 105.9508 106.0166 106.2037 105.9126 106.2323 109.9960 108.3760 111.1133 112.7529 106.8511 107.0300
107.4600 107.3752 106.3997 106.4923 104.2524 103.3764 102.9169 102.3023 101.2123 100.5695 98.8981 98.3923 96.9648 95.5383 95.5558 93.4384 93.3180 92.6351 93.3194 94.6038 95.7670 96.9502 98.3785 99.3099 100.1203 100.9169 101.7145 102.4611 102.9004 104.6318 104.6412 105.6138 106.0769 105.5614 110.7389 110.4611 114.3910 114.0054 110.9169 105.9800
106.2100 106.9861 105.6087 105.3117 103.8081 103.3208 102.6480 102.0257 100.9388 100.1559 97.8067 97.0563 95.3962 92.7653 92.3810 89.5262 88.6512 89.3530 90.0953 90.7042 93.8084 95.7924 97.0876 98.0474 99.3858 100.2895 101.3375 102.2025 102.8053 103.3192 107.7287 103.6227 106.6996 105.6084 108.8122 109.1664 112.5215 114.1260 115.7989 115.0700
106.5700 107.0597 106.5541 104.4193 103.7110 103.1529 102.4054 101.4687 100.3578 99.3037 97.5949 95.6947 93.9807 91.6276 89.1299 84.9455 83.9333 84.7797 85.9078 89.1189 91.5932 94.5182 95.7604 96.9871 98.9606 100.1665 101.1695 102.0903 102.6873 103.2557 105.9516 104.3608 104.4333 107.7441 107.3176 106.9290 110.1275 109.8047 114.3840 110.2800
106.0000 105.7464 106.2498 104.0944 103.7437 102.9864 102.1979 101.4310 100.2846 98.8620 97.4936 94.5770 93.6364 90.8434 86.1238 81.5444 77.7757 76.2190 80.5446 85.7307 90.1175 93.1676 95.8375 97.2936 98.8449 100.2551 101.0929 101.9059 102.4809 103.2613 105.0030 104.7242 105.5950 106.6827 105.5142 107.6451 112.2931 111.3737 110.3983 112.5500
107.1000 105.1972 106.4209 103.9755 103.6193 102.7965 102.2093 101.3257 100.3010 98.8323 96.9117 94.4440 92.2416 88.7068 84.9420 78.3013 69.7761 69.3695 74.8647 83.1334 88.6682 92.5387 95.4329 97.3870 98.6183 99.7792 100.9855 101.6574 102.5764 103.2794 104.9469 103.8412 106.3462 111.6366 109.3716 106.9738 114.1897 112.9908 112.1658 107.5600
106.0000 106.3622 106.3221 103.8645 103.5788 102.8217 102.1858 101.1829 100.0734 98.9336 97.1047 94.3118 91.7392 87.8858 84.5506 75.5807 64.2917 64.5624 72.3272 82.2026 88.0525 92.2640 95.2474 97.2476 98.5276 99.6864 100.9397 101.6341 102.5719 103.2475 104.9647 103.7471 106.3980 112.2640 110.2005 106.7733 113.9446 113.4183 112.0215 107.5500
107.2500 107.2500 106.4400 103.7200 103.7200 102.8700 102.4500 101.1900 100.3800 98.8800 97.6200 94.4200 92.8000 87.3300 84.2000 79.7800 72.6900 71.5100 71.5100 82.1900 86.5400 92.4100 94.4100 96.0300 98.8700 99.4200 101.1800 101.5800 102.7400 103.2600 104.1100 104.2300 105.1900 105.7200 105.8000 107.8300 107.9600 108.3100 108.5300 107.6500
