108.8600 108.8600 108.2700 108.9400 109.4000 109.3200 109.8300 109.6100 111.0200 111.0600 109.4500 109.4500 108.5100 109.9900 109.4100 114.3100 110.9200 108.6600 113.5800 110.7400 112.1300 108.8500 110.7000 110.3700 110.1800 108.4900 108.5200 108.5200 110.3500 112.8900 112.9200 112.7800 109.9900 109.8200 109.7400 109.7200 109.6200 111.5600 109.5800 109.5800
111.0500 108.8828 110.1038 110.4678 108.6731 108.6147 109.0788 109.0300 111.3477 108.5489 109.0972 109.5604 108.2037 110.3530 108.7332 114.2926 110.5176 109.1059 110.5994 110.8763 112.3538 117.2346 110.2873 110.9756 109.3200 108.4060 108.9767 110.1087 110.5644 113.4449 113.1277 111.7956 110.6548 109.5011 109.8250 109.7565 110.1756 110.7479 111.6417 111.2900
111.0500 110.6006 110.8935 108.9623 108.4217 110.1996 109.3465 110.0300 108.8117 111.9274 109.8997 109.5111 108.3909 109.5220 108.7067 115.2209 110.1429 108.1594 109.2924 111.6056 108.9328 113.2849 110.3885 111.3462 108.8862 109.6290 108.4474 109.6167 110.8126 110.9075 113.0246 110.3686 110.9775 110.0512 109.6945 110.5989 110.5306 110.0366 112.2895 111.8300
109.5300 109.2140 112.1685 112.9135 108.5239 110.5789 110.3013 108.2381 107.7755 111.6990 111.7725 110.4593 108.2712 108.3330 108.1534 111.7265 118.4796 111.2999 108.8072 109.6486 110.7424 114.2530 111.8127 110.6646 108.3131 108.5623 110.9466 110.8383 111.5452 111.0028 110.7215 109.6577 108.4818 110.3000 112.0557 110.4708 109.8791 110.1845 111.5646 112.2000
111.1500 110.0036 112.6877 112.2960 108.4082 109.6082 111.1652 111.1586 110.7729 108.9057 108.0007 108.7618 108.3147 108.4359 111.7150 118.1205 115.0172 112.1036 111.1553 111.9273 110.3203 111.1204 109.5403 110.1304 108.8841 108.3790 108.9880 108.9056 109.8782 109.0681 109.2702 108.6156 110.7054 112.0623 111.3389 111.7238 109.4339 109.7150 110.4940 112.2000
109.6000 109.6317 109.0945 112.2842 108.8256 109.8218 110.2677 110.9461 109.5716 112.1882 109.5920 108.1189 112.2206 113.0927 108.5120 116.4746 111.4869 111.8192 110.4377 111.8859 110.7054 109.0780 111.9468 108.8997 108.6593 109.0754 109.4276 109.2997 109.0623 109.4659 108.7799 108.8923 108.7842 111.9638 111.6610 111.8495 110.4663 110.0653 110.2058 112.4500
108.3000 110.1505 110.6381 113.6870 111.8424 111.3648 108.3279 109.6230 109.8181 111.1988 111.1723 115.1174 114.5940 116.7262 117.4077 112.9025 110.3638 109.6877 107.9250 110.9199 111.4390 109.0637 110.1354 107.9415 108.5048 108.6443 109.1315 108.9819 108.8435 108.9013 109.0121 108.7057 109.0684 110.7651 110.3151 109.2237 110.0386 109.5467 109.7690 110.2800
110.7700 109.4350 107.9713 110.2713 112.6531 109.0429 111.3969 110.9111 112.1917 108.0572 112.1431 114.9032 114.7661 118.2310 114.6567 112.8527 108.7981 108.6405 108.2749 108.2767 109.6584 110.4765 107.9601 109.2817 110.7747 108.1775 109.4120 109.1205 108.1313 108.5571 108.8207 109.2450 108.5083 108.7456 109.2609 109.5084 110.0247 110.4405 110.1164 110.4000
112.2600 111.3151 110.9099 115.7000 114.6830 111.0135 109.3514 109.9362 109.4593 111.3636 111.1539 115.2252 112.5964 115.1661 114.8490 110.7227 109.2539 108.3257 111.0056 108.1683 108.2379 110.1041 107.7169 108.7979 112.9390 107.9839 109.6974 113.3011 108.4783 108.9876 108.4021 109.1095 109.0615 109.0178 109.5667 109.1545 109.4791 109.8719 109.1607 108.8000
112.2600 111.0998 109.7975 116.4166 110.4255 111.7724 113.1461 113.3106 112.4830 113.3362 112.6866 115.8826 116.3540 114.4093 115.8514 114.0638 109.4504 114.1067 109.7179 109.6881 109.1531 108.4174 108.4817 108.1362 109.1190 108.6020 108.5828 110.7897 108.3195 109.0300 109.1701 108.2706 109.6473 108.7959 108.8065 108.8623 109.1369 109.2894 109.5208 108.7000
111.0000 111.0293 117.4873 116.6114 112.0268 110.9734 114.3891 114.0971 113.3230 114.2944 115.9310 114.3529 115.1953 108.9593 113.9759 110.5944 111.5681 107.6370 107.9108 109.6890 111.1435 110.4389 111.5876 108.3181 108.0184 108.0111 108.0826 108.0398 108.7511 108.1712 109.2146 109.6389 110.7531 112.1326 108.2830 109.9053 108.9547 108.8066 108.7843 109.2100
109.9200 111.6222 114.8070 114.7968 111.0029 110.7329 111.4774 111.3281 109.2727 112.3988 113.0320 111.5031 112.2657 115.3924 109.6583 109.1690 111.6249 106.6179 113.9373 108.9695 109.3866 107.5766 110.6568 108.8933 109.0701 108.5174 107.7829 108.4813 108.7360 109.5652 110.4603 107.8377 109.8641 112.2703 110.4445 109.3440 109.7058 108.4802 110.8418 109.0400
109.9200 111.5950 116.0525 115.7056 111.4922 113.1488 110.1268 109.7202 109.2975 110.6629 110.3602 110.7832 112.7510 111.2056 114.6945 110.5481 110.6248 110.4338 112.9758 113.6761 108.5262 111.4648 109.9411 109.6058 111.2645 108.5233 108.6808 109.9079 109.0717 108.8857 108.9048 107.9280 108.9846 110.3005 110.4282 112.6854 113.9352 109.0227 111.7005 115.9600
109.6400 109.6220 109.6337 115.8132 109.2489 114.7884 113.6160 108.6796 109.0077 107.8957 110.8179 114.0974 113.9092 113.1130 110.7338 107.7014 110.9790 114.9959 109.1106 108.3140 109.3514 108.9153 109.1481 109.3877 109.7220 113.0948 112.7119 110.6341 110.0616 108.1810 109.5267 109.4092 107.6780 108.1156 108.9916 110.5734 111.8581 111.5157 109.7682 109.4400
108.9900 109.0741 108.6987 114.3707 111.0391 114.1967 109.1036 108.0287 108.6060 108.9034 111.6541 112.6582 110.9162 113.4076 109.6135 114.6568 113.1658 112.0697 112.5965 106.8617 108.0047 108.7168 108.7955 108.9086 109.6803 111.9818 110.4262 111.6417 109.3864 110.3780 108.8776 110.1393 111.5904 108.3814 109.1480 110.1717 110.3620 108.5200 109.6548 109.4400
109.3800 108.7396 108.7595 110.2992 110.7490 111.1211 110.0820 108.7425 108.7964 109.6474 110.1237 113.9095 111.2536 111.6929 112.4740 113.6000 113.5040 110.9556 108.4389 108.4841 107.5184 108.0441 107.9700 108.1924 109.1816 114.3914 109.3419 108.3350 109.1288 112.0257 111.3614 107.8535 110.4669 108.2345 108.6556 109.1907 110.5334 109.0394 111.5192 111.5300
109.2700 109.0852 108.1747 108.4671 108.1913 108.4797 109.1423 107.6930 108.3908 106.8713 110.1189 111.9207 106.4919 112.2105 109.8677 112.9771 112.2875 108.3929 108.8794 108.2838 107.4828 108.1082 108.4791 108.2630 112.6633 111.3721 114.1532 112.2359 108.7996 109.0769 110.2881 107.4701 109.1989 109.7517 109.4309 108.6708 109.1271 111.6298 111.2715 111.5300
108.9000 108.4981 107.6420 108.1620 107.9492 107.9380 108.7448 106.6505 106.9030 106.8165 109.5403 111.6969 111.9690 113.2971 108.9253 110.9559 111.5334 108.0582 108.1244 107.2299 107.9362 107.4965 108.0802 107.7678 109.8730 114.2972 114.2030 114.1722 113.8111 108.1980 108.6941 109.0767 107.9630 109.5868 107.4311 110.9803 109.6054 109.4111 108.3312 108.3700
108.6600 108.6708 107.0189 108.2418 108.2462 107.6042 107.5942 106.9052 107.2129 106.7572 108.2824 106.4594 109.5408 113.0392 110.7438 107.2969 109.6810 107.9806 107.8095 106.9645 108.0629 107.6029 107.6277 111.6488 111.8211 113.3232 113.2737 111.6593 107.9878 112.1926 107.7203 107.2726 106.7089 111.4220 113.5122 114.1090 108.6466 110.8387 110.3141 110.4700
108.6600 108.4843 107.3470 108.1338 107.7954 107.0219 109.2225 106.3123 107.1702 106.6870 107.6388 107.6969 111.4979 106.0420 111.6805 105.6385 106.9054 107.4714 107.2028 107.2979 107.9102 107.0186 107.8751 111.1343 109.5082 108.6145 112.8267 115.8514 107.0266 108.9606 108.8201 108.2915 113.4620 111.2370 113.6107 114.3288 115.0934 116.4867 107.8949 108.3200
106.7900 106.6113 106.5895 107.3243 107.6616 106.4855 106.6325 105.6669 106.0519 106.1615 105.9022 105.8156 106.5336 107.2848 106.4927 105.6593 107.1366 107.1481 107.8932 106.9609 107.4495 108.0255 107.5995 108.3140 110.6143 107.4435 114.0644 110.3497 107.7782 107.4694 109.4215 109.6491 111.9349 110.7595 112.2682 111.4815 116.4601 115.1484 111.9412 108.1200
108.0300 107.7957 106.4389 106.8261 107.4339 107.4283 107.3074 106.7952 105.7191 105.3104 106.1365 105.6444 105.3743 106.7334 106.5270 106.1239 107.0480 106.0771 107.0351 106.6160 106.9214 107.6917 107.2186 107.9543 109.1145 112.8260 110.9109 109.7459 112.4772 117.7616 112.5391 110.0792 114.9342 115.2318 111.1740 113.2693 113.7737 109.8745 108.5656 109.1900
107.3500 107.8543 106.9488 106.7247 106.8043 106.8215 105.9164 106.6787 106.4500 106.2425 106.3599 104.9213 104.6511 106.0650 106.3438 106.2090 107.1583 105.8316 106.8176 106.8383 106.9994 107.0327 107.6510 107.9106 107.6640 109.7894 110.0014 112.8782 108.7888 112.3750 114.4538 110.5847 113.9807 115.3028 114.6685 114.4908 113.8322 117.9313 108.2420 108.3600
106.4800 106.9488 106.2314 106.0452 105.6751 105.0782 105.9286 104.3264 105.3628 104.3418 105.2007 104.8490 104.8673 104.3500 105.1014 104.3779 106.4061 106.2296 105.0695 106.5957 106.8589 107.0364 108.5067 107.2047 107.3554 108.3114 112.0359 112.3972 109.7955 110.4418 112.5819 112.7304 111.9709 109.7656 114.0542 114.4418 113.1926 114.2179 109.9086 109.9700
107.0300 106.7334 105.5346 105.5163 105.0362 105.8156 104.7137 103.7799 104.9194 105.4902 105.1721 104.3593 103.5195 104.7129 104.0337 105.4534 105.0746 105.3930 106.5022 106.0415 104.9611 106.0691 109.0582 106.9552 107.8931 111.0605 110.5173 114.4023 109.7525 114.6892 113.4007 114.9295 111.9933 108.0300 109.9550 112.8165 111.6245 115.3241 110.6312 108.1500
107.0300 106.5544 104.8572 105.1771 104.4831 105.6645 104.6133 104.4781 104.5439 104.9932 103.6899 102.9624 102.9780 103.9167 103.5644 103.5244 103.8450 103.9145 104.5420 105.9379 105.9832 104.4014 107.1883 105.9285 107.5749 109.2636 112.5901 112.3565 111.8968 113.3575 112.1065 113.6776 110.7104 111.7491 113.7964 111.9857 115.5260 116.6117 112.7196 108.1500
107.1800 105.5883 104.8566 104.4848 104.0182 104.9574 103.9981 103.5987 102.8076 102.1954 102.2090 102.2847 102.2179 102.1407 102.3547 102.5896 103.0124 103.4552 105.4650 104.5965 103.9798 104.8546 106.4545 104.4585 107.9115 108.2553 107.3813 109.4736 111.5390 114.3901 113.1573 109.3288 112.3690 114.5366 115.9098 114.9195 114.8961 111.4546 112.7588 109.2300
105.9700 105.3655 104.4887 105.4496 103.0438 102.9762 102.3320 101.8242 102.0140 101.6730 101.7346 101.5546 101.5573 101.6324 101.8280 101.9069 102.1707 102.2433 102.9758 103.4417 105.1514 104.0505 105.0521 103.7839 107.5959 107.7078 105.6129 109.3120 107.9768 111.2382 109.9414 111.9774 111.5227 114.6005 111.0405 109.8577 108.1270 109.7584 109.2168 107.9800
105.7800 101.7501 103.2326 105.9233 98.3029 102.9156 102.0715 101.4273 101.2032 100.9809 100.8671 100.6400 100.5147 100.5079 101.0732 101.3811 101.6967 102.0715 102.4675 102.7510 103.2753 104.9940 103.2717 105.9946 108.9127 111.9786 108.9890 108.5456 111.3653 106.9044 110.1968 113.7558 109.9653 108.7906 112.7556 106.3911 110.1624 113.4433 108.7126 110.2300
100.7800 103.9239 103.8363 103.0868 102.1081 101.9753 101.2019 100.3374 100.6090 99.8414 99.3030 99.5601 99.5649 99.3424 100.0314 100.5677 100.6233 101.1630 101.7860 102.2439 102.7349 103.3750 104.0277 107.2802 104.2774 113.5772 106.0213 111.0382 112.9045 110.6232 108.1862 108.4508 108.1466 109.7206 113.0943 114.2498 114.8244 114.1096 115.3226 116.2600
103.9100 103.8720 103.2147 102.7285 102.0569 100.9505 100.2868 100.4874 94.2941 98.9358 98.1868 97.9487 97.8366 98.1442 99.1855 99.5567 99.5947 100.5822 101.0236 101.6413 102.1502 102.8523 103.5136 104.3857 104.4128 106.8177 108.4596 111.6978 107.1121 107.1918 107.9883 107.7111 109.0986 109.2046 113.3975 113.7628 112.4665 115.6203 109.4222 114.7900
103.7700 103.3467 102.8074 102.2081 101.5670 100.8122 100.2184 99.9581 95.8076 98.2833 96.6526 95.9463 95.6257 96.7092 97.9574 97.9475 98.6366 99.6149 100.5203 101.2149 101.8533 102.5307 103.1676 103.6402 104.7486 106.7601 106.1847 105.6238 107.4842 107.7534 107.8100 108.1560 110.7496 113.8370 112.2550 112.0239 106.6044 109.1376 109.5795 107.7700
104.0500 103.3701 102.8040 101.7846 101.0470 100.3707 99.6259 98.7281 97.6087 96.4228 94.5656 94.5202 94.4621 94.4173 95.4330 96.4380 97.5980 98.5229 99.9561 100.7473 101.4252 102.1205 102.8085 103.2178 104.9988 105.9720 105.1748 107.2483 107.2480 107.3663 107.3979 108.0017 112.6659 112.6379 112.9516 111.4351 107.9943 108.9172 107.0475 107.5300
103.2500 102.8140 100.3195 101.5586 100.7141 99.6900 99.3263 93.5581 93.7711 93.8272 90.8014 90.4175 91.3904 90.6200 93.2637 96.3867 96.5638 98.0974 99.2640 100.1985 101.0882 101.7889 102.5449 103.1365 104.8934 106.0031 105.6676 106.9296 106.9317 106.2716 106.0655 110.5729 109.8542 110.4897 112.5836 109.8111 113.9585 111.3989 107.2814 108.3300
103.1500 103.4594 98.3851 101.2260 100.4773 99.2074 98.6427 91.6566 96.1677 92.9361 86.7079 85.4139 84.5300 86.8284 88.4965 93.9898 95.0266 97.2879 98.6768 99.6266 100.5070 101.5708 102.3443 102.8112 105.1634 105.1854 106.5340 105.8212 108.8027 106.6838 106.9425 113.0670 110.2355 110.7759 115.2436 110.5108 113.0752 111.1756 108.6824 107.1300
98.0000 99.8533 102.1700 101.5305 95.8520 99.2274 97.4769 94.8926 91.0585 88.4320 83.4829 78.2716 77.2165 84.9882 87.3997 91.0485 93.0133 95.6793 98.2867 99.3810 100.4244 101.3272 102.0781 102.5982 103.7991 105.6493 105.2901 105.1790 106.7304 109.2695 108.7599 110.4181 113.4387 114.4053 116.5155 112.5461 114.1408 107.0669 111.5067 107.0200
103.0500 100.4775 101.7653 99.3271 91.9039 98.8677 96.8402 95.2105 91.6375 86.6109 80.7396 70.2637 67.5275 75.2531 87.0496 90.8570 93.3036 95.7225 97.7182 99.3447 100.3988 101.2287 102.0824 102.7586 103.4299 104.3157 104.8233 108.3676 108.8728 112.3246 109.9800 113.0782 112.9251 111.4675 113.5146 114.1642 112.4351 115.3974 114.9112 110.7100
97.9400 102.8836 101.6076 100.7171 98.0333 98.6468 97.1236 94.9555 91.2763 86.0965 77.7410 65.6860 63.2450 70.7197 85.7200 90.6740 93.2969 95.6880 97.5767 99.2227 100.3417 101.2174 102.0870 102.7858 103.2985 103.8716 104.4348 109.0463 109.9543 111.9125 110.7165 113.9186 113.5822 110.3791 112.3533 113.5643 112.9784 118.1389 109.0754 110.7100
103.0500 102.3464 101.6163 100.9312 100.0548 98.5294 97.3504 95.2413 92.4058 88.3541 79.3216 70.3063 68.0838 75.1796 84.0218 90.8887 94.6942 96.2598 97.8974 99.2426 100.4285 101.3195 102.1191 102.8708 103.3943 106.2100 107.2964 111.2835 111.6818 112.0745 114.1690 114.4339 113.2919 111.0503 111.9155 115.7547 112.3204 108.6729 106.7473 107.1400
103.0800 102.1200 101.6200 101.0100 99.7100 98.8500 98.0300 95.1500 92.7000 91.4900 89.3700 74.8300 75.8800 75.2300 85.0500 90.5000 95.1200 96.5700 97.5300 99.6400 99.6600 101.4800 101.9700 102.9500 103.4700 104.0100 105.1700 105.0300 105.8700 104.7900 112.0700 111.4200 114.7300 109.4100 108.8400 109.8700 110.4200 109.5800 107.0500 108.1400
