111.9400 110.3700 110.7900 110.7500 110.4500 117.0600 110.4600 108.6000 110.5200 112.2600 109.3000 110.9200 110.9200 110.8000 112.2200 111.0500 108.9900 108.9900 111.7100 111.7400 115.4100 115.4800 110.2800 110.3100 114.9000 111.2100 110.6200 115.8600 112.5200 112.2200 112.2200 115.6000 115.6000 113.1800 114.7700 114.5800 114.3700 114.3700 113.9800 113.8100
111.2200 110.6262 109.3345 109.0109 109.2950 117.2474 110.4801 111.9622 111.8817 109.0214 109.6112 109.3115 110.1795 110.4803 111.2907 110.9068 110.0224 108.1312 111.6383 114.1810 113.9664 113.9508 110.5480 113.0959 113.0237 109.8151 110.3517 112.7818 112.6464 116.8484 114.1150 115.7858 115.6728 113.4472 111.7466 115.1401 114.5850 116.2193 113.6036 114.0700
111.1700 110.4072 115.6246 109.9788 109.5940 112.5055 117.1967 113.5717 109.3717 110.2151 109.2193 110.1643 111.5169 110.5324 113.3115 111.1864 109.8057 110.3934 120.2041 110.6128 116.8351 115.3034 111.8421 112.7983 113.9524 108.5371 109.2005 111.1236 111.4666 110.1053 113.7462 116.3910 116.1361 115.2907 112.2486 113.2405 110.7945 111.9754 111.3934 111.3800
112.4400 112.5720 114.6595 112.5216 109.1338 111.2325 111.3508 112.8693 109.8361 110.5429 110.2202 109.3045 113.1946 109.6012 111.5280 110.1625 110.2356 113.3980 115.2014 109.8360 113.8464 113.7915 110.5960 112.9090 112.0311 110.0645 112.3173 112.2624 109.2662 113.1772 114.8183 114.1877 115.0035 113.8882 111.5209 111.7707 109.3996 113.4032 112.1362 111.5300
111.1700 113.1357 115.8205 109.7428 109.9600 108.8619 115.0944 110.9410 111.3415 113.3624 110.5030 108.9792 111.2479 109.4589 109.7380 109.4987 109.2374 115.5160 115.5434 110.2551 111.7201 113.8013 109.5997 114.3543 108.1483 110.1918 110.0029 110.3144 111.0030 111.2324 111.6656 114.2714 113.8112 112.8757 111.0491 112.3933 110.7362 112.4423 112.4373 113.1100
109.2900 110.6759 112.1585 112.8243 109.3427 107.7813 112.8837 113.4394 109.9925 116.2845 112.1092 110.8448 109.4391 109.5895 109.6287 109.8962 111.4729 116.0526 114.6965 112.1512 109.2253 109.4985 108.1450 110.0429 110.5018 110.6134 110.7698 110.2129 112.5615 109.6174 110.9978 110.3816 113.1697 108.7846 113.2539 113.7612 114.1490 110.9701 110.3380 113.1100
107.9400 107.5491 111.1817 116.2210 109.6503 110.2442 113.2442 111.9749 113.1251 115.0255 111.3592 111.9552 109.5664 110.2056 110.7627 110.3335 110.2294 112.4010 115.7398 111.4389 109.2223 110.6759 109.7705 108.8468 111.2234 110.5184 110.6986 110.8625 110.6597 109.3783 109.5175 108.2950 109.0728 110.0591 116.3331 114.3014 116.1036 112.4618 112.0983 109.9800
115.3600 111.8778 113.9497 111.3298 109.9045 109.4920 113.4942 112.5300 109.3105 113.3646 109.6513 110.1678 109.1444 110.3368 110.1970 109.3147 112.2732 110.6027 116.6755 111.0823 109.9594 110.0162 109.1397 109.7900 115.9248 110.2307 108.5274 109.8001 111.0425 110.7075 108.8119 109.4976 109.3674 109.2640 111.7310 113.3720 113.1068 110.0036 111.0567 110.0600
115.3200 111.2171 114.4821 110.8804 110.1891 109.1040 112.0593 109.8247 109.8410 109.8320 109.8883 109.7504 109.8535 110.0628 109.8468 110.0012 110.0927 110.7231 116.5826 111.5359 112.1372 109.0684 108.9783 107.3965 110.8879 111.1072 110.8375 109.2861 109.4180 108.5708 109.3803 109.7012 109.1886 110.4126 109.6786 111.8541 111.5022 109.2173 109.4750 110.0600
113.0100 109.2995 110.2239 109.8676 109.6570 108.5581 112.1782 109.2201 109.1316 109.8114 109.5509 109.6247 109.6093 109.6748 110.0955 109.6538 109.6516 114.1065 114.4505 109.4305 108.5707 109.5770 108.8298 108.6103 111.3972 111.7757 110.4235 108.2561 111.0503 110.0227 108.8438 109.7472 110.6539 110.4247 109.6562 111.9381 109.8512 111.2962 112.0494 109.2900
115.4100 110.0697 109.6942 109.3879 109.6398 109.6817 109.4543 108.7182 109.1609 109.3394 109.6433 109.7124 109.7462 109.8075 109.5447 109.1087 109.3356 112.2002 111.5584 109.9719 110.9460 116.0173 110.5997 109.3845 107.9987 114.5663 116.6606 111.8696 108.3701 109.8812 109.1555 108.9326 109.2758 109.9082 110.5020 111.7378 110.4060 111.9601 112.2155 111.2300
115.3400 110.8136 108.7422 109.0773 109.4680 108.6241 113.7106 107.4425 109.1655 108.8821 109.1695 109.6841 109.6839 109.6590 109.6566 109.2431 110.4616 109.1270 110.2675 114.3558 112.3053 113.1620 110.6626 113.1466 108.3365 110.0217 108.6506 109.3710 111.2873 110.6522 110.0086 111.7765 110.1118 109.6433 110.7419 110.3193 110.2879 109.2114 109.0950 111.3100
109.4100 110.2242 108.4225 107.7527 108.9387 108.6848 107.6384 107.9221 108.7056 109.2412 108.9979 108.0014 108.8219 109.5217 109.4578 109.6166 109.9085 109.6678 108.4729 110.8300 110.5480 115.9833 110.5005 114.7294 112.7031 108.9157 113.0672 113.2526 113.3333 109.9150 110.2975 110.8973 108.9367 110.2774 111.2379 110.7417 112.1441 110.6282 110.7919 109.3200
109.1600 109.2193 108.4313 107.6106 107.9584 108.2173 108.6530 107.7478 108.1442 107.8465 108.3752 108.7318 107.7491 109.2682 108.5476 108.1572 108.9687 108.2544 109.7156 110.0489 112.6406 114.3570 110.2107 113.6165 115.0921 113.3832 115.7670 112.9964 108.4913 110.0155 110.8782 110.4712 109.8904 108.8549 111.4669 110.6299 112.8790 117.4025 117.9519 114.3000
108.9400 108.1802 109.0919 108.3310 107.6625 106.9753 107.9558 106.3239 108.0065 107.3947 108.1916 107.7877 108.1810 108.9751 108.5509 108.1051 109.0491 108.0908 109.1274 110.1021 109.4262 112.8858 111.2344 112.9562 112.2641 111.0927 116.7829 110.4746 109.3776 109.4191 108.0749 108.6016 111.4192 108.1810 109.4236 112.2202 112.0973 113.8970 113.4180 111.3600
108.6600 107.6809 108.2695 108.2409 107.5388 108.1906 107.7621 107.3170 107.3710 108.6394 107.7984 107.7110 108.2183 108.8596 108.5705 108.8399 108.2327 108.0223 107.3591 108.3813 110.7218 109.6873 108.6963 110.8056 114.1046 110.0059 115.5023 110.9643 110.6303 113.4451 113.4293 108.9211 109.0070 110.8624 110.1226 111.5481 110.5729 112.4185 109.3605 110.9900
107.4800 107.9348 106.6360 108.0805 107.0275 108.6705 108.1628 107.1737 107.4242 107.0576 107.0909 107.9847 108.0162 107.4147 108.5500 108.4747 107.8860 108.2352 107.9371 109.6149 107.1265 108.5682 109.5650 109.1645 114.5645 108.6146 111.2541 111.0301 113.2659 112.9142 110.7601 110.8742 109.5009 111.1662 109.0970 109.7093 113.1829 110.0418 110.1322 110.9900
107.3500 107.3099 106.8859 107.6657 107.8739 106.9148 107.3521 106.7382 106.9346 107.3295 107.7654 108.0413 107.7002 108.2733 108.5442 108.9033 113.2925 109.3312 108.7044 108.1988 110.8948 108.4663 109.7692 113.0035 109.7832 109.6456 109.8477 111.4389 109.7599 112.3106 110.9274 112.2592 111.0134 108.7273 111.6826 113.1913 115.7373 110.9318 109.4134 110.3000
107.3600 106.9357 107.7271 106.9501 107.5023 107.1183 106.5092 107.1502 107.1707 107.5143 107.3531 107.6095 107.1981 107.2224 107.5334 108.4603 109.1491 107.1219 108.0952 108.6943 108.8690 108.8358 109.3541 109.1638 108.0501 108.5412 114.3624 109.5385 111.7799 115.3194 114.9761 110.7383 110.3123 109.7101 113.3711 115.2606 111.3931 112.4555 109.1594 110.8400
107.2600 106.8541 106.8271 107.0920 107.4983 106.1072 107.0529 106.4725 106.9502 107.3352 106.7296 106.5701 107.9300 106.6539 107.6307 107.8344 107.0565 107.4296 108.2011 107.8865 108.3328 108.1544 108.5988 107.9144 108.1869 108.7341 112.8198 114.5076 111.9885 110.5856 112.2636 109.1660 108.1226 113.7736 118.7658 116.8418 116.8089 113.3233 111.5759 112.7700
106.7800 106.6715 105.7825 106.0157 105.7015 106.0677 106.8031 105.7514 105.9084 106.2459 106.4849 106.9998 107.2876 106.7136 106.3605 106.9989 107.1359 106.9765 108.0111 108.5251 108.6935 108.8829 109.2946 109.5609 109.3539 110.0748 114.3766 109.7176 112.0693 114.6575 108.4158 109.4485 115.2077 112.1948 117.0089 117.0811 110.6369 116.3147 115.2466 115.0400
107.2900 106.5993 104.8216 105.1154 105.5608 104.8327 104.9967 105.4460 106.2586 106.3967 106.5031 106.9332 107.1465 105.6151 106.7637 106.6900 106.4566 107.0741 107.1325 108.2066 108.6881 108.5781 108.9166 109.2117 109.3472 109.0894 109.1276 111.3025 109.9413 115.3961 115.9483 113.7224 116.3335 112.8941 115.3274 115.6446 115.2697 114.2554 108.6981 109.2000
104.7900 105.2183 105.1708 104.9894 105.1564 104.2846 104.2781 105.4158 105.9267 105.1507 105.9013 106.1441 106.0935 106.6779 105.7684 106.0662 107.2546 107.4126 106.8662 106.7182 107.7079 108.0937 108.5326 108.7224 108.9320 109.0961 110.5711 111.2901 112.5299 114.7135 114.2448 111.1681 115.4802 112.9438 113.0013 116.1563 116.2141 115.7362 111.2867 110.0200
105.2000 107.6460 105.2824 104.0256 103.2289 104.4021 104.3948 105.0958 105.1269 105.2348 104.6453 107.1041 105.6253 105.6923 106.2064 105.5411 107.2686 107.9717 107.2767 107.2466 107.3605 108.1508 107.3490 108.0609 108.6976 110.8624 112.7862 111.7742 111.8465 112.6136 111.8973 110.7572 115.7758 116.3944 111.1894 113.6744 112.9708 115.7193 115.1385 109.0000
103.6100 103.5046 103.1851 102.9796 102.9057 102.6552 103.7021 102.6174 102.9963 103.6865 104.6729 105.5985 105.9518 104.5138 105.3878 105.1503 106.4572 106.8950 106.7954 107.7343 107.9937 108.2773 108.6330 108.5316 108.1579 110.9156 110.8875 112.6838 108.5175 112.4051 113.4660 112.2401 111.3645 111.6984 111.0330 110.3234 112.9932 113.7587 113.2780 114.1500
103.1700 102.9126 102.2487 102.4870 102.4159 102.0441 101.9547 102.1723 102.5003 102.4721 102.6962 103.2468 103.6403 103.7945 105.6066 105.9558 106.8602 106.6775 106.8588 107.8553 107.9339 106.9036 107.8931 106.9032 107.0598 112.2238 114.1660 116.3575 113.0824 108.5920 111.5956 113.7919 113.1971 113.5329 113.6903 112.4528 112.0828 112.8452 117.2136 116.9800
101.9900 102.1424 101.7574 101.1826 101.8019 100.9347 101.0007 101.0830 101.2281 102.1655 102.2451 102.6182 103.1317 103.4227 105.4455 106.2422 105.0053 106.1923 107.2577 106.8462 107.7954 106.9446 108.5655 108.1934 112.3779 110.5293 108.7006 110.1724 110.5037 112.7529 113.8650 111.0740 112.0888 114.4807 114.1871 115.8607 116.0744 114.7816 114.8814 108.7900
101.8900 101.6395 101.0543 99.7774 100.8939 100.5379 100.0826 100.3976 100.1412 101.3004 101.4956 102.1107 102.6066 102.9793 103.5953 104.3639 105.6272 105.3410 106.2655 105.7631 107.1559 107.6016 106.6115 106.0125 110.5895 108.5405 108.2728 108.1573 110.8676 109.5821 111.0310 114.7161 109.4988 111.9274 114.8752 114.5579 111.4721 112.1404 110.4868 109.6100
100.9500 100.9285 99.9930 98.9538 100.4534 99.4747 98.5677 99.2849 99.5792 100.1178 100.9570 101.5159 101.9198 102.4375 103.2391 103.7135 104.2201 104.6290 106.3950 106.5678 107.1304 106.4942 106.9294 107.4906 107.9849 112.6003 107.9526 109.5780 109.4674 110.9999 109.0415 109.7360 113.9488 112.2575 112.9449 115.7385 112.7655 108.0271 114.1703 109.2800
100.7400 100.2482 99.5835 98.9446 98.2935 97.3685 97.1000 97.3082 97.7789 99.1387 100.0493 100.7414 101.3266 101.7291 102.4795 103.3066 103.3229 105.5365 106.5412 105.8662 106.8607 106.6990 106.8847 106.9616 108.2830 108.6745 108.5822 108.9610 109.1758 108.7159 112.8038 113.1561 112.3096 110.2295 113.9674 116.0184 113.0859 110.9071 112.9413 114.0100
99.8900 98.5657 97.8140 96.9111 96.8812 95.5811 96.1389 96.7121 97.4525 98.8058 98.0464 99.3706 100.4000 101.1904 102.1910 103.1043 103.1164 103.7239 104.5096 106.7107 105.6338 107.3826 107.5582 107.1586 107.3993 108.3528 111.1886 108.7061 109.2596 109.1139 108.5284 112.4978 109.6656 110.1400 114.2589 115.6887 112.4179 114.6191 116.9909 116.5200
96.9500 96.9802 96.2452 94.7001 94.1135 93.7368 94.6448 95.7807 96.6252 98.1098 97.8623 98.8638 99.4512 100.4759 101.8499 102.4121 102.8796 103.5395 104.6227 105.7942 105.8281 105.6107 106.8091 106.5573 106.6650 108.3182 108.5897 108.2568 108.8137 109.1543 109.6050 109.5866 110.3509 111.0255 114.1301 114.0738 109.2171 111.6637 112.2000 110.3500
96.6400 95.9208 94.2060 92.8189 91.5165 91.0855 91.9564 93.0408 94.3785 95.3114 96.7359 97.7073 99.2568 100.2101 101.1711 101.8953 102.4984 103.2094 103.8541 106.0417 106.6322 106.0934 105.8578 107.0623 107.9333 107.9644 108.7659 110.2336 111.1152 110.0251 111.4281 111.2361 113.7862 111.3556 116.7615 112.9459 110.3715 111.3919 109.0972 110.4500
94.7400 94.2702 92.7729 89.7239 88.2624 87.6141 88.7416 90.4470 93.1048 93.6151 95.4415 96.5222 98.1788 99.5843 100.4066 102.0657 102.3997 103.1618 103.6425 104.2191 106.4911 105.7109 106.0459 106.7191 107.5323 106.6692 108.1443 111.4562 112.1158 110.8337 112.2978 112.8944 113.9378 114.1258 113.6698 113.5709 116.3248 113.1471 108.5073 108.8800
94.6100 92.1159 89.3626 86.5153 84.0833 82.5854 83.7823 86.5248 89.8208 91.5404 94.3608 95.5281 97.1465 98.7998 99.7991 101.4907 102.2634 102.9277 103.6002 105.3667 106.8619 105.4545 106.8011 107.2977 107.6126 107.1044 106.6317 108.2810 108.7568 108.5607 112.7432 112.1277 111.1377 115.6619 113.6175 112.4873 113.7491 115.6368 114.2993 113.0900
93.0200 90.9541 86.1967 81.9939 76.7882 77.1352 78.8375 82.8669 86.9429 89.8823 92.9819 94.8346 96.5785 98.6157 99.8624 100.9574 101.6578 102.7186 103.3742 104.7212 106.5103 106.0709 107.2451 107.3261 106.8374 107.6111 108.1121 108.2388 108.3664 112.5312 111.0877 110.6522 112.6059 114.6855 115.8853 114.5559 116.4116 111.0064 113.1286 110.1100
92.3800 89.3411 84.0961 78.0275 69.2535 65.3839 69.5681 79.2364 84.8868 89.0895 92.0713 94.7632 96.2937 98.6522 100.1552 101.0764 101.9218 102.7359 103.3727 103.7752 106.5166 106.4506 107.0025 106.3689 105.7221 106.8897 108.8370 112.7485 112.5325 115.2135 113.6987 113.9632 114.6629 114.4356 114.8549 114.3011 113.7340 111.7651 113.3978 113.8600
92.3100 88.5271 83.1282 75.7319 64.2575 60.6490 65.4433 77.4493 84.0429 88.7120 91.8020 94.7674 96.1784 98.5989 100.1913 101.0961 101.9620 102.6683 103.3647 103.7821 106.4286 106.3298 106.9037 106.4743 105.4565 106.5081 109.3264 115.5380 113.8091 115.2129 113.2820 115.1249 115.1573 114.3074 113.6798 112.7881 112.0395 113.8158 114.2906 113.0900
93.2000 88.2327 83.5957 78.4325 67.5164 64.4383 68.8021 79.2759 85.2550 89.1843 92.6275 94.3987 96.6140 98.5636 99.6670 101.2289 102.2417 102.8270 103.4554 103.7971 106.8763 106.2023 105.5427 106.5535 106.6111 107.6426 107.9469 109.0216 108.7526 112.9746 111.7207 111.2877 114.3099 115.0258 111.0926 116.1269 111.3077 110.3124 110.0053 109.2500
92.7600 90.8100 86.8900 83.7500 70.8600 70.8600 70.5100 83.7400 87.1900 89.3900 93.7200 95.3800 97.7400 98.5900 99.6800 101.1600 101.8900 102.8500 103.3100 104.6900 104.2600 104.9100 105.5400 106.6200 106.7300 106.9500 108.2200 108.2100 107.3900 108.5500 109.2400 112.9500 111.7700 110.9600 114.6900 111.6400 111.9800 113.1500 111.5700 109.2800
