108.7600 108.7600 108.9400 108.2800 108.6900 108.8200 110.6600 117.6200 116.8300 110.3000 109.6600 116.2500 109.9300 117.2000 115.4300 115.8400 118.0700 113.9900 116.3100 115.5100 119.0800 117.9600 115.0300 115.8400 116.3700 116.3300 113.7800 118.2000 117.7100 118.4000 117.0900 117.0100 117.6300 117.7800 117.7800 118.2100 118.5700 118.9700 118.9700 118.8800
108.7600 108.8591 109.2933 108.6437 109.3659 109.4464 111.3664 114.9955 117.3498 118.0629 112.0518 114.0909 114.8745 115.4063 115.8838 115.1791 116.0557 116.6662 116.1272 115.5899 118.6195 117.3434 114.2780 115.8961 115.3813 114.4725 114.3091 118.6893 116.8434 117.2913 116.6784 116.1545 116.5133 117.4983 117.4531 118.0960 117.7679 118.6798 119.5866 119.6000
109.8800 110.5259 109.6219 109.3590 108.0659 113.4932 111.3051 111.6024 114.1540 108.3206 110.8994 112.6261 115.7119 115.8402 115.1474 109.6863 114.0991 117.3419 112.9007 114.9992 117.8201 117.4926 113.1656 113.5470 115.9705 113.6899 114.1069 117.7642 117.9918 114.8939 115.4407 115.1825 115.4094 116.2837 116.9123 118.4506 119.0549 117.4559 119.4779 119.5300
109.4400 109.4860 112.0647 113.7767 109.5968 113.2958 110.9479 110.7635 111.7277 114.0628 113.5142 115.1788 112.1807 114.7625 113.3177 114.4384 110.6113 115.4055 110.2360 109.7840 113.3695 112.3729 111.5522 114.5870 112.2279 112.5148 112.5992 116.4459 118.4482 115.9217 113.5714 112.3246 114.3908 115.3410 116.9879 116.6128 117.4002 118.5397 118.6071 118.6500
109.9200 109.5898 109.2392 108.8524 112.6570 109.3740 110.2293 114.4057 112.8983 115.3728 108.8934 115.6571 111.3826 114.2824 114.7940 114.4861 110.2613 114.6687 108.3858 107.4347 112.5029 112.8086 108.4590 113.3389 110.5407 110.8264 110.9677 115.1889 112.7946 117.0136 114.0976 112.6925 115.7018 114.9442 116.4601 115.5854 116.6280 116.9507 117.7066 118.1600
113.6700 110.8183 109.4732 110.0558 111.4972 110.6771 110.8064 116.3066 108.3253 110.1507 111.3126 115.2879 110.9394 109.5413 108.7199 108.1679 108.8477 107.8980 111.8022 112.0510 114.5078 113.9380 108.1432 111.9722 113.8398 108.7644 111.2319 113.1065 112.8424 115.1206 112.5130 114.7417 115.7447 111.5502 116.6430 114.1583 115.0244 115.8772 116.1385 116.9300
108.1300 110.8069 108.5258 108.9372 109.8554 108.3755 111.4429 112.4169 109.0416 110.1300 107.5221 111.3262 112.6105 111.4622 108.4908 108.9064 108.2779 107.4884 107.2113 112.4428 113.7825 114.7917 107.8996 108.4472 107.5664 110.6301 113.3547 112.8457 114.1847 110.1731 111.9006 114.8388 114.5523 113.5474 114.4866 112.7055 113.5111 114.3026 115.2396 116.1300
108.1300 109.0056 107.8996 109.3892 109.3531 109.9573 112.2180 113.7583 112.8476 112.5720 107.2595 109.9070 107.5932 114.3320 108.0848 108.3653 107.2757 108.4517 107.5944 114.0705 114.2418 113.2095 108.1443 111.5498 110.4594 111.4417 111.8310 113.5532 110.4841 109.0345 110.5626 111.8131 114.5068 114.7056 111.1964 112.1012 111.8799 112.8692 113.6476 113.2500
110.3000 110.0650 110.3478 109.2131 108.7643 108.6939 110.8376 110.4640 111.6172 109.6605 108.4910 108.0722 107.4956 108.0658 107.8930 108.4511 107.8886 108.0432 108.1637 111.7316 113.8332 112.3641 107.8645 108.6268 107.8080 111.1980 111.9799 114.3318 111.0572 108.3799 107.5984 107.5816 113.3268 114.9671 115.6106 111.7364 110.7622 111.7766 112.2778 112.3100
115.4600 112.7012 108.9459 113.5712 108.8776 108.3335 108.6942 108.7032 109.0417 107.9044 108.7273 110.9029 111.0923 109.0054 108.4562 107.5757 107.8221 107.8599 108.0948 107.1617 113.7224 109.5329 107.1523 110.5315 109.0020 109.6835 113.6432 113.3664 108.1401 107.2465 108.2147 107.9717 109.4765 112.9975 112.6942 109.0642 109.6086 109.4341 109.1452 108.9000
110.3800 112.7463 111.7489 114.4931 114.1656 109.0175 109.1008 108.1003 108.9505 110.7067 107.4892 108.7979 108.7742 109.1285 107.1983 106.9049 106.7142 107.8096 106.9712 107.1444 110.3439 107.1002 107.2769 109.1334 109.3393 109.1431 112.1308 110.1074 107.9819 106.6534 107.9191 108.0747 111.1337 112.0581 111.7687 107.4561 108.5428 108.2588 108.5432 109.2400
112.7300 110.5102 113.6401 113.7641 111.4883 111.3158 109.2636 107.7769 108.6061 107.9741 111.4512 108.1804 107.3925 111.2811 111.6697 107.9837 107.1636 107.5069 107.2084 107.3117 106.0002 106.9871 107.5991 108.5122 107.4747 109.9266 109.0856 106.2568 107.8932 106.4548 107.4918 109.0251 109.1128 112.4085 112.6388 107.7997 107.9393 108.2861 108.2798 109.0200
109.6300 111.4692 113.8531 114.7032 113.9615 108.9786 108.4608 108.0057 108.4209 107.9584 108.8169 110.4309 107.2465 106.1037 111.0031 107.7427 106.2897 106.1486 107.1596 105.3652 106.8511 110.9193 105.4021 105.8417 107.0535 106.2507 109.4843 107.3262 107.1973 106.0283 107.2554 108.4735 109.5689 108.8403 112.5436 108.9272 107.0705 107.7918 108.0989 107.6500
110.7700 108.7794 113.5504 111.5553 108.6891 108.4548 107.9967 108.7367 107.1920 108.0926 107.2184 107.2458 107.1454 109.5905 110.8572 107.9485 107.3036 106.2740 106.8715 106.4858 105.7176 106.7409 105.0107 105.1021 106.9551 105.4748 105.8991 109.8592 105.6689 106.2671 105.0183 111.1071 111.6291 109.3646 107.5429 107.2786 107.4429 107.4103 108.2830 108.6700
113.4000 113.9420 109.7422 109.0187 108.3501 109.1582 109.7601 107.7152 107.3254 107.8873 108.0021 106.8167 107.2411 106.8944 110.4581 111.4498 106.0165 106.0796 106.6415 106.0369 105.2590 106.2383 104.7107 104.7392 104.7978 106.1755 104.7627 106.6717 105.9637 106.8443 110.0292 106.0263 106.8818 107.2211 107.8776 106.8458 107.3755 108.0979 107.6229 107.2800
115.0500 112.0454 110.2924 109.4686 108.9951 108.1005 108.1998 109.5003 107.1328 106.9826 106.5987 105.9281 106.3509 111.2465 105.7626 106.6222 105.5080 104.9297 106.0068 106.1161 104.2767 105.2705 105.8177 104.9795 104.9700 104.6314 104.9401 106.1571 105.9766 105.7434 107.4548 105.7469 106.8491 104.9035 106.1243 106.7780 107.0563 106.6081 107.1899 107.2800
111.4200 114.5224 111.6330 110.9555 108.2323 108.3089 107.5425 109.0544 106.8278 106.8887 107.0945 106.5644 105.0116 105.6341 105.3080 106.0489 105.4961 104.6419 104.8736 105.8531 103.7751 103.7328 103.9652 103.8122 104.9325 103.4472 105.9922 105.3159 104.7358 104.1797 106.4226 105.4245 105.8105 105.5462 105.7600 106.4380 107.7089 106.5861 107.2379 108.0200
115.3900 114.7717 108.8819 109.8693 111.6108 107.8471 108.3026 106.2860 107.3329 105.9253 105.6713 107.0997 105.7852 105.7354 105.1454 104.3741 104.4203 105.4335 103.6250 103.5891 103.2081 102.9499 102.8914 102.6859 102.7476 103.9872 104.4590 103.6739 105.4297 104.5966 105.1700 106.2549 105.9384 105.8717 105.4898 106.7800 106.7579 110.0590 107.1700 108.0900
115.3900 112.4844 107.2188 106.2884 109.4560 111.9840 108.2527 107.1488 107.1628 107.3373 105.7880 106.6561 105.9025 105.7314 104.6750 104.9072 105.8457 103.2220 102.9072 102.4315 102.3872 102.2471 102.0619 102.1834 102.0347 102.5113 102.4926 103.0322 103.7744 104.5938 105.9131 105.8019 105.8339 106.4263 105.7435 106.5510 106.3429 107.3739 107.5478 107.9100
109.9000 109.9454 106.8803 110.9512 108.5691 109.0160 106.6491 106.8057 105.9539 106.8244 105.3489 104.9267 105.6550 105.1928 104.8340 103.1664 103.2255 102.7385 101.8928 101.7411 101.3757 101.5095 101.4980 101.4726 101.3441 101.5194 101.8910 102.2158 102.1964 102.8703 104.8698 104.9022 106.1270 104.8768 106.3053 104.9502 106.2426 106.6814 109.0949 112.9300
108.2700 108.8167 107.8210 107.9674 109.5984 110.6288 107.8611 106.7003 105.5993 105.6807 104.9369 105.3543 105.3123 104.4492 103.2815 102.6383 102.0716 102.0074 101.2809 100.6996 100.4411 100.7295 100.9024 100.7776 100.6439 100.2265 101.3480 101.3065 101.4493 101.8600 103.7333 104.4346 105.4287 104.8053 105.4767 106.7409 106.6891 106.0798 111.5854 107.9500
108.8600 108.8781 108.7863 108.4074 106.4663 107.8397 107.4245 105.9888 105.3806 105.4500 104.7678 105.0058 104.7897 103.5936 102.7272 102.1417 101.5746 101.0703 100.4059 99.8326 99.2730 99.2855 99.1981 99.2170 99.4013 99.8256 100.3791 100.5173 101.2636 101.6520 102.1988 102.7910 103.0729 105.2236 105.8942 105.1846 105.8844 105.8929 106.8846 107.4100
107.8300 107.1485 108.2349 108.1301 106.6940 107.1625 107.2640 106.3915 106.8627 104.5497 104.9549 106.4302 103.6853 102.5815 102.3057 101.7960 101.3459 100.4948 99.6588 98.9009 98.0125 97.8744 97.6404 97.6372 97.8956 98.4717 99.1752 99.3757 100.6051 101.4255 101.9873 102.5501 102.8848 103.8984 105.3166 105.5304 105.8832 106.7703 106.9243 107.0300
107.7100 108.9706 108.3348 106.8299 106.9238 105.6668 106.7077 105.4406 106.2172 104.1528 105.1492 105.0920 102.6828 102.3827 101.7324 101.1038 100.6007 99.6918 99.3110 97.5571 96.5601 95.8071 96.0656 96.4195 96.5177 96.7925 97.5540 98.4635 99.7880 100.6219 101.2110 102.0945 102.5420 103.2524 104.6249 105.4223 104.8182 106.2234 106.3807 107.3000
111.3200 114.5300 110.5455 108.6423 109.0988 109.0879 106.8407 105.9292 104.6887 105.2602 104.1210 103.1589 102.5158 102.0083 101.1797 100.5060 99.8810 98.9444 98.1059 95.6123 94.9403 92.9168 94.1037 94.4212 94.7678 94.7229 96.0827 97.4961 99.2205 99.8200 100.6150 101.5619 102.0452 102.8472 105.0753 104.9139 106.0316 106.0334 106.5862 107.1200
109.7200 112.7481 108.0635 108.5955 108.8934 111.2917 105.2986 104.7998 105.4134 104.6791 104.4199 103.1758 102.3124 101.6685 100.8266 100.0219 99.4043 98.3438 96.6486 94.2666 93.1168 92.4103 89.3867 89.9472 91.3186 91.5103 93.8969 95.3457 97.7149 99.5241 99.8230 100.9496 101.2710 102.5901 104.0950 105.1903 105.4056 105.4653 105.8069 105.9400
107.6600 107.2271 107.4661 106.9477 106.2585 107.4815 106.3367 105.3107 105.1862 104.2724 104.2577 102.8573 102.0540 101.3149 100.6404 99.9237 98.5828 96.5844 95.5288 92.5010 89.2175 87.4105 84.9923 84.9442 86.0197 88.8155 92.2144 94.5666 97.2157 98.2464 99.2947 100.3495 101.4736 102.4377 102.9457 104.9678 105.8293 105.7363 105.0603 105.0000
107.7200 107.5878 106.8605 107.8890 107.3858 106.9779 106.5985 106.4640 106.2693 103.9381 103.5689 102.7998 102.0576 101.0738 100.1100 99.1368 96.9769 96.2340 93.9379 90.1465 85.6243 81.3771 78.7668 79.1899 81.9741 86.6990 90.9724 93.1922 96.3732 98.4415 99.1010 100.2407 101.0223 102.4122 102.9347 104.5889 105.2180 104.9393 104.7799 106.5800
108.2500 107.2065 108.2028 107.3649 108.0762 106.6464 105.8063 106.2463 104.7812 105.3378 103.4555 102.6720 101.9458 101.2173 100.4432 99.1734 97.5865 95.0275 92.7442 88.0324 82.9973 73.8609 66.9163 67.0561 75.3006 83.0408 89.4184 92.2367 95.1993 98.4261 99.4184 100.2620 100.7479 102.0891 102.4921 104.7744 104.2022 106.3027 105.7119 105.4500
109.0100 107.5780 107.2697 107.0490 106.5669 107.0584 106.6470 105.8804 104.7899 104.6784 103.2731 102.6612 101.7374 101.0923 100.5271 98.6373 96.7831 95.3023 92.0842 87.1096 81.2816 72.2554 63.6266 62.1527 72.1683 81.7369 88.2951 92.2972 94.7437 97.6571 99.4953 99.7691 101.0651 101.9093 102.5592 104.0609 106.0954 104.4065 106.1732 106.2200
108.2500 107.5074 107.1325 106.7123 106.4729 107.3488 106.9412 105.6591 104.6192 104.9212 103.2988 102.6259 101.7528 101.1078 100.5601 98.6707 96.8252 95.3523 92.2046 87.4242 82.0109 74.2061 66.2197 64.5075 74.2167 82.5499 88.6807 92.4795 94.9582 97.7545 99.5305 99.7907 101.1081 101.9164 102.5941 104.1950 104.0332 104.5811 105.2962 105.5900
107.7900 108.5941 107.5389 107.5321 106.1678 106.1593 106.3998 105.7335 105.5245 105.4708 103.4681 102.6767 101.8165 101.2410 100.7492 98.5954 97.6536 95.1583 92.3771 88.7980 86.2654 83.0355 74.8971 76.3850 82.3626 84.9480 89.2374 92.7187 95.6774 97.9680 99.6764 100.1601 101.3882 102.1153 102.6753 104.1598 105.6411 106.0061 105.5095 106.7000
108.1400 108.6604 107.1954 107.4103 106.3545 106.4970 107.5804 106.2379 104.8984 105.7190 103.8360 102.7544 102.0218 101.5897 100.4014 99.3085 98.0940 96.5183 94.3855 91.7260 89.2384 86.6320 83.0383 83.8260 86.0414 87.6912 91.2378 94.9267 95.8804 98.1915 99.7060 100.7429 101.1711 102.2551 103.0109 104.5284 103.8646 106.1477 106.8612 107.0100
108.2200 107.8035 107.6396 106.5424 107.1866 107.4421 107.2983 105.0920 105.8712 105.8555 104.5550 103.0611 102.4831 101.6098 100.7973 99.6938 98.4633 97.8873 95.9283 94.0769 91.7027 89.7369 89.0251 88.5495 88.5084 91.1418 93.5534 95.3876 96.9341 98.3964 99.9797 100.8830 101.5948 102.2565 103.2828 105.5236 104.2443 105.6115 106.1905 106.7900
108.2200 107.3682 107.4031 107.1758 106.2707 106.6891 106.3601 106.1452 108.1212 106.8172 104.1842 103.8292 102.5975 101.9197 101.5686 100.5472 99.4595 98.5321 97.3568 95.9064 94.9256 93.5640 92.9690 92.8651 93.4795 94.6405 95.5194 96.9224 98.3199 99.5701 100.6372 100.9620 102.1075 102.5906 103.5210 105.5844 104.8865 105.7406 105.1929 107.0000
113.6200 106.7556 107.7136 106.9134 107.1001 106.7693 106.6919 106.4732 106.6990 105.0524 104.1632 104.4885 102.9613 102.1519 101.9028 100.9885 100.3760 99.4408 98.4285 97.6569 96.9581 95.6528 94.6774 94.6852 95.6166 95.9395 97.0720 98.2344 99.1459 100.3183 101.1336 101.5504 102.3712 103.5530 103.2932 105.4421 105.0432 106.1843 105.7679 107.2000
107.7700 107.0478 109.3757 109.1475 107.6906 107.5519 106.5728 105.5800 105.6940 105.7895 105.6651 104.3356 102.9486 102.7927 102.2135 101.3709 100.9666 100.2865 99.4555 98.8651 98.5116 97.5843 96.5793 97.0185 97.1307 97.9376 98.6805 99.4954 100.1300 101.0630 101.7567 102.2520 102.7331 103.8114 104.1354 106.2099 106.1763 106.6220 105.8952 106.7100
113.6800 111.1961 108.7508 108.6906 107.9180 107.3258 108.1748 106.9448 107.1732 106.7364 105.3827 105.9826 106.9375 103.0507 102.7496 102.1501 101.6805 101.0518 100.6413 100.2185 99.6210 99.3286 98.8220 99.0068 99.0366 99.7632 100.0862 100.4359 100.8126 101.6269 102.2934 102.8230 103.1717 103.7507 104.6493 106.1495 106.8251 107.3059 106.9861 106.7500
109.5600 109.3617 108.8745 108.8365 106.2417 107.2196 107.3172 107.2988 107.8371 106.1279 108.8477 108.7631 104.8639 103.5411 103.1757 102.8357 102.3755 101.8233 101.4505 101.1344 100.7420 100.5889 100.5068 100.4569 100.4226 100.7711 100.9915 101.3849 101.7724 102.3042 102.7409 103.1285 103.8010 105.9962 104.3754 106.4817 105.5833 105.7000 106.3907 106.3000
109.1500 111.9700 107.2800 107.2800 108.1100 108.1100 108.1200 105.7700 105.7700 105.7200 106.6800 105.4700 105.4700 104.5200 104.5200 103.1200 103.1200 102.0800 101.8100 101.8100 101.3500 101.4400 100.7200 100.6100 101.4000 101.1400 101.8800 102.1800 102.7300 102.6700 103.3900 103.8400 103.8400 105.9700 105.3600 104.8300 106.3900 106.2700 107.6700 106.2800
