117.7700 113.3300 113.4400 108.9300 108.9300 112.9100 109.7300 115.8000 110.3900 108.7500 114.1300 115.1500 112.9700 113.6600 109.3500 109.3400 111.1000 114.4500 115.3700 113.7300 113.7300 113.9700 115.5000 115.5000 116.3300 118.6000 118.5100 117.9000 117.9000 119.5500 119.5500 117.7900 117.6500 118.1300 117.4400 117.0100 116.5900 116.6000 115.6000 115.6000
112.6200 115.9202 115.6027 107.7297 109.5431 110.8796 111.2789 110.1597 110.1966 108.6068 114.0069 115.0829 114.6853 109.6263 111.5959 114.1645 114.5843 115.4016 114.1986 109.6157 113.1364 112.3362 114.6910 114.8917 116.3419 119.0506 118.1723 118.4437 117.1251 118.0119 117.2411 117.7046 118.1917 118.7920 117.8447 117.4107 118.4334 119.1360 116.6266 116.1500
112.6400 108.2538 115.0586 108.4437 108.0183 109.4077 109.5039 109.5404 113.6188 108.5581 111.4454 113.4373 111.6918 108.6707 109.1810 107.8030 115.8539 115.5259 114.4068 108.5757 113.5877 109.6648 114.7191 113.9753 116.7185 118.6941 115.1576 116.9588 116.5623 116.5173 116.9084 116.7614 118.5365 118.2623 118.4158 118.6129 117.5257 119.0256 116.6073 116.3500
115.5300 113.7663 115.5493 110.9681 107.6933 108.9304 108.1345 107.2932 110.4422 109.4986 113.4174 111.6026 111.2370 108.5132 109.2744 108.6224 111.3315 114.0778 113.1383 108.1475 108.6681 112.9598 111.6694 114.3251 117.4985 114.4500 113.5074 115.3329 115.4117 115.7517 116.7402 115.7077 117.0187 119.1342 119.6469 117.9038 118.0203 116.9340 116.9845 116.5600
115.5300 115.9407 115.8777 112.1838 109.1564 108.4526 108.9499 107.7700 107.3543 114.2327 114.3689 112.7887 113.3533 113.5658 107.3534 107.5901 112.4368 110.8918 112.0763 108.8760 108.8004 111.1005 107.7016 110.4412 112.7345 113.6081 112.5516 113.0273 113.5692 114.5475 116.3182 116.0343 114.5951 116.0713 111.7400 110.7586 116.9206 115.4315 116.0321 117.7600
113.1000 113.0083 113.3343 109.9268 111.9332 107.8726 111.5575 108.5943 108.6348 113.1022 108.7550 108.8001 111.3390 112.3787 107.2522 108.0120 111.5067 113.3029 107.5708 107.7348 108.4289 107.6839 107.7552 112.0404 115.2087 110.8363 111.4256 114.9302 112.1487 113.3157 115.4102 114.4469 112.1943 114.9067 114.4138 113.4759 113.4243 115.9197 115.6361 117.7600
107.3500 112.7839 109.3713 109.1226 112.2757 110.8009 110.5146 108.2167 108.3300 108.7624 108.4151 107.2344 107.8445 106.4932 107.6315 107.4425 108.5044 111.9875 106.5984 107.5053 107.7694 107.2071 109.0250 116.1486 114.1225 114.5022 109.3975 112.2703 114.4823 113.8863 115.6265 113.1950 112.8322 111.2938 114.9346 115.1827 115.5343 116.9522 117.3560 117.6100
107.3500 111.0201 113.5135 109.7412 111.8321 110.7600 112.7729 107.8080 108.6378 107.7803 108.1185 107.4511 107.4750 105.1925 108.4404 107.5203 106.8303 110.2837 106.7769 107.6439 108.6962 109.6554 107.5077 112.0261 114.1336 110.5662 108.6628 107.4657 113.3029 115.1017 113.9905 114.7980 114.2626 116.3144 115.5392 112.2965 118.6003 116.7869 117.8034 117.6100
115.0700 115.0621 110.2128 113.1592 109.6077 109.4923 116.1114 105.6497 107.9081 107.7423 107.2632 107.7906 107.2636 108.0957 107.0748 106.7056 106.7197 106.3771 106.3497 107.0843 110.9772 107.9797 111.5511 113.2132 112.7433 113.5324 108.1444 110.7759 109.7040 110.6037 111.9844 113.4604 114.8639 115.2322 114.7635 115.1309 116.8261 116.4894 116.6126 118.7500
110.9700 113.7969 112.3815 112.4726 110.2267 111.5455 112.5120 111.0710 107.5198 106.8276 106.8731 106.5749 106.4714 110.2349 106.4739 105.5272 109.2295 107.2211 106.2959 106.9135 109.8578 105.7060 111.1096 112.3091 108.2533 109.0975 108.0608 111.3259 108.0447 110.1009 110.4238 113.4437 115.5331 113.5935 114.9480 108.2224 115.3221 115.8976 115.6740 117.2800
111.5200 113.2119 113.1828 110.9568 109.2877 110.0094 105.8345 106.8659 107.1334 107.8579 106.0939 107.0183 105.8438 106.1423 105.9591 106.6319 107.6615 108.1141 107.1137 106.3248 107.3687 107.4985 107.8021 106.8045 110.7151 106.9645 108.1603 107.9270 108.0653 109.1990 110.2974 112.9031 114.4200 115.8996 109.4744 109.2386 108.7186 114.0109 116.4135 116.3200
113.9000 111.9633 105.5518 107.3601 108.0112 109.8474 108.0489 108.5996 106.1663 107.1522 105.6497 106.9753 106.4525 110.6364 105.4348 106.4075 108.4234 107.3547 106.9308 106.3945 105.6465 106.9669 106.4054 105.6180 109.9609 107.5413 107.1887 107.9289 110.3443 109.7921 113.4920 109.9487 114.4800 113.5611 110.8165 109.2380 109.4613 115.7615 117.2934 117.9500
115.3400 113.5573 106.1611 106.6914 105.8979 110.5796 111.8231 108.2042 105.2358 106.8923 107.0966 106.4503 105.6001 105.0682 105.4674 104.5539 106.1467 105.4423 106.0519 106.7198 106.1001 105.9161 105.7638 106.2816 106.6554 107.6171 106.3064 107.8241 108.3354 112.6229 112.1378 110.0505 114.4159 112.1183 114.5329 115.6472 113.8570 110.9007 117.9973 116.5500
110.8100 110.6695 109.1291 111.5930 105.0656 109.1525 106.1462 105.8156 105.8675 106.5487 105.1193 106.0109 105.1715 105.0508 104.7111 104.7103 105.5386 106.1972 105.5731 104.9390 105.6176 105.1924 105.9180 105.8706 105.5906 106.9866 107.6545 107.5222 110.1873 110.5495 106.9793 107.1458 113.5041 111.8966 110.1953 113.1226 109.9824 113.7916 116.2159 115.5200
108.7300 108.1127 107.1233 109.3142 106.9804 108.8200 106.1439 106.9092 106.2439 106.0276 105.2514 105.5622 104.5953 105.3928 104.3559 103.6553 105.4679 105.2290 106.2990 105.2283 105.5747 104.8136 105.9100 105.1829 106.5293 106.3939 106.8335 107.4269 107.3943 107.0639 107.8309 108.0691 111.9677 109.1534 110.4551 110.8855 111.5452 112.3529 113.9268 115.5200
107.8800 108.0479 105.6178 105.4715 107.4743 106.3276 108.1778 105.8446 105.9550 105.5742 104.9813 104.1089 104.3482 103.8472 103.8448 103.6051 103.8855 103.5986 104.4064 103.6765 105.0977 105.3974 104.6499 105.3569 105.6317 105.7689 105.8106 106.3314 106.8613 107.0600 106.6413 107.5467 105.4633 111.0384 111.1416 110.8571 108.6895 111.5087 111.8766 116.1100
106.4000 107.1857 106.1610 104.8898 108.2554 106.0966 108.4886 104.6752 104.9291 105.3084 103.2936 103.2471 102.4310 101.9639 101.9849 102.1327 102.1764 102.5003 102.7707 102.8407 103.1481 103.5478 104.1744 105.6107 105.3686 104.8860 106.8137 106.4706 107.1712 107.3418 107.1763 106.6293 106.0120 110.6771 109.3634 110.6887 108.4248 112.7251 112.9811 111.8300
106.0000 107.3469 105.0967 105.9836 105.4612 104.3203 108.9317 109.0948 102.9555 102.7763 102.2268 101.8245 101.5552 100.9997 101.4942 101.3122 101.3408 101.6152 101.9888 102.2447 102.6559 103.4993 103.4106 105.0185 106.0054 105.5933 105.5492 106.3166 107.2444 106.8600 106.6558 108.4065 108.8877 108.0985 107.4845 107.4606 113.5002 109.7248 110.2763 109.5300
105.9000 105.6898 106.4580 106.3177 105.5269 105.2554 104.3682 104.1660 102.3596 102.1416 101.6614 100.9325 100.3745 100.0050 100.4599 100.7362 100.7712 100.6376 101.0755 101.3898 101.9512 102.3962 102.8591 103.1094 105.5874 106.0658 106.0705 106.4270 106.7664 106.9953 106.8849 107.7943 107.7357 107.7160 109.7942 107.5554 109.9232 109.0001 111.1594 114.0600
105.3500 106.4605 106.7113 105.8995 106.0638 104.6605 102.4236 102.3553 101.7813 101.3264 100.7185 100.2869 99.9623 98.8391 99.4345 99.7654 99.3782 99.7831 100.3224 100.5671 101.1708 101.5135 102.2735 102.6120 103.6822 105.6910 105.8851 106.5821 105.9554 105.8663 107.1806 106.2507 111.0130 112.0102 108.1004 107.4564 108.5190 109.0584 111.0309 109.1800
105.1900 104.6570 106.2955 105.7485 103.7826 102.9777 102.1881 101.8941 101.2429 100.4790 99.9639 99.4801 98.7123 97.9533 98.0926 98.1973 97.9547 98.6352 99.1451 99.3247 100.1218 100.8376 101.8076 102.5234 102.8843 103.7542 105.0613 105.2038 105.3892 106.2297 110.6732 106.7199 108.0679 107.4114 106.8408 107.1695 110.6923 110.6051 108.9372 110.1600
104.9800 104.6183 105.9646 105.7558 103.8271 102.4789 102.0183 101.0739 100.6485 99.6484 98.8051 98.1883 96.6611 96.1449 95.9627 96.3748 97.1836 96.9470 98.0350 98.4296 99.1923 100.0240 101.1970 102.0528 102.5329 102.9963 104.3816 105.6608 104.8217 104.9543 105.6394 106.4881 106.4415 106.9869 106.9944 108.5048 113.6889 111.0254 106.6148 107.9100
106.8800 104.9866 104.4360 104.7760 102.5957 102.2512 101.4067 100.7346 99.9048 98.3902 97.2670 96.8715 95.2681 93.7486 93.3759 93.9034 94.7624 96.3216 96.8316 97.6728 98.3485 99.3857 100.4156 101.3051 102.0336 102.7649 104.1098 105.5975 105.4339 106.0832 105.9764 105.7087 107.1402 106.8727 107.3823 109.3759 113.7954 112.5997 111.4635 107.0500
106.1200 105.2524 105.0704 104.5167 102.5430 101.5306 100.9596 100.0101 98.4242 96.5355 96.1640 95.4586 93.0721 91.6004 90.1328 89.9220 91.5942 93.4875 95.2600 97.0749 97.4116 98.8243 99.8887 100.8512 101.7565 102.3426 103.6293 103.4125 104.9113 105.2486 105.7310 105.3781 106.5769 106.4447 109.1942 107.7261 111.2844 110.1336 109.9286 106.5700
106.1700 106.8224 105.2408 102.8119 102.3026 100.9439 100.0021 99.5689 97.2917 95.6415 94.3422 93.0752 89.6046 87.3984 85.9011 85.5248 88.1994 92.6906 93.8059 96.1453 96.5020 97.9780 99.2488 100.7090 101.6624 102.2282 102.7826 104.4867 105.0020 106.2277 105.8229 105.8825 106.3368 107.3770 108.1963 108.0549 107.6312 108.1503 108.8914 111.9000
105.9200 107.7817 105.0698 103.1313 102.3051 101.1478 100.1132 99.2223 97.3267 95.7792 93.3730 93.5887 87.0306 82.9891 83.3457 80.4290 84.4142 90.0198 92.0661 94.1133 95.9336 97.8055 99.3674 100.2541 101.3502 102.0146 102.5411 105.4932 105.4887 106.4448 105.1365 107.0527 106.4984 107.0645 107.5058 108.0657 107.7273 108.7072 108.8329 109.2200
106.4800 105.2174 104.0403 103.1464 102.1954 100.9647 99.7111 98.6753 97.3048 95.3784 92.6933 89.3293 84.5801 76.9616 70.4100 69.9288 78.2649 87.0554 88.8574 92.7318 95.5658 97.1393 99.2923 99.8465 100.7960 101.7229 102.5869 103.7241 105.3744 106.5354 105.9944 106.6475 105.6370 107.3890 106.7653 108.0495 108.2721 110.2273 111.0887 107.8700
105.8500 104.7235 104.8518 102.4538 102.3096 100.8253 99.6350 98.0630 97.6457 94.9478 92.9383 88.9669 84.1513 74.6364 67.5233 67.1687 72.4817 80.9576 87.1758 92.7519 95.1537 96.9405 98.4637 99.9495 100.6545 101.6987 102.7122 103.2946 105.2500 104.6076 106.0478 105.8067 106.0514 107.2438 105.9995 107.8988 107.4456 110.0643 108.2027 108.4500
104.5000 104.5617 105.2856 102.7004 102.5961 100.9376 99.9097 97.9701 97.8422 94.9093 93.1958 89.3143 84.7695 76.1553 69.7000 69.2699 73.3923 81.0298 87.5376 92.8762 95.2625 96.9380 98.4252 100.1550 100.8137 101.8108 102.7469 103.2300 105.0083 106.5938 106.1053 105.8068 106.8646 106.4248 108.5184 107.5835 107.2138 106.9910 107.9470 108.4500
103.1400 104.2227 104.8040 103.3055 98.0330 101.3338 100.3746 98.9435 97.8098 96.3257 94.3323 90.3890 86.4568 82.0484 76.5795 75.2195 83.1887 89.0983 89.7486 93.1780 95.3854 97.2309 98.6942 100.0259 100.7598 101.8648 102.7803 103.4477 106.1574 104.3577 105.8148 106.7660 107.0997 107.0428 107.5132 108.0063 108.2091 107.4988 107.2272 108.5900
103.2400 105.7765 103.5381 103.3930 102.7241 101.3892 100.3532 98.6509 97.8785 97.0122 95.2407 92.4940 88.2928 87.0890 88.5214 88.3562 86.2135 87.9242 91.6796 95.1550 96.1262 97.9058 99.3160 100.4350 101.4513 101.9125 102.8983 105.2480 105.2347 104.9737 106.0770 106.8558 106.9024 107.8020 107.6751 108.0345 107.8153 106.4834 108.3956 108.7300
105.3000 104.7446 103.9410 103.3264 102.6962 101.5755 100.6234 99.9743 97.9408 96.4516 95.7324 94.1113 91.6906 90.0984 91.9647 92.4399 88.8350 91.6584 93.5492 94.9772 97.1012 98.6389 100.1362 100.8611 101.8403 102.4505 102.9284 104.3438 105.8827 105.6535 105.5416 106.0275 107.4787 107.9784 107.4240 108.7861 107.5135 106.9416 108.4615 113.0700
104.9200 105.6916 104.3618 103.5613 102.8745 102.2669 101.6358 101.5126 93.6621 99.0891 97.2117 95.3141 94.6085 94.5312 93.9735 93.0749 92.5692 94.7624 95.9106 97.3594 98.5963 99.7108 100.4982 101.2196 101.9528 102.6225 103.4345 105.8092 104.9657 106.0660 106.8079 107.3678 106.4602 107.6519 107.1227 110.0181 107.6381 107.5500 108.1357 109.0000
104.9200 106.0611 105.6208 103.7398 103.2222 102.6286 102.0912 101.4938 100.8740 99.7339 98.5038 97.4886 96.6760 96.9876 95.3443 95.2875 95.4822 96.2321 97.9704 98.4454 99.4606 100.1683 101.0148 101.7611 102.1625 102.8207 103.5096 104.7903 105.0272 106.4379 106.7190 106.3473 105.8591 109.8058 109.4611 110.5529 108.3121 107.5239 107.1793 109.0000
106.4800 105.5572 105.5568 104.1141 103.5161 103.0248 102.5524 101.8763 101.1551 100.4039 99.9057 99.0693 98.3528 97.9183 98.0100 98.1825 97.5824 98.2388 99.2095 99.6354 100.2963 100.9924 101.6012 102.2423 102.7167 103.8305 104.0326 104.2702 104.8193 106.2048 106.4027 108.6607 106.1096 106.9194 111.9382 115.2947 111.6173 112.6331 106.6504 106.7700
107.3500 106.2444 105.4124 105.7282 103.2574 103.5938 102.8618 102.4032 101.8222 101.1572 100.5571 99.5932 99.4303 98.7393 99.6375 99.3932 99.3677 99.8373 100.1193 100.2800 101.0477 101.6404 102.0524 102.5337 103.1383 104.4974 104.3006 104.9371 104.7951 106.2484 106.7514 109.1360 106.0859 112.1486 107.9080 111.5961 111.8241 114.3106 112.9386 110.7800
105.5400 105.7766 105.2512 106.3156 105.0755 103.3366 103.4402 102.9031 102.2840 101.8316 101.3700 100.8727 100.5362 100.0950 100.3088 100.2716 100.2515 100.7220 100.9758 101.2875 101.8451 102.2338 102.6514 102.8510 104.6369 105.7268 105.1642 104.9822 105.6242 105.8023 109.4407 107.1668 107.6990 110.5168 110.2853 109.5272 112.9419 110.8743 111.0409 116.1900
104.4700 106.6311 106.0537 106.2266 105.8008 100.7520 104.0684 103.1622 102.9789 102.5056 102.1133 101.5068 101.5150 101.4226 101.3765 101.3186 101.0611 101.5772 101.8219 102.2218 102.4345 102.9031 103.0840 104.3921 106.2608 105.0314 105.3794 105.6147 107.1282 106.8765 107.0117 107.9177 107.2137 108.0257 111.2386 110.0523 112.3555 111.8196 111.1153 108.8100
105.2800 107.3911 105.6467 105.6896 106.9194 105.3557 106.1910 104.4305 103.4997 103.1575 102.8239 102.5173 102.3204 102.2965 102.2203 102.2235 102.2343 102.3407 102.5488 102.8092 103.1152 103.3470 103.8947 105.8460 104.8243 104.9689 105.6010 105.1854 107.1513 106.8645 108.9125 107.3207 108.2283 105.9879 111.8477 111.7089 115.6715 109.5389 112.6228 107.5100
108.0500 107.9900 107.5400 107.5400 106.3100 106.7400 106.7400 104.7300 103.7900 103.5600 102.9800 103.1800 102.7400 102.6700 102.8300 102.8700 102.9300 102.7700 103.2600 103.2100 103.7600 104.4200 104.2900 106.1500 108.6900 106.3300 105.9200 105.6400 105.6400 106.4600 107.0900 106.9800 106.1000 111.7600 108.9000 114.0900 114.3900 109.1200 107.4400 107.4400
