107.9700 110.8500 104.7000 104.7000 103.2100 109.8000 108.7800 107.8900 104.0400 101.5000 100.8000 99.3000 98.3800 97.3000 94.0000 91.9100 89.1100 86.8400 83.3700 82.1600 86.3100 89.3900 91.9600 94.0400 97.0700 98.2000 99.3300 100.8200 101.1700 110.4400 110.9300 107.7000 108.1100 105.8000 103.3000 103.3100 105.9000 107.1800 110.2600 112.2700
112.4300 107.0654 106.6104 104.3988 110.3960 107.4470 107.1270 107.9143 108.0930 100.6088 100.7552 99.2905 98.1561 95.9802 93.4499 90.2078 85.9488 82.9299 77.6943 76.6178 81.3354 85.8239 89.9747 93.2986 95.7882 97.6413 99.2931 100.2846 101.0220 105.7785 112.2126 109.7039 109.3155 105.0685 103.1044 102.7838 104.9258 104.8397 108.1827 110.2800
107.8300 108.9870 108.5888 107.8829 109.0337 107.8613 111.7996 107.2986 108.6431 101.2722 100.3580 99.1153 97.6181 95.7349 92.5405 88.6599 83.7093 77.2517 69.2588 68.9605 75.4634 83.3211 88.3774 92.3440 95.2089 97.2885 98.8628 100.1056 100.4892 100.4900 109.3449 114.7271 109.7935 105.2951 103.2594 102.6649 104.8888 104.8460 109.4200 110.0500
106.9700 107.5600 105.3776 105.9894 105.2097 108.1284 110.3879 107.6893 102.4763 101.2286 100.2644 99.2092 97.4870 95.8231 93.4076 88.1083 82.6656 73.2490 65.5615 65.4051 72.7776 82.4596 87.8157 92.0148 95.0217 97.1700 98.7702 100.0575 100.7095 100.4830 108.7634 114.4252 110.0620 105.3674 103.3062 102.6359 104.7454 105.1323 109.2453 109.9800
110.6600 107.4313 106.7887 107.1033 105.3008 109.5016 106.2588 106.3234 102.9090 101.2626 100.3565 99.2372 97.5148 95.8634 93.2724 88.8935 83.8586 76.4031 69.8858 69.3880 75.9698 83.5384 88.4784 92.4194 95.2519 97.3109 98.8669 100.1582 100.5142 100.5887 109.2201 114.5310 109.8793 105.2734 103.2497 102.6692 104.6217 106.8211 109.1352 109.9800
105.0200 107.4933 108.4323 108.5894 108.5862 104.1423 104.7926 105.0351 107.3085 102.1476 100.5752 99.4122 97.8800 96.2247 93.6170 90.8774 86.1916 82.0677 77.5713 77.4940 81.8533 86.0984 90.1602 93.3981 95.8496 97.6977 99.1164 100.4215 100.1192 101.4158 110.5823 114.3348 108.9502 105.0157 103.1041 102.8173 104.7876 106.8372 109.2412 112.1100
108.3400 106.7762 106.2858 105.0541 106.4212 105.4751 103.4422 105.6513 108.4500 101.9007 100.9391 100.1058 98.8893 97.0970 95.2422 92.9374 89.7973 86.6565 84.7365 84.6875 86.5156 89.3366 92.2552 94.7001 96.6958 98.2617 99.4891 100.6741 99.7517 102.9843 112.7118 113.6528 107.7688 104.6148 102.9017 103.0805 105.0619 107.1750 109.5940 112.2600
106.7900 106.5139 106.4610 105.6250 106.2809 105.0972 107.6205 102.0115 104.6128 97.3348 101.7837 100.5270 99.6172 98.2600 96.8875 95.3961 93.6573 90.8121 89.5710 89.5391 90.6878 92.5797 94.8220 96.3040 97.6964 98.9509 99.9568 100.5229 100.0051 105.7679 114.5223 112.1927 106.6287 104.1167 102.6998 103.4831 105.4550 107.6035 110.0664 112.4600
107.1100 105.7557 106.3503 107.4563 106.6287 104.8239 108.0003 104.1219 106.3666 102.4529 101.7076 100.8749 100.2237 99.5039 98.3992 96.7379 95.3583 93.9605 93.2740 93.2434 93.9183 95.4722 96.4760 97.6914 98.6481 99.6552 100.8502 99.4703 102.0663 109.6547 114.8565 109.9975 105.6010 103.5755 102.6418 104.0093 105.9663 108.1589 110.6977 112.7200
110.7600 109.9047 110.4573 108.4231 105.3229 106.2314 106.7659 104.9410 108.5782 103.7947 102.2922 101.4382 100.7561 100.2025 99.4712 98.2930 96.9162 96.2953 95.8864 95.8301 96.5727 97.1937 97.8522 98.8371 99.7128 100.2648 101.4732 99.8436 106.0217 112.9882 114.1731 107.5842 104.6511 102.9882 102.9224 104.6506 106.6171 108.8642 111.4945 113.0400
110.4700 112.3028 106.9109 110.1000 109.7087 105.7543 105.8034 108.0319 103.4947 103.5826 104.4080 102.8946 101.1733 100.7639 100.2700 99.4808 98.6178 98.0576 98.0269 97.9349 98.3966 98.5394 99.2381 99.8897 100.1932 101.7950 104.0611 104.2318 112.1245 114.0005 110.6295 105.8787 103.8020 102.5045 103.5780 105.3681 107.4025 109.7201 112.4586 113.3400
108.1500 111.5808 110.9493 105.7459 106.1395 104.7667 101.5983 110.1801 101.5992 104.8883 100.2835 104.0280 102.1022 101.5842 100.9675 100.6690 100.0030 99.6579 99.5900 99.3171 99.4124 100.0210 100.1187 100.8925 100.8930 104.8097 105.4680 104.5521 114.2553 111.7630 107.5269 104.6288 103.0058 102.7593 104.4309 106.2368 108.3184 110.7076 113.6420 116.4800
111.4400 113.4108 107.8862 106.2908 107.1618 109.4651 105.1572 107.0107 103.2604 100.4413 104.0779 103.8962 104.1269 101.6967 100.4310 101.1513 100.6278 100.8458 100.5187 100.7959 101.0789 100.4784 101.7901 106.0804 108.2961 104.8753 109.4206 110.9773 104.7231 109.1524 115.7260 107.4302 102.6328 103.6431 105.3465 107.2446 109.4550 112.2725 114.7833 117.1500
111.4900 113.7071 107.8737 105.3550 105.5899 112.2883 105.5737 106.1106 102.0756 102.0601 103.9434 103.5095 104.7845 107.7189 103.8290 103.3192 107.1851 101.7307 93.9307 99.6498 101.5387 103.2267 108.3803 102.9607 105.5768 110.4955 107.4358 109.9258 112.3137 109.7075 109.3810 103.9509 103.7926 105.1637 106.5739 107.6358 110.5253 111.7573 113.1518 115.8100
116.6600 113.6056 108.9798 105.3593 105.7823 110.5755 104.5801 104.5937 105.5438 102.9488 102.0288 100.4910 103.2918 105.7191 102.4777 107.0454 109.8547 104.4369 96.9833 97.2094 103.1855 103.8637 103.5914 107.4913 106.7108 105.8079 108.1701 109.7765 106.3337 112.4723 104.8153 106.6649 105.6657 106.3411 108.4821 107.9251 112.4746 109.3901 110.8255 115.8100
114.4100 112.4998 111.6563 110.2108 107.2131 106.6592 105.1005 104.8395 106.5014 105.5394 104.5967 103.0806 107.0342 108.4357 106.1635 102.8339 105.7456 103.1172 101.4685 103.6295 104.6404 103.8420 104.3391 105.4595 102.9899 104.3743 110.8076 103.8271 105.2911 109.6101 104.9962 110.7103 106.6726 110.5585 109.3439 115.3914 112.4650 114.0673 117.4269 119.7200
110.3000 112.9471 110.9653 111.8803 106.6759 107.7021 108.6959 105.5552 105.0692 106.0127 107.2149 105.8743 107.4558 108.2152 104.9816 104.4273 103.0627 100.8898 102.3586 104.4362 104.7114 107.3784 106.8219 112.3080 104.2153 107.9370 105.6223 110.0257 108.3050 114.4266 108.3371 106.7812 113.3594 115.8466 109.4379 116.8145 115.0819 119.6298 120.3401 120.1500
105.6300 110.3970 115.7498 108.8947 114.0144 108.1310 110.9771 110.1056 106.6162 104.2157 108.7953 106.7472 105.9981 106.8154 109.0217 107.2066 104.9984 101.6797 100.0711 104.5449 105.2874 107.0186 109.9773 110.3354 105.7983 106.8073 105.9580 108.9973 111.1087 109.1706 107.9308 107.7437 114.8022 108.9121 113.6006 116.1478 116.5561 117.9959 119.2090 120.1500
113.4400 108.3336 107.2349 109.6924 109.9762 110.4149 107.6961 107.8382 104.8135 104.8869 107.6148 108.7871 113.4322 106.7767 108.1977 105.8687 106.5908 105.8174 104.0416 105.9944 106.3059 107.3534 108.1497 103.6447 105.0989 107.4428 104.4945 108.4346 107.6894 107.0567 106.4056 110.7607 114.5254 111.1566 116.4346 112.4928 112.0955 108.9587 118.2035 114.6200
105.7700 107.6575 109.1183 112.8426 111.2656 113.4159 106.5665 110.7021 110.2453 105.7180 104.4677 105.9480 108.5192 109.6480 105.8493 107.1114 106.3155 107.1204 105.4568 106.7367 106.5517 108.2105 107.4089 106.6949 105.4342 105.7214 103.0895 110.3620 109.5940 106.9084 106.3759 109.7071 111.0850 110.6317 108.6337 117.6773 109.7443 110.1584 115.6374 115.2700
109.2800 109.3901 106.3420 111.2628 110.5550 108.0434 107.1614 112.2368 113.6410 107.1904 106.8064 105.8039 105.6589 111.6431 104.5452 109.2571 106.5910 108.8102 106.2813 107.0673 107.0460 108.4817 106.8329 106.3700 107.5039 112.1825 105.6527 107.2127 109.4730 110.0862 108.4417 114.8232 111.9952 109.4138 100.5699 100.9561 105.7549 107.3885 114.8038 109.5600
107.6800 109.4713 109.6861 108.7504 108.3704 107.8314 106.5042 111.0558 113.6086 110.2781 108.9582 106.0607 106.7642 107.5129 105.7618 107.6854 107.2514 105.7313 106.9964 106.9074 111.1886 107.7187 105.7265 110.7749 107.0950 116.3024 113.6967 109.2372 110.3600 110.3347 116.3076 114.0532 109.4276 104.8858 103.5459 101.8884 105.8459 104.5046 111.0392 112.0400
110.3900 109.0414 107.5001 108.2016 108.3032 107.9429 106.0010 114.0084 115.3178 110.0981 109.0108 107.7074 105.8563 108.7149 108.5502 108.0917 107.1508 112.5930 107.1352 109.8889 107.2055 108.2504 105.5260 108.8114 106.7741 111.8644 111.8883 114.6367 111.9890 115.4352 113.8899 110.5875 106.9672 102.3890 107.5337 103.9659 104.3266 109.6515 115.6406 113.1600
110.3300 106.5333 103.8240 105.4489 109.1290 109.3581 109.9862 116.0723 117.5414 115.8195 110.5155 107.9860 108.3233 109.3455 109.7340 108.5162 108.1639 107.5689 108.1608 108.2949 107.3591 108.7722 109.0462 110.7004 108.4933 110.3931 114.0761 117.4252 115.7432 113.2662 108.7487 107.5298 112.9581 107.2165 104.2643 103.2627 105.9093 108.6326 111.3607 115.6200
108.2300 107.5755 108.5123 107.4058 107.9824 109.0655 109.6309 111.8535 113.0665 113.1852 112.6292 107.5972 108.7865 107.0710 111.9891 108.7584 108.9922 108.8050 108.9662 107.4310 110.9161 108.6716 111.9187 111.2130 114.8541 113.3605 116.3708 114.0404 108.8928 106.8152 108.6422 105.4484 107.7965 105.3825 108.4447 109.1293 109.5003 111.2758 114.7817 115.5000
106.4200 109.3367 108.2799 107.1371 108.6836 107.3226 108.8835 113.1112 113.8826 110.1495 114.8404 104.7624 112.0692 104.9434 113.2974 109.1265 110.6883 110.5253 110.5824 107.5619 114.9258 107.7204 114.3764 108.2375 112.6254 115.3749 116.1474 107.0474 112.1550 114.3979 114.2219 111.2374 111.4488 109.0943 119.5279 113.2356 110.3269 110.7636 111.5223 115.5000
108.3700 108.4113 106.5751 108.0855 110.1205 108.0218 109.5910 115.3464 115.4309 116.4842 111.5055 102.6821 111.8338 108.0110 112.6593 102.8711 107.4406 107.1141 106.8916 108.5344 110.0492 107.9889 114.8765 103.3883 108.6244 113.8568 113.0956 114.0866 113.4754 111.1431 113.0545 111.4031 112.3641 112.3425 111.6425 114.9726 111.5550 111.5578 112.4954 112.4100
110.0400 109.2203 108.2845 107.3990 112.4890 112.3894 118.4899 115.6280 117.0344 116.5849 112.0167 106.5299 112.2616 110.1120 110.7729 104.2064 105.3187 103.6319 103.2630 107.9585 110.3398 108.3947 109.9875 113.7378 108.2273 107.2875 113.1062 111.0426 111.0601 109.7685 114.5200 112.4642 112.7137 111.7882 111.7235 113.0800 114.7524 109.4142 109.9128 109.5700
110.9700 109.8393 111.9471 108.6293 113.5887 109.2190 108.4965 107.8954 113.1298 116.1376 116.1157 110.6568 108.9263 107.9399 110.0866 104.8953 109.1961 105.6042 104.8211 110.0435 111.7156 106.2860 109.1186 113.0104 109.6802 105.7134 105.4255 114.2694 110.5560 112.6178 114.3978 114.7495 113.6600 114.8224 110.9766 112.1415 110.3239 113.3379 108.6935 109.5700
113.5300 112.3399 107.2872 109.5621 115.1939 115.5500 110.2594 111.0953 113.9072 111.3912 113.2627 111.2296 109.9135 109.8237 109.8198 105.7977 110.5560 105.7205 106.1638 107.3990 113.3452 113.0722 113.6875 111.5902 108.4148 107.7815 112.8574 112.4460 110.6129 112.4769 115.7738 108.3646 111.4205 108.2749 113.1208 113.6985 109.3322 110.3116 109.3524 110.2300
115.3000 116.2571 111.3013 111.1879 114.3342 109.5852 112.6744 110.4366 116.1446 112.1279 114.0130 114.5143 112.1527 113.0149 109.4895 107.4745 109.6437 108.0425 108.5889 108.4566 113.6885 110.0107 113.0328 109.7394 109.4238 109.7423 107.9102 109.5254 111.4016 113.1533 115.6257 106.7967 113.6065 106.1132 112.6175 113.0873 108.9577 110.1333 112.6093 113.8200
113.4200 114.8243 113.3107 113.4309 116.0296 108.4787 109.0764 109.1641 116.3765 112.2216 109.5186 110.3686 108.7214 114.2983 111.9448 111.0533 110.5288 107.4558 108.6369 110.7555 108.2191 108.3320 109.7401 113.4198 110.1817 109.3562 109.1734 112.6349 111.6289 114.6162 113.1153 112.3179 108.5970 110.9105 109.3173 112.5652 109.0355 110.3919 111.4150 117.5000
113.1300 110.7274 111.6359 113.0911 115.1403 111.8033 113.3475 111.1794 112.4184 113.1932 112.0287 115.7411 107.2785 112.7506 114.6662 111.4915 109.6344 109.0538 113.0474 111.4257 109.5528 111.3904 110.8012 112.4605 109.2870 109.1516 109.5591 112.0832 113.0798 112.5104 115.8787 109.8396 108.2595 110.6408 111.2585 111.9565 109.5581 108.6061 110.9080 110.8100
113.4400 113.0386 112.0489 112.2652 111.3559 114.4091 117.3300 114.5637 111.4946 111.5317 114.0496 107.8279 107.3929 114.6004 108.8616 110.2679 107.9097 106.9303 114.9721 111.7443 110.1333 111.6895 110.9339 112.2304 108.7729 109.1401 110.7949 108.4009 112.4738 111.7344 110.1524 111.6240 109.1713 110.2560 111.3453 109.5506 110.6967 112.4975 111.7362 110.7100
113.6700 114.2718 113.9301 113.9525 113.0543 116.1222 118.9424 115.1432 114.6360 118.0407 113.3855 109.5794 108.7404 108.4834 112.7721 109.8479 109.0055 109.3225 114.0820 114.5535 111.9240 114.3961 113.0718 114.7143 110.6097 110.4403 108.2690 107.7452 116.3117 112.8857 111.4288 111.2294 111.6241 110.5316 109.3970 112.9742 110.2876 111.4637 112.0840 111.1300
116.4300 114.4391 117.5832 115.8505 115.8308 116.8004 120.4308 113.0229 113.8923 121.0882 113.5007 108.8816 109.9356 108.9159 116.3441 111.6917 110.1426 109.4100 114.8212 114.2371 116.2742 116.1399 113.3633 109.5684 108.9804 111.1896 109.7359 109.8365 109.1609 118.3927 113.7513 114.0646 110.0908 111.0579 113.0103 108.9235 108.8374 109.3167 111.3539 111.1300
116.4300 116.7279 114.1444 114.5611 114.1222 117.8139 115.9806 112.7413 113.2099 117.4816 112.2874 110.8444 111.7632 111.2332 113.7451 109.9251 111.7139 110.2681 114.3294 116.2391 115.1627 117.1164 112.5307 111.1295 109.6725 111.8011 110.2949 110.3361 110.1051 119.0230 111.0839 115.2460 110.0478 110.4493 116.3072 113.5014 115.8951 111.8517 110.9653 114.0400
116.2200 117.2258 115.7420 115.6540 114.5596 119.6037 114.6755 115.9771 120.1689 111.4658 112.9218 110.8109 112.8086 115.0995 114.1786 111.6424 111.5921 111.8825 114.5340 119.7023 118.6115 114.4322 113.6326 111.4962 109.7652 111.4921 112.0967 111.2140 111.5590 116.6044 112.5402 112.4838 113.2425 114.9535 113.3243 114.5676 115.6705 113.9933 113.5072 114.6500
117.2500 117.6359 116.9631 115.5373 115.6095 116.2236 115.1935 119.0129 118.4917 110.8552 117.1419 113.4253 112.3992 114.4066 116.2868 114.9410 113.9916 113.3517 114.0814 116.6770 118.7804 116.7405 117.5661 113.6925 110.9341 112.1820 112.8088 113.0151 111.9078 112.9981 113.6872 113.3021 113.9232 113.3661 111.9257 114.9328 115.9406 116.5894 110.9649 111.1000
119.0200 117.0900 118.7500 116.6400 116.3300 114.7800 114.7800 116.4700 117.1700 114.6800 117.0000 112.1200 112.1400 113.0800 114.4400 116.3900 116.3500 111.8600 113.4800 116.3900 117.9000 117.9900 117.9000 115.0100 111.1000 112.1500 113.4700 112.3000 112.8500 113.0900 112.3800 113.8400 113.4500 114.8900 116.0500 115.0700 115.0700 118.0600 113.1800 109.8900
