106.0200 106.4700 106.5200 108.7900 104.5300 106.2000 106.2200 106.5000 106.2600 106.0000 105.8900 104.4200 105.0300 105.0700 105.8500 104.6500 105.1200 106.5100 107.7100 106.5700 106.8000 106.9500 105.7500 105.5600 106.2100 106.9500 106.4200 107.0600 110.1900 111.1400 112.3300 113.2800 115.8300 116.5800 117.9500 119.1900 120.0200 121.2500 119.0500 119.0500
107.0100 106.1481 106.4542 105.9239 104.8813 105.9846 105.6707 106.1149 105.8407 105.6572 105.5076 104.1294 105.2999 104.3783 104.9972 105.9339 105.6338 104.8411 104.6631 106.5965 108.2130 107.3398 106.6621 106.0535 105.7088 106.0793 105.9188 107.8799 109.0150 110.1259 111.4939 112.8767 114.1615 115.9612 117.4217 119.2832 119.4071 119.7842 120.9775 119.2800
105.9900 106.0512 105.4392 105.4242 105.6809 103.4133 105.3415 104.3352 105.4698 104.8968 104.6802 104.1879 105.1427 104.1632 104.9251 105.1247 105.3130 105.0083 106.0763 105.9498 106.7738 108.2943 107.5611 106.7944 106.0709 106.5104 107.3086 110.5376 108.0260 109.5734 110.5589 111.9098 113.2655 114.9972 116.8460 118.4732 120.5181 120.1871 120.2864 119.4400
105.5500 105.4999 104.5782 104.7084 105.4291 104.6575 104.3016 104.4603 105.2785 102.9289 104.3224 105.0019 104.1035 104.0245 103.4369 104.1693 104.2894 104.4017 106.4304 107.8270 106.1052 107.3723 108.4541 107.3727 106.5273 106.4972 109.0949 110.4722 110.2840 109.9280 109.7253 111.0858 112.5709 114.3321 116.1709 117.6972 119.5729 119.0577 119.5951 119.4000
105.5700 105.1888 104.5976 105.0680 103.7035 104.4853 103.2471 103.2772 102.7487 102.1633 101.9721 103.1187 102.3306 102.7890 102.5066 103.3694 103.0321 104.0233 104.7701 108.8258 106.2940 110.8870 108.4731 106.1252 105.9768 105.2277 108.3027 106.4048 113.6337 107.7434 108.6077 110.1408 111.7696 113.6104 115.4326 116.0021 117.0770 115.4490 117.7872 117.5700
105.5100 105.3277 103.8655 102.3778 104.2578 102.9039 102.1752 102.1717 101.9343 101.7817 101.3222 101.5172 101.6823 101.6639 101.7759 104.4851 104.2738 103.7498 103.4562 104.8009 107.2002 108.3507 106.3944 106.6220 105.0993 105.6029 106.0465 105.0912 109.8922 108.3998 109.6370 109.8429 111.1649 111.3676 113.7205 114.4081 114.5705 115.2359 116.1725 115.7200
104.9400 103.5550 104.1803 102.7095 102.8604 101.4699 101.2550 100.9780 100.8985 100.8343 100.8382 100.5788 101.0270 101.2977 101.2519 101.8657 104.0988 102.9940 103.7444 106.5317 109.7561 106.0521 106.5637 106.2904 105.2034 106.7216 105.7946 105.7493 107.3322 108.0436 109.3502 108.6113 109.3693 108.9402 111.1455 110.8327 114.4402 115.6619 116.1598 117.5600
104.9400 103.6588 103.3869 101.8012 101.2147 100.6471 100.3825 99.8081 99.8393 99.1684 99.1186 99.5370 99.5029 99.9863 100.8305 101.0049 101.4718 101.9840 104.2542 104.6520 104.2611 105.5007 106.0072 106.7310 107.3467 106.9064 104.6698 105.7730 107.0540 106.9960 107.1322 107.7781 108.3587 109.4862 110.7140 112.0067 114.5092 115.6016 115.6587 115.6800
102.7700 102.8977 101.8000 101.3835 101.1165 99.7208 99.4117 99.0176 98.4576 98.2160 97.6421 98.2972 98.0879 98.4229 99.7592 100.4058 100.7226 100.8269 102.1708 103.9612 103.6919 103.9725 107.9379 110.6295 105.1804 106.3934 105.4731 106.8448 107.4810 106.5282 107.4824 107.7112 108.4684 108.6692 114.5924 110.5271 113.7966 114.4913 115.5956 115.4400
102.2000 101.9760 101.2640 100.6333 99.6879 98.2684 98.4640 97.7430 96.6876 96.5323 95.8913 96.8544 96.5487 96.8756 98.1208 98.8366 99.5336 100.4152 101.1969 102.1445 103.5606 104.3420 104.8827 106.1592 106.1765 106.7216 106.6130 107.3844 107.8198 107.4693 106.8482 107.5617 108.1415 108.6579 109.5943 108.9177 112.6069 111.6641 114.2105 113.5100
101.9700 101.4624 100.6168 99.9208 98.9436 97.8707 97.4339 95.8555 95.1784 95.2218 94.8447 94.5879 95.0112 95.9033 97.2148 98.2009 98.8176 99.8357 100.8870 101.4785 102.5368 104.0233 105.4970 104.7121 106.2742 106.6522 106.5580 106.2272 107.7984 107.6539 106.7118 107.4028 107.9053 110.4810 109.4191 110.1764 113.2205 111.1657 114.2541 113.8900
101.7300 101.1366 100.5756 99.5093 98.0666 96.0764 94.9282 93.5430 92.7435 91.8405 89.9889 90.6564 92.3384 94.7265 95.3532 96.7168 98.2113 99.0427 100.3650 101.2983 102.2724 103.0665 103.9180 105.0763 105.5519 105.8241 106.2817 105.9067 107.0301 107.4883 107.1503 107.5952 108.2641 108.4136 113.0224 111.6860 115.3694 114.7633 115.5195 115.0900
100.9700 100.6120 99.9608 98.7615 97.1499 95.2847 93.2589 91.0814 89.4792 88.0672 90.9630 90.9899 89.2402 91.7631 93.3437 94.8523 97.6016 98.5365 100.3422 101.7607 102.0214 103.8684 103.6082 105.5459 105.5661 105.1774 105.7799 106.4539 107.7196 107.7996 107.7645 107.9640 108.5454 108.8743 109.1305 113.6869 115.0497 112.6982 116.1956 115.5000
100.9800 100.5040 99.6636 98.2125 97.4110 94.2944 91.0605 89.3408 85.0764 85.6665 86.0759 85.0687 87.4426 89.6600 92.4572 93.5150 96.9859 98.7097 99.9761 101.2605 101.7753 103.2550 104.3079 104.0905 105.5878 105.0869 106.1587 106.3044 107.4932 107.8418 108.2875 108.0766 108.6029 109.1390 112.5822 112.1345 113.3212 115.8138 116.3301 115.9500
101.1300 100.3879 99.0920 97.7284 96.1438 93.3365 90.3018 86.6914 80.4987 74.4716 73.9599 77.5049 83.5379 87.2115 90.4773 92.4817 97.4360 98.7955 99.8347 100.4815 101.2942 102.1428 103.8587 104.0122 105.5661 106.7276 105.9405 106.9157 107.1948 107.1610 107.7062 108.1838 108.5124 108.2658 111.3222 109.7938 114.6661 112.4427 113.1939 115.2500
101.0800 100.4297 98.9885 97.5361 96.0519 92.1201 89.3964 83.5429 77.7056 67.4936 66.0930 70.5995 79.9589 85.3716 89.5167 92.4525 96.4459 98.5156 99.8353 100.4554 101.4421 102.1098 103.9101 104.1138 104.8580 106.6379 105.6907 106.3617 107.0863 106.3359 107.4619 108.4232 108.4917 109.6463 109.7005 111.5674 112.2722 107.8368 108.9251 110.0300
100.9500 100.6836 99.0021 97.4852 96.3065 91.8684 88.5806 82.9888 78.1567 66.0951 61.5453 67.4231 79.5619 84.7389 89.5314 92.7236 95.7361 98.3866 99.9167 100.7523 101.4529 102.2126 102.9618 103.5995 104.5079 106.5836 106.1390 105.8884 107.2747 107.2783 107.7023 108.1733 110.7906 110.7037 112.1000 111.3321 113.0501 108.9096 109.0475 110.0400
100.8700 100.4529 99.1220 97.8621 96.2550 93.1386 89.0736 84.7725 79.3744 73.0194 67.9144 73.6057 81.4762 86.0644 90.3023 93.8857 96.6904 98.4481 99.9832 100.8291 101.4325 102.2524 103.0264 104.8215 105.8442 106.5886 106.4566 106.3865 107.7516 107.0821 107.9590 108.5253 108.3174 108.9193 109.3471 109.4857 108.8427 114.6077 114.0639 114.1000
101.1900 100.5362 99.5551 98.0880 96.6953 93.9151 91.1410 87.0588 84.3870 80.3364 79.0048 81.3201 85.0851 88.4943 91.1512 95.0191 96.3988 98.2013 99.9825 100.9360 101.5975 102.1986 105.0670 105.3710 106.0653 106.5046 105.9765 106.7792 107.5613 107.0389 108.2220 108.4570 107.9204 107.8853 109.0890 109.3443 109.6418 109.9055 111.4212 112.2700
101.4000 100.8996 99.8878 98.8533 97.3464 95.1707 93.5754 91.6002 88.6832 86.4391 86.6026 86.6569 88.4107 90.2487 92.8291 96.0893 97.8587 99.1137 100.2433 101.0594 102.1233 102.6929 105.1597 105.7453 105.4770 106.8037 105.9503 106.4200 106.5373 108.0549 107.5658 109.6119 109.7937 108.8020 107.7526 109.6223 109.5555 109.6354 113.0497 110.0600
101.9800 101.3059 100.5400 99.3348 98.2918 96.1852 93.8922 93.8924 91.8977 91.1761 90.5116 91.1648 92.1020 94.7242 95.1406 96.4415 98.9493 99.7665 101.0095 101.3723 102.3580 103.0117 105.6633 104.9514 108.5510 105.2687 104.8484 109.8099 107.1974 108.9209 111.7547 111.7337 107.8227 108.8666 108.2015 109.3305 109.1587 109.8928 109.6277 110.3100
102.1900 101.6657 100.7454 99.8008 98.6278 97.8142 96.0305 95.8106 94.6391 93.6855 93.9328 94.0136 95.1977 96.1353 96.5226 98.8298 99.4262 100.1536 101.3327 101.7830 102.7118 104.4903 105.0533 104.7811 106.9556 107.5107 106.4217 106.8896 113.8550 113.9662 113.7038 113.3586 109.0226 108.4269 109.7692 110.4747 109.4806 110.0001 109.9440 110.0200
102.8500 102.1224 101.4814 100.8233 99.7854 98.7990 97.8735 96.9686 96.7714 96.4456 95.9095 96.4820 97.2496 97.6004 98.7060 99.5206 100.3329 100.9276 101.7697 102.3236 104.0444 104.5573 105.7261 104.9619 106.6888 106.5478 107.2597 106.0238 107.4502 109.7938 110.3049 107.8489 109.8299 106.1198 113.5005 114.3726 110.6633 110.6791 109.7316 111.4200
103.0500 102.6462 102.1081 101.4547 100.1798 100.2067 99.4015 98.8426 98.6619 97.8568 97.6838 97.9391 99.0002 98.8596 99.3794 100.5093 101.4005 102.0064 102.4343 102.7532 104.7764 104.3634 104.4251 106.6504 107.1274 106.6897 105.7465 106.6440 110.0299 106.3496 111.1980 109.3082 112.9966 109.8343 107.8527 111.7708 115.4593 115.5883 111.6421 114.7100
103.6200 103.8311 102.3696 101.8848 100.8934 100.7249 100.6202 99.9048 99.7070 98.5300 98.9794 99.5827 100.1318 100.2541 100.5441 101.3180 101.9339 102.5250 102.8823 103.2459 104.2587 105.3859 104.7599 106.0054 106.3058 106.4249 106.7417 107.6049 106.5297 107.5004 111.6031 114.5410 114.9352 115.4348 110.2692 109.2185 113.7645 116.6188 114.1975 109.0500
105.2700 104.8169 103.6047 102.6485 102.2330 100.9469 100.8200 101.0473 100.5037 100.0409 99.8144 100.5991 100.9441 101.0664 101.6544 101.9573 102.5140 102.9602 103.4400 104.5359 105.5002 106.3580 105.0791 106.5066 106.4392 107.2053 106.7296 106.8021 108.0185 108.1766 108.1207 110.6975 113.3426 115.3504 109.2063 110.6618 114.7030 117.2850 114.7907 110.5800
105.2700 104.6852 105.9836 103.4295 102.8833 102.3721 101.8521 101.8304 101.2603 101.6520 101.4114 101.7403 102.1245 102.0284 102.1681 102.7016 102.9472 103.3409 104.9214 106.1483 105.3613 106.7498 107.0409 106.9096 106.0990 107.1025 106.3264 107.2470 107.9379 107.5725 108.3297 111.3756 107.3191 112.5343 114.4585 109.5895 113.0533 113.2256 114.8056 109.8500
106.1600 105.6977 106.5292 105.5536 105.3477 103.1952 104.3274 102.6403 102.4703 102.2412 102.3764 102.4771 102.6650 102.4823 103.1826 103.3457 104.9718 104.7311 105.7375 105.5510 105.0192 106.3466 106.2534 107.0386 107.0964 107.4168 106.6130 110.2470 107.4393 108.4949 109.6118 115.0403 111.1299 111.1122 113.7906 113.8337 111.8537 110.0101 113.3811 108.6800
105.4900 105.9583 106.5179 105.5455 105.4058 104.6665 106.0166 102.9700 103.4199 104.8087 102.7729 103.1741 103.3213 105.5175 105.0260 106.0393 105.9562 105.4104 105.5116 105.7571 106.4067 107.0133 107.1164 107.1127 107.9425 108.1362 107.9472 108.7247 113.2371 107.7037 112.8750 114.5527 112.5052 109.6220 113.7004 111.2219 109.2008 109.3209 107.9839 107.9800
107.5100 106.0205 106.6657 105.4906 101.7997 104.9440 105.5249 104.3115 105.9049 104.4715 104.6924 104.8185 104.7357 109.8230 105.3700 105.0602 105.5432 105.2916 106.0408 106.7763 105.7157 107.6111 107.5180 107.1852 107.0155 107.6912 106.9599 107.9043 110.6286 108.1155 108.4643 109.8539 113.4443 114.1538 110.0133 112.7136 110.1202 109.3363 110.1658 109.8700
105.9400 105.9243 107.1002 106.7636 105.7980 104.7331 107.3458 105.1566 104.5378 105.4614 104.6643 104.6884 104.8414 110.8911 108.0143 105.8944 108.3998 106.2840 106.9658 105.8883 106.7298 107.3536 107.3880 108.1700 108.2167 108.0301 108.0365 108.4391 108.9640 107.7540 113.1661 108.6507 109.5378 114.6104 111.6145 113.2790 111.1126 109.0236 108.5480 108.4800
107.8600 106.8830 107.0273 107.3531 107.3625 105.4681 106.0261 108.5537 106.3357 106.2668 104.7698 105.7210 106.3145 107.9848 106.9964 105.0461 105.2312 106.7942 105.3511 111.0879 107.0008 107.9440 107.1446 107.9256 108.6289 108.7580 108.7867 109.0243 108.8914 108.9156 108.7042 109.3897 109.4804 109.1503 111.1616 112.4885 111.1697 110.3186 108.7992 109.1300
107.1700 107.7532 107.8342 107.3612 106.2992 107.1159 105.8836 108.3006 104.6203 106.9607 105.8317 106.5099 106.6663 106.9083 106.8956 107.5107 106.9654 107.9269 107.3459 107.5424 107.0723 108.4581 108.2790 108.7506 108.4719 108.7304 108.9270 108.5279 109.2438 107.7957 112.8113 114.0025 112.3911 111.8144 114.1034 109.3979 109.4966 111.0519 108.4542 110.5000
108.2800 106.5013 107.6931 107.9690 106.9356 108.3705 106.2510 106.7055 107.7300 107.2981 107.6186 105.6936 106.0116 105.2981 106.8270 105.9557 106.7453 112.3051 109.1100 108.7290 108.6314 108.5341 108.4856 108.6899 108.0960 108.7448 109.0143 108.8204 108.5803 108.5799 112.9088 113.6347 116.0264 113.0163 112.0375 107.9831 112.1290 112.9858 109.5656 109.6500
108.3900 107.1559 107.1099 107.9761 107.8758 106.3252 107.6333 107.8044 106.7915 106.7937 107.6462 107.2141 106.8748 108.2949 108.5169 107.4144 107.3699 108.0194 108.2449 109.3535 110.9199 109.3305 109.3318 110.9049 108.7471 109.0059 109.3252 109.4011 109.7030 109.5485 109.9119 111.5335 114.8100 113.1674 107.5684 109.1959 112.1462 110.7536 109.6181 109.6500
108.2100 108.6052 108.4480 108.1506 107.8381 106.5138 107.8269 108.3846 107.7186 107.4710 106.8196 108.3827 110.0805 109.1803 112.5285 105.9652 107.4038 107.0480 106.8319 111.8922 113.9229 111.1390 112.1313 110.8584 108.5438 108.6885 109.4244 109.5770 109.6100 109.7559 110.0311 109.4458 113.2432 113.7427 113.7067 109.5323 111.6134 111.4390 110.4362 110.8800
108.5400 108.9646 108.2710 108.1741 108.4177 107.7491 108.1970 108.2257 108.7153 106.9075 107.7729 108.2403 112.3851 112.5280 111.8751 108.6815 108.5736 107.2561 107.0283 113.4217 112.2922 111.5450 113.2625 112.8399 111.0447 109.1155 109.6954 109.5717 113.9329 112.8345 110.0444 109.8971 109.7816 110.2577 112.0382 110.1728 111.8486 109.0750 112.2693 114.3700
109.3000 109.0474 108.8897 107.9880 107.5527 108.0227 108.5770 108.3996 107.8664 107.7490 108.6690 109.0928 113.7215 111.5375 110.3975 114.2566 110.1685 108.7931 109.1080 110.7462 110.9269 111.1492 108.7896 112.6395 111.0877 111.7743 109.3096 112.9645 112.4714 115.2479 109.8694 113.1444 111.7367 115.0179 114.8878 110.2244 110.5721 112.8802 111.4736 112.7500
105.3100 109.3340 109.2601 108.3564 108.3097 108.8000 108.4658 108.4830 108.0987 108.1388 109.0350 109.3344 114.9727 111.9448 111.6796 110.8250 113.0267 109.1229 109.3206 115.6360 112.9626 112.6984 113.1439 113.4911 110.1729 115.5918 112.4704 110.3239 109.3734 113.6316 115.2898 112.8480 115.7980 111.2394 111.9553 114.0118 112.9181 109.3762 110.9647 113.0600
105.3100 108.5400 109.3100 108.0000 108.3600 107.5100 107.7900 109.3100 107.8000 107.9400 109.0100 113.7500 114.7800 113.2400 116.0900 113.9600 113.4700 108.5200 108.7700 115.3600 116.6100 112.7400 116.5800 115.6200 112.4300 114.6800 115.7900 110.1600 114.2500 113.9800 113.9800 112.0200 115.6000 111.0000 113.2000 112.9300 111.9000 109.5200 108.7400 114.4700
