111.0300 107.3700 107.3700 110.1400 118.6500 107.2200 111.0100 111.0200 110.9200 113.5800 106.2200 112.8100 113.2100 113.3600 111.1500 107.8300 109.1300 108.3000 108.3800 116.3200 114.5100 114.5100 117.7600 117.7500 117.0600 117.2700 116.7200 117.6500 112.1000 111.7600 113.9000 113.0200 115.1300 114.6600 113.7900 113.3900 113.0200 112.9000 112.5300 112.5300
112.8000 112.8418 115.1526 110.9918 110.4698 106.1738 110.8056 109.2926 108.9556 109.8236 107.3978 112.5910 112.5951 113.1977 107.7353 107.8449 108.8667 107.6315 110.2193 115.4165 115.3843 116.4302 115.8066 116.1120 116.8311 117.9629 118.6261 114.7191 111.4387 118.1615 114.0593 114.0054 115.7076 114.0832 113.8123 113.6570 114.1390 114.2719 112.6428 112.5900
107.6900 109.1647 111.1650 107.7909 108.7441 108.1534 110.8858 111.1198 106.9455 109.1742 108.7194 108.9592 109.0300 110.9872 107.1853 107.4252 107.7757 107.2388 111.1627 110.2184 113.4565 112.2245 113.6543 114.3264 115.2374 117.3251 116.7047 117.4605 116.2908 117.7550 110.3464 114.8494 114.5791 114.4617 113.8961 113.7949 113.5091 113.8507 113.1184 112.6600
107.4200 107.1876 106.8023 108.8877 110.4779 106.6146 108.5176 108.2660 107.1129 107.8721 106.3029 107.3021 107.0167 109.0188 107.5217 107.2501 107.0721 108.6996 109.6309 109.1087 112.1826 110.5756 114.4542 114.2862 114.8060 116.3777 114.8802 118.4181 116.2178 115.5543 113.3383 111.8688 112.8851 114.2333 114.3498 114.0570 113.7705 113.4034 113.1627 112.9700
106.2500 106.4894 106.9248 107.0427 103.2574 109.3151 106.5414 106.7749 105.4899 105.6305 106.7480 106.6868 108.1920 107.4556 107.3410 107.0758 106.7266 109.6603 111.8645 113.2257 116.6923 109.8270 112.6261 115.1129 114.1238 117.3826 117.1539 115.5469 113.5544 111.6790 110.5025 110.8721 115.5245 114.7126 114.5812 114.1419 114.9639 114.2649 113.3531 113.0600
106.8400 106.5483 106.4357 105.6375 105.9603 112.1766 104.8861 104.9362 105.7474 105.5971 109.9557 107.0479 107.8498 106.8574 107.1404 107.0653 108.0005 107.6801 108.1213 115.4721 112.3351 115.2144 113.4910 110.5248 115.6309 116.7922 112.4402 112.8941 108.5716 109.6307 110.7940 113.9018 114.6494 115.0845 115.2476 113.4988 111.1516 114.0312 113.4963 113.1300
106.8700 109.7791 106.8537 105.4466 107.6478 109.2626 104.6787 104.8436 104.9752 104.8275 105.9033 106.4013 106.6515 106.2613 105.9116 106.2078 111.6356 108.6950 107.8967 112.3241 111.5129 109.0848 108.9166 114.2349 113.5199 111.4119 108.8266 108.4851 109.3491 109.5677 111.7669 115.3375 114.3411 116.3858 115.7693 111.4939 116.2428 113.3855 114.5310 108.5800
106.1200 105.9457 105.3558 105.7234 104.3450 104.1668 104.9013 104.8527 104.5045 103.8830 105.7951 105.9376 105.2932 104.8391 106.2276 105.8366 108.9751 112.9492 107.9345 107.0638 112.5848 109.4750 107.8319 109.4121 111.1231 108.6270 107.9516 107.6048 108.7024 109.1157 108.8146 115.1101 116.9833 116.5425 115.3381 111.8853 112.1988 111.3923 110.2064 108.0100
104.6300 105.2483 104.4591 105.7996 104.3786 104.2997 104.2908 104.4035 103.4470 103.4097 104.5393 103.9441 104.3996 104.0778 106.3727 105.7303 104.7862 106.7410 105.8271 107.9276 112.0933 112.1038 108.6331 106.3973 106.8387 107.8614 107.4356 108.6878 109.1847 108.3319 110.7885 114.2097 113.6776 116.9817 113.4964 112.6059 110.0528 110.6295 108.2421 112.0400
105.0800 104.5990 103.3766 103.4208 103.1415 108.0719 102.8736 102.5989 102.5145 103.2255 102.8333 105.1043 103.9850 104.0946 106.9546 105.9602 107.4071 106.0806 106.3771 105.7875 111.2095 107.5365 107.4986 107.6091 107.3657 107.2155 106.7276 113.1842 109.1359 110.7016 107.3845 110.1954 108.9062 114.0716 113.0246 109.3587 108.8560 114.3104 108.2429 112.0900
104.6500 103.6636 102.5394 102.4934 102.0712 101.8375 101.8139 102.0450 101.8640 102.2220 102.2000 102.7092 104.4670 105.2023 104.9361 103.8978 104.3722 105.6832 106.6741 105.9567 106.7765 106.8115 106.3637 106.9569 106.8413 106.9088 106.6661 109.2301 109.8725 112.5868 107.0927 108.0051 107.7925 111.9925 112.2475 108.9699 115.7146 112.7376 110.9218 109.3600
104.0900 103.0151 102.1684 101.8066 101.4741 101.0135 101.0130 100.9913 101.1050 101.4515 101.6336 101.5417 102.1220 102.2886 102.7606 105.4078 104.4346 105.2156 106.0147 104.8230 106.9671 107.3482 107.5632 107.0262 106.3954 108.1208 108.4194 108.5927 109.1868 109.2271 112.4451 109.4671 108.0051 107.8017 108.7884 110.3419 113.3564 115.8031 111.8693 110.5600
101.8500 101.7453 101.5112 101.0616 100.7942 100.1119 100.0700 99.9980 100.3089 100.7574 99.2873 95.5569 101.6284 101.8748 103.0572 105.4925 104.7310 103.7444 106.1160 102.8522 107.2006 106.5571 107.2597 107.4564 107.0190 107.9175 107.9422 108.6678 113.5461 108.8472 111.7317 110.2023 108.2243 108.2197 108.0703 108.1981 112.6842 114.4025 111.8107 111.9600
101.6900 101.2164 100.7281 100.0864 99.8130 99.3585 98.7480 98.8691 99.3869 99.4759 96.1872 98.5839 101.8277 101.2680 101.7888 103.1008 103.9030 104.5369 105.3430 105.5108 106.2754 106.0093 106.1704 107.5607 107.8524 107.8410 108.2501 111.3230 106.2728 108.0233 108.6351 108.8235 107.8896 107.7440 107.6854 108.9303 112.0923 109.2007 114.9711 112.0000
101.1400 100.5511 99.9640 99.0508 98.5968 97.8861 97.8431 97.8651 97.8349 98.8912 96.2836 99.4228 99.8719 100.5578 100.9732 101.2797 102.6418 103.7011 105.0288 105.5615 104.7223 106.4427 106.4754 107.4858 107.4517 107.8264 108.2352 108.5348 107.4533 108.6370 109.5407 107.5647 107.4040 107.4615 108.5466 107.9785 108.1279 110.1526 109.1438 111.5300
99.9400 99.9576 99.1195 97.8452 97.4583 96.2618 95.7178 95.4470 95.4366 96.8644 96.7655 98.6335 99.0378 99.7256 100.4858 101.0057 102.2228 102.9665 105.3410 105.7806 104.8500 106.4731 106.7363 106.3924 107.4901 107.8185 107.7651 107.6981 109.5808 107.4148 112.8059 110.0282 108.2643 107.5336 108.9688 110.1685 110.4405 109.4745 108.3214 109.1000
99.9400 99.0894 98.0215 96.7134 96.0438 94.2059 92.0247 91.7666 92.7092 94.0934 95.5609 96.2778 97.4813 98.8063 99.9431 100.8807 101.9322 102.3722 105.3230 104.6712 105.0723 104.8782 107.0549 105.7997 107.3539 107.7342 111.6739 112.2933 108.9287 109.0765 110.3653 109.1921 110.5273 109.0532 108.7075 111.6599 111.1832 112.4085 110.4093 113.5000
98.8200 98.2091 97.0675 95.2244 92.9175 90.1802 89.6406 89.1700 88.3579 92.4590 94.1587 95.3023 96.8733 98.2155 99.1318 100.7547 101.3164 102.0428 104.2340 105.1235 104.3376 110.8720 105.2850 105.4032 106.3046 106.6797 110.5094 111.9470 111.2124 111.9255 110.2172 108.6882 108.2536 109.5716 106.4714 112.2585 108.7512 110.6024 109.6345 109.0000
98.7800 97.6178 96.1150 93.9182 91.8544 87.7078 85.1713 84.6221 87.9008 89.1801 91.8136 94.5687 95.5845 97.0589 98.2031 100.3930 101.2125 102.0711 102.5293 105.8699 104.2672 108.7091 105.6798 108.0408 107.8271 112.0583 112.4747 106.2802 111.4105 110.1612 114.8939 109.8333 107.8243 109.9655 113.6394 115.3178 111.7307 112.2956 108.3617 108.3700
98.5100 97.2956 95.6187 92.3940 89.3258 80.7030 74.0894 71.9908 77.9861 85.5568 90.7944 92.9096 95.3255 97.3404 98.8646 99.6550 101.3100 101.9777 102.6094 103.9401 104.5067 105.8335 106.5495 107.4813 109.7770 110.8531 108.4145 106.6537 112.6017 111.5706 114.5023 108.1030 108.2749 113.8810 113.3107 115.4231 111.9602 114.3168 109.5356 110.2400
98.6000 96.6974 94.1750 89.8627 87.8149 80.1511 67.2122 63.9069 70.0996 84.2182 88.2771 92.4055 95.5468 97.3661 98.3817 99.8945 101.1124 101.7463 102.5136 104.8287 105.7518 104.6811 105.5770 106.7109 106.8271 107.5598 107.9190 107.7163 106.9494 111.1075 111.0959 107.6033 107.5894 114.8251 109.6882 110.0438 108.1055 109.1206 110.2790 110.4900
98.5900 96.6660 94.2271 90.0547 87.7563 80.5140 67.2063 64.5658 70.6952 83.6039 88.6072 92.4120 95.4858 97.3452 98.5349 99.8946 101.1048 101.7439 103.3008 105.1004 105.7049 104.8905 105.4841 106.8503 106.5692 107.9615 107.6690 107.8403 108.5769 112.1817 110.4893 108.7334 107.7056 114.8972 109.9420 109.2898 109.1171 109.4433 109.6092 110.4900
98.5000 97.6129 95.5320 92.0199 86.9338 85.2954 75.9777 72.7233 77.9497 86.3143 90.2425 92.4423 95.8582 97.6041 98.6793 100.2011 101.1813 102.2675 103.6395 107.9514 103.1197 106.5775 105.4319 106.2952 105.9196 107.2023 108.2136 110.6517 109.6351 113.6353 112.2971 113.7635 110.3963 112.9322 108.3361 109.4094 111.1989 113.4247 109.5966 110.2800
98.9600 94.7462 97.0995 92.0644 90.1973 87.0094 84.9997 83.8268 87.7540 89.2011 91.3767 93.7888 96.7370 98.2545 99.1865 100.2634 101.4356 101.4361 102.7331 104.4761 104.5676 105.5213 105.8940 105.9884 110.9206 105.7665 109.9469 111.1507 111.3761 105.6221 110.3548 109.7714 111.5417 112.3524 112.3453 111.2152 112.9787 113.2954 112.4360 108.3300
98.9400 92.5638 96.9747 94.3893 92.3370 89.0368 90.3716 89.9581 89.2378 90.4890 92.0463 95.7348 97.7341 98.6841 99.8047 100.6171 101.7672 102.1333 101.9368 101.6739 104.9681 104.9546 106.7753 107.5181 107.0450 107.8065 107.8991 107.6986 111.2048 112.3990 111.7668 112.0540 114.3696 116.1751 114.6373 115.3397 111.7206 114.5510 110.0602 107.8100
99.8400 99.2201 98.4940 97.3418 94.7034 91.2945 91.5076 91.7014 92.8698 92.8719 94.0356 96.2702 94.8830 99.5630 100.2649 101.2039 100.1103 98.7218 103.3718 104.6056 104.7293 105.7898 106.3484 106.4596 107.8132 107.5973 108.2091 108.3815 108.7667 111.5438 113.1995 113.6672 112.3596 115.0786 110.5739 109.8652 113.2452 110.7667 112.0752 111.2200
101.1000 99.6289 98.6618 98.1126 98.1750 95.3900 94.4150 94.3286 95.6311 94.9929 97.3117 97.2389 96.9592 100.2194 100.7635 101.6630 101.7096 100.8116 105.1142 104.8934 105.2584 105.9806 103.8866 106.9376 107.8984 107.3397 106.6410 107.0017 108.6114 108.3618 111.1109 113.2750 107.6202 113.7464 113.0089 108.9288 109.5909 112.3551 113.8661 110.2400
101.2600 101.1831 99.7289 99.0187 97.1290 98.1459 97.6468 97.4613 97.7141 98.2385 98.8253 99.6691 100.4177 100.8145 101.3706 102.0752 102.9819 103.9853 104.7361 105.6727 105.9715 105.7165 105.3866 106.4739 107.6689 107.3026 108.2260 109.3891 107.5761 109.2884 109.0134 110.3243 108.9490 114.6588 113.5390 109.1217 110.5505 109.2710 111.4237 114.9400
101.9000 95.9940 100.4894 101.0075 92.1949 100.5018 98.2961 98.2601 98.3829 99.6712 99.7483 100.4041 100.9900 101.5158 102.2108 102.5968 103.1654 104.6682 105.7256 106.2574 105.6202 106.9030 106.9542 107.2242 106.9781 107.3153 108.1203 108.4930 117.4321 107.2528 109.4101 109.3812 109.6123 110.0851 108.8761 108.0090 108.8726 109.2592 110.4631 114.9100
102.6700 96.0556 103.0030 104.3349 93.8848 100.7526 100.3425 100.2904 100.0853 100.5972 100.8316 101.3219 101.7257 102.2564 102.1105 98.9648 102.6221 104.3405 106.3771 105.6990 105.8832 105.1378 111.5967 106.7512 107.1196 107.2494 108.3348 108.4343 109.8518 105.6690 108.0324 111.7456 110.3111 109.3691 108.7224 109.2048 114.1710 110.1698 111.7094 108.7000
98.5000 96.8992 97.5984 102.0495 96.7122 101.8010 101.1427 101.0370 100.8845 101.3557 101.7345 102.0474 102.3954 102.3523 99.8011 98.6004 105.2401 105.5798 106.1449 106.9752 106.8919 107.2293 107.6416 108.1983 108.5316 108.1964 109.3162 107.7221 108.7161 108.9982 109.2710 109.3375 109.2954 110.6108 109.8778 108.5806 112.8483 112.9992 110.4649 113.3300
98.6200 96.7083 96.0736 97.8550 100.4216 102.1809 101.7840 101.9283 102.6129 102.2796 102.7467 102.5882 102.7111 105.1663 101.6197 100.7208 103.8081 105.2623 105.1210 105.2163 106.8704 107.0850 107.8305 111.4300 113.7325 113.9193 112.7965 109.3177 108.4512 107.8431 108.8923 109.4362 108.8405 109.6038 111.6919 117.7154 108.3564 108.7497 108.4473 109.8900
104.3800 101.3791 99.5722 102.9643 99.3940 103.4700 102.9881 102.3066 97.9712 98.3639 103.4919 103.4831 103.9603 104.8396 100.2746 104.1803 104.7881 105.0778 105.9500 106.5006 105.9080 107.1000 107.8565 109.0024 111.9231 110.0184 110.1953 114.0379 108.2206 109.8196 110.8920 109.8920 110.0853 108.9923 111.1754 110.7235 108.7188 109.9882 108.6783 108.6500
105.2900 103.8192 100.4349 105.5638 103.2136 102.2745 98.8038 99.0585 98.2865 104.3177 103.8457 105.9685 105.8392 105.3496 103.1279 105.4421 106.2750 106.3500 105.4685 107.2508 107.2954 107.6793 108.0849 110.1670 107.9475 108.1906 109.9760 108.6516 109.1317 111.0281 112.5492 109.7383 113.9239 109.2296 109.7873 109.7953 111.4311 109.5047 108.9259 109.1400
103.8700 103.5826 101.4420 101.4851 100.7423 102.5752 101.2229 101.1331 101.0274 105.0409 104.6503 106.1903 106.4709 106.2341 104.5570 104.7609 106.2208 106.2445 106.5709 107.3880 107.5360 107.7628 107.8388 106.9270 108.3026 110.5215 109.1729 109.8020 112.8120 113.1949 113.7245 110.5114 114.7325 113.6621 111.8071 111.4121 111.1338 110.0993 108.2512 109.1400
103.8700 104.2362 105.2783 102.9278 101.3126 101.1561 102.6430 102.8304 101.2207 106.2806 105.5158 106.2040 106.2097 106.7103 106.1783 103.4137 105.6855 106.5981 107.6225 108.2058 107.3099 107.8505 108.5778 108.1029 111.8220 109.6524 108.3393 111.0454 111.5587 114.6660 113.3081 110.3811 111.9958 110.1359 110.8783 113.1259 109.5125 110.9252 109.6379 109.0100
106.4400 105.6609 104.6663 103.2287 102.3730 102.7949 103.5151 103.9313 107.2938 106.2436 106.0226 106.9677 106.6656 106.9800 107.3210 106.6555 107.4931 107.0444 107.0424 108.0885 107.6355 107.8615 108.8462 109.4961 114.1565 110.5833 110.8134 111.0143 112.4186 113.4292 112.3642 112.9293 109.1959 110.3808 109.4024 112.4418 111.3794 111.8951 110.8286 109.0100
105.9300 106.1362 104.9141 104.9863 105.1684 103.6117 104.2744 104.7108 105.6616 107.3753 106.9675 106.8773 109.9784 107.3712 105.7926 107.4182 107.8077 107.3410 107.7457 108.5674 108.8411 107.4389 110.2499 110.1963 115.3786 111.4126 113.0441 112.4603 115.6907 112.3432 112.6475 113.3694 111.7510 112.5751 110.8028 108.6501 109.0911 110.8503 108.9449 110.1300
106.1000 107.4935 106.1365 106.2008 105.7397 105.3277 106.4145 105.9000 105.3955 106.6155 107.1906 106.8137 109.7310 108.1200 107.1304 107.1463 107.3747 107.2631 107.9110 108.7414 109.0003 105.6651 103.8583 107.8609 109.8547 109.1526 114.0670 112.8169 115.6568 114.4744 113.1939 109.2558 110.4468 109.1452 108.3262 108.6999 108.2918 111.3005 109.1160 109.6500
106.6100 107.0700 106.1600 106.4400 106.4400 105.7300 106.5100 106.5200 104.6000 106.2500 108.0400 107.9100 107.8800 108.1000 106.9300 107.9200 107.1500 107.6300 108.3100 109.6900 107.6300 107.6300 109.2700 109.1700 105.3800 109.0200 115.4200 109.5100 110.9900 114.7400 109.2400 109.1300 110.1400 109.3000 108.5800 109.0000 108.4700 111.2100 109.2400 111.9000
