112.0400 112.0400 111.4600 111.2600 108.5400 108.1900 108.7300 108.6700 109.8900 110.4600 108.2500 108.4300 108.3200 111.7900 110.6600 112.3400 112.3400 112.3700 113.9100 110.9300 113.9700 114.1400 109.0100 110.4500 112.0600 110.1800 116.7500 116.7500 113.1800 115.3600 113.0600 111.1600 114.5700 114.3400 114.0500 114.1200 113.8100 113.6000 113.4300 114.5800
110.2800 110.6692 110.5256 110.7126 108.5606 109.1314 109.3422 109.2535 109.9173 110.1058 109.6122 109.4502 108.9809 111.2855 110.0626 111.1014 112.4465 114.7829 114.3211 111.6819 109.3348 111.6685 109.0481 109.2160 110.3680 109.2650 110.4632 116.4891 115.6715 115.5942 113.8187 112.5646 111.2224 110.0228 113.3222 113.2004 112.3778 110.8267 112.6597 113.4700
110.2800 108.6654 109.2882 111.0609 108.6991 109.4359 109.2630 109.2228 109.7864 112.4729 110.6706 109.3633 110.4999 111.2593 114.0252 117.3544 107.5967 110.8234 113.9583 111.3679 111.7139 113.4614 109.9150 109.1979 110.6772 109.5446 108.8577 113.9712 116.1687 116.1997 113.4832 113.1303 111.1544 110.9010 112.3895 111.4820 110.8116 112.8281 113.4386 113.8400
110.4800 109.3825 111.3900 109.6150 108.7551 108.6228 109.6262 108.3830 110.3424 109.9790 110.4709 109.2675 108.6906 109.6597 111.9764 114.3412 109.7470 108.8282 109.3935 108.9077 113.4525 107.8157 108.9972 111.8604 113.6746 112.9293 108.8405 110.4561 112.5650 114.9038 114.0835 108.7501 113.6645 111.4319 110.1233 112.4625 114.6550 113.2138 114.2989 114.2100
111.5500 114.5914 111.1460 108.4388 111.1546 108.8091 110.0066 113.3669 109.8342 107.6350 109.3479 108.7589 109.9453 112.1730 113.5568 113.1072 109.8508 108.9944 111.1688 108.6856 111.8999 110.4961 110.8034 109.9271 111.4045 111.1156 108.1642 109.0935 109.9602 111.5195 114.6639 112.0221 115.3491 116.4028 112.6815 111.4254 111.7073 114.8860 114.6342 114.2500
111.5500 109.7918 112.5302 112.8871 111.0443 111.1213 109.5924 113.2739 113.8220 116.9944 111.1657 109.0502 113.9622 115.3728 113.1632 115.8951 115.1223 108.4979 110.7496 108.7441 109.6086 109.7812 111.7884 109.8293 110.2983 109.3391 108.4799 108.7762 108.5938 108.3651 108.6259 111.3328 114.4007 115.2016 112.8286 111.7263 110.4916 115.4299 114.0196 114.5500
108.5800 109.6397 110.4628 117.8054 113.5617 110.8085 108.6008 109.7927 116.5644 118.0690 116.3110 109.5517 116.1599 116.0906 114.3514 114.8929 113.0275 107.6239 111.8032 109.7066 108.4079 114.7414 112.0226 110.1938 109.2415 107.8392 109.0720 109.6890 108.7377 108.5275 108.5670 110.5575 114.0715 112.9686 112.3286 110.5668 109.5979 111.5231 112.3440 115.2100
112.0500 110.6053 108.6848 114.6081 110.4638 110.1143 112.6269 112.6890 110.8390 112.9701 114.0149 109.6717 114.6085 116.0478 111.0177 114.6531 110.9421 107.9491 109.6610 110.0177 110.1586 110.4594 110.2335 113.4805 109.0012 107.9688 109.4614 107.7356 109.7152 108.7002 107.8470 108.7083 113.4117 112.5263 109.8900 108.3979 109.1690 110.0492 112.4373 115.2100
113.0200 111.1804 111.4269 112.5063 110.2490 111.6391 110.8702 112.4137 112.0616 114.3780 114.6922 113.0636 113.5611 110.1944 112.3839 115.1971 112.9625 110.1756 109.4272 109.8275 108.0493 108.5893 112.7210 113.0787 108.2598 107.4975 111.3934 109.8523 108.3899 107.5894 110.0335 108.3180 110.9322 111.5425 108.7696 110.8315 108.8815 112.0661 112.2164 111.9900
112.3700 112.7071 112.9961 112.6960 111.7312 112.4114 116.9277 115.9689 109.6713 110.5553 112.7511 110.6234 113.2196 113.4653 114.3226 109.6115 114.8168 111.2213 110.6751 108.4984 111.6190 108.6153 112.9846 114.7480 109.1068 107.8835 107.5212 109.4441 107.8067 109.4812 110.3749 108.1111 110.0783 110.5596 111.2816 112.9208 112.4474 109.6134 112.6108 112.0800
113.7500 114.1017 112.6748 114.6828 110.0206 108.2836 113.7936 115.1574 117.3872 114.4502 114.5472 110.8837 109.8061 110.5959 109.5317 113.7857 114.5388 110.5059 111.2479 108.5428 110.1330 110.6287 113.2447 108.6055 107.9827 107.0831 107.3665 110.0892 108.1469 110.1310 108.7541 108.5309 110.2375 109.9562 109.1303 110.2573 111.3641 110.2213 110.9216 112.3700
113.7500 115.0530 109.8662 111.3257 114.8287 110.3519 114.3055 112.8393 115.8442 112.1927 113.2538 114.4153 112.7747 113.3273 113.2611 109.5456 109.7464 108.9800 109.2350 109.8321 109.3033 114.2153 109.7546 109.3371 111.6577 106.8552 109.7105 109.8932 113.7530 111.1120 108.8383 109.6407 110.1429 111.7081 110.5769 108.2152 110.3604 108.8824 112.5490 114.4100
116.0300 115.6934 110.5203 110.4687 107.8845 110.6909 107.5429 112.7960 109.6192 113.0104 108.4922 111.4251 113.6002 109.5904 109.5401 108.4021 111.1417 109.8953 109.3122 112.4584 109.8382 111.1387 108.4289 111.7133 109.3211 112.9981 108.0648 110.9833 108.9060 109.7523 110.0690 108.1978 109.1774 110.7950 112.8781 110.3498 110.2324 109.2179 112.4901 114.4800
113.8200 115.6781 109.8153 109.2475 108.6025 109.3915 109.0730 109.0714 109.9094 108.6841 111.0218 109.7286 108.0493 107.0059 111.3168 107.9377 108.4860 108.9316 113.0187 109.8050 108.1621 109.0114 108.9722 111.5512 111.8813 113.9737 107.7515 107.0860 112.9492 112.6066 110.2319 107.9283 109.9942 109.1580 117.1985 113.7384 109.9139 113.4808 114.2149 113.6500
108.2600 116.1598 113.7596 112.5713 108.6682 110.4628 108.8557 107.9340 107.3637 109.8107 108.2142 111.2613 106.3554 111.6407 112.3732 107.9216 108.6037 107.9756 109.9390 108.7882 108.9033 108.7960 108.8779 108.8632 111.4569 116.4605 113.5330 106.9542 108.1505 109.7970 108.1518 107.7145 109.0749 111.2645 115.8743 110.7247 111.1936 113.2994 111.7142 113.6500
108.2600 110.6770 112.7541 109.7223 107.6116 112.4320 109.8353 108.0238 107.0538 108.8446 109.3531 108.3748 107.1790 110.2145 109.3034 108.6906 108.2743 108.0174 108.6361 108.2115 108.2305 108.4418 108.8535 112.3313 111.2397 112.9194 114.1420 113.5661 109.4605 118.8627 115.4661 107.0826 108.0742 107.5840 112.3112 108.2423 107.3317 111.8220 108.8322 108.1400
108.6300 108.1049 106.7523 107.3216 106.6234 108.1224 109.3033 107.5582 106.6627 107.6849 114.4442 107.9680 107.5563 107.6065 107.3713 107.9117 107.7766 108.3569 108.0182 107.5317 107.7919 107.7947 108.1632 112.3335 113.5628 112.3428 112.9364 113.5231 113.9519 109.1763 110.8968 109.4521 108.2118 106.7291 108.1433 108.8900 109.2844 108.2191 108.1963 108.1400
107.6200 107.7827 107.8652 108.0779 109.7465 107.8440 107.8593 108.3618 107.7745 106.1741 110.5530 106.7894 106.9455 107.5836 107.2522 107.3151 107.7906 107.5283 107.9637 108.2696 107.7098 107.0482 108.6256 111.7135 109.8750 113.3450 110.9427 116.3850 111.6075 112.3314 108.1716 114.2475 109.5088 108.0721 107.3894 107.7479 111.6493 109.9612 109.3486 110.1300
107.8700 107.0990 108.3516 105.8646 108.1665 107.3318 107.2853 107.5789 107.1115 106.3244 107.2829 107.7496 106.8501 107.2606 106.7657 105.9216 106.7921 106.6068 107.1317 106.7948 108.0322 107.6350 108.6551 107.5086 109.8197 108.1880 105.8453 113.5083 107.5414 109.4187 108.8623 113.1618 108.7383 107.8153 109.7597 111.9565 112.3348 109.5706 111.3979 110.7200
107.5000 107.0412 107.6793 107.5098 108.4177 105.3252 106.5128 105.7345 105.8512 106.3969 106.9025 105.7819 106.3637 105.3880 106.1850 105.4788 106.4293 107.1388 106.7561 106.1128 107.5907 106.9716 109.6421 110.1922 112.6100 109.7281 109.1446 112.3239 107.1871 112.1103 108.7745 110.1779 113.4886 109.6315 109.0133 110.8861 114.8477 113.1628 116.2839 118.0300
107.7700 107.7758 106.3353 107.3739 106.2646 105.7186 107.0454 106.7037 106.3476 105.7861 105.6761 104.9661 105.9785 105.4485 106.3356 105.4999 106.0608 106.9561 106.9905 106.6467 106.9098 107.6468 106.4530 106.9821 108.2003 110.1332 106.7222 107.5051 106.5425 112.1911 112.5542 112.2981 109.0889 108.5618 110.8287 113.6393 110.8716 114.4063 112.0494 111.4200
107.4200 107.1174 112.2882 106.9323 107.2903 106.8597 105.3874 106.4261 105.8037 105.8504 104.8605 105.0395 105.4016 106.4602 106.1392 105.8663 106.6735 106.5819 105.9919 106.4116 105.9826 106.1480 106.5977 106.7587 106.2519 106.6216 106.5681 110.1193 110.1894 114.4039 106.2001 107.4633 109.3546 108.8486 114.5572 111.5513 116.5671 113.5372 114.1203 115.7400
108.2000 107.4603 106.1250 107.1961 107.1604 106.0802 106.9983 106.2763 105.4630 105.3151 104.3267 104.3707 105.0613 105.2435 104.6974 105.8604 105.6204 106.0526 104.9062 106.2699 105.2582 105.1113 106.7047 106.5447 105.9680 106.1817 106.2723 106.0852 112.2768 106.3436 106.7260 107.6366 109.3491 110.9699 113.7227 110.3273 112.4887 109.6959 112.2293 112.9800
107.5300 107.2280 106.4003 106.9866 105.4070 106.1507 106.6164 105.0897 104.9206 104.9828 103.8986 105.5730 103.3459 103.9524 103.4832 104.8119 104.5361 104.0859 104.1958 105.0726 104.3317 105.7752 105.8537 106.5349 105.5668 105.8845 105.6304 107.7301 108.1398 107.3120 107.7553 107.5261 111.7253 112.5396 114.5132 113.4958 107.3778 108.7075 110.4878 112.7400
107.6700 106.2851 105.7689 106.1144 105.5736 104.3407 105.1031 104.9721 105.6171 104.2213 103.5820 103.1802 102.6748 102.5440 102.5375 102.4212 103.0019 103.3212 103.4722 103.5913 104.3910 104.8026 105.2990 107.3052 106.8520 109.1960 105.2233 105.7165 105.2840 105.7540 107.5140 109.1336 113.8341 110.2977 111.6104 107.3408 108.9342 107.8754 106.7267 109.2200
105.5600 106.4233 106.6487 105.2497 106.0125 103.3649 104.9433 104.8014 103.7192 102.6400 102.3071 102.3960 102.0917 101.8420 102.0154 102.1796 102.4649 102.6370 102.8510 103.0432 103.3369 104.3914 105.2106 106.8950 107.7545 107.0536 106.0073 106.7487 105.9341 107.1011 107.3598 107.8933 107.8716 109.3913 110.4540 112.0734 110.2352 113.7611 109.5459 109.2200
105.5600 105.3104 105.2843 104.1878 105.5509 104.4865 104.6384 103.8822 102.1821 101.9266 101.6758 101.5216 101.3253 100.9328 101.0162 101.2777 101.6579 101.9192 101.9675 102.5128 102.7132 103.2844 103.6193 104.4780 105.5503 104.8721 105.9434 106.2414 105.6487 107.6605 106.9478 106.7893 107.0280 107.7877 109.2732 110.0501 112.8126 110.0727 108.8018 107.7800
106.6400 105.3858 105.3911 105.5265 103.7815 103.0824 102.6426 101.7351 102.0675 101.0782 100.9809 100.7152 100.4258 100.1531 100.2134 100.1870 100.5130 100.5923 101.2687 101.8524 102.2267 102.5246 103.0703 103.6871 104.6669 104.6205 105.2299 105.7656 106.2802 106.8916 112.1617 107.4659 107.6755 107.1189 107.7579 109.4272 108.8788 107.5488 109.5351 107.4800
106.2800 105.8526 106.3382 106.1078 103.3577 102.6515 102.1878 101.5155 101.1100 100.5786 100.3182 99.6786 99.2510 99.2769 99.4667 99.6659 99.7589 100.0923 100.6155 100.9474 101.4270 101.9370 102.4665 103.0892 104.2931 105.6574 104.7089 105.8076 105.6139 107.5539 105.8669 106.5723 107.9203 107.5453 108.4792 112.8828 111.7045 107.5570 108.5575 108.6000
106.7700 104.6343 104.2543 103.2591 103.0061 102.1256 101.3204 100.2401 99.8231 99.8042 98.8053 98.3242 97.5059 97.5170 97.7664 98.7428 97.7257 98.7313 99.5434 100.0286 100.7008 101.4076 102.1076 102.6574 103.3056 103.8918 106.8259 104.2100 106.5899 107.1641 107.8105 106.6621 106.6526 107.5133 107.7816 114.0252 112.7222 107.8781 109.0947 109.3000
104.7700 105.1994 103.7211 103.3550 102.5999 101.4358 100.6994 99.8608 99.9419 97.9366 96.9620 96.3924 95.4563 95.8499 96.2999 96.5763 96.1770 97.5797 98.0548 99.0084 99.8334 100.9994 101.8445 102.3265 103.1049 103.4930 103.2153 105.3734 104.9360 106.2759 107.4319 106.5084 107.0872 107.2109 107.8676 108.1277 114.5352 113.2495 113.9195 111.4500
104.2300 104.0133 103.5621 102.9008 102.2568 101.5114 101.0128 100.2846 99.5382 97.4482 96.1673 94.2603 93.4026 94.3297 94.0684 93.0341 94.1133 95.8265 97.4067 98.4280 99.3211 100.4381 101.3345 101.9240 102.5664 103.8588 103.7747 105.5282 106.4954 105.6420 106.0810 106.6270 106.8327 107.1926 109.0417 109.4456 113.0906 110.7490 108.9506 112.9000
104.4200 103.9787 103.3217 102.6588 101.9325 101.2129 100.4950 99.4813 98.2341 96.3052 94.1842 92.8791 90.7421 90.0702 89.1285 91.0540 91.4992 93.2963 96.2120 97.5837 98.6323 99.7204 100.8372 101.6687 102.1683 102.8208 103.5519 104.3863 105.9763 106.6892 106.8407 106.2787 107.1852 107.8350 109.4905 110.8563 109.4485 109.1096 111.5017 112.3100
104.2700 103.7822 103.1827 102.5424 101.8079 101.0237 100.1391 99.2183 96.8936 95.4389 91.9659 89.5415 86.5581 83.7571 84.7797 88.2587 89.1320 92.2141 94.6467 96.4837 98.1232 99.2056 100.5018 101.3573 102.1392 102.8628 103.3573 105.5427 105.9479 105.9179 106.9264 106.3099 106.7826 106.6493 111.0292 109.9767 113.9298 111.0520 108.7993 112.6200
105.0300 103.6277 103.0720 102.3869 101.6266 100.7473 99.6613 98.4078 96.3216 93.8571 89.0296 85.2963 81.7153 75.1701 76.7282 82.7086 85.1147 89.7638 93.2531 95.2942 96.9814 98.9523 100.1986 100.8163 101.7147 102.4513 103.4908 105.2809 106.4025 106.9631 107.4762 106.0728 107.0219 107.4024 107.4903 107.3428 111.7904 112.7477 109.7809 114.0100
104.5000 103.6272 102.9862 102.3352 101.5331 100.7061 99.4090 97.7649 95.3428 92.5796 88.2947 83.5474 77.4197 68.6159 67.5125 75.0825 81.6834 87.1284 92.4932 95.0943 97.0790 98.8593 99.8071 100.6495 101.7412 102.5132 103.1384 104.9290 105.8894 106.3060 106.6986 105.5980 106.6622 107.8969 109.9978 108.3194 112.8796 114.5890 112.4397 108.4100
103.8200 103.6028 102.9391 102.2739 101.4811 100.7096 99.4231 97.7326 95.7363 92.1445 87.9023 81.4784 74.4523 67.1520 66.1584 71.2346 80.0428 85.9674 91.9383 95.3693 97.0437 98.7322 99.6945 100.4822 101.7582 102.5551 103.1866 105.2622 105.9550 105.6849 106.5836 105.6912 106.9706 107.3012 111.8207 109.6326 111.7361 113.9600 113.5089 108.4200
104.2300 103.7999 103.0173 102.2318 101.6424 100.5420 99.3001 97.9703 95.8225 92.5015 88.9158 82.7970 79.2768 71.2907 69.2035 75.1181 83.7847 88.1808 91.7863 95.1967 97.5320 98.8314 100.0622 101.0652 101.9150 102.6409 103.3110 104.3938 104.7222 106.3255 105.5346 105.8117 107.5109 107.8952 108.1241 108.1969 112.3760 110.4580 109.0735 109.3400
104.2500 103.3858 102.9483 102.4519 101.6860 100.5965 99.7999 98.3906 96.6324 93.9843 89.8702 85.9532 81.8228 77.3144 77.6079 83.4551 88.4905 91.5472 93.2309 95.8330 97.7320 99.2801 100.3992 101.3201 102.0323 102.6372 103.3149 104.8885 104.8933 105.7881 106.4878 107.2453 105.7638 106.2943 111.1754 109.2227 111.4698 111.1774 109.7630 108.1300
104.2500 103.4300 103.0500 102.0500 102.0500 101.5700 100.3300 98.3900 97.0500 96.0100 94.4100 89.3900 84.7800 80.9600 81.2400 83.3700 89.8500 91.9300 94.0000 96.3000 97.7100 99.1200 100.5400 101.2000 102.0400 102.8200 103.3800 105.3000 106.7600 105.8200 105.6200 105.9900 105.5500 105.5700 114.7700 112.9800 112.7600 108.7200 110.0400 109.5800
