108.3800 108.0800 108.7100 113.4700 114.4300 114.4000 110.4900 107.8400 106.6200 106.3800 106.0200 105.0000 106.1300 106.3400 109.4000 109.4000 110.5800 109.4100 109.6300 111.0600 111.7300 111.1200 111.1000 109.8900 109.3100 110.0900 105.9200 106.2900 106.3600 110.4100 109.0600 107.4400 106.3900 105.5600 105.3100 105.0200 105.7700 107.3700 108.4100 109.4800
108.4800 108.3628 107.8964 108.2498 108.1802 110.4445 108.5593 106.8769 107.7307 106.2816 104.8903 105.0002 107.3229 105.6636 106.8337 106.9067 108.3751 107.6601 106.8865 107.8813 107.2965 109.4556 110.0851 106.9193 107.9612 107.0098 105.4975 105.8031 106.3350 111.4831 110.0011 108.7980 107.0465 106.1395 105.8540 104.9924 105.3240 105.3738 107.5611 108.1800
109.2800 107.6058 108.0688 108.2983 108.1435 107.9495 108.4743 108.1054 107.2110 106.6755 105.9120 107.1005 105.8457 105.7464 104.9520 105.6767 104.3241 105.9899 103.5926 106.6121 108.1167 109.2116 108.7794 104.1970 104.9593 104.5581 104.7881 105.0217 110.3478 111.0724 111.5756 111.0281 106.1143 106.2695 106.5617 105.5684 105.0169 105.4360 106.6968 107.8100
109.0300 108.8169 108.1918 108.2572 107.2176 108.1131 107.4867 107.0063 106.9676 106.5801 106.3958 104.6253 105.5382 105.5739 104.6927 103.8216 103.5179 103.0716 102.4596 103.1692 102.8969 102.3341 102.4664 104.5397 102.9742 102.2316 102.9914 103.7957 106.3395 107.7963 110.0183 109.3619 106.3824 106.3681 107.2713 106.5858 105.5381 106.3123 105.8858 106.6000
111.5000 114.2814 107.7292 108.2019 108.1341 107.8763 107.6344 106.7545 106.2436 105.9169 105.2198 105.5223 105.1671 105.3104 104.9603 103.2911 102.4707 102.7207 101.9032 101.6300 101.2652 102.6476 101.1205 101.4008 101.6703 102.7976 102.6328 102.4859 103.1924 104.3748 106.0078 105.2420 106.0726 106.2060 107.5944 106.9347 106.1820 106.2798 105.4239 106.3200
112.2200 112.3433 109.3000 107.2632 107.8419 107.5775 107.4714 106.7937 105.9508 105.6642 104.9174 105.3588 105.8298 104.1255 103.4214 104.2551 102.7349 102.1097 100.7696 100.5500 100.3756 100.2612 100.4807 100.3797 100.5547 100.8604 102.2206 102.8051 102.7009 102.5199 103.9895 105.0854 105.7993 106.2088 106.3534 106.3247 106.2695 106.1456 105.2502 104.9400
108.7900 108.4355 113.3979 106.8548 107.4464 107.7271 106.8480 106.6162 105.0802 106.2228 105.2740 105.8323 104.5819 102.7095 102.8223 102.5971 100.9502 100.2207 99.9063 99.4357 99.3534 99.2465 99.1354 99.4263 99.5022 99.9454 100.3563 100.8688 102.0342 102.7616 102.7125 103.9367 105.1400 105.8928 106.1363 106.2083 107.7019 106.4995 105.4698 105.0500
108.6100 110.4524 109.8095 106.8286 107.4751 106.7326 106.1996 105.4718 104.8153 106.1825 106.4161 105.0133 104.4327 102.5679 101.8704 100.9007 100.1186 99.3746 98.6472 98.2529 97.8553 97.5842 97.6497 98.0400 98.1195 98.7397 99.3961 100.1082 100.6717 103.0398 102.7529 102.6720 104.2963 105.4765 106.1015 108.7822 107.9128 107.2079 106.0186 105.0500
108.3500 109.4033 107.8276 107.3034 107.6686 107.1592 105.6869 106.6740 104.9085 104.3807 104.4866 103.2427 103.1857 101.9550 101.4189 100.5208 98.9318 98.1552 97.2339 96.9279 95.8319 95.7608 95.7654 96.0282 96.7247 97.3245 98.2375 99.1285 99.9913 101.0549 102.0765 102.6235 103.3158 104.7910 105.1856 110.8703 109.2876 107.8559 106.3929 105.7400
108.3500 108.2954 107.7375 108.1421 106.4757 106.1794 106.4647 105.5904 105.8243 105.8239 103.9181 104.7066 103.1245 101.2436 100.4071 99.6093 98.1172 97.0080 95.7402 94.6714 93.6742 93.4959 93.4421 94.2228 94.5570 95.6946 97.1332 98.0528 99.1952 100.1912 100.8936 103.3305 102.4547 104.8529 104.8459 107.3542 111.7109 108.6495 106.8408 105.9800
108.3800 108.1867 107.4329 106.9529 106.9004 106.3930 107.0576 106.1057 104.9625 105.3167 105.3452 102.8219 101.9395 101.1580 99.9784 98.5238 97.2420 96.1808 93.9640 92.9277 92.0035 90.9740 91.0808 91.2016 92.1356 93.7872 95.5508 97.0740 98.3140 99.4988 100.2647 103.4073 103.0554 104.0347 107.6042 106.6511 111.1311 109.2379 107.3506 106.1700
108.4100 108.3803 106.6681 106.6592 106.6735 105.8106 106.0335 106.7531 104.7509 104.7644 104.2431 102.2571 101.6884 100.5048 99.3884 97.6345 96.1606 94.7994 92.0633 90.8964 88.3867 86.6596 86.9826 88.1686 89.5490 91.5990 94.1111 96.3857 97.9797 99.6087 100.3140 101.2692 102.1061 104.0280 108.2827 109.7132 110.8959 109.5635 107.7667 107.1800
108.1000 108.4059 107.0838 107.1065 106.6482 107.2492 106.6254 106.3613 105.3925 104.5619 102.8090 102.0813 101.1445 99.9231 98.5047 97.8014 95.2735 94.6220 92.7756 88.5160 83.4988 80.5169 80.6798 83.9896 87.2136 89.6805 92.8257 95.6168 97.1482 98.8929 99.6856 100.7375 102.7281 104.1983 104.7175 104.9072 105.4677 108.9909 109.0691 109.6600
108.5500 108.3527 107.4840 107.1519 106.2035 107.1048 106.1791 106.2441 105.6321 103.3334 102.9130 102.2017 101.0479 99.6820 98.2096 97.2205 96.0613 93.2072 90.3178 85.0143 77.4030 70.0479 70.6806 79.7175 85.9054 88.8813 92.5895 94.1603 96.3063 98.3410 99.5821 100.4592 102.7052 104.2263 104.7128 104.8939 106.0624 107.4938 111.7245 109.4100
108.5400 108.0991 107.2310 107.7223 106.4225 106.6253 105.8748 105.7188 104.9349 103.7087 102.7894 101.9816 100.9185 99.3030 97.7491 97.7345 96.2198 92.5203 86.9038 81.5835 70.9785 62.6535 64.0657 73.2966 82.5902 87.9755 91.8940 93.8147 95.9199 98.3673 99.7446 100.5036 101.9673 103.9332 103.9516 105.1631 107.1714 109.9170 109.0268 111.3900
108.6400 108.2639 106.8747 107.6235 106.1556 105.0774 106.1130 106.1457 104.0033 104.1070 102.6773 101.9171 100.9560 99.2104 98.0523 97.6316 96.3514 92.3675 86.0792 82.0546 70.1849 60.4581 61.1251 71.5430 82.8587 87.7369 92.0602 93.8154 96.0961 98.7910 100.0099 100.6879 101.6679 103.3212 103.6080 105.3244 105.7272 105.9348 106.1239 107.1600
108.5400 108.0718 107.8425 107.3406 106.7209 105.5883 105.8223 105.5182 105.4773 105.2008 102.6929 101.9918 100.8809 99.4986 98.3321 97.2676 96.4081 93.6069 88.3981 83.5322 75.4939 71.4510 71.1753 77.0390 84.6370 89.3566 92.2808 94.7588 96.5944 99.0104 100.1483 100.7101 101.5827 102.7840 103.4445 105.3124 106.1738 106.5644 106.4544 106.8200
108.0300 108.2612 108.2409 107.4193 105.9418 106.2037 105.8369 106.0352 106.0360 105.2325 102.8431 101.7670 101.0176 100.0076 99.0244 97.9587 96.5035 94.7361 91.9257 86.1397 81.9685 80.9449 81.2839 82.9068 87.7882 90.8292 93.3782 95.9896 97.2805 99.0596 100.1138 101.0081 102.7098 102.4828 102.9897 105.1325 105.4041 106.2951 106.6846 106.6300
108.2600 108.4457 107.2497 106.5761 107.5042 107.2413 105.1084 105.9577 104.8474 105.0823 104.8544 101.8385 101.3769 100.1871 99.6876 98.0917 97.0345 95.3951 93.4810 89.8541 86.4888 87.0012 87.7704 90.1794 90.4168 92.4835 95.4372 96.5354 98.1813 99.4538 100.6785 101.0865 103.9823 105.3199 109.9066 107.5723 106.7983 106.2937 106.5680 107.1100
108.7000 108.4297 108.0427 106.0542 107.9149 106.1282 105.7062 105.2025 105.2043 103.3793 104.9575 104.5187 101.2011 100.8813 100.1692 99.2738 97.7928 96.7452 94.9637 93.0704 91.1361 91.2822 91.4308 92.4240 93.0993 95.4467 97.0658 98.6427 98.8167 100.1965 101.0564 101.6946 104.3575 104.2133 105.9744 105.0473 106.2535 106.9243 107.0616 107.4800
108.7000 108.5394 108.1294 106.6143 106.7642 106.9760 105.4815 106.6790 105.7319 106.0254 105.3910 103.3420 102.3377 101.2142 100.6927 100.1603 99.0711 98.4820 96.8740 95.9783 95.0419 94.5341 94.5481 94.8410 95.1227 96.8154 98.1826 99.4591 99.9113 100.2685 101.0052 103.9268 103.6994 103.6568 105.2073 104.7601 105.7253 106.2363 107.5058 107.3400
108.7900 108.6397 108.3373 108.0230 107.3282 106.6390 106.2180 105.2174 105.7235 105.7890 105.7881 105.0733 102.4293 102.0283 101.6029 100.4633 99.7909 99.1809 98.0500 97.3077 96.4296 97.2570 97.5531 97.1658 97.9525 97.9590 99.1770 99.7095 100.2675 100.9500 101.8032 102.8586 103.2649 104.6818 105.6259 106.7551 105.7589 105.9497 107.6791 107.7900
108.9000 108.6462 110.9379 107.9113 106.5728 107.5627 106.1890 106.0517 106.6566 106.0788 105.6965 105.6488 103.3215 102.4801 102.0341 101.4580 100.7111 100.0304 99.4471 98.7062 98.4116 98.7484 98.8392 99.2105 99.3039 99.6801 100.4952 100.7257 101.4680 101.9983 102.5340 103.4116 105.7743 105.0822 106.0646 106.8579 106.7158 107.5408 107.2531 107.6200
108.5100 108.5223 107.8545 109.4681 107.7792 106.4765 105.5851 106.3443 106.5736 106.1966 105.1132 105.7151 108.6387 103.5402 102.4914 102.1555 101.7802 101.1387 100.6113 100.1378 99.6424 99.8402 99.8108 100.1918 100.2711 100.7972 101.1246 101.6136 102.2527 102.6329 102.8986 105.3003 105.8381 104.7850 106.9535 107.2559 105.8199 106.7943 106.3504 106.5000
109.1700 108.3823 108.5617 110.7991 110.6573 108.5119 110.8639 106.3191 105.7940 106.4995 107.3039 105.3932 104.5704 104.9578 103.3050 102.6598 102.1879 101.9529 101.6165 101.2125 101.0409 100.8915 100.8655 100.9530 101.2067 101.4295 101.7871 102.2068 102.7098 103.4833 104.5082 105.9301 105.5988 105.0307 106.5617 107.1556 106.7489 106.5810 107.9956 106.6900
109.1700 108.1973 108.3573 107.4983 110.6375 112.6611 107.1350 105.9277 105.6481 110.6566 110.7933 106.5102 105.1561 104.7178 104.1987 104.4422 102.9532 102.5423 102.5010 101.9778 101.7792 101.6696 101.6640 102.0006 102.1470 102.1894 102.4322 103.0382 103.3606 104.7283 105.6590 105.5086 106.1204 105.4981 105.6171 106.0729 106.8024 107.2161 108.0157 107.8200
109.1600 110.6925 109.3078 108.4410 107.9496 110.9863 107.5464 106.8158 106.5541 105.9195 107.2912 105.9304 105.1798 105.5907 105.2397 105.3951 106.3543 103.3889 102.7913 102.7163 102.6579 102.5073 102.4362 102.7459 102.9285 103.2313 103.3797 104.0741 105.3142 106.2309 105.1412 105.4498 106.7587 106.4881 106.7266 106.8958 106.8547 107.2660 107.9410 107.8200
109.0400 109.7242 109.4702 108.4217 107.4592 107.9335 107.7552 107.2465 106.0144 105.3817 107.4312 106.7765 105.5776 106.7183 105.4816 105.0447 105.4434 105.5166 104.6694 103.5478 103.3444 103.1538 103.6851 103.8537 104.4101 105.0542 104.0851 104.5456 105.7060 105.8704 103.7037 104.4229 106.6490 106.1379 107.0306 108.0510 107.8293 107.3531 107.2003 107.5700
108.4200 107.8853 107.8306 108.1934 107.9906 112.3007 107.0289 106.4419 108.2823 106.3437 106.5406 106.8463 106.8343 106.4114 106.1125 106.1317 104.8155 105.8046 105.6433 104.2989 105.3880 104.7311 105.2399 105.3919 104.0561 105.8429 105.0859 105.6378 106.8348 105.6461 107.1599 109.1832 109.6572 106.3471 106.9135 107.3959 106.8587 106.7961 108.2847 110.0600
108.3100 104.8977 110.3324 110.8280 108.7461 108.9202 109.9281 111.1873 106.5282 107.5948 106.4453 106.2884 107.4476 106.6881 105.8605 106.7484 106.1912 104.8506 106.2126 105.3572 105.5717 104.3659 105.1674 106.2979 104.6356 105.5789 106.7913 105.1611 106.2866 107.0763 105.6616 107.4432 106.8441 107.0533 107.9210 107.9372 107.4682 106.9828 107.4650 107.5000
105.6700 107.8973 104.2775 111.2241 110.7706 110.4152 112.5075 114.6708 113.1340 107.6600 107.3890 106.9878 107.4216 106.8966 104.9002 106.8386 106.6856 105.5986 106.7926 104.7480 104.3363 106.5532 106.6346 104.7698 105.6120 106.1547 106.8856 105.2049 106.2397 107.9368 106.8346 107.4969 111.5512 108.2738 108.2405 108.2784 107.5312 108.4134 108.7419 108.4100
109.7400 109.6132 108.3600 107.2319 113.1704 109.3723 109.5569 114.8510 107.2377 108.2250 107.9126 108.0197 107.9819 107.3052 105.4073 107.2537 107.0429 108.3295 105.4580 105.3389 106.5033 107.8910 107.3597 105.2807 106.3870 107.0007 107.3392 106.3455 105.7259 107.2535 106.9364 109.7432 107.9737 110.0372 111.9901 108.4599 107.6821 108.6174 108.6606 108.9000
109.4600 109.1353 108.6382 110.1765 114.5002 108.2294 109.5410 107.4396 108.0842 108.1822 108.0237 108.1800 108.1205 108.1815 107.3508 107.8690 107.5775 111.3296 106.0568 107.0187 106.2457 107.0036 108.0436 108.1142 107.3288 109.9312 108.7623 106.2255 108.5384 105.9737 106.8240 108.7873 107.8764 108.5546 111.0016 111.1977 107.9856 110.0211 108.1165 113.9100
109.8700 108.9092 109.3795 105.3983 108.6022 111.1181 108.2244 108.9853 108.4238 107.4381 107.7735 108.3647 107.9686 108.2591 107.5603 107.9262 107.4514 106.4629 106.6991 106.0465 109.8029 106.7575 107.5372 108.4367 107.6651 107.2805 110.5986 106.1534 110.0293 108.1927 106.5853 107.9621 108.2948 107.2617 113.9212 114.3507 109.3862 110.1358 107.9020 107.9100
114.1000 108.8570 110.0815 113.9443 109.9087 113.4008 108.5844 105.8151 108.4790 108.9624 108.5778 108.6630 108.5741 108.5316 108.7027 108.3289 109.4921 109.3663 106.4390 106.7267 110.3821 106.8000 108.1005 106.3661 108.4318 108.0704 108.4663 112.3317 106.9973 107.9019 112.2819 107.8772 109.4459 108.1050 110.8767 109.0666 116.3965 107.5200 107.5589 107.9100
114.1000 115.2948 108.3447 111.7839 110.6712 113.1437 110.8553 104.6883 109.9805 113.6286 108.7741 107.5809 109.0368 108.3756 109.1526 108.5989 109.7087 111.8379 112.0243 114.5070 110.0769 108.7289 109.2963 110.2884 108.3135 106.8116 108.8821 111.0742 110.3913 107.1107 112.2896 108.4583 108.8595 113.1259 109.7362 114.8273 117.1111 109.3744 112.2995 108.8300
109.0800 113.0716 113.6793 113.6949 111.3382 107.9637 111.5444 110.9020 113.4329 111.1392 107.7173 108.4350 108.4865 108.9867 108.7053 109.8303 110.5342 112.3861 114.0288 112.3048 113.2127 109.6664 109.3165 113.8305 108.1330 107.4601 108.1588 112.7571 114.6559 113.5383 112.0284 110.9445 108.0662 109.7234 111.9016 109.4760 110.6016 115.5285 113.3064 107.6100
112.8200 113.3112 115.7131 114.8863 111.3973 107.9290 110.4991 115.3819 115.1420 109.3476 109.4720 108.1384 108.3739 109.6564 108.6206 112.8447 112.7607 113.4677 113.3833 114.0917 111.2946 108.1098 108.7878 115.6033 108.8172 107.7435 110.0726 111.6215 112.4433 115.0022 111.2352 113.2601 109.0155 110.9293 112.8179 109.1125 109.7215 111.5444 110.6976 107.6100
114.8800 115.0923 116.0157 115.2535 111.5389 110.6780 115.1417 117.7227 114.4473 108.8007 108.6443 108.6044 108.3783 108.9958 109.3309 114.2674 114.2569 115.2369 115.1335 111.5904 112.5851 108.3803 109.5203 112.5617 114.1820 108.3504 111.9532 114.9149 113.9716 116.5630 114.8676 114.9033 109.9591 108.1250 108.8447 108.7103 109.7165 113.2450 112.1115 109.6100
117.1400 117.4500 112.5100 114.1400 114.1400 114.8000 114.8000 112.7500 108.7400 109.1900 109.1900 109.2100 108.8300 108.9200 109.6200 114.3400 110.1200 115.2100 115.9500 113.1100 113.0200 113.3300 113.6700 114.5300 114.7200 109.4500 112.5500 112.5500 115.1700 115.4100 115.8300 115.6000 114.1400 108.8100 108.9100 108.9600 108.8000 113.3800 108.8700 108.8700
