112.9200 117.5400 107.2700 105.1000 106.7500 104.2000 103.5100 107.2800 108.8500 115.4500 109.8700 110.1200 102.2900 99.6200 102.8600 100.5900 99.8200 99.3300 98.4000 97.2100 95.7800 95.8600 95.8500 97.3700 97.1200 98.3100 99.6700 100.0900 100.6200 102.5700 101.2400 105.3300 111.4100 114.6000 109.6500 106.7200 104.9800 103.0100 103.3000 104.6700
116.0000 115.9405 114.3030 116.4642 107.7066 104.6864 109.6156 104.2832 107.1449 107.0062 103.8927 105.6099 105.9795 105.1732 100.5606 99.9383 98.9802 98.1804 97.0318 95.9946 95.2302 94.7749 94.8167 95.3027 96.0849 97.1594 98.2854 99.0803 99.9789 100.9638 100.5589 101.1395 107.4637 114.5895 113.4389 107.9755 105.4290 105.9797 103.1814 104.5000
115.5600 113.6556 114.6402 114.1207 109.4722 109.5306 112.7631 109.8422 109.3756 114.9065 112.3860 102.9610 102.5371 103.6354 100.0263 99.1172 97.9635 96.8246 95.3653 93.7830 92.5737 91.8610 91.9076 92.6792 93.9340 95.3771 96.7977 98.0945 99.2620 100.2316 101.4636 99.6486 103.9465 112.4141 114.6947 109.9963 105.7976 104.7418 103.3274 104.0200
114.4100 114.3458 107.6984 109.6500 111.8215 104.5843 105.5060 108.0825 104.3486 104.2575 108.5563 100.0761 101.8154 100.7640 100.0432 98.4442 96.9590 95.1959 93.1877 91.0442 89.0760 87.8597 87.9576 89.2581 91.2744 93.3953 95.3822 97.0787 98.4872 99.7250 101.1022 100.3250 101.8606 109.3866 114.7452 112.2985 106.9183 104.5177 102.9723 103.9200
108.4200 107.2291 107.7449 110.6296 105.8522 106.5505 104.2299 109.0635 108.1971 108.5698 104.2477 101.1141 101.1445 100.3083 99.1195 97.8405 96.0267 93.6542 90.9641 87.8100 84.6909 82.4395 82.5868 85.0344 88.1506 91.2789 93.9379 96.0904 97.8170 99.2351 100.2168 100.8747 101.1701 106.5866 113.7971 114.2157 107.5885 104.9508 103.3642 102.9000
107.4800 108.1942 106.3849 109.3681 111.5930 106.5047 108.0453 103.5568 104.5093 105.1259 104.7232 102.7359 101.2952 100.0492 99.0419 97.5602 94.9602 92.3366 88.8349 84.4421 79.2639 74.3899 75.0010 79.7699 84.9389 89.2687 92.6477 95.2549 97.2459 98.8186 100.0346 101.0427 100.8088 104.9515 112.8061 115.2543 108.2551 105.2474 103.5430 102.9500
107.8000 109.2271 107.3028 108.1263 110.7261 105.4444 105.6347 104.5761 104.9139 103.8794 104.1675 102.3879 101.2299 100.1545 98.9867 97.0220 94.6847 91.3879 87.2871 81.9512 73.6416 65.3353 65.1163 73.5281 82.6148 87.7933 91.7654 94.7054 96.8976 98.5651 99.8636 100.9536 100.7905 104.1401 112.0715 115.4755 108.7237 105.4419 103.6557 103.0200
108.0700 108.6779 106.6452 106.7411 107.3307 104.9095 104.3967 105.2253 105.4290 103.7343 104.0369 102.5412 101.2681 100.4590 98.9028 96.7021 94.6129 91.0980 86.8439 81.1623 72.6767 63.7345 62.6149 71.6167 82.0204 87.3956 91.5119 94.5589 96.7979 98.4981 99.8313 100.9300 100.7437 103.9532 111.9283 115.4567 108.8315 105.4942 103.6859 103.0300
109.8500 108.7817 107.2039 107.4729 106.9201 106.5670 105.7394 104.6184 104.1887 104.4332 104.4142 103.2670 101.2881 100.5238 99.2543 97.0241 94.6637 91.6003 87.6245 82.9033 75.7010 69.1244 69.7827 77.0705 83.1336 88.1644 91.9676 94.8403 96.9755 98.6240 99.9033 100.9836 100.7282 104.3425 112.2549 115.3651 108.5857 105.4006 103.6345 103.0100
108.6100 110.1673 107.2672 106.7685 105.6817 106.5328 106.5672 104.5491 105.3284 103.8063 104.9826 103.0122 101.3103 100.7519 99.6252 97.9380 95.1557 92.6792 89.3882 85.9755 81.7885 76.2189 76.7012 82.0388 86.2545 89.8717 93.0183 95.4790 97.4077 98.9205 100.0972 101.0360 100.7831 105.3844 113.0632 115.1865 108.0361 105.1534 103.5062 102.9800
112.6000 111.9880 106.9577 111.1399 111.9855 107.5836 106.9436 104.7970 104.0765 104.8362 105.0890 104.6369 101.8781 100.5621 99.5249 98.4964 96.3890 94.4566 92.0189 89.4041 86.8135 84.8320 84.9780 86.5686 89.1090 91.8814 94.5681 96.4120 98.0183 99.3657 100.4572 100.8963 101.2736 107.2701 114.1095 113.8501 107.2791 104.8091 103.2937 102.9300
114.1600 112.8959 112.1681 108.0795 106.5229 106.1483 106.0849 106.2946 106.1390 105.3907 103.3022 102.9100 101.9958 101.3231 100.2043 99.0148 97.6597 96.8273 94.5761 93.9133 91.4964 89.6757 89.9238 91.3875 92.5337 94.0436 96.1405 97.7053 98.6797 99.9083 101.6364 101.0541 102.6448 110.3034 114.7214 111.8167 106.6136 104.4453 102.9956 103.8300
113.9600 114.0747 107.2702 107.0185 106.5068 106.8093 107.1990 106.0064 105.3631 105.3464 104.3969 103.2693 102.3964 101.5349 100.2913 100.1025 98.4523 98.3665 97.2978 96.8031 95.4210 94.2220 94.2623 94.4294 94.6331 95.8795 97.3574 98.8924 99.8905 100.8548 101.3645 102.8266 105.1498 113.8409 114.3644 109.5327 105.7773 103.1887 102.7065 103.9900
109.1400 109.4635 108.0495 108.2383 107.5436 107.8696 105.6776 105.2009 105.1153 107.1675 104.3060 104.9325 102.6427 102.2220 100.9359 100.8112 99.5926 97.7646 92.3845 97.0711 96.9003 96.5581 96.8233 96.9919 96.9377 97.6131 98.9784 99.8595 100.7653 101.2403 101.6584 102.0168 105.8395 112.2419 111.0452 106.9457 105.1080 107.5782 103.9690 103.5000
109.1000 108.1648 108.6324 108.0763 106.5304 110.3362 106.9799 104.8566 104.1871 107.4286 102.6736 107.1266 103.5647 103.6201 104.4605 100.8381 101.0989 97.1295 97.0478 99.8441 98.5327 98.1190 98.0771 99.1332 99.2514 99.2008 100.1618 100.4375 101.1266 102.4258 103.9233 105.3331 105.1088 102.4703 103.8770 102.9703 104.3797 107.0905 104.3277 104.8500
108.3100 109.7055 108.5694 109.7871 107.6512 109.5402 111.1449 104.6010 106.2167 103.4314 105.9500 105.3414 104.7009 103.5479 108.5439 102.1797 101.6826 101.3332 101.0426 100.0162 99.9467 99.7058 99.7293 99.9305 100.3070 100.6944 101.0302 101.1113 101.8710 102.8913 104.9718 107.1020 107.3264 104.5336 107.9753 105.8964 103.7429 103.5952 104.6919 104.8500
109.8300 108.5143 110.1581 112.8617 107.5410 108.2438 106.2524 106.2122 106.0541 104.9689 105.7410 106.3241 106.7596 103.9692 103.9059 103.5574 102.2628 101.9042 101.2908 101.1185 100.5920 100.7756 101.0414 100.9455 101.2699 101.4909 101.8595 101.9777 102.4221 105.1432 105.4313 105.3096 104.5761 105.9072 103.6734 107.2776 107.1919 105.1224 105.8506 105.0900
110.3600 110.6337 113.6856 109.0862 107.8523 107.1509 106.6028 106.4113 106.9903 108.4432 106.3919 105.0666 106.6449 104.5965 104.6358 104.8802 104.3347 102.6856 102.3753 101.2344 104.7174 101.4269 100.8619 101.4889 101.7310 102.0389 102.8420 102.8158 104.7576 105.3072 105.4064 105.2056 107.5577 107.2334 105.4551 106.9625 109.2420 108.8446 106.0689 108.6600
110.9800 108.8594 108.8153 107.0428 108.5538 108.3791 107.3263 107.7370 106.7220 110.8471 108.4387 105.5220 104.5838 105.6590 104.4305 105.4987 104.5785 103.2598 103.8188 102.7544 106.3643 103.0342 103.1470 100.8708 104.6651 102.7864 103.9784 104.3749 105.2867 105.0650 106.1890 105.7364 105.6677 105.6420 105.8043 107.2734 109.4774 110.0658 106.0262 105.8200
108.4800 107.8613 108.7360 108.4021 108.6127 108.2502 106.5161 110.0316 109.7610 110.7366 106.7576 106.9415 105.6331 105.6079 104.9422 104.7478 104.5632 103.7832 104.2192 104.3094 104.5784 105.8391 105.4332 105.8282 104.9157 103.6595 104.8642 105.5977 104.5767 105.5250 106.0302 106.4773 106.1767 105.2132 110.8354 108.2519 107.8882 110.4327 107.3838 110.3400
111.9300 108.3513 109.1555 108.4940 108.2701 110.5211 113.0259 107.9891 109.1387 109.5718 106.3558 107.3274 106.5984 106.4415 105.5998 105.1845 105.7780 105.5515 105.7640 109.6018 104.5149 109.4353 108.5533 105.1967 105.1243 105.4484 108.3876 106.2392 105.6216 111.3374 109.9793 106.0553 105.7746 103.8852 108.5243 113.0586 109.1143 108.2069 109.4960 107.8300
108.5400 108.1219 108.0029 108.3742 109.7454 115.6217 110.6201 106.5425 107.6088 114.5759 107.0805 107.5871 106.9553 106.7071 106.9093 105.6960 105.9538 106.4185 108.0149 105.3533 106.9260 109.5038 105.6368 105.0277 106.3083 105.5385 105.6474 106.7706 105.7913 107.5825 105.1767 105.8664 106.4795 105.4856 108.2135 107.3639 108.6242 108.6420 109.5741 110.5700
111.6200 110.7038 110.4271 111.5366 113.4623 113.8941 115.4960 106.8062 107.0535 107.4654 106.8576 107.4972 107.4327 107.3660 107.8598 106.7838 106.9500 106.8311 105.2252 105.4680 105.8281 105.2788 104.9003 105.2590 106.4717 104.9205 108.3198 105.4033 107.2521 105.4871 106.4878 111.4302 106.1860 111.4940 108.6956 107.7271 107.1669 107.2249 107.5135 107.4800
105.7700 110.1519 110.8420 108.0646 113.2853 113.9977 111.9666 108.3321 106.8798 108.0259 107.6470 106.9452 107.3086 107.6448 107.2389 105.3124 104.5035 106.7852 105.8136 105.7555 105.1993 108.0977 107.1295 105.0773 104.6862 107.0022 105.5784 107.4646 104.5997 106.5281 106.3005 106.7393 106.2947 109.4106 108.1797 107.5061 108.6975 108.3323 108.9314 108.3400
110.7500 112.0257 115.0864 108.6694 112.2605 109.2670 110.3804 110.2535 108.6674 108.3428 107.6830 108.5410 107.6629 107.8796 107.9767 107.9264 105.3028 105.2039 107.9074 107.9489 105.2022 106.8804 109.7552 111.1225 105.2444 109.2689 105.1609 107.3614 106.3203 105.6508 106.4922 107.5669 109.5907 106.8842 110.3991 108.1067 109.7134 108.4924 108.3988 108.8000
111.0400 110.6455 112.7527 108.7620 114.2075 108.2214 111.1863 109.6439 108.2979 108.5178 108.3213 108.2551 108.4012 108.2573 108.1574 108.0531 107.7475 104.5461 110.4854 111.2823 110.9172 111.5863 111.7683 109.8263 104.4104 108.7880 107.8002 106.1542 106.9212 112.0380 108.2752 106.5620 108.4744 106.7481 112.9454 107.3476 111.0558 110.4052 110.0028 108.8200
115.1700 108.8185 111.0040 112.3577 116.4017 114.8197 111.1073 108.4640 108.6950 108.8107 108.2617 108.0421 108.0449 108.4747 108.3348 107.9919 107.7830 105.4314 105.0177 109.2157 109.5787 110.8901 111.2282 109.9004 105.8917 108.1679 112.7008 108.8816 107.9699 110.3811 107.8795 109.5621 111.3405 109.1295 109.1351 115.0165 109.6243 113.1253 111.9010 108.8200
110.3500 112.5352 109.4121 107.0767 111.9964 112.8533 108.7461 108.1473 109.3541 109.1150 108.8094 107.7313 108.7816 108.1675 108.9426 108.2112 108.6353 110.3407 106.0079 112.8408 109.1939 113.2648 106.6173 112.0795 112.0850 113.0350 109.4276 114.1934 107.7614 113.9130 108.9067 111.3637 107.7149 108.4991 105.2484 114.3291 111.0806 113.9277 107.0399 114.0800
111.5000 109.4828 108.0875 109.2090 106.1269 107.6536 108.8855 107.6086 107.6962 109.4085 109.6050 109.5415 108.8335 111.9581 111.1001 109.2542 111.8935 114.1656 113.8017 115.0678 116.2925 112.6371 111.5087 110.8645 115.1824 109.2753 112.2369 114.8705 107.6682 115.2695 108.6419 112.6959 111.5233 104.9794 114.5366 113.9251 113.9906 109.9095 112.9284 112.9400
113.0200 109.6221 110.3522 111.3700 109.5347 107.4751 109.3911 109.7834 107.5659 108.5351 106.3293 109.3511 108.8338 109.0113 105.1500 107.1537 105.3147 113.1078 114.9673 113.7579 113.0836 113.7140 112.6373 111.6704 108.8691 112.0226 113.0207 116.7020 107.1987 108.7344 109.5594 113.5163 114.6068 108.6613 112.3588 115.5050 116.0035 113.1732 110.8413 112.9400
115.6500 113.1016 110.6555 108.5990 108.6110 109.4893 109.2750 108.9685 108.8848 109.1229 108.5597 113.8739 115.3218 110.3251 106.5091 105.5108 115.1820 110.5904 109.2000 114.3082 114.6047 115.5503 113.9312 108.5881 113.0940 109.1352 105.4873 116.2619 110.4918 109.9871 107.8898 114.9434 111.5229 112.6924 110.6767 115.2474 114.0032 114.3705 112.2206 108.1000
114.9000 116.1183 115.8832 109.4533 109.3443 110.4050 109.1352 113.4314 107.8889 110.0764 112.7161 113.8754 115.0358 113.5825 109.4249 113.9626 115.2370 108.4466 113.9803 116.3608 115.4880 109.4468 111.5211 106.0934 105.0061 111.4668 108.3480 116.3749 115.5457 110.2561 113.9054 113.5900 114.5263 113.8431 110.1954 113.6585 106.4736 108.1349 111.7304 113.8800
113.6200 111.6725 113.6703 109.6920 110.3892 110.8211 109.2772 107.6561 110.2514 111.6337 112.4371 111.3441 110.3697 111.8005 108.7904 111.8840 112.9041 115.3423 115.9834 116.1112 113.6029 108.3116 106.7933 106.0309 109.6007 110.9409 110.2331 112.0814 112.4460 110.6031 115.0253 111.3912 114.7023 112.0628 111.8526 109.4758 110.3804 107.4432 108.8561 108.3200
114.5500 111.2103 110.8529 112.1657 113.1741 110.7622 109.4686 109.3529 109.9376 108.9854 109.6526 111.2668 111.4614 108.7578 112.4136 113.1183 113.5268 113.1470 113.7722 112.5606 114.7795 112.9776 107.0877 106.9150 108.9657 110.9286 108.7907 110.4728 107.2559 108.8840 114.1098 112.5534 108.6996 112.8936 108.9713 110.6421 111.0268 111.9017 109.9196 108.7000
115.9900 112.3586 112.0609 114.5728 114.4951 113.5619 110.6792 109.6742 114.3586 110.5264 108.8283 108.5942 113.4494 108.8100 114.2531 112.7468 112.1110 112.5479 114.0011 115.1251 119.5119 110.9327 108.1217 105.9337 108.6986 109.7208 112.0692 110.9202 110.1501 107.6218 112.5256 108.0019 107.9566 109.2722 110.5435 110.5028 109.6072 110.7955 111.2724 108.9000
113.3600 113.1792 116.3657 113.0728 115.9133 110.3408 116.2253 117.1054 116.3063 109.6420 109.3473 109.0352 107.5189 109.2106 114.2985 110.8399 113.3519 112.7354 112.7256 115.7556 116.1298 114.3724 111.1433 112.3784 112.0291 112.0269 112.6884 109.0053 110.8396 107.2233 115.6843 107.3503 111.7068 109.6609 109.4946 109.6324 109.5249 110.1639 109.6804 110.8400
114.4800 113.7674 114.4731 112.8607 112.3382 113.6082 116.8855 116.5342 115.4249 111.0080 109.9197 108.8587 109.0763 107.6933 109.0062 108.2789 109.8940 109.5451 114.5028 115.2811 115.6460 113.1283 110.9668 110.4053 110.7294 110.6623 113.5842 112.2334 111.7248 115.3294 115.9596 107.0603 109.3373 109.1232 109.5006 108.7475 109.2978 109.8668 109.5761 110.8400
115.2400 116.6301 116.0167 113.4327 117.2197 118.2451 116.5766 114.8538 118.6280 110.3274 110.6755 109.1675 109.7216 108.0780 109.5614 108.5736 109.2166 107.1153 115.0794 111.1694 110.7635 111.5603 111.8825 111.3781 109.7662 113.4964 115.0716 113.9989 109.0515 115.0472 116.3702 113.1753 108.4167 111.2039 110.9033 111.9002 111.1626 110.2414 111.2363 113.3600
117.9800 114.8172 114.0385 113.9018 116.0846 116.5342 117.6057 118.6768 117.8068 111.5760 112.1009 110.5492 109.6189 110.5347 111.1368 109.8779 111.1409 107.0549 117.6000 114.2703 112.3527 114.1889 114.9683 113.4330 108.4502 109.9306 109.0379 112.8112 110.5000 113.0449 114.2386 110.5653 110.7486 112.1968 110.2341 113.3719 109.8871 109.5535 115.4611 114.0200
117.9000 115.4600 115.4600 114.7900 117.2900 116.5800 114.8900 114.5200 114.2900 116.2400 109.4200 109.7200 110.8200 111.3300 109.8300 109.8300 108.4800 108.5600 117.0100 113.0200 113.0200 114.4500 114.4500 111.7900 108.9300 110.7300 108.7800 108.2500 112.2500 114.0200 113.7700 113.7700 110.0300 110.8100 110.8200 111.9200 111.9200 109.2900 113.4600 115.2100
