109.4900 109.4900 109.1900 109.1900 108.0500 109.3000 113.8300 113.4500 113.5100 109.8100 115.1500 109.6300 109.3700 109.3700 111.1000 113.9000 113.1800 113.8700 114.4900 113.1600 114.0000 113.6300 117.4500 116.0100 116.8100 116.2600 115.7300 115.8700 117.2200 117.1100 116.5300 118.8000 119.3200 118.0900 118.0900 119.2000 117.8000 117.8000 116.8000 116.8000
114.0600 111.4310 108.1350 109.3128 109.4048 109.1404 110.6475 109.1953 110.5857 112.1205 114.7196 109.0141 109.0697 112.8158 111.5010 114.9631 111.3228 113.5626 112.1920 112.6891 115.3519 113.6543 116.3477 117.1161 115.2466 116.6299 116.2195 114.8414 115.8933 116.0127 116.4139 118.6621 118.7945 118.2382 120.0059 118.8187 119.3918 118.4434 117.3192 117.0200
109.3000 108.7215 107.9911 110.0015 108.9245 108.8694 108.5351 109.4249 114.4457 111.9872 114.0499 108.8451 109.2705 109.0850 114.7527 115.6168 110.6920 112.2036 110.9036 112.3016 113.9719 112.3563 115.5003 115.1813 113.2085 115.1074 114.4479 113.7384 114.2412 112.1930 115.9421 117.7625 116.7231 118.0034 118.6027 119.9490 118.7282 117.9626 118.4120 118.0800
109.4200 111.2201 109.5868 108.8754 108.6784 108.5517 108.4211 109.4098 113.5120 113.4498 109.0122 109.0429 108.5827 108.5104 114.8463 111.5247 110.0769 112.8620 111.3009 111.3517 112.5660 111.0757 114.6644 115.6473 113.1089 112.3354 113.0746 114.0332 113.0941 115.8055 116.9807 115.6179 116.1671 116.4585 117.4431 118.2247 118.5044 118.4315 119.1124 118.0800
110.7600 114.4392 115.4296 108.8687 107.3626 108.2232 107.9111 109.7013 109.1292 114.0752 110.7833 109.3877 108.4130 107.7602 110.2552 109.7929 108.2512 111.3213 111.2099 108.0453 113.0648 107.2195 114.0821 113.1185 112.0727 113.6130 113.9384 110.7232 108.7978 115.1800 117.3323 114.9815 114.5138 114.5990 113.2204 114.9572 117.5050 118.5735 118.4361 118.4100
110.4200 111.9624 112.0286 108.3415 108.8232 108.1855 107.9472 108.5404 109.1929 109.1556 111.2942 105.8397 108.5205 107.9964 109.7506 111.6648 108.3665 106.9313 106.8168 107.3524 108.1337 110.2251 114.4223 112.5607 111.3490 112.5622 114.7051 112.0356 112.8656 114.9390 115.2803 117.6248 112.8555 116.2057 114.6039 115.2049 116.9457 118.3092 117.7623 117.3300
111.5600 110.8410 110.3011 114.4981 109.4968 108.3733 108.0907 108.1514 108.7142 107.7202 110.6532 110.6214 107.8243 108.3770 109.2488 112.4242 107.1186 109.5129 109.1678 106.6782 107.1131 108.1152 112.2676 109.0461 111.3618 112.0179 109.8576 107.6500 114.0441 113.2430 112.0605 114.7678 111.1511 116.2367 115.3730 115.4967 117.6661 116.6991 117.4312 117.3300
111.5600 107.6595 106.5480 112.3222 108.4380 107.0281 107.3400 108.5044 108.7008 108.6455 110.7140 106.7872 107.4707 107.9715 107.9851 108.4428 106.2330 108.3124 107.9649 106.9178 108.2931 107.2695 113.0241 107.6542 108.9131 107.0873 107.5420 107.7970 113.4699 114.2841 114.7690 113.3466 113.5615 116.3154 114.5566 113.8901 115.1228 115.3205 118.1811 117.4600
112.7300 107.3679 108.9644 112.2775 114.0898 109.6245 108.1964 108.3565 107.9481 108.2515 107.5458 107.1646 107.2297 107.1287 107.4460 111.4752 106.0565 106.9889 107.0782 107.1866 106.7798 107.4540 108.3453 107.6496 107.7832 110.2659 108.2225 109.5189 111.8311 113.5173 111.0117 111.6760 109.5781 114.4336 116.0310 115.3232 113.2442 115.2747 115.9588 116.0900
113.4000 113.9001 113.6449 110.2162 108.7139 111.6785 107.8989 108.1629 107.7123 106.6914 106.3438 106.8629 106.8424 107.0065 106.2821 107.0509 106.1444 110.2351 110.0221 106.3922 106.6924 107.4595 107.7204 107.4806 107.3604 107.6685 108.9789 110.4721 111.8495 112.0413 109.4902 113.0266 108.6083 115.2371 114.8411 110.4559 115.0919 114.6236 114.4642 115.4300
115.1600 115.4986 113.9061 110.8181 107.7734 109.3682 107.2580 106.9097 107.2404 107.6943 107.7834 106.4674 106.8539 105.9184 106.3932 106.6669 106.7683 112.4914 111.4469 107.1254 106.0439 106.3535 105.8629 106.3114 106.8084 107.2672 111.2309 108.0149 109.4733 110.1611 110.6493 108.1021 114.9263 111.6120 110.6811 112.2209 115.3250 112.3637 114.0478 114.7800
114.4200 114.8924 110.7169 111.4183 108.0116 108.1664 107.1924 106.4527 107.2733 107.5741 106.3164 105.5183 105.8430 105.6153 107.2079 106.5753 106.6909 106.7490 106.3299 105.1548 105.5048 106.7471 106.8598 106.4778 107.2589 106.6340 109.7676 107.4700 106.8834 108.4355 107.6374 111.0356 114.7220 109.2089 110.8861 109.9652 110.1531 114.2736 113.0086 114.0800
112.8100 111.4353 113.9011 109.0617 108.3164 107.8733 107.2741 106.3035 106.6745 106.3057 106.5706 106.7348 106.1034 107.2014 106.4048 106.2895 106.4494 104.8040 104.6687 106.4520 106.2109 105.9474 106.2152 105.7367 105.7495 106.4660 110.2933 107.2238 106.5318 107.5352 107.9740 108.0946 113.7763 114.7374 111.4070 111.9535 112.5568 116.2965 111.6160 110.9200
115.0300 113.2996 109.8335 108.6903 107.8208 107.2940 106.9694 107.2995 107.4060 106.1084 106.4061 106.1722 105.4436 104.4426 105.0043 106.2936 106.3195 105.8051 105.7319 104.6936 104.2330 104.8926 105.5437 105.4591 105.1237 106.0807 105.1831 106.1661 106.6651 107.4701 107.8088 113.6144 109.7818 111.2861 111.9264 113.4121 112.9748 113.8012 112.7035 113.7500
106.3200 113.2880 107.2667 108.1555 108.3174 106.4747 107.2907 106.4765 106.9732 105.7366 105.8613 105.2668 104.9458 104.6464 104.3689 105.4054 105.6388 104.4947 104.6547 103.7142 104.7634 104.0450 105.3255 105.0487 104.6196 104.2823 105.1927 106.1797 106.9861 106.5240 106.7608 110.2844 110.5428 110.0923 112.6585 112.7893 112.4977 113.1942 111.7887 113.7700
106.3200 109.6403 105.6017 108.5195 106.4471 106.7574 106.5634 105.1680 106.6664 105.1299 105.7230 104.9685 103.9549 104.6104 102.7707 104.7250 103.7411 102.9970 102.9519 104.5295 104.9560 104.5395 104.1077 105.5789 104.3746 105.7046 105.7820 106.2073 106.2479 105.5656 106.1273 107.9896 108.3495 113.0233 107.6297 112.1189 111.6993 110.6980 114.1702 113.7700
106.4600 111.1225 106.6701 107.3982 106.6500 105.2376 105.4523 105.3035 105.9019 105.9695 105.0831 103.8176 104.5033 103.7044 102.4424 102.5316 102.2225 102.3715 102.3605 102.0541 102.1697 102.6128 103.0600 104.4224 104.3182 104.9097 105.6569 108.0699 105.9069 108.2373 106.7365 107.8587 107.6129 104.7382 107.9806 107.5096 106.8867 107.5143 110.2390 109.0000
106.4600 108.6068 107.2396 106.4610 105.9952 106.2888 105.6324 104.0540 105.6034 105.5641 105.0032 104.6036 103.6111 101.9202 101.9195 101.3683 101.3308 101.4755 101.4550 101.5860 101.4623 101.7940 102.2880 102.5541 102.6651 104.7750 104.5958 104.1838 110.1820 105.9226 107.2216 106.6409 106.4300 106.4856 107.0239 106.8508 107.0871 107.6434 108.7986 107.5000
106.9100 107.2492 106.4141 105.9719 106.8728 105.2849 106.4634 105.7579 104.8894 104.0388 102.8756 102.2474 101.3878 100.8771 101.2863 100.9616 100.6881 100.6858 100.5968 100.4349 100.9318 101.1041 101.5689 101.9613 102.2328 103.0340 103.3107 106.8300 106.2281 104.7584 106.3930 105.1349 107.2758 106.0319 107.1671 107.9058 107.9443 107.8448 108.9237 112.5000
107.1900 106.7941 106.1125 105.3189 106.0804 105.0062 105.5099 105.0393 103.0868 102.9037 102.2784 101.6669 101.4421 99.9302 100.2025 100.0308 99.5654 99.7408 99.6046 99.1860 99.7000 99.9966 100.7143 101.1025 101.4398 102.2446 102.6804 104.7343 105.0246 104.5036 105.5691 106.1788 107.0195 105.9326 106.9452 106.8919 107.6205 108.4433 112.2801 108.5800
107.2100 106.5958 105.9895 105.7103 105.0351 106.3400 105.6296 104.3740 102.8948 102.3015 101.8714 101.2242 100.5404 99.5822 99.3162 98.4256 97.8889 97.9542 97.9723 97.7262 98.1742 98.9472 100.0067 100.8682 101.0924 101.4176 102.3891 102.7541 104.4882 105.2053 106.1421 105.7465 106.4215 107.4520 106.7709 109.3388 107.0373 108.8109 109.3767 111.3300
106.7200 106.1967 105.7513 105.9444 104.4720 105.9236 104.7406 104.2714 102.5049 101.8642 101.2006 100.5015 99.6063 98.7626 98.0223 97.2298 97.0952 96.7218 96.5536 96.2614 96.5786 97.4594 99.0352 99.8924 100.5324 101.1964 102.0322 102.2844 104.1247 105.7812 105.2421 105.3327 106.2026 105.9763 107.3395 106.8067 111.2230 110.4644 106.4124 108.6300
107.4900 106.6474 106.7610 106.7633 105.6611 105.5731 104.6246 102.7144 102.1734 101.3846 100.5193 100.0478 98.5031 97.0481 96.5965 96.2054 96.0568 94.5921 94.5120 94.9224 94.9146 96.2408 97.4438 98.6009 99.6279 100.6294 101.5000 102.0580 102.6413 104.7895 105.8201 106.5547 105.2120 107.0338 106.8135 107.4909 106.2097 107.2180 108.9592 113.9900
107.7200 105.5792 106.6853 105.9778 104.0094 105.1068 103.4660 102.7867 101.4466 100.3459 100.0012 98.9516 97.8855 96.1140 94.7625 93.2166 92.0815 91.5989 92.0670 92.9348 92.6719 94.5240 95.9688 97.5674 99.0547 99.9006 100.8971 101.6805 102.7027 103.0604 105.2055 105.7048 106.8117 107.0710 105.9850 107.8210 108.1797 108.2551 107.9689 108.3100
106.6400 108.4729 106.3024 104.4375 104.7163 104.2268 102.9538 102.0651 100.9389 99.8902 99.8565 98.5453 96.3259 94.9995 92.2828 90.0007 91.0029 89.8286 89.1749 88.8759 89.2194 92.3242 94.0452 97.3192 98.8264 99.7323 100.5470 101.4788 102.4591 103.2681 105.0576 105.5760 106.2844 107.0678 106.9187 107.0086 107.5542 107.7343 108.3784 108.5100
107.3700 107.4135 105.3694 105.9064 105.2631 104.8212 103.2333 102.1344 101.0130 100.1862 98.7926 98.1935 95.8274 93.2967 91.1183 89.2369 87.1501 82.3063 82.9070 84.5031 86.9476 90.8192 94.0456 95.9895 98.1598 99.1312 99.8960 100.9463 102.1753 102.9174 104.1481 105.8261 105.6364 105.8943 107.1729 107.3301 107.7273 107.3823 107.8956 108.0600
107.4600 106.5242 106.2125 106.6785 104.1661 105.0837 102.7402 101.8285 101.0739 100.0635 98.8135 97.5930 95.5224 92.0541 89.3968 86.0677 80.9031 70.9583 70.4357 78.5463 85.3941 88.6781 93.7798 94.8577 96.8249 98.4650 100.0317 100.9441 102.0843 102.8477 103.6470 104.7284 105.1419 106.3789 105.9521 106.4485 106.9973 108.0102 106.6947 106.3500
106.2500 106.0725 105.8527 105.4598 104.4064 104.7374 102.5939 101.4331 101.2871 99.8325 98.9939 97.4894 95.5321 92.2899 88.1468 84.5613 72.5524 62.9935 63.2886 73.8241 84.5078 87.7152 91.6875 95.1266 96.9141 98.4600 100.2088 100.9742 102.0727 102.7315 103.2869 104.2163 105.4411 107.0419 106.2900 106.9998 107.4829 107.1395 111.9893 107.6800
106.0400 107.0759 105.0685 105.5942 104.6974 104.8363 102.5859 101.6072 101.3521 99.8257 99.0878 97.6157 95.7107 92.5687 88.3747 83.7372 71.8819 64.1599 65.2793 75.6049 84.3960 87.9528 91.5766 95.4722 97.1241 98.5579 100.2116 100.9896 101.9586 102.9353 103.3926 104.5551 104.6144 107.2295 106.5157 106.2087 107.6950 107.5823 108.4117 107.6800
107.6300 107.6039 105.9292 105.7541 100.5520 105.5154 102.8527 101.9647 101.2877 100.3855 99.4733 97.8412 96.0149 94.2129 92.6906 89.7935 82.7050 76.1222 75.7067 80.0813 84.9951 89.2890 92.4962 95.5005 96.8132 98.6467 100.4038 101.0866 102.0052 103.0406 104.2217 105.0580 104.7917 105.3077 107.1322 106.0722 106.9075 107.6120 108.1667 108.2200
105.2800 106.8654 106.8125 106.4628 105.1699 103.6403 102.8651 101.7820 101.2795 100.6980 99.6687 98.3851 96.3684 95.5804 94.6681 89.4557 87.3546 85.4899 85.9804 86.2482 88.1092 91.4756 94.7106 96.4045 98.2362 98.7719 100.6672 101.2631 102.2134 103.0380 104.0967 104.6757 105.0829 105.6927 107.4934 106.5546 106.5882 107.3808 108.3841 108.5900
105.9800 106.3928 106.2952 106.8489 104.3726 105.3858 103.2938 102.6267 100.9118 100.3622 99.8997 98.8072 97.1555 96.2390 96.2531 93.0646 89.3467 88.0343 88.3241 89.2956 91.5924 94.0078 96.5673 97.5928 99.2635 99.8841 100.6764 101.6428 102.3204 103.1757 104.9639 106.1573 105.8885 106.7219 106.7736 107.3842 106.7626 108.3857 107.8338 108.1800
106.3300 106.6038 107.0755 106.0865 106.1527 105.2647 103.1945 103.4328 97.9316 101.7757 100.5968 99.2927 98.2101 98.0166 96.3533 94.6805 93.7696 93.0238 92.7240 92.9997 94.8408 96.2513 97.4394 98.6087 99.3665 100.3942 101.0251 102.0250 102.6238 103.3838 104.4734 106.1726 106.0036 107.1102 106.2637 106.8114 106.8908 107.7305 108.0271 107.4700
106.0300 105.9509 106.5599 106.5931 106.2236 104.7810 104.0012 103.4247 102.6159 101.8977 101.0800 100.4540 99.5620 98.9682 97.3024 96.4552 95.7357 96.1315 96.1569 95.8778 96.8418 97.5291 98.6816 99.5842 99.8966 100.8333 101.6452 102.2892 102.8030 104.4855 106.2354 107.5668 106.4179 106.4899 107.3862 106.6583 107.0853 108.4573 108.2744 108.0700
106.3300 106.9016 107.5689 106.8185 106.0348 106.3469 104.1598 103.4387 102.8750 102.3305 101.6026 101.0257 100.3634 99.5992 99.1881 98.3799 97.6537 97.8006 97.8880 98.0159 98.3960 99.0615 99.6619 100.3427 101.0488 101.6352 102.0516 102.6310 103.3104 104.7504 109.1159 103.8311 105.8886 107.3433 107.8832 106.4967 108.4228 107.9910 107.5630 107.9500
108.1400 107.6383 107.2876 106.7816 106.8307 106.6741 104.8434 105.1832 103.1579 102.7691 102.1100 101.5243 101.0227 100.7534 100.4619 99.6849 99.5775 99.2277 99.0443 99.4110 99.6752 100.2146 100.3301 100.8918 101.3735 101.9607 102.5485 103.6355 104.6127 104.6192 108.7047 105.1124 106.5238 105.5560 107.7548 109.0998 111.2862 111.1143 110.0303 108.2700
108.0000 106.6211 106.5914 106.1136 107.1232 106.7425 106.7430 106.3370 103.6379 103.2620 102.6511 102.0834 101.6696 101.3121 100.9731 100.4012 100.4717 100.4200 100.4295 100.1479 100.7215 101.1158 101.2397 101.6502 102.1712 102.6512 102.9405 103.6522 104.7982 105.3484 106.9630 106.0810 104.9374 106.7446 106.5668 108.3072 106.5139 114.2678 112.9597 112.2000
107.6700 107.2644 106.6085 105.9795 106.6090 105.9750 106.2393 105.6259 104.2320 103.7010 103.0628 102.5943 102.4041 102.2239 101.8883 101.4195 101.3324 101.3031 101.3071 101.4760 101.6203 101.8251 102.1557 102.2439 102.8976 103.0984 104.3022 104.8286 105.2596 105.1079 105.9525 106.6324 104.4241 109.0208 107.7682 107.5158 109.4585 110.6314 112.2188 107.0000
107.1000 107.8620 106.2016 106.3542 106.2405 106.8357 107.0585 106.6075 106.2672 106.3226 105.0667 103.5793 103.0227 102.7921 102.6458 102.4654 102.2394 102.1570 102.1677 102.2735 102.4340 102.6149 102.8891 103.0858 103.4386 104.4386 106.0611 105.1631 104.6669 104.8163 107.4940 105.8881 106.7898 105.5147 111.0530 110.4784 113.5652 113.0700 112.2094 112.1900
107.3500 107.3500 107.2400 107.0000 107.0000 106.7900 105.9400 106.1700 105.7000 106.5400 104.4600 104.4600 103.5200 102.9500 103.2000 102.8300 102.9000 102.8700 102.9100 102.8400 102.8200 103.1400 103.1600 103.4800 104.8400 106.0200 106.2300 105.9800 106.4400 107.3700 107.3700 106.2800 107.2000 107.2300 110.1200 111.9400 114.0600 109.8800 107.9000 107.9000
