106.2600 105.1800 104.9400 104.7700 104.0100 101.3600 100.6200 99.2000 98.2500 95.7200 94.3700 88.8100 84.8700 71.6100 71.6100 71.6100 71.6100 80.8500 87.5600 90.6200 95.0200 96.5600 98.8500 99.7300 101.1500 100.2300 104.8900 110.0100 114.0100 106.3000 104.7600 105.9300 107.5300 108.4400 108.7400 118.7000 114.3100 119.2200 119.8200 120.0800
104.6400 106.7072 105.9668 104.7837 107.7260 102.0825 100.6349 99.4390 98.0910 96.3364 93.2125 89.3664 85.0908 78.0951 69.1934 68.2031 74.5241 83.3352 88.3668 92.2401 94.9479 97.0956 98.7086 99.9343 101.4123 100.9211 101.1623 110.4198 109.8341 106.3441 104.8559 105.5667 114.9310 110.9411 108.8026 111.8384 114.7007 118.7574 119.8255 120.0800
107.4100 104.7205 103.3828 106.4443 107.7173 101.4998 100.8252 99.7217 98.1012 96.3948 94.1316 90.9659 87.9676 83.4459 77.2303 76.5019 80.8535 85.3459 90.0962 93.0764 95.5634 97.4753 98.9690 100.1498 101.2329 101.3134 104.4610 114.8459 109.5826 106.0286 104.4480 106.1791 106.7271 106.9123 109.3159 112.0697 114.5177 113.5483 120.2200 120.0900
110.0700 104.8166 104.7037 103.8635 108.0680 102.2557 101.1421 99.9684 98.5164 96.8789 94.9200 92.9826 90.0480 87.1245 84.5185 84.0486 85.8946 88.7634 92.0934 94.6918 96.4098 98.0571 99.3536 100.5087 100.9573 103.1596 111.0545 113.9143 108.7311 105.5241 104.1661 105.8599 106.7609 107.6561 109.7441 112.3862 115.7666 116.0831 120.5618 120.1000
106.1400 105.6586 106.3458 110.1680 106.9435 103.7172 101.5205 100.7074 99.5491 98.4392 96.7503 94.9171 93.2564 91.0965 90.0316 89.7948 90.3219 91.9777 93.9850 95.8215 97.4075 98.7705 99.8476 100.8235 100.8496 105.1827 112.7794 112.6475 107.7216 105.0727 103.5537 103.6433 105.6966 107.8404 110.0880 112.8582 116.1317 119.8900 120.1223 120.1200
107.6300 112.9611 109.6169 112.5083 104.8103 103.7875 101.6198 98.5885 100.6098 99.3642 98.1642 96.5872 95.3204 93.8202 93.8304 93.7911 94.0889 94.6787 95.9367 97.2341 98.4053 99.5449 100.4859 100.5134 102.1972 108.1656 114.6276 110.7157 106.6590 104.5352 103.3569 104.4444 106.3811 108.3874 110.7029 113.4892 117.1258 119.7277 119.9853 120.4100
110.8200 112.4485 105.9544 106.1073 103.0216 103.4734 102.7076 94.9926 101.1397 100.5258 99.1329 98.0283 97.5717 96.4991 96.1030 95.7003 96.2065 96.6575 97.5672 98.4782 99.4125 99.6062 103.4467 101.1123 105.4063 111.6684 113.4281 108.6185 105.6898 103.9705 103.4937 105.0150 106.9202 108.9862 111.4360 114.2850 118.1051 119.8484 120.1338 120.4400
111.1800 107.0575 104.8475 105.2169 104.1537 104.1093 104.5062 100.5813 101.1707 98.1367 100.5847 99.4602 99.1858 98.1975 98.0412 98.1923 98.3920 98.5920 98.9104 99.5178 100.0422 101.9532 104.6816 101.0490 108.5798 114.0807 110.6169 106.8923 104.7653 103.3951 103.9788 105.7128 107.6784 109.8075 112.3568 115.3015 119.0723 119.9079 120.2353 120.4800
107.1700 105.7737 105.9247 106.1933 104.4214 104.8710 104.6002 103.8491 101.8665 97.5996 100.0353 100.5425 100.1132 100.0347 99.7006 99.6233 99.3976 99.3062 100.0803 100.3691 103.0210 103.4478 104.7563 103.3138 112.9293 112.8037 108.4007 105.5184 104.0082 103.4444 104.8648 106.5425 108.5360 110.7131 113.4231 116.7061 119.6758 120.0002 120.3396 120.5200
107.2000 106.8544 106.5159 105.4829 103.3400 105.9014 105.3953 102.9338 103.4999 107.8396 102.1409 101.2115 100.9652 100.9178 100.7816 100.8415 101.0155 103.7743 100.0161 99.2846 103.2645 100.3570 103.6822 108.0411 112.0386 108.4895 104.1737 104.6072 103.1926 103.9912 105.6777 107.5615 109.5120 111.8926 114.6864 118.2720 119.8588 120.1322 120.4647 120.7900
105.8700 107.1853 106.9219 106.4992 110.4726 105.8801 105.7902 103.7139 104.8537 104.5302 104.4170 103.0685 102.7553 101.9332 101.7855 101.7522 104.1963 108.3029 101.1713 100.4895 104.6685 107.5873 110.3214 114.3217 109.2587 104.1356 103.6862 103.5322 103.3787 104.9072 106.6374 108.4141 110.7401 113.2172 116.4335 119.4012 119.8987 120.2643 120.6028 120.5800
107.0000 107.3570 105.6996 107.3846 110.7352 105.2418 103.7715 102.6544 105.5914 101.4480 96.9224 104.3687 103.1218 103.7236 104.6733 104.3090 106.4972 104.0514 109.0335 106.7440 102.5164 109.0819 109.0723 108.4798 102.6293 105.8064 106.6171 104.1339 104.4949 106.3828 107.6614 109.5720 112.0769 114.8035 118.4477 119.7865 120.0895 120.4184 120.5319 120.0700
107.5200 109.5768 104.9604 105.0349 106.8508 109.2643 105.8296 106.7840 103.6976 101.3972 102.6141 105.1667 104.3654 104.2559 103.9448 104.6121 109.3001 104.7802 107.0548 109.0206 103.5979 105.2909 107.5516 115.3848 102.8016 104.1152 105.2414 108.7077 104.2332 106.2291 105.2986 109.3690 113.9463 116.9456 119.8690 119.9067 120.2683 120.6530 119.7650 117.7800
112.7300 112.5740 107.3208 107.3004 106.9677 110.7151 104.1788 103.7555 105.1960 102.4170 105.3722 103.0083 104.9459 103.9475 107.1660 105.1523 107.9451 110.7953 101.0926 103.7490 105.2177 113.0222 111.6426 108.1133 103.5616 103.4581 105.7471 105.0845 106.9609 107.0365 108.5343 110.8835 115.5079 118.7516 119.8898 120.1374 120.4596 120.9096 119.2708 121.2200
112.2400 108.3666 107.0622 108.3586 106.8928 105.4018 103.8225 105.8576 105.4379 101.5154 103.6844 101.6300 104.1423 104.6163 109.1830 105.0766 113.1725 106.1067 104.7095 100.6351 104.9084 105.8738 108.0949 113.6602 110.8802 104.4803 105.8346 110.7026 110.4534 109.7539 106.3836 116.3333 117.1122 119.6481 119.9799 120.2651 120.6259 120.9623 121.2792 121.5500
112.6000 110.5494 108.9633 113.0742 106.6304 105.6351 107.5561 106.9521 105.8096 104.4776 103.2685 104.6888 105.3163 109.3117 106.0807 104.8373 109.1070 102.0946 106.3426 105.4292 110.9251 105.6157 113.8406 108.7379 109.8495 107.7775 104.3752 109.7452 114.8115 109.4196 108.8153 115.9268 119.3214 121.0942 120.4839 120.7630 120.1248 119.0723 118.9721 121.5500
113.8200 107.9194 107.3470 110.6155 108.2136 106.8868 103.3716 107.2657 104.4994 104.4670 104.1281 106.9889 105.7648 109.7375 105.8334 105.2750 108.5210 103.5396 103.9886 105.5345 106.0670 105.6002 109.9461 105.6196 106.1661 107.4327 105.3906 111.2247 115.9429 108.2644 105.1116 111.7456 118.4653 114.8179 119.7189 116.5833 120.1710 119.3251 115.2503 114.1900
113.8200 109.4936 114.4617 112.6095 107.9947 112.5365 109.6378 109.8352 106.2545 105.5464 105.0639 109.2257 106.8239 106.8696 106.2155 106.2165 105.4478 104.9036 105.1033 106.7247 108.5005 107.1948 107.0009 105.8681 106.7636 109.0594 109.4445 112.1578 109.8185 110.4621 112.1432 111.7622 113.0860 112.9789 114.1987 116.9206 116.6618 121.1295 120.0970 120.3900
111.4900 109.6906 113.7801 111.6502 109.5523 112.6023 111.9298 112.5594 108.3183 106.9255 110.2150 111.3400 112.1794 112.3942 106.5708 106.6937 105.3887 107.4220 106.5882 106.9385 108.4729 108.5908 107.8683 112.0258 109.0391 114.1219 106.5403 115.4646 115.9899 111.4492 111.6719 110.9908 115.2862 114.2798 115.1406 118.9860 116.9280 117.2930 120.8901 120.5900
105.7300 109.7358 114.9313 113.1698 115.0792 109.6513 109.3105 113.3148 108.4233 107.4988 110.2398 107.9570 110.0701 112.8372 106.9584 109.6018 110.8432 106.1437 106.7926 105.9053 107.0346 105.8793 108.6690 115.7064 115.2174 110.0947 107.4165 103.3619 116.5544 108.7587 110.0699 109.9359 116.6459 114.4050 105.4306 113.0615 118.5790 118.0953 113.9725 110.5600
113.0500 113.7817 112.3461 105.9628 112.6930 108.2493 109.6565 109.8001 108.7955 108.7212 116.9027 110.4099 112.1657 111.7096 107.6700 107.6682 106.5157 106.6559 107.4076 108.7878 107.0423 112.5751 106.6151 111.6041 110.6128 113.0687 114.1344 110.7839 120.1500 117.0190 117.1623 118.8483 112.2986 105.1906 104.9396 107.3430 114.1792 112.1312 113.9608 112.7900
110.0200 112.5397 116.5234 111.1860 107.7486 106.9203 113.1371 110.0645 108.6181 113.6409 113.8655 109.2140 112.4830 111.4463 109.3685 108.9243 110.1609 108.4692 108.3791 107.4493 107.6459 110.8012 108.0419 107.6450 109.6322 114.5637 115.2965 114.2625 108.9895 109.5162 120.2251 115.8075 112.5309 104.2846 111.4129 114.5209 109.3657 114.3670 116.0377 119.2900
112.2800 116.2766 112.4147 110.9224 108.7696 109.2400 108.7573 104.8246 105.8760 114.6700 113.0104 112.7608 112.7893 108.2909 109.1844 111.4740 117.5381 112.3620 108.3302 108.2361 109.1088 107.5726 105.6294 103.2075 108.9639 113.4978 106.1254 119.3015 113.3158 115.2790 117.1114 112.2329 108.4728 109.5907 115.3175 112.9368 112.4615 119.0122 110.3031 114.6600
114.5700 104.5438 106.8795 108.4739 107.3225 110.3818 107.6573 108.7171 109.1055 110.1291 107.0185 107.3112 109.6788 110.5014 108.2420 105.6090 112.7688 106.7296 105.7894 107.4688 111.6423 107.4082 108.5821 112.3756 110.1788 111.1648 109.6673 119.1965 112.2612 110.8214 110.3213 114.0709 110.4697 110.4185 111.3715 113.2189 117.1419 114.8074 112.4404 113.2200
116.6000 108.9250 107.5354 107.3336 106.4963 108.2952 104.9222 108.9561 107.7605 107.6608 110.1965 114.3628 111.5433 109.6637 109.9111 103.2613 108.4348 101.9780 104.0702 101.8051 110.7056 104.2227 109.0910 109.9637 116.4866 116.8060 118.1271 113.5336 112.1115 114.0995 111.3957 110.2402 117.1499 114.4703 114.7976 118.7113 117.3995 115.1314 118.1971 111.8100
109.2700 105.9486 108.6971 107.1433 109.4676 110.6987 108.4668 109.2808 106.5485 106.9995 109.0381 110.0703 114.0637 111.8903 105.4431 107.0813 111.8848 110.9940 107.9828 105.2444 108.8024 109.1339 108.6241 107.3388 112.1057 115.4790 115.6487 115.1665 110.7279 110.3813 109.7986 112.5960 112.1471 114.0636 110.1314 117.4399 116.0862 117.8374 113.1398 110.2100
107.6900 106.8104 106.6904 107.9860 108.8502 107.5003 108.3654 110.1040 107.4631 109.7176 112.4036 107.8268 114.2153 112.9508 110.8541 110.7810 108.1421 104.8954 110.0627 106.6858 108.9562 109.2298 107.1558 110.0919 110.5196 112.0322 112.8683 111.5474 116.7399 115.6559 111.1562 111.5392 108.6206 113.7851 113.8542 115.0271 119.1263 120.2472 116.4696 113.3600
108.8800 108.2624 108.2269 110.6620 108.1601 107.4359 107.7373 107.4240 109.0315 108.9368 110.2407 113.2027 113.3297 114.0881 108.3146 105.3408 108.2611 108.5902 108.6185 106.9543 107.9737 111.4656 107.5945 113.6881 112.6973 111.1546 114.1009 106.7649 118.2718 116.8842 112.5790 110.1618 110.7153 113.9321 116.3390 116.3543 119.5803 115.6523 114.7690 111.8600
110.0000 110.3059 110.0805 109.0103 110.9409 109.5862 108.3536 108.0401 109.6728 110.6653 109.8491 112.0581 113.3886 113.4621 110.1869 112.0175 109.4874 108.6061 107.6094 106.3429 107.7303 108.8440 113.6111 113.7297 111.0363 112.8356 116.1706 108.2409 117.3735 113.7176 111.6035 113.7901 110.8796 116.2248 114.6238 111.2026 109.8469 109.1703 108.3955 110.6900
111.3100 114.2043 111.0520 108.8512 110.6612 109.1374 107.8243 108.6895 113.4179 115.2925 112.8932 114.3332 116.0068 113.0510 111.7193 113.2935 106.6314 109.4473 109.7864 106.5163 107.0008 106.4661 110.7448 112.2523 116.2996 116.8649 114.3568 108.1982 113.6100 122.2556 118.7143 114.3082 112.3778 112.1018 110.0351 110.9924 111.3421 108.9404 109.2865 109.4700
111.3100 116.0786 113.0974 111.0963 110.5983 109.2770 108.9292 109.5369 112.0146 115.7932 114.2252 116.7664 116.1558 112.8784 108.6107 110.3395 108.7164 110.1755 111.4556 107.9126 108.0427 107.1724 111.7849 112.4503 114.0293 113.0165 114.8975 109.1337 110.6130 117.4614 112.4876 111.4205 112.9419 111.7656 108.3041 110.6727 111.7934 110.4177 114.1204 110.7900
116.6400 115.8823 115.2516 111.7424 111.9282 109.3340 107.9335 109.3906 112.9062 115.2091 108.8269 115.0298 113.9250 115.8668 114.5962 110.2090 112.9320 109.6637 110.7707 108.7352 108.9677 108.2676 110.1116 112.8375 118.3840 110.4567 110.6504 110.3312 111.6305 118.7848 115.2157 113.5664 116.1618 113.7490 109.9937 111.4711 111.4393 110.5249 110.1325 110.5400
114.6700 114.7340 112.6650 113.1188 111.4674 109.6650 110.6771 117.7453 118.8325 111.9289 113.7790 115.8684 117.6074 112.6268 116.5449 112.7087 113.9645 111.0085 110.0070 110.7870 110.2402 110.1468 111.7641 115.3835 114.9955 113.7809 111.1725 112.7922 109.0956 113.6504 115.6096 111.0916 114.3589 114.9339 114.2334 111.1843 109.4643 111.5170 108.9648 109.1000
115.7000 116.6344 114.6967 113.6570 110.7552 112.1523 115.6756 117.0250 116.9944 114.3853 111.1029 117.9853 118.2449 114.7426 117.3137 113.6917 118.1345 113.6782 111.8145 112.5681 111.7326 113.3199 113.4306 112.7346 108.6338 110.4716 112.7326 110.0720 110.4002 109.2186 115.0513 112.7420 115.9997 109.4149 112.6467 109.5773 111.9158 111.2715 109.6591 109.7200
114.2700 116.0019 115.7009 113.7524 112.1462 112.1770 113.6984 117.1540 117.2648 114.7832 115.4695 120.2361 120.6108 114.7735 113.3892 114.3309 112.9761 111.9875 117.6054 113.7525 111.8664 115.0100 113.5958 112.5514 115.9391 117.9842 112.1632 111.4699 114.2114 112.7009 115.3782 109.1652 114.2346 108.6105 109.2946 110.5052 111.5891 110.2890 109.9700 109.9500
114.5700 116.2855 118.1367 114.8877 114.3044 113.5090 113.4425 118.1038 118.1140 118.3466 109.5798 110.5416 119.7499 111.9678 118.4489 117.5104 115.7401 118.4192 113.0762 115.1582 112.7823 115.8640 113.5881 111.4691 112.1900 112.4379 113.6927 112.6572 113.5331 114.0139 114.1347 114.1987 113.7722 115.6209 110.9854 110.1304 110.6185 110.4297 111.4456 109.9500
116.1700 117.0694 114.4687 115.1213 115.6619 114.7323 113.8494 114.7995 114.0655 114.9953 110.4755 111.4816 113.2191 116.8824 113.6845 115.5913 111.4239 114.0398 113.5827 113.6933 112.8336 116.3937 114.5727 113.1772 114.2047 115.1684 113.4249 115.6373 114.0317 115.8441 115.4892 115.2503 112.2750 116.3571 116.4224 113.2395 115.5336 112.0051 110.8591 118.2000
116.3300 118.0537 114.9428 116.8431 117.2245 116.5852 115.4895 115.7415 112.7793 114.5245 112.8894 111.1409 116.1755 119.1450 115.9277 113.0610 112.9640 114.3278 114.4107 117.3279 112.8612 113.7135 117.3934 113.5699 113.6689 117.3217 116.6334 114.3561 115.9783 116.2744 116.8924 115.7924 117.3286 119.5995 117.0103 116.8500 117.7272 115.1883 111.6038 118.2000
118.0300 116.6379 116.1881 118.1656 116.5420 116.6260 115.7194 117.1372 114.1735 116.4251 113.4598 113.6083 117.1914 120.5949 117.2488 113.0273 113.7898 114.2781 114.2094 114.3774 113.5783 115.6672 118.8460 117.8612 115.1710 116.8184 114.9932 115.2798 118.4473 116.2241 116.9297 115.9388 117.1283 118.8583 112.3062 116.5491 118.4752 118.4987 112.7438 117.5600
118.0300 115.8500 115.8500 116.7500 116.7500 116.9900 116.0900 116.0100 114.4100 114.4100 113.5100 113.9600 113.7500 113.8200 116.3300 114.0700 115.3200 117.5600 117.5300 114.2000 114.0000 117.1900 117.1300 120.0900 117.2900 116.6300 116.3600 115.2600 117.1200 117.2300 117.0500 117.0500 116.9900 119.4900 121.3400 117.7500 119.1700 119.1700 116.3800 113.5800
