114.7100 114.4700 112.8800 111.8800 110.7200 110.7200 115.3600 111.4300 108.5500 109.9500 109.9900 108.0200 114.2700 111.0300 111.0300 108.2400 114.6100 109.0300 114.0700 114.0700 108.1000 111.9000 113.4400 113.0900 113.0900 115.1800 116.1600 116.2400 111.7500 111.5800 113.2100 108.7200 108.6500 112.2700 112.1100 111.9800 111.7000 111.5400 111.3900 111.3600
109.0600 113.9427 113.4246 112.5193 112.5401 104.5705 112.9240 112.6741 111.7687 109.3156 109.3152 106.9139 108.5819 112.0655 111.0212 108.7995 110.5966 108.1378 113.6405 108.1214 107.5585 108.1874 115.4191 115.6371 115.3843 116.0133 117.9529 111.5739 112.2082 111.5751 112.9230 109.7700 111.2279 111.2506 112.3805 112.0892 111.9005 112.8583 111.6825 112.1400
108.9600 110.8336 112.4682 113.8797 114.2990 109.7628 110.4929 113.5065 109.8579 109.5009 108.7326 108.6846 107.4444 108.5863 111.1736 109.2579 111.7387 113.8228 114.1705 108.5757 109.2692 108.4210 111.5820 115.9554 115.4310 115.3045 115.5800 113.2782 112.8321 112.6610 111.6420 111.8576 111.2752 111.0089 112.4736 112.2181 111.8782 112.6078 111.3038 111.4700
113.1700 110.8100 107.2892 111.1083 114.2240 112.9986 112.8495 109.3668 108.9095 109.3853 109.8301 114.5298 109.9658 112.0912 111.4221 106.8659 109.4304 112.4323 109.9883 108.6047 110.8758 112.5352 114.3128 113.9899 114.4896 113.0535 113.6009 113.0079 114.2976 112.3141 112.0602 113.0216 110.5113 111.4182 112.8512 112.3755 111.5809 111.2531 111.1855 111.3500
105.6100 106.0811 108.0676 115.1327 113.3377 114.7858 112.9241 107.4180 107.1804 114.8242 114.4619 110.5409 106.4411 108.2541 106.7091 109.4238 108.3493 107.9732 107.5406 109.1869 107.9697 112.1201 114.5602 112.1047 111.4933 110.8152 114.0098 112.1460 107.9833 111.0083 112.0724 110.4086 112.9527 112.3679 112.5798 112.5744 111.2351 111.1670 109.9089 111.7200
106.5300 107.6697 107.4429 110.7099 114.9944 112.3686 107.7334 107.5516 106.0814 107.8230 113.0584 111.4834 109.3015 106.5194 110.1698 109.3754 108.5436 107.9703 108.0320 110.4735 111.4797 108.2180 110.7433 113.7971 110.1689 111.9422 110.6039 110.7813 108.8858 109.4522 110.0864 108.7453 111.4990 112.2965 113.0488 112.7012 112.1357 109.9412 109.5863 109.5600
107.2300 111.6812 108.3748 109.0369 110.8691 109.7671 106.8522 107.1766 107.2157 107.7267 107.6525 110.0156 112.8222 114.4451 110.6157 108.5879 107.8444 108.3043 108.3940 111.0845 113.2134 112.9299 111.0644 113.1392 112.8165 108.8865 109.4359 110.3186 108.4704 108.6994 108.5480 108.5106 109.1147 113.4761 110.8074 113.1609 112.1096 109.9762 109.6770 109.5600
106.4000 109.1957 107.2133 111.0445 111.7452 110.8146 106.7076 106.9748 105.8711 109.0908 110.0724 110.8777 105.6523 106.8399 107.3407 106.6592 107.8233 108.0745 108.7273 110.1563 111.7031 114.7101 107.6294 112.4214 109.1895 112.0059 108.3298 109.1239 109.0307 109.0812 110.7171 107.9351 109.9172 111.6138 113.3983 112.1617 111.4942 109.5960 109.3208 109.3600
105.6300 105.6878 109.2020 103.2474 107.7143 105.2274 106.2662 106.7253 105.4831 105.8742 104.7556 109.8733 111.4412 106.2083 107.0167 106.9550 107.3495 107.2032 107.6455 108.1669 112.2438 110.9777 110.7103 109.2529 108.1973 109.1180 110.4005 109.2469 108.8919 108.4614 111.3457 108.7752 110.7656 110.8463 111.0307 110.4633 109.0509 108.9363 111.2391 111.9200
105.0200 104.7641 107.2350 102.6212 104.8698 106.9986 106.1126 104.3000 106.6871 106.6683 112.4244 110.8630 108.7205 106.1443 106.1835 106.1100 106.2865 107.3730 110.3478 111.6782 112.9607 110.3498 108.1861 108.2127 107.5682 107.4132 108.5777 109.6309 109.3844 108.8150 109.1561 108.0139 110.2742 108.3821 110.3313 108.8213 108.5864 108.7045 111.2748 112.2100
104.5800 104.9070 107.7694 104.2950 103.4470 105.3329 107.4039 105.7076 106.7673 104.8183 109.3796 105.1008 105.9638 107.2875 107.3388 107.4841 107.5658 107.6318 110.0176 113.3275 109.2406 107.4235 108.4138 108.6930 109.6004 108.5945 107.4598 114.8141 109.4560 109.0156 108.9349 108.2199 107.8940 108.0172 108.6459 108.8796 108.8991 108.2477 111.1841 110.7800
109.1900 104.3344 102.8277 104.8455 107.1921 104.0002 104.4256 104.9243 105.8655 106.1824 107.3782 105.1610 106.4052 106.4635 107.0287 107.3246 107.2931 107.0069 112.0505 107.3622 107.0837 107.9594 113.3848 113.1781 108.3541 107.2164 106.9165 111.9565 114.3713 109.3131 108.0787 107.6133 108.5168 108.3217 109.2552 108.6459 109.0413 109.9350 110.9903 109.6500
104.5200 103.9132 102.9412 102.3772 102.2933 102.8274 103.0563 103.7108 105.2181 105.7362 103.6171 102.5196 105.7530 106.1508 107.6868 106.4475 106.2610 107.4772 107.7506 107.1538 107.1519 108.3438 110.6816 108.6978 109.0071 107.6561 107.8423 107.4379 109.7264 110.7107 110.9556 108.2430 108.4332 108.2312 109.3021 109.3356 108.3289 109.5176 108.9421 109.4600
102.0500 101.9445 101.8883 101.9860 102.0115 102.1303 102.3275 102.5479 102.6747 104.1370 104.5838 101.6237 106.6928 105.0594 105.9343 105.9350 106.1528 106.2597 107.0838 106.6521 107.4273 107.9668 107.8022 108.7206 110.4226 108.5430 109.3664 108.6944 109.7875 116.1867 114.9039 107.4371 108.7599 108.8968 109.4078 109.1742 108.6035 109.6323 109.0596 109.1100
101.4400 101.3056 101.1680 100.9459 101.0968 101.3429 101.4552 101.9457 102.2834 102.3751 102.9253 104.6628 104.0695 106.1138 107.6167 105.7700 105.1697 107.6983 106.5862 106.4279 107.8931 108.0763 108.2659 108.7973 114.5849 114.1549 113.6631 107.3516 110.3090 112.8345 110.4485 109.8230 108.9860 109.4593 108.7661 108.5248 108.6884 109.9830 108.6723 109.3900
100.4900 100.2682 100.3132 99.9264 100.1254 100.5116 100.5443 101.0061 101.3910 102.0173 102.4857 102.7523 102.6080 104.3867 105.4058 106.2211 105.6274 109.7123 107.3890 107.4420 107.4324 110.1014 111.5921 113.9241 112.6650 113.9476 111.7682 109.4317 109.4374 114.1192 114.7774 107.4458 108.9008 107.8954 108.8069 108.5611 109.1149 108.4993 108.5753 108.7300
99.0600 99.0295 99.1155 98.6470 99.0466 99.4184 99.6430 99.9750 100.6119 101.2168 101.8781 102.4166 104.2542 105.7108 104.4569 105.5708 105.3289 105.3493 105.8972 107.2538 108.3207 112.6393 107.9832 112.5422 111.3627 112.7170 113.1172 108.5721 110.0116 111.9402 107.7182 107.7342 107.6523 109.1634 107.9965 108.6163 109.8676 110.2744 108.8498 108.7000
98.0800 97.9565 97.7553 97.3212 97.5318 97.9693 98.3911 99.1653 99.5779 100.6738 101.3793 101.9273 102.7396 105.7004 104.3134 104.3635 105.4524 105.2677 104.1519 107.1659 107.0943 108.7117 105.1054 107.0288 111.7800 110.8809 113.2943 107.5417 113.9860 111.3533 108.5531 110.7042 107.7007 108.4259 108.2296 110.4155 110.1222 113.6551 109.1167 111.3500
96.4100 96.2306 95.4993 95.7400 95.9377 96.7748 96.6026 98.3698 99.2475 99.9775 100.7307 101.4733 101.8529 102.5103 104.8648 103.9380 104.6307 104.9752 106.3786 107.2432 106.6287 110.4636 107.5928 112.4109 112.8677 111.8042 113.0631 112.9931 111.5704 112.6313 115.8105 109.0162 108.1363 107.6936 111.3069 108.6497 108.4154 109.9692 111.1423 109.0200
94.5000 93.9280 94.0222 92.7287 92.8820 93.6888 94.3765 95.7097 97.8251 99.0241 100.2585 100.9650 101.7088 102.3325 103.7750 104.6128 105.7605 104.5853 105.2956 106.7300 107.5174 111.4134 109.8612 113.6378 111.7006 112.3260 112.5176 112.2352 111.7088 110.6549 109.1987 112.4661 110.5466 115.6881 116.0036 115.9000 109.9732 109.9904 113.5582 113.7800
94.9000 91.3689 88.5614 87.9299 89.6996 90.1276 92.7584 94.3230 97.3190 98.5284 99.5145 100.6429 101.5045 102.1860 103.4761 104.1775 105.3458 104.9228 105.5631 110.0840 110.9875 111.4220 106.9502 110.7568 113.0261 113.4597 114.5087 111.1438 111.8309 110.8636 110.5229 109.6656 111.1205 109.6857 112.0646 109.7482 112.1554 111.2576 109.7396 110.2900
91.6800 88.6371 85.7975 83.8732 82.8702 87.5798 90.1741 93.4613 96.4089 97.4651 99.2065 100.2502 101.2392 101.8427 103.0756 104.3376 105.3708 105.1835 106.3524 105.9142 105.7944 107.2850 106.0012 107.8885 107.9038 107.9365 108.6094 108.4653 110.2081 112.2211 113.6379 115.2503 115.9505 116.5255 110.9400 112.2128 113.0421 110.2157 111.6209 108.9500
90.3600 89.2042 75.1212 71.3151 74.7577 83.1211 89.1458 92.3442 95.3193 97.3913 98.4884 99.8297 101.1574 101.8653 102.9462 104.6299 104.3360 105.5211 104.7420 106.3834 105.9029 106.7472 106.8699 108.4112 108.2324 108.3527 108.5628 109.8226 112.0888 113.4548 113.5241 114.7466 116.2393 114.0829 114.8351 114.0103 112.8205 112.5194 111.5212 110.3400
88.6700 96.0580 64.4393 56.3739 63.6199 76.4078 85.7449 92.6977 94.3125 96.7444 97.8089 99.9335 100.8536 101.9518 102.8133 104.6339 105.7889 104.1943 105.7466 105.9663 105.9040 105.9871 106.5529 108.4166 108.6548 106.8717 107.0082 108.5373 112.8205 110.4436 110.2255 111.1837 112.8738 112.2708 111.4660 112.9572 112.7131 112.5951 112.1880 108.3700
88.5700 89.6682 65.8723 62.7545 70.0371 82.3187 85.3914 91.9343 94.6341 96.5174 97.4835 100.2048 101.2825 101.8760 102.6713 105.1650 105.5596 105.5367 105.2083 105.9887 106.8628 106.8049 107.3058 108.1719 108.7057 107.7082 108.2540 108.7772 110.7792 109.0315 110.3181 109.6196 115.6719 114.9884 109.5188 111.1011 110.5264 110.8079 110.0147 108.3700
88.8400 85.4885 78.6833 73.9045 77.3609 85.5089 86.5005 90.7205 95.1190 96.4449 97.7567 99.7145 98.9580 101.8556 103.1375 104.3044 105.0070 102.1481 104.9406 104.5933 106.5657 107.5409 108.0664 107.6250 108.2246 108.3961 108.2670 108.4431 109.4489 108.2678 110.0257 110.2825 112.3496 114.3832 109.1627 109.9414 108.7167 108.9163 109.8656 109.6600
92.4000 91.4103 87.1587 84.4803 85.5985 90.8715 90.5113 94.0337 96.2666 97.5018 99.3322 100.3606 99.0168 102.1750 102.5165 105.1236 105.8310 104.9705 106.4519 106.6416 105.8775 106.9903 107.3653 107.5818 108.8090 107.7576 107.8090 107.7012 108.7362 109.2746 109.1609 110.1400 110.8365 109.5663 111.9559 109.8364 110.2342 110.3580 109.8974 110.2300
93.6000 93.0258 88.3713 90.1787 92.2417 100.6653 93.0306 94.6954 96.8597 98.6830 99.6284 100.6900 101.5461 102.2316 103.8340 105.6106 105.8911 106.5901 105.7933 105.9889 106.1462 107.3368 107.8467 108.2411 106.9124 107.6781 108.3591 108.1249 109.4932 108.9508 108.8550 108.9780 109.5758 109.6730 110.5749 110.1221 109.9246 108.5280 109.9415 111.3500
93.6000 105.5705 95.6431 94.9680 93.6502 104.5184 94.5332 96.9896 97.2191 98.9724 100.2179 101.2157 101.9719 102.4539 105.4737 105.8909 106.5702 106.9531 106.5352 106.4301 106.3957 106.5853 107.6300 108.6229 108.6259 107.6490 108.5146 108.3157 108.2504 105.9989 109.4506 109.1562 109.7018 109.4738 110.4593 109.4236 110.4308 112.2391 112.1879 113.3700
88.0100 90.5878 96.0559 94.3995 93.5575 91.1615 97.1401 98.3835 99.0874 100.1463 100.9191 101.6869 102.3658 102.8527 102.4325 99.6681 106.5805 104.2944 105.6932 106.0507 107.9241 107.4757 108.7954 108.4966 107.2354 107.4968 108.3960 108.5018 109.3374 107.9667 107.6540 109.6594 107.9532 111.0090 109.2178 110.7559 112.3236 110.1914 112.1545 110.8800
91.5700 89.6526 94.5913 96.8179 99.7807 97.7780 99.5263 99.1696 99.4546 100.8147 101.5320 102.1374 102.6893 103.9398 106.4718 100.9095 102.9812 106.3371 105.3862 107.7968 110.2176 110.7709 107.2016 111.4071 114.4419 114.6801 109.2717 108.6121 109.6957 110.1816 107.6385 109.0214 109.9867 110.6022 110.3159 109.3484 109.1423 109.3674 109.6549 110.2700
91.5700 91.5066 90.4685 96.1434 93.8426 94.2826 99.6698 100.6208 100.0434 100.8454 101.9905 102.2835 102.8583 104.8772 104.8009 101.1444 106.0687 106.4138 106.9244 107.6206 107.3744 107.7061 108.1212 108.6028 113.2771 109.6934 113.3341 115.0481 113.3530 110.9308 111.2966 109.7801 110.4549 110.3537 110.5799 109.3880 109.7584 110.7186 109.7407 109.6600
93.2400 101.9341 92.9827 96.3666 97.6441 100.5128 101.9844 100.1705 94.7866 95.8841 102.3308 103.3203 104.1241 104.5427 102.6891 106.8090 106.5861 106.5303 106.9040 107.2083 108.0066 108.7167 107.9781 107.2743 111.8113 111.0004 108.6938 109.7132 107.7178 112.8004 110.7508 114.0082 109.3142 110.8848 110.6776 110.0861 109.6409 110.8525 109.9172 110.9100
101.4300 97.8351 99.5744 102.9536 102.5243 101.7096 98.2280 95.7008 96.3798 101.9241 103.1359 105.2433 106.3121 105.1613 103.3834 106.0079 107.0285 107.4765 106.7742 109.4713 109.4399 108.1444 108.0808 107.8752 107.8305 109.5930 109.3797 109.6222 108.3559 108.0577 109.4961 109.7885 108.6930 109.7424 109.2041 109.8311 108.8099 110.0733 111.9809 109.3500
102.1500 95.6984 97.5600 97.4135 97.0473 97.6008 98.1835 97.4465 96.8077 104.7765 104.8646 105.8406 105.3093 105.6363 105.3424 104.7144 107.0879 107.0389 107.8072 107.5671 109.6075 110.2270 108.9136 107.6588 107.5817 113.2279 110.9133 110.6967 108.5326 108.0586 109.7792 109.2368 113.7830 110.4396 109.3444 109.9564 110.4861 109.0670 109.7919 108.9000
97.5900 98.7878 97.3088 96.9571 97.6471 97.9307 97.7195 99.4847 99.1981 105.5754 105.9694 105.4229 106.5440 106.7481 106.0327 104.9225 107.0065 107.1924 107.5196 110.5766 107.1409 110.7814 106.9844 108.0243 110.8264 110.7943 110.6747 110.3849 109.7934 111.5704 114.6745 109.1456 110.6744 110.2789 109.6824 110.0622 110.9359 109.5438 108.6937 109.1200
99.7900 99.7044 105.3389 102.9083 98.8315 99.1506 99.4693 101.3277 104.5823 105.7973 105.5682 105.0834 105.7768 106.2840 106.5096 107.5225 107.9642 107.4968 107.3689 108.9233 109.6992 108.9399 107.5462 107.5337 108.1186 114.9065 112.1488 113.4100 110.7816 112.9436 111.3738 114.0246 110.3985 111.7228 109.1682 109.2219 109.9513 110.5887 109.8755 109.6100
99.7900 100.6582 99.6992 100.7718 101.9215 101.7110 101.1654 103.0752 101.7131 106.0856 106.6996 106.2370 106.0529 105.3487 104.6668 104.9276 107.1414 107.7098 107.6004 108.2620 108.9266 109.9223 104.7415 109.6720 111.0665 115.6328 112.4146 110.6281 109.0219 110.7930 111.8916 111.5258 110.2857 116.1447 108.9912 109.1580 108.5968 109.8096 110.4103 111.9700
102.5100 102.6416 103.3154 102.5052 102.8929 102.0800 104.5091 102.6913 102.9259 105.7752 105.3539 106.3429 106.7868 105.6965 107.5420 107.6554 106.5666 108.1626 107.7246 107.8353 109.0092 107.8309 107.2682 106.9177 113.8826 113.4070 112.4613 108.3297 110.4975 110.2294 110.3354 108.5644 111.7465 112.5463 109.1012 109.4439 109.6762 109.5512 109.9753 111.5000
102.5100 106.6900 106.6500 106.7400 101.9100 102.3000 102.1500 102.8400 103.7600 105.6300 107.3300 107.3800 106.9200 107.9800 108.1000 108.1300 112.3900 112.3900 108.8400 109.9100 108.3000 108.0000 114.5600 113.8400 111.2100 116.0100 113.3100 112.3500 108.8800 108.7100 108.8700 108.9200 110.8600 109.7100 109.2500 109.0600 109.7100 110.2800 110.9900 112.6100
