109.3100 108.8700 109.0000 111.2600 113.3900 117.4000 111.4600 111.4500 113.8900 108.6200 110.2300 111.9700 110.5400 113.3300 113.3300 116.0900 116.5500 110.4900 115.5400 115.5400 115.8900 115.8200 114.8800 114.8800 114.4200 118.2300 110.2800 114.2700 114.1100 112.0700 115.8300 115.8300 115.1000 115.1000 114.8900 114.4100 114.4100 113.9700 113.7600 113.7600
113.5600 110.9391 108.2109 110.5662 109.9877 116.5711 113.0159 113.5232 112.5277 108.3954 108.2141 111.0749 109.1135 110.9973 110.4621 112.1694 107.6925 108.3274 113.9548 116.7870 115.6975 113.8022 113.3052 114.7249 113.2492 114.4347 114.1984 112.7478 116.7731 116.8780 114.3682 115.5930 114.1268 114.9618 112.0631 114.4102 114.5397 115.8872 113.8815 113.8600
110.2100 109.3879 113.2362 112.9387 110.9552 112.7551 116.1457 113.5095 110.1689 109.3833 108.2018 111.0667 111.8982 112.4426 110.7428 113.5138 111.1332 110.3107 115.7470 111.7772 117.0080 111.5580 109.7105 114.2214 108.3854 110.1892 113.2720 111.1561 110.6197 116.8129 114.6779 116.2074 116.0844 113.2831 115.7360 114.7555 112.9438 115.7984 114.5022 114.1500
110.9200 109.4359 112.6490 110.5634 112.3599 112.9727 110.7986 109.8206 109.4579 110.7599 108.8877 114.6294 108.9265 112.0447 110.7312 113.1288 112.5974 112.7876 114.5190 108.4801 114.0646 112.9469 110.7960 112.6112 108.6736 108.3891 109.1795 110.0072 109.3829 113.4179 117.3328 116.8107 115.2168 111.9268 111.8934 110.5998 108.4292 111.0275 110.8490 111.1700
114.9200 110.2261 112.9715 112.8963 110.2968 112.2123 115.5933 114.3883 114.1382 111.8217 109.8862 113.4599 109.6264 110.4264 109.2263 110.9251 114.4163 114.4840 114.2856 109.2853 109.5374 110.2606 109.4540 108.9613 108.2596 109.9363 114.4129 109.3176 108.9329 109.7145 114.3019 117.1921 115.7119 112.1266 110.7285 110.7623 111.1227 113.3110 113.3371 112.8000
113.5100 113.1708 111.8892 114.8575 107.1171 109.5811 113.5034 113.3002 114.9498 115.1171 109.8810 108.2889 109.5432 108.0892 107.0336 112.9143 114.2093 114.8387 112.8925 112.6563 109.9800 108.5313 110.0032 110.3567 109.2138 110.5691 111.9424 111.4337 108.5583 109.5141 111.2042 115.5499 113.5418 112.2423 113.5733 113.3200 110.8157 111.4827 112.5998 115.0900
109.5700 109.7591 109.8786 113.9589 110.6286 111.7355 110.0484 109.6519 111.7479 114.1473 113.5273 109.3135 110.3821 112.4701 113.9640 115.3000 116.2750 112.6478 112.3843 107.8157 109.1606 109.5412 109.3836 111.5549 109.5869 111.4428 110.8639 112.2949 109.1378 109.4379 108.7914 110.9231 109.6681 112.5068 114.8802 114.8410 114.2856 111.9953 111.4358 115.0900
109.8400 109.6918 111.6086 112.0505 110.0161 110.7403 113.6789 113.5261 113.3076 116.4085 110.5971 109.2052 108.8097 110.9763 114.1676 109.7681 114.7888 112.1725 116.1883 110.2822 108.9477 109.3469 108.6490 114.8208 114.9903 109.6686 110.7992 109.3519 109.3646 110.6023 109.3333 109.1645 109.1772 112.1518 115.0568 113.5657 114.1133 112.1716 110.3815 109.6800
109.8400 113.4149 112.3580 114.4969 110.1744 110.6086 113.1112 111.3926 111.3230 113.2333 113.7397 109.5427 109.1172 108.9658 108.5759 108.0071 111.0310 109.3831 112.7350 109.2922 109.1182 108.6100 107.3810 108.8843 109.6737 111.3025 111.1081 108.1950 109.3860 110.8379 108.3912 109.2360 108.5226 111.1767 115.1597 113.3550 112.5861 109.7437 109.8849 109.8200
109.6700 112.3044 114.3894 114.9547 113.0137 109.2971 109.8952 108.5624 112.1523 114.8659 112.3588 108.5762 113.9879 108.9441 108.3795 115.9940 113.1473 108.8430 109.5462 109.2354 108.6143 108.1268 108.0810 108.6055 110.1493 110.4032 111.8849 108.0814 109.9657 109.0184 108.5022 108.3109 108.0789 110.5156 109.8650 111.4184 110.1733 108.9853 108.8868 108.9100
109.4400 108.4586 112.3524 112.1691 113.3387 108.9681 109.3973 108.6728 112.2644 108.5868 109.8182 109.0840 113.2046 109.0406 108.5568 111.6098 113.0365 110.2733 109.5411 108.7340 111.9009 111.8321 109.4774 109.8476 109.4625 114.1136 113.0432 107.6803 110.6550 110.1155 108.4515 109.4410 110.2287 108.8761 111.4242 110.5642 110.2039 111.7198 110.9444 109.0200
108.9700 108.8839 109.5644 108.4264 111.0918 108.2173 108.0083 108.1231 108.6926 107.1462 107.5941 112.8572 108.6651 109.0408 108.5992 108.7491 109.8562 108.3462 108.7558 109.1732 110.7069 110.4453 111.9664 114.1856 110.6153 114.4709 110.9721 110.7352 110.3414 113.6587 111.0720 110.8312 109.3865 109.0132 110.4980 111.2835 110.2866 108.9767 110.9667 109.8700
108.6800 108.7923 108.0072 108.1620 108.0569 107.2148 107.3611 107.4718 107.3673 107.4940 107.6248 109.0540 107.9151 108.3829 108.5633 108.6454 109.3062 109.1844 107.9036 109.3940 109.4608 110.7211 113.3071 113.1824 110.1187 113.9797 109.5936 111.3898 110.0289 110.9510 109.3038 109.8915 109.1561 109.3096 110.2674 109.4703 110.1172 110.8023 108.8838 108.9100
107.0000 107.2170 107.3577 107.2239 107.6265 106.9586 107.4727 107.4235 107.5777 107.6982 107.2067 106.9214 107.5082 108.3640 110.0659 108.3919 108.4348 108.4955 107.9591 108.3593 109.1281 111.3659 109.7219 111.7483 109.9598 110.9932 116.2073 109.5367 108.7866 110.9431 111.1229 109.4962 109.0900 110.3290 111.2442 109.9993 111.4268 112.3612 109.7323 111.0100
107.0000 107.0114 108.2115 106.5837 108.0814 106.5128 107.6708 107.5858 107.2639 107.7272 107.9903 106.5643 106.7143 107.9360 108.0126 108.0652 107.7163 107.4847 107.8940 111.1536 108.3700 110.2055 109.2033 109.8620 110.5941 108.8657 114.3342 111.5530 108.6240 110.7887 112.1655 108.9785 109.5075 108.4622 109.9479 109.5141 116.3867 108.7699 110.0838 111.2100
106.9600 107.0026 107.2102 106.3895 107.6451 106.7337 107.0376 107.0630 106.6607 107.6264 106.6502 106.2152 106.8349 107.9682 108.0738 108.0631 106.7431 108.1881 107.6562 110.7730 108.9709 108.5481 108.9487 108.9031 108.9889 114.0987 112.1580 109.2780 111.2969 110.1676 108.6070 108.5973 111.7629 107.8098 109.5721 109.9971 113.7427 110.5294 110.8227 110.1400
107.4600 107.6133 106.6926 106.2984 107.1616 107.2238 105.9045 105.8536 105.6176 105.9375 107.1332 106.2823 106.6391 107.1010 107.8772 107.9872 107.1236 107.2909 107.9920 108.5990 107.6865 108.1337 109.2437 108.8323 112.2892 113.1295 108.7861 109.3274 111.5290 111.3348 109.9793 110.9393 109.8384 109.6628 109.0492 109.4928 110.3621 110.0835 110.1495 110.1400
107.5200 107.2767 106.3149 106.9664 106.0033 107.4779 105.8622 105.8636 106.0146 106.7822 107.5053 106.0449 106.8814 105.5864 106.5353 107.5790 106.2362 106.2580 107.4529 107.7158 107.9800 108.0498 108.2029 108.5848 109.7280 111.4630 109.4192 113.1163 112.1679 112.8923 112.3947 110.6852 108.2777 109.3815 109.3367 111.0485 111.4940 111.0337 109.1425 109.0400
107.5200 106.2199 106.1886 107.2157 105.4919 106.2351 105.5350 105.8724 106.7987 106.8699 106.5882 106.8495 105.6447 106.8253 106.9080 106.9706 106.9405 107.1879 106.3519 106.9601 107.6590 107.9468 108.6082 109.1170 108.1529 107.6806 109.0684 109.2397 110.5373 114.7793 113.3126 109.5989 109.0163 110.0010 110.0353 111.5046 115.3545 112.7198 108.1442 111.2500
106.9200 106.5086 104.8005 106.5225 106.1869 105.6419 105.3588 105.9144 106.2593 106.2356 105.0497 105.8650 105.2074 106.9496 105.9165 105.9681 107.2750 107.6895 107.5126 106.8084 107.3896 108.3871 108.3903 108.7345 107.1559 108.4439 110.2538 108.2084 113.5979 108.7920 110.5006 109.0641 111.1406 109.6654 113.9941 115.8681 116.9001 117.7821 107.8845 109.9800
106.9200 106.2213 104.5708 105.2580 104.2931 103.6545 105.1297 104.8114 105.1323 105.0115 105.8149 105.2944 105.9943 106.4683 106.0254 106.7076 107.5560 106.9584 106.7715 107.0804 107.6231 107.8620 108.1668 108.1077 108.8992 108.7445 108.6259 109.1550 111.9349 109.3859 108.6497 108.5300 109.4875 114.9682 115.7092 117.3534 112.0872 113.9495 112.8372 109.0800
106.2300 105.5716 105.0190 104.0572 103.3891 103.4520 103.8000 103.9556 103.1213 103.1880 104.9606 104.8212 104.3676 105.3584 104.6760 105.9947 106.3063 106.8069 107.1935 107.1548 107.0168 107.6331 108.0686 108.0752 108.6686 108.5460 108.8702 109.2086 109.0119 109.1037 108.1686 114.5739 113.6922 115.5563 114.1412 112.0377 111.5219 112.1989 110.4759 109.0800
103.5400 103.5131 103.2887 102.7577 103.3593 102.4828 102.5195 102.4059 102.4788 102.5254 102.7125 102.6698 103.2960 103.6454 103.8022 106.2718 106.4779 106.7398 106.4770 105.5111 107.2939 107.5557 107.9253 108.0442 108.1873 108.3405 109.0261 108.7353 108.6004 109.3576 112.7049 114.4558 109.7726 109.4689 108.9604 110.8731 115.1011 113.0761 111.2584 109.4600
103.5300 103.1232 102.4591 102.1931 101.9481 101.2220 101.4871 101.4426 101.7549 101.4759 101.3235 102.3027 102.7672 102.8482 103.2888 105.5792 106.5190 106.3637 106.8023 106.6549 107.2440 107.4961 107.9520 107.1549 107.5028 107.2365 108.1415 109.8223 109.3735 110.9357 111.4214 108.4504 111.4053 111.1260 111.7131 113.3382 115.3281 113.4098 113.2466 110.2800
102.8200 102.1777 101.7884 101.3780 101.1933 100.2928 99.9930 100.0956 100.5331 100.3977 100.7143 101.5954 102.2979 102.2334 102.4497 103.4470 104.2908 105.4359 106.5112 106.9868 106.1842 107.1396 105.8674 106.6134 106.7335 110.2340 108.9668 111.0144 108.2205 110.3830 109.8546 109.2963 112.7460 113.6194 116.5814 111.3401 111.9107 115.7361 108.7092 108.7100
102.2500 101.8020 100.7917 100.6982 100.6073 99.6641 99.6054 99.5841 99.7261 99.6622 100.1417 100.5730 101.4154 101.5688 102.2741 102.8217 103.2877 103.6563 105.9517 104.8773 105.3073 107.0474 106.1836 107.0100 106.5062 106.9686 108.3251 108.3402 108.3842 106.5985 109.5234 111.6178 114.1357 112.3916 110.3918 108.9186 113.7168 117.6342 114.5174 108.7100
100.7700 101.1269 100.0773 99.9345 99.8764 98.3789 97.4893 97.3145 97.6585 99.0684 98.8998 99.7247 100.4149 100.8975 101.4215 102.1775 103.0618 103.4364 104.6175 104.8294 106.5605 106.0471 107.1077 107.2791 107.6618 107.6534 107.4240 109.3521 108.8719 108.3254 112.8035 114.1165 114.8218 114.0019 114.9965 115.7240 115.9686 115.1731 116.8387 111.7600
100.7700 100.5633 99.3564 97.3420 98.4800 97.2072 96.3917 96.3128 95.6103 97.4174 97.5464 98.8532 99.5598 100.3859 100.8160 101.6754 102.2328 102.7394 103.4853 104.3637 106.3998 106.3148 105.8398 106.1113 106.7473 110.1066 105.8104 109.6956 108.2634 108.0013 114.5438 113.9998 112.8004 111.8855 116.8634 110.6823 109.8556 110.7975 110.9401 109.2000
99.8600 99.7467 97.5786 95.7773 98.1743 94.7935 94.3523 94.2767 94.3805 95.0455 96.2839 97.7800 98.5527 99.5275 100.7002 101.5884 102.1180 102.8130 103.2400 103.7960 106.5742 105.9549 105.8913 105.8008 106.8778 107.1043 108.8542 109.4763 108.0638 110.8347 109.4989 116.2499 110.3254 114.4384 114.7986 113.5840 115.3733 110.0411 114.3927 108.9500
100.1500 99.0633 98.2010 96.2587 94.5749 92.2390 91.2232 90.6505 90.7023 93.4541 94.4557 96.1265 97.3989 98.3742 99.5982 101.0800 101.7267 102.1193 103.0212 103.5471 103.8142 106.3436 106.0601 105.1279 105.3504 105.9853 107.0921 111.4907 110.6665 111.3211 110.1749 110.9073 115.6054 113.5790 114.6400 116.1145 114.0724 113.2205 110.4238 113.7100
99.2500 98.1062 96.5665 95.2275 93.1340 89.3097 87.6814 87.6934 88.6621 92.3278 90.9893 93.5031 95.8458 97.2540 99.3510 100.8283 100.7817 101.9743 102.5876 103.5456 103.6212 106.4992 107.2410 104.5117 106.7017 106.4485 108.5989 112.0249 109.7152 111.7472 108.9036 114.8475 113.1597 114.9581 113.8216 116.8750 108.3625 110.1468 112.4034 115.9100
97.8300 96.9010 95.1382 92.3324 89.1690 86.6815 85.3564 84.7977 85.7995 89.9098 89.8044 92.7206 94.3620 96.4168 99.0060 99.9538 100.6152 101.6622 102.4475 103.1023 104.4709 105.6364 106.4880 107.0729 107.7234 108.6755 111.6562 107.3460 110.9395 112.0825 108.9242 110.6055 113.3477 112.9380 111.5902 113.6095 112.7334 113.1673 113.5789 113.1400
97.3700 96.6562 93.7264 90.5124 86.6993 82.6318 78.8674 76.5890 79.8982 83.5668 88.0958 90.8770 93.9624 96.3168 98.2902 99.2192 100.3939 101.3131 102.2932 103.1719 103.4408 105.8920 106.5193 107.1083 109.0532 111.5753 108.2085 108.0182 108.0312 108.3308 108.8472 109.0803 109.3169 114.0552 111.1273 111.9369 110.4140 112.3482 107.8006 112.8400
98.1200 96.3200 93.2505 89.8741 84.9456 79.2466 70.3109 67.6969 73.8391 82.0877 85.2021 90.1526 92.6159 95.8994 97.2926 99.7397 100.4774 101.4243 102.2742 103.0179 103.4830 105.4909 106.6692 106.5904 105.8750 106.3040 107.8268 108.1661 108.4223 108.6013 109.1826 109.3099 112.6856 113.2764 113.7214 109.9715 115.0953 112.4460 109.6626 109.2100
97.5800 96.3972 93.1003 89.1302 83.9668 77.4746 67.0011 63.2825 69.1808 84.7888 84.2037 89.9493 91.3922 95.4128 96.7287 99.7819 100.4657 101.5936 102.2583 102.9411 103.5263 104.9422 106.7048 105.9940 106.1230 107.3531 108.0247 108.2348 108.1533 108.6928 109.1862 108.8678 110.0123 113.1147 115.6758 114.1209 116.5913 112.5954 110.2820 110.0900
97.4000 96.2158 92.9789 90.2254 84.7208 78.1935 69.3094 65.0118 70.4983 78.5286 85.6854 89.6617 92.3110 95.1533 97.0501 99.2371 100.4093 101.3603 102.3297 102.8866 103.3605 105.4385 105.8861 106.2963 106.7019 106.7455 106.8809 107.9147 108.1656 108.5790 109.1424 109.9409 110.6517 114.4057 114.8200 112.6428 113.2214 113.9507 113.8300 112.2700
98.4300 96.8411 93.9737 91.4441 87.5646 84.5328 76.9006 74.5283 76.8367 82.6669 87.1923 90.5264 92.8917 95.6598 97.8500 99.2941 100.2454 101.2871 102.3900 103.1379 103.4399 105.8185 106.2167 106.7729 106.6413 106.0418 107.7886 107.7959 108.5866 111.6130 108.4900 112.0531 108.7913 115.0792 115.6345 113.8629 114.7870 112.7904 111.8028 109.6000
98.4200 97.4756 95.0952 92.7236 91.1270 88.9136 84.2875 83.0336 84.6778 86.9298 89.5538 92.5165 94.2606 96.7648 98.9260 100.0330 100.8852 101.7068 102.4970 103.2584 103.6316 105.9345 105.1360 107.3655 105.3917 105.9131 107.8769 108.0583 108.9195 112.6204 108.6865 110.9932 106.8250 112.8700 115.5646 113.7256 110.5874 113.5888 109.0694 113.2100
99.8300 97.8015 95.9252 95.1544 93.3425 90.3487 88.6950 88.5050 89.1788 90.7073 92.7694 94.1033 95.8001 97.7828 98.9453 100.4618 101.4824 102.2315 102.7791 103.4964 103.7893 106.7428 106.3676 106.2721 105.8327 107.3194 107.7371 108.2886 108.7340 109.0279 109.5527 111.9550 114.3090 115.6226 110.1602 109.9045 111.4524 111.0494 110.7702 111.8300
99.7500 99.1100 97.5700 96.6800 95.0100 93.5800 90.8300 90.9500 91.7100 92.8300 94.6800 95.8200 97.0700 97.9300 99.3900 100.6100 101.3700 101.9400 102.8500 105.2700 103.7600 105.2400 105.3300 105.1600 106.2200 107.4800 108.6200 108.5000 108.6400 108.9100 109.1400 111.6100 113.7800 111.8700 112.9300 112.3900 110.9800 113.1500 109.4400 109.3200
