109.9700 109.9700 112.9300 111.5600 108.8200 110.0400 110.1100 114.9500 116.0800 110.7700 109.6900 109.7100 109.7100 108.8200 109.1000 109.1100 109.9700 112.0800 114.8500 109.7600 109.6700 113.7300 110.6000 111.7500 113.1500 114.1400 114.1400 113.8300 113.9700 112.4200 113.4500 111.1000 111.1000 113.0900 112.9500 111.6300 112.4700 112.4100 112.2000 112.2000
109.9700 110.5252 112.6036 110.4735 111.3197 108.8717 109.7868 111.3844 113.2555 109.5426 110.2268 111.0948 109.4275 108.8566 109.2838 109.4290 109.5658 111.0330 110.8596 109.5648 108.3905 110.5450 111.7275 112.1396 110.3557 110.9108 114.2654 110.9848 111.5424 112.6215 111.1892 110.1035 111.0176 112.4028 113.3759 111.8968 112.4040 111.0977 112.4953 112.2600
108.1000 113.3413 111.2879 112.5857 108.5411 108.0267 111.1376 112.1861 113.7442 108.3974 111.0156 108.2515 109.3940 110.2083 109.9352 111.4658 109.7830 109.8417 109.4645 110.0774 116.1855 113.7262 112.4696 112.0681 110.1341 111.1304 112.1541 110.7447 110.5527 111.3683 110.9569 111.0477 112.8740 113.0245 113.2842 111.6965 110.4473 110.5462 111.7328 112.4200
116.5700 114.7294 113.8619 114.8099 108.8635 107.8652 108.9191 110.9541 114.6679 110.5723 110.3166 108.3323 108.2094 109.8856 112.0540 110.4286 110.2070 109.8307 109.4786 109.9996 112.0108 113.2697 113.0685 112.2459 111.8816 110.9606 112.1137 110.4375 110.2295 110.1280 109.4134 109.1327 110.8998 113.7141 113.5645 112.1711 110.6474 110.5242 109.4496 110.4200
110.5000 112.7946 114.8790 111.8970 110.5011 107.8320 108.9269 113.7115 111.1979 110.1246 110.5934 107.2595 108.7247 110.0967 110.4512 109.4539 110.0420 110.0817 110.1405 114.9458 112.3170 110.6466 108.9038 111.8452 111.2375 113.6606 112.0303 110.8521 109.7099 110.8539 109.9805 110.1150 111.3849 111.7292 113.3544 111.5772 109.5694 110.6731 111.3578 111.4800
107.8200 112.3530 112.2189 114.5740 112.7274 109.1304 108.3701 111.8320 109.9338 110.2999 108.4710 110.0715 110.3135 109.4672 113.5024 109.3391 108.8737 109.9893 108.7224 114.4686 116.7371 110.4095 110.6314 110.6936 110.4789 113.0195 109.9566 110.6353 109.5869 109.6496 111.9531 110.5108 111.9612 111.1124 111.4398 110.6986 109.3222 110.4844 112.6056 111.4800
109.2300 109.9943 107.3624 111.3556 112.9980 114.0985 109.5771 109.4438 109.1511 110.0312 112.0107 114.8419 109.6607 109.0892 109.6593 109.4549 108.3649 108.9449 110.4460 114.4175 112.6431 112.7220 109.4658 110.0341 109.6921 110.3417 109.8297 110.9343 109.7391 109.5408 110.2694 109.7251 111.7193 110.5376 110.2297 110.4221 110.7601 111.8159 112.5875 113.0100
112.9000 114.2783 108.5519 109.5502 115.5909 112.5418 110.9942 109.1440 109.4903 109.6222 112.9976 109.5946 108.5533 110.0619 109.8657 110.1643 108.8705 108.6686 109.5207 111.1654 116.5599 115.4739 110.1547 110.4030 110.2875 109.3183 109.8776 110.8971 109.7258 109.7575 110.0139 109.3228 108.9897 109.3277 109.7647 109.8210 110.6799 111.5987 113.3137 113.0100
114.7800 113.8911 115.8123 114.1053 111.5232 111.8363 108.9504 109.2194 109.4984 109.7815 109.5943 109.9849 109.5243 109.7800 109.8908 110.2526 109.7974 109.3577 109.9185 116.9486 113.1803 111.1322 109.9689 109.9601 110.3148 110.5815 112.0558 109.1791 109.3702 109.6726 109.5795 109.2115 110.1392 109.5571 110.3276 109.8240 109.3219 111.2699 111.1549 110.5400
113.5300 114.8700 116.1450 114.4832 112.4197 110.9689 108.3747 109.7597 109.6157 109.2712 109.8825 109.7180 109.4491 108.4626 109.1163 109.4333 114.6638 114.2615 114.4412 112.7870 109.4368 108.5783 109.7871 109.2710 110.3945 111.0723 110.4728 109.1898 109.6900 109.3159 109.2951 108.0885 109.8947 109.6712 110.5605 109.3409 109.7532 110.4143 109.9331 111.4800
113.7400 113.7990 115.2675 113.5863 110.4426 108.7979 109.3789 109.3968 109.2619 108.9070 108.9799 108.3250 109.5326 109.5431 109.8998 108.9695 110.4960 111.3515 114.4679 114.1726 109.7543 110.0545 110.3670 109.5412 108.2447 111.4312 108.4817 110.5059 113.7028 109.5131 110.3900 114.7546 111.8682 109.2517 109.4120 109.7597 109.8093 109.4052 110.0676 109.6700
108.9500 110.5601 114.5087 112.4406 109.1849 109.1512 108.9338 109.0558 108.6706 108.7443 108.2311 108.9506 109.5183 109.4422 108.9897 108.7699 109.5545 111.4935 109.8464 109.6748 110.2650 110.1342 109.8405 109.9027 110.5801 109.8737 108.3596 108.7232 110.5886 109.6442 108.7028 110.1506 108.5315 109.6363 109.4899 109.5816 111.2478 109.2194 110.3217 109.7700
108.3400 110.5753 113.8958 108.6313 107.7097 108.0878 108.7258 109.1066 108.4326 108.4580 108.4385 109.2238 109.3577 109.3131 109.2035 109.0674 110.6057 116.5024 110.5827 109.9371 110.0364 110.1976 109.0268 110.2619 111.5124 108.3523 110.2268 112.0174 109.4970 109.3031 108.6962 109.3395 108.5210 109.7654 110.0892 111.3721 110.2402 109.5856 111.4434 112.2800
109.4200 109.7493 110.3512 106.7995 107.6390 107.0469 107.0698 107.2504 107.5284 107.6418 107.5220 107.7055 109.0578 109.2673 108.9744 109.6357 112.6248 112.0393 109.2171 109.7547 109.8838 110.2409 108.2316 113.6130 116.5575 111.0871 109.4465 109.5957 108.0715 109.0889 110.4752 108.7388 108.7178 109.8978 110.7540 110.6431 112.0166 111.4976 112.3449 112.2200
106.8100 107.3114 105.9028 106.7903 107.5043 107.9225 107.7916 107.8062 107.2331 107.1180 108.3851 108.3429 108.7078 109.0489 108.0218 108.8152 109.2704 108.8111 109.8869 109.4606 109.6075 109.7846 110.4785 111.1354 112.5485 114.6971 109.9178 110.5294 108.6670 112.6341 112.6600 109.4644 108.5391 110.4027 109.4527 110.5157 110.7626 112.5616 110.6925 111.8400
107.6700 107.8473 106.3730 106.5590 106.9051 108.2155 107.7390 106.6633 107.2375 106.8256 107.0596 107.6588 108.2219 108.5134 108.7655 108.7880 108.8444 108.8952 109.4222 109.3956 109.8137 109.5918 113.4872 110.8370 111.4688 113.2737 112.3622 113.1549 111.6426 115.8058 114.5134 112.1699 110.1827 110.6822 111.3832 109.6852 110.6124 110.3927 110.4170 111.1100
107.2800 107.3239 105.4679 107.5228 105.7209 107.8523 108.0847 107.0375 106.9183 107.4111 107.2615 107.1024 107.8512 108.5615 108.7942 108.6461 108.1037 108.9850 109.4504 109.4011 109.6231 108.9436 113.7109 108.4091 110.8493 107.8838 109.5838 111.3991 111.3776 112.1033 111.6332 111.9930 112.0359 110.3389 109.8556 109.4782 110.3169 109.5261 110.3471 109.7900
106.6800 106.3093 104.2345 106.7812 107.0256 106.0241 107.1556 106.8989 107.4232 106.8606 106.8914 106.5564 107.5703 107.8347 108.6761 108.0771 108.3513 108.9475 109.1879 109.0572 111.4017 109.8195 112.3043 114.4329 109.9538 108.7715 109.4332 109.5829 111.4208 110.8634 110.4183 110.1620 109.4065 109.5108 108.9289 110.5980 111.5341 110.2209 108.8369 109.1400
106.3600 106.6930 105.4225 106.8823 107.1952 105.8201 106.4476 107.1566 107.5884 106.3645 108.0081 106.4823 107.0058 106.6944 108.2399 108.6725 108.8142 107.8143 109.1380 109.3450 109.2307 114.3436 112.4859 110.6297 108.6367 109.9963 110.0419 110.2747 110.4611 108.6706 112.6312 109.5708 108.6791 111.7055 115.9397 108.8266 111.7903 109.7851 111.2781 111.6500
106.4200 106.1357 105.5905 106.5977 106.1248 106.7247 105.2202 104.6636 106.3589 106.9501 105.8840 106.1616 106.2268 107.9625 108.0951 108.0192 108.4419 107.9705 108.4947 108.7352 111.6342 111.0095 109.6924 110.7389 110.5144 109.5823 109.7821 109.9396 109.9980 110.6032 110.6490 109.0040 110.0768 116.5517 118.4529 118.5009 109.1773 112.1067 110.0163 110.7800
105.0700 105.1977 104.6238 104.8691 104.3680 106.6158 105.9221 105.6936 105.6972 106.5943 106.4503 105.8998 106.4012 108.1956 107.0201 107.9015 107.9577 106.9483 108.5778 108.7812 108.5421 108.8774 108.7391 109.2268 109.7511 109.0470 109.0662 108.3327 110.7767 110.1090 109.2048 110.2068 116.0064 115.7204 115.6230 109.4707 110.1412 116.4186 109.3215 109.9600
103.2000 103.5158 103.6057 103.5251 103.9044 105.6358 104.1112 104.4895 104.7295 106.2137 105.6572 105.5454 105.7369 107.2157 106.2256 106.5305 107.1260 108.1893 108.6758 108.8625 108.7706 109.1190 109.5661 109.7353 109.8503 109.7880 112.4909 108.8601 109.0614 110.0074 111.4675 110.7010 112.8736 111.0307 111.4458 114.6766 116.4678 110.6194 109.7697 110.4900
102.4100 102.8986 102.8686 102.8326 103.6123 103.3247 103.8887 104.5318 105.1600 105.8250 104.9453 105.5410 106.9270 107.3920 106.2840 106.8496 107.9771 107.6162 107.2734 108.2680 108.6877 107.8169 108.5202 110.2604 108.8039 110.9365 110.1484 110.2944 108.8159 113.0606 112.5901 111.9822 110.6842 114.8189 111.6858 115.0006 116.4565 118.6171 112.1948 111.9000
101.5600 101.8499 102.2244 102.0135 102.1731 102.4356 103.1378 103.5675 104.3204 105.5099 105.4677 104.6664 106.9725 107.3781 106.0867 106.0058 106.7702 107.8933 107.5077 107.6693 108.2881 109.4061 111.4626 114.9672 111.7008 108.9463 109.2873 113.0617 110.6222 114.1652 112.5943 113.9083 113.9904 114.1172 113.5844 114.2674 113.9465 114.7770 113.1298 109.1500
100.9500 101.1051 100.7064 101.3050 101.6371 101.6529 102.1075 102.1443 103.6890 105.4383 105.8213 105.4481 105.5421 106.8454 106.0419 106.5402 106.5906 106.9657 107.5142 107.3781 110.7864 114.0143 113.5753 113.0761 113.2197 108.2643 112.3811 112.6963 111.2977 109.3804 113.9236 113.0762 113.4061 116.0094 111.1263 112.3204 110.6133 111.3183 108.8531 110.4100
100.2800 100.4926 99.8471 100.1121 101.0719 101.3443 101.5526 102.1636 103.1419 103.7743 104.3864 105.9535 104.7020 107.0188 105.7849 106.6088 106.7191 106.8392 106.0138 107.0089 112.2455 110.6430 110.5131 108.8554 109.3286 108.8714 110.2271 109.7848 112.5148 112.9944 112.8390 111.4401 110.0566 116.6454 114.0472 113.9565 111.3249 116.7665 115.3285 115.0500
98.6200 98.5445 99.5497 99.4817 99.9188 100.8104 100.4507 101.0631 101.7194 102.4891 103.1273 104.7663 106.2801 105.4120 106.6964 106.0595 106.2943 105.5808 106.8976 107.8608 107.8011 107.9406 108.3470 108.1401 108.2004 109.0215 112.6736 109.7179 115.9553 110.5370 112.9401 110.9286 113.9386 115.3238 115.9501 112.6365 112.9540 112.8880 111.6056 114.1800
97.1500 97.2767 98.7959 97.9688 97.2946 99.4197 99.9458 100.6730 101.0438 102.4282 102.6675 103.4150 105.7497 105.8858 105.3255 105.7886 105.8907 106.3928 107.0867 107.0616 107.2621 108.4035 108.3815 108.8408 108.6261 109.6410 110.4669 110.7433 112.2751 114.8460 111.2783 114.1397 111.7798 117.0366 114.9715 109.1533 112.0168 111.9271 108.4011 112.8400
96.1600 96.1104 96.9597 96.3052 97.0392 99.9526 98.9059 100.2495 100.7777 101.8354 102.4541 103.1496 104.9271 106.2464 105.6964 106.1554 107.4686 107.7839 106.3952 107.4260 107.0188 107.8685 107.9469 108.1841 109.4449 109.4167 114.0182 114.7335 114.8696 114.5656 114.6275 115.0841 108.6536 112.7138 109.3420 109.6401 108.8502 109.5914 109.2072 109.6500
94.3000 94.6522 95.1938 96.1175 96.6211 97.6157 98.0904 99.3105 99.7720 100.9533 102.2909 102.8773 103.3834 105.5596 105.9325 107.0701 107.3116 105.9193 106.0178 107.9606 107.3409 107.9573 110.6492 108.8978 110.9832 112.4875 112.4717 113.9597 112.8358 115.7364 115.6124 112.7936 110.9824 109.4691 109.6645 109.4003 108.8219 108.9439 111.3112 112.4300
91.3700 90.3733 91.5364 93.3711 95.5196 97.1891 96.7877 98.3526 99.6997 101.3147 101.6173 102.2315 103.1711 104.9824 105.7926 107.0267 106.4016 105.7747 106.5789 106.4619 107.7324 107.9556 107.7380 111.5786 114.1898 114.8508 113.8397 112.8955 113.7490 115.4508 115.4426 112.5795 115.5347 110.3757 110.1402 109.0031 108.8491 109.1397 111.7142 112.9100
80.8500 84.8532 87.3685 90.2365 92.9848 95.1527 96.7676 98.8248 100.2792 101.3292 101.6832 102.3465 102.8432 105.5817 104.2969 106.0348 105.0729 105.7660 106.4145 107.0173 107.9232 109.2756 110.5585 110.4625 110.0967 113.2371 115.2698 114.3242 110.1315 109.4563 112.6516 116.7315 111.0708 112.8092 110.9630 115.5218 110.3992 111.5677 109.3409 109.6000
73.5500 80.5776 86.0117 87.9001 91.3383 94.2274 96.3661 98.5350 99.6978 100.8085 101.5840 102.2354 102.8380 103.3685 105.3843 105.6816 104.7812 106.1883 107.6207 106.1611 108.9454 108.1524 111.0515 110.9070 114.4780 114.9764 116.3152 109.7222 112.0379 110.4147 110.6977 111.1630 113.8714 108.1970 109.6385 103.5067 108.2649 108.1869 109.4442 109.8700
73.5500 71.2952 82.4273 87.3937 90.5458 93.9903 96.2350 98.2034 99.7910 100.4433 101.3270 101.9749 102.8467 103.6703 104.6858 106.4567 105.2961 106.4776 107.2423 107.5153 106.6110 107.1183 108.4179 112.1035 112.3138 110.7905 112.8308 109.5743 110.8782 111.6958 112.5757 106.9477 114.5916 109.5943 110.5680 110.9047 110.5052 109.3664 109.0387 109.1700
71.8300 68.1032 80.1711 88.3273 89.7935 93.4542 96.4226 98.3115 99.9680 100.2157 101.3475 101.5421 102.7184 103.2882 103.8537 106.3792 104.1774 105.7827 108.1175 106.5915 106.8608 108.0733 107.6843 107.9607 108.5602 108.2504 108.5509 109.4667 109.7244 113.9198 111.9554 110.9888 114.9336 110.7521 110.1995 110.2536 112.0502 110.1457 109.6329 110.6300
75.8700 71.1214 78.3891 86.2530 90.2875 94.1171 96.4115 98.1089 99.5489 100.3243 101.3856 101.9330 102.7401 103.3700 104.9009 105.0329 110.2576 104.3848 107.5982 106.8642 106.7505 107.5157 108.3788 108.8763 109.3199 109.0012 108.6689 111.1697 109.2880 111.2163 111.8219 109.5885 112.5923 112.2486 113.5508 109.9430 112.5811 111.7429 110.4221 110.4300
75.8700 81.3366 86.1790 88.4096 91.6755 94.8014 97.6235 98.4915 99.6695 100.4029 101.3611 102.1201 102.6907 103.4778 109.2986 105.9287 107.6476 107.1713 106.9971 107.6834 107.7466 107.6655 108.8410 108.8848 109.2313 108.5624 112.8193 109.4006 112.3757 111.2647 111.3905 111.0747 111.6862 111.2097 113.0388 117.2336 114.3735 111.9729 110.2672 109.7200
86.4200 87.9950 88.8405 90.6320 93.5089 96.4565 98.0686 98.8409 99.8437 100.9248 101.6110 102.3596 102.9787 103.4733 106.3513 106.8278 106.8831 107.1212 106.7439 108.1826 108.4927 107.8539 108.3362 108.8031 109.1790 109.3886 109.3687 109.4395 109.4711 109.1715 111.5943 111.6002 113.5129 111.9998 113.6492 113.0040 110.9508 112.3915 108.9160 110.4300
90.8700 92.1968 91.2888 91.8284 95.5253 97.2411 98.0552 99.4173 100.5948 101.2218 102.0917 102.5205 103.2248 103.7380 104.6561 105.7435 107.0606 107.5748 106.1736 107.4255 107.7800 108.2226 108.6321 109.1999 109.3784 109.3461 109.5373 111.2564 114.4074 114.5097 111.9838 108.9829 110.2382 111.6796 109.2808 109.6137 108.9077 109.5943 109.7504 109.7000
93.3600 93.2700 94.9500 95.3400 96.6700 97.7900 98.9400 100.4500 101.0900 101.3700 102.5300 102.9200 103.3600 104.0600 105.4900 106.3400 106.2000 106.9200 106.6100 106.3800 108.4100 108.6500 108.7900 108.8700 109.4300 109.3800 109.7800 113.3400 113.5200 115.0900 113.2200 109.5100 111.1600 108.5300 108.4900 108.9400 108.7300 108.6200 108.9800 113.0000
