100.5800 100.6200 99.7800 100.2300 98.9700 99.5200 99.9900 99.9900 100.7600 100.5300 101.0700 103.6000 103.7100 104.6800 104.7900 104.3600 103.8400 105.4800 105.6800 107.0900 111.0300 106.9500 106.7000 107.6900 108.8500 111.1800 110.3400 112.4900 115.0500 116.1700 117.1000 117.1700 116.7200 116.8300 115.5800 115.1100 114.6600 113.7500 113.3600 113.0300
100.0500 100.1507 99.3289 99.0324 98.5219 98.8426 98.7099 99.5108 99.6222 99.8045 100.5125 101.0929 102.3026 104.1730 104.7605 104.4685 104.5932 105.6529 106.4029 106.5357 107.3870 104.5701 105.7810 107.2561 108.7978 109.3368 109.9930 113.6376 114.4409 116.2707 117.5309 118.3602 117.5465 116.8975 116.3449 115.2854 114.9072 116.1526 113.3628 113.0700
99.5400 99.0332 98.5469 97.9807 96.8736 96.9712 97.8160 97.6348 98.3014 98.9066 99.6762 100.2712 100.9503 103.4719 104.7389 104.7891 105.1785 105.6228 106.1013 105.8939 105.6200 106.0643 107.3090 106.4367 108.1697 109.7687 111.3177 113.2733 115.0812 116.7239 118.0005 118.7869 117.5532 116.9721 116.4637 115.5488 114.7339 115.0510 113.6354 113.1100
98.9600 97.9044 97.5469 96.0611 94.9005 94.6729 94.8136 95.3183 97.1328 98.2889 99.0330 99.6181 100.4531 101.3951 103.5577 102.7560 103.7012 104.1717 105.2368 104.7424 104.9752 104.5870 104.7884 106.1357 107.7075 109.2342 110.8928 112.9875 114.5820 115.9689 118.2563 118.3885 118.0781 117.2911 116.5090 115.7866 114.9274 114.2690 113.6477 113.1500
97.7400 97.2538 95.6383 94.0499 92.1774 91.9388 92.5106 95.1925 96.3298 96.9995 98.1346 99.0136 99.9193 100.7241 102.6603 104.1577 103.3688 103.5660 104.8427 104.1023 105.0352 105.7698 105.9781 106.5763 107.3259 108.8120 110.5127 112.3242 114.0143 116.3677 117.8397 117.8335 118.4743 117.3595 116.5298 115.8738 114.9480 114.3748 113.6962 113.1800
97.5600 94.5671 93.1645 92.2983 87.7674 87.5792 88.3853 92.8037 95.5479 96.2069 97.0480 98.0487 99.3107 100.5570 100.9546 104.4300 102.8623 104.1229 105.4760 108.2973 107.1987 107.2439 108.1772 105.9164 107.0552 108.4816 110.2611 112.3307 114.5461 115.2470 116.2098 116.4491 117.2401 117.1770 116.5122 115.7441 114.9750 114.3563 113.7268 113.5600
96.4600 93.2278 89.7775 90.6766 86.3319 82.3214 87.1498 87.6775 91.4479 94.7479 97.0598 98.1587 99.2440 100.3470 101.0296 102.4324 107.3796 104.4440 106.5602 107.6056 105.4872 105.7911 105.8931 105.3168 106.7150 108.2088 109.7004 112.2700 115.0327 113.9795 115.8946 116.3425 117.2098 116.9374 116.5507 115.8316 115.1101 114.4123 113.7924 113.5900
93.7400 90.1683 87.9582 85.5426 78.4580 73.0713 79.7665 85.3711 88.6025 93.1763 95.4414 97.2497 98.8686 100.0258 101.1757 101.9902 103.3168 104.1892 105.2446 105.4750 106.0105 104.9155 106.0679 105.9735 106.7002 108.0590 110.9337 113.3809 115.1757 115.4163 113.7876 111.7305 117.4233 117.1400 116.4138 115.9315 115.1259 114.4352 113.8016 113.6000
93.9700 90.1382 87.9912 81.7043 69.8295 65.1191 70.7619 83.7515 87.5805 92.2185 94.5201 97.1707 98.1730 99.5468 101.0293 101.5703 103.1701 104.5037 105.1994 105.9562 106.0390 106.3921 106.1295 105.9407 105.5871 107.9082 113.1130 114.4289 114.6560 116.3683 116.0281 115.1234 115.6614 117.2671 116.3490 115.8993 115.1149 114.4325 113.8210 113.6200
93.9400 90.0507 87.7978 80.6415 66.5776 62.0976 68.3333 82.7946 87.4219 92.1871 94.3510 97.2430 98.2374 99.4117 100.9618 101.6898 103.6886 104.2256 105.0247 105.8497 105.8515 106.7534 106.3548 106.0058 105.0304 107.6844 113.5384 113.6714 114.4152 116.0759 116.2688 115.5363 114.9738 117.1652 116.3541 116.1887 115.1299 114.4327 113.8197 113.6300
94.5300 91.8535 87.2985 83.7226 72.9728 68.2983 72.6998 83.7062 90.7699 91.6650 95.1722 97.1984 98.4345 99.3764 100.5304 103.2914 103.4346 104.6260 105.3810 105.1177 107.3521 108.0047 104.5306 105.4308 108.7701 111.0650 110.7531 114.3246 116.3020 117.5918 117.5430 118.9289 116.4767 119.0214 118.2141 113.3428 113.9621 114.7127 113.9867 113.6800
94.4200 92.4119 88.8396 86.5898 82.4747 79.4625 85.0873 90.1247 92.3261 93.3491 96.6294 97.6386 99.3095 100.2041 101.1809 101.9197 105.5107 104.2175 105.2599 106.1093 105.7832 104.5983 104.8513 109.2171 113.7877 112.3749 110.9134 111.0289 115.5413 114.9266 112.5008 112.4694 116.5859 118.6665 117.3930 113.1774 111.2735 114.7186 113.9003 113.6900
96.4600 94.5868 93.8586 92.4194 89.3770 86.9017 86.4614 91.1577 92.8306 95.9636 97.5595 98.3299 99.4466 100.5867 101.3581 102.3130 104.2908 103.7111 104.5602 104.1964 109.8300 106.0707 107.1087 105.5590 111.5661 111.8076 111.5327 113.7501 115.7832 116.1192 117.5173 117.0095 115.0065 117.7219 117.5066 113.6732 111.6230 113.7011 113.0293 113.6600
96.4800 95.8921 94.9340 93.7460 92.2004 90.6159 91.6642 93.4426 95.0398 97.1212 97.7442 98.8193 99.6220 100.8267 101.6395 103.5813 105.0783 104.5988 106.2434 103.1983 106.5320 107.3138 107.2720 107.6566 108.3273 109.7229 113.2207 113.9870 108.8253 111.3445 110.3528 107.6125 111.6835 115.5909 116.5926 115.7917 113.7680 111.9190 109.8056 109.4400
98.2700 97.6133 96.7905 96.1268 96.0265 95.4675 94.6338 96.1337 97.4779 98.3586 95.7750 93.4542 99.8051 101.3857 101.9531 104.2752 104.8163 105.0799 104.9453 105.3735 106.4531 106.8553 106.5953 106.3670 107.4062 106.6878 107.9659 108.8458 109.3526 111.2091 112.0765 108.5918 111.3850 111.1732 116.8033 112.6038 112.6017 113.1331 109.8262 110.8800
99.8500 99.0520 98.4334 97.7160 97.5728 97.6555 97.3900 97.9854 98.6137 99.3495 93.5401 100.6649 101.7285 101.7834 102.7620 104.6958 103.7876 105.3922 106.4520 106.0960 106.5111 106.3775 107.4055 109.9415 106.7810 108.8174 108.9464 107.1186 107.1616 109.3720 113.7379 112.7022 108.2354 110.5667 114.7147 112.1637 111.7929 107.9661 111.2252 109.2100
100.9100 100.0721 99.6393 99.0108 98.9675 98.8751 98.7220 99.3853 99.6484 100.4579 96.1186 100.5958 101.6517 102.4131 103.9154 104.3388 104.6563 105.3107 106.7042 106.0082 106.4501 105.5778 106.8382 108.3437 108.0906 112.5555 107.0245 106.2084 106.9120 109.7908 112.8788 115.3651 108.2414 107.9252 108.9707 108.9421 113.5987 110.0658 112.9649 112.5100
101.5700 100.8971 100.6337 100.1509 100.1475 100.1084 99.9213 100.1956 100.3945 101.1368 101.4466 102.4188 102.9060 104.0935 104.3910 104.8678 105.5854 105.2568 106.0927 105.6788 106.4299 106.8671 107.6738 107.8136 107.9052 112.0946 108.4207 113.6589 114.4925 113.3930 110.8654 113.1801 107.3140 108.3613 108.2181 109.1057 112.0172 109.6983 111.2586 112.0400
101.5700 101.7262 101.4396 101.1267 101.0516 101.0302 101.1164 101.1263 101.3708 101.8048 101.8883 103.4193 104.1300 103.8150 105.2610 105.9281 105.6307 105.5217 105.7328 105.7902 107.2005 106.8669 108.4042 108.1733 108.2990 108.7686 108.6076 112.2523 115.2007 111.2367 118.2877 108.7685 110.6191 107.1537 107.6763 110.9357 110.0008 111.6011 110.6542 113.1300
102.5700 102.1827 102.1318 102.1062 101.8504 101.7883 101.4072 101.6702 102.2211 102.3524 104.2068 104.4010 103.5459 103.8799 105.5309 105.7227 106.5728 105.0518 105.7417 105.5018 107.4306 107.8918 107.3731 107.8930 108.1883 107.7420 108.4348 111.2489 110.9350 115.2587 112.5139 115.6561 109.6176 113.5818 113.6833 118.1687 111.0499 110.6129 110.0605 114.0800
103.7300 104.0727 103.4040 102.8691 102.9148 103.1822 103.0322 106.6405 102.5093 103.1498 104.9882 104.5303 105.0649 105.0160 105.9538 105.9301 105.6079 105.4890 106.5299 106.3620 107.2280 107.5604 107.3791 108.2595 108.1469 107.8325 108.5564 108.7128 113.5785 112.0127 109.8567 107.2777 113.7872 116.8873 116.0208 117.4195 117.5192 120.9597 110.3409 112.1700
103.5500 106.8948 108.2020 103.5762 103.8920 104.4762 104.9493 106.6022 104.3783 105.0971 105.1211 105.0762 103.5125 105.4178 106.4858 105.6338 106.1100 106.3416 106.4857 107.1071 106.7138 107.8780 107.3697 107.5973 108.9160 107.9440 108.5238 108.7922 109.6172 114.0135 113.4537 109.1901 108.7868 115.6223 111.4319 112.5511 117.9738 117.5968 109.8715 110.9900
105.1500 107.2490 108.1914 103.8191 104.9198 104.7950 105.8382 104.7773 105.7218 106.2728 105.0773 105.2701 105.1207 107.2129 106.8440 106.0487 107.1693 106.6855 106.2226 106.9674 107.5661 108.6352 107.6252 108.4658 110.8069 108.8579 109.2775 108.2601 111.4669 109.2555 112.2626 111.5822 113.4866 114.9471 110.9303 113.1469 112.7783 117.1155 110.1514 109.3900
104.4200 105.0465 107.5970 103.3632 105.5073 105.3424 104.6577 106.2688 106.6995 105.7006 105.0230 106.7378 105.8010 113.2117 106.8521 105.5571 107.3396 107.7891 107.1014 106.8121 107.7478 108.2993 110.0369 109.6517 108.7283 108.7989 109.9683 109.8061 112.7625 108.7166 108.8987 111.8684 111.6673 112.6217 114.0281 112.5656 109.6167 113.3942 110.4880 109.3900
106.8700 108.0869 107.0120 106.6279 105.7281 106.0686 105.3429 105.3325 105.5503 108.0814 108.2775 106.7982 105.9041 108.6530 108.2541 107.2076 106.8267 107.5250 108.5860 107.7816 108.0738 110.4145 109.1661 108.2061 109.0606 109.4457 112.4737 111.7795 111.5454 111.1827 110.9861 109.5673 112.0202 112.6354 112.3874 111.0958 111.6038 111.2694 112.3381 111.8300
106.0800 109.8650 109.7752 105.3910 106.8164 106.3540 106.5108 109.0311 112.3013 110.0876 106.5000 111.3678 105.8002 113.1351 110.7386 109.6039 105.8622 106.9870 107.9115 108.7753 109.4215 111.4549 110.9810 106.6612 108.0453 109.8134 113.5616 113.2928 113.7553 112.5478 113.4339 109.5525 111.6437 110.5914 108.4384 109.9576 109.4449 109.3871 108.7066 109.5600
106.4500 109.4509 112.4707 107.2794 107.2820 106.8997 107.0060 106.4896 111.8580 107.9850 109.3576 110.1746 107.3575 111.0069 112.9882 115.0140 109.5972 108.1644 108.8090 108.8006 108.5732 109.1154 107.2965 112.3338 108.2997 110.7629 109.0534 113.3602 115.7262 114.2338 112.6905 109.5187 108.6589 112.7115 112.9921 109.1180 112.4552 116.0578 112.1527 110.3600
116.6500 107.2056 109.6708 106.8584 106.9140 106.5444 106.1574 108.4791 107.2535 107.8309 107.6439 107.6044 108.4511 108.6134 108.7812 111.7942 109.5592 106.1219 112.4950 103.9599 108.7405 108.5358 106.7219 111.0803 110.4134 109.8126 111.8647 109.5532 113.4657 114.1958 111.7597 113.1784 110.9097 114.3223 112.7488 112.3565 112.0467 113.7072 110.9752 110.5200
116.6500 110.4450 107.3858 108.9678 106.1347 105.9665 107.3670 109.8013 113.2353 112.5071 107.8057 108.1237 108.6702 111.8938 114.1802 112.2751 111.9090 113.4734 113.9418 108.0724 109.0774 108.7131 108.8263 109.2776 112.7952 113.8122 114.0118 112.0193 109.4003 112.5403 113.1657 112.0782 110.5619 116.2580 110.1531 109.3778 112.5108 111.7040 110.1078 110.6200
114.0200 106.9719 109.7418 110.2577 107.4006 106.9232 108.0446 108.0866 107.8291 109.8524 107.5655 107.6640 110.5277 108.2707 113.6240 112.9473 106.3290 110.1313 109.3524 105.7306 108.7683 108.7751 109.3221 109.4959 110.6428 109.1990 111.4586 109.7859 113.6642 113.1432 116.6857 112.3090 112.8678 110.8439 112.0281 110.3953 109.2968 112.2646 111.3433 109.3900
110.0000 110.1757 108.2378 108.4125 107.6208 108.0795 108.3478 111.0257 109.9319 115.9330 108.2854 108.9553 111.7559 111.9707 106.6397 103.2707 110.4542 116.7681 113.3554 110.5842 110.0146 109.7154 109.9401 109.4872 112.4505 113.5747 114.8588 110.8916 110.8922 116.7720 115.2150 110.8651 112.1077 111.2812 111.8144 110.1210 110.1008 109.6851 108.9360 110.7000
105.9000 107.4146 109.1315 108.4019 108.6673 108.9435 108.9953 113.1768 111.5050 113.1118 110.4208 111.6541 108.3942 114.3656 109.7172 106.1029 114.5235 114.8273 112.7581 115.5887 112.7192 110.2517 107.9301 109.7385 108.5589 109.2465 109.0556 112.1349 112.1985 115.2311 117.1567 113.3966 112.1128 112.7390 109.3244 108.6729 110.3276 110.7878 110.6668 110.1600
105.9000 103.2639 105.9491 108.2858 103.8985 108.6007 113.7504 106.0364 100.1511 110.1645 114.5161 109.3261 108.0408 113.6750 108.1448 109.3015 111.2640 114.9476 111.4204 115.0061 114.5838 113.8042 110.7768 107.9355 110.3112 110.5360 109.5129 112.2459 109.8119 111.2218 117.6087 117.4410 109.8222 110.8390 109.4625 109.3403 110.4635 110.8771 110.6599 109.5600
104.6000 106.2503 104.0214 108.7576 108.4477 109.7391 105.4816 104.5430 103.5200 112.8063 115.6566 114.1331 110.7871 109.1265 113.7273 115.0351 111.2511 108.8229 109.4597 116.1696 115.5025 116.5281 114.8640 109.5257 109.3923 109.6886 109.6215 108.7472 109.0154 108.6493 109.8989 111.5071 109.5382 109.8153 110.9704 111.2057 110.9212 111.4045 112.8044 110.6800
106.0400 105.7522 105.0801 104.0739 105.0789 110.3040 109.8479 105.3354 106.0200 115.4869 115.2779 114.6342 109.7064 108.4688 113.1937 109.0407 114.6528 110.8083 109.0767 115.4904 115.1257 116.0181 113.2584 111.4918 110.0835 109.3241 110.2017 109.5399 109.3151 108.7909 110.7760 108.1743 109.1804 110.4699 110.9634 113.2423 109.8736 109.8867 110.6482 110.6200
112.1800 105.9308 106.3464 105.7805 105.8774 110.8531 110.1617 105.7093 106.3216 114.2197 113.1334 115.2817 110.8275 110.0152 111.8946 111.5664 111.6549 111.5002 109.0556 110.0283 114.4806 115.9363 115.5017 108.8865 108.7633 108.3867 109.0773 110.2702 110.6198 111.3260 112.1644 109.0915 110.7028 110.3740 110.9050 113.9551 112.7846 110.4325 110.4368 110.6200
107.5500 105.6161 106.1734 106.4232 106.1058 105.9996 108.1752 106.3717 107.7688 114.1060 116.5517 115.1533 116.5218 108.5327 112.6704 115.7045 109.2796 113.5476 113.5758 114.5336 113.2541 114.9511 110.2037 108.3709 111.0703 110.7639 110.2549 111.8361 110.8789 113.4761 115.1992 115.4130 111.6996 116.3952 112.4029 110.5676 110.7432 110.0833 111.4411 111.1000
113.5200 104.3263 108.1474 107.3986 107.1825 107.0934 107.2254 106.7048 107.0686 113.8941 118.6188 114.8720 116.0863 106.5395 105.9926 116.0296 108.0809 109.5621 114.6518 118.9620 111.4251 112.3968 114.7414 113.2821 112.3902 112.7252 111.9470 109.9336 109.8495 110.9246 113.6110 116.7225 110.5311 119.1108 112.6798 110.4045 111.0472 110.8793 110.9490 110.5800
110.7200 111.3418 109.6981 108.2347 108.2956 107.7370 107.7102 107.9335 107.8817 114.5535 113.5623 116.6330 112.1674 111.0674 111.4500 112.0887 113.4107 108.5346 114.9236 116.9156 117.6973 114.3413 116.6444 117.2671 113.5550 112.5819 113.7861 112.9589 112.8890 113.8839 109.8498 112.9486 115.8302 116.5634 110.1447 115.8705 110.8413 110.3564 111.5502 113.5100
112.2500 115.8700 109.7800 108.6700 109.0900 109.0500 109.1300 109.0500 108.0500 115.7900 113.3300 118.2800 112.5800 117.6000 115.3400 108.6500 115.6100 115.6100 111.3900 116.8700 114.1300 109.0200 109.0900 118.5300 109.8200 109.8200 114.3400 114.3400 114.5200 114.9000 109.9400 110.7200 115.6100 111.7300 113.0800 109.6300 109.9800 110.6500 109.9400 119.0700
