96.1600 96.1200 97.3300 98.3300 98.3300 98.9800 100.7500 101.2300 102.9900 103.9400 103.9400 105.1200 104.2600 110.7900 106.3700 106.1100 105.3700 106.0200 107.0200 111.0900 112.4200 114.0100 113.0800 114.2200 116.3600 117.3000 113.8900 117.0100 116.4200 115.3300 115.0400 114.7000 114.0500 113.4300 113.1200 112.4300 112.1900 111.9000 111.5000 111.2400
93.2500 94.9430 95.8923 96.8824 97.4495 98.4339 99.4316 100.6261 101.5571 101.8028 104.4261 104.8766 104.6238 104.1416 105.8013 105.8537 105.1708 106.7537 109.2612 110.5065 111.5049 114.3688 112.5313 114.7524 114.9839 116.3895 115.9455 117.0059 116.4458 115.8986 115.2349 114.9770 114.4034 113.7098 113.1669 112.6671 112.2066 113.3462 111.8042 111.3900
90.5600 92.4942 93.7611 95.0120 96.4386 97.3651 98.7058 100.1837 100.8412 101.5505 103.0126 104.6175 104.0304 104.4327 105.4006 105.7290 104.9924 106.2766 106.9373 107.3763 107.1422 113.5432 112.0776 114.6127 115.3661 116.2208 116.7440 117.3557 116.8364 116.3390 115.6609 115.1105 114.4551 113.8161 113.2223 112.7690 112.3903 112.3021 112.0885 111.5100
87.4200 88.2731 91.7024 94.0531 95.3746 96.5013 97.6516 99.1207 100.2276 101.3436 102.1783 104.3916 104.4448 104.4558 105.3784 105.4180 106.7736 106.5979 107.0179 106.9853 107.0160 111.2340 108.7245 112.3817 113.2474 116.2955 116.4272 116.8732 117.4468 116.3275 115.3234 114.8502 114.2040 113.7652 113.3103 112.8213 112.4666 112.0352 111.7424 111.4300
87.4900 87.4706 88.7765 91.0371 93.1948 95.1509 97.0176 98.3828 100.2188 101.1964 101.8491 103.9337 105.4388 105.4518 104.9758 104.9572 106.0968 105.9402 106.8664 107.8010 107.7829 107.8009 110.3030 109.8359 111.0732 115.0792 116.1771 116.8964 116.7367 116.6359 116.0829 115.0862 114.5799 113.8235 113.3272 112.8596 112.4560 112.0558 111.7481 111.4500
75.8700 81.3594 87.5890 88.1341 92.9995 94.1869 96.1991 98.4751 100.2717 101.1477 101.6825 103.2980 104.0405 104.7912 105.9573 105.1615 106.0181 106.2144 107.0756 107.4587 109.2852 109.8012 115.4651 114.1057 113.8415 117.1899 118.3398 118.9169 118.1984 117.5481 116.6267 115.9401 114.1165 114.2225 113.5505 112.8878 112.4659 112.0567 111.7490 111.6300
75.8700 71.2690 79.5478 85.5062 92.4747 94.0457 96.2113 98.2818 99.7255 101.0072 101.8165 102.8307 104.1294 105.4184 105.3645 106.4187 105.8487 106.8596 107.5314 107.2144 108.7020 111.1915 113.7631 113.2876 112.9558 117.1170 118.0125 118.0817 117.8961 116.5813 113.9320 112.6552 112.8268 112.6249 112.7658 112.9253 112.5050 112.1370 111.8009 111.7100
71.7600 68.7572 75.8630 85.8116 92.1782 94.3160 96.8918 98.0990 99.4564 100.9709 101.7930 102.4043 104.8669 105.7962 104.7660 106.4774 105.6424 106.0772 107.3940 107.4611 107.2165 110.1740 112.5750 114.6062 113.5616 115.9918 116.3469 116.7198 117.3103 115.3804 111.1209 110.2749 111.7893 111.9649 112.6160 112.8638 112.5010 112.1367 111.8082 111.7100
75.7800 72.3652 82.6606 85.4089 92.2412 94.3549 96.1510 98.5252 99.7363 100.9658 101.4737 103.9072 105.0078 105.3641 105.0943 106.4928 105.3071 111.1617 107.3427 107.7023 107.6802 110.4201 110.0930 112.6687 115.3621 115.5928 116.0961 116.8988 114.4792 114.0653 112.6801 113.1953 110.1220 109.8164 113.0098 113.0514 112.5757 112.1279 111.8076 111.6700
75.7800 82.9864 84.8475 88.7792 93.3293 96.1863 96.8061 98.7156 99.8880 101.1713 101.6459 104.0813 105.0708 104.9352 105.0175 104.9299 105.3825 107.4309 108.2035 111.4566 110.3759 108.8473 110.0870 112.2032 112.0028 114.7661 116.9730 116.8860 116.4928 113.5824 115.8076 114.3584 112.3723 111.4351 111.4709 111.1938 111.9978 111.9516 111.7500 111.3200
87.4900 89.9608 90.1065 92.1218 94.5858 96.1708 97.2946 99.4344 100.5114 101.2402 102.1251 105.0696 105.3613 104.6344 106.1708 105.8418 105.2783 107.0615 107.8554 109.7407 111.3265 108.9777 110.2069 109.9794 111.4526 115.8809 117.3237 117.2541 117.5865 113.7061 115.7016 113.9995 112.1456 111.8191 111.3880 110.9632 111.9621 112.0115 111.7225 111.4400
92.8200 92.0523 92.5738 94.0429 96.2743 97.6660 98.9034 100.1610 100.8091 101.7023 102.2793 104.1422 105.4047 103.9542 105.7500 108.4496 108.6960 107.5916 107.2315 110.5583 108.7775 107.5903 111.3240 115.1057 112.9935 116.9163 116.1777 117.7358 114.6788 114.0628 116.1596 113.6912 112.0029 112.3142 110.6408 110.4245 112.5784 112.0694 110.6669 111.4900
95.0600 94.3988 95.1407 96.9441 97.9777 98.6387 99.2855 100.3458 101.3040 102.0186 102.8285 103.3423 104.5712 104.3685 105.6125 106.5527 106.5346 108.1519 111.1149 109.4517 107.2883 108.4855 107.9877 114.3798 113.4213 113.3289 111.3490 110.9062 117.8050 117.9220 115.9050 109.3720 110.3534 108.9017 113.4139 112.0156 112.0818 111.8290 110.4433 109.1100
96.7400 96.7132 97.2125 98.3500 99.0411 99.6756 100.3686 101.0337 101.7592 102.4832 102.6416 103.0891 104.9630 105.7855 106.4815 106.5470 107.1125 106.8561 106.0477 107.9724 108.4363 111.6588 111.2293 113.4470 115.5054 114.7552 113.3122 117.2124 111.2326 114.8266 113.7196 108.8944 109.6868 108.5480 112.6611 111.2548 112.5374 112.8917 111.4547 111.0600
98.4600 98.4150 99.0097 99.6014 100.0269 100.6544 100.9900 101.6740 102.3673 102.9106 102.1429 99.7573 104.3434 104.8863 106.7125 105.8546 107.4208 107.0039 107.6806 106.9684 108.2971 108.3880 108.5272 109.1680 110.9998 114.4095 114.7500 113.0774 110.6659 112.8111 110.8992 109.0106 108.0042 108.1720 109.6689 109.6116 112.4757 114.5812 113.5939 111.0600
99.8900 99.8979 100.1279 100.5020 100.8526 101.3983 101.7906 102.2077 103.0795 103.2547 104.2022 103.8065 105.7782 105.5234 106.0211 106.5891 107.5965 108.1150 106.8551 107.5467 108.6223 108.7237 108.5747 111.2874 110.9136 110.7771 115.1464 110.1699 108.0289 108.4139 110.5974 110.7169 108.9501 108.9019 109.6790 110.0123 112.2002 111.2919 110.5374 113.7400
100.8600 96.2219 101.3264 101.3639 101.7046 102.0926 102.6982 103.4787 105.1878 104.1361 103.4820 108.0949 104.8401 106.1808 106.6873 106.5043 107.2608 107.4246 107.0480 108.1356 108.8086 108.8752 109.0740 110.2211 109.6603 114.3829 113.3928 116.6857 108.7662 108.9937 111.8741 108.0759 110.2431 109.9533 111.1357 110.0496 109.9759 110.7622 109.6386 108.9800
101.6000 102.1125 102.0010 102.1562 102.1796 102.6858 103.5501 104.9749 105.0976 106.9791 109.5705 107.8244 107.8901 105.5299 107.4800 107.4123 107.8924 106.6915 107.2016 107.8387 108.7792 108.6120 109.3030 108.3491 108.5680 115.1194 114.4084 107.8202 109.5614 108.4979 109.0441 108.4176 110.3600 109.1510 110.0898 110.2218 109.5270 110.4293 111.7948 109.9900
102.3000 102.7571 103.1873 102.8907 103.4457 106.6704 106.2937 105.0885 105.6141 105.0834 106.5047 108.3923 111.4061 107.5251 107.0128 107.6825 107.0744 108.0871 107.1870 108.5409 108.2948 109.0001 109.4130 109.6194 108.9931 108.5669 115.0486 109.2397 108.6113 109.0827 109.8381 110.9258 108.8951 108.0472 110.0525 109.9245 109.3546 109.9906 109.4731 109.4500
104.0300 105.0166 104.5025 105.5639 104.1230 104.8241 104.1023 103.1187 106.2165 106.2667 108.6308 105.3579 107.5496 109.2507 108.3996 108.0182 107.6523 107.6188 108.2989 108.8070 109.1181 109.3284 109.5900 109.2488 109.3842 108.9418 110.3760 110.8592 109.9193 108.7070 108.5336 111.0960 108.6368 111.9946 117.0910 113.4961 112.3862 110.2305 109.9217 109.2100
104.4200 104.8902 104.5337 103.6372 104.4621 105.0319 110.1079 105.4744 105.7364 106.8552 105.6590 110.0324 109.9467 109.3976 109.6060 107.5960 108.1430 107.2004 108.2184 108.9974 109.2020 109.3568 109.4227 108.4100 114.5532 109.1687 109.5486 109.9235 109.1341 108.0198 109.9963 109.3565 109.5108 113.8915 120.2829 122.0383 124.4602 120.7197 110.5044 111.1900
106.3300 105.0907 104.2320 105.0889 105.5009 104.4975 105.8915 106.5503 107.2046 106.5357 106.0889 109.3761 113.5483 111.5551 108.0239 108.5734 107.1170 107.6160 108.0445 109.0564 109.7837 114.8307 110.9520 113.5346 108.9490 109.2888 109.4890 109.5794 109.2335 108.2972 109.5501 109.4682 113.5868 118.7122 114.5672 110.0616 123.1188 114.6771 114.0844 112.2600
106.7600 105.6583 104.5680 107.2224 108.2763 109.8826 106.6884 107.0991 108.5772 107.5499 106.4240 108.1123 108.0626 114.4758 110.7419 112.7475 109.7560 109.0347 109.1389 109.0987 112.7482 114.4768 115.2872 114.3759 111.3575 111.0967 112.9910 112.0773 109.5748 108.6684 109.1023 110.3054 113.5071 116.7641 111.6179 112.7145 113.6445 113.6183 110.1540 110.6900
104.4600 105.8150 105.2481 106.4346 106.7123 105.8938 105.2454 111.0294 107.5498 112.8256 111.9985 107.7204 109.1065 115.0140 111.0319 112.6829 109.4808 107.4226 111.0121 109.4544 114.2669 113.1146 115.9650 115.6867 114.6045 113.6093 115.6678 111.9161 114.9054 112.0984 110.8601 112.1250 110.6526 112.9835 115.1315 118.7581 115.6336 115.3180 112.6636 110.1300
106.2700 105.7029 108.9999 106.6434 106.3100 108.2894 113.8837 112.8791 108.1606 112.9605 112.3936 114.8980 109.8603 113.5428 115.1878 113.6896 115.1817 106.0491 114.1012 107.2856 108.5850 108.0529 115.0913 116.6684 116.1833 111.3854 109.3335 108.5811 114.4838 115.3327 111.4274 111.9310 112.8338 114.2439 115.9017 117.4096 109.1200 115.8369 110.5109 110.1300
106.1500 105.6007 111.6747 108.1750 106.9255 111.4721 107.6549 111.4602 111.3604 111.6552 107.9537 112.4661 107.4376 114.3885 111.3715 111.3927 114.0102 115.5201 111.7969 108.3930 110.4244 112.6761 114.5994 113.3521 112.4440 113.2891 113.4608 115.6723 114.5997 111.6480 109.3316 110.0451 112.0478 112.0709 113.8447 111.2432 110.5226 107.9676 110.5704 110.0600
107.3200 106.6950 110.2292 110.8636 107.7185 107.7844 111.0070 111.1057 111.9806 113.9563 112.0108 112.4315 110.2346 112.3045 109.7816 110.4395 110.5712 110.6458 112.3277 112.4387 112.9481 113.9067 114.5111 112.2309 113.2094 112.2792 110.8328 111.5494 113.2526 120.6108 111.1371 111.4301 109.1556 116.0942 117.1810 111.8617 109.7676 121.5449 111.9193 110.1900
106.9400 108.6813 111.8862 114.4433 108.5526 109.3551 107.6445 112.3510 111.2062 114.8377 114.2043 109.9457 114.3174 111.4203 111.8646 114.4487 112.5457 113.0146 111.6372 112.9756 114.4143 115.2232 114.9862 114.8859 109.2450 108.2570 111.5103 109.0381 118.1091 114.6866 112.6572 110.6692 111.1244 112.1621 115.5965 110.6126 109.8102 114.9094 111.0917 112.9800
111.4600 112.8850 111.9627 113.1155 108.6951 109.0970 107.9569 112.5491 110.6232 114.0380 109.2423 114.3700 108.9612 111.3640 114.7979 114.0132 111.4515 111.9189 111.5585 112.6249 115.0823 111.5368 109.3701 114.7044 113.2626 114.5429 113.5603 110.2977 112.1565 117.7159 109.1674 110.5270 112.5155 120.3174 112.1313 109.4388 112.1385 111.8842 111.8730 117.5500
114.2700 114.1275 111.3854 111.6832 108.1163 107.9790 114.9515 115.3341 111.4028 116.1507 110.5446 110.9191 110.7471 111.4714 115.3994 112.7952 113.7296 113.1341 113.7685 112.2413 114.6153 112.0093 112.5851 113.5060 109.1009 109.2914 116.2073 109.7382 113.5359 121.1712 116.7469 114.5226 112.9977 111.0657 111.3351 110.4643 112.7699 112.9774 114.9483 109.8500
106.2400 106.4509 105.5583 108.9032 114.4582 109.6533 113.3883 112.7316 110.5192 114.1923 114.8873 110.1098 112.3442 109.4826 113.7829 109.5045 113.8547 113.1921 114.1147 110.9958 112.7279 111.5409 114.5624 114.0930 115.5673 111.1947 117.5964 112.1905 112.2611 116.3095 110.5652 109.7761 114.0074 112.0599 109.6454 110.5402 113.1217 112.5973 112.2304 111.9800
104.4600 105.4709 106.3196 108.6316 106.4332 109.2971 109.5161 111.3142 115.3816 111.6834 112.5041 116.0968 114.0442 110.0250 111.5042 111.6894 114.1211 112.0915 112.2711 110.1806 110.6767 112.8614 115.2922 112.5129 116.8591 110.4645 109.7215 111.8395 113.5362 116.4384 116.5114 109.9858 110.1540 113.7943 110.2506 110.7926 111.0560 112.5248 112.0092 112.4900
110.3900 110.3461 105.6710 113.5233 112.6576 111.2829 113.6470 109.1768 105.1480 111.0004 111.9822 115.1293 112.1861 109.9983 107.8517 113.1565 112.3149 114.8516 112.7697 112.6325 113.3887 113.5734 113.6728 113.9150 116.0472 110.5160 109.9849 115.4340 108.8830 114.7725 114.4838 117.4491 109.9754 116.8686 112.1821 110.1729 112.4663 112.1301 111.7959 113.8300
110.5300 114.6934 106.6508 113.9764 110.8128 113.1657 109.5294 108.4395 110.2456 112.9397 114.1185 115.6099 113.5000 112.8830 112.5627 111.3102 111.7950 115.0659 115.9460 113.7283 113.0571 111.3900 114.5124 121.3259 112.6472 110.3323 109.5831 110.0225 111.5512 110.3209 109.0702 113.8645 109.6685 110.3449 110.5014 111.9040 113.3803 112.0880 112.8611 113.7300
112.1000 108.5602 111.5867 113.2880 111.4596 112.1620 113.4599 112.5896 112.6224 112.0134 111.7073 112.3650 115.5815 112.4889 113.8553 111.0995 113.3674 115.9210 117.1387 117.6831 114.3793 113.8730 114.3174 116.7429 117.0369 113.6252 109.4201 110.1528 110.5547 111.5751 112.6870 111.5670 109.6269 110.6457 112.2252 112.3722 109.9639 113.5153 112.3828 113.7300
113.0700 106.6527 112.3683 111.6025 112.5656 113.0169 111.0220 109.2968 111.4581 112.1679 112.3004 114.1206 113.7722 112.8240 111.0927 116.7949 114.7091 115.1462 116.8269 112.0948 113.4056 113.1365 110.5108 110.3227 110.6553 109.1973 109.2496 109.0269 110.6469 115.6432 115.9887 110.7354 110.5917 109.4916 110.2041 111.0734 110.2912 112.7693 114.0581 113.2500
114.7800 108.6442 110.9484 109.9693 114.3286 113.2805 109.0003 112.6580 109.4028 111.6296 111.3835 114.4791 109.8045 116.2023 111.2857 115.0576 116.7874 115.0717 116.0181 113.5002 115.3815 111.5536 109.6676 108.7637 110.2326 114.5938 113.2806 114.0758 110.8891 115.6273 119.3171 116.1410 110.9481 116.7378 109.2103 116.0505 118.0346 113.7458 112.4616 114.7700
108.6400 111.7358 113.4989 108.6155 113.2608 112.7026 112.8419 110.9210 109.5216 110.5914 114.5189 110.9179 109.7012 119.1396 116.1177 115.4037 117.4478 117.3488 119.4568 118.4154 114.0412 112.0043 114.7735 116.0977 115.4327 119.5107 117.6293 110.7734 112.6845 110.8385 117.6677 119.2336 113.6402 119.1442 119.3855 119.4846 117.1644 116.1803 112.7390 115.4900
109.6800 114.1701 114.3971 108.7007 115.8583 115.3743 112.7659 113.8141 113.9327 109.3127 113.6834 116.4336 114.0974 118.7015 116.1066 117.5011 120.4813 118.3328 119.1112 116.7422 116.2999 114.8217 118.0134 118.5088 113.7389 113.7567 114.4695 111.7927 117.3013 116.0892 112.8502 113.0364 119.7060 116.8060 110.1481 121.1346 111.6960 110.2565 114.1835 116.9100
111.2200 113.8200 112.6000 116.1700 118.2800 119.1400 112.6900 112.7300 116.0100 110.6100 110.6100 116.3500 116.3500 114.0500 109.8000 116.9600 121.2100 117.6100 119.7000 118.8700 114.4600 109.0700 119.0800 119.2800 119.2800 110.3000 119.0300 109.4900 112.6800 117.8700 120.0200 112.5500 112.5500 112.1000 110.2700 111.0000 111.7100 115.6700 111.2000 117.2800
