114.9600 114.9600 115.1200 115.1500 111.8200 111.5400 112.3100 108.8600 108.9000 115.9400 113.5000 107.3700 111.3800 111.6100 111.6300 110.1700 108.6200 114.1100 111.9300 112.3500 112.2100 112.9300 113.1800 113.1800 114.5200 114.3600 114.3600 112.2700 117.1600 119.6800 118.8400 118.9500 119.1200 118.4300 117.9500 117.8500 116.7200 116.5800 115.8600 115.8600
112.9500 109.0553 113.8028 112.6245 111.6555 112.4832 115.2556 111.7460 107.9907 115.3446 112.7472 113.6340 112.5601 110.8095 109.7754 109.9770 110.1939 114.2370 108.6053 111.0318 110.1037 111.6578 113.2244 108.7876 109.2847 111.8875 114.7749 116.6975 117.0667 118.0019 118.7079 119.6467 119.4883 119.0226 118.2249 118.6930 117.9406 119.7453 117.1357 116.4800
114.3900 109.0808 109.4594 112.4339 110.9233 109.3876 114.4750 115.9438 109.3346 113.9254 108.6275 113.0820 111.0766 111.0397 109.6097 113.1108 107.4020 112.5528 108.7325 109.7932 109.0434 112.5094 110.3270 109.0321 109.6804 114.9008 114.7229 115.4899 116.6423 116.2359 117.8922 119.0335 118.1697 119.1699 118.2474 118.0155 118.1179 119.6721 117.4946 116.7500
113.0800 115.5433 107.9522 110.8433 108.4142 109.5829 111.1501 113.8661 108.4026 108.6803 111.8530 109.3814 110.3477 107.8272 109.3183 108.8608 108.8157 113.3333 109.9919 111.2654 110.5489 110.2430 108.5141 109.1119 108.5095 110.4765 114.7982 113.5595 116.5177 114.9459 116.4559 117.5044 117.7278 117.1670 118.6151 118.2977 119.0884 119.0469 117.4815 117.4300
113.8200 110.1682 109.3016 112.1636 107.0733 109.8215 111.5954 109.0322 108.2106 108.0512 107.1293 111.9477 113.6674 108.2388 110.3281 108.3054 107.2104 110.6663 109.8503 108.5624 111.2717 108.4686 108.6452 108.8362 109.6753 110.6980 114.3197 113.0426 113.7893 116.8714 114.8450 117.9895 116.9186 113.8133 119.2408 118.9173 120.1005 119.6263 118.6063 117.8600
113.6700 117.2476 112.9053 107.5473 110.3333 113.9466 114.8888 109.0804 108.6050 107.2354 107.3368 107.1863 107.7311 107.5492 107.6020 107.9961 107.5734 107.5646 107.4442 107.5646 110.2966 108.0649 108.2532 108.8635 107.6756 109.9569 113.6498 112.2506 113.7933 114.2895 113.5811 115.2711 116.4924 115.4740 116.2237 115.8760 115.9058 114.2299 117.4683 117.7500
112.1900 112.4277 111.1780 107.9635 112.9689 110.3469 115.6015 111.3711 109.4146 108.6150 107.7595 107.1771 107.4626 106.1905 106.4835 107.9324 106.2824 107.9837 107.6098 107.5905 106.8709 107.7243 107.6663 107.8861 108.0463 111.9139 111.8419 113.0392 115.7678 111.6330 113.8750 115.0747 115.7980 113.0052 116.8068 114.5923 112.9953 113.6471 115.9339 117.7500
112.1900 106.8525 108.9247 109.0390 108.6770 106.4423 115.4113 111.7847 109.4480 106.1970 109.2814 107.4447 107.4748 106.5179 106.7613 107.8182 105.7836 107.4893 107.6804 106.9967 107.7263 106.8834 106.9494 107.4920 108.3370 112.3507 113.3535 111.2128 116.3451 111.0315 115.6334 115.5439 118.0629 114.8862 109.9059 118.7553 115.1451 118.2236 116.4335 116.6200
114.9200 109.9863 112.5775 112.5104 107.1467 109.1352 109.4319 107.9659 106.7066 107.1348 106.8906 107.2782 106.3242 106.7535 106.3959 107.2294 107.2297 107.0559 106.5763 106.9491 106.6189 106.6806 110.1402 109.3069 112.2695 114.9884 112.1247 108.5852 108.7687 105.4917 114.9357 113.0764 116.4521 115.8612 116.1365 117.7444 114.3417 114.0229 118.9785 116.6200
109.3800 108.5491 110.4465 108.1705 107.0830 105.9714 106.0098 105.5810 107.3461 105.8755 106.4964 105.1405 105.8036 105.6314 106.4582 105.9189 106.3289 106.6553 106.1917 106.2055 107.4177 106.4722 107.7790 107.3722 111.1518 113.0759 113.8605 110.1040 109.3859 110.3426 110.8073 110.5773 114.0017 115.4619 116.1579 115.8901 115.9133 115.1306 118.5872 118.8000
112.4800 114.2733 106.1819 105.5999 108.4141 106.3461 105.7113 107.8910 106.9540 105.4897 105.1414 106.1092 106.0704 104.6247 106.6394 106.4268 106.4188 106.0578 105.8141 105.4446 107.0211 107.4185 107.3153 110.6891 113.2382 113.6927 112.0880 108.4977 113.7042 109.1030 110.9434 110.0575 113.7170 114.6987 115.4060 116.9091 108.3121 111.1512 116.7292 114.0700
111.3400 113.5854 106.7018 107.3200 107.3503 105.0179 106.0187 105.9508 106.6041 105.9101 106.2430 104.7195 106.0890 106.0390 105.3950 105.1963 104.7561 105.0406 106.3641 104.9198 105.6010 107.0620 107.7170 108.4769 111.0113 113.0283 109.8879 111.7846 111.2634 108.3037 111.4548 111.2690 112.8478 114.6877 116.2444 113.1161 109.0563 107.9012 112.3853 114.2100
111.6900 108.5941 107.5440 110.9804 106.6263 105.5536 105.1476 104.9937 106.9548 105.8048 103.7572 103.9102 105.5171 103.4227 103.4558 105.3263 105.4957 105.5851 105.0673 104.9431 105.7529 106.2899 111.3931 105.1772 107.5108 112.2222 110.6350 111.9133 108.5708 111.9606 108.0956 110.7541 111.5777 111.6474 114.1650 113.6766 110.1307 109.8422 115.0248 115.0600
106.4600 105.7044 108.2589 108.8829 105.8472 106.7051 105.4860 104.4266 104.3877 103.7423 103.1830 103.1067 102.8653 104.0561 103.2964 104.1322 103.7311 104.9680 105.8300 105.9832 105.7348 105.9537 105.2999 104.9526 105.7264 107.1036 106.9580 107.5080 113.5216 110.1244 109.9158 113.6168 112.2713 115.4457 113.2494 113.0317 115.6507 115.6485 114.3723 111.5800
105.2400 105.6499 109.7179 104.9717 104.9846 105.8818 104.0016 102.9429 102.5873 102.5253 102.5824 102.3355 102.1379 101.9009 102.2999 102.3233 102.9868 103.0396 104.5444 104.3814 105.8214 106.2635 106.0665 105.1856 105.7720 107.0568 107.4225 106.7443 112.6770 112.9241 112.5371 109.2487 108.2976 114.3119 110.7454 109.1947 111.9693 112.2723 114.2593 113.5200
106.0500 106.5574 105.9360 104.6882 103.5305 102.8862 102.5554 102.3870 102.1175 101.8643 101.5501 101.4276 101.3499 101.1510 101.2545 101.3946 102.0647 102.6804 102.8935 103.4369 105.2092 104.0640 106.1592 105.2623 105.4937 105.5451 106.4790 109.3928 110.1248 110.9167 109.0677 112.0204 107.3458 110.0755 107.7790 108.8439 108.9609 109.2745 110.3746 110.3500
104.4500 105.6988 106.2082 103.3189 102.9661 102.6434 101.8844 101.3143 101.3093 100.8604 100.4513 99.9802 99.6457 100.0434 100.3024 100.9030 101.4702 101.8354 102.4665 102.5546 104.1864 103.3559 105.1479 105.1879 105.2464 105.6606 106.4102 106.2325 106.9444 108.6355 107.5381 107.6232 107.5226 107.2070 108.1680 109.0421 111.1016 111.4604 112.3497 114.7600
105.3100 105.8126 103.3744 102.9918 102.3528 101.7837 101.1827 100.6148 100.3296 100.1224 99.6253 98.8421 98.9815 98.5143 99.0644 99.7407 99.9022 100.9520 101.6427 102.2202 102.6468 104.3413 104.1553 105.2669 105.7844 105.6821 105.8938 106.7461 107.2809 107.5916 108.1216 108.1336 108.2941 107.2918 109.0752 109.0863 111.0525 111.6497 110.9836 109.7400
103.8400 104.1030 102.9828 102.4914 101.9512 101.1541 100.6250 100.2216 99.1327 98.7121 98.0479 97.5484 96.8082 97.7950 97.7024 99.2129 99.5359 99.9453 100.8668 101.3780 102.0989 102.7948 104.3092 105.1709 105.7933 106.4267 106.7126 107.2374 106.9758 107.5724 108.2320 106.9370 108.4183 108.2516 109.3343 109.2003 108.9934 109.4396 108.9560 109.9000
104.8900 103.2058 102.7417 101.9948 101.4094 99.8777 99.1713 98.9872 97.8547 97.3475 96.3598 96.2500 95.4438 96.4215 95.4906 97.8644 98.5073 99.3100 99.9817 100.7429 101.6763 102.1099 102.6735 104.3169 105.6081 106.1724 106.8506 107.1846 106.0687 106.9296 108.0704 106.4834 107.7912 107.6962 108.1268 109.3257 109.0986 109.0960 109.7051 114.9300
103.7900 102.8085 102.1477 101.2720 100.4778 99.7699 98.0647 97.8605 96.4339 95.2516 94.1412 93.4833 93.4197 92.9256 94.1487 96.4632 96.9135 98.2610 99.6779 100.0922 100.8024 101.8563 102.8238 103.2237 105.6536 105.7235 106.7526 105.8411 106.8876 107.4254 107.7854 107.6762 108.2501 106.9122 112.1077 111.0882 109.4158 110.2069 110.2296 109.7500
102.9000 102.5921 101.9174 101.0901 99.8802 99.0467 97.5046 96.2130 94.7722 92.8667 90.6479 90.5015 90.0492 89.9020 92.0287 93.9930 95.8263 97.3908 98.4146 99.4470 100.4217 101.3087 102.3524 103.1338 104.2390 106.1900 106.6197 105.9859 105.6212 106.6991 107.0090 108.2223 108.3657 107.6985 108.5482 108.7862 108.8808 111.1625 107.6487 109.3200
103.0100 102.5166 101.6412 100.3243 99.3736 98.3391 96.6911 95.0126 92.6922 89.6610 87.0533 85.8079 86.2553 86.5536 88.0691 91.6398 95.0795 97.1799 98.3279 99.1973 100.2005 101.0384 102.0069 102.7416 104.0016 105.9323 105.9266 105.0749 106.0786 106.3155 106.4313 106.5577 107.1948 107.9377 108.2905 108.5901 108.2868 109.5884 110.5689 107.5500
102.8200 102.3985 101.2725 100.0483 97.9681 96.9540 96.1565 93.3566 89.8114 85.3429 82.8073 80.8076 76.7862 80.9797 85.2354 89.3162 92.6207 96.0667 97.5933 99.3148 100.1995 100.9562 101.8249 102.6809 103.4017 105.9454 106.2508 105.4646 107.4644 106.3900 107.6205 107.6583 107.1811 108.0492 108.2369 108.9604 109.0484 109.5824 112.2409 107.4900
102.7700 101.8550 101.0873 100.3828 98.1811 96.2692 94.7193 92.0452 87.8495 82.9339 77.8789 73.5524 73.3100 76.9077 82.3326 86.9437 91.6309 95.4554 97.2949 99.0634 99.8036 100.6928 101.5027 102.7554 103.3188 105.1456 105.8642 106.8056 106.8634 106.8856 107.5462 107.5526 107.6783 107.4724 108.7998 108.8687 108.6574 109.5940 111.2063 112.7800
102.8100 101.8931 101.0659 100.0273 98.7619 96.7151 94.6916 90.9283 87.3185 81.5994 75.3866 67.4853 63.6353 66.9429 79.2302 85.4777 91.4958 96.2102 97.3395 98.6132 99.4487 100.7442 101.3344 102.7645 103.2794 105.0731 105.8774 106.6839 105.9184 106.9584 107.6122 108.0084 108.4931 107.6337 108.7975 109.1090 109.6984 108.7833 108.3107 109.1600
102.9300 102.0217 100.9681 100.5038 99.2077 96.7365 95.5584 92.0607 88.0208 82.5351 75.8965 68.3063 65.1288 69.2961 82.2384 86.8191 91.6460 95.2559 97.4264 98.6781 99.7669 100.6978 101.8216 102.5745 103.2036 103.9444 105.5083 106.7153 107.0575 106.8605 107.6252 107.4967 108.1919 107.1064 108.4878 107.9073 107.8687 109.1611 109.0941 109.0200
102.9000 102.2613 101.3823 100.5780 99.2589 96.9538 94.5421 92.2950 89.5477 84.9533 79.9036 74.5507 72.4063 77.8012 82.8247 88.7162 92.5505 95.8068 97.4661 98.5679 100.2107 100.9623 102.0035 102.5306 103.1380 103.9730 104.6375 105.0379 105.2654 106.6834 106.5367 107.1844 107.0275 108.4471 111.7210 112.9166 112.9975 108.0341 109.9211 108.1800
103.0000 102.4941 101.5468 99.7634 100.1387 97.6148 96.0195 92.5493 92.1285 87.8075 85.0976 82.3083 81.5615 83.8753 87.1326 90.2314 93.6876 94.9311 97.2936 99.3267 100.3574 101.1302 101.8703 102.7503 103.3038 103.7975 105.5723 105.4974 110.1965 105.9002 106.2827 106.5397 107.9282 107.4172 109.1591 109.2951 109.4098 107.8812 109.9134 109.5400
103.1400 102.7501 101.5002 100.2407 100.6402 98.7047 97.2060 95.4198 93.8625 91.5412 89.9438 88.0771 87.6913 89.0195 91.8973 94.7409 96.3443 97.2887 98.4302 99.7755 100.4953 101.4041 102.0817 102.8878 103.8953 104.1816 105.8254 105.8927 105.9036 107.0045 110.9731 105.9089 108.2318 107.7979 108.6323 110.2922 115.5906 108.0984 108.5568 108.4900
98.4100 101.0057 102.5187 101.5189 100.4214 99.2690 97.7627 95.7373 94.6464 93.9943 93.5037 92.1120 91.5507 92.1800 94.3923 96.7689 96.5493 97.7502 99.1504 100.0904 100.9707 101.7499 102.5485 103.1006 104.4305 104.0872 105.9207 105.7773 106.0729 107.5420 108.6050 107.4772 107.1527 107.7389 111.9855 113.3070 113.0453 112.2515 110.0748 109.9100
103.7000 103.5915 102.6397 102.1164 101.3209 99.8148 98.7712 98.4236 96.7790 95.1062 94.4952 94.9692 94.9869 94.6008 97.0398 98.1662 97.6241 99.2202 99.7622 100.5934 101.3426 102.1710 102.9945 103.3032 105.9098 105.7989 104.9068 105.5241 107.6085 107.2140 107.1607 106.6758 107.3899 106.9864 109.4622 114.7670 106.9661 108.3940 109.8435 110.8300
103.7400 103.4628 103.0085 102.3586 101.7132 101.0835 100.5432 100.1334 99.7916 98.2526 97.2113 96.7780 96.5909 97.0260 98.4349 98.9478 98.9556 100.1258 100.7673 101.4469 102.0325 102.7193 103.2162 103.6378 105.6913 105.8637 104.8235 105.4000 110.9000 106.2304 107.3105 107.0057 110.6846 110.3503 111.3241 112.2924 107.1326 110.3566 107.3654 110.3200
105.9200 104.0398 103.3638 102.8309 102.2760 101.7558 101.3154 100.7766 100.2312 99.6054 98.9166 98.5402 98.4753 98.8186 99.4757 99.5237 100.0708 100.6870 101.5581 102.0604 102.5456 102.9807 104.0422 105.8655 104.7617 104.8730 104.6445 106.8598 107.2520 107.5469 107.7684 108.9516 107.7691 110.0926 113.4937 106.3010 108.5939 110.9708 108.9333 110.3200
105.7100 104.0721 103.7469 103.3367 102.8746 102.3822 102.0109 101.5789 101.0226 100.5552 100.1597 100.2255 100.2118 100.1416 100.5570 100.8554 101.1802 101.5806 102.1639 102.6527 102.9487 104.4661 105.3214 105.9247 105.3712 105.3148 106.3491 107.4381 107.8420 108.0964 108.0458 107.6750 111.7188 110.3381 114.6010 112.4474 112.2869 112.0229 109.5294 107.9300
105.5200 105.6552 104.5005 103.6674 103.3789 103.0073 102.6022 102.2769 101.8464 101.5294 100.9542 100.7993 101.0057 101.0239 101.1514 101.8415 101.9310 102.3954 102.6551 103.0589 103.4691 105.5907 104.7631 105.2247 105.7269 105.8675 107.4474 107.8053 107.9170 108.0560 108.2411 110.1037 111.2288 111.6083 111.8766 111.9549 110.9432 116.8884 110.0817 107.6900
107.0500 106.3827 105.8908 104.6743 103.7495 103.5646 103.1955 102.8423 102.4413 102.2690 101.8082 101.8154 101.6925 101.8896 102.0235 102.3281 102.4936 102.9100 103.1401 104.6685 105.3073 105.8550 106.2499 107.8458 104.8511 105.8849 107.2046 107.3630 108.1435 108.3781 108.0132 109.1821 109.5052 110.3834 111.4682 114.1627 113.2662 114.6171 114.5149 114.5800
107.3900 105.8439 105.3933 105.5004 104.3713 103.9974 103.7355 103.4044 103.1745 102.9529 102.6925 102.4680 102.4872 102.7853 102.9474 103.0928 103.0232 103.6285 104.7874 104.6462 105.9324 104.8987 106.2911 106.5335 106.1160 106.0643 106.6863 107.0987 108.1362 108.5141 108.1963 109.7022 107.6125 107.2268 113.0973 115.7621 114.4467 112.9770 111.0961 112.7400
107.6800 106.7458 106.6926 105.5950 105.0819 104.4650 104.1973 103.9023 103.8511 103.5212 103.7913 103.3370 103.2240 103.6305 103.5881 103.6704 103.8955 105.6232 106.4455 106.5365 106.9021 107.0833 105.9195 105.5378 105.7750 107.3965 106.6762 110.8554 108.4112 111.1996 109.8409 110.8208 113.3017 114.4452 113.1095 114.7968 115.5186 112.3256 111.4649 108.7600
106.0500 106.0500 106.4700 105.4600 106.2200 104.4700 105.5300 106.3700 105.3000 103.8600 105.8300 104.7100 104.3000 106.0600 105.0300 105.3600 105.3600 104.4100 106.8700 106.8700 106.9200 107.0100 107.0100 106.6800 106.6800 107.2900 107.0500 113.0300 108.4000 113.2400 112.0000 113.5800 114.1900 115.4500 115.2500 114.3000 111.9500 111.9500 109.8700 107.4100
