108.9800 107.3600 107.7900 107.6500 107.8200 107.7300 108.3800 108.3800 114.4000 107.6700 108.0600 106.9200 107.3100 106.2200 106.7500 105.5900 106.0800 106.6700 106.6700 106.1300 106.1300 106.9500 106.9700 105.7800 104.4100 106.9300 107.3000 106.2800 105.2400 106.2000 107.1200 107.9600 108.8100 109.7000 110.5500 111.5300 112.7700 112.7700 115.1700 115.6600
114.4400 111.3022 108.3225 107.6716 107.2322 108.4383 108.2964 108.1143 115.6571 111.0055 107.7192 107.5775 107.5272 105.8579 105.9078 105.4585 106.2335 106.5936 106.5448 106.2044 106.2209 105.5586 105.0767 106.1848 104.6963 105.3798 106.7792 105.1098 105.2226 104.9137 105.6315 106.5418 107.3651 108.2283 109.1590 110.3017 111.2397 111.0284 114.3848 114.6700
112.4400 109.2199 108.4600 108.9626 107.3103 107.7027 108.2351 108.0690 112.2637 111.3744 108.2166 107.3670 107.2860 105.3221 106.3280 106.1473 105.5908 106.4114 106.3904 105.7020 105.5279 104.9166 104.7899 105.3335 105.3588 106.4086 107.3967 106.5610 105.9940 105.6460 106.0781 105.4467 106.2831 107.1977 108.1095 109.1047 110.6833 109.8217 112.9527 114.1700
111.4200 111.3962 109.1921 108.6396 108.4663 108.3579 108.1357 106.6226 106.4255 110.5052 108.6761 106.7833 106.7157 105.8072 105.7064 106.3435 106.1687 106.0869 106.0170 105.6819 105.6472 105.5390 109.3540 106.9520 107.1117 108.7914 108.2557 108.2411 107.1970 106.3693 105.9772 105.3332 105.9645 106.1473 106.9961 108.0659 109.2049 110.5534 111.9739 112.7300
114.2000 108.4819 107.9879 108.3588 108.2602 107.6019 107.5275 107.1670 107.5803 106.4311 107.5561 106.5620 105.8878 105.3094 104.9697 106.0929 105.5515 105.3107 105.2218 104.8940 104.9451 104.9728 111.3283 105.3525 109.1882 108.5987 106.6435 110.8886 107.5967 106.1367 106.1324 106.1404 105.9011 105.2026 106.0100 107.0541 108.1896 109.4473 110.8314 112.4100
108.3900 108.2210 111.2535 108.1739 107.7531 107.4759 106.4821 107.6736 106.9698 106.8423 106.2452 105.9987 105.6660 104.4794 105.1239 105.1725 103.7868 104.6817 104.7567 104.6622 104.4148 104.5863 107.4113 105.5646 106.1137 110.2323 105.4846 105.4726 105.9062 105.3417 106.1484 106.3180 105.9835 105.1579 105.0554 106.0241 107.2380 108.4894 109.8789 110.4900
108.3900 108.7853 107.6530 108.1446 107.5184 107.2457 106.9422 106.5199 105.4585 106.8029 105.9820 106.1742 105.0811 103.7802 104.0908 104.4238 104.3982 104.3520 103.9367 102.9240 103.5059 103.4317 104.0237 103.3657 105.5895 109.0981 105.0869 105.5235 105.8744 106.2505 105.0400 107.1510 106.9192 105.9420 105.0340 105.1951 106.2867 107.5416 108.9207 110.4900
108.5800 107.3275 108.2281 108.0221 106.9347 106.0494 106.1755 106.3947 105.4496 106.3360 105.8905 105.2816 104.6045 104.9414 104.8934 102.7433 103.4224 102.7365 102.1077 102.7030 102.5983 101.3171 102.6356 102.9812 104.5334 104.0403 104.6668 104.5379 105.2593 105.9313 104.2882 110.3418 108.1760 106.1221 105.1224 104.9356 105.3359 106.7592 108.1517 108.7300
108.5400 108.0489 108.1872 107.9350 106.8810 106.2291 105.7427 106.1044 106.4426 105.5349 105.3768 105.2315 103.6477 103.0691 102.7644 101.4328 100.9467 100.6414 100.3397 100.2141 100.2989 100.4159 100.8203 100.7880 102.1156 103.3972 102.6264 102.9753 104.0512 105.1711 105.0976 105.8374 106.2044 110.6772 109.5913 105.3271 104.8440 106.1433 107.4509 108.4500
108.4400 108.4664 108.1103 107.8723 106.8122 105.8804 106.9283 105.0123 105.7969 105.5678 105.7629 104.2366 102.4797 102.0886 101.2392 100.7643 100.1408 99.6629 99.4019 99.4720 99.4445 99.4299 99.7091 100.3542 100.4437 101.2697 101.7196 102.5427 105.4090 109.5256 104.4892 105.4724 106.7318 105.1883 105.9661 106.1426 104.8909 105.4160 106.8573 107.3500
108.1600 107.8880 107.9110 107.0880 106.0503 105.8529 105.1277 106.1039 105.8354 105.7504 103.5163 102.6663 101.9639 101.5470 100.7503 100.0330 99.0873 98.9483 98.0988 98.4719 98.6330 98.5018 98.6282 99.0308 99.5322 100.1553 100.7844 102.4766 102.9720 104.1656 103.6185 105.6028 106.4811 105.4997 104.5970 106.5049 105.0076 105.3365 106.5282 107.1600
107.8800 108.1498 107.7881 106.8370 106.9508 104.7378 105.7988 105.4126 105.9974 105.3046 104.1314 101.8986 101.6279 100.5972 99.2224 99.2209 97.5310 98.2679 97.3128 97.1698 97.3640 96.9052 97.6250 97.9981 98.2987 99.1614 100.2117 101.1256 101.9116 104.1932 104.6552 104.1577 107.4362 104.1109 106.4115 104.7314 106.1858 105.0522 105.7307 106.7800
107.0400 107.9829 107.5054 107.3182 106.7118 106.7832 105.9931 105.5410 105.5858 104.3784 102.5158 101.5990 100.8542 99.4399 98.3689 98.1354 96.5621 96.0987 96.8714 95.4942 95.3951 94.4143 95.2322 97.2314 97.6478 98.1851 99.5680 100.4547 101.3832 103.8150 104.6406 104.8564 105.6435 104.8092 104.4371 105.1030 106.1834 105.3852 106.1103 105.6400
108.0800 108.1313 106.7137 106.7018 105.5970 105.5474 105.8046 105.8759 104.1655 102.7595 102.2668 101.4596 100.3282 99.2297 97.1192 96.9739 96.0882 94.5163 93.7251 90.9732 90.9018 92.1489 93.5119 95.8398 97.1285 97.9465 99.1556 99.8183 100.5955 101.2721 103.9053 103.9878 105.0861 105.0449 105.0565 105.7717 105.7160 107.1675 107.1041 105.9600
107.8300 108.0670 107.1220 106.9389 105.4772 105.8840 105.2206 104.7264 103.6478 102.6060 101.9017 100.8828 99.7505 98.2052 96.2784 96.6369 95.1738 92.6326 89.0737 86.6690 87.0808 88.6469 91.1831 93.0753 95.3671 97.2280 98.6402 99.1729 100.3164 101.3347 102.1223 104.0681 104.4876 105.5804 105.9955 106.6409 105.2860 106.5297 105.9711 107.4900
107.2900 107.1321 107.3091 106.2850 105.6063 104.4962 105.5742 105.1450 103.0583 102.3558 101.6720 100.6011 99.2137 97.7571 95.4029 94.4278 93.1894 90.1181 85.3144 82.0066 81.5814 83.8934 87.5800 91.1684 93.8038 96.5157 97.8979 99.0179 100.0755 101.5592 102.1326 104.7563 104.5012 105.6795 105.9633 105.7189 106.1034 105.3868 105.7242 106.5100
111.1500 106.7020 106.8386 105.8099 107.3051 105.2441 105.8195 105.3262 102.6924 102.2339 101.2624 99.8317 98.7989 97.1753 95.5627 93.4900 90.2778 89.0976 81.7414 72.3244 71.0742 79.2671 86.2352 92.1090 92.9540 95.7215 97.4193 98.9157 99.9259 101.0991 101.6995 103.8793 108.1433 104.9145 105.2271 106.4828 107.1814 106.9019 105.6939 107.0800
107.2300 107.5903 107.3074 106.4601 105.9693 105.3155 105.6526 105.5043 102.5669 102.2180 101.1441 100.0213 98.4330 97.1248 95.2387 92.0983 88.6303 85.4697 75.4147 64.1206 62.0098 72.1358 85.3199 90.4287 92.5704 94.8339 97.5467 98.6498 99.9902 100.9469 101.8177 103.7398 106.3921 103.2990 106.0897 105.9988 107.3110 107.5960 106.0544 107.0800
107.9200 107.7979 107.7191 106.3960 106.0522 105.0469 106.1073 105.3599 102.6418 102.2853 101.1886 100.2384 98.4786 96.9543 95.1487 91.2645 88.3416 85.0870 74.4064 62.8995 60.0471 71.8219 84.9848 90.3544 92.3478 94.6606 97.5751 98.5819 100.0163 100.9996 101.8692 103.8132 106.1168 102.6527 106.3952 105.4783 107.7820 107.4379 106.2116 106.8100
108.9400 107.4890 106.9112 106.2706 105.2559 104.4570 105.5783 105.8760 102.7835 102.2003 101.3736 99.9979 98.3983 96.8857 95.8102 93.6105 89.1467 86.7065 79.1746 73.1214 72.8742 80.3827 86.7222 89.7315 92.8856 96.2053 98.0359 99.5338 100.1610 101.2200 101.9859 103.3069 105.2646 105.5034 104.6569 105.5867 106.2165 106.5154 107.1654 106.6100
108.0700 107.5466 106.6884 106.7929 105.0979 105.5962 105.7044 103.6312 105.0955 102.0918 101.4932 100.5308 99.7827 97.6159 96.6387 95.2293 92.3676 89.3914 84.0273 83.4748 82.7008 83.4670 88.2355 91.6946 93.6246 96.5740 98.3468 99.8225 100.3112 100.8851 103.4824 104.4798 104.5321 106.1054 105.5960 106.5680 106.1597 107.9496 106.6317 107.8800
106.9400 107.3681 106.8407 107.0763 106.2759 105.7477 103.0583 110.3634 104.8548 102.3345 101.7928 101.0536 99.5801 98.6320 98.0319 95.3543 93.8858 91.9005 88.0435 86.9125 87.1084 88.7929 94.1938 94.9580 96.6263 96.9726 98.6964 99.9825 100.6420 101.5040 103.6056 102.6839 105.2923 105.7594 104.7029 106.0581 107.4956 107.6025 107.4197 107.8800
113.7400 111.6356 106.1416 106.4300 106.1884 105.4902 105.6684 103.1738 105.5877 103.0689 102.0836 101.3999 100.1735 99.5560 98.6641 97.4441 95.5572 94.2072 92.5551 91.2162 91.1843 92.4644 95.2538 97.0413 97.3858 98.6138 99.9619 100.4111 101.3764 102.0364 102.8224 105.6618 104.6234 104.9642 105.1398 106.4210 107.6130 107.1735 107.2886 107.4500
107.7000 108.5399 106.4795 113.4260 107.0514 105.4437 104.6957 105.1679 105.4623 105.0078 102.4313 101.9116 100.9775 99.9333 99.4935 98.9030 98.1699 97.0533 95.7441 94.9291 94.8246 95.0965 96.4529 97.3948 98.4116 99.4875 100.3030 100.9527 101.8863 102.4984 102.8890 104.8287 106.1277 107.6090 105.9460 105.7093 106.8297 107.3600 107.4231 107.0200
106.9600 107.6451 107.0574 109.6048 109.0399 106.8440 105.9184 104.7409 105.5193 104.3593 103.9546 102.1290 101.5269 100.8115 100.0780 99.9537 99.9150 98.4977 97.8036 97.4075 97.2921 97.7134 98.0745 98.7493 99.5007 100.1030 100.7747 101.4536 102.3484 102.7833 103.6814 105.2154 105.3581 106.1771 105.6428 106.0366 107.3692 106.4579 108.2668 107.9200
108.4000 108.1861 107.5814 106.2340 106.0626 105.4863 106.5139 105.6654 105.7081 103.7551 104.3061 102.5629 102.0465 101.4505 100.9088 102.5126 97.7241 99.2247 99.4789 98.7392 98.6829 98.9335 99.2474 100.1047 100.5827 100.8949 101.6573 102.1411 102.7673 103.3396 104.2663 105.9523 104.5366 105.8418 106.8041 106.5473 110.2465 107.8618 108.0467 108.3300
107.7800 107.4741 107.8290 107.5118 107.0060 106.3041 105.6393 106.2570 106.2005 105.4014 104.6709 104.4484 102.4340 102.1271 101.5951 101.7812 98.2082 100.0673 100.3976 100.1503 100.1664 100.2318 100.2174 101.0510 101.3843 101.6870 101.9465 102.5446 102.8653 105.1950 105.2852 105.8721 108.5954 106.5321 106.6826 107.3723 106.4538 107.9479 109.2258 108.3800
107.1100 108.1397 107.9179 107.0427 106.9731 106.5029 105.9279 106.6041 104.9549 105.5430 105.8827 105.3730 103.2868 102.6208 102.1549 101.8602 102.0404 101.5762 101.2448 101.2193 101.1892 101.2799 101.5610 101.6050 102.0338 102.0528 102.9536 104.9045 104.2640 105.9750 105.1744 105.8704 108.1123 106.5423 106.8754 107.0207 108.9415 108.2227 106.6788 107.6500
108.5900 108.5788 108.5411 107.2663 106.4198 105.8669 107.0977 106.8047 105.3711 104.9621 105.2971 105.3064 105.3753 104.2586 102.7719 102.6994 102.2696 102.1984 102.1432 102.0810 102.0679 102.0100 102.1627 102.2248 102.1498 103.3464 105.1877 105.5024 100.8072 105.7935 105.7241 106.0518 107.1732 106.0239 107.7059 107.4308 107.9100 106.9196 107.0253 106.3000
110.1300 108.4974 108.2690 108.4104 106.4197 108.1301 108.9325 105.1029 106.0428 105.2463 106.4923 105.9944 105.6597 105.1874 103.6174 103.5340 102.9480 102.8842 102.8226 102.5171 102.4920 102.5926 102.8739 107.2063 105.5306 105.0350 103.9821 105.4073 105.5267 101.9169 105.4578 105.5564 107.0838 107.3890 108.3331 111.8144 111.8715 107.2732 107.1061 108.8300
101.9500 107.0746 109.2801 107.6071 108.9724 108.2699 107.7201 106.5956 106.5011 106.9500 106.1450 105.6754 104.7213 104.3052 104.1770 104.9608 104.0025 104.1636 103.4453 104.8575 105.0050 104.8754 105.6184 109.6218 106.8612 106.0827 104.6844 105.6796 106.6374 104.5601 105.1944 105.8791 105.8591 107.4106 106.8496 109.8871 108.7892 109.3800 109.6966 108.6300
108.8200 103.9139 109.3445 108.3061 107.2472 106.6537 107.8652 107.7939 106.5612 106.8562 107.1068 106.6117 105.8372 105.8722 101.1028 105.5543 105.8868 104.7919 104.0814 105.1270 105.6950 105.4284 106.1032 104.6048 103.7215 105.4923 106.5417 106.2361 105.4310 105.2926 105.6969 106.3378 108.2631 108.4585 108.1254 107.3767 108.9738 108.5175 109.5280 109.2100
108.5800 107.9967 108.8665 109.7478 107.7184 108.9422 107.0846 106.5434 106.0287 105.5538 107.5979 107.2226 107.4225 106.6933 105.0914 106.3848 106.0372 106.5885 104.2409 103.6904 103.8217 104.5636 106.5081 105.6789 110.3539 105.3137 106.6150 105.1756 107.6353 107.5416 106.0547 106.7764 107.8871 107.6817 112.6360 108.0399 111.5792 109.1459 109.3149 107.7000
109.3200 102.7953 108.8452 108.7182 108.2676 111.6975 107.1139 106.9134 107.2321 107.0624 107.1574 107.1007 106.1681 110.2824 106.7763 106.8753 106.5644 106.2143 105.5102 105.4177 104.2322 106.2754 105.7993 106.5352 105.6413 106.1174 105.8778 105.8420 110.4886 111.3638 106.3594 106.2469 108.1461 107.1405 111.8278 106.0781 108.9254 109.3465 110.3467 106.8600
109.5800 103.4908 106.4683 109.9949 108.9572 107.3854 107.6927 107.4609 106.9262 106.9495 106.7623 107.7333 107.2553 109.6664 106.5509 107.1848 105.6737 106.4558 107.0530 105.7877 105.6479 105.3885 104.7684 106.4535 105.6745 110.9441 107.0096 106.5682 106.3910 107.0915 111.5779 110.4420 108.5504 106.9198 107.6285 106.9262 114.9838 108.4730 111.8088 109.5300
109.5800 106.1602 106.9644 107.1766 112.6233 105.9635 108.7049 108.5052 107.3460 107.1501 106.6832 106.4340 107.7178 107.0287 105.9129 107.3152 105.8309 107.0652 107.3481 107.3579 106.8207 105.0531 106.0115 107.0694 109.3373 113.6404 106.9141 106.9953 107.5216 108.7183 111.5146 113.2517 107.6280 107.3605 107.4966 108.0102 111.0883 108.4736 114.6712 109.5300
105.9200 106.5205 106.4036 106.8780 106.7977 102.4834 109.3273 110.5579 114.3018 108.8103 108.2900 107.4379 107.7816 107.7044 106.9329 107.1847 107.5281 107.8281 107.5585 108.7987 107.7351 107.4280 107.2305 107.7475 113.4493 107.1429 105.2428 107.6949 107.5342 108.4987 114.7305 112.0677 112.6138 108.5067 108.5489 108.2585 108.6910 110.9600 114.0631 109.3000
106.6400 111.4512 111.7362 112.1810 106.3524 104.6261 109.0918 114.8789 112.7647 107.7761 107.6817 107.5669 107.9328 108.3298 108.2708 108.2398 108.2503 108.2906 107.2620 107.4514 107.1198 108.0343 107.2933 109.4082 111.3342 106.6643 105.6442 107.9775 107.9378 109.3228 111.7544 112.8730 114.2126 108.6414 108.5728 108.4687 108.3867 110.7479 111.8785 111.4400
110.5000 113.9822 111.6876 106.9099 106.1340 108.2344 114.4888 114.9619 110.2871 108.0724 108.1308 107.1370 108.2541 108.7553 108.6143 108.7624 108.3570 108.5756 107.5191 107.1939 107.2247 108.0487 106.9387 109.1961 110.2991 109.3959 110.2646 111.0782 107.1253 110.7546 107.5385 108.9504 113.3725 112.1324 108.8648 110.0947 108.5673 109.7116 110.0987 110.6900
112.9100 113.4800 110.5800 106.5600 114.5100 106.0900 113.0600 110.3900 110.5500 108.3700 107.5300 107.7000 109.0400 108.8000 108.5600 109.0300 108.7100 108.7100 107.8800 107.9200 107.9200 107.9000 109.1200 108.1400 109.2900 108.7300 112.8900 107.0300 107.0300 107.6100 108.4200 113.9600 112.9900 110.3200 107.7100 108.3300 108.8900 108.8900 108.7600 107.4700
