109.8600 109.8600 109.1300 108.2100 110.7500 110.8400 110.5900 118.2200 118.4000 112.2300 112.2300 108.8900 111.4000 111.4000 115.1300 117.3300 116.2900 116.5100 118.3700 117.3100 118.2200 118.3700 117.0600 116.3900 116.3800 115.8500 114.0000 118.3600 118.0700 116.6500 116.3200 117.4000 117.4200 117.5300 118.2000 119.0000 118.3400 118.5000 118.5000 118.5400
111.0700 109.2575 110.0643 108.6877 110.5693 109.2811 111.4425 113.7203 115.6688 117.4033 112.2598 116.1771 114.7315 118.0564 116.9111 117.7382 117.4585 116.1649 117.5093 115.4797 117.6015 117.3829 115.9249 115.2315 114.5629 114.7468 114.8536 117.4556 116.7972 115.5985 116.0113 116.0342 116.4541 118.3335 118.0110 119.4104 119.4599 117.5274 118.6692 118.5400
109.6500 109.1068 110.1664 108.7748 108.2270 112.8815 112.3461 111.1174 114.4775 108.9702 108.3492 112.5238 115.1340 116.0809 111.8142 114.0218 116.2210 115.9943 112.6102 114.6125 117.0431 117.2470 113.9264 115.1212 115.8227 113.5597 113.9292 116.5468 114.8025 114.0256 114.6535 114.7304 115.5892 116.9557 117.4983 118.2889 117.8389 116.7264 118.4890 117.6800
108.6600 110.3911 117.0319 112.8056 109.7923 113.3617 108.8949 112.7484 111.6367 114.7547 113.2437 111.4302 109.6933 115.8015 112.8819 114.1992 113.7104 116.2501 109.6205 113.0497 114.3317 112.7939 113.0557 113.9509 112.2534 112.2732 112.3654 117.3268 116.4777 112.8313 113.3149 112.8931 115.4097 116.7873 116.5216 116.4165 116.8503 116.8505 117.2701 116.6900
109.8400 109.9004 109.7776 109.6467 112.6680 111.1662 112.4338 112.5967 114.0215 110.1069 113.5184 114.6970 112.5964 114.2827 108.2142 111.0160 112.6626 111.4883 107.2768 107.4431 112.2301 112.4022 112.8607 113.0202 111.0692 110.6711 110.7238 116.0621 115.9676 113.7626 111.3776 112.7386 115.4169 117.1827 115.5075 114.6796 115.1653 115.7520 116.2159 116.3300
109.7200 109.9690 108.8462 111.1522 111.4991 111.2077 116.1038 109.0981 110.9041 108.4091 112.8645 111.2288 112.6469 113.7777 109.7598 107.9490 107.3969 108.2751 108.3236 110.2962 114.0736 110.6993 110.4925 114.1267 113.1382 110.8998 111.7965 113.5214 114.1843 113.5528 111.0135 114.4536 113.0102 112.5670 113.8882 113.3815 113.9749 114.7762 114.8291 114.3200
108.1100 109.3327 109.2400 111.4521 113.2489 108.0439 111.0178 112.3623 109.6475 107.8239 108.4434 108.9333 109.1908 107.6678 108.5161 110.5052 108.4083 106.1554 109.0551 114.0404 114.0772 114.0111 110.6468 109.0428 108.3896 113.6513 113.4837 113.3363 112.6327 108.5457 108.3813 113.4800 113.7027 113.9248 111.8881 111.7072 112.3536 113.2974 113.3648 114.3200
108.1100 109.7763 108.2295 109.7636 111.1544 109.1865 111.8494 115.5375 113.1871 108.8662 108.9038 109.1603 108.4619 108.7384 108.7722 109.0651 107.7721 112.4502 109.4363 114.8603 113.9381 111.2873 111.6057 111.6218 110.2713 110.4053 111.5581 113.3492 110.2601 108.8913 107.9422 113.4774 112.1516 108.7637 111.6924 111.0900 111.0160 112.0428 112.4387 112.6900
108.7000 108.3460 109.9391 109.1638 109.5195 111.6051 111.2918 113.9587 110.3764 106.2830 109.7066 108.1774 107.8336 108.5188 108.4231 108.4018 106.9054 107.7857 108.3062 114.2707 112.7042 108.3350 113.5871 107.0664 107.5180 109.9142 111.0105 111.3967 106.9728 108.5203 107.1472 111.4958 113.4065 111.3606 110.9094 110.9814 109.9188 110.7005 111.2578 111.6300
112.8300 111.7741 113.1306 110.4597 109.0183 109.2398 109.0653 109.1062 107.8005 106.8590 110.1843 109.5486 107.7631 108.2580 107.0226 107.6366 107.9702 108.0939 112.1320 108.6291 113.4208 108.5017 109.9215 107.4853 107.7628 107.4437 108.9939 110.5466 107.1213 107.1898 110.1535 110.2599 113.7660 113.6678 107.8987 108.0467 108.9704 108.9228 109.9929 110.3100
113.6300 112.3052 110.5408 115.4409 110.7120 109.6037 108.1328 108.9631 108.8448 107.3550 108.9494 113.5014 108.6910 108.2143 108.4098 108.3444 109.9901 108.4077 108.7341 106.5979 111.5843 107.2036 106.9975 107.4812 107.0657 107.4948 110.9147 106.9961 107.2277 107.1999 109.7164 110.3730 111.7864 111.8971 107.1945 109.0833 107.8820 108.5881 108.9766 108.9000
112.6400 110.0834 112.4392 115.3515 109.1357 109.6641 108.6395 107.9185 108.6224 107.6290 111.8728 107.1770 107.3296 108.1591 107.6462 109.2248 113.7451 107.2056 107.4096 106.2006 105.6872 107.5443 107.5986 107.2445 107.2230 106.9628 109.7881 107.9398 105.8968 106.3323 111.3750 107.9723 107.3399 109.1120 107.7183 107.7981 107.1773 107.5314 108.1070 108.8500
112.7500 112.7462 114.8168 112.1994 111.1009 108.4860 107.7827 108.3504 108.6580 107.7092 112.7015 108.1816 107.6538 107.6274 108.0651 107.0218 108.5322 107.3227 109.4933 105.7523 107.0754 107.4341 105.7927 106.5441 107.0656 105.6515 108.2452 106.8109 106.2733 106.1801 110.7506 110.0445 107.2659 107.4531 107.8560 107.1348 107.0150 107.1154 108.3641 108.3500
112.1400 110.7929 114.3034 115.4762 109.4410 110.3589 107.8751 107.9309 108.2699 108.4521 110.0271 108.6408 108.9752 108.2491 107.3441 106.3347 106.5531 105.0930 109.7169 106.5388 107.4909 105.2667 105.2648 106.1222 106.6631 105.1823 105.2278 106.2776 105.2182 109.1090 108.8200 111.4859 107.1528 107.3246 107.0927 106.9160 107.0068 107.4042 107.8258 108.3200
112.8300 111.3530 111.0467 113.7887 113.3893 112.3492 108.4820 108.2775 107.5381 108.0050 107.1582 106.1008 110.4945 112.7070 109.3802 107.3491 107.1952 106.9041 109.5197 104.9145 105.2992 105.9340 104.4706 105.6564 104.6222 105.4937 105.1723 105.9629 106.2772 105.4568 105.1893 107.1364 107.0973 106.7711 106.7143 106.6451 107.0452 107.6260 107.0788 107.2900
114.9100 114.3769 109.5556 109.2184 112.7165 112.4876 110.1000 108.6038 107.0779 108.1624 106.8142 106.3881 107.2478 111.6649 109.6663 105.7930 106.5956 105.9766 106.6328 107.5161 105.9960 105.0038 105.7770 104.7546 105.0566 105.0762 105.8881 105.1595 103.6627 106.8406 106.7796 106.6580 105.6595 105.4032 107.0770 107.4054 106.6807 106.3587 107.2333 107.6200
114.8900 111.4166 112.6106 110.1921 108.0814 109.3256 113.1617 106.6743 107.5103 107.6735 107.0400 107.0571 105.9041 105.8327 106.3876 105.7234 106.5360 104.9617 104.5367 106.1278 103.7686 104.6275 104.0210 104.8375 105.4912 104.1454 103.5132 104.9549 105.8345 103.5570 104.8781 105.6895 104.8704 105.1677 105.7396 106.7434 106.6690 107.0194 107.4517 107.6200
114.8300 109.7545 110.2559 108.9779 108.9930 108.1519 109.3166 107.1268 107.6207 106.5334 107.5972 106.4809 106.3417 105.6330 103.8386 105.4194 105.6201 105.3340 104.5538 108.4922 103.4606 103.0260 102.9268 103.3969 103.9813 104.4430 103.0877 104.0814 104.9352 104.2896 105.0535 105.1834 105.4344 104.9165 105.2794 107.3313 106.3739 107.4311 107.3673 107.9300
114.9100 114.2694 108.1953 107.5433 108.8613 108.6809 106.6123 107.2292 106.9370 106.4162 107.4908 106.5555 105.8767 105.3558 105.4964 104.3495 105.3068 104.5317 103.8694 102.5344 102.2870 102.4227 102.1453 101.9888 101.7216 102.2162 102.5054 102.4760 103.4298 104.8329 105.5514 105.1535 105.6914 105.2133 105.0218 106.6416 105.9069 106.7245 107.3848 107.5600
108.0300 110.5048 112.0566 112.1775 108.8487 107.8086 107.4773 106.8986 106.2031 106.0413 106.1009 106.7197 106.7664 105.2971 105.5339 104.0678 103.9651 102.4284 102.3493 102.1779 101.6577 101.5817 101.5031 101.3652 101.3819 101.1938 101.6465 101.8795 101.7874 103.9687 104.3634 104.0894 105.6575 105.6626 105.7331 105.3465 105.7198 105.8540 107.6496 112.3600
109.1300 108.4181 110.6155 114.0892 113.8650 109.5357 108.8832 106.6481 106.1816 105.9513 105.2207 105.3423 105.6725 104.3592 104.2727 103.3555 102.6479 102.4387 101.6033 101.1534 100.7710 100.9711 100.9668 100.5560 100.4966 100.3310 100.7880 100.8110 101.1330 101.4219 102.0198 103.8093 105.0032 103.7427 105.6123 104.7684 106.1421 107.4777 107.2948 107.4700
107.8100 108.8139 108.8982 107.5215 108.1341 106.7733 107.0879 107.0720 106.3741 105.4661 104.9433 104.7774 105.6418 103.7266 103.1207 102.7858 102.0839 101.6148 100.8849 100.2475 99.7110 99.6712 99.4759 99.1813 99.1898 99.7473 100.1424 100.0940 100.8255 101.1605 101.7750 102.2767 102.8855 103.2946 105.7463 105.2595 104.4680 106.4878 106.2262 105.9300
107.8500 107.9779 107.7284 107.8847 107.9761 107.8961 107.6645 106.8621 105.4521 105.9218 105.4540 105.9825 105.5211 103.4273 102.8574 102.4795 101.9145 101.0905 100.3323 99.5299 98.8634 98.3826 97.8018 97.6214 97.6591 97.8500 98.6193 98.7448 100.0095 100.8657 101.3424 102.0410 102.3486 102.9568 103.1797 105.5695 104.7573 105.7640 106.2410 106.7500
108.0700 108.8477 108.6930 106.8526 107.4950 106.1248 107.4534 106.8591 105.6722 105.0262 106.6168 103.9587 105.6481 102.7136 102.3500 101.7383 101.3322 100.4334 99.8656 98.3942 97.6263 96.5258 96.3183 96.4594 96.2991 95.8821 96.9388 97.7228 99.0822 99.8420 100.5240 101.5357 101.9535 102.6862 103.8061 105.2475 104.5748 106.5704 106.0334 106.5500
108.9400 115.1726 110.8160 110.8321 109.9487 107.2674 107.4056 105.7629 105.7185 105.9560 104.8600 103.8540 104.1243 102.4127 101.9095 101.4746 100.8162 99.8774 98.9999 96.7726 95.6768 94.2879 94.8664 94.2980 94.2060 94.2861 94.8327 96.3079 98.0186 98.8597 99.7733 100.7997 101.3221 102.2219 103.6087 105.2098 104.7414 105.4601 107.0006 106.4200
110.7700 112.9139 112.1454 110.1233 109.4078 112.0457 106.9451 106.9103 105.1088 105.3883 105.8738 103.6262 103.0202 102.2496 101.6985 101.0051 100.3629 99.3153 97.8048 96.0166 94.7249 91.5574 90.6670 89.7044 89.6514 90.2996 92.0783 93.5841 96.7264 98.4464 99.0305 100.0690 100.4794 101.8915 102.4556 104.4789 105.2786 105.8465 106.0406 105.3200
108.3400 107.3925 110.3938 107.5714 106.3585 109.8006 108.6857 109.1138 105.6864 104.9804 104.3495 103.2717 102.8644 102.0426 101.4507 100.7887 99.7911 98.2970 96.8500 94.9345 92.2024 90.5512 86.1105 84.2441 84.3870 86.0780 89.9027 91.9634 95.7026 97.0357 98.1319 99.2217 100.4823 101.6520 102.4838 103.4839 103.8777 105.2166 105.2043 106.3100
108.0000 108.8070 108.3901 107.9863 107.1056 107.5213 107.5071 107.2859 106.1778 105.4267 105.2911 103.5140 102.7562 101.9618 101.0773 99.9049 98.7888 97.5460 96.1408 93.3650 89.5920 85.4897 82.6505 77.2548 77.1990 82.6987 87.4774 90.3705 93.4489 97.2373 97.9815 98.9461 100.6023 101.5681 102.0651 102.6780 104.7819 103.8266 105.8495 105.5800
108.9100 107.8789 107.3513 108.3780 107.1452 107.6937 106.9555 106.7885 106.9016 104.2421 104.5785 103.4138 102.7227 102.1272 101.2525 100.3673 98.8383 97.6056 94.8580 91.9410 87.5314 82.5945 74.0972 65.6649 66.8433 75.8807 84.4443 88.2948 93.0906 97.3187 97.9084 98.8285 100.0471 100.9337 101.6493 102.6560 103.5169 103.9917 104.7006 105.5800
102.8800 108.4070 108.3915 107.6358 107.8683 107.4863 106.6773 106.9728 106.6527 106.1105 105.7454 103.4555 102.5698 102.0495 101.2859 99.8208 98.5116 97.5498 94.3915 91.3488 86.9782 82.1850 69.0813 60.6571 62.1121 71.4114 86.6638 87.1628 92.3178 96.2057 97.6030 98.3985 100.0988 100.9636 101.7868 102.5554 104.2827 104.0256 105.5595 105.8400
102.8800 108.3465 107.6552 106.9970 107.4951 107.5469 106.7832 107.0022 106.8883 104.4977 106.0052 103.5563 102.6031 102.0547 101.3245 99.8345 98.5875 97.6051 94.5178 91.5555 87.3526 83.0983 71.2399 63.1486 63.9648 73.8310 85.6226 87.2491 92.5984 96.4429 97.6742 98.4888 100.1399 101.0025 101.8013 102.5990 104.1446 104.5752 105.4888 105.8400
109.1600 107.5879 107.6090 107.6405 107.1780 106.3992 107.0920 107.0674 107.0998 104.3187 106.3366 103.7291 102.6717 102.1834 101.4156 99.8888 99.1352 97.2117 94.5718 92.5549 89.5665 87.0151 80.2106 76.1720 76.5642 80.4247 85.1430 89.5879 93.4542 95.8367 98.0040 99.0359 100.2616 101.3754 101.9945 102.7386 104.3590 104.5596 104.7647 105.1300
108.9100 107.5820 107.7966 107.0364 106.9628 106.6440 106.4699 107.0829 105.9193 105.6591 105.7454 105.0132 102.7392 102.3520 101.4446 100.2917 99.4069 98.1175 96.5133 94.1755 91.9292 88.8736 85.4088 83.1823 83.1388 84.9701 88.0650 92.2966 93.9759 96.1438 98.5702 99.7065 100.4157 101.4035 102.3872 102.9609 104.6015 105.7516 105.4769 105.4700
108.2000 108.3154 107.6338 108.4407 106.7121 107.8212 107.0157 105.8928 105.1759 106.2500 105.8839 106.1261 102.8841 102.4065 101.6344 100.6883 99.6081 98.9726 97.6259 95.6811 93.5802 91.5432 89.5300 87.6244 87.6240 88.6064 91.3333 93.3393 95.0830 97.1425 98.5047 99.8542 100.9239 101.4879 102.0917 103.6585 104.6370 104.9342 105.4693 106.4300
108.2300 107.8237 107.0317 107.9636 106.6149 107.1881 107.9045 107.8054 107.4451 106.7719 105.5689 107.0600 102.9057 102.7290 102.1795 101.3052 100.5110 99.6222 98.5032 97.3153 95.6298 94.4958 93.9176 92.6568 92.7840 92.3514 94.0870 95.6653 97.0221 98.6661 99.4975 99.9906 101.4478 101.9039 102.3618 104.0322 104.0476 105.1842 104.6735 106.7000
113.6600 109.5562 107.2384 107.5582 107.4746 106.6766 106.4531 106.3728 107.9373 105.9630 105.5999 104.9698 104.4616 102.8711 102.4729 101.6917 101.0427 100.2727 99.1228 98.0311 97.6692 96.4523 95.4764 94.6367 94.6871 95.0551 96.0489 97.2151 98.2012 99.4975 100.2695 100.8434 101.8055 102.2040 102.8202 103.5383 104.7726 105.2312 105.3853 105.8800
107.0300 107.7205 109.8424 110.9382 108.9809 107.2227 105.7236 105.1207 107.2485 105.9522 105.6266 104.2250 105.0176 103.1958 102.7610 101.9724 101.5756 100.9476 100.1872 99.4264 98.9414 97.9014 97.0510 97.0649 97.1082 97.5462 98.1757 98.4550 99.4158 100.3702 101.0518 101.5910 102.0953 102.7345 103.7050 103.9878 106.3552 105.9656 106.8047 104.7000
113.5000 110.0241 108.8774 108.4824 107.9448 107.4295 107.9115 106.8474 107.3043 105.4539 104.8562 110.5403 105.1293 103.8955 103.2025 102.6767 102.1485 101.6019 101.1632 100.6455 100.0997 99.4926 99.3383 99.1494 99.0837 99.2945 99.6423 99.8866 100.2324 101.0705 101.8090 102.2982 102.7568 103.1663 105.4751 106.0837 106.1046 105.8885 106.0411 105.1300
109.6500 108.2896 108.4955 107.7016 107.3558 108.2798 108.2105 108.2406 109.3587 105.7718 105.1785 108.1890 103.2158 104.4607 103.6087 103.2918 102.7828 102.2643 101.8694 101.5236 101.1078 100.8277 100.5876 100.3619 100.2675 100.4397 100.6844 100.8538 101.3851 101.8710 102.2853 102.6383 103.2825 103.8762 105.0430 105.9026 105.0105 105.2533 106.4531 107.0300
109.6500 107.8100 107.8300 107.8300 107.3300 106.9600 106.8300 105.7300 105.9100 107.7500 105.0000 104.6600 105.0200 108.6600 103.8400 103.4900 103.4900 102.6700 101.9000 101.8100 101.7900 101.4000 101.2300 100.5300 100.5200 101.2800 101.1800 101.7200 102.2500 102.2200 103.0100 102.8700 103.8400 104.3300 107.4600 106.4300 104.8300 106.3700 106.4900 106.2300
