109.2000 109.2000 109.1700 110.0000 108.8400 111.9500 108.2400 112.3300 112.3300 117.2300 116.9900 111.3800 118.1300 113.8400 115.7400 116.0800 116.2800 115.7200 118.9000 117.8100 118.0200 120.2000 119.7000 117.9400 115.7400 115.7400 115.2200 116.9500 116.8400 119.0400 119.9900 119.0000 117.8000 118.1200 118.6400 118.8500 118.2300 118.2300 117.1900 117.1900
109.5800 109.6802 109.9732 109.8429 110.9102 109.8972 113.4587 114.1346 109.9737 111.0494 114.9132 108.8071 110.7795 117.0697 112.7006 114.9574 115.6559 117.6110 119.3611 113.5762 114.5292 116.4408 117.1055 115.0659 114.7228 116.1787 115.8201 116.8041 117.7732 116.8534 117.9643 118.5850 118.1477 117.8554 119.5454 118.2658 118.3109 118.9773 117.9605 118.0400
109.2900 109.8773 109.5020 109.7027 109.7525 109.4548 113.7401 112.0803 109.4282 111.7888 109.6071 113.5234 113.7301 117.1216 115.3312 114.8700 110.0679 114.9470 118.5630 112.9953 113.5653 116.5629 117.4364 112.9697 115.4950 116.1000 115.0592 116.0488 117.9071 117.4616 118.2650 117.7939 114.4292 118.5713 118.3216 117.6401 117.5983 118.5135 118.9698 118.9600
110.4500 108.9642 110.7476 109.8611 109.3050 111.3572 112.3437 114.3768 114.9760 115.5154 114.4760 110.4232 115.4499 109.3611 117.1731 115.6627 112.9001 113.0809 119.2697 110.2386 109.0188 111.3434 112.1695 112.3974 114.3212 114.8526 114.2048 114.8700 117.8256 116.5398 116.4703 113.6732 111.0794 115.0181 116.1734 117.9424 118.3602 118.9509 119.0662 119.1700
108.1900 110.9668 111.5513 109.1227 109.3774 110.1982 108.0580 113.9311 115.4711 113.6726 112.8258 112.0464 113.4888 111.2695 116.0864 108.6119 111.6969 109.3367 110.9199 107.5424 111.7723 116.8509 111.4359 110.0177 115.5268 113.3943 112.7319 115.6096 118.1712 111.0332 115.7991 113.1877 117.3124 116.2580 117.1760 117.0514 118.5019 120.1514 119.5298 119.3600
110.8400 109.8386 109.7323 108.1478 108.8006 109.1697 108.7692 112.1579 115.1854 113.8321 113.1657 112.7779 111.5188 113.6772 112.2005 108.0247 109.0100 109.6624 107.1115 106.7027 112.8361 112.4835 114.5658 107.7970 110.7471 113.0120 115.0555 116.1003 116.8675 117.0656 112.7100 112.1444 117.0663 113.8119 117.0299 117.2961 118.0487 118.7856 118.2413 119.5700
109.3300 109.7884 109.9488 113.7036 109.4717 109.3833 109.3190 108.5432 112.1041 112.7295 109.4941 109.2417 109.3508 108.6651 110.9988 107.6955 108.8149 108.6669 106.4680 107.0150 115.1660 117.2305 115.3535 113.3285 107.6201 107.1445 110.3196 112.5389 112.3278 113.9981 110.9971 114.1064 116.8240 114.9823 115.2210 115.7770 120.0231 117.4407 117.8332 119.5700
109.3300 108.0770 109.5649 113.2410 111.2504 109.4587 109.8165 109.3842 113.0796 114.0174 110.3135 112.0316 109.4347 109.3524 113.5124 107.9019 108.1801 106.4243 113.6643 114.4749 113.4745 116.0859 113.5268 111.4909 108.4586 108.4795 110.6254 110.6131 112.8895 114.8747 112.8494 113.1038 115.5068 115.2443 115.8585 114.9975 115.6536 115.9795 117.1246 118.9900
109.3700 112.0882 108.3660 111.9257 113.4954 107.7606 109.3224 109.5458 108.6516 108.8430 108.5510 107.5056 107.4282 109.1483 114.9174 109.4080 107.3527 107.7380 112.7430 113.7265 110.0804 117.3590 110.7230 111.4920 108.9385 107.8785 110.7741 112.2412 110.8376 114.2567 109.7419 113.9390 112.0445 111.1012 117.3994 117.9856 113.5269 115.0455 116.1862 114.8100
116.3900 115.6517 113.5845 113.3492 113.8617 109.3075 109.2721 108.5795 108.6973 109.2133 111.3136 111.1440 113.8622 112.7611 109.6167 112.2993 107.2806 107.2309 111.6793 110.5224 110.8266 114.1498 109.8925 110.5943 107.9029 108.5158 107.9763 109.8432 113.2287 108.9618 108.5777 115.6014 108.5050 110.6887 115.9387 116.6739 113.8253 113.7474 114.4228 114.3800
116.0000 115.3401 112.8635 110.9332 112.7499 114.5817 109.9038 108.0900 108.3899 108.4364 108.2862 109.8884 108.4253 106.6851 110.5955 110.9018 107.8471 109.8487 113.6790 109.9535 107.0241 113.0808 113.9682 111.5902 108.2264 108.2353 109.0038 109.2781 109.2667 108.7453 109.9988 112.8777 112.7390 113.5882 116.8219 114.3677 112.9218 111.7420 113.0595 113.1800
116.9300 111.3764 115.5567 113.5109 109.3358 110.8379 110.6854 107.6984 109.1086 108.9071 107.1960 108.7385 108.1067 107.8573 108.1764 106.9445 110.7984 111.0835 112.2403 108.9862 112.1932 113.2972 113.3428 106.7666 107.9159 107.3839 108.2953 107.9624 108.6787 108.5553 108.3638 113.5826 113.9229 113.8497 115.5837 115.3286 112.2219 110.5905 111.7560 108.9600
108.4900 110.0007 114.9549 114.3977 115.0216 109.2079 109.6763 108.1460 108.8899 107.8057 107.6104 108.5249 108.1513 108.1626 107.8563 106.8886 111.6992 106.1671 106.4849 105.5028 112.0322 112.7709 114.3799 106.5907 107.4861 107.8700 110.4593 110.2549 107.7292 108.1616 108.1077 114.8470 114.9250 111.7110 115.3682 112.2579 108.5025 108.9767 108.2922 109.5200
114.0000 116.6744 115.2099 114.9746 112.3272 108.7880 108.8970 107.9156 108.6399 108.0062 107.1457 108.2772 108.0808 107.4429 107.5247 107.4122 108.2071 106.7220 108.1739 111.3096 104.8264 104.5148 109.7518 105.6626 106.1935 106.7744 106.9538 112.5105 107.0629 107.6541 106.6526 108.5670 112.4803 110.6183 113.6512 108.2273 108.5577 108.4495 108.3269 108.3700
113.8000 114.1818 114.3233 112.6464 112.3116 112.0379 107.6499 107.6277 107.5599 107.5043 107.2432 107.0170 107.0511 106.8267 107.3269 106.1407 106.4553 107.0210 108.1121 106.0380 106.9275 106.8572 112.4303 106.0905 108.4901 106.9637 106.6073 108.7992 107.6518 107.3993 108.2386 111.6874 108.6317 114.0435 110.7240 107.4894 108.4684 107.9979 108.4777 108.3700
113.1100 112.1685 109.9980 108.2868 109.9697 110.8116 108.4181 107.8543 107.3233 106.3223 106.4523 107.6153 106.9349 106.2751 106.8124 107.1573 105.6047 107.1348 108.0127 109.1637 105.4439 104.9667 105.7298 107.0382 106.2748 105.9616 106.8585 106.7701 107.1778 106.7391 106.2258 106.3189 104.0506 109.7335 107.5025 107.0570 108.6343 107.2140 108.0166 108.1900
109.1200 109.3162 109.8532 109.9888 107.6214 111.2172 111.8149 107.7087 106.3627 106.8381 105.9972 107.3249 106.9629 106.2336 106.5956 105.6557 105.3937 106.2551 107.8428 106.7062 103.7549 108.7953 107.6210 106.6136 105.3303 105.3252 105.1563 106.5900 110.4802 108.7793 109.2835 107.9339 111.4191 107.4940 106.9267 106.7343 110.5758 110.0897 107.1151 108.1900
109.1200 108.9755 111.5591 108.4095 107.0393 107.3617 111.6965 112.9782 107.8339 107.5437 106.6417 106.5927 105.9893 106.3317 106.6805 104.7505 105.7827 106.3602 105.7745 105.9632 104.4634 109.9828 105.6544 105.6728 104.8673 104.3413 106.2335 106.0485 105.7269 106.2789 106.8958 106.5800 107.6093 107.1441 107.0902 110.8260 109.0261 111.9789 109.9010 111.3300
109.0200 108.1946 109.3030 108.2190 107.4260 106.2049 107.2413 109.0278 104.7376 107.3839 107.2998 105.8778 106.4817 105.1317 106.2930 104.5560 104.8399 104.5288 104.2491 105.2296 105.0879 106.9865 104.9942 105.8276 104.7931 106.0663 106.4294 105.5277 106.1610 105.3822 105.5585 107.0473 107.0681 106.7417 107.8019 108.4283 107.5220 108.6236 110.5519 108.5100
108.9900 108.1119 108.3791 108.4055 107.2904 111.7665 107.4730 106.4190 105.1552 104.9731 105.7489 104.5101 105.5474 105.4558 105.7483 104.8643 103.9541 103.5688 102.8246 102.5761 103.0238 103.4406 102.6360 102.9365 103.2442 103.6711 105.1541 105.9217 105.3120 105.4899 106.2160 105.4354 107.1050 106.1965 107.0725 107.4122 106.7602 107.6854 110.5926 113.9500
108.0900 107.9683 107.8228 108.3963 108.1803 107.1947 105.9715 107.0261 106.6442 105.2073 106.0975 106.4531 105.8019 105.5336 103.3752 102.9275 102.7132 102.5035 102.1315 101.9332 101.8356 101.9033 102.4842 102.5090 102.5940 102.6650 102.8569 102.8326 103.0423 104.4947 105.6678 106.1279 106.8220 105.3416 106.8552 105.9762 108.1604 106.4720 109.8488 112.5300
108.0500 108.7246 107.2994 108.1424 107.7334 107.2350 105.9100 106.2311 106.9798 105.5575 106.1214 105.6714 105.0055 103.0589 102.6902 102.4569 102.0808 101.8356 101.4346 101.0767 100.8846 100.9823 101.3921 101.6669 101.7461 102.1229 102.6755 102.7165 104.6330 105.3075 105.4727 106.0488 104.9735 106.2269 106.9441 106.8234 107.6885 107.0050 107.0707 107.9400
107.5000 107.9819 107.3436 107.3859 106.7911 107.1927 105.8605 105.6722 106.2301 106.3700 105.9844 104.1386 103.7779 102.4724 102.2170 102.0026 101.6401 101.0986 100.8856 100.2956 100.2796 100.2777 100.2855 100.5406 100.8881 101.4129 101.8206 102.2049 102.7791 103.0047 103.7408 106.3151 104.9281 105.9391 106.0337 105.2903 107.7872 107.5882 107.6343 108.1400
108.0200 108.1447 106.8892 107.8139 107.2661 107.1322 105.6276 105.6303 105.3014 105.5607 104.6203 103.7940 102.5718 102.0728 101.5256 101.0523 100.9209 100.2809 100.1865 98.9954 98.7247 98.8606 98.9742 99.8281 100.0152 100.3475 100.9439 101.5431 102.3441 102.6976 103.1345 103.3619 105.7253 104.4596 105.5744 105.4653 106.8846 106.8686 108.1032 106.5400
107.1300 107.6365 106.6628 106.6710 106.8383 106.6768 105.6548 104.8252 104.5948 104.4326 104.2123 102.7618 102.0767 101.5656 100.6090 100.2477 100.1663 99.3824 98.7696 97.6114 97.6055 97.4912 97.0516 98.8071 99.2653 99.6724 100.2572 100.8255 101.7300 102.2728 102.6833 103.5009 105.4398 105.5029 105.5079 105.3374 105.6205 106.9328 107.8291 107.3500
108.0900 108.0548 106.7179 106.0139 106.2334 106.2909 104.8791 105.2312 104.2357 104.7827 102.7442 102.4629 101.5944 100.6262 100.2146 99.3777 98.9139 98.2598 97.2479 96.2043 96.1812 95.3991 97.0324 96.7545 97.7892 97.8394 98.6357 99.8186 101.2144 102.0461 102.3799 102.9025 104.2354 105.8540 104.6039 105.3149 107.0090 106.8846 108.1347 107.5200
107.2000 107.2967 107.4567 106.7191 106.4770 106.5185 106.1404 105.0403 104.1860 104.4304 102.3685 101.9799 101.1967 100.3120 99.5841 98.8026 97.8457 96.2228 94.6664 93.9686 92.8526 93.0572 94.2436 94.2673 95.3450 96.9701 98.7446 99.2439 100.5846 101.4621 101.8962 102.5873 103.5370 105.0211 105.9100 105.8082 106.2081 106.0937 106.1741 105.9400
106.7700 106.8651 107.2788 107.1550 106.5394 106.9040 105.7592 104.5147 103.8755 102.8404 102.4252 101.6968 100.8814 99.6151 98.5583 97.6156 95.8082 93.9894 92.8117 90.7517 89.2707 88.9299 90.1833 92.6315 93.4498 95.4092 97.6043 98.3896 100.4382 101.1438 101.5586 102.3955 102.9110 103.8855 106.4241 106.3302 106.5532 105.6656 106.8225 107.5100
108.6500 107.2744 107.2145 107.7059 106.3418 106.4661 104.3598 105.9448 104.1520 102.9263 102.2696 101.3310 100.5348 99.8045 98.6892 97.1974 94.7007 91.9839 89.8658 86.1928 84.5331 84.3780 85.9954 89.1379 90.8040 94.1609 96.6799 97.6688 99.3943 101.0897 101.6509 102.2348 102.6248 104.3198 105.1682 104.8577 105.2909 105.9237 107.3446 107.4700
108.1400 108.1080 107.7307 105.9477 106.6492 105.2465 105.9416 104.8877 103.3857 102.8323 102.0387 101.1885 99.9728 99.4108 98.3177 95.3361 92.8175 90.7475 86.0469 81.4163 76.2246 77.0954 82.1653 86.0965 90.1328 91.9611 95.8518 97.3574 98.7897 100.4208 101.5627 101.8149 102.7288 103.6424 105.5233 105.3159 105.2272 106.2388 106.8818 106.9300
107.7500 107.8306 107.4606 106.7421 106.9482 105.5175 104.3346 104.0334 103.8192 102.5164 101.5135 100.8834 99.7030 98.7048 98.4432 94.5010 92.4573 87.8041 82.0738 74.3884 67.0027 69.4054 78.4397 83.5433 89.4496 92.0817 94.4175 96.6240 98.7964 100.1070 101.4301 101.8250 102.7674 103.2183 104.7620 105.7360 105.4295 105.8550 107.5954 107.3000
107.2700 106.6414 106.6897 107.6948 106.0438 106.0488 105.2197 104.0730 103.5600 102.5773 101.8100 100.6544 99.5148 99.2200 97.5994 94.4183 91.9471 87.4676 81.9216 70.1472 61.8945 64.2489 73.8919 82.0872 88.0378 91.9334 93.8033 97.0514 98.4325 99.6382 101.2259 101.9949 102.4103 103.2007 104.8917 106.3193 106.6193 107.2011 106.3712 107.2200
106.9100 106.6327 106.3562 107.1486 106.0160 106.2842 106.4724 103.8590 103.4004 102.7287 101.7648 100.7967 99.7083 99.0162 97.4029 94.4668 91.9805 88.0762 82.6502 72.9858 64.8524 67.1069 75.7690 83.3654 88.0048 91.7057 94.0933 96.8708 98.3982 99.5559 101.1200 102.0273 102.5417 103.6862 104.8020 106.2049 106.0260 106.9472 107.2682 107.2200
110.4100 107.4188 106.4393 106.6205 107.1529 107.0751 107.4532 104.7487 103.3868 102.8279 101.9023 101.1714 100.3471 98.7971 97.2691 95.1148 92.5881 90.4344 85.5054 80.9448 74.4830 75.1846 80.9183 85.7543 89.2921 92.1870 95.0076 97.1667 98.3976 99.8015 100.9977 101.8462 102.7401 103.7580 105.4251 104.7339 105.6398 106.8442 106.9634 106.8500
110.4100 107.5749 106.9325 107.5455 106.7435 107.4578 106.5577 104.8578 103.4033 102.9473 101.9473 101.4291 100.2801 99.5492 98.5233 96.4101 94.4987 92.0419 89.1999 85.7629 82.6546 84.1697 86.1829 88.6229 91.7152 94.2887 95.7449 97.7492 99.1654 100.4315 101.5007 101.8715 102.7566 104.7937 105.2806 104.8097 105.2967 106.5547 107.2197 107.7600
108.0000 108.0176 107.2129 107.2580 106.4157 106.3417 105.9877 105.3351 103.5206 103.2210 102.0059 101.5240 100.5914 99.6660 99.0344 97.4007 96.3301 94.1121 91.1964 89.8230 88.3566 89.0221 88.9382 90.7835 92.8720 94.9573 96.8632 98.4431 99.6458 100.9008 101.6339 102.2480 104.0236 104.0767 104.2578 105.8943 105.2189 107.0740 107.2965 107.7600
107.8200 106.7102 107.1806 106.6122 106.3837 107.2782 107.0685 106.3050 103.6602 103.3244 102.5440 101.6902 101.2953 100.2089 99.3289 97.7703 97.0029 96.3592 93.9269 93.1815 93.0504 92.7073 92.7467 93.8060 95.4353 96.6991 98.3331 99.4731 100.2402 101.2698 102.1066 102.7263 103.0974 104.7331 105.3490 104.8479 106.3500 106.8074 107.9500 107.8100
107.6600 106.9571 106.5551 106.8791 107.3404 107.0476 106.0871 106.6564 104.7280 103.5268 102.9868 102.1209 101.8403 101.2183 100.3368 99.2099 98.3961 97.7939 97.0223 96.2453 95.7730 95.5156 96.0421 96.1254 97.3500 98.6679 99.4810 100.2030 100.6889 101.7000 102.5398 103.0968 103.7281 105.4576 104.6795 105.5699 105.3594 105.7510 105.8806 105.2800
108.2000 108.1087 107.9408 107.8949 107.7969 107.1464 106.3810 106.3044 105.6932 103.7847 103.2229 102.7104 102.0320 101.6066 101.1034 100.5724 99.6623 98.9981 98.4237 98.1866 97.7685 97.7962 98.1873 98.4274 98.8043 99.4145 100.2545 100.7800 101.6074 102.2938 102.7855 103.2768 103.6833 106.0030 104.9283 105.5786 107.0021 108.2564 108.6328 106.3500
108.2000 106.8600 107.7600 107.7600 107.8200 106.8800 106.8800 105.9600 105.9600 103.8600 103.8600 102.9800 102.6200 101.6600 101.6600 101.2200 99.6800 99.8900 99.3100 99.3100 98.4600 98.4500 99.4400 99.4400 100.0300 100.6500 100.6500 101.5600 102.1500 103.1000 103.1000 105.7300 105.4100 104.2600 106.8000 106.9500 107.1600 107.7800 112.5300 109.6500
