105.9600 104.3800 104.6400 104.0900 103.9400 103.2000 103.2000 102.0600 101.1400 101.2300 101.4100 100.4000 101.2600 101.3000 101.9400 101.5400 103.2300 104.7600 103.4800 105.2400 105.1700 105.8400 106.2800 106.5200 106.6300 106.5900 107.0800 108.2300 105.2100 105.6800 106.9200 108.5300 109.5300 110.5200 112.9600 114.2800 116.9200 118.2200 120.2400 120.2900
106.0000 104.6303 103.8241 103.5986 103.4480 102.0517 101.7103 101.1126 100.5066 100.2388 100.2009 100.1427 100.2919 100.4957 100.7263 100.9511 101.6993 103.1369 102.7270 103.1539 104.0605 105.1274 105.9377 106.3966 106.5745 106.7962 109.2312 106.4786 105.5375 105.7107 106.7646 107.7200 109.0393 110.4534 112.0897 113.8097 114.6615 114.1455 120.3743 120.1200
105.6200 103.9381 103.0502 102.4044 101.4599 101.1152 100.8493 100.0131 99.8161 99.4582 98.7952 98.7861 99.1870 99.3794 99.7424 100.3623 100.6637 101.0259 102.7500 103.4497 102.9197 104.1186 105.2884 106.1180 106.2171 109.7856 108.3703 106.7911 106.3847 105.5240 106.0776 107.2126 108.4266 109.8624 111.3990 113.1486 115.0703 115.4985 119.6763 121.9000
103.3000 102.8895 102.6870 101.8557 100.7788 100.1868 99.6302 99.1139 98.8059 98.3248 97.6130 97.4995 97.6562 97.7477 98.4480 99.3102 99.8177 100.4243 100.8770 102.8837 102.9862 102.9993 104.4726 105.6304 107.0031 108.2161 106.6867 106.5387 106.9001 105.7828 105.4473 106.6657 107.9063 109.3243 110.8462 112.5501 114.5334 117.0375 118.7508 120.4700
108.4300 103.0365 102.0558 101.1265 100.1647 99.3955 99.2357 98.2824 97.4012 96.4607 95.9228 95.6923 96.2356 96.4367 97.1085 97.8152 98.7397 99.4872 100.3810 101.4132 102.9557 102.7608 103.5845 105.0129 105.5818 106.0438 106.0574 105.5008 106.4579 106.1354 105.1896 106.1010 107.4323 108.8192 110.3396 111.9990 113.7654 115.9361 118.4500 119.3000
103.2300 101.9888 101.5933 100.8193 99.1919 98.4165 98.3212 97.7711 96.2838 95.0910 93.7386 93.5818 94.1143 94.7973 95.2228 96.9129 97.9605 98.5977 99.6513 100.4802 101.1422 103.3752 102.9008 104.3019 105.8393 105.9111 104.1897 104.9073 104.7767 106.5268 105.2234 105.8196 107.1066 108.5174 109.9546 111.5593 113.4944 115.6580 118.0051 119.1500
102.1200 101.5111 100.9421 100.4534 98.8884 97.6740 96.6486 95.1505 94.2217 93.1763 90.7190 90.7762 91.8213 92.7597 94.7008 95.2871 96.6663 97.6476 98.9381 100.0101 100.8406 102.3759 104.3224 103.6982 105.7694 105.9156 105.7362 105.9484 105.1718 107.0272 105.7626 105.5371 106.8188 108.0971 109.5780 111.2362 112.9439 114.9704 117.2370 118.2800
102.1300 101.0311 100.6507 99.6130 98.2358 96.9258 95.0879 93.2392 91.2197 88.0366 86.7559 86.5875 87.2578 89.9800 92.4508 94.1921 95.7261 96.6878 98.1825 99.4327 100.6102 101.4296 103.3386 104.9669 105.0758 105.7991 106.3723 106.9681 105.4763 105.2633 105.7130 105.3555 106.5848 107.8545 109.3370 110.9055 112.6318 114.5809 116.6874 118.2400
102.1300 101.1375 100.2489 99.1667 96.9108 95.6885 93.6004 91.5483 88.6279 84.5487 82.0986 81.5622 82.5980 85.9541 90.0400 92.6789 94.7684 95.6995 97.5277 98.9513 100.4252 101.1238 103.2774 104.1477 105.4654 105.6361 105.7586 106.7344 105.4941 104.4680 105.3200 105.4974 106.2145 107.5415 109.1871 110.6876 112.4538 114.2349 116.3943 117.6900
101.6200 101.2864 99.9273 98.9143 97.3679 94.3981 93.2443 89.9648 84.7278 79.8627 72.3839 70.3944 76.0842 81.8390 86.3823 90.5822 93.5211 95.2675 97.2242 98.7476 100.0725 100.9287 102.4446 103.5933 103.7757 105.6543 107.3125 107.5806 108.7450 106.2240 106.0889 105.0587 108.4208 108.3950 108.9419 110.5684 112.2285 113.9692 115.9326 117.6900
101.4800 100.9157 99.7767 98.7837 96.9102 94.9234 93.0957 88.4160 84.2900 75.6168 64.5399 62.2869 69.0638 79.9662 86.0421 90.4295 92.7849 95.2011 97.4798 98.7431 100.1406 101.2467 101.9106 104.4747 103.5233 104.3524 106.0836 106.6540 107.0184 105.8704 105.5857 105.0525 108.5037 112.4661 108.9798 110.6092 112.1361 113.9093 115.9046 117.6800
101.3600 100.8223 100.2708 99.0609 96.8488 94.7055 92.9628 88.1826 83.9555 74.3761 62.1816 60.1073 67.3284 79.3265 85.6893 90.1867 92.6766 95.0992 97.4327 98.7124 100.1480 101.2436 101.8870 104.4876 103.5950 104.4331 105.8517 106.5805 106.9624 105.9346 105.7280 105.2096 108.4052 112.4711 109.2214 110.9968 112.0621 114.0421 115.8547 117.6600
101.3800 100.9927 100.3211 99.1548 97.3314 94.4720 92.5443 89.0330 85.0190 80.9791 70.3739 67.1332 72.2496 81.8519 86.3097 89.6430 93.6670 94.9753 97.6436 99.3245 100.4707 101.6238 102.1045 104.1418 104.6044 105.5829 105.0016 105.3784 105.8432 105.8008 107.6264 107.0396 107.6083 111.1130 114.1084 114.8694 112.0907 116.6291 114.8379 116.8900
101.4300 101.1896 100.5380 99.3901 97.9565 95.6022 93.3828 91.2645 87.7477 82.8183 77.4114 76.0652 80.6638 84.4335 88.1081 90.6016 94.5816 96.6453 98.7369 100.6169 101.0365 101.4598 102.0230 105.5137 104.4740 104.2890 106.3507 106.6157 106.7417 105.9273 106.2596 106.8838 109.2886 112.1963 113.5472 112.7652 114.8850 114.4934 115.8391 113.8800
102.1800 101.6938 100.8862 99.8383 98.9732 96.5183 95.0618 93.8085 90.3614 90.3783 89.1507 88.1573 86.6752 88.4297 90.8243 92.0387 95.7325 97.8287 99.1375 100.2856 100.9733 101.6744 103.5672 104.9316 105.6439 105.1004 106.6665 105.3427 107.0721 106.9108 107.2642 107.3210 111.4854 110.6017 108.4553 114.2076 116.2052 112.8861 117.1083 114.1300
102.4400 101.9387 101.1460 100.1786 99.3842 97.8962 96.4534 95.6397 92.9895 92.3895 91.8905 91.2493 90.9815 91.4304 92.6925 93.7716 97.7834 98.9379 100.0076 100.4550 101.1685 102.1132 103.6686 104.8974 103.2096 104.8867 106.5903 105.9787 107.1340 107.0647 107.6939 108.0551 107.7844 107.9144 108.2886 109.9920 111.2348 114.3128 112.8570 114.8000
102.5300 102.3038 101.6023 100.7617 100.1200 98.7505 98.1729 96.8725 95.2908 94.5961 94.6733 93.7603 93.5577 93.7640 94.8416 95.9813 98.3926 99.4105 100.6157 101.1394 101.5110 102.3003 104.2737 104.2570 105.4569 106.5107 106.7783 105.8278 106.9974 106.3461 107.2070 108.4470 108.4463 109.0803 108.9624 108.0694 108.0739 113.9823 109.4017 111.7500
103.2000 102.6005 102.0821 101.3515 100.8089 99.8918 98.5187 97.7525 97.7118 96.7709 96.1701 96.0648 95.6819 96.0446 96.8864 98.0416 99.1406 100.1749 101.1299 101.7579 102.7252 103.2113 105.0298 104.8492 105.3404 106.7369 106.0858 106.4936 107.0154 106.5769 111.4289 107.8653 108.1145 107.9718 111.6923 108.0496 109.4600 110.6599 113.4401 114.4000
105.1600 103.7716 102.4920 101.8733 101.3449 100.5495 99.8664 99.1725 98.9040 98.3787 97.5933 97.4296 97.0817 97.6522 98.5762 99.4387 99.7985 100.7435 101.5375 102.3342 102.5856 104.9674 104.5706 106.2637 104.5155 106.1627 105.8824 105.9719 107.4461 107.2985 107.7336 109.0671 111.5847 112.8145 113.9932 111.5408 109.3316 109.3192 113.1732 109.7600
104.6800 104.0855 102.9605 102.5265 101.9948 101.3035 100.8566 100.2604 99.9268 99.7931 99.3476 99.1929 99.0763 98.8956 99.5793 100.4057 100.9408 101.4297 102.1092 102.5882 103.2663 104.0868 104.1199 104.9455 106.0650 106.6581 107.4080 107.3706 107.5209 106.9154 111.4021 108.1219 111.7848 115.5617 111.2555 110.4675 110.0538 111.4187 114.6822 111.7100
104.5700 104.9560 103.4512 103.0237 102.5631 101.8455 101.5085 101.3644 100.8598 100.7860 100.5636 100.4789 100.1779 100.7625 100.2672 101.6394 101.9248 102.3387 102.6993 105.0293 105.3983 104.3925 104.8140 105.6367 105.9660 107.1710 107.3187 108.0168 106.5077 107.3791 107.9723 110.2760 108.5407 109.5994 109.0166 109.8389 109.7154 109.4445 110.2085 110.1700
105.4200 104.7098 105.4139 104.7112 104.1665 102.8938 101.8149 102.1165 101.7996 101.5575 101.4369 101.4413 101.5507 101.7597 101.4139 102.3615 102.4385 102.6244 104.3102 105.6678 104.7561 105.3133 106.2091 106.5359 105.9181 106.0435 107.6458 107.1902 107.9294 108.4250 108.5777 108.3965 108.8615 108.8986 109.2757 114.3117 108.4931 110.1862 109.7403 110.2200
105.2400 106.7579 109.1233 105.3275 105.3467 104.5786 103.4673 102.5002 102.5862 102.4330 102.2659 102.1813 102.4354 102.1654 102.6521 102.9385 103.8464 105.0190 105.1920 105.7029 105.9487 105.0360 105.1538 107.0345 105.8519 107.0074 108.0902 107.5785 107.1858 108.5919 108.5054 107.8742 109.1389 108.1385 109.7197 111.0752 110.0961 111.3668 112.7106 110.2300
110.1500 111.4401 107.2795 105.6464 105.0520 104.4039 105.3870 104.9144 103.4874 103.0126 103.4882 103.7406 102.9603 103.8368 105.0935 104.8624 104.1161 103.7188 104.3674 105.5748 106.6805 105.4392 105.3950 106.2094 105.8095 106.8570 107.5252 108.2930 107.3450 108.1260 108.3040 108.6729 109.0207 108.5534 108.9572 109.1900 110.0718 109.4275 109.1344 111.5000
104.3700 105.4667 106.9258 106.5699 105.5550 104.5781 105.6596 105.6848 104.8643 104.9516 104.4050 105.5701 104.9415 105.1904 105.0492 105.3054 105.6362 105.5113 105.3982 106.8404 105.4017 106.7599 105.7421 107.3453 106.5245 107.2652 107.7030 108.0677 107.8997 108.2648 108.3933 108.8297 109.1422 108.5340 109.8499 109.9663 110.8767 110.1089 110.1908 112.9600
107.5000 105.9376 106.6334 106.8214 106.5613 105.0676 104.4918 106.2702 105.5632 105.7177 107.4944 105.1732 105.2420 105.9114 105.2629 105.5812 106.4056 106.6897 105.6677 107.3892 105.8664 105.7626 107.1775 107.7061 106.7337 108.0264 108.1946 107.2883 108.0409 108.4999 108.8190 108.8126 108.5057 110.4071 109.7446 111.9176 110.9702 109.3351 112.9946 112.9600
106.5100 107.3140 105.6291 107.2288 107.5728 107.0154 106.4318 104.8719 105.1390 105.1012 107.0485 106.4269 106.8642 105.7043 106.0050 105.4890 105.7783 105.9553 106.4642 105.8785 106.4054 106.8331 107.7558 106.7893 107.6265 107.1997 111.4540 111.4397 107.0464 107.8281 109.2229 109.1410 109.8074 109.3960 109.8970 112.7125 111.3926 110.3178 115.4330 113.7700
110.2000 109.1283 105.9208 107.1953 106.7934 105.7432 106.4370 105.4879 106.2060 105.4011 105.2865 105.4943 106.7085 105.5365 105.4274 105.6946 106.4206 105.7383 107.0118 106.2386 107.8203 107.0225 107.7977 107.9204 108.0625 107.2603 109.6483 110.6784 110.8456 109.1274 109.1660 109.1871 109.5440 109.2869 109.4150 109.4116 116.2543 110.1991 110.2095 112.6900
107.0000 111.6677 106.6509 107.5194 108.3233 111.2783 110.6755 107.0199 107.0496 105.8939 105.5089 105.5393 105.9417 106.0735 107.8579 105.8925 106.8163 106.7741 106.9067 107.1916 107.0345 106.8455 107.7982 108.1974 108.0122 107.2893 106.9882 111.3006 108.5485 114.4564 109.0284 111.4862 109.4162 110.3145 110.2577 109.7108 110.7334 111.0594 110.0693 113.8700
107.4900 108.8279 107.6823 107.2157 107.5157 107.4587 106.7080 107.1420 107.0376 105.8581 106.4266 106.2281 106.3048 106.2686 107.4118 106.3457 107.2968 107.5792 106.7670 107.0754 108.9782 109.3879 108.7037 108.4001 113.4352 112.0481 107.7259 112.8057 112.4808 108.3910 110.3177 115.4906 108.8182 109.5717 109.2497 109.9433 109.8976 109.6180 111.5260 110.4300
107.4900 109.4021 108.4004 107.7352 108.1084 108.3525 107.6366 104.9261 107.8535 107.3688 107.2369 106.8810 106.7871 107.2417 107.8483 107.7203 107.2149 106.7580 107.6976 108.3989 108.6802 112.8504 108.5142 111.4648 108.9325 111.8905 108.2042 113.7983 111.9843 111.8614 116.0236 112.2131 113.6363 111.4994 110.7066 113.5545 110.1975 108.7239 109.7522 109.9900
107.4500 108.2558 107.3658 107.9401 107.2658 107.6018 109.0766 108.0296 107.1169 106.8509 107.6545 107.7668 107.9310 108.3743 108.0186 108.3093 107.2767 107.8904 108.5089 108.1786 108.3712 112.7627 109.2661 108.7354 109.6495 109.4572 108.8305 113.9053 114.4068 114.3117 116.1619 110.2073 115.4127 115.0998 113.8856 113.2124 108.7694 109.1765 109.9251 110.4600
109.1300 108.5268 107.9956 108.2507 107.6055 107.1175 109.7744 107.2617 108.9085 107.0385 108.2719 108.0188 108.1039 108.7615 108.3709 108.3117 107.8003 107.8555 108.8126 108.4735 108.8193 108.9991 110.1492 112.1080 111.4029 115.0129 115.7818 115.4003 115.5306 113.5683 116.1041 117.2658 111.0953 115.3524 113.0429 108.2420 109.1965 111.5989 109.2272 109.4700
109.4400 109.2971 109.2253 108.7971 108.0829 107.4038 108.9236 108.6288 108.9613 108.0189 108.0406 107.4370 108.4203 107.8258 107.4400 108.8354 108.7159 108.8618 108.7279 109.0636 109.2037 109.5532 111.0507 111.3455 108.9165 116.0278 114.4412 114.2847 115.0574 109.8297 109.2043 111.8569 109.4430 112.0526 110.8132 108.6403 112.1024 112.9657 110.7706 109.6600
109.5400 109.0213 109.5957 109.1818 108.4603 107.5787 108.8717 108.8578 109.2346 109.3156 107.6142 111.7129 107.6444 108.2147 108.4116 108.6479 108.4517 108.9207 108.8443 109.4902 109.4087 109.5151 111.3681 110.7414 111.8664 113.0346 114.6498 114.8219 116.3055 117.7482 109.7966 110.1657 110.8650 111.7735 111.6290 111.9200 113.0639 111.4810 111.8751 109.6100
109.3300 109.2019 108.7109 108.8018 108.8481 108.8663 108.7054 109.1187 107.8797 108.4947 106.5611 113.2302 111.3206 113.6422 109.8929 108.0722 108.3912 108.7987 109.2174 109.0517 109.0198 108.8932 109.6262 108.8620 112.2910 110.5403 109.3430 112.7398 110.3139 116.1541 111.4963 110.6671 111.1737 113.9550 114.9902 111.4669 114.0061 109.4090 110.1050 109.6100
107.0000 107.9137 108.5952 109.5226 109.0018 108.0214 108.7952 108.9841 109.4715 108.7967 112.4503 114.4873 108.1006 114.1991 113.8844 109.0944 109.4931 108.7470 111.2144 110.1423 109.5958 109.2420 111.1554 108.9761 108.3067 112.5783 113.5740 110.9856 114.0393 110.4238 115.1681 111.6218 112.4168 114.4253 115.0858 111.0764 113.1222 112.8317 109.5127 112.1300
109.2500 106.9985 108.9412 109.4406 108.7991 107.1531 109.4812 109.3044 109.5218 109.1389 113.0533 114.6213 108.2330 115.2777 108.9055 109.6073 109.9154 110.0852 113.5064 112.7584 109.6051 109.9787 113.2718 110.4890 111.0635 115.4578 113.5853 111.9004 111.1785 107.3271 116.2929 116.8867 115.9440 117.3684 112.4218 112.9480 110.8743 113.7167 111.7818 112.1300
108.2100 109.0816 109.1424 109.9901 109.6223 108.1257 109.1084 109.0366 109.7355 109.3066 113.3640 113.6332 109.3838 114.7266 112.6574 109.2910 109.9273 109.6346 110.0655 113.1459 109.5703 113.2814 111.3190 113.7883 113.6422 112.0501 113.3977 113.1562 115.3559 112.1865 111.3332 113.1552 119.6223 113.7919 108.3440 110.7695 111.3844 111.1167 114.7343 111.6500
108.2100 110.1600 110.1600 109.0900 109.0900 109.5500 109.5500 108.9900 109.7000 109.8700 115.5400 112.2200 111.9300 115.9500 112.1400 109.9300 109.5500 110.1100 111.7100 111.7100 110.0900 110.0900 110.3800 116.4500 115.8100 110.6500 113.2000 113.5500 114.9700 111.0200 111.2700 112.9200 112.9200 113.2600 110.0200 109.2000 110.4900 111.1300 112.8000 112.8000
