108.3700 107.7400 110.5300 108.2600 111.9400 109.2400 109.8500 107.7800 106.7100 106.5900 105.5800 106.3300 105.8800 106.0600 106.0600 105.9900 105.7700 105.7700 109.0000 105.3500 105.3800 110.6500 110.3800 109.7500 112.0700 112.0700 106.0100 109.8300 108.4300 108.5700 106.3000 106.3000 105.1100 104.6500 105.6400 106.4700 107.4600 108.5400 111.0500 111.0500
107.9700 107.7435 108.2056 108.4835 108.7473 110.2843 108.0354 107.3266 110.8797 105.4463 105.3297 104.0942 105.0489 105.6592 104.6554 105.6579 105.4143 104.4978 104.6947 104.8280 104.2360 104.7319 110.8477 108.7801 108.2937 109.1119 110.3291 111.5281 111.2604 109.9567 107.7610 106.9470 105.9472 105.0441 104.4278 105.5730 105.6907 106.0538 109.4906 110.5900
107.8800 107.2939 107.8207 108.2640 107.5782 107.9479 107.8685 107.1614 107.4407 106.3100 105.3207 104.6505 104.4201 105.2555 105.0375 104.0264 104.1091 102.6025 102.1624 102.2892 103.6724 108.4293 109.4183 106.6319 104.0929 105.1434 107.8404 108.8346 110.8767 105.8229 106.0019 108.1096 106.9552 105.8969 104.8234 104.6659 105.6940 106.4497 107.5672 108.8600
108.8900 108.9138 108.1057 107.4084 106.3330 107.5105 107.2510 106.4373 106.0044 105.9561 105.9695 104.8946 105.1343 104.8860 103.0500 103.1217 102.6460 102.2201 102.5537 102.5885 101.5807 104.1973 105.5055 104.5301 103.8636 102.9841 102.6999 105.5934 106.0150 104.8895 107.9769 110.3180 108.4921 106.9326 105.7106 104.6845 104.7251 106.1246 107.5834 108.4900
113.5200 110.0873 107.5102 107.7052 107.6071 107.2908 107.1646 106.5202 105.0942 105.5253 104.8448 104.1984 104.6306 104.0930 102.1439 103.4983 102.4803 102.2594 101.3169 100.5871 100.4555 100.2734 100.5894 100.6718 101.0266 101.9037 102.3754 101.7106 103.9515 104.5784 108.8462 109.4206 107.3939 108.0120 106.5000 105.3706 104.4714 105.4419 106.6191 108.2100
108.6300 108.3528 108.0343 107.6480 107.6648 107.3751 107.2983 106.9167 105.3583 104.6099 104.4881 104.1912 105.0444 104.2612 102.1791 102.5889 100.6526 100.1459 99.7114 99.5537 99.4685 99.5519 99.7879 99.8757 100.2700 100.5552 102.2093 102.5783 102.5028 103.3641 106.3501 107.0638 111.2610 109.4178 107.5233 106.1197 104.7302 104.6882 105.9227 106.5800
108.7600 107.7338 106.4271 107.2325 106.7440 106.6059 106.1278 106.3658 105.9289 105.9741 104.0899 104.6034 103.8612 103.1321 101.3842 100.3943 99.7617 99.1342 98.5612 98.1571 98.1610 98.2652 98.4164 98.7226 99.1165 99.8082 100.3404 101.6170 102.2104 102.0603 103.5017 107.8884 111.3318 110.7122 108.6036 106.7842 105.3581 104.5729 105.3083 106.3500
108.4500 107.9398 108.4104 106.5256 106.5866 106.2468 105.5868 106.0847 104.7979 104.4787 105.0263 103.3957 102.0708 101.5478 100.8010 99.7799 98.7443 97.7533 96.9434 96.7493 96.1465 96.2713 96.5936 97.4853 97.7988 98.6301 99.4924 100.2483 101.2957 101.7879 102.8790 104.6779 108.8728 111.6208 109.9356 107.8237 105.9616 104.6949 104.8034 106.3500
108.1300 107.8500 107.5177 106.7285 106.2891 107.1225 105.1882 106.0440 104.9250 103.8439 103.6812 104.6345 101.4113 101.1771 100.2376 99.1373 97.2792 96.1432 95.1747 94.5106 93.5742 93.9056 94.5406 95.4121 96.4590 97.3764 98.4830 99.5134 100.4161 101.2132 102.3941 103.2149 107.2957 111.0195 110.4094 108.7663 106.6392 105.6528 105.6190 105.4900
108.3400 107.9108 107.9944 106.9578 106.2650 105.5685 105.5530 104.4780 105.6043 104.6823 103.4962 101.6078 100.9154 99.9130 99.3259 97.8619 96.0529 94.5373 92.9749 91.9927 91.2050 91.1939 91.6896 92.9286 94.4128 95.9344 97.5101 98.7470 99.8367 100.7101 102.2985 102.1360 105.7036 106.1745 106.8431 106.4503 106.0863 105.9682 105.9126 105.4200
108.1100 107.5343 107.7937 105.8997 105.6285 106.3189 105.8377 105.1641 104.3944 103.3205 102.6592 101.7832 100.7957 100.1247 98.7489 96.7233 95.0099 92.9645 89.9599 89.6823 89.1194 88.2553 88.9835 90.4286 92.4140 94.5265 96.5748 98.2420 99.1610 100.3082 101.9809 104.1274 103.6680 103.7919 104.5143 104.9952 105.2424 106.0900 105.2375 105.2900
108.3400 108.1756 107.8519 106.3561 106.8217 105.1370 106.1983 106.0421 104.0262 103.1016 103.1998 101.4080 100.6962 99.2773 97.1566 96.1426 93.4037 91.7340 87.0327 86.8019 82.2109 81.6641 84.7078 87.9096 90.0353 92.9188 95.4486 97.6665 99.1322 100.5565 101.1215 103.1533 102.7348 105.5928 104.5762 105.9785 105.1090 106.5316 105.1406 104.8300
108.0400 107.9212 107.8956 106.4779 105.8897 105.8473 106.0436 105.1944 103.8016 103.0702 101.0253 101.4046 100.2671 98.3251 97.2962 95.4555 92.4759 98.0702 88.8548 83.9073 73.8717 74.2962 79.7474 86.0208 89.2427 91.9727 94.8190 97.5588 98.6484 99.9701 101.1298 103.1978 102.7504 105.3318 104.4033 105.8947 105.2759 105.9760 105.5551 106.0700
107.9900 108.0153 107.6794 106.8495 105.7121 106.2077 105.4911 105.8933 105.3077 102.7131 96.3866 101.5138 100.1992 98.9554 96.2426 95.4349 93.5582 88.3361 87.7870 74.4637 65.2174 66.8383 73.9342 84.9853 90.9419 92.0133 94.6450 97.1040 98.0346 99.7641 100.9887 101.5958 103.7497 104.7966 103.8269 105.2086 105.8882 107.9542 107.1305 106.3600
108.1800 107.8606 107.6908 106.9127 106.5832 106.5922 105.5018 105.0044 105.3673 103.1235 102.5848 101.7165 100.2680 98.3362 96.1082 96.3886 94.4242 90.6946 86.3631 69.9872 62.9046 64.6707 73.8261 83.4585 89.7855 92.1148 94.8350 96.9768 98.1235 99.6835 100.9613 101.8956 102.5005 104.8055 104.5437 105.1722 107.5865 108.6781 107.1554 106.1100
108.1900 107.9060 107.8377 106.5846 106.3550 105.8754 106.2048 105.4967 105.4046 99.0042 99.9072 101.2810 100.3554 98.3733 96.5636 96.5633 95.0685 90.6936 85.7243 76.4753 70.6455 71.4669 79.4161 84.9648 89.4346 93.3753 96.0116 97.0513 98.4095 99.9314 101.1584 102.2309 103.8819 104.6491 105.1860 104.9910 107.2032 104.4398 105.7117 106.0700
108.4500 107.9799 106.7918 107.0735 106.1545 105.5017 105.5353 105.6643 103.5990 100.6729 102.4975 101.5227 100.3713 98.6807 97.9724 96.6262 95.8158 92.7559 87.5953 84.3185 82.3977 80.0458 86.3888 87.5027 91.0948 94.5769 96.3638 98.0858 98.9653 100.6295 101.5703 102.2066 104.0901 104.2107 105.8633 105.7324 104.8875 106.3551 105.8695 106.3600
107.7500 108.1512 107.4131 106.7696 105.7520 105.9175 104.6917 105.6881 105.1233 104.5593 102.2087 101.4391 100.6636 99.6055 98.6518 97.5153 96.3327 94.8493 92.9899 88.1770 86.4518 86.2122 90.8962 92.6883 93.5291 95.8823 97.4939 98.4836 99.6386 100.5991 101.7192 102.2683 108.6113 105.5081 105.4599 105.5099 105.5522 106.3547 106.7220 107.5300
108.2700 108.3555 108.0949 107.2730 105.5189 106.6126 106.0392 106.0559 104.7601 105.8342 102.7320 101.7797 101.0500 99.9083 99.2920 97.9836 97.0764 95.9477 95.0845 92.0832 89.8514 91.2123 93.2618 94.3418 95.8361 96.6329 98.4719 99.2099 100.2180 101.2192 101.8283 103.0176 106.5612 102.9890 107.7344 104.3601 105.7562 105.5622 106.1106 107.3000
108.4500 108.3242 107.4142 106.3783 107.3875 107.1977 105.1480 106.2193 105.5023 104.4832 103.8834 103.4119 101.2328 100.6446 100.1372 99.2095 98.4198 97.4878 96.4776 95.3099 93.6129 95.0576 95.7668 96.2582 97.0973 98.4158 99.5484 100.3849 100.8799 101.6481 102.4508 103.2942 104.8009 109.6614 106.0655 108.1931 108.2911 105.9786 108.1607 111.1500
108.5300 108.3598 108.0416 107.2079 107.6749 105.6534 105.4795 106.6677 105.6543 104.7918 105.3438 103.9422 102.1004 101.3028 100.5466 100.3345 99.5090 98.9690 97.6857 97.7339 97.2171 97.1147 97.6153 97.9439 98.2178 99.2993 100.2022 101.0347 101.5666 101.6856 103.9028 102.3414 105.6465 106.5118 105.0981 105.6771 107.0910 107.3824 107.5027 107.6800
108.8400 108.2431 108.2428 107.8651 107.0768 105.7107 105.7164 105.8669 105.7910 104.8680 105.5303 105.2126 102.4281 101.8270 101.5542 100.8844 100.2859 100.0580 99.1629 98.8197 98.4161 98.4860 99.1316 99.6341 99.7200 100.0838 100.8783 101.4053 101.7694 103.0802 104.8329 105.3516 104.6261 101.7839 107.3132 106.9709 105.9046 107.5964 107.6031 107.6700
108.8100 109.1879 110.4231 107.9939 107.5681 106.8937 106.6626 106.2724 106.2367 104.9456 105.6632 105.7522 103.8002 102.7150 102.1404 101.6827 101.1074 100.7903 100.3379 99.9187 99.7770 99.9323 100.4403 100.6027 100.9053 101.2126 101.8232 102.1020 102.5454 103.7233 105.0388 104.0668 104.5564 105.8876 105.7155 106.6291 106.7061 106.0301 106.2868 106.8200
111.3700 108.4784 107.5968 107.9207 106.5037 107.0426 106.7686 106.9516 105.5934 105.8656 106.1481 105.4725 103.7301 103.6680 102.4967 102.9234 102.4368 101.7627 101.2720 100.9984 100.8767 100.9041 101.2035 101.3318 101.6498 102.0290 102.3629 102.8840 103.8576 107.4115 105.5626 104.5044 104.9459 106.5727 106.4141 107.2228 106.0442 106.9641 107.4412 107.9300
109.0300 108.8091 108.3503 107.8201 107.9191 106.9924 106.2567 106.8456 107.0109 105.7558 105.7094 104.5702 105.7057 104.8618 103.3042 103.0867 99.3516 101.6369 101.9499 102.0385 101.6859 101.9152 101.8756 102.1426 102.3415 102.5739 103.0139 104.3310 107.5360 109.7413 105.8443 106.3299 106.4749 106.3857 106.1693 106.8480 106.0938 108.0513 108.2624 107.9300
109.0300 108.6175 108.7588 107.8209 108.2476 108.5684 107.2447 107.2078 106.4868 106.3825 105.4380 104.6791 105.0010 105.4316 103.6232 103.8914 102.6248 103.4844 98.5730 103.9179 103.4145 102.0628 103.7543 102.7191 103.1146 103.5031 103.8402 105.3767 106.8188 107.4554 104.5844 106.5510 105.4094 106.1229 107.0774 106.4662 106.2483 107.7504 108.0136 107.8100
108.9000 108.7922 108.6233 108.4974 107.9615 108.0633 107.6538 107.1865 105.6546 106.8356 105.9478 105.4100 104.4397 105.1527 104.6802 103.6300 99.4740 103.8390 103.7284 104.6770 104.1127 106.2598 105.4595 104.2042 104.0640 104.3650 103.9148 105.2449 105.7374 105.8285 106.2398 105.5735 110.4102 107.8207 107.5519 108.2182 107.4352 106.7898 107.8929 107.3000
109.4000 108.9733 108.9532 108.4303 108.3234 108.2979 107.4342 106.3536 107.0313 106.2903 108.1962 107.3986 104.5185 105.2787 105.0402 105.0394 106.8590 106.2048 105.3684 105.1223 104.0549 108.6547 100.9659 105.1809 105.5356 105.5464 104.8920 105.3032 106.9024 106.8440 106.9050 104.7626 107.7222 106.8194 106.7417 107.9819 106.3187 107.5685 107.5287 108.8200
109.5200 109.1598 109.9351 109.2085 108.8934 108.3807 107.4626 107.6425 107.1815 106.3321 107.8676 107.9008 106.3012 106.5905 106.5568 105.5000 105.8112 105.1689 106.0576 105.9843 106.1794 110.9981 103.9475 106.6564 105.0833 105.2875 104.6970 107.5753 105.8004 104.6128 106.9056 108.0899 113.4240 106.0881 107.5868 108.5993 109.2184 107.7061 107.6955 108.2600
104.5400 104.3764 109.6237 109.8518 104.9111 108.8341 108.4303 107.5126 106.3321 105.7720 108.4226 107.8583 107.5744 107.4141 106.6435 105.5166 106.5623 105.2604 106.7552 106.7823 105.1415 104.9910 104.0525 106.2188 106.1159 105.7380 105.7944 108.2939 105.3068 106.0384 107.3791 107.2499 107.4822 110.4276 106.1455 107.8702 107.5444 107.4003 107.5703 108.0000
106.3700 104.3463 106.4942 109.8603 108.5232 113.6842 113.5071 111.7090 110.8028 106.2938 110.2335 107.2516 107.2120 107.5779 105.2102 109.3320 107.3419 105.8860 106.0227 105.6251 106.1367 104.8263 105.9404 105.7580 105.7551 106.6281 105.1995 106.1984 106.2524 106.6762 106.7333 107.6715 112.3124 113.9048 107.9049 109.5264 112.2347 107.5271 108.9561 108.3900
105.8600 105.9187 105.4260 104.6510 105.5369 109.0832 111.3022 112.5885 109.6671 110.5506 114.3071 110.4835 110.7943 107.9790 107.7821 107.9128 107.4954 107.3620 106.9762 106.4236 104.6797 107.9947 105.7028 105.9740 105.6999 107.1584 112.6797 106.7852 106.1230 105.2555 106.9267 106.4879 109.9928 112.6686 114.9961 110.8090 111.6919 108.0396 109.5667 108.2700
109.1000 109.3836 107.5227 111.2757 112.3983 114.2727 109.1072 106.2548 113.4068 111.0582 112.5611 110.7405 112.9672 108.0810 112.1384 107.3562 107.6789 107.7665 107.4041 107.1554 106.6373 106.1260 105.4635 106.6715 107.5135 107.6071 110.8064 106.1347 114.8189 109.8795 107.8683 107.9444 108.8339 108.5422 111.6085 109.2031 108.8576 111.8594 110.6618 109.1300
108.8000 107.9876 107.6010 112.0784 112.0416 111.2007 103.2753 103.1860 110.5212 110.7494 110.4166 112.8510 111.6956 111.2605 107.9538 107.7672 107.5123 108.2097 107.8155 105.4155 110.4278 108.4417 105.6587 109.7620 108.7278 107.0162 108.2556 109.8886 114.9424 117.1812 108.1991 108.7173 110.8859 107.2591 107.7379 113.0047 110.2106 112.9177 107.5170 108.2800
107.7000 106.7703 112.8749 108.6669 107.0735 114.7901 111.2742 107.2495 108.6209 112.5739 109.8055 110.8542 112.1506 108.3164 108.4957 108.0836 108.6345 108.5219 107.9900 107.5116 112.7818 109.4448 105.6696 111.8392 108.2139 108.4668 108.5290 114.1116 112.2673 111.3855 109.2740 108.8563 109.1684 107.6853 108.1922 110.2940 116.9337 107.8073 108.1514 109.9100
108.8000 110.6161 113.3453 105.7389 109.5326 110.4199 107.5311 103.5139 111.7280 108.3251 110.6358 110.2492 108.6604 107.0627 110.8544 108.5413 108.1647 113.9162 108.2199 110.1447 113.7236 109.7652 106.7801 111.7359 108.7312 108.6373 108.5153 114.7819 108.6116 106.7427 114.2846 108.7749 108.8353 107.5603 108.1945 110.6222 114.3701 111.3573 111.0526 108.9800
107.9000 111.8594 109.7016 112.5230 111.4442 109.3565 110.6392 111.3533 116.8597 110.3876 110.2211 110.3799 107.8712 107.7914 109.2143 108.9392 108.1712 113.9808 111.9446 113.8489 115.0276 116.6385 106.2249 113.6507 114.9295 109.3359 108.6043 113.6205 114.4930 112.8332 115.3576 114.1907 108.0762 109.1855 111.8767 110.0811 112.1361 112.5190 113.2592 108.1400
113.5100 114.0015 114.8018 113.6762 113.6369 110.0568 114.0073 112.1247 109.7862 115.8611 114.4409 111.2645 109.5262 109.5996 106.6343 108.9988 109.6977 112.7039 106.9673 116.2689 115.4996 117.3501 109.7991 112.9010 114.1077 110.3490 108.5416 111.7321 115.1454 116.8771 114.1280 118.3511 109.2176 107.1800 109.1480 110.0625 108.7689 112.3035 111.8108 108.1400
113.5100 114.8796 111.9840 113.3754 114.4922 111.7861 115.0284 112.9146 108.9738 111.8687 111.7875 110.9262 109.0808 105.6430 111.7680 109.4410 109.0811 111.1727 109.7770 111.9695 109.8732 114.2714 107.8825 113.6970 113.4778 112.6162 109.6616 114.4644 109.9969 114.2791 114.0981 116.5067 116.0471 108.2537 108.8780 110.6529 108.8837 111.7435 108.7666 109.1600
117.1300 117.1300 115.4800 115.4800 115.1700 115.3700 112.6700 110.6600 110.8100 112.1600 112.1600 108.5500 109.5100 107.8000 105.7200 105.9100 115.6800 110.7900 110.7300 113.0300 116.6500 110.0900 110.6300 114.6400 113.5800 112.4600 109.6300 114.4300 113.3100 116.8800 115.6200 118.0800 118.0800 107.6400 109.3100 111.1300 108.0200 108.1600 113.3900 112.0600
