108.3700 109.1900 108.9100 110.1100 110.1100 108.5000 110.8300 112.2900 112.2900 112.8400 115.7300 114.9300 113.0100 109.8100 110.1000 115.2300 115.8600 116.3300 114.7600 117.9800 116.9400 117.2300 117.7100 119.3500 118.6400 114.9900 115.4500 117.1000 116.3500 119.3100 118.3700 119.4500 119.4500 118.9000 118.1500 117.6100 117.4600 119.2500 116.5100 116.5100
113.2500 108.6840 110.9736 112.8768 110.7524 109.0524 108.9204 111.6610 109.7590 113.3640 117.6780 114.8996 109.9882 116.0848 111.8903 114.9722 116.2081 113.1746 115.3677 116.3781 117.3551 116.0567 118.3977 119.6380 117.2716 116.6686 116.8774 116.1577 117.0645 117.5582 115.6856 120.1452 118.8840 119.0933 119.0925 118.7143 118.7339 119.5093 117.4695 118.8200
109.8800 109.3917 111.7356 109.6789 109.1587 109.4232 109.7639 112.4936 112.1928 111.4749 110.7219 108.8597 110.4185 112.8066 115.3566 114.0868 114.9920 111.4475 115.0296 117.0878 111.6256 114.6896 119.0559 119.4958 115.9096 115.5832 117.3043 114.7176 116.2148 119.0788 115.9868 121.0464 118.5199 119.0744 119.3644 118.4267 118.8481 119.1083 117.7417 116.6000
109.1700 109.2972 111.6549 108.0857 109.3808 109.2645 109.0299 109.1050 114.0956 113.8610 108.8154 113.0369 111.7880 112.7691 109.8088 112.8785 114.8740 113.5691 110.5112 116.7621 107.8988 108.7182 113.5047 115.8751 114.0806 116.1997 116.6719 114.1088 115.4572 117.6881 117.1000 115.8551 111.5592 115.5128 118.1245 118.3602 120.4602 118.8143 116.8042 116.7200
112.7900 110.8456 111.0956 109.4512 108.2494 109.4783 108.8497 109.3268 112.0224 109.9486 112.2864 112.6339 108.4455 114.2432 111.3859 113.7411 112.3384 108.7554 108.7859 108.3056 107.8726 111.2546 114.9432 111.3044 111.9683 115.1716 112.5161 113.0880 114.1780 114.5075 113.1197 115.3425 109.3147 112.3588 114.0438 115.7331 119.1682 117.7469 117.7835 118.2600
109.9600 109.9858 108.9133 111.5068 108.1237 108.5093 109.3436 109.5732 109.7496 112.7404 114.1441 114.1535 107.1649 114.6107 113.2551 110.2779 111.3053 108.2319 108.9270 108.3196 108.0381 112.6104 115.2331 112.9035 107.8812 110.6705 108.9818 113.2213 115.4713 114.5139 109.9455 114.4492 110.3871 117.4869 111.5158 119.0125 117.0085 116.5838 117.9394 118.2600
108.4900 107.5892 109.8540 115.7266 108.5470 108.7494 109.0142 108.3770 108.8740 109.4029 112.9766 108.9997 108.3677 107.4623 110.6713 108.8325 107.7659 107.9060 108.6436 108.1675 110.2358 115.1117 115.2971 113.3092 108.3011 106.6814 107.7037 112.8799 116.2162 115.4857 116.8763 113.8124 114.9034 116.3300 117.4572 117.6091 115.8579 117.3050 118.1978 118.2500
108.9700 107.9947 108.5921 110.4947 110.4748 108.3341 108.9111 109.3905 109.4891 109.7288 113.9269 108.4230 110.1222 108.5598 111.1145 107.5830 107.2443 107.4556 108.4382 113.3093 112.2607 114.5664 113.7523 112.3662 111.0972 107.6141 107.5010 109.9449 111.0550 112.0932 114.9021 114.4696 114.1609 116.4673 117.0360 115.3722 115.6133 117.8265 117.6256 117.5200
116.0000 113.9315 110.9082 110.4927 110.4819 108.1588 108.9573 108.5428 109.0690 108.8812 111.1017 108.2711 107.0320 107.7426 110.9284 114.5665 106.6290 106.3341 107.9402 109.3183 107.8641 110.1814 114.3609 112.9007 113.8930 109.0032 110.8875 110.8397 110.6385 110.3332 112.1297 112.2215 114.0716 113.6032 109.7396 112.8586 114.6717 116.4255 117.1105 117.5500
114.8400 116.2911 113.6658 113.9837 108.0399 108.0989 108.5140 107.8208 107.8033 107.1397 107.9751 109.2236 107.7651 108.2741 107.1386 113.7155 105.5252 107.1660 107.3519 107.8730 107.6543 111.7076 113.5422 110.0702 109.7518 110.3593 110.9025 111.4962 111.4529 110.4849 110.4534 113.1498 109.8107 109.4500 107.7271 114.2369 114.4203 115.0181 116.0888 117.1400
117.2000 114.2021 113.6265 111.0040 109.0035 111.3463 108.3095 107.9498 107.7869 107.5694 107.7369 106.7180 106.7027 107.1200 110.0692 112.7120 107.5533 107.9151 107.5198 107.9112 106.3131 107.7976 113.8818 106.2578 106.0240 110.1675 113.2823 111.9820 109.2065 113.9254 110.8570 115.5446 115.2210 108.8732 109.7698 109.7799 116.6500 116.9185 114.7941 115.7000
116.2700 115.8966 114.3180 114.8927 111.2278 109.9784 108.5549 107.5847 108.4883 108.7230 107.6289 107.1880 107.2072 107.2585 107.6916 105.7130 109.5006 106.4476 107.7849 106.5711 105.7846 107.5971 108.2808 110.2339 105.9585 114.9054 112.7778 110.9156 106.1155 110.1065 109.3607 113.3391 112.6672 113.5835 114.1545 109.8532 113.9121 114.6637 113.1091 113.6400
113.1600 111.5550 114.7230 114.7368 111.2182 109.4562 107.9570 107.2473 108.0354 107.7316 108.1067 107.8777 106.6628 107.0940 105.9900 105.6977 108.1786 105.7615 107.5820 106.9870 105.3490 106.4380 107.6466 106.6369 106.7542 111.1360 112.0309 107.4903 108.6938 110.5993 113.0894 114.6751 111.8198 112.5798 113.8670 113.5195 111.8402 115.7211 112.6222 114.7500
109.6900 112.8764 110.1661 112.9644 107.4898 107.8069 107.4601 106.4992 107.4799 106.8694 107.5382 107.1460 107.2927 107.0750 105.9925 106.5644 105.4246 106.1031 107.2154 105.2356 109.2980 105.6509 106.2143 105.9789 105.2719 106.5925 108.0052 107.5319 109.1439 111.4699 110.4338 109.8023 112.8612 112.4433 110.4376 113.0135 113.0885 113.5094 113.9768 113.3700
112.1800 113.1712 110.6450 112.4894 109.8781 109.8374 108.1047 106.6866 105.8629 106.4661 106.7320 105.8054 107.2555 105.7590 107.0992 106.1747 105.3399 104.8546 106.0439 105.5853 105.4932 105.5552 105.6130 105.9817 105.6722 104.6589 107.2611 110.5279 109.9827 105.7746 106.7137 105.9337 107.6993 110.4494 109.6534 113.2562 113.7841 113.6520 113.1069 113.3700
108.8400 111.6276 110.8618 107.6821 107.4855 108.9508 107.1367 107.0248 106.2120 105.8825 106.1285 105.6410 106.1376 105.0406 105.0034 105.7147 104.7838 106.5628 106.1118 105.6105 105.9787 105.7638 106.0907 104.6008 106.6431 106.0872 106.2956 106.2118 106.3073 106.4892 107.2153 106.9587 108.3889 107.3408 110.9000 108.1890 109.9893 110.0633 107.7674 108.4400
108.8400 108.0152 109.6354 108.7761 106.4372 105.2974 108.2779 107.0646 105.6551 106.7756 105.4542 106.0346 105.9204 105.7155 104.7698 105.5823 105.5457 105.6795 105.5055 105.4263 105.0276 105.1400 105.4002 104.7409 104.6542 105.9058 107.4566 107.4993 105.1056 109.8739 106.4715 106.8990 106.3995 108.5686 109.6642 110.0388 106.6466 109.1837 108.5280 107.4400
108.6000 108.0588 107.6773 107.4701 107.2089 105.4423 107.9317 106.2305 106.2474 106.7493 106.3152 104.5625 104.3536 104.8114 104.3534 104.0209 104.4422 103.3029 104.2105 104.2852 103.9744 103.8376 104.3925 104.3486 105.7007 104.7905 107.7061 104.7470 104.6379 107.0392 106.8333 106.5946 106.6411 108.2911 108.0345 108.7635 111.6950 112.1079 108.2496 106.5600
108.5900 108.1639 106.6881 106.8110 106.5343 106.5058 105.7226 105.4468 105.7850 105.8812 105.8989 104.7973 104.5928 104.5941 104.0404 102.5143 102.4717 102.3636 101.8981 101.9617 102.2790 102.4850 102.5152 102.9349 104.1913 105.5191 106.5521 106.1404 105.0225 105.8546 106.6356 106.3092 108.2079 106.4637 107.7661 110.6782 112.6351 110.5943 113.7390 110.4800
107.0400 107.8815 107.2205 107.4281 107.2538 106.0548 105.1652 105.7789 105.2482 106.1480 105.8932 104.5724 102.7722 102.3035 102.5420 101.9845 101.7401 101.7726 101.3497 101.2908 101.4260 101.4648 102.1518 102.1334 102.3061 102.7408 104.8150 105.9633 105.5362 105.4599 105.2709 106.5259 107.3930 105.6893 106.4391 108.0255 108.3245 108.3156 108.1586 108.1800
106.7300 107.4502 106.5574 106.0217 106.5979 106.2175 105.6552 105.5032 106.1541 105.3026 104.5188 102.9330 102.4070 101.4373 101.6398 101.0742 100.6488 100.7049 100.3914 100.1256 100.3172 100.7389 101.4228 101.7874 102.0248 102.1443 102.7562 105.2252 104.7642 104.6095 104.3423 105.7883 110.6989 106.9475 108.1347 107.6960 107.1665 106.8163 108.4471 108.5200
107.6200 107.8350 107.7570 106.0426 105.8277 105.7573 105.3035 104.9725 105.1905 104.2947 102.7198 102.3217 101.5632 101.0740 100.8299 100.5133 100.1436 99.6902 99.2751 99.2994 99.2243 99.5351 100.3052 100.9257 101.3337 101.8479 102.4002 102.5345 104.5054 104.5700 105.0599 103.8327 105.9064 105.6278 107.3341 106.4934 106.5380 107.5090 106.7282 108.7400
108.3200 107.6901 107.5676 106.4729 106.2357 105.5616 105.7265 104.1732 104.5639 103.0021 102.2352 101.9350 101.2335 100.1246 99.7188 99.4512 99.3429 98.5188 98.5136 98.3741 97.9833 98.6321 99.1103 99.7078 100.4777 101.1059 101.7950 102.3318 102.8657 104.7248 105.7979 106.3321 104.6387 106.3357 107.2325 107.8881 107.6489 107.3652 109.0641 111.0900
106.6100 107.4715 106.0293 107.0362 104.8539 106.2131 105.4610 104.8632 103.3659 102.4653 101.7482 101.1910 100.3086 99.4169 98.5213 98.0131 97.7167 97.2223 97.3220 97.2130 96.0255 96.9827 97.7228 98.7909 99.5944 100.2490 101.0492 101.7951 102.6412 103.1206 105.9490 104.2449 105.3821 106.2992 106.4047 107.5413 107.3269 106.7047 110.0440 109.8500
106.0600 107.6108 105.2854 106.6112 105.4598 104.9021 103.9144 103.4308 103.2662 101.6510 101.3627 100.8532 99.4157 98.8172 97.4512 96.7961 96.5096 95.4076 94.7842 94.1824 93.8921 95.1474 95.9704 98.1473 99.1647 99.8942 100.6352 101.3957 102.3615 102.6859 104.2316 104.8650 104.7398 106.2341 107.0264 107.2817 107.2671 107.0907 109.8930 107.3500
107.2000 107.4826 104.7880 105.4089 105.8705 104.1413 106.2488 103.6600 102.3136 101.6713 100.7710 100.3379 98.9193 97.3640 96.2064 95.0786 94.8303 93.1537 91.7193 91.3634 91.7445 92.8873 95.2173 97.1998 98.0890 98.8033 99.7532 100.6966 101.9134 102.7666 103.0006 104.4680 105.5167 105.5817 106.0914 106.9100 106.9872 106.0367 106.6644 107.1600
107.9400 107.0982 106.6764 107.1325 105.8149 105.1031 105.8407 102.6753 102.2343 101.5011 100.5865 99.7112 98.4537 96.4133 95.6198 94.2248 90.9146 87.4296 86.6100 88.6054 87.7411 90.5144 93.5202 94.5458 96.1842 97.9234 99.5361 100.4468 101.6648 102.4229 103.0313 103.7934 106.3614 106.8836 106.0517 107.2001 106.9733 107.4292 109.5644 106.0600
106.4700 106.6382 107.3989 106.0558 106.0315 104.8080 105.1248 102.6292 102.1525 101.1886 100.4750 99.3933 97.9712 96.0590 93.5349 90.6707 87.0333 82.9333 81.6948 81.0655 83.9623 86.6056 90.2324 93.8729 95.9625 97.4100 99.4170 100.3388 101.2179 102.3841 102.8348 104.6211 104.5579 106.6525 107.0319 107.1627 107.0118 107.4350 107.5554 106.4800
107.4300 107.0309 106.5432 104.7232 104.8366 105.7382 103.6279 102.7318 102.0811 101.3325 100.3929 98.9975 97.7728 96.7477 94.0809 91.8628 86.0400 78.2960 71.3890 70.8211 77.0627 83.9223 88.1702 92.5062 94.6252 96.6410 99.0677 99.9197 101.2677 102.3107 102.9069 103.5033 105.4850 105.9343 105.1657 106.6106 107.0157 107.0176 106.5864 107.6900
107.2100 107.0845 105.7447 104.9765 105.3828 103.7018 104.6198 102.3159 102.0024 101.3017 100.2112 99.0285 97.1603 96.3791 94.1060 88.1770 83.6750 74.5827 64.7594 64.9479 72.9276 82.4525 88.3574 92.1445 95.3695 96.3908 99.3974 99.7940 101.1461 102.2335 102.5413 105.4623 106.1566 104.6884 106.9122 106.0228 107.4570 106.8615 107.8173 108.0200
107.2100 106.6768 105.8705 105.6558 105.9461 103.8981 103.6609 102.3944 102.0049 101.2962 100.2398 99.0801 97.2302 96.4156 94.3055 88.5045 84.1171 78.0640 67.4608 67.2950 74.6288 82.9118 88.8889 92.3739 95.5341 96.4937 99.3731 99.7922 101.1836 102.2277 102.6252 105.5390 106.1185 104.5772 107.0882 105.9756 107.3211 106.9056 107.3711 108.0500
106.9500 107.3234 106.5831 106.1626 104.6801 106.2238 103.7665 102.8996 101.3579 100.7147 100.2859 99.0698 97.5068 96.9380 95.2240 89.3078 87.5811 80.3619 74.7395 71.5326 80.1730 85.6457 90.9998 93.6359 96.4891 97.8015 98.7727 100.1504 101.3006 102.1454 103.0749 103.8716 105.7250 104.5955 106.1495 105.9365 106.7485 107.4737 107.8498 107.3600
107.6700 107.1225 106.2252 106.5818 106.5287 105.6404 103.5014 103.2436 99.3359 101.5416 100.6549 99.2339 98.2484 97.5598 95.3397 91.8479 88.9557 85.3277 84.8890 84.6033 86.3141 90.2978 92.5360 94.6455 96.7550 98.1502 99.0766 100.5101 101.3316 102.0731 102.9344 103.9942 104.6852 106.1725 105.8582 106.4736 105.9128 107.6671 107.1541 107.3600
107.8300 106.6731 105.5391 107.2246 106.4646 104.6809 103.8028 103.7204 103.1318 101.8613 100.9314 100.1976 98.9036 98.3153 96.0291 94.0295 91.6853 90.9044 90.1165 88.7137 90.2694 92.3717 94.3222 96.2348 96.8454 98.3967 99.8648 100.7695 101.5793 102.4518 103.7410 104.3421 104.5278 105.0902 106.3128 107.2251 106.0579 106.8126 107.2179 108.2700
107.8300 106.7928 107.5086 106.7803 106.9782 105.6688 104.1763 103.4593 102.7483 102.2511 101.1613 100.5865 99.5604 98.5532 98.2566 96.2718 94.6294 94.3351 93.4907 93.3689 93.9119 95.4321 96.4080 97.6989 98.6658 99.3947 100.3637 101.2512 102.0693 102.6175 104.6166 104.7134 106.5096 106.0965 105.0202 105.6493 106.7464 107.8958 107.7645 108.3100
107.5100 106.9307 106.9651 107.0251 106.9405 107.0090 105.3035 103.6811 102.9639 102.6088 101.4548 101.0367 100.2084 99.0553 98.9027 97.7382 97.1349 96.5100 95.6901 95.4383 96.2698 97.1080 97.5293 98.1193 99.2449 100.0327 100.8986 101.7187 102.3248 103.1057 104.6210 105.1974 105.7764 106.3670 106.8323 106.7070 107.5829 107.8117 108.1979 112.2700
106.7200 106.8327 106.0300 106.4353 105.6361 106.2601 106.2553 105.1177 103.7994 102.9356 102.1034 101.4719 100.8984 100.3598 99.5921 98.7784 98.4453 98.0922 97.8043 97.4365 98.1030 98.5866 98.6700 99.1505 100.2568 100.9937 101.6485 102.1931 102.6914 103.4471 104.6246 106.2380 105.4875 106.5370 105.9477 106.0740 107.8043 107.1118 107.3615 107.3800
106.8500 106.7005 106.3940 105.7173 106.8869 104.4332 106.1127 106.2465 104.6809 103.1187 102.7770 102.1091 101.7952 101.3580 100.6392 99.7613 99.7676 99.4397 99.5060 99.5500 99.6264 99.7205 100.2176 100.6238 101.1804 101.7743 102.2544 102.6679 103.9680 105.2522 105.0967 106.8314 106.0767 107.3643 105.8053 107.5566 111.2284 106.3642 106.9351 107.2300
107.6400 107.0611 107.7190 106.3384 105.9556 106.6325 105.6103 106.9635 105.8961 103.7766 103.1675 102.7295 102.2263 101.7915 101.6073 101.2652 100.8862 100.6133 100.4697 100.4764 100.6792 100.8368 101.2072 101.5400 101.8865 102.3417 102.7865 103.1458 103.6885 105.2540 106.0415 106.0962 106.3415 106.7273 107.1875 106.2682 109.8134 113.8663 112.9908 110.8400
107.6400 107.9300 107.9300 106.2500 106.8400 106.8400 107.0500 106.5800 106.5000 104.9600 103.4900 103.0700 102.7300 102.3100 102.3100 101.9300 101.4100 101.4100 100.7100 100.7200 101.4900 101.4900 101.9000 101.9000 102.2000 102.6700 103.1600 103.4400 105.6300 106.5600 105.9700 106.8400 106.8400 106.6700 106.7200 107.9500 108.2200 108.4600 110.2200 108.5400
