104.7300 104.7300 104.3600 104.2500 104.8300 104.5100 105.9400 105.3100 106.7600 108.5600 110.2600 106.5200 106.9400 106.9500 107.6600 108.1200 107.5700 107.5700 106.1600 108.4100 111.2600 109.4500 114.5300 115.7500 113.0900 115.1000 113.8200 114.4300 118.2200 118.0100 119.3600 119.0500 118.5300 117.7300 117.0500 116.6700 115.6100 115.3900 114.7000 114.4600
102.9800 103.8186 104.5509 104.6931 104.8879 104.9181 105.7667 104.3540 106.4541 106.0760 106.9689 106.6167 106.9562 107.5594 106.4748 107.8567 106.2389 109.4723 108.4786 109.2785 114.2001 111.8721 112.5695 111.2755 112.7291 113.4177 112.9719 116.4601 117.9674 118.3023 119.4792 119.1781 118.5839 117.9562 116.9170 116.3202 116.8719 116.9833 114.7089 114.7700
102.7900 103.9500 103.1243 103.7438 103.6334 104.5643 105.0768 104.7822 104.7158 105.0052 106.2232 106.0358 106.7709 107.5567 106.1130 108.3861 108.2641 112.4962 110.7408 107.3699 112.3335 113.8082 115.6875 110.4044 112.0462 113.1745 115.0738 115.7969 117.9313 118.3863 118.7655 118.7234 117.3855 117.5933 117.1239 116.2433 116.0213 117.1681 115.1150 114.9100
102.1100 101.8958 102.2002 102.3571 104.2972 103.3953 102.9088 102.5875 104.3928 105.2996 106.0632 104.6276 106.3095 107.0615 107.7057 113.5482 107.8716 112.3625 111.3256 107.5468 113.5587 114.4578 114.3978 110.4803 112.2557 112.6286 114.2117 115.2276 116.6260 117.4910 115.7780 117.8842 117.0044 118.0959 117.0630 116.9989 116.8101 115.7984 115.4302 115.0000
101.6800 101.6283 101.5828 101.4520 102.0014 101.5539 103.7307 106.6392 103.5426 105.1809 106.1116 104.4852 105.7337 104.9829 109.1902 108.1623 110.4128 109.0926 113.4379 112.6301 114.0168 113.8206 112.8105 111.4162 113.1670 111.8740 113.4126 114.7020 116.3505 116.8540 115.1971 114.5888 116.0666 118.4953 117.5544 117.2261 116.6947 116.1652 115.6288 115.0900
100.4100 100.2497 100.0572 100.8011 101.0937 100.9366 101.6803 102.0244 102.9989 104.8913 105.5696 105.6159 104.6733 108.0037 104.4469 105.4563 107.4822 105.7870 113.0339 109.4740 108.2047 112.0181 113.2291 110.2739 110.2650 111.4139 112.6579 116.2682 116.3813 117.3571 118.2045 113.4088 116.3840 118.7811 118.5448 117.7449 117.1457 116.5187 115.8727 115.6200
99.1500 98.9609 98.4299 99.4005 100.2937 100.7120 101.2149 101.8113 102.2600 103.2037 104.2144 105.7075 106.4213 106.2605 106.4853 105.5695 109.8509 106.2039 112.5950 112.8990 110.5963 110.5946 108.8348 108.2033 108.7170 110.9005 112.1902 116.6524 115.4400 117.1544 117.9383 116.1450 117.2430 117.3688 119.2406 118.4204 117.4589 116.7570 115.9937 115.7100
97.1500 97.7321 97.1095 98.1482 98.8999 99.4770 100.3619 100.9020 101.7138 102.3173 103.6939 104.8456 106.5051 105.2140 106.4891 106.5398 106.8737 105.0800 108.1332 109.2225 107.7419 106.6097 112.1495 107.4800 110.3288 112.1661 113.5494 116.5074 115.6788 118.8280 118.6703 119.0826 114.7239 117.2967 119.2716 118.7926 115.5060 117.4320 116.2481 115.8300
95.5800 96.1596 95.9575 96.8231 97.7252 99.0000 99.1897 100.0894 101.1761 101.9845 102.6907 103.7429 105.0615 105.3777 105.1910 106.4904 106.2734 106.5203 106.7971 107.6786 107.9897 108.4885 111.1386 110.4668 112.4659 113.2303 116.2291 116.9237 112.3083 118.1290 115.8469 119.3279 114.4342 118.9272 120.2967 118.8755 114.7579 117.8261 116.2542 115.5900
92.6200 93.5436 94.2160 94.8194 96.2908 97.1242 98.0330 99.7288 100.7707 101.3208 102.1565 102.9207 103.8385 105.2513 105.6839 106.5747 106.0055 107.3572 107.0413 107.4196 110.9538 113.7641 110.4194 112.0010 111.0117 112.9655 115.5961 113.0417 112.1016 116.5829 115.6981 113.9871 117.5242 117.0278 117.7610 118.6979 115.1143 113.3193 116.4216 115.5500
89.2600 90.0336 90.9769 92.8535 94.7202 96.1080 97.5380 99.2068 99.8718 101.2826 101.8361 102.7546 103.4974 104.8840 104.6779 105.7472 105.3970 105.5641 106.1592 107.9134 107.2901 107.2106 111.1856 114.2126 112.9211 114.4354 112.2643 113.8912 108.3852 110.2962 111.0728 110.5558 113.6060 114.2666 116.5497 116.8203 115.0497 112.2357 112.1496 110.5900
85.3100 85.9782 87.9262 90.8801 93.5116 94.7794 96.0481 98.2220 99.4761 100.8002 101.8608 102.1658 104.2344 105.5149 104.8994 106.1499 106.9674 105.7172 106.5829 106.5306 107.3284 107.2088 108.1116 108.1338 108.3393 107.4853 109.1003 109.1344 109.3951 109.7526 110.1616 113.1782 113.7274 110.8390 116.3565 114.8587 115.1073 109.8350 112.2358 109.3500
80.0300 80.8639 84.1732 88.2460 91.4189 93.8376 95.7601 97.3591 98.9502 100.5052 101.4772 101.9875 102.9782 103.9105 104.5659 104.2012 105.9576 105.9692 106.2236 107.6777 106.6858 108.2012 106.9911 107.3518 108.6322 108.1704 109.2156 108.5013 109.6869 111.0354 113.7199 109.9001 113.4328 112.8100 116.5009 114.4450 110.5617 112.4249 110.1080 109.5200
70.8100 72.7987 80.2278 85.7716 89.8543 93.4433 95.8919 96.8422 99.2178 100.2246 101.3689 102.4771 102.9974 104.0072 105.2925 105.2130 105.5609 106.4986 106.6029 106.5801 107.6082 107.0799 107.8267 110.1712 107.9230 108.9804 109.3699 111.8143 113.3438 112.6576 115.0924 107.7429 108.4254 109.3223 111.8215 112.6366 111.0250 111.6468 116.1871 115.1200
70.8100 66.1756 76.9836 83.9186 88.3733 92.4725 95.4219 97.3272 98.9904 100.1143 101.5691 102.0289 102.5438 104.9267 104.5643 105.7124 106.3851 106.1538 107.1684 106.5680 107.1438 108.5526 108.0993 108.6571 109.2199 108.6703 109.3452 113.5160 110.2758 113.1442 114.4188 110.5194 110.1381 109.1796 108.3474 109.4979 111.0403 112.4442 117.1697 117.8200
72.3900 65.4825 76.3760 83.8491 88.3514 92.5085 94.1968 97.6762 98.7888 100.1491 101.5527 102.0529 102.4630 103.7842 104.5874 105.8487 106.1752 106.5169 106.9541 106.6178 106.5227 107.7747 107.9435 108.8459 109.0437 108.1198 108.6991 110.8612 112.5720 112.2118 113.0961 110.4150 109.3715 108.5922 108.9040 109.7803 110.9600 114.3702 114.1629 113.2900
70.8700 74.6898 79.5428 85.6130 89.0638 92.9948 96.0071 97.2899 98.5963 100.1901 101.2806 102.1457 102.5068 105.2680 104.5410 106.2732 106.2280 105.6203 107.1967 106.5851 107.2741 107.4369 108.0891 108.3866 108.8411 108.7364 111.2869 110.8133 114.7227 115.4743 115.7634 113.1186 109.0932 109.1295 108.4288 109.9502 109.9623 112.5624 112.1560 111.6500
80.0300 80.3965 83.7402 87.9077 90.7325 94.0284 96.1529 97.3178 98.9972 100.1451 101.3429 101.9594 104.1106 103.6254 104.3146 105.4163 105.1412 105.7253 106.5259 107.4163 107.6044 107.6084 108.4570 108.5127 107.8983 108.6920 108.8080 109.3070 112.6633 113.9022 117.0631 113.1548 110.1483 109.3775 108.1798 108.3913 111.7648 112.7526 109.1665 111.5200
85.8700 85.1130 87.5498 90.4584 92.6443 95.1069 96.5367 98.2572 99.1758 100.6896 101.7396 102.2562 102.8855 104.6041 105.8207 106.3100 105.0160 105.8924 107.6571 107.4743 106.8583 109.8880 107.2004 107.8422 114.5382 112.6818 113.9587 110.4775 109.2389 115.8055 116.0083 111.3352 110.5091 109.0884 110.6045 112.5162 111.6981 112.1298 110.6724 112.2100
89.8600 90.0105 90.9404 93.0521 94.7985 96.5125 97.6982 98.9661 100.2701 101.0389 101.9484 102.4840 104.9459 104.6961 105.4905 105.1568 105.0447 106.6150 107.2054 106.9060 108.1785 108.6352 108.0928 108.1465 109.5114 107.8286 109.3222 110.8093 114.2969 111.6461 113.8401 114.6232 107.9679 109.3076 116.3219 114.3768 111.3316 114.4064 111.9827 109.6800
92.9300 93.1609 93.9728 95.6145 96.4421 97.6516 98.0904 99.0946 100.6541 101.3286 102.2552 102.7149 104.4914 105.1893 104.7463 105.7952 105.8842 106.7148 107.5980 107.0527 108.1996 110.3851 109.7090 109.0906 112.3094 108.9487 111.4357 112.1682 115.5923 107.7564 115.2111 107.6568 110.4800 115.5729 109.4928 117.4974 112.3549 118.0496 116.2169 116.8300
96.1600 95.9550 96.0279 96.6018 97.2915 98.3843 99.5995 100.1010 101.3580 101.9470 102.5073 103.2390 105.8618 105.7891 111.1441 104.9866 106.1089 106.4263 107.1855 108.8558 108.0252 108.4098 108.6755 106.8792 109.0649 114.9281 112.7213 116.4285 115.1575 109.9236 112.0983 110.9200 113.5683 117.0905 115.4131 115.1216 111.9731 116.8972 111.6917 112.0800
97.3500 97.6478 97.9036 98.4030 99.0200 99.5872 100.5035 100.8646 101.8899 102.2622 102.7650 105.2342 105.9487 105.5187 104.3948 106.6387 108.2683 107.2101 106.0488 103.7044 108.0860 107.0440 108.6363 108.2675 108.8354 109.6793 111.5408 110.4234 112.8393 116.0075 119.3282 118.2315 118.3525 117.4127 113.9336 116.0614 117.5706 115.2198 108.4856 110.5400
99.5200 99.7013 99.3255 99.9973 99.7483 100.2625 101.2543 101.8774 102.3364 102.8915 103.3315 104.7385 106.1011 107.4462 105.9233 104.9320 110.6349 111.8490 108.8985 107.4063 109.4767 107.1076 108.0592 111.8528 110.6567 111.2860 110.9206 109.8075 109.4275 112.2073 112.5517 114.3047 115.9142 117.2840 118.9670 115.0799 114.8607 115.3155 110.7650 109.7600
99.9800 100.5143 101.0531 100.6960 100.5510 101.0570 101.5694 102.2648 102.5854 103.3139 104.0007 106.1776 105.4774 105.8198 107.2859 105.4984 107.6994 107.8461 105.7476 107.8711 107.5700 110.1457 111.8404 112.3566 114.2973 113.4529 113.3805 109.6770 111.1020 112.6881 112.4715 112.5762 115.0325 115.5978 113.5729 109.2719 109.9437 110.4202 114.3681 110.2700
100.9500 101.3699 101.3953 101.5209 102.1924 102.0358 102.1255 103.2257 104.6140 103.6372 103.8434 105.9037 106.0915 105.6146 106.3659 106.1293 106.2717 108.9774 107.7882 107.8823 107.3464 110.2346 114.4325 109.0996 112.9766 116.8588 116.6270 119.5457 115.1621 115.1803 117.1638 115.6172 114.9493 117.1193 107.1876 108.9126 110.1642 111.4252 109.3499 109.8200
101.8800 102.4250 101.9590 102.4836 102.4867 102.8005 103.0715 103.7765 105.2262 104.9157 107.3069 106.2324 106.3529 107.2492 106.2407 106.8436 108.0027 110.5884 107.9200 108.0740 107.7647 108.5559 108.8330 113.7272 112.9659 112.8916 111.3916 113.2073 113.9073 115.7583 115.2468 115.5809 109.0815 115.2723 114.8575 111.4847 110.3614 113.1570 113.0992 111.4900
102.9700 103.1217 103.0690 102.8750 103.4168 104.3047 104.2280 104.4580 105.8597 106.8633 105.5299 109.3912 105.8557 106.6578 106.4109 106.3069 107.4702 107.8567 109.9648 108.7097 108.0949 108.1644 107.2928 115.3095 109.4785 108.7172 111.1389 111.2504 113.0339 115.8202 117.7016 113.5384 117.3109 118.2536 118.7406 113.1424 113.0186 110.1101 111.9029 114.5500
104.4700 103.7714 103.9099 103.3769 107.9556 104.5509 104.2181 106.3444 106.4694 105.5045 105.0526 106.8939 107.0544 106.9283 107.5317 107.1243 108.1079 108.5483 108.4524 107.6160 113.3156 108.6164 108.4617 114.6783 114.4058 109.7178 110.3698 110.3355 114.5983 116.8596 111.8916 115.9894 110.9181 118.8228 114.6011 109.4708 109.5935 109.4966 112.7333 114.6700
106.3600 105.6614 106.4930 105.9624 105.3747 105.4789 105.8207 106.5188 106.3165 106.2706 107.2028 106.5734 109.1125 106.4996 108.3231 108.3836 107.9578 108.1641 107.9670 107.7974 109.3714 112.8526 115.6309 109.0854 109.4501 110.5989 110.5363 109.7219 110.3156 117.4303 114.3674 116.7843 111.4731 114.1573 109.1243 109.0318 109.0092 110.2678 110.9575 109.7400
104.9100 105.0535 106.5019 106.2442 107.0533 106.3897 106.1943 106.0606 105.9504 105.7609 106.6830 107.1934 107.1304 110.7466 109.9425 108.3058 108.3955 107.3504 108.1830 109.5918 108.7728 115.4562 115.0663 115.8064 112.0529 108.9038 113.7519 111.3257 110.2010 110.3328 116.1765 114.7828 114.8631 115.4358 109.1773 109.9901 109.4393 109.6190 110.7941 110.4300
106.1700 106.0634 107.8524 105.8326 106.1386 106.8695 106.0907 105.7780 107.2455 107.7263 107.9769 107.7600 106.2207 107.8753 107.1299 108.2515 108.2498 108.1540 107.8572 113.6822 114.1774 109.3865 111.8314 114.8012 114.0204 111.5591 108.2298 108.3872 109.7231 112.2011 115.5463 113.1963 110.3147 113.9010 116.4430 108.4703 109.7213 109.0723 111.1929 110.6000
106.7400 106.3197 107.1813 106.9040 107.7954 106.9654 107.7011 107.4696 108.0348 106.9464 107.8747 107.7406 108.0510 107.5843 108.6301 109.1635 107.9529 108.7317 108.4534 109.4722 113.3942 110.1203 109.9161 113.2989 114.9214 114.8086 108.5900 109.1469 109.0342 110.0106 110.1672 112.9577 109.9041 112.9262 112.3454 108.8481 109.0088 110.7630 112.7684 110.1000
107.3200 106.8887 106.9585 106.9417 107.4385 107.6208 107.3246 107.7015 108.0181 108.0949 107.4120 107.5680 108.0355 107.8944 109.4067 108.6529 108.3678 109.6337 108.6499 109.4915 109.6487 111.6740 111.4256 111.3821 113.1746 111.3332 109.2791 109.3484 109.1256 110.5957 110.4340 111.7628 110.6173 108.7485 111.7749 110.1799 111.6996 111.8188 110.3881 110.6600
107.1600 106.7896 107.3323 107.4343 107.9236 108.2975 106.6900 107.2887 106.9099 107.2646 108.9252 107.2607 108.3278 107.6899 109.4406 109.9389 108.7581 111.7821 111.6393 109.8200 109.8775 109.8641 109.4495 114.0370 116.4312 111.2583 110.5904 109.5609 112.6582 113.2641 112.7841 108.7287 110.6806 111.2128 109.5598 109.5743 112.9472 111.2399 110.9112 110.5600
108.5400 107.9948 107.7482 107.9924 108.3535 107.8257 107.0704 107.5214 107.8897 108.3370 108.7432 107.9767 107.4170 107.7807 113.5887 108.4634 110.0341 107.7508 111.0213 112.4037 109.8305 113.3648 110.7444 115.0850 111.8016 109.5805 116.9430 113.3076 112.9636 114.8246 112.4811 110.0983 111.7568 110.8078 112.7897 109.8118 109.4120 110.4963 110.9925 110.0600
108.8200 108.1811 107.4025 109.2864 108.0183 107.8097 107.3465 108.3010 109.0342 109.0101 108.0578 108.7956 109.0737 109.4634 110.8117 108.5643 113.0680 113.4948 115.5924 115.5071 113.1409 116.1942 108.6873 110.1913 113.1598 113.1539 115.8919 115.5141 113.7143 112.0839 111.2597 110.6430 111.8270 112.8161 114.0121 113.6481 111.0100 114.3521 112.2540 110.0600
108.8500 108.6976 106.0009 108.8024 107.9642 108.0977 106.7425 110.1609 109.1485 108.6824 108.6865 109.4346 108.7389 108.7478 110.0087 114.9768 111.0207 112.0598 114.7501 116.1906 115.9892 113.0840 112.9906 114.5235 111.0951 117.4020 110.3362 112.7896 108.9534 112.0396 114.8960 114.0987 113.4455 113.0625 113.4133 113.6499 110.0162 115.6145 110.0868 114.6100
108.9900 108.0818 111.7366 113.0121 108.8387 109.0468 108.8697 111.8986 106.8937 109.2962 108.0202 109.0997 108.8069 109.4382 109.5848 109.9140 107.6774 115.2038 114.2849 116.5015 115.6252 116.8897 115.5209 112.4108 109.0028 110.4658 109.4600 112.6078 111.6105 114.0124 110.3344 112.5638 114.3579 114.8884 109.4123 113.4265 110.5386 110.2234 110.8735 112.4700
108.9900 109.5200 111.8000 107.2100 109.3400 107.9300 114.1600 108.6400 109.4800 109.6600 109.6600 109.3300 108.6600 108.6600 109.5500 110.2600 114.5000 115.5200 115.3000 115.3000 116.0800 116.2400 116.2400 109.2400 111.2800 114.1700 113.9700 113.4300 111.3400 110.7500 110.7500 112.5600 114.6500 109.1700 110.2400 109.7900 110.6900 110.5500 109.6500 110.7700
