107.9500 109.8900 111.9400 108.8200 108.7900 106.3300 105.3900 105.4000 105.8600 106.8300 107.3300 107.2400 109.9300 106.7400 107.5500 108.6100 106.2300 106.9400 106.5100 108.1800 107.5200 114.3300 109.1100 110.8300 111.6300 110.7000 110.7000 112.4600 114.4900 115.3600 115.7600 117.1200 118.2600 118.6800 117.7500 117.2800 116.2800 116.0600 115.5400 115.0300
114.3300 112.8125 109.0769 105.8281 106.7974 105.4366 105.8576 106.0558 105.3386 106.5224 107.0965 105.6164 108.7707 106.6817 107.5761 110.0322 106.2456 109.4537 109.2749 107.6314 107.6377 107.3895 108.4977 109.2983 110.3756 111.1579 110.4554 112.4009 115.3947 114.6530 116.7676 118.2802 119.0964 118.3609 118.0269 118.0654 117.7075 119.4083 115.9281 115.1300
109.6700 112.3536 106.0381 109.6189 104.1689 104.3002 105.0643 104.9648 105.3975 105.4066 106.2926 105.9342 105.7791 106.4447 107.1322 106.8571 107.3632 107.1749 107.2115 107.4479 106.7952 108.2267 109.5448 108.3363 109.4436 110.3892 113.4221 115.1111 115.3652 117.0079 118.0893 117.6372 118.6214 118.0069 119.9645 118.5983 117.7951 116.7742 116.7489 115.4000
105.2300 106.8390 105.0498 106.1125 105.3780 105.7778 104.6074 104.6355 104.8489 104.1256 104.9936 104.8426 104.7848 106.1320 107.9669 106.8737 106.9524 107.2822 107.1606 107.5464 107.0230 105.5110 106.6007 107.4137 108.6058 110.0120 113.0844 115.0181 115.7973 116.6728 116.7494 117.2222 118.3129 119.5504 119.6998 118.1595 117.0096 115.7657 115.4356 115.2400
106.3500 105.0419 109.9838 108.0812 105.2440 105.7296 105.1223 105.2231 105.3269 105.4325 104.7260 104.6718 104.5572 104.9773 105.0405 105.7619 105.8485 106.8769 107.1352 106.4575 107.1982 105.5672 105.7024 106.6575 107.7641 112.2418 113.2119 113.7329 114.7035 113.6221 117.5713 119.4971 118.8662 119.1001 117.5129 116.5908 116.4767 116.4084 115.8156 115.2000
105.9100 104.0025 108.0436 104.8298 104.6449 104.8120 104.0354 104.1109 105.0415 104.5527 104.1370 103.4872 105.1599 104.9046 104.5098 105.1377 106.7190 106.6433 106.6258 106.7426 109.8488 105.8720 105.4944 106.3603 107.7113 113.1794 113.1314 112.6653 114.2107 115.0926 118.0712 117.8665 116.1513 115.5031 115.9176 117.5722 116.7720 116.7600 115.8794 115.4400
105.6800 104.0789 104.0131 103.1037 103.1905 103.8709 102.2620 102.3211 102.4357 102.8739 102.9933 103.7260 105.1990 104.0000 105.3126 104.3848 105.7671 106.0260 105.9287 106.0092 105.2356 105.2131 106.2588 106.7124 108.3643 110.3481 106.0990 111.7448 114.9491 111.9987 115.3733 111.0551 115.0530 115.9334 115.6057 116.9993 116.4180 115.9685 115.5528 115.2600
103.3100 103.7168 103.1815 102.1869 101.8301 101.5658 101.6047 101.5963 101.7636 101.8227 101.8053 102.2160 103.5959 104.1154 104.0423 105.3011 105.1334 105.9757 105.6226 106.0480 105.7388 105.3924 111.4106 108.6701 106.9333 111.4994 113.3574 114.3469 109.4760 109.1920 113.2405 113.5303 115.5972 115.5511 115.1978 115.6043 116.3320 116.2839 116.0265 115.8800
102.3600 102.4174 101.6238 101.5508 101.0794 100.5787 100.7534 100.7387 100.8712 101.0496 101.0525 101.6356 101.6449 104.0176 103.0908 104.9809 103.6621 104.0838 104.5218 106.1259 106.0025 104.6108 106.9581 107.3733 112.1422 109.5052 109.5530 109.1164 108.9968 108.7490 111.6459 110.3405 114.0526 114.3895 114.9956 113.3622 112.4196 111.7339 111.6639 111.8500
102.4800 101.4974 100.9373 100.5825 100.0943 99.3835 99.9159 100.0141 99.7761 99.8079 100.2804 100.7260 101.0002 101.2580 102.1214 103.4538 104.8030 103.7307 104.5729 105.8940 105.8180 105.6444 105.2844 107.1750 107.7403 107.5212 107.6329 108.1960 108.5841 108.3823 109.2123 108.5042 112.9732 114.3958 115.5190 113.1606 112.0190 110.9676 110.0223 112.0700
100.5800 100.6643 100.0370 99.8945 99.2165 98.4336 98.6033 98.5538 98.3285 99.3096 99.4565 99.9567 100.4670 100.9698 101.7807 102.0853 103.6366 104.8711 104.9719 104.6636 106.5695 105.1766 106.6112 107.3096 107.3033 107.0877 108.2532 108.0426 108.4704 108.2337 108.9971 109.7570 110.9670 109.7987 115.9397 110.0931 112.6556 108.8229 114.4811 112.1900
100.4000 99.9246 99.4786 98.8008 97.7814 96.6511 96.3262 96.3769 96.7783 97.8622 98.4269 98.5620 99.2915 100.3524 100.9841 101.0777 102.4109 103.4795 104.7674 105.4237 105.6724 106.8395 106.6311 107.4124 106.1877 106.8767 108.0036 108.2295 108.6218 108.6182 108.6791 108.0289 111.8338 114.5359 109.6518 112.3693 117.5680 115.4071 112.1196 110.5400
99.3700 98.9504 98.5843 97.4463 96.8467 94.7188 94.4803 94.3035 95.2951 96.0626 96.1726 97.6562 98.5214 99.3241 100.1895 100.5152 101.7986 103.2611 104.1740 104.6728 106.0637 106.2605 106.8281 107.3183 107.2138 106.9166 107.8804 107.2880 108.6050 109.8710 108.4439 110.5472 114.5634 114.2778 110.1401 111.7841 116.6926 115.8113 113.4311 113.7400
99.2600 98.4907 97.5136 95.9829 95.3843 92.9543 91.2052 91.4007 93.0926 93.5439 95.7290 97.6387 97.8527 98.8074 99.4879 99.9297 101.5691 102.3890 103.0719 103.7772 104.9853 106.4373 105.9795 107.2475 107.4052 107.2150 106.8347 107.9728 109.2315 112.8139 109.0818 109.3491 108.4349 108.6309 110.0372 111.9714 115.8111 116.1849 117.0314 113.7900
98.2000 97.6685 96.1420 94.0999 92.0592 89.3150 88.6816 88.3554 88.3361 90.6940 94.7264 95.1933 96.3200 97.7100 98.6491 99.2897 101.4977 102.2694 102.8289 105.0212 105.1901 106.2870 105.6016 106.8209 107.3764 107.4524 107.4780 108.3399 109.9719 109.7039 108.8503 108.4111 108.6879 108.4139 108.6158 110.3863 113.2853 112.8058 112.1177 110.0000
97.7800 97.3750 95.0864 92.1142 89.8247 86.1652 82.2913 80.5738 82.5994 88.1538 91.5008 93.7953 95.3726 97.1065 98.3245 99.0602 100.9919 101.8493 102.5683 105.2830 105.2577 105.9839 104.7756 106.9332 107.3616 107.7721 107.7590 109.9499 110.6624 109.3870 108.8602 109.2667 111.0373 107.4879 108.9817 109.0260 110.2915 111.4655 110.0066 108.2300
97.4000 96.9031 93.8113 91.0819 87.6754 81.9073 71.3144 70.0943 75.6906 83.6711 87.7657 91.3877 93.9447 95.3924 97.9882 99.1988 100.7231 101.7665 102.4693 103.6956 104.5766 105.1679 104.7745 106.3173 107.3339 107.4616 107.8894 107.1376 107.1068 107.8989 108.4763 107.7461 109.9622 108.4714 110.6731 113.9313 112.2064 111.5493 112.4442 108.2300
97.8100 96.0929 93.3087 90.1124 84.6225 77.4073 66.8782 62.4538 67.8110 79.8200 87.2430 91.0741 93.3468 95.9262 97.3333 99.4127 100.5334 101.4093 102.3751 104.2002 105.1796 105.2346 105.7100 106.9446 106.8393 107.0612 107.7838 108.0263 107.4001 108.4890 107.6417 108.1386 109.4452 111.0861 106.5007 103.5242 112.9888 112.8510 114.7906 115.9200
97.8300 96.1120 93.4026 89.8342 84.3297 77.0245 67.4741 61.9091 66.5619 79.9427 87.7941 91.3172 93.5962 96.4116 97.1525 99.4633 100.3403 101.3027 102.2724 104.8352 105.8240 104.9035 106.4177 107.2896 106.7005 107.1549 108.1183 108.0722 106.6810 107.5830 108.7909 108.9368 109.8687 111.7075 113.2627 118.7791 110.4680 116.1779 114.7124 112.9700
98.1300 96.2627 94.1402 91.0506 86.5367 80.3387 74.1334 72.0671 77.0947 83.2732 87.5768 92.0527 93.8721 95.7205 97.1548 99.6889 100.7527 101.7364 102.2336 104.9190 105.8518 105.6009 105.2684 105.9473 106.7388 107.2437 105.7069 105.9907 110.3786 111.8967 113.9341 110.0429 112.3367 110.9598 113.1490 114.6129 111.1259 112.7771 107.9093 108.5300
98.0700 96.8937 95.4871 92.2028 89.3126 84.4628 80.2657 79.4692 83.1504 85.7618 90.2784 92.7465 95.1701 97.3905 98.3377 99.5790 101.2529 101.9090 102.5340 105.1911 105.9906 104.4780 105.1746 106.0205 106.0967 106.1297 106.6532 107.2773 108.5941 111.7473 108.6478 110.7388 113.2895 113.1506 111.7577 109.7793 110.2305 110.3224 109.8977 109.7900
98.4900 97.7102 95.7535 93.5118 91.2537 88.7049 85.9388 85.5871 87.6213 89.7803 91.9271 94.6989 96.6939 98.1228 98.4509 100.6207 101.2450 102.0135 102.8544 104.4719 105.3899 105.2506 105.1230 106.8346 106.0398 106.9758 107.6027 108.0062 108.4160 108.3885 108.9455 111.8801 113.3984 112.4812 113.5283 112.5308 110.5786 110.1118 110.9282 109.7900
99.6000 98.5331 97.3140 95.8058 93.8227 91.9637 90.8181 90.6847 90.6791 93.4188 94.3472 96.1952 97.6793 98.8084 99.8846 100.9608 101.6908 102.4307 103.1150 105.7502 105.3131 105.0356 107.2939 106.9590 106.2954 107.6596 107.1658 107.0851 107.5670 108.5516 109.1880 108.5723 108.3666 109.1184 108.9524 109.1437 113.4126 111.8144 111.6024 114.9000
100.0800 99.6964 98.5541 96.3182 95.6380 95.3705 94.2973 94.0549 94.8134 95.6274 96.0700 97.3502 98.9298 99.6142 100.2010 101.1559 102.1873 102.9040 104.1452 105.9780 105.1178 105.5725 105.9484 105.3695 107.6545 108.5265 106.7861 107.9799 107.4363 107.6436 107.7527 109.0332 108.8055 109.3679 109.7987 111.3907 114.3963 113.4085 108.2511 113.7400
100.9400 100.5133 99.5781 97.9204 96.4898 96.5246 96.8108 96.8235 96.6151 96.8756 97.3172 98.7882 99.5652 100.5240 101.0556 101.8905 102.5109 103.0852 104.9916 105.4002 106.3551 105.8048 106.5466 105.3859 106.9764 110.9599 108.3001 107.9059 106.2561 110.0805 111.1376 109.3665 111.5682 108.3994 109.3745 111.5719 111.6788 112.9766 109.6039 110.9400
101.8400 100.9015 100.2757 99.5719 99.0948 97.3303 97.7111 97.7143 98.2958 98.1040 98.1914 99.7113 100.6528 101.0107 101.8589 102.2801 102.9342 103.5017 104.7807 105.2431 105.6485 105.4252 106.5194 106.7913 107.8644 111.7869 110.0408 112.4524 108.7421 108.7358 113.5660 113.6086 114.4356 114.8151 109.4591 109.3018 110.3920 109.4783 111.0235 111.1100
102.6200 101.6501 101.1140 100.9298 100.4660 99.5019 99.2224 99.2937 99.7708 99.4297 100.2200 100.8873 101.5945 101.7296 102.2829 102.8538 103.2876 103.8027 104.6324 105.0363 105.4090 105.9758 107.6722 107.7073 107.4067 109.7796 108.6724 113.9761 110.9262 107.1385 110.4384 115.8751 108.1812 113.0486 114.8209 112.1391 110.3802 112.1021 115.2832 116.8400
102.6200 102.4573 101.9430 101.6636 101.5690 101.0084 100.7655 100.5808 100.8266 100.9677 101.3553 101.6776 102.1287 102.5039 102.6145 104.9830 104.0763 105.0935 105.7508 105.6385 105.6408 105.9492 106.1880 107.2560 107.4658 107.5156 108.4327 110.1950 110.1559 109.4804 115.6325 113.9472 117.2031 118.1570 116.9554 116.9527 114.1362 113.6082 109.0205 109.7100
104.2200 102.9863 102.9019 102.2777 102.3329 101.5798 101.4879 101.4434 101.3173 101.9171 102.0796 102.3960 102.8324 102.9846 104.6499 105.8800 104.8522 106.2909 104.5310 106.4732 105.9822 106.6546 107.4823 107.7757 108.0116 107.4169 108.3051 108.1146 109.0905 108.4063 114.4208 109.9672 112.9815 113.1912 114.4832 112.8108 108.6528 109.1884 112.0682 114.3400
105.5600 103.3385 103.0267 104.2158 101.8460 102.8788 102.4248 102.2682 102.5447 102.8637 102.7184 103.1938 103.4648 103.3986 105.7487 105.8927 104.7304 106.5851 105.8817 105.5455 106.4879 106.5709 107.3809 108.1948 107.1234 108.6545 108.7168 108.2684 109.3515 105.8336 109.4019 112.0623 107.9779 112.8052 107.9378 108.9333 109.7643 109.5945 112.0575 108.2200
106.1700 106.1650 104.9027 104.7500 100.9023 103.9259 104.5699 104.8926 103.2908 103.3832 104.7259 103.6644 105.2970 104.7929 106.6878 106.2946 104.8815 107.0325 106.3908 107.4556 105.7566 109.1826 107.4517 107.8507 107.5833 107.4531 108.9702 109.2729 109.3415 108.9491 112.6209 108.2933 113.0397 108.5047 108.6571 109.1139 111.6036 111.4886 113.2955 113.1200
106.2900 106.0177 106.2621 105.2072 106.7701 105.2517 104.4803 103.9852 105.5680 105.9965 105.5005 105.9188 106.1039 105.6984 106.4617 106.0196 105.1170 107.0889 106.2823 107.0047 107.4412 111.6092 107.5177 108.6807 108.3347 108.3211 107.9019 108.9518 109.6011 113.4766 110.3115 107.3999 113.1923 111.2128 111.7652 111.2976 110.2495 111.5213 113.1840 110.6200
106.2900 105.5200 105.7200 104.7629 105.7673 105.1541 105.9731 106.0407 105.5227 101.8770 106.3194 106.5325 105.0052 106.6909 107.1247 105.6273 105.8976 106.3546 107.3150 108.0621 108.6819 109.7062 112.3311 113.5147 111.4696 109.8153 108.3633 109.1272 110.9653 109.4799 113.4513 110.8814 111.7711 112.3764 114.2355 109.1760 108.3058 109.1712 109.5330 111.2900
106.3100 106.3118 105.5732 105.6256 106.1791 105.5178 105.9273 106.3761 106.3289 107.5431 107.2669 105.8581 105.8065 106.3309 107.0622 106.2376 106.7440 106.1011 107.5920 107.4805 107.2304 107.5609 113.8974 113.2663 113.7087 114.3500 110.0256 109.1451 110.7180 112.1431 111.2300 112.5658 110.5059 111.2031 113.3344 110.1290 109.8896 108.5970 110.0655 114.4300
106.3100 107.3911 105.1500 106.1716 106.8447 106.2357 106.5170 106.5789 105.4409 106.8499 106.7715 106.5142 107.1120 106.7142 106.0844 106.2508 106.9264 107.4154 107.1458 110.0051 108.9151 109.2013 113.6526 113.9976 116.0462 113.1229 108.6742 109.6554 109.7725 111.7501 115.8498 109.1915 111.8755 108.6027 110.7251 108.0239 110.7588 109.3645 108.3023 114.4300
107.7600 107.0477 105.6442 107.8804 106.4119 107.0194 107.0004 106.5499 105.6492 106.2505 106.7840 106.4228 105.9440 107.5185 108.2205 107.1217 107.8411 106.9766 108.3083 109.6605 109.9806 110.6561 111.3095 110.1570 112.7952 108.4483 113.7590 112.1501 112.8121 112.4138 114.2438 112.1946 112.1268 111.1446 115.3839 110.7111 108.2041 110.0722 110.3028 109.5700
106.8000 106.6271 107.4966 108.0897 107.0468 106.4691 107.9096 107.4362 106.7978 105.9659 110.1601 107.8005 107.5641 108.3151 108.1288 107.9651 108.2387 109.1305 107.9500 107.6163 108.8968 111.0448 108.4759 111.8073 110.6654 112.4677 114.5688 117.7718 113.2919 114.6810 114.7160 114.8391 112.1747 112.4635 116.3672 117.0785 112.1535 108.9066 110.0890 109.5200
107.2300 107.2672 107.7117 107.5093 107.2724 107.2569 107.6317 106.6435 107.2929 106.3752 108.7395 107.6661 108.1192 108.1019 108.1433 108.4791 108.6236 110.5457 108.6575 108.6678 109.6822 111.6333 114.2235 111.1501 112.4745 115.1335 113.8102 112.5805 111.5982 114.0790 116.1708 116.5760 114.5055 115.7774 111.7670 111.5539 110.8415 115.1434 111.8850 115.9200
109.4400 107.8852 107.5563 107.5136 107.2869 107.6672 106.9440 107.5435 108.2868 108.4124 105.8159 109.7628 108.3459 108.6429 109.6993 108.3160 108.7156 108.8895 111.8204 109.4102 108.4094 111.0097 115.8107 115.6305 116.5485 111.5202 110.7474 114.6406 116.0853 115.9562 114.3441 112.4384 112.7142 113.8344 109.2587 112.5360 110.0848 111.3318 110.3598 110.4900
109.4400 108.9900 108.9900 107.8800 107.4800 107.5700 107.8100 107.8100 108.6300 108.8000 113.1700 114.4900 108.3000 108.7600 108.9800 108.5900 109.0700 108.8100 113.9500 114.5200 108.2100 108.2100 115.8600 116.4000 117.6900 117.6900 111.2400 117.0800 115.3700 116.3800 116.3800 109.9000 113.0600 108.2200 108.7300 110.9800 111.1800 110.9900 109.4800 109.4800
