108.1600 110.5000 111.1000 105.0000 103.8900 109.0000 108.6200 109.0400 104.5700 102.6100 100.9300 100.1300 98.6300 97.5500 96.1400 94.6200 92.7700 90.1900 87.7200 87.2700 90.5300 92.8100 94.6600 96.1700 97.4400 98.4700 100.5000 100.9500 100.7600 112.8500 110.5600 111.4100 107.5000 103.6100 102.7000 102.9600 105.5800 107.0500 110.4600 112.5000
109.5800 107.0558 109.6063 104.4872 106.9414 105.7505 107.1901 107.1535 106.1202 99.9317 100.8911 99.6263 98.6602 96.8647 94.6507 92.1800 89.1906 86.8069 84.8259 83.9805 86.0439 88.9943 92.0235 94.5639 96.5909 98.1878 99.6571 100.6238 100.5593 103.0521 112.7874 113.6800 107.9568 104.6619 102.9196 103.0270 105.1933 104.9946 108.6640 112.4200
107.9200 109.1957 106.1932 107.7313 107.3613 108.2265 109.1309 106.8807 103.6594 102.1425 100.4174 99.3490 97.9575 96.2464 93.4853 90.1473 85.8525 82.7963 77.2537 76.5510 81.1800 85.7555 89.9195 93.2672 95.7644 97.6363 99.0812 100.3727 100.0516 101.3380 110.4582 114.2346 109.0628 105.0458 103.1210 102.8059 104.7474 106.8323 108.0591 110.1300
106.9700 107.7091 105.8925 106.6872 106.2586 107.0197 110.8245 107.1233 103.4574 101.1833 100.2752 99.2487 97.5461 95.8819 93.6268 88.7425 83.5595 75.9459 68.7602 68.6809 75.3725 83.2897 88.3440 92.3269 95.2028 97.2765 98.8607 100.1431 100.4955 100.6279 109.2094 114.4581 109.8225 105.2920 103.2607 102.6754 104.5459 106.7020 109.1403 110.0300
112.6200 107.8425 108.4544 109.4779 108.4211 104.6102 106.0317 102.1127 107.8802 101.3911 100.5488 99.0021 97.1504 95.4295 92.2033 88.6651 82.7183 73.4056 65.7240 65.4966 72.8102 82.4650 87.8136 92.0223 95.0184 97.1688 98.7782 100.0557 100.6637 100.4272 108.7723 114.5170 110.0871 105.3627 103.3128 102.6356 104.5568 106.5995 108.9651 109.9800
112.6200 106.2729 105.4960 108.1635 106.2961 106.0009 101.3253 103.4894 105.6103 101.0157 100.4101 99.2556 97.5118 95.8606 92.8368 89.1276 83.6931 76.4897 69.8891 69.7953 76.1010 83.5982 88.5189 92.4306 95.2613 97.3173 98.8770 100.1677 100.5113 100.6522 109.2487 114.5175 109.8665 105.2669 103.2435 102.6772 104.6192 106.6874 109.0733 109.9700
106.1300 106.8158 106.9564 104.7236 104.9006 105.4250 103.5645 102.3873 104.2932 101.6982 100.5377 99.8290 98.2623 96.3859 94.3669 90.9603 87.4021 82.3073 77.9185 77.7486 81.9551 86.1043 90.4144 93.4105 95.8721 97.6992 99.1320 100.4429 100.1015 101.4539 110.6283 114.3299 108.9235 105.0051 103.0977 102.8168 104.7962 106.8754 109.2644 112.0900
106.7800 105.2541 106.1062 106.2604 105.8265 105.7953 105.5193 102.6963 103.2851 99.2560 101.0384 100.2202 99.0184 97.5797 96.1943 93.1613 90.9430 86.8682 84.8453 84.8387 86.6700 89.6769 93.0719 94.9211 96.7365 98.2906 99.5017 100.6669 99.7273 103.0294 112.7844 113.6270 107.7394 104.5977 102.8946 103.0942 105.0738 107.1859 109.6022 112.2400
112.0200 111.3844 108.3492 106.0342 106.6001 106.1273 105.6210 104.0282 103.1755 102.3421 101.2721 100.6153 99.7416 98.6538 97.5308 95.0074 92.6091 90.8457 89.6901 89.5777 90.8373 93.0150 94.6923 96.8879 97.7102 98.9735 99.9166 100.5472 100.0318 105.8677 114.5329 112.1443 106.6031 104.1008 102.6970 103.5014 105.4612 107.6134 110.0817 112.4400
107.5600 108.6167 107.3928 107.1853 103.7305 105.9005 105.3376 104.1397 104.9705 103.4276 101.7399 100.9331 100.0188 99.4661 98.5406 97.3510 95.4221 94.0071 93.3447 93.2724 94.1301 95.3909 96.4699 97.9633 98.8317 99.6494 101.1631 100.3204 102.6237 109.9828 114.7950 109.8955 105.5812 103.5550 102.6424 104.0286 105.9818 108.1754 110.7121 112.7000
107.7800 107.4312 107.3789 106.0518 106.5481 105.3271 107.7609 105.4684 104.3118 104.1613 102.0984 101.4485 100.6871 99.9449 99.1278 98.2050 97.1787 96.3432 96.2213 96.1354 96.5264 97.1447 97.9505 98.8477 99.7590 100.3279 101.0647 101.2522 106.4080 113.0392 114.1398 107.6775 104.6213 102.9819 102.9146 104.6652 106.6417 108.8784 111.5149 113.0200
112.6500 112.5396 108.6884 105.2708 105.5525 105.0871 102.9652 102.0931 101.5985 104.4257 99.2120 102.5289 101.3731 100.8893 100.1715 99.4598 98.8311 98.9072 98.1039 98.0063 98.8005 98.7028 99.4646 99.9643 100.4604 101.4849 102.7940 104.5439 110.2710 114.0723 110.7773 106.2401 104.1098 102.5997 103.5983 105.3907 107.3965 109.7427 112.4952 113.3400
113.2000 113.5079 107.7273 105.6340 109.7096 106.6128 106.6906 106.5034 99.5084 101.1777 102.2948 104.5523 102.3891 101.6000 101.0884 100.7774 100.0400 98.8460 100.0070 99.7293 100.1755 100.2191 100.6303 100.9884 101.9429 102.7902 104.2177 103.9610 103.3850 103.6852 115.1076 107.4904 103.4424 103.0361 104.5899 106.2830 108.4350 111.0133 113.8282 116.5300
114.5000 113.3514 105.7442 106.1396 106.1138 106.0417 105.0320 106.2229 102.9986 101.2403 104.5715 105.4031 106.4035 108.4162 105.5158 100.7671 100.6601 95.0510 93.1549 98.9616 100.9412 100.8705 101.3515 102.2295 101.8683 105.4630 108.0696 105.3429 105.1643 112.7000 109.2509 105.7270 103.7926 104.5940 105.9303 107.3092 109.6607 110.3201 113.9303 112.5200
114.5300 109.8857 108.4323 107.8200 104.0275 104.9643 105.5555 103.4074 105.9704 100.1763 101.5788 98.5166 101.8493 105.8531 103.6625 107.3502 101.5758 103.7068 95.0369 95.7640 102.5960 103.5256 103.6833 107.2298 109.2689 105.9888 110.5570 107.9926 109.8862 110.1773 104.7984 105.8011 103.4258 105.1483 105.9592 107.7041 110.3046 108.0311 111.2191 112.3500
108.2500 110.0202 112.9243 110.5474 106.1462 108.6922 104.2922 103.4759 104.5317 105.0345 104.5386 105.2190 107.2999 105.2549 106.8594 101.4097 101.7761 100.1094 100.3147 105.0763 105.2941 104.4921 104.2553 104.5348 103.0062 108.0366 108.7728 107.7562 110.6056 109.6176 107.9108 108.0765 108.6651 110.4374 116.1148 111.0542 115.6433 116.5546 116.2263 112.3500
114.5600 114.0591 111.3618 112.1344 107.1297 107.6910 104.9486 106.5138 104.1469 103.2771 99.7255 106.5356 104.1395 110.2048 105.2938 101.6468 101.6548 98.8454 102.2821 104.1522 103.6344 104.7092 105.9375 106.3928 104.5303 111.0879 106.0529 110.5825 111.2769 113.3568 110.7517 106.4678 112.8632 113.2948 111.5302 114.3498 116.7165 118.9992 120.2239 116.5000
109.4500 110.3950 108.3174 108.6940 106.7490 107.2657 106.4876 108.4687 111.9518 105.7648 103.5199 108.9843 105.5015 107.3399 106.2114 106.0995 103.3937 100.1678 99.8019 104.1345 104.3319 108.6104 106.3613 105.9599 106.6873 110.7709 107.8332 107.8177 110.1537 107.8951 106.8263 107.7262 113.8410 111.3445 111.7154 113.8048 117.2041 112.8295 113.5567 111.7000
109.8400 109.6189 109.4419 108.6615 108.9884 108.5845 107.1701 108.9233 111.6462 105.8089 105.6073 106.6414 106.3805 105.7062 105.4753 105.3437 105.7581 104.9226 103.0445 103.7938 106.1235 105.1344 103.2071 103.6956 105.9118 105.1818 109.4235 102.7342 106.4233 104.9323 104.4278 107.6542 113.6213 114.9515 116.6026 109.9565 115.4329 109.6990 111.8085 115.5100
107.4500 106.7941 111.8671 114.5627 109.5838 108.0622 107.5248 106.9737 106.4446 105.4373 106.1081 107.9470 105.8910 105.7649 106.1478 108.0947 106.1719 106.8132 106.0261 105.5355 106.0010 105.6421 106.6054 107.0184 105.3601 106.5133 110.5050 109.8872 106.0728 110.5313 107.1823 104.9057 108.4019 108.0526 107.7997 110.3229 107.6841 115.6848 110.1229 112.0200
111.1900 109.9484 106.4471 108.3221 108.7983 106.9226 108.7319 111.5597 108.8398 103.8472 109.5957 111.9722 104.5997 107.3149 105.2120 108.3704 106.7754 104.4659 106.5876 107.0854 106.8568 106.1585 104.5696 104.8977 107.8242 106.6495 113.0713 107.4647 113.2260 107.3097 111.5379 112.9206 108.0365 108.0599 110.5845 102.6634 108.4153 102.8195 106.6248 110.5200
108.6300 108.2722 110.0686 108.1119 107.6901 108.0952 106.5292 111.4587 112.8625 107.6488 106.9255 105.3602 105.8543 107.0534 105.4023 105.9469 106.3157 104.1382 107.1114 106.7325 104.8927 106.2927 106.7003 107.3613 109.9823 115.0239 114.5040 110.7587 112.2330 111.6393 114.5811 107.9590 108.7860 110.5228 106.3002 103.9089 103.4165 103.3993 116.1107 111.7200
110.7500 111.2867 107.7232 106.8575 108.9970 108.4759 109.6273 113.7169 112.2896 108.5250 108.2215 105.1627 107.6451 106.5399 107.3367 107.6471 107.3443 107.6465 107.1837 106.8422 106.4077 106.9783 104.9992 105.5449 106.5125 104.1883 110.1012 112.9602 115.1315 115.2757 115.3616 112.3896 110.0468 102.2957 107.9874 101.8872 103.3423 109.9828 114.1755 114.7700
110.0500 103.0466 105.0258 104.5460 108.9837 110.1069 114.7670 116.4254 114.0486 114.8737 113.8087 108.4180 107.7464 107.3788 107.8838 107.5160 107.0283 106.9501 108.0336 106.7568 108.5228 107.6813 106.9094 108.7736 109.9706 108.2608 109.3126 115.2698 110.3758 112.4601 113.3983 111.0989 103.1537 101.2781 101.6961 103.4279 105.3216 108.4948 109.0417 114.3100
106.6800 106.2728 107.7670 107.9926 107.7027 108.0589 109.1353 112.0300 114.7586 116.7201 111.7139 107.7928 109.4337 107.9229 110.1735 107.8960 108.0758 108.1971 107.4847 106.9334 109.3800 107.5715 113.3071 108.5039 116.0954 113.2115 113.7113 116.5130 116.1480 109.4906 107.6773 108.0371 110.2599 106.8632 103.4986 109.5794 106.3403 112.2262 108.9346 114.8400
107.9600 107.4823 108.8234 107.8079 109.2932 108.8895 108.2223 115.4645 114.3168 110.2971 109.9041 108.0090 112.0510 112.3312 114.0968 108.2084 108.6506 108.7010 108.2930 107.5449 112.9633 107.5521 113.1498 107.8962 116.1995 115.5200 114.0095 108.6489 109.0359 112.4188 113.6210 111.8770 114.4881 108.5959 119.1310 115.6418 109.0466 111.2818 113.0795 113.2400
107.9600 108.3730 109.4469 108.6379 110.7570 114.3335 110.1508 109.7279 115.6054 115.5829 112.1889 104.2073 112.2462 110.6469 112.4411 109.4136 110.3597 109.8909 110.5015 112.8520 113.9971 108.1729 115.4328 107.7856 110.2632 111.4659 116.7515 112.0959 111.0764 108.8139 113.4866 111.1656 112.5953 113.9555 111.3074 113.2948 110.7764 111.9918 112.1660 113.2400
109.7800 108.2535 108.5153 109.5824 112.5105 110.2947 110.7860 109.8988 117.4652 114.5580 115.5368 108.8641 111.1195 110.4895 106.9459 103.0829 105.5297 106.2839 105.6249 107.5123 110.0072 110.1909 104.5035 113.7761 108.4824 104.8554 105.2485 111.9096 108.7011 111.0883 114.6046 114.8359 113.0196 111.1085 109.1679 114.8712 114.7073 111.8983 108.9285 109.6700
108.3500 108.4359 111.9319 108.2665 112.0130 111.2796 109.9618 109.1272 111.2361 114.0656 114.2855 109.6961 108.8795 106.9859 106.9236 104.4580 107.2876 104.5125 104.3546 107.8816 108.0704 105.0611 104.8046 114.5241 109.7442 106.6301 112.2428 115.6104 111.5463 115.0697 113.2730 108.1268 110.5789 113.9188 114.4328 112.1237 108.8331 114.2781 108.1618 110.9200
111.8500 114.0365 106.9041 109.9281 113.0499 109.4652 111.4925 117.2130 112.9597 114.3557 111.7359 113.3543 110.0660 109.9589 107.8750 105.1514 112.2530 105.5215 105.3161 107.6468 112.9765 111.2330 112.2960 111.5976 108.8684 108.5381 108.1461 114.2781 110.6669 113.3120 116.0723 110.5709 111.7482 109.1713 112.3263 116.1532 108.8758 112.9480 109.2308 112.2300
111.7000 116.9776 114.4991 107.8958 113.0807 107.7176 107.9254 110.8107 107.8644 110.1623 112.5981 111.0771 110.1363 110.8072 109.2877 107.2970 110.2093 106.1100 107.5410 110.2056 107.9327 109.6963 110.1684 109.7403 109.1955 111.2513 109.4603 114.0937 111.5445 112.5141 111.9816 107.3426 108.7410 107.5198 113.1907 113.8514 109.7531 110.2630 111.5736 116.4300
111.1900 111.6576 114.1622 113.5003 115.6822 108.2182 109.8090 112.2110 110.8378 111.8043 112.2401 113.8255 105.7748 109.3543 108.2109 110.7441 108.4605 106.7778 108.6355 111.0867 107.5929 112.6404 108.9701 112.9542 109.9774 110.1594 109.0300 110.2605 114.6360 114.2554 111.8951 108.0355 107.3877 107.2787 112.1432 115.2417 116.0251 111.3787 116.2022 114.9500
112.6900 112.1917 111.5705 111.6636 113.0582 110.4807 115.8987 110.7313 108.1627 111.7660 113.1251 114.8816 106.1729 113.5056 109.6010 106.7544 109.8083 106.6332 112.5837 111.2119 109.2021 111.5706 112.2839 110.0556 109.1767 109.3382 109.3664 112.9481 113.6533 113.0222 110.6067 109.9566 109.1806 109.7944 112.7736 113.1744 108.4004 108.4704 111.4940 112.0000
112.9800 111.8072 112.9350 112.9677 116.0081 117.8032 115.4007 111.8122 112.8242 112.8179 114.1060 107.0549 107.4409 111.6041 108.4827 107.6744 107.6662 107.7772 114.5136 111.7315 110.8109 113.5200 113.1457 111.5905 109.2254 108.6513 106.9136 106.5598 112.8369 113.2482 112.2788 112.4020 109.6462 113.0154 111.6068 109.8519 110.1873 112.6063 110.7377 110.5000
113.5500 113.8896 113.8754 115.6369 114.2847 115.2777 116.0287 112.0269 112.7967 117.7153 113.2839 108.7931 109.4385 108.8009 112.4878 108.3952 108.4846 107.6169 113.8638 114.4016 111.6209 116.4837 114.7361 115.5750 110.3511 110.2748 108.1432 107.5280 115.9901 118.1584 111.4033 111.1347 110.4062 109.8043 110.5362 111.6908 109.5187 115.1534 113.7226 113.6200
114.7500 113.7776 118.7288 114.1063 112.9540 113.1425 116.4607 114.6689 115.1409 119.0272 111.1148 110.7466 109.4440 108.4312 111.9029 111.7927 110.2517 108.7761 114.1289 113.3212 116.2532 116.5842 113.0690 109.5684 107.7597 110.1254 108.7776 108.3632 108.7976 116.3074 110.5375 111.7055 109.5803 110.1563 112.1188 109.6976 110.3447 110.6369 111.2348 112.6900
115.7400 116.0375 115.2979 113.6028 113.1352 116.8734 113.5647 115.6879 117.0745 116.8366 110.9730 109.2751 109.8353 110.4252 115.2294 110.1554 109.5773 110.7512 113.4625 112.4623 115.5443 114.8297 112.5335 110.6677 109.0456 110.2606 110.8852 109.8946 110.0153 117.4760 109.4030 111.0421 109.8975 110.3916 112.1670 111.9280 113.2675 111.9786 112.3131 112.6900
118.3500 116.6621 116.5176 115.8271 113.7948 119.3748 114.3403 119.5349 114.7225 111.3984 114.9068 110.9200 111.1421 114.2368 112.2732 112.4858 112.1948 110.3694 114.1412 117.6700 116.9029 116.3768 113.1036 111.7355 109.2433 110.0916 111.0748 111.0956 111.0497 112.5280 113.4501 111.5210 112.1117 114.2358 112.7901 113.5490 115.0167 114.3602 113.4641 110.6000
118.3500 117.8819 116.4976 116.4676 114.3445 115.6445 112.6548 120.2627 114.8448 113.6196 115.0256 113.4715 111.0505 114.2277 114.5803 110.1032 114.1162 110.4625 113.5547 114.1108 118.5960 117.8998 117.0755 114.8081 111.1651 112.1595 112.7004 112.3774 112.4075 111.2517 112.9004 111.7879 112.1742 112.8652 112.5643 113.9554 117.2374 114.3826 111.4009 110.7300
118.6300 115.3000 115.3000 116.1800 115.9100 113.2900 113.2900 122.0500 116.9200 114.3500 116.6800 114.7100 111.3400 111.0200 111.2200 111.7300 111.3600 111.0600 113.0500 113.0200 117.9200 110.9000 117.7000 114.6900 112.4700 113.5500 113.0400 111.8600 113.2400 112.7600 112.6900 113.0700 112.5400 113.9700 115.1400 114.1900 114.1900 110.1800 109.4200 116.0800
