109.7400 112.3500 111.3900 110.8300 107.6300 115.2600 114.2400 114.0000 113.2500 108.6100 109.0200 110.8700 114.9400 113.4400 108.7700 108.4400 108.2100 107.6600 107.6600 108.2900 108.2900 110.3100 110.5000 107.9100 111.6700 111.3800 107.1200 109.3900 110.1800 111.0200 111.7700 111.6900 112.5800 113.7900 114.6100 114.5700 116.3100 116.3100 116.8500 116.3100
109.7300 109.8838 110.0408 109.0232 112.1375 114.8572 112.2095 112.9962 112.3447 110.6595 108.5205 109.2406 113.3870 113.2748 108.5968 107.7957 107.6137 107.2994 107.1067 106.9379 108.1816 107.4124 109.3545 107.2522 117.2505 109.4420 109.0372 108.7957 109.3437 109.8046 110.3861 110.9979 111.7955 112.6064 113.3493 114.3480 114.5928 113.8664 116.7954 117.3600
110.4100 109.8831 109.3577 112.9364 109.6122 112.4474 112.4443 108.2377 110.8071 109.1753 108.6972 108.7478 111.1358 113.7219 110.8792 107.2823 106.9712 107.2254 107.2086 106.2263 107.8984 106.2025 108.3662 107.9835 108.6454 109.3421 109.4745 107.7597 108.2220 108.7485 109.2778 109.8349 110.5956 111.3258 112.1572 112.8345 114.0789 113.4933 115.6582 116.3300
114.4900 109.1224 109.3250 109.8672 108.4810 113.1926 113.5260 109.5866 108.8499 110.0111 107.4478 107.1412 108.7568 112.1961 108.2247 106.7246 106.7318 106.6886 106.7204 106.7886 107.2911 106.1726 106.5026 107.0442 107.5554 110.6506 106.3251 106.6729 107.2167 107.6832 108.1988 108.7563 109.3913 110.1628 110.9935 111.6566 112.5553 113.8644 114.6005 116.3300
109.4900 109.5250 109.3543 109.4224 108.0622 111.6985 109.7610 108.7721 108.6168 108.9518 108.5039 108.2173 108.1620 106.0378 108.0923 106.5748 106.8967 106.9246 106.4404 106.2352 106.8255 110.0088 107.0178 106.3749 106.4424 106.0181 106.2203 106.2650 106.7934 108.0669 107.0911 107.5119 108.4329 109.0560 109.7799 110.7816 111.6490 112.5422 113.8342 114.3300
109.0400 108.5724 109.3661 109.2792 107.9305 108.7981 110.7880 107.6518 107.2154 108.0412 107.7407 107.2320 106.9238 107.8670 107.3359 107.2745 107.0471 107.4534 106.2508 106.3268 107.2677 110.2091 109.4251 110.4217 110.4146 106.1708 106.5204 106.8263 106.1683 108.0782 110.0111 106.2205 107.5776 109.7686 108.7203 109.6735 110.4204 111.5614 112.6706 112.8700
114.0400 109.0398 109.2018 109.1904 108.6052 107.2674 107.7701 106.3098 109.7410 107.2399 106.7325 106.4661 107.9002 107.7186 108.8220 105.9690 105.5956 106.4337 106.0288 105.4108 107.2477 105.6279 107.7254 108.4895 111.0479 106.1190 106.9542 107.0202 106.8635 106.5514 113.0923 109.4275 110.9494 111.7854 112.4500 110.2806 109.8335 110.6546 111.4633 112.8700
114.0400 111.8780 108.6628 108.9702 108.7078 108.0802 106.8931 107.6875 107.8025 107.2197 106.5994 106.5802 106.4424 107.4275 106.3875 106.2949 106.4152 105.9863 106.5122 106.6161 106.9095 106.4206 104.9876 105.5735 108.3075 105.3164 105.8743 106.4827 106.1095 105.3039 113.4645 110.2585 110.7100 109.4439 108.3792 109.7704 108.6490 109.6171 110.5107 111.1500
109.1400 110.2541 108.6410 108.6876 108.2646 107.7418 107.1122 107.6662 106.5358 107.4487 107.0890 105.8341 106.8900 107.1826 106.4458 106.5902 106.4662 106.6321 105.0093 106.0828 106.4473 104.5169 105.5974 109.4557 106.6990 106.2925 106.7695 105.0108 106.8628 107.7584 106.1416 106.6418 106.9682 110.9912 106.4896 108.4036 107.9646 108.8462 109.7509 110.0100
109.0500 108.6093 108.1986 108.6534 108.3034 106.5690 107.4622 106.5758 107.5679 106.6639 107.1051 106.9112 106.6959 106.2393 106.3568 106.2088 105.9829 105.5998 105.2408 106.2990 106.3947 106.5560 104.3720 105.6043 105.4946 106.4866 106.0742 105.4695 110.8105 107.6582 106.8066 105.8099 106.5985 110.3619 106.6623 105.8507 107.5136 107.9970 108.9622 109.7000
108.6500 108.7357 108.6232 108.4413 108.0125 107.3500 106.6158 106.4165 106.4604 106.3475 106.0888 106.3214 105.5008 106.6137 104.7380 105.2559 105.2869 104.4009 105.6088 104.6673 105.9792 105.3339 106.8432 106.9039 104.3310 105.0089 106.3445 105.0860 106.6799 106.9750 106.2805 106.0601 106.3630 107.5846 108.1005 106.9416 106.4106 107.3333 108.2653 108.6500
108.2400 107.7993 108.1294 108.2688 107.7958 107.9235 106.6035 106.0343 107.0914 105.5001 106.2396 105.7510 105.0161 105.7779 104.7598 105.8656 105.1148 103.9860 104.9259 103.3839 104.0346 105.2359 105.5903 104.4266 104.0420 103.7054 104.6057 103.7485 105.8299 105.7581 107.2094 106.5567 106.8206 107.9629 107.9852 108.4711 106.7444 106.7241 107.3640 108.3500
113.4000 107.9653 106.8511 106.4419 107.0063 106.0161 106.2718 107.0646 106.1204 105.3123 106.5325 105.4974 105.4203 104.1868 104.5299 104.1114 103.1392 102.9409 103.1563 102.8723 102.8699 102.8828 104.8015 104.0412 104.4436 104.2608 104.9728 104.4343 105.1595 105.1339 106.3541 105.3954 107.1587 107.4858 107.8853 107.6144 106.7342 108.0163 106.6458 106.4300
107.3500 107.1024 106.9839 106.5447 106.6021 106.5711 106.8127 105.5820 106.9885 105.0036 105.5762 104.5577 104.9906 103.5352 102.9498 102.2914 102.4332 102.2606 102.2679 102.0853 102.0568 101.9654 102.5132 102.6308 102.9553 104.2331 104.5280 103.8515 105.0707 104.9676 105.9022 104.7365 106.1974 106.9240 107.1951 107.8454 107.4824 108.4665 108.0070 107.4700
107.0600 107.0276 106.2410 106.2601 106.4753 105.6400 106.6448 106.0760 106.3750 106.0247 104.2799 104.3105 102.5223 102.1651 101.3016 101.9603 101.6478 101.5398 101.2395 100.7439 101.1616 101.1908 101.5238 101.7647 102.3518 102.4938 104.5280 104.5250 104.5575 104.5212 106.3445 104.9811 106.0803 106.1186 106.1266 107.4250 107.5662 106.3578 106.8216 106.3200
106.9600 107.6085 106.6909 106.4535 106.5173 105.1134 106.6861 104.3909 105.9678 104.4129 103.2205 102.6116 102.0414 101.4357 100.6200 100.9347 100.5706 100.6158 100.1220 99.8302 99.9638 100.1816 100.8313 101.0342 101.3996 102.0124 102.3820 103.7724 103.3885 105.5327 105.3360 106.0296 105.9242 107.0656 106.4358 107.2092 107.5128 107.1541 107.0179 107.0400
106.8300 107.3506 107.0855 105.6459 106.7021 106.6586 106.1342 105.3192 105.0172 103.0364 102.5879 101.7680 101.2175 100.5032 100.1349 99.4449 99.5492 99.2119 99.4036 98.9175 98.5114 99.0197 100.0974 100.3245 100.9284 101.3470 101.8663 102.2923 103.3670 104.9014 104.8948 106.0612 105.1501 105.9752 107.2421 106.5916 106.5394 107.2760 106.9445 108.5900
107.8400 106.0988 106.7229 106.4660 106.3436 105.8758 105.6310 105.9362 104.0555 102.7684 101.9429 101.2483 100.5615 99.8605 99.1755 98.1599 97.6431 97.6241 97.3704 97.4189 97.3685 97.6955 98.7260 99.3007 99.8843 100.3926 101.3449 101.9012 102.4987 105.1062 105.2452 104.3982 105.8685 105.9942 105.5139 106.7039 106.9143 107.4433 107.3987 108.5900
106.3400 106.4143 106.0113 107.0299 106.8952 105.5316 106.2330 104.1317 103.0105 102.4406 101.6620 100.4892 99.1748 98.1986 98.1208 97.5458 96.2177 96.1882 94.8763 95.1601 95.8774 96.4404 97.2923 98.1455 98.9652 99.8817 100.9789 101.7699 102.1295 102.8139 105.7096 104.9755 106.0565 105.7332 105.8245 107.4574 107.7441 107.4450 106.9724 107.6500
106.8700 107.1745 106.0485 106.2052 106.8010 105.4849 104.4935 103.1306 102.6165 101.9252 101.0035 100.0178 99.3818 97.5412 96.3075 95.9646 94.4045 94.1711 92.1709 92.5458 92.8487 93.7161 95.5374 96.7171 97.4577 99.0473 100.1025 101.2631 101.8961 101.9663 103.4659 103.9527 105.5804 106.1020 106.7745 107.1490 106.4575 108.0161 108.7807 108.3500
106.3400 107.3430 106.3917 105.6677 105.0423 106.2985 104.2086 102.9656 102.3062 101.4312 100.6412 99.7985 98.1169 96.3633 96.0069 93.5059 92.2485 90.5396 88.9881 88.4355 89.6996 91.8914 94.7664 96.2163 97.4282 98.1884 99.6544 100.3501 101.0390 101.7244 103.5124 103.4567 105.4524 105.2060 106.0590 107.3171 107.6018 111.9607 109.9983 108.2100
105.2300 105.3221 106.0693 106.1787 105.9130 104.4321 104.3880 102.5324 102.1357 101.0552 100.1850 99.1281 97.1247 96.0021 94.0628 91.7288 88.8641 86.9561 84.7847 84.3605 85.9469 88.3206 91.7384 94.6308 96.1608 97.6815 99.5479 100.0737 101.1162 101.9267 102.6637 103.9912 105.8008 108.0333 107.4194 105.2287 105.8566 106.1995 107.7010 111.5900
107.4500 106.8248 107.3907 105.5200 104.8264 105.9827 104.3243 102.5820 101.7223 100.7109 99.6056 99.0595 96.5629 94.3942 92.7130 90.6891 87.2127 82.4835 78.0365 77.8224 81.7209 85.3338 89.2533 92.2189 94.7765 97.2511 98.6250 99.7708 100.9209 101.9874 102.7984 103.3352 104.1361 105.0273 105.7687 106.9445 106.9146 107.1155 107.1741 108.2600
107.7400 106.2512 105.7370 105.2181 104.0126 105.0635 102.9184 102.4606 101.1242 100.2229 99.6770 98.3748 96.5424 93.8829 91.7167 88.3539 84.9243 77.4048 73.7288 70.3656 76.7998 82.7235 87.4281 91.4599 94.3770 96.1094 98.1235 99.3356 100.9968 101.8346 102.6040 103.2501 105.8661 105.6611 105.6585 105.7061 106.1431 107.1461 109.6190 111.7800
106.3800 106.1132 105.6699 106.4557 105.5934 104.2402 103.4548 102.2255 100.8669 99.8452 99.7824 98.0511 95.9021 93.9944 90.8763 87.1298 81.3967 73.6332 66.3654 63.9717 69.3694 80.3980 86.1066 91.5082 94.2934 96.0047 98.0096 99.8800 100.9815 101.4645 102.3245 103.1365 105.2428 105.6821 104.3827 106.0306 106.7423 106.8633 107.0698 107.8600
107.6000 106.9231 106.2435 105.6621 105.9628 104.4912 103.3791 102.0781 101.0196 100.0866 100.1070 98.6091 95.7602 93.7693 90.5618 87.8195 84.2981 74.9102 66.8561 64.2858 71.0488 81.2881 86.2041 91.3751 94.9405 96.4989 98.0336 99.3963 101.1038 101.7276 102.3120 103.3803 105.7826 104.9690 105.6133 106.4307 106.9084 107.1925 107.3224 107.8800
107.4500 106.8083 106.4568 106.1919 105.5630 105.0689 104.1210 102.4389 101.5783 100.4508 99.9963 98.6150 96.3698 94.9160 92.0917 89.3981 85.8407 79.4434 73.0041 70.0717 77.6813 83.9788 88.8448 91.7365 95.1071 96.8407 97.6913 99.6503 100.8298 102.0607 102.5963 103.2813 103.6575 105.4317 105.7988 106.9117 106.1272 106.5908 107.0153 108.4500
107.8500 107.3374 107.3415 107.0931 105.5695 106.0139 102.8904 102.4710 101.8583 100.9374 99.9600 98.8716 97.3461 95.3725 93.2410 91.5442 88.1235 84.5009 81.9698 81.0991 83.8869 87.2965 90.8934 92.6334 94.9573 96.8205 98.8706 99.8529 101.1960 101.9912 102.7189 103.2172 104.8623 106.5376 104.9720 105.8899 106.2761 106.7636 107.2007 106.4000
107.6200 107.9721 106.7287 104.8678 105.2351 105.1443 104.9339 102.1178 102.3321 101.1465 100.5529 99.5377 98.2803 96.4356 94.6230 92.5949 89.2011 87.5438 86.8944 87.8352 88.1293 89.9452 92.1981 94.8010 95.8799 97.9369 99.5397 100.2589 101.4838 102.4761 102.7116 104.4991 104.3612 106.5580 105.7130 106.3432 106.6619 107.2373 106.9877 106.4100
108.1000 106.1665 106.3074 106.1726 106.7744 105.1236 105.5461 102.7486 102.4863 101.7217 101.1266 99.9585 99.0765 98.3502 97.3544 95.7280 93.7809 91.9946 91.6736 91.3514 91.7411 92.7186 94.3485 95.9487 96.9505 98.3373 100.0697 100.6487 101.8211 102.8846 103.1324 105.0299 105.5105 106.1411 106.4284 107.1132 106.0339 107.2727 106.2314 107.6200
108.2800 107.2343 105.6917 106.3838 106.4479 109.0273 105.5117 103.5770 102.7156 102.2856 101.4761 100.7176 99.6195 98.6987 98.8029 97.4728 95.3839 94.8423 95.1378 94.1318 94.3894 95.0849 96.6902 97.8177 98.8437 99.0224 100.8174 101.2947 102.0073 102.9399 103.5542 106.0402 106.3608 106.5098 106.8569 106.9908 106.5822 107.7752 106.5664 107.0800
107.2300 107.0986 107.3853 106.1516 105.8123 104.7236 105.7947 103.8102 103.3413 102.3102 101.5418 101.1398 100.3026 99.8072 99.4545 97.4899 97.4231 96.9248 96.5399 95.9741 96.5760 97.8187 98.5815 99.2718 99.9701 100.4655 100.9728 101.8213 102.5904 103.2497 104.4439 106.4152 105.9022 106.1516 105.4362 107.1184 107.5427 107.6304 106.0816 106.7600
108.2700 107.9744 106.9839 107.1231 106.2655 104.9482 106.5654 104.0543 103.5377 102.9260 102.5314 101.6527 101.1614 101.1287 100.2466 99.2362 98.9617 98.4567 98.1991 98.0160 98.4934 99.1827 99.5778 100.1410 100.5568 100.9659 101.6194 102.4530 102.6111 103.8658 105.9802 106.4130 105.7770 105.8680 106.5101 106.4040 107.4783 107.0514 108.8554 108.5800
108.2200 108.2222 106.3846 105.8890 105.5815 106.8628 106.6025 104.9938 104.4958 103.4803 102.8744 102.5654 101.9110 101.6809 101.0419 100.3508 99.9548 100.0234 99.8765 99.7061 99.9521 100.1039 100.5948 100.9072 101.0909 101.6455 102.3347 102.6592 105.0272 105.7299 106.0636 105.2071 105.3622 106.5178 106.4565 106.1862 107.8288 106.9766 106.6600 108.1800
108.4800 107.6602 107.8738 106.6615 107.0353 107.1990 106.5435 105.9915 105.6266 104.6258 103.4263 102.7874 102.5460 102.2295 102.0706 101.4002 101.1947 101.1130 101.0545 100.9139 100.9778 101.2836 101.5264 101.8949 102.2509 102.6789 102.7728 103.5534 104.7975 105.8746 106.1256 105.8093 105.5701 106.4281 107.1839 106.4789 108.0566 107.5465 108.1877 107.5300
107.4000 107.5299 107.8991 107.4236 107.1374 107.5824 106.4374 106.2734 105.4120 105.0494 104.9952 105.1811 103.6479 102.5628 102.6556 102.3084 102.1639 101.9102 101.8281 101.8344 101.8714 102.0827 102.2419 102.2889 102.6831 102.8661 103.4839 104.9891 105.7581 106.2096 106.5065 106.8530 106.1423 107.0404 107.1577 107.0278 108.2547 108.4830 108.2913 108.9700
108.7500 108.4594 107.2973 107.9786 107.3642 106.5580 107.2034 106.9666 106.2538 106.1107 105.4975 105.0620 105.7530 103.2651 103.2667 102.8370 102.7096 102.7492 102.5025 102.3430 102.6911 102.8584 102.8626 102.8420 103.2361 103.6241 105.6426 106.4816 105.6013 105.6283 106.6253 106.6254 106.4568 106.4353 107.3728 108.1793 108.4106 107.9873 108.7109 108.7900
108.6100 108.3250 108.0419 107.8548 108.1515 107.5567 107.7468 107.1154 107.3087 105.9307 105.5586 105.8818 105.3000 104.1065 103.6841 103.6061 103.4882 103.2991 103.3993 103.3445 103.2911 103.3211 103.6929 103.8534 105.6211 106.1635 106.2685 105.4847 106.8054 110.3525 107.3766 106.8818 107.3198 108.2320 107.2168 107.3793 108.2019 107.7297 108.8280 108.2600
107.9700 108.6905 107.9285 107.7616 107.4280 107.2180 107.1834 108.0272 107.1043 106.8774 106.6263 106.3501 105.2225 105.0887 105.5265 104.1830 104.0169 104.1426 104.0018 104.0859 104.3695 104.7117 105.5600 105.7917 105.7582 104.7548 107.1052 105.7320 106.5135 107.4290 106.7997 106.1039 107.7910 108.3925 107.4605 107.7037 108.3018 108.1191 113.8061 109.0100
109.1000 109.1000 107.7900 107.7900 107.4200 107.9600 106.6900 106.5000 106.0300 106.0100 106.3900 105.8600 105.8600 104.6800 106.5000 106.7400 105.5700 105.5500 105.5400 106.3700 106.5200 106.4900 106.0900 106.0900 106.2100 105.1600 105.5600 105.5600 106.1300 105.7900 107.8400 105.3000 107.0200 108.0300 113.6900 108.8000 108.8000 108.0800 108.8900 107.5100
