111.3500 108.7700 108.0100 110.1800 111.0700 109.1500 111.0000 114.9700 115.4400 108.5200 108.5200 108.8100 109.2300 112.0000 113.8500 108.9300 111.4100 109.8300 109.8700 114.5800 114.5800 112.3200 112.3200 114.8600 115.1200 114.9000 107.9100 112.1700 113.2100 113.4900 114.4500 115.8000 116.0400 116.4700 115.9100 116.9000 117.2300 117.4400 117.4100 118.7300
111.4300 109.7246 112.6895 109.8793 109.4400 111.9397 116.3944 114.7527 116.2805 114.6083 110.1449 110.9367 108.6973 108.9630 111.9412 108.8238 108.5067 110.8370 109.5690 111.6944 112.4065 114.5382 111.0026 115.6284 113.7554 113.4678 110.7905 111.5229 112.0026 112.5553 113.6964 114.3397 114.9218 115.6166 115.6431 116.2767 116.2334 116.1826 118.4082 118.2300
108.7500 110.6066 110.7546 108.7174 110.1822 110.0624 112.2718 111.6651 110.4946 109.1087 108.9782 111.9987 108.1004 108.9386 109.6185 108.3030 108.1541 110.9070 110.5194 107.9641 108.4136 111.4739 112.4086 109.3315 114.4565 111.5405 109.7925 110.0773 113.3659 112.7064 111.7136 112.9801 113.6640 113.9541 114.0307 115.1904 116.5270 117.2788 118.0914 117.9600
108.2000 112.7667 108.8265 110.0281 107.7652 110.3159 107.4129 112.5142 109.9889 113.8721 110.1239 112.7642 110.7061 108.6347 108.0611 107.9039 108.2893 108.3379 109.5225 107.6283 107.2404 109.1801 109.7492 113.5276 108.2596 108.0462 107.6831 108.5050 112.5099 109.5904 112.7279 111.3480 112.0659 112.5987 113.3108 114.1576 115.6697 117.0046 117.4077 116.9700
110.0600 110.0276 108.7817 108.6840 108.8268 107.5883 109.6932 108.9064 109.0058 111.2349 111.2725 109.4052 107.7622 108.1493 107.9554 107.8452 108.2834 107.9328 107.2458 107.6488 106.8893 108.4364 109.4248 115.1097 106.0221 108.3092 107.1283 107.2589 110.2474 112.9845 109.1833 110.3127 110.2911 110.7646 111.7494 114.1166 114.8936 115.5020 116.4382 116.9700
110.4900 109.8169 108.8380 111.8314 108.6146 109.9047 113.6496 109.8112 108.7932 108.9954 110.2080 110.6397 108.0248 108.1161 106.6790 106.8621 107.9259 107.8000 107.4216 107.3616 107.0638 111.7216 112.8008 113.9870 109.2934 106.5796 105.9419 105.8610 108.9519 112.4864 110.5970 115.3513 112.8685 115.5279 114.0367 116.8732 114.6548 114.2843 115.3087 115.1400
109.3200 108.1118 109.3884 107.8046 106.3274 108.6425 110.6141 107.7307 108.0776 108.2709 108.2832 106.4394 107.2280 107.4753 107.8304 106.3318 106.9111 106.8043 108.5577 106.5591 107.2714 109.2812 109.5231 110.7555 106.5090 106.6808 106.2590 105.8252 106.4862 112.9173 114.0291 112.8122 109.9983 112.0485 110.4703 114.7277 112.4711 112.6914 113.3151 115.1400
108.7100 108.1057 110.5820 108.6507 109.4566 108.8238 108.1277 107.7115 108.1709 110.3529 107.1912 106.8552 107.1165 107.7459 107.3271 106.2334 106.2661 105.8433 105.5171 106.5752 106.5971 106.3923 110.7355 110.5294 106.3279 106.7932 106.0455 106.6854 106.0418 110.9978 108.9604 110.2576 111.3608 113.5786 113.2747 109.5276 110.4810 111.5046 112.6067 114.1400
108.7100 108.8639 108.8178 106.9829 113.1007 107.2888 108.5949 113.1274 107.8435 106.3744 107.1102 107.9882 106.9161 107.7576 107.3394 107.2594 106.9189 105.8181 106.0708 106.8484 106.2052 107.2914 106.3543 110.0551 106.6010 106.2987 106.5234 110.4777 110.7618 108.0702 106.4052 106.3170 109.6477 110.5829 110.0345 108.8850 108.9380 110.3141 111.4884 111.7100
113.3100 109.2206 108.6779 108.3176 108.9806 108.4964 108.1136 107.9403 107.7130 106.2511 107.7488 107.5320 107.0633 106.5129 106.0302 106.0408 106.8072 105.4878 105.9895 104.8019 105.6604 105.1135 105.2883 105.9280 106.3208 106.1920 109.9923 108.0393 112.8299 107.0362 105.6696 105.6574 108.4972 110.4637 110.8498 111.8292 109.8943 108.8972 110.5677 110.8800
109.0400 108.2618 108.4189 108.6782 108.4843 108.6164 107.0414 107.6989 107.4367 107.9901 107.2873 106.7092 105.6393 105.8491 106.4654 105.5100 105.4469 107.5476 103.9748 105.7184 104.5729 104.3126 105.2379 105.1471 104.2751 107.4244 108.2165 107.7540 106.2595 106.2948 105.5297 105.1440 107.7156 111.9645 111.6023 107.6752 111.0713 108.3412 109.4624 110.4600
109.0600 108.2899 109.1172 108.3733 107.9304 108.0205 107.5207 106.8049 107.4503 107.7337 107.0215 106.5579 105.0682 105.3820 105.6486 105.6078 105.6259 108.2705 104.5187 105.6428 105.1016 107.2200 103.5484 103.8199 104.6817 107.7599 108.9234 104.6195 105.8235 105.7031 106.1351 107.1714 111.9858 105.9587 111.2062 107.9790 106.8165 107.1836 108.5174 109.1200
108.9300 108.8403 108.7162 108.3264 107.6487 107.1470 107.6088 107.1417 107.2870 107.0014 105.2043 106.2035 104.3366 105.8626 105.3063 103.5995 104.7260 104.4724 103.1211 103.2744 104.6866 104.5980 104.9906 104.6092 104.3478 103.1322 109.2494 104.4783 105.8376 104.4812 105.1809 105.2830 108.7960 107.2862 107.1429 107.6271 107.5983 107.1881 107.6822 107.3100
114.5800 114.8078 108.3288 108.6727 107.5090 107.4916 106.8240 107.1660 106.9290 107.1656 105.8879 110.5301 104.8384 105.6762 106.1763 103.6743 103.0477 103.7605 103.4499 102.9592 103.3226 106.5802 102.5813 102.8100 103.9455 104.7243 104.3904 103.2669 105.3103 104.8775 104.6478 105.1711 105.6637 105.1514 107.8140 111.9420 108.1494 107.0903 107.0975 106.3700
114.4900 113.4880 107.4594 109.2598 106.9554 106.8648 106.2840 105.8754 106.7348 106.4748 106.2184 106.0570 104.7855 104.5159 105.3513 103.0672 102.5826 102.2022 101.7610 101.4095 101.4670 100.9297 101.8214 101.6824 101.9205 102.8009 104.2243 102.9933 104.3631 104.1605 105.4358 105.9019 106.1593 106.4619 106.3426 108.7728 108.9099 106.3472 107.5751 107.0800
113.6400 112.8779 110.2280 112.7736 107.1691 106.5954 107.0090 106.3081 105.9349 105.2436 106.5577 105.1045 103.3411 103.4608 102.2103 102.0136 101.9365 101.5797 101.2372 100.7487 100.6935 100.6411 100.9568 101.0824 101.3243 101.6215 102.1983 103.1624 102.6768 104.1368 104.9368 105.9823 105.5719 107.4199 105.9830 105.9994 106.0165 106.3176 108.0361 107.3400
114.1700 110.8624 113.7017 108.9705 105.1935 105.9267 105.4837 106.6813 106.5019 104.0544 105.5044 104.5632 103.3000 102.5050 101.8328 101.5553 100.8607 100.6934 100.3900 99.6497 98.9999 99.4174 100.0497 100.1509 100.4579 100.9347 101.3413 101.7492 102.1143 103.7462 104.8296 104.1854 105.3027 106.3341 106.1932 106.2087 107.3707 106.3612 107.8108 108.2000
114.1700 108.7814 110.2960 109.1500 107.7269 105.2044 106.2421 104.7007 106.1913 105.2652 103.7941 103.6250 102.1667 101.6862 101.2486 100.2872 99.9140 99.5896 98.9331 98.6784 97.1723 97.9874 98.7577 98.9187 99.2653 99.7900 100.5487 101.0311 101.8098 102.1749 104.6437 104.4378 105.2190 106.0463 106.3288 106.6193 107.0093 106.8968 107.6990 106.4800
108.2300 107.6571 106.9536 106.5191 106.7108 107.4078 105.0153 105.1118 105.1398 105.9103 104.7462 103.1141 101.5973 100.8107 100.6314 99.8829 99.0410 98.4396 97.2608 97.2122 96.7885 96.8812 97.1244 97.6657 98.0923 99.2867 100.1111 100.8968 101.0312 101.8819 103.6676 104.4890 105.1894 105.5754 105.2023 106.5030 106.9348 106.7653 106.9136 107.5200
108.5300 108.0917 106.3481 106.3095 105.8847 106.8447 105.9773 106.3306 104.7602 106.0042 103.6372 102.2861 101.6156 100.2266 100.2217 99.2714 98.1140 97.5047 95.1867 94.5176 93.8325 93.6684 95.9576 95.7147 96.2474 97.8729 99.1377 100.3234 100.6917 101.0231 102.2806 102.8397 104.4489 105.1560 105.5128 106.9218 105.8667 107.4247 109.3985 107.3700
110.4000 107.8189 106.9001 106.9867 106.8745 105.6954 106.3247 105.1257 105.5733 103.8286 102.6380 102.0227 101.2553 99.5744 99.3318 97.7251 97.0216 96.0058 93.3180 91.2906 90.4615 91.0180 93.5873 94.9819 95.7296 96.0465 98.0414 99.2721 99.9607 100.7344 101.6932 102.6324 104.6718 104.5054 104.5095 105.8963 105.8797 105.6126 106.8375 107.3100
111.7000 110.7263 106.6108 106.2981 105.3880 105.8969 106.2827 105.8212 104.6498 104.1195 102.3637 101.7339 100.4342 99.8252 98.7933 97.2766 95.4222 93.2917 90.1115 87.7765 85.7881 86.1623 89.1433 92.8625 93.9806 96.1985 98.0675 98.5442 99.7664 100.8160 101.6625 102.4639 103.0221 103.7707 104.4282 105.9066 105.7829 106.6090 107.2359 107.8400
107.4900 106.8375 108.0849 106.9766 105.6931 105.1815 105.4226 105.2931 105.5008 104.2785 101.9477 101.6127 100.2425 98.9812 98.3287 97.3498 95.6483 92.4761 87.9795 84.6093 79.8570 80.5521 84.5857 87.7677 91.2211 94.8475 96.8042 98.0536 99.6549 100.7078 101.6675 102.4824 103.0530 104.4313 104.8427 106.7586 106.4465 106.8547 106.4915 111.4000
106.6000 107.3312 107.8449 108.2239 105.6497 106.1311 105.1696 105.8617 104.3592 102.8743 101.9668 101.4051 100.2098 98.9353 97.8581 96.4129 94.6693 91.5473 88.6140 78.8980 72.1613 72.4593 79.3712 85.6310 90.6592 92.8895 95.9631 97.3324 99.5698 100.6527 101.4387 102.2769 102.9221 104.6253 105.0136 105.4585 106.2452 106.5529 109.9593 110.4100
107.8800 107.2987 107.2246 106.6935 107.0447 105.4368 105.6523 106.0553 103.4909 103.0295 102.5344 101.3981 100.0071 98.9794 97.4307 95.7058 93.2820 90.8577 88.2624 73.7601 64.9934 65.8580 73.9618 84.6569 91.4054 92.4843 95.9146 97.6212 99.4854 100.3523 101.1948 102.1588 102.7373 103.6539 103.6036 104.4925 105.5771 106.6948 105.9353 107.2300
108.2000 107.3607 106.2924 106.2549 107.4752 105.6547 105.1946 106.0849 104.7264 103.9013 101.8788 101.5431 100.2342 98.5078 97.2684 95.7612 94.5451 91.7761 86.8271 74.7061 67.3002 67.9910 74.2396 86.2082 91.6864 93.5720 95.7986 97.4557 99.3790 100.5686 101.3382 102.0753 102.7760 104.2303 105.4774 105.1367 105.5770 106.6853 106.0735 106.2600
107.1500 107.2901 106.9264 106.7506 106.0436 105.8272 105.5253 104.4330 105.5267 103.0502 102.1937 101.4443 100.2695 99.4094 97.9324 96.5268 95.0487 92.9717 88.2603 80.8934 74.9038 74.8006 82.8497 87.4080 91.8481 93.6716 95.4358 97.3491 99.3346 100.7721 101.5006 101.9491 104.3801 105.8788 104.6412 105.7972 104.7274 107.3852 106.1293 107.8700
107.1200 107.0263 106.4181 105.4309 105.9073 106.8014 105.6360 103.3134 106.0271 102.9216 102.3751 101.5428 100.5909 99.5832 98.4730 97.7156 95.8072 92.7139 89.8087 88.3864 87.6698 84.5479 89.0728 88.2029 91.3701 94.5364 96.9316 98.3608 99.9352 100.7351 101.5904 102.2055 103.7386 104.4226 104.3286 105.4979 105.9236 106.3585 106.7961 106.8200
107.1400 106.8302 106.4717 111.5511 105.9350 106.5247 107.1787 107.9487 104.8410 103.6505 102.6229 101.8485 101.0801 100.0535 99.0080 97.9504 95.4297 94.7676 93.0287 90.9205 88.6748 89.6437 91.2385 91.9238 93.8169 95.8876 98.0285 98.8120 100.3555 101.3319 101.9121 102.5564 103.1866 105.7078 105.2918 104.8582 106.3703 105.9005 106.4319 106.0200
107.2900 107.9267 106.7724 107.1584 105.4707 110.8796 104.7209 105.0553 105.9354 104.6295 102.8012 102.1593 101.4577 100.6531 99.8435 99.3366 97.5853 97.1734 95.2796 93.8030 92.8765 92.4972 92.9243 94.7749 95.4438 97.3120 98.9055 99.6271 100.7608 97.8883 101.6421 102.8346 104.4488 105.8771 105.5206 105.9721 105.7018 106.9740 105.9088 106.8900
108.9100 107.5556 106.0376 106.7013 107.0168 107.0686 106.6103 106.2994 104.2346 104.9434 103.1109 102.5073 101.6828 102.0542 94.0180 99.0007 98.5329 98.4080 97.0174 96.0383 95.6371 95.4720 96.2107 96.7385 97.9687 98.0046 99.3657 100.2413 101.1102 102.2906 102.8281 104.1760 105.7898 106.1842 106.1275 106.5970 106.5188 107.4545 105.8585 106.2200
107.2700 107.3749 107.4276 106.1182 105.6128 107.4499 106.9627 105.2819 105.3303 105.0357 105.3497 102.9922 102.1126 101.7725 95.1371 100.9105 99.3498 98.9697 98.4494 97.6981 97.5723 97.7275 98.2910 98.4870 99.2281 99.5094 100.2421 100.9465 101.7458 102.3877 102.8537 105.2280 105.4308 106.4107 106.2550 106.3549 107.0403 107.3167 106.3460 108.0300
108.3300 108.1371 108.5279 109.1203 108.5291 107.6329 106.2051 106.4906 103.2963 105.2195 105.4916 105.1061 102.5621 102.4853 101.7833 101.4736 100.5857 100.0349 99.7431 99.3387 99.1781 99.3384 99.5469 99.7440 100.2050 100.3796 100.9566 101.6262 102.1057 102.9414 103.8907 104.5327 105.8633 106.6366 106.2354 106.0769 106.4440 107.4289 107.6520 108.0900
107.6500 109.3812 111.5867 111.2023 106.6288 106.4038 106.5764 105.1685 106.4052 106.4478 105.9057 105.4721 103.4143 102.9472 102.4492 102.0570 101.3478 101.1100 100.7995 100.5263 100.3950 100.3926 100.5661 100.7232 100.7484 101.2353 101.8468 102.2213 102.4806 104.7484 105.4760 105.8203 106.2977 106.3177 106.3729 106.9185 107.3865 107.1880 106.9303 107.8900
109.7700 112.1530 109.4757 107.1457 106.7986 106.5502 107.4652 105.4860 104.1889 106.5833 105.2564 105.6529 106.0743 102.4808 101.5565 103.5032 102.1538 101.8977 101.6400 101.4590 101.2962 101.3657 101.4576 101.6584 101.8782 102.1500 102.3457 102.7018 104.0346 105.9200 105.3140 104.7285 106.5460 106.7732 104.9123 106.7726 107.5321 107.4731 107.6607 108.2900
110.4600 110.0268 107.4624 107.4508 106.7190 106.6984 107.0119 105.6415 106.0678 106.9750 105.1574 105.4567 105.3805 104.1004 101.5422 103.3168 102.6896 102.6209 102.4399 102.2230 102.0659 102.1871 102.1788 102.2783 102.4947 102.6615 103.2252 104.0440 105.7061 106.1421 106.1817 104.7269 105.6986 106.7898 106.8510 107.6141 107.7844 107.6282 108.2005 108.2900
104.0800 107.9807 107.8890 107.9615 106.9710 106.7925 106.4931 107.7096 107.6928 107.3150 106.1961 109.6894 104.2424 104.5814 103.9572 104.2607 103.7441 103.0928 102.5252 102.7971 102.9587 102.9055 102.8782 102.7351 103.4770 103.4173 104.5790 105.0303 106.1461 106.7137 106.2981 105.3935 105.1366 107.1350 107.4268 107.5632 107.1545 107.7778 107.9857 108.7100
104.4100 108.4176 107.5513 108.1458 108.0271 107.3593 106.3345 107.7294 107.7331 107.6203 109.6924 107.3388 105.3168 104.7987 104.4063 104.3520 106.0478 105.3207 106.8453 104.4810 103.4327 103.5349 104.2506 105.2751 105.2400 104.9047 105.5005 105.2327 105.0657 105.4350 107.0560 106.4429 105.4573 106.8866 106.8453 106.5218 112.1956 107.9056 108.0793 107.6900
103.4500 108.6120 108.3474 107.6070 108.2992 108.0764 107.4466 107.5894 107.7968 105.6905 104.9666 105.9240 105.9220 105.8333 108.8399 106.7169 103.8923 104.8436 108.7210 110.7557 105.0599 104.4966 105.9097 105.2254 104.5729 106.2708 105.0522 106.7728 106.0543 106.6487 105.6256 106.1872 107.1429 107.3369 106.9081 107.1832 112.5793 111.7627 109.2719 107.8200
103.4500 109.3300 108.5500 108.5500 108.0600 108.0600 107.7000 107.3000 109.4700 105.0400 106.0200 107.8300 107.8300 105.2300 105.2300 105.8200 105.2000 105.2000 104.8800 106.3700 109.6900 106.3300 105.4900 105.5100 105.6900 105.6900 106.7900 106.4600 109.3300 109.9200 105.8000 106.4400 107.3400 107.3400 111.1500 108.3900 112.7800 113.7000 107.4800 107.4800
