111.3000 109.2500 111.8700 108.8200 112.3700 110.0600 110.0600 111.9900 108.6000 111.6700 109.4500 112.8800 112.5300 112.8500 111.5300 108.9200 111.6600 107.8700 107.8000 116.4700 116.4700 112.1800 110.4300 114.2900 114.2900 116.7400 118.1700 117.2800 116.7800 116.8000 115.0000 115.2200 116.7800 116.3600 116.4300 115.8600 115.2700 114.6700 114.6700 116.2000
109.5800 110.5884 111.0647 109.4754 109.6241 111.0175 110.4242 111.6320 109.5937 109.3420 108.4551 116.9723 112.7120 114.2810 110.7604 109.1270 111.1617 112.3015 108.3758 110.7502 111.6317 111.0082 110.1360 116.3835 116.1017 117.1596 117.7925 113.2050 112.5152 113.7325 114.9936 116.8028 113.3616 112.5043 116.2328 116.2901 117.9919 116.7165 114.7858 114.9400
110.3100 110.3543 111.1042 110.9344 111.0564 108.9160 110.9570 109.8192 109.3648 111.7953 110.2076 118.3111 112.1946 115.3165 113.5002 110.3653 110.2793 112.2741 108.4828 107.6693 109.0858 109.1856 109.5098 115.5702 117.4493 117.0540 117.8511 114.2776 112.6063 111.2579 109.5733 110.6774 112.5134 112.3837 114.0947 116.7144 116.4698 116.9504 115.6680 115.4700
109.3200 109.4125 110.7324 114.1696 112.4574 109.5471 109.7259 110.1845 110.2234 118.4924 113.1835 111.0349 108.0279 112.0564 112.2788 110.3445 111.6638 106.6564 109.0072 108.0004 110.3103 110.0180 109.3774 114.2765 114.6183 116.8250 116.6101 115.2752 112.8595 111.7191 110.2790 114.7909 112.0600 118.4853 117.2379 117.5842 116.3780 115.7616 116.2678 115.9800
108.9600 111.0698 110.9970 111.8049 114.9681 110.0540 113.2024 116.1271 117.1968 116.9231 116.9252 110.0616 108.6543 110.6503 108.8273 108.5009 112.2500 107.5569 108.4482 109.5411 113.7866 108.4082 107.7452 109.0502 108.6765 114.6879 115.5453 110.9232 109.8211 115.9958 114.9938 116.2889 112.0426 116.5481 117.4449 117.5093 116.0350 117.1181 116.5535 116.6000
110.4900 109.3996 110.4678 108.0766 112.3390 108.2358 115.8502 116.5081 113.7397 116.8119 115.9550 107.5186 109.3986 108.5034 109.0131 109.0444 108.8893 109.7531 111.3300 109.9113 109.6437 110.3597 108.3746 108.6054 108.7318 109.1941 109.3695 111.8187 115.1257 114.4353 114.1546 114.1820 116.4641 116.8409 117.9104 116.3731 117.2904 117.3735 116.0582 115.5000
108.0400 110.7520 111.5603 112.9265 111.9141 112.7099 117.4980 117.5152 114.6854 115.5441 112.5592 109.2173 113.3560 108.0540 108.5704 107.7594 110.1840 110.0873 109.4508 109.8865 110.5475 112.1871 111.6955 109.7882 108.8281 108.8919 108.6970 109.7598 115.9247 112.4211 114.7653 112.3719 110.4072 115.3232 116.9621 115.1929 116.7170 116.8772 115.5189 115.5000
108.0400 109.6411 109.2260 113.7738 108.8679 109.4134 114.4934 115.8654 115.7355 116.0276 115.8135 113.6369 110.4056 110.2234 109.5585 107.2492 110.2222 114.2191 109.6967 111.4864 111.8038 109.7841 112.9113 110.4536 108.4593 109.0190 109.2138 111.7760 113.1288 109.8991 115.9492 107.6500 107.4465 110.5837 115.7239 115.3329 116.7191 115.7618 115.5522 117.2000
108.9000 108.9075 110.9723 112.1520 112.9090 109.1186 112.5975 115.2813 114.5626 112.4743 113.0041 110.8899 109.2239 110.1211 110.2154 107.4943 107.8666 108.4658 109.9574 111.3224 109.3580 109.3534 110.7622 110.5098 112.4754 107.4970 107.8115 111.6003 109.5453 110.1239 115.8137 108.1001 108.7729 109.5938 114.2463 115.8539 115.4420 110.0217 114.5757 116.0000
108.4100 109.2088 109.1450 111.4125 112.7429 114.1988 110.1006 109.6155 111.6994 114.4845 113.1568 114.6826 111.2631 109.3191 110.7807 108.8337 108.4208 112.7550 114.6501 113.9119 108.5883 107.5849 109.3962 109.3184 109.9249 108.2394 114.0240 110.5825 110.3593 109.5577 112.3592 110.4088 112.9289 108.8777 109.9779 116.0009 113.2077 111.6564 115.7554 113.4300
110.6700 108.1103 108.2385 113.7498 115.7556 114.8238 109.4570 109.4271 109.7284 112.6200 115.3577 111.4838 115.1917 111.6773 110.9664 109.8518 110.2071 109.1234 112.0392 113.9447 112.0342 108.1008 109.3444 109.9801 107.5140 110.0051 114.0873 108.4748 107.6411 110.0613 113.3492 113.5184 111.2541 109.1076 110.9275 111.9431 109.1320 116.7386 112.7814 113.2900
109.0400 109.7985 112.4931 115.3186 115.8832 115.3866 110.9059 109.2707 109.3792 109.0043 110.8788 110.7202 113.7137 113.9810 107.0543 107.8901 111.6969 108.3033 112.6037 107.6001 112.9849 109.6819 108.5977 113.6040 111.6661 110.5003 110.8647 110.8813 108.1747 107.1840 110.3486 112.7268 108.1973 109.1403 111.2358 108.5444 112.9626 110.7172 110.1656 108.5600
109.2400 109.6362 114.3728 111.8101 114.1287 112.6905 109.6691 109.8646 109.5866 108.8884 108.8400 109.4338 108.9549 111.4637 110.1683 112.8611 108.1619 108.7077 108.8372 106.4599 112.9963 108.1374 108.0280 108.8801 109.8465 108.7527 109.9574 111.3434 107.5219 107.6056 112.7453 110.3536 108.3330 108.2208 108.3106 109.4148 109.4460 107.7130 107.9859 107.8700
111.9200 112.4393 114.6744 111.5605 116.2033 112.1487 113.5186 111.1674 109.0664 108.9911 108.6739 113.0247 110.4291 109.0337 106.0040 108.4104 106.7714 106.9610 107.5913 111.1778 109.2231 107.0981 107.5165 107.7992 107.7002 107.8459 110.8672 107.9075 105.6024 110.5502 109.0223 107.1379 107.6868 108.1750 108.0689 108.8134 109.7679 108.1775 108.1334 108.1100
113.0500 116.4542 115.0698 112.2932 115.0929 111.2249 114.2092 110.7846 110.5996 109.1494 108.8000 108.4632 108.2712 108.3868 105.6488 108.4664 106.4795 106.7663 108.5548 111.9842 107.5159 107.4662 106.4885 107.5261 107.4812 106.4466 110.0433 107.2288 111.5226 111.6594 106.9835 106.9148 107.7195 107.9644 107.7431 108.2261 108.3657 108.2259 108.1341 108.2200
113.0500 116.8377 117.6285 112.8303 114.0508 112.6066 113.3364 111.6022 111.0872 108.4646 108.4358 108.4634 107.5801 110.5042 106.7912 107.4719 109.8755 106.6343 106.0775 107.2524 108.2516 107.1331 106.5112 106.3470 107.2644 107.3965 109.0182 104.8099 111.3324 108.4964 106.2337 107.8874 107.5200 107.9563 107.3297 108.1801 107.4574 107.5897 107.3243 107.6800
110.9300 115.6994 112.6908 114.1873 112.9715 115.1084 112.7616 108.3735 108.7971 108.6225 107.7271 107.2383 107.0525 109.7925 106.6699 108.6713 107.7082 105.9343 106.4958 106.9310 110.7709 105.2443 106.6706 105.4731 105.2128 107.1489 106.2988 106.5047 107.0626 107.2454 106.2612 107.0107 106.6365 107.1135 106.5749 107.0920 108.5915 107.4659 109.4768 107.6800
110.9300 116.4546 114.9110 115.3359 113.7463 111.7303 114.1259 113.3454 110.9444 108.2537 108.2452 107.2425 107.3368 106.6884 111.4038 112.1311 109.0922 104.3840 108.2149 105.4957 107.0347 104.8950 105.6319 105.1910 104.5799 104.8421 105.1472 106.5558 105.5494 106.1538 106.3934 106.9519 106.0666 106.9974 107.2053 106.6951 107.1608 109.8773 107.0155 108.4700
107.7600 108.4244 113.7527 112.7088 113.3031 115.2156 112.6825 113.3234 112.2104 107.5931 107.9764 107.5349 106.5397 105.7871 106.7298 107.1451 111.3564 106.8602 107.8452 105.3594 104.3575 104.8295 104.7106 105.4556 105.0816 106.3815 104.9574 106.0334 104.2921 105.6544 106.3971 105.9299 105.4237 108.7401 106.0997 107.6007 107.2990 110.5022 106.8386 107.1900
107.3600 109.0553 112.4706 111.3095 112.5463 113.1733 113.5818 112.9206 112.0746 108.7563 108.3224 107.6983 107.1161 110.2836 106.9956 106.4026 107.0211 106.4965 103.6490 105.1344 105.2642 104.9545 103.6436 104.8512 104.6214 105.5113 104.4078 104.8652 105.6922 105.6552 105.8297 105.7808 106.5330 106.3987 105.5144 107.8096 106.9939 107.3179 107.8709 108.0200
108.9800 109.1035 108.5128 108.8673 108.2316 112.7918 112.3165 107.7412 107.7905 108.1573 107.4295 107.1465 106.1137 106.6940 108.6649 106.6190 105.5686 105.3075 103.0016 103.7358 105.8713 104.2142 103.2691 103.0332 102.9890 103.5490 105.3752 104.3232 103.5765 105.1611 105.6032 105.8246 106.1831 105.6587 105.3967 106.3793 106.3158 106.7996 107.8883 108.1700
109.5500 109.8000 115.1824 110.4063 107.8970 107.7651 108.4911 108.5867 107.8594 106.9794 108.5135 107.0739 105.5606 106.8405 106.4368 105.0792 104.0514 104.1844 104.0472 104.0353 103.1253 102.5081 102.5430 102.4200 102.3989 102.4215 102.6399 103.5940 103.7069 104.3529 105.0322 105.6134 105.5048 104.6556 104.9254 106.9572 105.9967 107.2887 107.5178 107.6400
109.4200 110.4042 108.3705 110.8465 110.4732 108.8878 108.3096 106.8772 107.1436 107.5049 107.3138 106.4639 106.4163 106.1994 104.9444 104.1093 103.4178 103.0738 102.6468 102.2560 101.9737 101.8739 101.6464 101.5498 101.5830 101.7040 101.7855 101.8450 102.4340 102.8489 103.0787 103.1801 105.0043 105.2675 105.1976 106.7182 106.7337 107.2154 106.5958 106.8400
109.4700 111.1114 109.8075 108.2906 107.0754 109.7577 107.7331 106.6856 109.7887 107.1613 107.0048 106.9313 105.8705 105.1155 104.8974 104.0315 102.9682 102.5612 102.2247 101.5744 101.2456 100.9061 100.8367 100.8372 100.8183 100.6664 101.0449 101.4767 101.9189 102.2713 102.5637 103.1130 103.5904 105.1572 105.8332 106.2694 106.4801 106.3496 107.4879 106.4000
114.0800 113.6727 111.9523 109.1926 109.0933 107.0549 107.4730 106.7225 106.3251 106.7214 106.7673 106.3071 103.6899 104.7507 104.1491 102.8123 102.5063 102.0120 101.5891 100.8731 100.3737 99.7455 100.1029 99.9316 99.9275 99.9262 100.0113 100.4896 101.2064 101.6265 101.8263 102.5772 102.8605 103.8824 104.1658 104.8360 106.9408 106.3160 107.2250 107.4200
109.4000 107.2724 108.5471 109.4315 110.2819 107.8562 107.6087 107.8464 107.2192 106.6734 106.7353 105.5791 105.7949 103.7667 103.5255 102.5009 102.0113 101.4698 100.8533 100.1353 99.5510 98.8658 98.4708 98.4374 98.3790 98.1989 98.7394 99.1333 100.3943 101.0238 101.4328 101.9165 102.2492 103.1467 103.6927 105.1599 105.4489 106.5004 106.7353 107.4200
109.1800 109.2019 108.6741 108.3037 107.8520 108.1146 107.8537 106.9273 106.0678 106.6458 106.4909 106.0614 104.2152 103.4475 102.5856 102.1766 101.5179 100.6770 100.1244 99.2450 98.6020 97.6485 96.6546 95.9286 95.8801 96.6495 97.9803 98.3375 99.4252 99.9872 100.5621 101.2790 102.0767 102.8070 103.4273 104.5999 105.4627 105.9182 106.4581 106.7200
109.2900 109.6691 109.1967 106.7860 107.5797 107.3722 106.3936 106.6504 106.8971 105.4098 105.7966 106.0235 104.1964 103.0164 102.1834 101.3597 100.6870 99.9411 99.3435 98.1262 96.7166 95.3701 95.2575 93.9338 93.4421 95.3221 96.4263 96.6961 98.8611 99.7385 99.9762 100.7656 101.7286 102.5188 102.8498 104.6189 105.5475 105.8426 106.2389 106.3000
108.1500 102.9325 108.5923 108.4076 106.1842 110.4883 110.6395 108.1926 106.2076 105.1549 106.0422 104.9255 103.5403 102.7121 102.1321 101.2746 100.4192 99.4938 98.0989 96.7339 94.9872 93.0354 91.6898 90.1784 90.3876 91.2578 94.3435 95.0572 97.4010 92.7244 100.4759 100.4562 101.0868 102.0112 102.5158 104.4342 105.6399 105.3396 106.4067 106.5100
102.7200 107.7578 111.0049 107.6673 107.9874 107.2685 107.1763 107.3260 105.6945 106.6966 105.6814 104.8140 102.9683 103.2486 95.7405 101.4812 99.6722 98.9497 97.4995 95.4649 93.1425 91.1617 89.1886 88.6801 89.3369 86.7983 93.7526 92.7833 96.1406 97.8900 99.2473 99.8005 100.9632 101.7322 102.4329 103.2947 105.7812 104.4371 106.5575 105.0500
109.0300 107.5532 107.5012 106.9139 107.5490 107.6611 106.4234 110.3615 105.9212 105.2671 104.1458 103.4063 102.8243 103.0079 95.2449 101.2633 99.6285 98.0647 95.8323 94.1956 91.9065 90.7491 86.8483 82.2158 82.3229 84.7120 87.3488 91.2203 94.9904 97.2176 98.9477 99.6420 100.7903 101.5911 102.3601 103.3759 104.6287 104.3534 106.3732 106.6700
109.2300 109.0965 108.7686 107.1772 107.2854 107.0897 107.5329 105.7347 104.9322 104.5269 104.7446 103.4552 102.8328 102.1790 101.6338 100.4984 99.3986 97.9485 96.2009 93.7476 91.8430 87.6558 77.7732 68.7725 69.7458 80.9546 84.6419 90.1338 92.9324 96.6551 98.3007 99.5518 100.4318 101.5106 101.9495 104.2784 103.3486 105.3823 106.3125 106.3900
113.3800 110.9668 111.7271 107.9492 107.8370 107.9098 106.4202 107.1386 106.1646 105.8504 105.6370 103.6885 102.8940 101.9739 101.0980 100.1591 99.0668 98.1929 95.8597 93.3502 89.6758 86.2775 72.2878 63.7342 64.7965 75.1540 85.7316 88.5954 92.3432 95.2363 97.9706 99.5984 100.3273 101.2028 101.9924 104.4334 102.6791 104.4682 106.0250 106.3700
105.3500 111.8332 110.2537 109.3956 107.3096 107.3098 108.3400 105.9418 107.4813 105.8072 104.9834 103.7676 102.8350 102.2959 101.7189 100.2344 99.1582 98.2394 96.1117 93.5788 90.8382 87.2706 75.9645 67.6132 67.6648 77.8772 86.3112 89.0932 93.4796 95.9016 97.8712 99.3280 100.4643 101.1854 101.9573 103.5391 103.5340 104.4543 105.6758 106.3700
111.1400 114.0357 114.6770 111.1969 107.5927 106.1916 109.1476 102.6290 108.5482 105.6188 105.4937 103.9774 102.7441 100.7090 101.3455 100.4821 99.5592 98.3988 96.8219 94.5136 92.4058 89.7892 83.9312 77.2466 77.6843 84.4386 86.3702 91.2867 94.2797 96.7362 98.4686 99.0964 100.8055 101.4867 102.0664 103.6172 105.1930 105.7965 103.9535 105.1100
112.6600 110.7557 110.6619 106.7304 107.2711 107.2012 106.3548 105.5095 106.9615 105.2536 105.9543 105.8285 103.1140 99.6787 101.8751 100.7661 99.9677 98.8360 97.1368 95.4996 93.8992 90.8350 87.5288 85.6959 86.2163 86.6545 89.9470 92.9713 95.4087 97.6123 98.9672 99.7728 100.9035 101.5263 102.3696 104.0156 105.3321 105.1768 105.2425 105.5100
103.2700 103.1374 108.4631 107.2304 107.1092 107.6336 107.9333 106.0922 106.6878 105.4360 104.9948 104.9108 102.9697 102.7604 101.9260 100.8332 100.1275 99.4100 98.1884 96.8788 95.6937 92.2695 89.7636 89.3367 89.3929 91.4727 93.8385 95.5071 96.6535 98.4958 99.5668 100.4302 101.1918 101.9999 102.6569 104.8259 105.9892 105.1563 106.9750 105.4100
103.3700 106.6186 107.8959 107.0054 107.8726 107.4425 106.4126 106.4041 107.7802 106.1405 106.1110 103.8793 103.4255 102.8477 102.2673 101.7856 101.0082 99.9327 99.2746 98.0858 97.2063 95.9368 95.0579 94.3710 94.4242 95.0844 96.0174 97.1030 97.7331 99.0977 100.2058 101.0159 101.6547 102.4488 102.5664 105.3394 105.2251 105.2620 103.8282 104.2900
102.8700 107.2905 108.7494 107.4711 108.0562 107.6215 105.2662 106.6915 105.3138 106.6708 105.4297 105.2463 103.4962 103.6145 102.4429 101.6258 96.0008 101.2515 99.8480 99.1822 98.4933 97.8616 97.3291 96.7725 96.6907 97.0670 97.6859 98.1912 99.1938 100.0075 100.7165 101.3278 102.1165 102.8836 102.7986 108.3817 104.9295 103.4974 106.1724 105.7500
103.4000 103.4000 107.5300 107.5300 108.0100 110.0700 104.4000 106.9600 106.8600 107.0000 107.0000 106.1000 104.5100 103.0800 103.0800 102.2400 101.7200 101.7200 100.7200 99.8000 99.2700 98.7200 98.7200 97.4800 97.4600 98.7200 98.3700 99.2400 100.0100 101.2300 101.2300 101.6500 102.2300 102.9400 103.2100 104.7900 105.1700 106.2300 105.7400 107.5600
