104.5000 105.2000 104.1500 105.2900 105.5800 104.1100 103.8400 104.4400 104.5900 103.2400 105.1700 108.8100 108.8100 109.7600 109.7600 105.2300 105.5500 106.6000 107.8000 107.8000 105.8300 106.9600 106.2900 105.4800 106.3200 107.0000 106.2300 107.8900 110.4800 112.4600 113.5000 114.5300 115.5400 117.0700 117.1900 118.3300 118.2600 118.7600 118.3200 118.3200
104.6500 105.5212 103.8954 103.9062 104.9759 104.5420 104.7893 103.5312 104.5438 104.6672 104.0862 105.2975 108.0163 110.1589 104.2544 105.8475 109.3839 104.7950 107.3838 107.6883 106.4555 107.2825 106.6229 106.0181 105.5586 105.6654 105.9941 108.4592 109.7743 110.9559 112.2763 113.7886 114.7005 115.7015 116.4745 118.4945 118.9511 119.8224 118.7165 118.7800
104.5100 104.9161 104.1711 103.9799 102.9818 104.3410 104.5037 103.3882 102.1088 102.4016 102.5196 103.7635 104.1704 109.3170 103.1272 103.6986 108.2557 109.5365 105.9025 104.7557 105.5664 108.2449 106.4453 106.6209 105.6370 105.4460 106.6302 107.5553 111.8448 109.8825 111.3599 112.4751 113.9693 115.3121 117.3821 118.4166 120.1096 120.6580 119.9169 119.0800
104.1000 103.4297 103.2870 102.4225 101.9475 101.5261 101.3372 101.4367 101.5748 101.5897 101.6462 101.9243 102.2815 103.8505 104.5561 104.7881 102.9787 104.1809 104.5324 105.6074 105.8337 106.1750 108.3462 106.9889 106.1730 105.3521 106.1843 108.0302 110.9159 109.8819 110.8037 112.1151 113.7983 115.3919 117.6375 119.7770 121.7895 121.4367 120.1757 119.2200
102.8800 102.6740 102.1948 101.6275 100.9363 100.6175 100.8609 101.2122 101.0466 100.7495 100.6906 100.8047 101.0365 101.6979 102.5812 103.2460 102.7490 103.5549 104.7741 105.7434 106.2557 107.3090 109.6778 108.1248 106.2137 105.9337 107.4234 109.0103 109.9403 112.6993 110.1664 111.6406 113.4840 115.4377 117.4339 118.9670 120.2919 120.8191 120.0605 120.4300
102.0800 102.0476 101.4964 101.0872 99.9545 99.5960 99.8112 99.6748 99.7577 99.9901 99.5676 99.8438 100.5345 100.8302 101.0918 102.0684 103.4108 104.0839 103.7389 105.1554 108.1619 108.2410 110.1181 107.6747 105.7141 106.2130 106.7446 109.1721 111.1344 116.1032 110.1734 110.9329 112.6768 114.7802 116.2972 118.0854 119.6766 121.2000 120.2115 119.9300
102.0800 101.0141 100.1081 100.3087 99.4983 98.4863 98.4226 97.9262 98.0361 98.5667 99.1489 99.0856 100.0365 100.3492 100.8239 101.4625 102.8223 104.0453 102.9658 103.6174 108.2334 106.0818 107.1045 106.7525 107.4681 106.2752 106.2324 107.0167 111.2037 113.5826 111.0720 112.7260 112.0605 113.9678 115.4387 117.5228 118.5113 120.6655 119.9331 118.7000
100.8500 100.1466 99.5093 99.1284 97.9083 97.2206 96.6370 96.3908 96.6658 96.5711 96.6559 97.7399 98.0560 98.9503 100.3117 100.9536 101.2804 102.2064 102.7666 104.1351 104.0410 105.5257 105.6694 106.8820 107.0521 105.3330 106.2381 107.0488 107.9677 107.0111 113.8038 111.1721 111.5576 113.9944 115.6052 116.8214 116.7888 118.8201 118.0650 118.3100
100.8500 99.6679 98.9823 97.9561 97.4492 95.1151 94.8443 94.2350 94.0716 94.1703 94.6817 96.2722 96.6720 97.6228 99.3878 100.3484 100.8236 101.2784 101.8322 104.2018 104.8506 109.7499 106.0427 105.7197 105.8286 105.6017 106.4454 106.7868 106.7978 111.3657 109.8175 109.7848 110.9007 114.9572 113.5136 115.2527 115.7589 117.4584 117.1941 117.1500
99.9900 99.4431 97.8715 96.7053 95.0688 92.4003 92.5483 91.9091 90.1677 92.0524 92.2608 94.1137 95.3874 96.1358 97.9293 99.1358 100.3034 100.8414 103.1551 104.4343 104.9646 104.6372 104.6353 105.9014 107.0306 106.6585 106.7046 107.0951 107.9847 107.6217 108.1049 108.3760 109.9516 113.9949 114.1189 114.4542 115.6445 116.1982 116.4276 116.6700
99.6200 98.3180 96.9097 95.5962 93.2739 91.0520 90.1012 87.5112 86.6923 88.7165 90.1812 92.8702 94.2428 95.7239 97.7568 99.0806 99.8018 100.6909 101.6694 103.7776 104.9655 104.8555 105.8081 105.7751 105.7248 107.1286 107.5207 107.4759 108.1816 108.0760 108.0455 108.1823 108.2370 113.3480 114.0350 114.2146 112.0295 110.3821 113.7768 113.1700
98.3300 97.7500 96.7236 94.9409 91.3379 87.5190 84.9782 81.7009 81.4754 84.0979 87.2439 89.6076 91.9210 94.8676 96.9580 97.2266 99.6478 100.2519 101.4544 103.4495 103.9278 104.1414 105.0874 105.7834 104.8692 107.0821 107.1382 107.1070 107.2116 107.8303 108.4646 107.8129 108.6017 108.7584 114.6893 114.5709 112.1288 110.2927 113.8652 113.4500
98.1700 97.3610 96.1373 93.6039 90.0877 85.2928 80.0941 75.1344 73.6291 77.4934 82.3290 88.2291 90.6949 93.6954 95.7763 97.0431 99.3799 100.1630 101.8322 102.6188 102.9191 104.9173 104.7871 105.4513 106.4463 106.6576 107.3174 106.5535 106.8514 108.3393 108.5883 108.6797 108.7717 108.8910 111.0814 113.8075 110.7681 115.2990 113.6669 114.5600
98.2800 97.4191 95.9029 92.8940 90.6902 83.4882 76.8833 68.6256 65.4248 69.6546 83.3664 90.4871 91.2161 93.7221 95.5721 96.8383 98.9828 100.5520 101.4794 102.7139 103.0547 105.2998 104.7860 105.7122 106.5899 106.8036 107.1726 107.3128 107.1882 108.2409 108.1226 108.6780 109.1885 108.9525 113.1975 112.5422 115.0195 114.5394 115.4226 112.6800
98.6500 97.5815 95.3235 92.7805 89.7814 83.8292 76.2906 66.5728 59.4720 66.0075 84.4287 87.1390 91.4406 93.5648 94.8627 96.5445 99.2705 100.6165 101.5508 102.3446 103.0265 105.2538 105.8496 104.6494 106.0139 105.5584 106.0453 107.3854 107.4575 108.2777 108.5859 108.4692 108.8930 110.8637 114.0631 113.5702 115.4193 114.7598 116.4108 112.7000
98.6800 97.6945 95.8212 93.2292 90.4997 85.1527 79.3774 73.4406 70.7825 75.2963 87.3644 87.9071 90.9832 93.6429 95.3181 97.0096 99.9780 100.9775 101.7060 103.1780 103.8583 104.7872 106.0629 105.1318 105.8374 107.3075 106.5380 107.5074 108.1059 108.5049 108.5135 108.4618 108.4311 109.9068 115.1637 115.9426 115.2235 112.2367 111.7933 116.5900
98.7700 98.3130 96.8489 93.9735 92.0603 87.5750 83.9422 80.9886 79.0122 82.2357 87.8528 89.4706 92.3241 94.5153 96.1327 97.7845 99.8659 101.0699 101.9720 102.5716 103.8095 104.7007 105.7755 105.7978 105.5669 106.8322 106.4385 107.3994 108.2137 107.5381 108.2724 108.8303 108.0408 110.7763 111.8235 110.8177 114.9947 113.5465 106.7606 109.5800
99.6200 98.9294 97.4806 95.6385 93.9042 90.7842 87.3058 85.5277 85.1758 87.7090 89.3633 91.1354 93.0034 95.1738 97.0785 98.6225 100.2770 101.2215 102.1430 102.7422 103.5788 104.9371 104.8136 106.3407 105.7198 105.9000 106.2524 107.1312 107.8017 107.8802 108.6424 109.0155 107.9297 109.4563 110.7165 113.0417 113.9540 115.8276 114.2668 115.9500
100.1300 99.3411 98.2909 96.8431 95.2303 93.2839 91.4199 90.2204 89.8413 90.6557 92.6542 93.7210 94.9786 96.2497 97.8566 99.4694 100.1877 101.3367 102.3617 102.9567 104.5304 105.3253 105.0768 105.2258 107.2357 106.0811 106.3135 107.6003 108.2235 108.6006 108.8948 108.8868 111.8841 112.9566 115.0160 113.4356 112.6171 115.7507 114.4462 115.2200
101.1600 100.1066 99.2010 98.1878 97.1512 95.2345 94.6793 93.4323 93.5229 94.5255 95.4876 95.7777 96.4000 97.3952 98.2855 100.2550 101.1438 101.7261 102.6057 103.8521 105.8447 105.8277 105.5679 105.1402 106.8178 107.5526 107.4279 107.5928 108.5666 108.6263 108.2391 109.1912 109.1980 113.9358 113.3083 112.4264 114.7483 114.5000 114.3574 115.4700
101.2100 100.7135 100.2139 99.1039 98.4627 96.5409 96.2922 96.6672 96.3255 96.4410 96.9851 97.6605 98.3139 99.1821 99.5352 101.0139 101.7982 102.3484 102.8949 104.5911 105.2718 105.8397 106.6925 105.6184 106.4567 106.3043 107.5803 107.1027 107.6687 107.3494 109.0015 108.2747 108.8847 108.9573 109.3514 108.9336 109.8988 109.7439 114.4321 110.6300
102.1400 101.4461 100.5953 99.8980 99.0258 98.7447 97.6820 98.2309 97.9068 97.8643 98.6300 99.0781 99.8691 100.2814 100.2983 101.5790 102.0396 102.7493 103.5279 105.0635 104.3897 106.3373 106.5083 106.8946 105.8395 107.2310 107.5119 107.9897 113.4526 109.5186 110.0822 109.2045 109.1990 109.6573 109.5829 109.7711 110.1773 109.8769 110.2339 110.0700
102.1600 102.0044 101.5181 100.8673 100.2186 99.9068 99.3540 99.7060 98.0963 99.6654 99.6933 100.1604 100.6662 100.7739 101.6308 102.2611 102.6756 103.7313 105.2442 105.5936 104.6909 105.1811 106.3660 107.3871 106.4453 107.0098 106.6332 108.4566 111.9982 113.5476 112.6641 114.1459 110.1645 110.8891 109.9788 110.4442 109.9229 109.5724 110.6346 109.6500
103.0600 102.6190 102.2713 101.9895 101.4191 100.9961 100.6399 100.7202 100.6935 100.6504 100.7342 100.9432 101.7045 101.7411 102.1748 102.6531 103.2627 106.0841 104.2176 105.8636 104.8041 105.0433 105.3725 106.7994 107.1679 107.3951 107.2210 108.1579 107.0095 107.3838 111.1168 112.5023 115.6014 114.6070 111.2552 112.3839 112.9744 113.4015 111.5423 115.1000
103.5600 103.5631 102.9332 102.2843 101.5245 101.7674 101.7188 101.5135 101.5342 101.4421 101.4411 102.0121 102.2970 102.6428 106.1646 105.7395 105.1001 106.4715 106.7484 105.8195 106.2538 105.9365 106.6260 106.4533 107.8480 106.7654 107.9272 107.7987 107.7790 109.2066 107.9562 110.5675 110.6105 114.2760 112.4716 113.2225 114.5052 113.9853 114.4035 117.2300
106.0300 104.7987 103.9327 103.6402 102.5950 103.0955 102.0603 102.1062 102.2403 102.1696 101.9962 102.5059 102.8292 103.9308 107.1851 106.5435 105.9637 105.6335 106.6408 106.9832 106.7540 106.9266 107.2859 106.6242 107.7003 107.2391 107.0434 107.5410 107.5716 107.7305 109.2243 108.7690 111.5562 114.5288 114.3408 111.0997 111.8117 114.4275 117.0630 114.7900
104.9100 104.0304 104.7034 105.8075 103.8850 104.8843 103.9900 104.5130 102.0737 103.7373 103.5805 104.9377 103.5462 107.6462 105.4377 107.9847 108.2259 105.4403 107.4170 106.7738 106.5323 106.2334 107.8454 106.5654 107.6142 107.2246 107.8214 109.1224 107.9089 106.6969 109.5761 107.1714 109.4395 110.5384 112.4934 110.7871 112.4459 111.6078 114.3393 113.5700
106.7900 106.4438 105.2652 105.8437 104.1280 105.3621 104.7423 105.4757 104.4383 104.1697 104.9740 108.3656 106.8243 110.8038 104.7806 110.3937 105.8676 105.3941 106.2393 105.6186 106.1791 107.0668 107.3598 106.9380 108.2976 108.4111 107.9119 108.3727 107.8563 109.6470 114.0189 112.8321 112.0360 113.8735 115.6064 113.6275 112.7190 110.7434 114.0825 113.2900
107.2500 106.4821 106.6198 106.0555 105.2824 105.9735 103.8035 107.4557 103.5512 105.6829 105.4338 105.3301 105.9134 107.4523 104.5484 105.5118 106.3909 106.4902 107.0013 107.8023 106.6868 108.1559 108.0046 108.4032 108.6655 108.8017 108.5924 109.1240 108.8480 108.4119 111.1337 115.5031 112.0329 115.8294 112.7892 112.5423 111.0346 107.9900 113.7260 109.7100
107.2500 105.7986 106.7804 106.1586 103.1172 106.5283 106.2999 104.0953 105.4977 106.7160 105.5006 106.4523 106.5277 106.5769 108.1994 106.3654 109.9562 107.4082 107.8320 107.6758 107.4383 107.9609 108.0040 108.0049 108.3176 108.5334 109.0611 109.4129 109.3684 108.1757 112.8013 114.6780 113.0069 116.3149 111.2517 110.6475 114.4599 110.0143 109.1346 109.2100
106.7700 106.4372 106.5802 107.3429 106.8724 106.8790 105.1938 108.2434 104.6615 107.2076 106.8723 107.6217 106.6024 106.5836 109.7790 112.7616 107.6329 106.6729 107.9412 107.9494 108.0493 108.2797 108.4695 108.0116 109.1240 107.6528 108.4579 109.5341 109.7881 109.6181 113.0822 109.6744 113.9729 112.5342 110.8021 111.5087 110.2843 109.8231 108.9857 108.8500
106.4400 107.2216 107.9685 107.2028 107.1721 107.1986 107.7277 107.1477 109.5279 107.4907 106.8686 106.3528 106.8332 106.9102 108.1145 107.5760 107.2273 107.8721 107.7279 107.5635 108.4748 108.5345 109.0379 108.9313 108.9528 108.3093 108.3449 109.5535 109.4808 110.1557 110.0073 111.6479 109.8226 109.9693 112.6551 111.2227 109.3493 112.6175 109.7117 109.8800
106.4400 108.0272 108.1120 108.3096 106.6092 108.2046 106.8763 108.2729 110.7157 107.1335 106.9695 106.2221 107.4005 106.6173 109.7165 109.5425 106.7509 106.6249 107.3181 107.2565 107.9307 108.2106 109.1695 108.2167 109.1062 108.7439 109.6022 109.6899 109.6339 113.5605 111.7384 110.5747 108.5826 109.8308 109.9430 110.3529 108.0237 111.6529 109.2129 111.4800
106.7800 108.1178 107.0659 108.3821 108.1088 107.8968 107.6461 107.9224 107.3389 106.0620 107.7581 108.1265 107.4265 106.4948 110.0389 113.2663 107.0613 106.4767 108.5822 107.5255 108.4347 109.6538 109.6234 108.9869 107.7233 108.6147 109.3930 109.1937 111.0322 109.6712 109.1851 114.1059 112.5808 108.8455 109.7187 109.0929 109.2775 111.7677 111.3477 111.4800
108.1700 108.7398 107.3623 108.7816 108.5841 107.9445 108.9316 108.3406 107.9396 108.7738 108.1397 107.0709 108.0049 107.2491 110.7958 110.4412 107.4540 107.6176 108.3422 109.3435 112.4409 110.7035 108.6939 109.5975 109.0754 111.7231 108.9845 109.5248 111.7130 110.4430 113.1295 111.1755 113.3485 115.1274 108.7880 109.4393 110.2606 109.9786 113.3557 111.2500
107.3400 108.5005 108.7587 107.8732 108.3740 108.2409 108.6227 108.2543 107.7786 107.4819 107.1477 108.6501 108.2464 109.9245 112.5367 108.1154 108.3621 107.0186 110.4239 115.6359 114.1813 115.0463 109.7101 112.1867 111.4711 113.5960 108.4830 109.8262 109.7891 110.7783 111.9317 111.7304 108.9470 112.2425 112.8187 110.6568 108.8716 109.9729 111.7963 110.6400
109.2700 109.1535 109.0348 107.8517 108.5782 107.9216 107.7290 108.1448 107.5646 107.9627 107.4675 108.9213 108.6356 113.5333 112.7852 108.5421 115.5727 109.4977 109.4603 111.8366 115.2657 112.2226 109.7128 112.0043 112.1579 113.7025 110.8133 109.3800 110.1343 110.5238 110.1531 111.8882 110.7796 111.5652 115.0770 115.5367 110.1693 110.6823 111.4575 112.2800
109.3000 109.4773 109.3536 108.0939 109.1094 104.5347 109.2150 108.9861 108.7158 108.6727 108.5761 108.9049 109.1216 109.7066 114.2521 109.0765 114.0919 113.0305 108.1658 111.3635 116.6349 113.3352 113.5283 112.9119 114.8283 115.5444 114.8796 111.4161 111.7502 111.6785 109.9505 114.0750 111.1550 113.2463 114.5705 114.2258 113.6473 109.3681 110.9252 113.4800
105.2600 107.6067 109.0867 109.3170 109.0572 106.4301 109.5892 109.5080 109.1152 109.6151 111.9088 109.3303 109.2075 109.9317 113.9600 109.4377 112.7170 114.7909 110.5292 113.4270 114.9320 118.0437 116.5569 114.3766 115.9475 110.3264 112.1040 112.6076 114.3240 114.2070 110.6557 114.3985 114.1425 112.5816 113.3344 115.1221 109.2132 109.9354 110.1236 113.7100
105.2600 109.2000 108.9000 109.7900 108.6100 108.6000 108.8000 109.6900 109.0700 109.6200 109.8800 109.0900 112.4000 113.1500 113.2800 109.7400 109.7400 113.5400 110.0900 110.0900 108.1000 109.8500 109.9600 110.7000 116.3900 109.6200 115.9000 113.5000 114.4300 114.8200 114.2500 113.9200 115.9700 109.5200 114.3700 115.2500 111.0800 111.0700 110.2700 115.5300
