109.9600 115.2700 112.3100 110.2800 109.0100 112.2400 115.4100 115.4100 108.6000 107.6100 111.3300 111.7900 108.7500 113.0700 109.0800 113.4200 113.2300 116.5200 110.9300 110.9300 109.3800 116.5100 116.5100 116.3900 116.3000 116.2200 117.2300 112.6600 112.7100 112.5700 112.5700 112.2700 112.1100 111.9800 113.0900 112.8600 112.7100 112.6100 112.4800 112.3500
115.9400 113.0171 114.0218 112.7748 110.5664 111.6647 114.0912 112.7966 110.5588 107.8709 109.8468 111.3207 108.4644 111.1152 109.2700 109.8936 110.1806 112.8153 115.5983 109.5932 115.8482 114.2996 116.8506 114.7034 113.7148 115.2873 115.3125 115.5011 112.9295 112.7753 113.0407 113.2255 113.0085 113.7685 113.3825 112.9795 112.0617 114.1270 112.7673 113.4400
112.8600 113.7790 114.0768 115.9195 110.9996 109.7638 112.6035 114.8019 107.6963 113.8893 110.6880 108.2618 107.9321 110.5862 109.2329 109.5164 109.0977 113.3491 112.5461 109.1923 110.5332 113.0864 114.4007 115.0565 109.7932 114.3285 113.4649 114.3137 110.7257 112.9958 110.9056 110.2746 114.3152 113.8466 113.2090 112.4051 113.0273 111.0895 112.8792 112.5300
116.1500 114.9895 113.5460 113.4600 108.7211 110.6253 108.9745 113.5902 112.2111 116.4365 111.4868 107.7500 108.4289 108.9483 109.7096 110.2386 111.1699 108.2497 109.9482 109.2830 110.0968 108.3266 113.4950 112.0251 111.9330 113.3743 110.9517 109.4021 111.6706 111.1587 110.4644 110.9954 114.6939 113.9929 114.1130 112.3697 110.4079 111.4682 113.0522 112.5600
114.9100 114.8445 111.9725 112.0918 113.0133 109.2349 108.7645 114.4712 114.1864 115.5656 109.5199 107.6844 108.8202 108.9755 109.0203 111.8479 110.1120 108.9068 110.4051 114.7930 114.3222 113.3685 112.5437 112.8352 109.5362 111.5193 109.5435 108.9451 111.1052 108.8830 109.3581 111.4949 113.3317 114.5026 113.5768 112.5935 110.9656 110.3517 108.4123 109.7300
115.0400 114.3522 111.9138 111.8113 114.1165 107.4138 108.4346 109.0344 112.1529 112.7761 108.5831 109.2454 108.8271 109.2656 109.1004 108.9984 109.0806 110.5092 112.5009 114.7626 111.6985 111.7219 111.5758 112.4535 111.2987 112.0364 108.3022 109.2417 111.1097 109.2237 108.9959 110.9641 111.4520 114.8501 112.4820 112.4890 109.5788 110.4997 110.2758 109.5500
111.9500 110.3621 107.3500 108.4230 116.5045 110.4892 108.2720 113.5602 115.7367 108.7147 112.6234 110.8745 108.0831 108.2894 108.3090 108.6982 107.1978 110.5804 111.0823 114.1239 113.8804 112.9942 108.6501 107.7356 109.7746 111.5694 109.1757 109.5120 111.0313 109.1517 109.2191 110.2996 110.8045 112.7597 112.0487 113.6251 110.3496 111.9426 111.2241 110.5400
109.6600 111.7603 110.1939 112.5285 114.6318 107.2953 108.7202 110.1164 112.9675 107.8369 114.6998 108.9308 108.2362 108.3715 108.6057 110.2581 108.0949 110.0125 112.1607 113.4905 113.1111 108.8225 109.5781 109.7302 108.5150 109.8832 109.4170 109.2816 109.6545 111.7112 108.8177 109.2561 110.3487 109.9224 109.6038 108.2550 112.0836 112.4669 112.7101 110.5400
108.2000 109.2100 109.2747 110.5984 113.6712 107.4758 108.3082 108.8744 107.5741 108.7244 111.3047 108.4259 108.3015 108.0292 108.9608 113.8167 111.1782 108.4260 113.4149 112.8557 114.8624 108.5737 108.1064 108.9225 108.0420 109.2305 111.8187 110.0663 108.5982 110.7342 108.8624 108.4221 108.6883 108.3944 108.9264 109.7017 112.9656 112.0632 113.9681 113.5400
107.0800 112.4651 113.0994 110.4320 113.1407 107.4682 107.3023 110.6909 107.2252 107.7644 107.9801 108.3526 108.0482 107.5986 110.1370 112.3744 108.4231 109.3738 114.6661 108.9877 109.4567 108.2656 109.3957 108.8071 107.9806 107.7741 110.4312 109.7108 109.5742 108.5991 109.7580 109.4397 109.0927 108.5219 108.9027 108.8211 111.3308 112.2524 110.5223 109.7100
105.4500 111.7479 110.9199 105.7958 108.3836 107.4888 107.7878 106.6539 107.5741 107.3065 108.6986 107.7095 108.1291 108.2760 110.7243 110.0553 108.1830 111.3128 114.7721 115.2500 109.9637 112.1761 110.7399 109.9062 109.6221 108.5166 109.4082 109.7740 108.7954 109.0172 108.6059 109.6280 109.0371 109.4260 109.5215 108.9428 111.7635 110.1754 109.9740 110.5100
107.3300 111.3349 105.5245 107.1762 106.5398 107.2136 107.5334 106.1745 106.9216 106.5492 107.6289 108.0649 108.2090 107.8208 109.3027 107.8348 107.5112 109.0819 111.9753 109.1973 107.8665 113.5204 112.1256 109.9835 109.0172 108.2125 108.3432 110.9705 113.5795 117.9133 108.3463 110.5556 109.8058 108.9243 109.3917 109.4444 108.9888 110.1471 109.9677 110.5600
106.7300 106.5815 106.4927 105.5211 105.8628 107.2635 105.7755 106.3857 106.6557 106.2901 107.1009 107.9995 107.4021 108.0533 108.1104 108.2639 107.1639 110.1553 107.4239 108.5262 110.2604 114.2230 109.8590 109.4907 109.1987 109.5243 108.7721 110.3650 117.1965 111.4297 112.1327 111.1150 109.3482 108.6729 109.3745 109.4867 109.7496 110.4892 110.0391 109.8300
105.6800 105.6417 106.5309 105.1545 105.5965 106.1355 106.2737 105.4063 106.6596 107.5710 107.3593 107.1678 107.2264 107.3377 107.8159 107.4634 107.3559 107.0336 107.4310 108.6681 107.9198 108.5985 108.4217 109.6033 109.6628 110.1073 110.1777 110.4454 113.0071 108.7624 109.0108 107.9915 107.9052 109.1487 108.8941 109.7790 110.6303 110.5438 110.8805 109.1400
106.8000 106.4632 106.7714 105.9987 106.5486 106.2425 105.8212 107.0725 106.8299 106.3459 106.5259 106.0457 106.2557 107.5148 107.3433 109.5112 106.1301 107.8418 108.0842 108.3884 108.6202 108.0705 109.0232 109.1649 109.3932 109.0919 112.3584 109.0224 108.7157 110.3567 111.0392 108.6441 109.6019 109.7494 110.0767 111.4421 111.7153 110.9311 110.8387 111.8900
106.2700 106.3669 106.4287 106.0537 105.6337 106.1322 104.7547 105.5655 105.5026 104.8613 105.7510 105.0346 105.7743 107.0540 106.9357 107.4169 107.3136 107.7229 107.0309 107.2876 108.3651 108.1516 108.8956 109.1110 109.2535 109.5485 113.1188 110.1356 113.2319 110.8955 115.3624 110.0423 108.6802 108.8189 109.2746 109.7543 109.6325 111.6244 110.0810 111.0800
104.7500 104.9756 105.0791 104.7158 105.1605 105.2681 104.2150 104.5301 105.4403 106.1781 104.6627 105.8609 106.3441 106.7090 106.4334 106.1890 106.6806 106.7921 106.9522 107.6409 108.6737 107.4996 109.0188 108.9923 108.9952 113.7534 112.2288 109.8511 113.5285 111.7506 110.9025 110.4600 109.6384 109.1812 110.0231 111.8282 110.9674 109.5964 111.7070 111.1200
103.0500 102.9287 102.7837 102.7449 102.7089 102.9800 103.1551 103.7418 104.7068 105.1556 106.6020 106.0409 105.2062 105.8247 106.6206 106.0886 107.2510 107.2134 106.8091 107.3524 108.4503 108.3848 108.7806 111.2654 108.7821 110.6325 110.1191 109.1167 114.7209 113.8670 111.9034 108.3575 110.9564 108.7265 108.9495 110.6095 109.8611 109.5604 109.9930 109.2600
102.5600 102.4053 102.3872 102.3485 102.3636 102.4304 102.4683 102.6940 102.9614 103.6329 103.9257 105.9002 103.6997 104.8037 105.6296 106.6590 106.2466 107.4642 107.5742 106.5092 106.8783 106.9460 108.8413 109.4141 108.2030 108.8803 109.3122 109.5971 111.6084 115.0564 114.7455 110.7629 109.1066 108.9501 110.1814 110.5698 109.5160 109.4977 109.2769 109.5900
101.6500 101.5259 101.3695 101.2951 101.2485 101.4621 101.6147 101.8074 102.4215 102.5951 103.8006 105.5419 105.5334 106.1598 105.2294 106.2356 106.1545 106.1188 107.1684 106.3130 106.6776 108.0654 108.6920 108.2598 108.1833 107.8846 109.1873 109.6177 112.2418 110.1896 109.6497 108.7001 108.4820 110.8994 111.0114 111.0106 114.5259 115.3991 110.7680 111.8200
100.9100 100.6522 100.3230 100.2532 100.3076 100.4404 100.9337 101.0346 101.7909 102.1594 102.4072 102.9629 104.6800 106.0545 105.3526 106.3738 105.7728 105.9617 107.4836 106.9005 106.6856 108.4120 107.6822 107.5926 109.0973 108.4247 110.4806 110.4500 110.1652 107.8734 108.9377 109.6250 111.3842 110.7302 115.0795 112.6191 116.8880 112.3944 111.9921 111.8400
100.4100 99.4761 99.4007 99.9091 99.0082 99.3950 99.8027 100.0952 100.6659 101.4570 101.8935 102.5150 102.9946 105.5171 105.2476 106.3012 105.3754 106.0164 106.3345 106.2301 107.3990 107.9536 107.9013 108.1390 108.7270 110.8100 114.0943 106.7121 108.3342 110.0946 109.9291 110.7555 114.7272 115.7510 110.8175 109.7783 109.9403 110.2728 110.9943 110.0800
99.0600 98.9966 98.0250 96.8712 96.8219 97.2095 98.3185 99.1026 99.9221 100.5936 101.2343 101.8914 102.4640 104.4716 103.5503 105.2032 106.7517 107.0885 106.4433 106.2978 106.6092 107.7257 106.9480 108.7038 108.0127 107.9714 107.7971 108.4595 109.4762 109.2835 112.6744 115.5479 115.0295 116.4656 116.4893 114.0737 109.1168 109.6024 113.4323 108.6500
96.8900 96.4099 95.5409 95.9509 96.7107 95.8343 95.6361 97.2435 98.8580 99.1272 99.8792 101.1038 102.0632 102.7216 104.0388 105.4083 106.3311 106.4985 105.0105 107.3485 106.7477 107.4746 107.2969 108.4944 108.2966 107.8545 108.1754 107.4461 111.4631 111.1315 113.2807 114.9836 112.8770 117.0456 112.4050 109.9348 110.7018 112.8619 113.0152 112.1900
95.4500 93.9356 93.1812 92.5806 92.6784 93.8159 94.2826 95.5258 97.6389 98.1798 99.2820 100.4074 101.8953 102.3849 103.0234 105.8951 106.2773 105.4814 105.8092 107.2354 106.3686 106.7816 108.0355 108.4272 108.5375 108.3547 111.7934 108.9759 113.3268 113.2236 109.2707 112.6970 108.3316 112.9285 110.5432 109.0499 115.1582 113.8520 112.6364 112.5900
93.5800 92.2290 89.3253 89.8922 91.2153 92.1223 93.6259 94.5659 96.8651 97.6386 99.1493 100.3363 101.6814 102.1580 102.6168 104.3776 105.9903 105.8631 106.9440 107.1033 107.2296 106.8306 107.8011 108.3016 110.5582 110.1492 115.5023 111.9993 114.3089 114.3534 110.2905 110.1239 109.9677 113.4946 110.9226 113.9056 112.3031 115.7612 115.6748 111.6900
89.8800 88.7159 86.1709 85.2400 86.1376 89.6810 89.4916 92.6329 94.5388 96.9815 98.6353 99.8751 100.9943 101.8814 102.4248 103.2654 104.6776 106.7698 105.3438 106.3157 106.3989 107.4505 107.6351 107.8421 113.0389 112.2679 110.6106 112.1268 113.6507 112.5776 111.9526 113.5776 114.0742 116.3577 116.3360 112.0728 117.0671 111.6448 109.9848 111.1500
87.2000 87.4356 82.3588 75.4429 77.5910 89.3923 89.3315 90.4097 92.7974 97.3316 97.8315 99.7912 100.8642 101.7699 102.4329 102.9503 105.9006 104.5706 104.4463 105.8456 105.6895 107.1877 107.5533 107.0622 109.3483 108.9929 108.2382 108.7453 109.9906 110.2479 110.2458 110.7825 114.3094 115.5828 116.0082 112.0485 109.3445 108.8572 109.3130 115.6000
88.8400 85.0424 71.5466 64.5356 70.0619 85.5077 85.5440 90.5062 93.1412 96.3275 98.1342 99.8039 100.6933 101.6151 102.5131 103.3227 103.8959 106.2913 106.1241 106.4826 106.8704 107.2499 107.4024 108.0231 107.5878 108.3734 109.0079 108.3001 108.9721 109.2047 109.9276 109.9394 110.1504 110.7871 110.2229 113.5998 109.9784 109.4064 109.1972 109.7000
98.9900 81.0084 67.5136 62.4966 67.8038 80.8090 84.3704 89.2681 91.8452 95.2986 98.2487 99.5552 100.6568 101.4264 102.4230 102.9867 105.7298 105.4792 105.9723 106.3726 106.2413 107.1969 107.0664 108.1785 108.4306 108.4917 111.6638 108.2073 109.1216 109.6178 110.0165 109.9814 114.6034 110.0893 109.5076 108.7396 114.2357 110.4980 109.1620 109.6000
99.1000 82.7170 70.2991 66.3463 70.8223 81.8302 84.6875 89.4246 91.9467 95.5316 98.1825 99.5567 100.6807 101.4499 102.4486 103.0798 105.7424 104.6956 105.9041 106.4102 106.3222 107.8075 107.4387 107.6638 107.9990 108.5762 108.2177 108.7698 108.9403 109.5977 110.4698 111.5002 113.5080 110.7287 111.0168 109.3643 114.5244 111.7455 110.5952 110.0800
89.1200 86.6961 79.0164 75.2555 80.9561 87.9324 86.8084 90.2409 94.7953 97.6305 97.8931 99.5516 100.6121 101.5344 102.5750 103.2256 105.5289 106.4609 105.7686 106.8464 106.1725 107.5177 108.2123 107.2527 107.3161 109.7869 110.3690 109.8959 111.3563 109.5641 112.2784 109.7535 110.4070 110.3700 109.8817 108.1360 110.3798 110.9700 111.2282 111.2000
89.9500 87.8573 87.6777 83.5120 87.1343 86.9989 90.4735 94.3001 96.6962 98.1076 99.1522 99.9405 100.8068 101.8142 102.8470 103.2538 105.9225 106.5577 106.3061 105.4496 106.3470 107.2318 108.1095 107.3825 108.2620 109.1984 113.2049 110.9568 109.0465 109.0609 108.9833 110.1196 109.0377 112.0245 110.1742 108.2235 110.0189 111.1286 110.3391 110.1700
92.6900 92.3891 90.0565 88.8204 89.5553 91.2069 94.2351 96.2499 97.4323 98.5209 99.6835 100.3987 101.3793 102.1358 102.7985 103.3734 105.7751 105.6878 106.6005 107.7656 108.0297 107.0551 108.0628 108.3294 107.7184 107.7426 107.8133 109.0946 109.1470 109.9274 112.8518 109.8056 111.5098 109.0443 111.1620 109.3708 110.5605 109.6750 109.9505 110.3000
96.0900 95.1577 94.5684 93.7090 94.2003 94.8629 96.1340 97.4342 98.6304 99.1983 100.1129 100.5522 101.7176 102.4459 102.9707 103.5297 105.9468 106.0941 105.7690 105.6453 106.5439 107.4253 107.9673 107.5644 110.0627 111.4441 110.9741 109.0497 109.1797 111.0318 108.2813 109.1489 115.1779 109.4696 111.5850 112.2094 114.9991 109.8848 109.0327 110.1200
96.7700 97.0631 96.7434 96.0718 96.6771 96.9343 97.8412 98.6977 99.6124 99.9209 100.7679 101.0235 101.9971 102.6150 102.9934 105.1385 106.0967 105.9639 105.6813 106.2300 106.2368 106.9589 108.1983 108.7377 111.1243 113.8262 110.7785 108.3722 108.8089 111.1590 112.1870 111.2125 112.7052 109.4010 108.4532 111.3110 109.9269 110.4478 110.6108 109.8900
99.6200 98.4701 98.0424 98.0158 98.3434 98.5213 99.1686 99.5861 99.9969 100.5370 101.3496 101.7824 102.3147 103.0969 103.5631 105.9386 106.3211 105.7610 105.3423 107.1413 106.3396 107.2885 108.2687 108.4148 109.6715 109.7828 108.9154 109.5465 111.1217 109.6142 112.9109 111.8826 112.0395 108.9290 110.1233 109.8510 109.8760 109.1060 112.9394 110.1700
100.6000 99.9553 99.5755 99.3673 99.5424 99.8442 100.1733 100.4884 100.9672 101.4238 101.8449 102.4630 102.8911 103.1943 104.5390 105.1504 105.1946 106.7464 105.9264 106.2260 107.0175 107.7169 108.1332 108.7111 109.0525 109.1480 109.2459 109.4416 110.4237 109.8843 114.7230 112.8940 112.0278 115.2691 111.6074 113.4755 110.3067 113.0187 110.5044 113.9700
100.6000 100.8844 100.0424 100.5138 100.6580 100.8891 100.9725 101.3853 101.7796 102.1333 102.6131 102.8863 103.6014 104.8923 104.7418 106.4018 105.6267 107.1493 105.9748 106.2765 107.0188 108.3961 108.3328 108.9693 108.3948 108.7656 109.3425 109.3775 109.8580 109.9868 109.9386 109.4502 113.5045 115.0940 111.5168 116.2468 112.1926 110.5983 110.0859 111.7200
101.5300 101.6000 101.6000 100.8100 101.5000 101.5000 101.9800 101.8800 102.3100 102.3000 103.1200 103.1200 103.8000 104.1900 105.0100 106.4500 106.7800 107.3300 107.0300 107.6400 107.3800 108.2800 108.6600 108.4800 108.5700 109.3400 109.4400 109.2100 109.7800 110.1800 110.1600 109.8200 111.5900 111.4800 113.2900 114.1900 108.4700 112.2200 108.8800 111.7500
