112.9800 112.9800 106.8400 105.6600 104.8300 104.6100 103.4800 101.8800 101.3500 100.8900 99.9500 98.9900 98.5000 98.5000 96.9100 96.9000 98.2300 98.0500 99.2300 99.1200 100.5100 100.5100 103.6800 101.2200 102.3400 104.7500 102.1600 113.8300 112.3600 107.0200 105.5300 104.5100 103.8200 104.8300 105.9300 108.3600 109.7100 112.8900 114.7700 116.9700
106.5400 110.7573 107.0253 108.2039 106.5039 103.8769 103.6476 101.3490 100.5712 99.7348 98.9140 98.1179 97.4014 96.7791 96.1086 96.0053 96.3806 96.9532 97.9229 98.5286 99.3306 100.1842 101.3478 104.2669 100.4771 103.6022 103.8733 112.0795 115.1584 109.2231 106.4171 104.7129 103.6700 104.4010 105.9912 107.7168 109.4805 108.5931 113.9743 116.5900
106.6800 105.2222 105.2405 105.5596 104.2113 104.7452 101.5920 100.7316 99.6143 98.6078 97.4777 96.5675 95.5842 94.7178 94.4398 94.4215 94.3015 95.0190 96.3274 97.3529 98.2792 99.3483 100.1278 101.0070 102.5292 100.9022 105.7374 112.9373 116.2516 111.4532 107.4760 105.3517 104.3246 104.2138 105.6593 107.2458 109.0397 110.4837 112.9318 116.2600
105.9200 105.9820 104.2494 105.0570 102.5827 107.7428 100.5076 100.3033 99.5184 98.1937 96.4036 95.0191 93.3832 91.9904 91.2474 91.1263 91.5178 92.7545 94.1547 95.6711 97.1468 98.4376 99.6062 100.4365 103.2794 100.8192 103.1546 109.3388 115.6828 113.2631 108.7269 106.2283 104.6363 103.6745 105.2694 107.0552 108.6465 110.8860 113.1550 113.9700
106.3000 105.2535 104.3482 104.4340 103.3046 101.3378 100.5284 100.0813 98.8417 97.4265 95.2435 93.3408 90.7000 88.6398 87.1717 86.7477 87.9436 89.6620 91.9716 94.0947 95.9695 97.5791 98.9020 100.0895 102.2342 101.2554 101.9943 106.8588 114.3497 114.3796 109.6700 106.7817 105.1434 104.8005 105.3160 107.0007 108.6359 110.5203 112.6068 113.7000
106.2700 105.5502 103.5258 103.8489 103.9148 101.0967 100.8909 100.0944 98.5777 96.1334 93.8103 91.2969 88.4878 84.3745 82.3331 82.3665 84.2403 86.8499 89.6104 92.4646 94.8406 96.7706 98.4079 99.6604 100.5196 101.6840 101.3958 104.9659 111.9109 113.4495 110.1402 107.4493 105.7018 104.5874 105.2378 106.7720 108.4154 110.2680 112.3292 113.5500
105.1500 105.5250 103.3737 103.4211 102.9908 101.1603 100.3461 99.2702 98.4124 96.6453 93.2603 90.1983 85.8321 80.4450 73.8744 71.7496 77.6317 83.5383 87.4283 91.0439 93.8619 96.2897 98.2997 99.3942 100.6290 101.8201 102.4854 106.8323 108.7412 112.5055 110.3520 107.7033 105.9263 104.6344 104.9450 106.4817 108.1453 110.0248 112.1066 113.3900
104.7300 105.0127 104.3075 103.4648 101.6848 101.2713 100.1002 99.0198 97.5527 95.6605 92.5615 88.3953 84.1585 77.1437 67.6329 64.9575 70.5202 80.6250 85.8682 90.0612 93.4514 96.0750 97.7977 99.5818 100.3690 101.3611 105.4017 108.8133 108.9141 113.5312 111.2321 107.9035 105.8464 104.5335 104.7274 106.3041 107.9978 109.8770 111.9911 113.3400
105.4100 104.5335 105.6050 104.8914 101.5998 101.2177 100.1786 99.1890 97.3737 94.9124 92.2560 87.3889 83.7260 75.3835 64.4543 61.7045 68.5540 79.8179 85.4478 89.7911 93.3644 95.9085 97.5201 99.6259 100.3598 101.6679 105.7793 108.3719 108.8069 113.8618 111.4923 107.8865 105.8439 104.5374 104.7002 106.2981 107.9728 109.8496 111.9515 113.3200
106.2900 105.9560 104.5602 104.9156 101.8939 101.1020 100.2831 99.1972 97.8003 95.1851 93.4411 88.3976 83.4226 78.5958 71.2866 69.5933 74.2411 81.1335 86.3338 90.2630 94.0466 95.9090 97.9271 99.4076 100.5248 101.2480 104.0039 110.4585 111.9985 114.8598 111.3084 107.9679 105.7952 104.5551 104.7927 106.3824 108.0720 109.9160 112.0227 113.3400
106.0200 104.5238 103.8181 104.8338 101.8701 101.1524 100.7315 99.5380 97.7821 96.2632 93.9722 90.4652 85.8731 82.2991 78.3613 77.4247 80.6426 84.4652 88.4996 91.8068 94.4056 96.5043 98.2401 99.5847 100.6259 101.9706 102.7376 110.0637 109.6356 115.3382 111.2716 104.2937 106.0059 104.4784 104.9273 106.5091 108.1975 110.0777 112.1824 113.3800
106.3600 105.1037 103.9201 104.3655 102.3662 101.7118 101.0577 99.9326 98.8398 97.6248 96.0145 93.1417 89.4225 87.0841 85.3800 84.1702 85.4630 88.2748 91.8847 93.4618 96.0819 97.7874 98.8865 100.2724 100.8931 102.1350 103.2930 104.8143 110.7663 112.2908 110.5766 104.1740 105.8382 104.4841 105.0320 106.6349 108.2539 110.1855 112.4723 113.4700
104.8100 105.1358 104.0533 103.7011 102.8011 101.8027 101.2455 100.3855 99.7524 98.6886 96.2937 94.5273 94.0837 90.9418 89.3644 88.6974 90.1297 91.4067 94.0896 95.4085 97.9651 98.8889 99.8520 100.8196 101.9660 107.5274 104.5449 103.1050 110.3117 106.0355 113.5128 110.1777 105.4083 105.2969 107.2386 108.1072 110.1694 111.9764 112.8138 113.5800
105.4800 104.4564 104.5286 103.9858 103.0473 102.2715 101.5550 100.9248 100.2471 99.4202 98.1548 96.2624 95.2502 93.9305 92.0616 92.2709 94.1299 94.0913 97.7966 97.9941 99.0481 99.2178 100.3990 101.3199 101.7197 103.1824 103.7535 105.3191 108.1221 108.2196 112.8174 106.2916 109.7751 110.2646 116.2161 114.8107 117.6575 118.4843 115.8213 112.2100
106.6900 105.2318 106.6756 104.7912 103.7768 102.6560 102.0684 101.6154 100.7997 100.3408 99.7892 98.4779 97.2731 96.5308 95.0347 95.5637 96.4634 97.2154 98.3281 99.2721 99.6239 100.1906 100.8827 101.8796 103.1472 104.7510 105.5486 104.6182 104.5584 103.9252 112.0259 104.7192 112.5346 109.9493 115.9794 113.9117 116.8735 111.2188 113.7262 116.4100
107.3100 105.7433 106.1923 104.1225 104.8732 103.3036 102.5779 102.0123 101.5034 100.9764 100.4066 99.6235 98.8331 97.7080 97.1822 96.7662 99.0020 99.2508 99.5161 99.7179 100.2223 101.0578 101.6329 102.4537 104.3265 104.9570 105.8982 105.6943 105.3515 106.7175 108.4850 106.1305 110.1140 110.6602 111.7847 114.0647 116.2642 114.9865 111.9815 113.5200
107.3100 107.1177 106.7497 105.0276 105.1351 104.0104 103.1583 103.3092 101.9664 101.6170 101.1824 100.5583 99.8852 99.4623 98.6796 98.8921 100.1100 100.2977 100.5512 100.5197 101.2449 101.5988 102.4283 103.9065 105.1477 104.8585 106.1267 106.1211 106.6684 106.4596 107.2599 107.5380 107.6268 105.0323 111.0676 105.5284 110.3551 117.2061 113.1386 112.6400
106.4500 106.0713 106.7772 105.2451 105.4406 104.1473 104.2947 105.2683 102.6100 102.1689 101.6801 101.2423 100.8704 100.6724 100.3774 100.4936 100.7528 101.1750 101.5174 101.7071 101.9430 102.9353 104.0995 104.7030 105.6902 106.0276 106.7761 104.6805 106.6534 107.1079 107.3262 106.5090 109.1532 107.6090 109.0455 106.5742 109.8124 112.5973 115.0443 111.9600
106.1900 105.7460 107.0436 105.5940 104.9036 104.1889 105.4023 105.6413 103.9381 102.7723 102.3408 101.8096 101.5658 101.2402 101.5676 101.5977 101.6789 101.8675 102.0003 102.3840 103.2782 103.9764 104.1688 105.3144 106.1014 105.3066 105.7663 105.0326 104.8625 106.4293 107.1252 107.7159 112.6544 109.5906 106.9590 106.8042 109.5366 108.6191 114.7023 110.3200
105.9400 106.4378 107.6246 106.0218 105.2438 106.5243 106.2309 104.8445 105.0952 103.5937 104.8028 103.1053 103.5892 103.1004 102.2064 102.2564 102.2644 102.4118 103.0392 104.7873 105.1251 104.5545 104.6657 105.0571 105.3348 110.0380 107.7585 107.3035 107.0708 111.5869 107.1594 109.4713 108.0605 108.6262 107.6226 107.8067 109.1072 112.7493 114.3474 111.4900
106.9900 107.7486 106.5378 105.7819 106.1140 106.4115 106.4321 105.3845 104.4510 104.9724 108.6681 109.2817 104.0208 104.9895 103.4302 103.8078 102.9377 105.0090 104.5457 103.7479 103.7896 104.6493 105.1673 106.0915 105.6589 106.8410 104.6297 106.2163 108.4385 113.1941 109.5912 112.9806 110.1886 107.4206 107.7033 107.8952 108.8260 109.3275 113.5251 114.6500
107.4900 108.0011 106.0523 106.2787 106.3350 106.5065 106.8225 105.2416 105.8195 105.6895 109.9430 107.1396 103.6924 104.6357 104.7160 105.9231 105.2853 105.6168 106.1334 106.0712 105.2476 105.3638 106.3510 106.5350 107.0698 105.7915 106.6783 105.4627 108.1197 107.7272 112.1875 113.4907 113.0739 106.7829 108.5533 108.4967 109.1780 109.3036 110.0964 114.8200
111.6900 110.5853 106.3045 106.4892 107.5264 106.4226 107.1691 105.5020 107.9524 105.8795 111.7522 105.2533 105.7749 104.3732 104.8044 105.6409 106.4346 105.3295 105.9557 106.3689 106.7550 106.7569 106.6201 107.0640 107.5090 106.5320 107.4160 106.7841 112.2225 112.7303 106.6174 107.9531 108.3868 111.2887 112.2316 110.7770 109.5593 108.6621 108.9800 109.8900
107.1600 106.3734 106.9938 107.4104 107.0464 106.4671 107.4171 106.4372 107.9295 113.1922 108.8573 106.9333 106.3258 106.0714 105.4706 106.1757 106.4534 106.9863 104.8725 106.3441 106.5865 107.1270 105.6765 107.1030 107.3853 106.7745 107.1708 107.4775 109.2310 111.1913 107.2919 107.6589 108.1068 110.2950 113.1238 108.4625 109.7216 108.9959 110.6477 110.0200
108.7600 108.6191 107.8532 107.4639 107.9420 107.5164 107.1465 105.7727 106.6173 111.9687 106.9602 107.2181 106.9365 106.7991 105.2155 105.9676 105.6514 107.3980 106.5490 105.8552 106.9307 107.1705 106.1029 106.0541 107.9801 107.1310 108.0585 108.3077 108.5611 107.6607 109.6775 108.4997 108.8021 109.5667 114.0986 113.3381 112.8193 112.3632 115.2893 115.6200
108.7600 108.6097 108.2542 107.5025 108.3015 108.0103 111.1257 112.9083 113.6075 112.0620 107.8357 107.6425 107.5282 106.9438 105.7419 106.1365 107.4523 106.8321 107.8354 106.6994 106.9727 106.2871 107.3967 107.5559 107.7611 107.5765 108.2745 108.9129 109.4915 108.5647 114.0614 109.0662 109.8670 112.6058 111.3517 111.1191 114.0247 116.6636 113.7845 115.6200
108.6600 107.9950 108.7061 108.5045 108.1956 110.9772 114.3981 114.2717 114.4429 106.9441 106.7557 106.1958 107.8838 107.3638 106.3529 106.5701 107.7947 105.8149 107.8682 106.4746 107.0945 106.8222 107.3348 107.1791 108.1199 107.8686 108.5622 109.5152 108.3644 107.9877 111.7139 109.3897 109.6141 110.4138 112.8674 110.0508 114.0749 113.0680 114.6770 114.4800
109.0600 108.6487 108.8389 108.9233 108.1421 112.1041 113.5790 114.3497 109.4480 107.2569 107.1371 108.0699 107.8556 106.2155 107.6525 106.6323 106.9056 106.8901 108.5709 107.3135 106.8978 107.5460 107.3351 108.2465 112.5085 109.2464 108.9542 108.9612 109.4633 112.0744 109.9318 114.1778 109.6441 114.5198 114.5871 112.9324 112.9786 113.2862 113.6172 109.3200
108.5000 109.3509 109.3170 108.0513 108.2763 113.4291 116.3251 109.3242 109.3711 112.2040 110.5004 108.3175 107.6804 106.9789 108.5708 108.5533 107.3756 107.1428 109.5083 108.6982 110.3100 106.5304 107.5498 108.7894 112.7073 111.6302 108.2467 109.5878 105.5329 112.1957 109.1286 110.1625 113.8937 110.1839 115.3941 115.8300 110.2085 108.6984 109.6707 109.6500
108.6600 105.5059 110.0249 107.8717 110.6482 109.0035 114.7109 109.3976 110.0695 108.4855 107.7991 108.3056 109.1388 108.0146 109.8467 108.4491 108.5666 108.2444 109.0347 109.1952 112.3666 107.5960 107.7117 108.9903 109.2966 109.7599 110.4609 108.4799 108.5109 110.1958 111.0991 108.3954 112.3014 114.6676 109.5203 116.2157 117.0496 110.5372 111.0075 111.2700
108.8900 104.8321 105.6800 111.5027 113.7551 114.6582 115.0382 112.0629 114.1752 113.5517 109.5185 108.8817 113.6612 109.2144 108.3662 109.3289 110.9304 108.2152 108.6885 113.9420 111.5948 108.6198 108.0252 108.6314 108.6470 113.7084 109.5462 108.7030 109.2797 108.3614 107.9032 111.1871 111.8050 115.6293 111.9541 113.8916 114.3045 111.1101 110.4081 110.2200
105.6900 106.4260 107.5324 110.5702 110.5347 111.7893 112.2273 115.8976 113.6209 115.3329 107.5587 108.6540 111.4845 112.6896 102.6868 105.0646 112.3245 109.0949 110.1441 111.9332 115.1796 110.9318 107.7602 108.9351 108.8788 113.3244 108.6736 111.0954 109.2402 109.1355 109.7519 111.7207 110.0989 110.4135 113.3058 109.7816 109.3314 109.2374 109.9798 108.6300
112.4100 109.4656 110.1089 112.4734 115.4763 116.1326 111.1473 104.9343 109.0308 114.6662 111.2334 112.8283 113.0458 110.7160 107.5291 107.6071 110.8694 109.3383 110.6742 109.9585 115.7534 110.7240 110.7860 108.8082 109.4500 109.1363 111.5557 114.2004 110.2360 113.2734 110.3269 109.8568 111.4451 111.8738 109.5880 108.2252 112.7061 110.5020 109.9970 110.5700
114.9100 109.3288 109.7122 113.0783 118.2771 114.7688 110.9848 112.8816 110.7546 113.3166 110.5411 111.2929 110.9973 111.9851 112.8289 112.9497 109.0803 108.7722 110.5135 112.1659 114.6783 117.4367 109.4533 111.8170 108.8124 110.7801 110.1087 111.7187 111.8230 109.5181 110.2775 109.2927 110.6211 110.9744 108.4929 110.0388 107.9359 109.0681 111.3445 111.5200
110.5600 109.2235 111.1521 114.8115 113.9889 115.6192 108.9852 105.9334 115.3635 113.2536 112.3533 112.3303 114.2891 115.3734 111.0155 109.6133 112.4142 108.9184 109.2056 113.0706 113.2791 116.9350 113.0779 112.6573 109.7072 111.9101 111.3621 113.1745 114.6295 112.4670 109.5928 109.8248 111.6790 110.6992 107.9731 109.9519 109.1955 108.8571 109.0236 110.2400
115.8200 110.3984 112.4419 114.8309 111.0787 112.2287 107.7649 106.4133 113.5744 113.9758 108.5863 116.2521 113.5538 109.6596 105.3299 114.0712 112.8326 109.2166 110.0198 111.1041 112.3733 113.0897 111.8787 113.9644 111.8154 112.3932 114.5782 112.8861 111.3429 115.3049 110.3059 113.4421 113.0001 110.4497 111.3089 110.4991 109.2707 110.1632 109.5432 110.2400
112.2800 111.8975 116.9523 114.0663 107.7796 111.2599 108.2090 111.5850 117.9224 115.6722 110.4548 114.5786 113.8035 112.4227 112.8089 110.2755 112.1940 110.4028 111.4922 108.0913 111.3741 109.2382 108.3780 113.2371 114.0200 113.1351 115.1911 112.8368 112.7517 115.9641 109.1548 113.5494 111.6172 109.8968 111.5814 108.7799 110.1424 110.4057 109.9035 110.2400
111.2400 116.1961 116.8991 115.2227 109.0456 109.4518 107.7023 111.0496 116.5903 110.0199 109.5350 115.4488 113.4293 115.1174 115.9638 115.2641 112.3251 109.6690 111.5713 113.6362 109.5681 109.4186 110.9473 113.4171 115.9255 116.5074 114.7828 113.1924 109.2332 109.2182 110.8937 112.6526 115.6504 116.7132 112.3253 113.1897 110.4999 110.7123 110.3457 109.9400
111.2400 116.4534 116.9004 112.1734 109.6556 112.4082 111.6546 112.9516 115.3494 112.7621 111.5272 114.3975 114.3242 115.7527 112.6377 115.2595 115.5517 109.9777 108.2301 109.4697 109.3981 108.2853 110.6820 116.6363 114.2792 115.1513 113.2113 109.7994 109.0360 109.8247 110.5932 112.2739 111.9050 114.8041 109.3308 114.0578 110.4232 109.2273 109.8211 114.3100
119.2500 119.2500 116.4300 110.9400 110.9400 112.4400 112.4700 113.1400 116.7900 113.0700 111.0600 111.0600 117.6100 115.2900 115.5000 114.6300 115.6400 109.1100 108.9700 109.8000 110.0500 108.8900 113.5500 113.6000 112.1200 111.7600 114.1400 112.8500 110.4500 110.4300 109.2400 110.7800 110.7800 112.5700 111.6800 109.5100 109.1500 109.5000 109.5000 114.3100
