111.0300 109.6000 108.6200 109.4200 113.1000 113.3100 109.5000 110.7000 109.7700 108.8000 108.9400 109.8300 110.0500 110.0500 110.0500 109.7400 108.8300 108.8900 119.9500 119.9500 114.4600 112.5300 109.6600 113.9500 109.6200 111.5700 112.8800 112.8800 111.4000 114.9900 114.6400 114.4200 114.1300 111.0500 113.7200 113.7200 113.3200 113.1200 113.0300 112.8900
108.8500 109.0510 108.1706 109.6244 109.7901 113.7342 109.4737 112.3193 110.4755 109.5151 110.7950 110.2421 110.1338 112.1481 110.4153 109.4549 110.0954 110.2087 117.0286 110.3579 112.8108 110.2614 109.5510 111.5254 113.6064 109.2413 108.9047 112.0962 109.5937 111.4704 113.4807 114.6948 114.1770 111.8380 111.4766 114.1683 111.5287 111.4366 113.3495 113.1300
110.0200 108.7331 111.9672 110.2014 111.4728 112.0100 113.8043 112.0402 109.1585 110.4426 108.7899 111.6143 109.9023 111.5684 109.4696 111.1546 111.0576 110.7700 113.6384 108.0837 115.6535 112.8036 109.4167 111.9884 109.7352 109.4406 109.3614 109.6390 109.0708 109.9346 113.5684 115.2144 114.7261 112.7234 110.4936 110.4073 109.7306 112.6941 110.8781 110.7600
108.7800 110.5590 111.8479 109.6028 110.2400 111.9613 110.3773 110.5369 108.7924 110.2049 109.1297 110.3183 110.2502 111.0271 109.5961 110.8340 113.3445 115.9368 111.7233 108.9743 109.8671 113.1963 114.6775 113.2703 109.9761 110.0390 109.6684 109.4974 109.3174 112.1708 111.3653 115.4469 112.8987 113.3888 109.8036 110.6378 109.7935 112.1029 111.3902 111.0100
112.9100 110.3948 112.2533 111.2836 108.1023 109.0992 110.9209 109.5842 111.3982 110.7836 109.6757 109.9029 109.8988 109.4763 108.2549 110.2684 109.6974 116.7540 112.0986 111.6322 108.8847 109.6217 108.7809 111.0836 109.4296 109.6983 109.6495 110.7939 109.5581 111.4077 110.6447 114.2340 112.2515 112.3496 111.3288 111.7811 110.7290 110.6606 111.6587 112.3100
110.7600 110.8607 111.1148 112.6288 108.9105 109.7265 113.0018 112.4330 112.3951 114.2882 113.6796 109.5510 109.9156 109.4825 110.0054 109.8534 118.0070 116.8159 114.5097 109.9326 109.6476 108.8706 109.6480 112.0363 109.7772 109.7510 109.7270 110.5284 109.2900 109.3629 110.7271 109.4809 109.3692 109.6230 112.0852 113.0169 112.9260 110.5479 110.5382 112.3100
108.8800 109.0175 108.0042 112.9812 109.8144 110.6568 111.7974 111.4063 109.3510 109.7779 110.6167 109.8277 110.1307 110.4510 115.0490 110.5663 114.5293 115.2598 114.0328 108.8660 109.3480 109.8421 108.5209 108.7236 112.6176 110.0405 110.0851 110.0566 109.8475 108.9331 108.8576 108.6399 108.5810 109.2736 114.2309 112.9276 113.3260 111.3669 111.6329 109.3100
114.0200 109.1745 109.6670 110.8455 109.7743 109.9335 115.1330 113.9964 109.5785 109.5005 109.7191 109.6753 109.3038 110.1185 108.7252 109.5949 114.5876 115.8249 113.3005 108.7451 109.2648 110.2448 109.3382 107.9038 111.1490 108.3328 110.3307 109.5039 110.0333 109.4585 108.9292 108.5233 109.0220 108.8142 112.9439 112.9331 111.5759 109.7014 110.6479 109.3200
113.6500 109.5183 111.6140 111.7222 109.7918 109.6884 110.2091 109.8127 109.9038 110.0165 109.2699 109.5034 110.2170 112.2183 111.3067 113.0936 114.2224 112.3149 110.5411 109.6244 110.5037 108.7066 109.3549 109.1899 108.3756 109.3886 112.6651 108.7874 109.4451 107.6908 109.8063 109.0918 109.0924 109.9855 109.4925 111.1877 110.5056 109.6964 109.5325 109.5100
110.0300 110.9864 109.2660 109.0908 109.5990 108.6953 109.7695 109.7781 109.7047 109.6873 109.5357 109.8651 109.4472 111.5216 110.7879 114.9905 114.5978 112.4230 109.3391 109.7062 107.9538 108.8192 107.9739 110.5326 109.2298 113.5825 112.9785 108.1662 112.4358 109.1041 109.3880 108.9752 109.8786 109.2711 109.9839 110.3246 110.3378 110.5682 111.5438 110.3800
109.5600 109.4540 108.9888 108.9713 109.5896 109.5723 108.3824 108.2960 109.1993 109.0539 109.0023 109.3384 109.6832 109.2244 108.6618 114.1835 114.5850 110.3054 111.2118 115.9363 113.0319 111.1543 109.0605 110.2407 107.9435 115.3357 117.5872 109.0527 109.7148 108.5809 109.2730 108.9908 109.6607 109.5702 109.9105 110.6083 110.0314 110.0028 110.0430 110.5900
108.9600 109.1734 108.6740 108.3834 109.0841 109.0202 108.6149 108.6631 109.2944 109.4312 108.9900 109.2111 109.4062 109.4876 109.1445 111.5479 109.7748 108.8361 109.5677 109.2176 114.5106 111.9601 110.8809 109.8364 110.1885 110.9824 113.7755 108.2776 109.4595 108.9838 110.6742 109.3418 109.1689 110.3156 110.0744 109.7205 109.6743 108.6914 108.9457 110.5200
108.9600 109.2031 108.5619 108.3596 108.2301 108.9372 107.6873 108.1629 109.1112 108.7690 108.1974 108.1919 108.8567 109.2899 111.8388 109.3899 109.4914 109.1274 113.5991 110.5134 110.2873 111.8835 110.0926 113.2428 112.1955 106.5534 110.0246 111.6696 111.2609 108.9574 110.0276 109.7991 108.8026 110.9417 111.2244 110.9151 111.3304 111.6719 110.6477 109.1500
108.7400 108.7641 108.2031 108.3611 107.5804 108.3936 107.7728 107.6400 107.3717 107.3967 108.7572 108.1642 108.3069 109.0614 109.0310 106.9267 109.1354 107.9261 112.4424 113.4002 115.2046 115.3080 107.8996 115.1428 117.0279 112.4169 116.6990 110.8915 107.4750 109.4269 110.7955 108.5849 109.3738 108.9156 112.2124 110.5845 111.9917 117.1282 117.2677 113.3100
108.7400 108.3375 107.8865 107.7871 107.3358 107.7349 107.6781 107.3716 107.5816 107.3778 108.8652 107.6861 107.8587 108.7943 108.5264 108.4499 108.6814 106.5997 107.9492 112.5648 111.8407 113.6475 110.0130 113.2227 113.5796 115.5376 115.5027 107.5798 108.2145 113.3318 110.6076 108.3112 110.7239 108.4715 107.9726 111.1313 111.3277 113.1074 112.4565 112.0000
108.0400 108.2592 108.6035 108.4212 107.6017 107.9693 107.8033 107.6901 107.8365 106.9813 108.0238 108.4515 106.8975 108.4561 108.3495 108.5195 111.1662 108.2078 107.8776 109.9546 109.4175 109.8348 108.7642 112.5909 113.1834 111.9400 110.7188 109.8486 110.4747 112.3209 112.9765 109.1023 108.4464 110.9046 110.1083 111.0149 109.8518 111.6664 108.8829 111.2600
108.0400 108.2712 108.2874 107.4630 107.5243 107.9437 107.7733 107.7822 107.0764 106.9646 107.7977 108.0594 107.4266 107.3179 108.2712 107.9368 109.6774 107.6831 107.7828 108.6964 108.2892 108.8598 108.7422 114.4480 110.7606 109.0570 109.2806 110.7867 110.3453 110.7628 110.3719 110.4031 109.9717 111.2071 109.2613 109.0591 112.1979 110.2241 109.9411 111.2600
106.2600 107.3744 107.9149 106.4822 107.4740 107.4692 107.8364 107.6123 106.0850 107.3256 106.6505 107.3091 107.5104 107.9865 108.1211 108.8747 112.1387 107.7159 108.3711 109.6166 111.7819 108.5214 115.2136 112.1730 108.0504 108.7651 108.8285 110.1418 110.3751 113.3980 110.5955 111.5156 110.0739 108.2617 111.2522 111.1875 114.1107 109.4968 112.2556 110.6000
106.0100 107.3976 107.5543 106.6642 106.3879 107.3562 106.0661 106.2943 107.3937 107.5475 107.7912 107.4386 107.4706 106.9732 106.0703 105.1637 106.0478 107.9691 108.0967 107.2731 110.9865 110.0300 109.4734 109.4566 107.7566 108.1510 109.5499 112.4433 111.2816 115.1913 114.6426 110.2621 109.4692 109.1540 112.0138 114.0752 110.5071 111.3284 109.2881 110.1900
107.5000 106.4275 106.1995 106.8748 106.0304 107.3728 106.7344 106.7898 106.8801 106.5221 106.5532 106.8722 107.2389 106.6100 106.7415 105.6101 106.3268 106.5347 107.7824 107.1645 110.7968 107.4641 108.4415 107.4212 108.3417 111.9717 109.1011 109.3156 113.2735 109.5195 112.7501 108.4699 108.0075 112.3014 117.4267 117.3199 116.3018 114.3910 110.7679 111.8300
106.3000 106.5529 106.3334 107.0399 106.8595 106.8021 105.7674 105.4059 106.5222 106.8275 106.2543 106.5219 106.7130 106.0763 106.7783 106.3906 105.9936 106.5277 107.5024 112.6737 113.8247 107.2341 109.0339 108.9801 108.8466 108.6688 109.3918 108.0153 112.6742 108.5940 112.2374 107.9093 114.1134 112.9458 116.4089 116.4567 111.4214 116.5796 113.9407 109.2200
106.0400 105.7376 105.3271 106.3794 106.2358 105.3946 105.2684 105.4986 105.1873 106.4974 106.3449 106.6104 106.8078 105.1662 105.5134 105.3582 105.6012 105.4096 106.2687 106.8477 109.0606 107.2326 108.5781 108.7577 108.5321 109.5072 109.2920 111.2616 114.6703 110.9016 112.2860 116.9841 113.0769 113.4798 114.4208 115.3528 116.1450 112.7920 110.1733 109.3300
105.9000 105.3181 106.2155 104.8692 103.9223 105.5102 104.2610 104.8543 104.9042 105.5314 105.1775 105.7962 106.5152 104.5739 105.0712 105.1719 105.6281 109.1991 107.7986 106.6496 107.5100 107.5249 108.0419 108.4383 108.1442 112.0185 109.4311 114.7713 111.8822 114.1476 114.5586 113.3023 115.3937 111.4150 115.8759 117.5678 115.2448 114.5531 110.1133 109.1500
105.9000 104.8905 105.8884 103.9433 103.4900 103.3641 103.4575 103.4906 104.3986 104.6697 103.6839 104.6375 104.5516 103.9327 104.4994 105.5200 104.9240 110.1122 105.9893 106.2998 106.6914 107.3592 107.1272 107.9715 108.2888 108.3514 111.1023 112.0383 113.2193 112.2942 112.0429 111.2743 114.6819 114.6812 110.5498 113.9514 112.0049 114.3238 114.3377 108.7000
103.6800 103.4453 103.2636 102.7456 102.8331 102.5991 102.5783 102.0284 102.1894 102.2461 102.4251 103.7839 103.5146 103.6241 104.4564 105.5547 105.8718 104.4009 105.7542 106.8408 107.5758 107.8547 107.3245 108.0757 107.4526 108.3134 111.0756 113.4996 110.0622 112.5902 112.9476 112.1190 112.3280 111.8662 110.8514 109.0572 111.7060 114.1162 112.3612 112.9200
103.6500 103.0125 102.3583 102.4730 102.3632 101.7898 101.6747 101.7328 101.8132 101.9253 102.0251 102.3393 102.8385 102.9797 104.2545 110.9577 107.4219 104.6933 107.1448 107.1698 106.2988 106.3137 107.9622 106.8250 109.0765 110.8153 112.6981 114.2741 113.9143 108.9905 112.3521 112.6819 114.4668 110.8223 110.5498 112.2087 111.9898 111.7949 114.6993 116.0900
102.6400 102.6208 101.9945 101.8549 101.7502 100.8383 100.2952 100.2595 100.4569 101.2515 101.1961 101.7191 102.0990 102.4762 102.5196 102.8510 104.0728 104.7870 106.8845 106.0670 107.0648 106.2143 107.1345 107.2407 112.6597 110.5845 108.1960 113.3559 110.2913 112.3883 112.3697 113.8624 111.5666 112.2874 109.4887 110.9837 108.8820 113.7250 113.9368 109.7900
101.9300 102.0387 101.4202 99.7788 100.8880 100.0716 99.6061 99.5009 98.9796 100.2438 100.1695 101.0583 101.4482 101.8971 102.3292 102.9577 103.0385 104.5446 106.3243 105.8008 107.1414 107.1600 105.7004 107.2899 110.3084 108.1598 106.7662 109.0488 108.1471 109.5269 109.4185 110.4598 108.4733 113.9085 112.8886 112.4626 109.2070 112.0161 110.5813 109.5400
101.7900 101.5815 101.0370 98.7101 100.0583 98.5726 98.3815 98.3720 98.3392 98.6582 99.6124 100.2351 100.5178 101.1198 102.0301 102.6582 103.0298 103.6401 104.3442 105.6799 105.4929 105.9878 106.5611 106.3331 106.7011 112.6537 107.3829 109.1888 108.7945 108.4110 109.0335 108.8738 112.8323 111.4388 110.9268 115.4578 113.9276 108.1899 114.0962 109.3700
101.6000 100.9604 99.7585 99.1145 98.5198 96.8866 96.3998 96.0545 95.8611 97.5376 98.4329 98.8342 99.7156 100.1880 101.1490 102.0944 102.3859 102.9395 103.6371 104.7820 106.4737 105.2646 106.0961 106.2718 106.4475 107.5735 107.6268 108.6653 108.8139 107.9764 111.6296 112.2477 110.8930 112.9679 113.0241 110.6826 112.5972 109.9916 111.9023 112.8900
100.6300 99.9361 98.9974 98.1124 97.1102 95.5456 94.4972 94.2630 94.9985 97.5281 96.0060 97.3228 98.4486 99.4489 100.7195 101.8261 101.8614 102.6864 103.0653 105.7316 105.0629 106.8626 107.1943 106.9295 107.0512 109.1175 108.1869 112.7899 108.2658 108.3656 108.5335 109.1013 109.6490 109.2869 113.1825 113.0795 111.5421 113.8173 115.3671 115.2400
99.5500 98.9433 97.8725 96.2911 94.8159 93.6061 93.5846 93.5124 93.9452 94.4552 94.5573 95.8516 97.0140 98.4203 100.2421 100.9558 101.5605 102.3658 102.9969 103.5454 104.3675 106.8808 106.5236 105.8934 107.1909 107.6699 107.6815 107.4054 108.3325 108.5608 108.4869 109.2622 109.4419 109.2782 112.3609 113.0310 109.8327 111.7039 111.4815 112.7100
98.8700 97.8812 96.3641 94.4916 93.1920 90.8949 89.9715 89.4719 90.2245 91.0456 92.8557 94.3365 96.6554 98.0131 99.3547 100.2970 101.0795 101.8876 102.8632 103.4291 104.5790 105.7130 106.5022 106.2473 106.9896 107.1736 110.0043 109.9481 110.8283 109.2788 111.0720 110.9640 113.7548 111.5576 112.9246 111.9040 109.6084 110.0831 109.1553 109.6400
98.0800 97.7430 95.8709 93.2585 90.4484 87.5536 85.8172 85.3617 89.2784 87.5493 90.5278 92.3787 94.9558 97.0955 98.2712 100.5433 100.9630 101.9073 102.6358 103.2954 103.7942 105.7067 106.1780 106.5539 106.1029 106.5619 111.1525 111.5802 111.9704 111.5186 112.8231 113.6568 113.6074 113.0960 113.7574 112.0910 116.7540 111.6741 108.6196 108.0900
97.6900 96.7253 94.7323 91.9921 87.6578 83.4512 79.4661 77.9231 79.5843 83.2308 88.2408 90.7023 93.3283 96.0396 97.4724 99.7822 100.7865 101.6953 102.4989 103.0977 103.9272 105.7713 106.0082 107.3203 107.0829 107.1856 106.8830 106.4052 107.8799 108.3145 108.2671 113.4676 110.6198 115.4354 115.7300 114.1880 112.9879 113.3517 111.5647 111.8100
98.4500 96.6311 93.4208 90.6426 88.2925 81.2929 70.8680 68.7960 72.3787 79.9622 86.0290 89.6633 92.9278 95.2801 97.7988 99.3070 100.3269 101.2675 102.4404 103.0534 103.5193 105.4086 106.0680 106.7498 106.8793 106.5900 107.8349 108.2018 108.6797 109.1493 110.1787 112.4154 110.8830 114.1510 112.9088 114.1669 108.3124 114.9294 110.7375 111.8100
98.4300 96.4063 93.2889 89.7544 88.4468 79.7541 67.2402 66.1746 71.2890 78.2972 84.7297 89.2267 92.3581 95.1046 97.9218 99.2989 100.2048 101.1709 102.3834 103.1180 103.5675 105.6709 106.4628 107.1078 106.5783 106.3425 108.0132 107.5984 108.2076 108.6649 109.1241 112.3014 108.8470 114.9558 115.5556 115.7555 113.1642 115.7802 109.5944 111.1700
98.2900 96.3391 93.5523 90.5661 89.8385 79.4485 70.1514 66.7231 70.6828 81.5105 86.0022 89.9078 93.2832 95.2876 98.3455 99.6755 100.6059 101.5542 102.3320 103.0941 103.6874 105.4747 105.8191 105.6534 106.2637 104.7282 108.0710 112.8653 112.8023 112.6563 108.9259 113.6185 113.5111 112.9326 114.9919 111.2327 110.3837 111.7153 110.0166 113.2500
98.7300 96.0868 93.7090 92.3342 88.2520 83.2261 78.0280 76.4207 79.6454 83.9522 88.6536 91.1470 94.0104 96.1861 97.9203 99.8277 100.9939 101.9700 102.4872 103.1673 103.6818 105.3494 104.7004 106.8057 105.0424 109.7838 109.5819 111.8952 108.8047 114.0844 113.3089 110.8709 112.0458 113.4755 113.8534 109.8444 112.6669 110.8059 110.3432 110.6600
98.5800 97.7800 95.6900 94.4000 89.3800 86.2300 82.1100 82.3900 84.8700 88.9400 88.9400 93.2700 95.0300 97.7100 98.1400 99.6300 101.2000 101.8000 102.7500 103.3300 104.8600 105.3000 106.4200 106.0900 105.8500 107.5600 107.2500 108.4600 108.5800 113.6500 109.2100 111.5800 113.8700 113.7400 112.8400 113.1400 110.6100 112.6300 109.1600 112.0500
