111.4800 111.4800 111.1200 109.6900 108.6300 112.6800 112.6800 109.4400 111.7200 110.5800 108.2500 108.5200 108.5200 108.6000 113.2000 108.6900 107.8500 107.6400 106.2300 110.1200 110.1200 110.2100 115.2800 115.1700 115.7000 108.1000 107.9900 110.4300 111.4200 111.4200 112.0500 113.4300 113.3300 115.8000 115.8000 116.9700 117.7000 117.9200 117.8800 117.6100
113.4600 109.7072 109.6133 111.3136 112.2052 109.4549 108.7973 109.1655 109.1268 111.9793 110.2629 108.5443 108.6214 108.1755 108.2792 108.0316 107.4568 107.1852 106.2289 109.2118 109.8040 109.8577 109.9068 109.8562 112.5942 109.4480 108.0099 109.4506 109.8543 110.4265 110.9604 111.9704 112.8336 114.0584 115.1324 116.1957 115.2059 115.0115 117.3994 117.6100
108.9500 111.0334 110.8610 110.2788 109.0374 109.1291 114.4026 108.8361 108.6797 110.2582 111.3024 108.0410 107.8909 108.3141 107.7804 107.1941 106.8811 106.6817 105.3642 107.8440 108.2701 107.8364 108.5842 108.7309 109.3476 109.4672 109.0856 107.9098 108.4554 108.9764 109.7117 110.5871 111.4659 112.5795 113.7052 114.5290 115.6924 114.2962 117.0385 117.5500
108.2400 108.7270 108.7697 110.1690 110.7648 109.7231 108.3720 110.0658 108.6767 107.0304 109.7655 108.2820 107.7094 107.6523 107.3045 106.5484 106.6605 106.2274 105.5484 106.4200 106.0878 106.2339 106.8096 106.0492 105.5302 108.3171 107.2847 106.4446 107.4108 108.8635 108.3249 109.1864 110.0709 111.0785 112.1013 113.0310 113.9691 115.1256 116.5108 116.6600
109.5800 109.7481 108.4880 109.5444 108.5555 109.2857 107.8663 108.9586 108.3640 108.0488 109.2819 107.6073 107.9914 106.5981 106.6220 106.3116 107.2399 106.5289 105.9635 106.8040 106.8644 107.3370 106.2899 110.0440 109.1480 107.4489 105.9460 105.8974 106.4425 107.1060 106.8952 107.9839 108.5251 109.6278 110.5988 111.6482 112.4454 114.0694 115.1078 116.6600
109.5700 109.0868 108.7931 108.9047 106.7078 113.6820 107.6907 107.1453 110.9427 107.8846 107.9349 106.7767 107.6258 107.2890 106.4656 106.1587 106.6783 105.9247 105.8006 106.6424 107.5920 106.2990 107.6200 113.5781 108.1128 105.9901 106.3972 105.9639 106.8702 108.6510 108.1746 105.8833 107.1851 111.1793 110.7962 110.0011 112.4150 112.8300 114.2330 115.6800
112.8400 109.4614 108.9244 108.7100 111.0125 110.4211 109.7035 108.1655 105.4221 106.7699 107.4671 107.8451 107.4910 106.7509 107.1031 106.0095 105.5858 106.0099 105.4266 106.2881 106.7666 105.6288 106.5364 108.1095 106.3031 106.1236 106.0571 106.2696 106.1132 106.9242 110.2312 111.5462 108.8214 113.7953 114.2715 111.3986 114.1798 111.6489 113.1502 113.1000
112.8400 108.2446 108.8413 108.1635 107.5226 106.7413 107.2791 108.7026 107.0760 106.8891 106.0666 106.9079 106.0366 106.1485 106.7901 106.2311 105.4740 105.8373 105.9595 106.2275 106.1880 105.1686 106.9611 108.6791 106.5230 104.8679 105.1920 106.5024 105.1016 108.4226 108.7540 112.3693 108.9528 111.9911 113.6288 108.9067 113.0120 110.3137 111.8862 113.1000
108.6700 108.2235 108.6416 108.8852 111.2757 107.5079 108.0285 108.1785 106.2530 106.1789 106.6722 106.6866 105.1920 105.8065 105.2252 106.0610 105.9622 104.9053 105.3902 105.8638 105.6575 104.2506 104.4202 106.0108 105.9339 105.6165 105.7322 106.0382 104.7053 109.3487 107.7743 107.9429 106.5747 107.8917 111.1070 107.7678 108.8220 109.4972 110.6414 111.3000
108.6700 108.6447 108.4626 107.4237 106.2580 106.9725 107.6932 106.4983 106.5028 106.7847 107.1081 106.8771 105.1859 104.8820 105.0195 105.9615 105.5144 104.8329 104.4506 105.3346 104.8989 103.5576 104.5050 104.0510 105.9069 105.7354 105.8320 104.6764 105.7226 108.7849 105.2824 106.0562 105.4069 110.6966 108.6051 108.6786 107.2051 108.5300 109.7856 110.0000
108.8100 108.7493 108.1741 108.5131 107.3060 107.7574 106.0752 106.9478 107.0771 106.8046 106.2013 105.1727 104.8974 105.6675 105.3571 105.5898 105.0624 104.3633 104.5817 103.5644 103.9722 104.8432 104.8619 104.9630 103.8953 104.6752 104.6651 104.8296 106.6708 106.7427 105.3853 107.0765 106.6013 107.4162 108.9022 108.3258 108.4442 107.8217 108.9711 109.6800
108.2500 113.0587 107.9594 108.5439 106.7942 106.5801 106.5790 105.8225 106.5605 106.2212 105.5048 104.9726 105.6949 105.3047 104.7958 103.9172 103.9794 102.9725 104.0260 102.2489 102.3398 103.0270 102.9276 104.3335 104.7551 103.0723 104.6245 103.4149 103.6660 104.6762 107.8408 106.0308 106.2684 106.9928 108.8190 105.6462 110.6922 106.3080 108.2097 109.3500
108.5600 108.2746 108.3448 108.1172 107.8914 107.3483 106.0460 106.2752 105.9737 105.8018 104.3402 105.8427 105.3872 104.9946 102.6269 102.2698 102.0534 102.0675 101.9951 101.8121 101.8360 101.4838 101.5483 101.8031 102.9272 102.6528 103.5003 104.9158 104.4513 104.6178 104.2515 103.6611 105.9456 106.6418 107.1058 111.7417 109.9927 106.1542 107.1732 106.9300
108.3600 108.1648 107.6920 107.2375 107.2537 106.4396 106.4190 106.7866 106.2783 105.3847 106.3587 104.0620 104.1093 102.3914 101.6811 101.8665 101.4549 101.2283 101.1882 100.6608 100.5503 100.6921 100.9269 101.5183 101.6102 102.2391 102.7069 103.1341 103.2310 103.6833 105.4431 104.7022 105.2107 107.0530 106.4109 111.1411 106.6062 106.3971 106.2833 106.5700
108.2300 108.7102 108.0350 107.3970 105.7631 105.6920 107.0348 106.4829 104.6353 104.1076 104.5123 102.7638 102.3468 101.9545 100.8424 101.2148 100.7828 100.4199 99.8002 99.2623 99.3558 99.5992 100.1485 100.2498 100.9434 101.2646 101.8132 102.6368 104.6785 104.2932 104.9078 104.0669 105.8353 104.9635 106.4919 106.9011 107.0827 108.7593 105.7773 108.3600
111.1300 107.8041 107.6466 107.6725 106.3236 105.4402 106.4837 106.2432 105.2552 103.9885 103.1160 102.5035 101.8050 100.8903 100.1153 100.1640 99.7165 99.4796 98.9378 98.0530 98.2409 98.3448 99.1285 99.3769 99.9694 100.7176 101.3521 101.4991 102.9452 105.0759 104.0836 105.0270 105.7349 105.2118 106.2079 106.2507 105.6681 106.7650 106.7883 107.0400
110.8100 109.8675 108.2645 107.5811 105.7684 107.0419 105.9082 105.0526 104.8426 103.9500 102.6494 101.6420 101.1124 100.4478 99.8040 99.1242 98.5809 98.0034 97.3260 96.2237 96.0530 96.5600 97.9126 98.3932 98.7921 99.6659 100.6206 101.2083 101.5158 103.5487 104.8621 105.1954 105.3667 105.3147 106.6692 106.6303 105.7041 106.3516 106.6759 107.1900
108.8300 109.0942 105.9627 108.3702 105.1472 105.5076 105.9276 105.1670 104.5768 103.2582 102.2608 101.4428 100.6064 99.3324 98.7737 97.1306 96.5489 96.1026 94.8495 94.1257 93.7544 94.3849 96.1303 96.8321 97.9538 98.5757 99.9992 100.4928 101.4260 102.1738 103.5563 105.2988 105.0886 105.0957 105.3439 105.9749 106.8142 107.1639 107.2768 108.1400
108.8400 106.5766 105.2602 106.7825 104.7095 106.1710 104.0194 106.2057 105.6085 102.6969 101.8758 100.8272 99.6389 98.6069 98.0703 96.7883 94.6165 93.9079 91.7220 91.4877 91.6163 92.1433 93.8932 95.1408 96.4566 98.2930 99.4594 100.4893 101.2122 101.7364 102.6440 104.3626 105.3053 105.2962 105.8978 106.5962 107.5044 106.4622 107.7601 108.0100
112.1800 107.3678 106.0458 105.8848 105.3289 107.1184 107.5684 106.6743 105.6445 102.3437 101.6447 100.6787 99.5093 97.8138 97.8607 95.7139 93.4281 92.1399 88.0480 86.9625 86.8149 87.9250 91.0624 93.0207 94.9099 97.0026 98.5484 100.1035 100.4289 101.1781 102.6441 103.4075 104.6180 105.7594 105.9140 106.5188 107.2758 107.3334 107.0456 106.4600
110.9900 110.8098 110.5199 106.7385 105.0845 104.6332 104.6734 105.2027 102.9299 102.1827 101.4593 100.6223 99.5290 96.9524 96.9303 94.0089 92.2994 88.6641 83.0410 79.6893 79.8067 83.5659 89.4305 93.3395 94.6124 95.6734 98.1215 99.1983 100.0589 100.9341 101.7729 104.6086 104.6599 105.2270 105.9522 106.5783 107.1781 107.5625 107.8665 107.6200
106.3700 107.5793 106.6226 105.7182 105.0255 105.1399 104.1149 104.9258 102.8644 102.0748 101.2796 100.3990 98.5768 97.7222 96.1288 93.3790 89.5213 85.4623 79.6024 71.5005 71.1652 77.7503 87.6189 91.8955 93.6696 95.9953 98.3454 98.9958 100.2423 101.2435 102.0585 102.6757 106.1204 106.3829 105.9742 106.0100 105.8226 109.6451 111.3953 112.3000
106.4800 106.8544 106.9013 107.1100 106.4164 104.9406 104.0137 103.4436 102.8237 101.8003 101.0205 100.4600 98.6957 96.8696 95.7207 94.1060 91.3792 85.9724 74.0520 65.1692 63.1687 70.9664 83.0169 88.3053 92.5851 96.2153 97.8402 99.0380 100.3638 101.3070 102.3338 102.6476 110.8122 106.0160 105.0197 105.7444 106.4231 108.3943 104.5916 112.6900
107.2400 106.8863 106.2110 107.0260 105.4440 105.2824 103.9187 103.4592 104.0851 101.6832 101.2453 100.3847 99.0538 96.9613 95.7904 93.8338 91.7389 86.0127 75.7147 66.0857 61.7849 73.4473 84.5233 88.5598 92.4648 95.8420 97.6055 98.8858 100.3589 101.4043 102.2317 102.5799 107.8689 106.1145 105.0462 106.2945 106.6792 108.0528 106.1027 112.7000
106.6500 106.6876 106.1544 106.9149 105.1383 105.0442 105.1683 104.3972 103.8963 101.5377 101.1842 100.5335 99.0947 97.6353 96.0552 94.0473 92.6471 88.9044 83.3636 74.9029 74.7690 81.7199 85.8289 90.6688 94.2699 95.6756 97.7608 99.0766 100.6772 101.4525 102.2760 103.0133 103.4313 105.0203 105.0414 105.4321 107.1615 106.3721 107.7585 109.7800
107.9100 107.7494 107.1806 106.8885 105.0815 106.1462 104.7897 105.8723 103.6780 101.7921 101.2809 100.8335 99.4507 98.0431 96.4095 95.0458 93.5738 92.1527 90.5196 82.9497 82.0840 84.6605 87.7485 93.2873 95.4789 96.8037 98.2905 99.5320 100.9055 101.6127 102.0994 103.0485 104.1676 104.8581 105.1719 106.0896 105.7238 107.0947 107.5370 107.8600
108.1100 107.8187 106.9234 106.4486 105.9896 105.4449 104.8453 104.1075 103.3801 102.2374 101.8098 101.1238 99.9086 98.8143 97.7341 96.8176 95.9312 93.7968 92.2549 88.2906 88.2641 89.5450 92.1468 95.1512 96.5331 97.7018 98.4833 99.7868 101.0800 101.9984 102.4938 104.4466 105.4034 104.7451 105.3041 107.0344 105.9951 107.0749 107.9325 108.1200
108.3000 108.1761 107.3665 106.9673 107.1312 104.6345 106.0635 104.7757 103.5082 103.1205 102.1081 101.3496 100.5523 99.5031 98.7296 97.8087 96.8020 94.8702 93.7709 93.2482 93.2576 94.0215 96.0268 95.7117 97.0309 98.2973 99.5010 100.4020 101.4396 102.1773 103.1138 105.3874 105.6997 105.7741 106.4867 106.9457 106.0735 107.6477 107.6274 107.0700
107.1900 106.9775 106.8345 107.2528 107.3283 105.5973 104.9556 106.7048 103.9000 104.3818 102.4437 101.8646 101.1559 100.2798 99.4729 98.6675 97.5766 96.6727 96.6387 95.9417 95.8111 95.7403 97.1993 97.6793 98.1232 99.3814 100.4899 101.0186 101.9634 102.5730 104.0666 105.3934 103.9999 106.4027 105.9973 106.9063 106.6464 107.4660 107.2778 106.7200
107.3300 108.0967 106.7013 106.7821 105.7673 106.2253 104.6781 104.7277 104.9541 103.4730 102.9319 102.2651 101.6989 101.0905 100.3750 100.3318 99.7275 98.2441 98.2522 97.6536 97.6901 97.5655 98.0683 98.5921 99.1531 100.0236 101.0640 101.4906 102.7746 98.5964 103.5674 104.5515 105.5296 106.5521 106.6287 107.0105 107.3733 107.6668 106.3671 107.5700
108.6900 107.7404 107.1886 106.9173 106.8502 105.4523 111.0191 109.6740 104.2811 105.2893 103.4140 102.7442 102.0784 102.1167 98.9245 97.0015 100.2348 99.7131 99.4524 98.9778 98.9784 99.1368 99.6958 100.0459 100.2584 100.8468 101.7853 102.1663 102.7207 102.8703 104.2111 104.4859 104.7894 106.2320 106.7504 107.2440 106.8938 107.9878 107.6742 107.7600
108.6700 107.4279 106.7218 110.2069 108.1983 107.0596 106.8826 107.8498 104.7663 105.9068 103.4041 103.2479 102.6555 102.2691 99.9579 99.0958 100.8822 100.5624 100.3086 100.1202 100.1804 100.4346 100.7988 101.0678 101.4909 101.6990 102.1767 102.4755 103.4076 104.0748 104.9622 105.7178 106.0890 106.5812 106.7130 107.2773 112.0885 112.5764 110.6441 109.5400
108.7900 107.2749 106.4330 106.4517 107.9416 106.8966 105.3850 106.4370 103.8189 105.6604 105.0847 104.3991 103.2560 102.9231 102.5638 102.2124 101.8092 101.5644 101.2949 101.2082 101.2193 101.4208 101.5860 101.8401 102.0655 102.4397 102.6202 104.4152 105.9150 105.4062 105.6503 104.7831 105.1682 106.1554 106.6667 107.3653 106.8260 107.1503 109.5170 108.4900
108.4800 108.0089 107.5933 108.4425 107.2537 105.9229 106.4484 106.5043 106.2137 105.3331 105.2977 105.6284 104.2275 103.3977 102.9145 102.6749 102.4789 102.3726 102.2049 102.0997 102.1253 102.1845 102.2450 102.4947 102.5191 103.1282 103.4625 107.1900 105.7798 105.0998 105.5075 105.6403 105.9924 107.3915 107.2483 107.3290 106.9626 108.1782 107.3805 107.9300
108.6500 107.9180 108.1641 108.0996 107.0752 106.8214 106.7460 105.3315 104.4824 105.8052 106.9686 105.8048 104.0363 101.2413 101.9177 103.6910 102.9909 102.9974 102.8945 102.9280 102.8630 102.8158 103.3766 103.5471 103.8669 105.3700 105.7045 104.9564 106.2820 107.1611 107.3035 106.4371 105.6984 107.5304 106.5259 106.8146 107.5610 108.4908 107.4326 107.9300
108.9000 110.5456 109.3332 107.7046 107.4958 106.5303 106.8474 105.8918 105.6630 105.7927 106.1998 106.1641 104.5356 103.9230 105.0615 105.8056 105.0680 103.4389 103.6548 103.4521 104.9022 106.4995 103.7894 105.3328 104.1011 104.4479 104.7785 104.4994 106.9784 106.8209 109.8706 106.6901 106.0784 107.9595 107.9497 106.9056 108.1773 108.6168 107.9370 108.5300
103.8400 104.8949 109.3913 108.4121 107.5807 106.7393 106.5581 107.0206 105.9900 106.4541 106.0519 106.0036 106.1425 105.7095 105.2274 106.6937 105.7404 105.2250 105.5800 109.2394 109.9345 107.1631 104.8562 106.4217 104.3457 105.8820 106.0328 106.2432 105.7736 106.9045 108.4519 105.3996 107.3840 107.8354 108.1676 107.1516 108.1432 107.6007 109.0087 109.1100
103.9800 104.4643 109.3721 107.1339 107.8089 107.6861 106.7450 106.9867 106.5432 107.1128 107.4767 107.4678 106.8884 106.7734 104.7519 107.4220 105.1735 106.1508 104.7511 109.8222 109.0407 108.4870 104.6299 105.3926 104.6395 106.0571 106.0947 106.1247 106.9032 106.0146 106.2276 107.4660 110.4668 106.6171 112.4776 108.8379 108.6314 107.7341 108.3653 107.9600
105.3500 109.1023 108.1651 107.9965 108.1884 107.5042 107.3248 106.3333 107.7038 108.0133 107.4538 107.5446 106.6506 106.4647 104.6044 104.8671 105.4448 105.6601 105.7826 109.5633 109.6674 107.8837 105.9759 105.4796 105.5874 105.4577 106.4716 106.4709 110.4144 106.2462 106.2666 109.6967 114.0224 106.8748 111.4848 111.7696 112.0871 108.4689 109.8038 108.3600
105.3500 109.4400 108.3200 108.7500 107.9300 107.4400 107.8700 106.5400 107.7200 108.2700 106.9700 107.5700 106.0700 106.3300 105.2800 106.3900 106.5600 105.4600 105.4500 104.7800 106.2100 104.2800 105.8400 106.1800 106.5100 108.9800 106.5600 106.5600 107.2100 106.2000 109.4900 107.4800 106.5400 111.0200 108.2600 108.5500 114.0700 109.5000 107.8000 107.8000
