109.3900 114.4800 117.3100 112.0200 109.9900 107.4500 113.0800 115.0700 108.9400 112.0700 110.2600 111.9400 114.6700 114.3800 115.0700 109.1200 108.9900 110.4900 117.3300 115.1700 116.3900 116.2700 115.4000 115.4000 114.7400 114.7400 116.6600 117.0700 115.9000 115.1400 117.8300 117.0200 116.8400 115.8800 115.7000 115.7000 115.0700 114.6400 114.0400 114.0400
109.3900 112.7690 111.2157 116.1380 107.9688 110.1663 114.9850 110.3781 110.2694 111.5601 110.2977 109.5448 110.9545 112.6959 108.6078 109.3231 110.4228 109.8636 117.8366 117.8423 116.7491 115.7234 111.8796 112.5269 115.2567 115.4942 116.6819 118.0378 116.6333 118.6943 117.9106 116.7586 114.3074 116.7971 116.1348 115.8931 116.1704 117.2236 115.3669 114.5300
108.8700 112.1401 116.3538 115.5663 106.7626 108.0685 115.9943 106.5829 108.5260 110.3742 108.9843 109.2080 111.3900 113.1713 110.2096 113.9081 115.0021 113.5336 116.4215 116.5830 116.0656 114.8438 109.5627 111.4986 115.0788 114.0865 115.9543 112.8603 117.3691 118.8553 119.0228 116.8565 112.4874 113.8742 117.3247 116.3202 115.6779 117.5529 115.0516 114.6200
111.3400 114.0310 116.9645 114.0944 110.4080 109.7136 111.0743 108.5549 108.4421 109.8210 110.7223 114.1671 112.2997 107.0297 113.4635 111.1256 108.6621 115.4740 115.2891 115.2522 112.0334 110.9593 109.2483 108.7969 112.9116 113.9463 115.9612 110.8557 117.3252 118.2402 117.6328 116.1148 113.8805 111.8885 115.4824 113.7877 116.1026 115.2213 114.9504 115.2100
109.6900 112.6763 114.6051 115.2582 109.4866 110.9222 114.6826 114.0124 109.3583 109.8870 110.4175 108.6430 109.6793 115.0200 114.4135 108.2392 111.3687 109.3709 115.3045 115.2549 112.4568 108.6337 109.4197 108.0583 108.4711 110.8639 109.5687 109.9954 114.3144 117.8811 116.1999 117.3239 115.7702 112.9751 112.8995 110.0204 112.2981 112.3559 112.2381 115.5200
109.2300 110.9652 111.1830 116.2217 112.2959 112.0363 112.4915 113.6928 109.3715 108.2440 108.4244 108.4034 112.3233 114.3601 114.4686 108.7342 108.4430 110.5346 109.8393 108.7270 108.0927 108.7791 108.8580 107.8377 110.5179 117.8676 110.8184 113.1331 114.7823 116.0868 117.0804 117.6492 116.3644 109.7355 110.6514 109.0903 113.2707 113.5968 112.7781 113.4300
109.2300 108.0799 108.2943 114.0427 109.1144 109.9590 112.1685 110.4252 108.2137 108.7189 110.9380 108.4682 111.8207 110.4630 107.3670 107.0477 112.0620 112.4129 110.4886 109.4420 107.9759 107.7723 108.7345 107.4548 112.6084 115.3770 114.9966 108.8022 115.4260 106.9600 116.3669 116.9941 111.7087 114.6179 112.4956 113.4337 112.5226 115.4302 114.2471 116.7900
113.8900 108.0215 107.3525 114.6117 115.6430 111.1714 113.3858 113.5511 113.2195 106.8250 108.2080 108.3980 109.1529 109.2799 106.6243 112.4006 108.4825 105.4499 107.3730 107.3330 107.8348 106.7778 111.9850 107.8045 112.2194 113.1587 115.9111 108.3938 110.6462 106.5741 110.9016 110.0914 113.8081 115.1209 116.8980 113.5975 112.0305 113.7600 116.1078 116.7900
108.7800 107.5715 107.8471 110.8066 106.9206 109.7807 110.3539 111.6824 108.1796 108.0679 108.2038 108.0505 107.7158 107.8355 108.1025 108.3956 110.4296 108.0071 106.8058 106.7527 107.6431 106.3088 110.8960 114.4450 113.5647 112.3316 111.6288 109.2828 109.4319 108.8861 109.3988 108.3980 115.8758 116.2503 118.0188 116.5354 113.8087 112.9771 117.6327 114.2900
111.7200 112.6421 109.2220 108.7380 108.8567 111.2706 108.1728 111.0282 113.1247 107.6118 107.1215 107.6918 107.8708 107.0311 107.6108 107.3941 106.4159 111.9115 108.2039 107.1801 110.6889 109.1607 110.2494 115.7242 108.3873 112.0400 109.2783 110.2323 112.0341 108.3383 109.4197 108.6018 111.4706 117.6482 117.8945 114.2406 107.8008 109.1357 112.4187 112.6400
108.4700 108.5149 107.5643 107.5204 107.4775 110.3611 110.4716 105.9747 107.5281 105.6316 106.2028 107.0039 107.2271 107.1385 106.4940 104.8305 106.5402 111.6070 108.0182 106.3921 109.4535 108.6772 113.2404 111.0899 113.6559 111.1990 108.3219 113.1071 108.9173 110.7237 108.5691 108.4849 109.5401 116.9982 114.4526 110.7595 107.1358 108.6308 109.1629 112.6600
108.1100 107.7712 106.7331 107.4437 106.3249 106.4970 109.4706 107.2984 106.6271 105.9766 105.9084 105.4917 105.9321 106.9144 106.2521 106.9459 107.5657 111.0494 105.6582 111.6031 107.4425 108.7857 108.2269 107.4517 112.4625 109.4246 107.3186 107.8212 107.2083 109.2052 112.6940 114.0123 107.5444 110.6624 112.3622 112.2870 108.1224 108.6849 112.2200 115.0700
107.8800 107.4300 106.4291 106.3161 106.1859 105.6447 107.8972 106.1242 105.4702 105.3286 106.2298 106.6110 105.5763 106.4952 106.9095 108.5659 106.2839 104.6326 106.4190 106.4263 106.7386 110.2765 111.0579 108.3718 109.0238 107.1549 108.1093 107.6427 111.0651 108.3736 112.5004 110.3373 106.9875 110.4185 111.8666 110.8178 113.7580 112.0448 111.1130 110.8700
105.0700 106.1734 107.7350 106.6629 105.7883 106.4446 105.8669 106.3629 105.6642 106.1339 106.3640 106.6928 106.2037 105.5706 106.7293 105.9871 108.5538 107.1233 105.5145 104.3928 106.9843 106.6579 107.0660 106.2219 107.5164 107.2545 108.1466 108.8967 111.9150 114.1725 112.6547 109.9199 109.3768 109.7697 109.9465 109.8529 110.4772 110.8518 110.6294 110.9000
105.9800 106.1771 107.5904 107.3631 106.2113 106.7274 105.7371 106.1850 104.4387 105.8301 105.6582 105.6357 105.8626 104.6014 105.9410 105.8723 106.1449 105.0662 104.9800 105.8316 105.2154 106.9411 106.1086 107.1436 107.7872 107.7490 107.3959 112.0452 107.6080 111.5888 108.5808 107.9337 107.7123 108.5089 110.0108 109.4685 111.9111 108.7208 109.3589 109.6800
106.9000 107.1284 106.9772 106.3997 105.9158 105.5177 105.2008 104.5157 105.4355 105.9532 105.9177 103.8670 103.9170 104.7573 104.0164 106.1545 104.3682 105.9656 106.1733 109.6157 105.0841 106.5756 106.2123 106.9213 107.4158 106.4730 105.5071 111.8910 107.8709 108.4808 108.5709 108.8468 107.7803 108.5924 107.1545 108.0247 111.3835 111.8053 112.7383 115.3500
106.9000 107.7347 106.4675 105.7185 106.0543 104.8645 104.6028 104.7540 104.6519 103.7154 104.6491 103.3242 103.3589 103.2696 104.2156 104.2120 105.1599 105.4666 106.3351 105.7446 105.2710 106.3694 105.4881 107.1926 106.5337 106.3420 105.9664 108.7186 106.9370 107.6346 108.3350 108.4772 108.2649 107.8643 110.8156 113.8811 116.3221 110.1319 114.9899 115.3500
104.0700 104.8042 106.3552 105.4433 105.4357 104.4675 105.3976 103.0923 102.6612 102.6477 102.3495 101.9513 101.9739 101.9374 103.2116 102.4187 103.5504 103.6382 105.7053 105.1602 105.2803 105.6025 105.4092 105.8975 106.4894 105.6829 105.8159 107.3705 106.9875 107.7129 108.1946 108.7578 107.7984 109.8362 108.5991 112.6669 110.7205 114.0049 111.3932 109.3100
106.2000 105.6304 108.5266 105.3269 105.4524 103.5122 102.8734 102.2692 102.0614 101.8082 101.6080 101.3202 101.2433 101.2307 101.2516 102.0366 102.2210 102.1940 103.6563 104.4650 104.5423 104.1141 105.2997 105.0651 105.2439 106.4588 107.0855 107.1835 106.6324 107.7134 108.2352 108.3366 107.1131 108.9306 109.1365 108.4528 115.1782 109.7393 111.0794 113.4000
104.9800 104.5448 105.3981 104.6701 103.2516 102.1264 101.7306 101.6220 101.1675 101.0457 100.6488 100.6302 100.4884 100.8099 100.1396 101.2799 101.5994 101.8827 102.3315 102.6051 102.9784 104.0915 105.7867 105.1783 105.1334 106.2503 106.2979 106.2893 107.7801 107.4295 108.0872 106.8502 107.6264 107.5851 109.5684 109.2371 109.7455 109.9182 112.9658 112.3200
104.1600 103.6476 104.5135 102.8045 102.3922 101.8858 101.0922 100.9275 100.4512 99.7584 99.6021 99.3935 99.3756 98.9968 99.4316 100.3172 100.4562 101.2254 101.8626 101.9250 102.5696 103.2970 104.5715 105.1468 104.5103 106.1272 106.1295 106.2915 107.5677 107.7425 108.8878 112.4680 113.6712 106.0849 111.0151 110.9021 109.9236 108.7964 109.8778 107.6000
103.5500 104.3600 103.7679 102.5097 101.7904 101.1038 100.4409 100.0613 99.4577 98.6694 97.8046 98.2162 98.4108 97.5611 98.3482 99.2214 99.6845 100.4246 100.9940 101.5576 102.0440 102.7052 103.7052 103.7657 105.7802 106.4856 107.4620 105.7754 106.1295 107.7616 107.7804 108.0976 108.6589 107.8525 111.9659 114.4747 114.5904 111.6198 107.0955 107.5100
105.9400 103.2962 102.5633 101.9414 101.2171 100.5448 99.6494 98.9386 97.9743 95.9877 96.3006 96.1234 96.6701 96.3077 96.3652 97.6695 98.8159 100.0452 100.4649 101.1207 101.6612 102.2153 104.0461 104.8034 104.0821 106.2158 106.3954 105.4362 106.8002 106.8995 107.8724 108.3378 108.3034 108.9237 113.9321 110.9878 114.0686 113.2836 107.6218 110.7200
105.4800 102.9593 102.1904 101.4069 99.7997 99.2159 98.9439 97.7593 96.1504 93.8568 93.2944 94.4759 93.0932 93.5707 95.0191 96.2972 97.4924 99.0026 99.7668 100.8165 101.1701 102.0431 102.5653 103.5014 104.0237 104.6924 104.5746 106.0410 107.4119 107.8021 107.5490 109.8183 111.9007 108.9989 111.6976 110.7918 112.2359 110.9424 109.7186 107.3800
103.0300 102.4466 101.8933 101.0637 99.6951 98.2978 96.8547 95.9496 93.7568 91.5069 90.3708 93.1392 90.8481 90.4218 92.3101 93.7865 96.2268 98.2978 99.2164 100.3173 100.6863 101.6222 102.2742 103.1313 104.7875 105.2156 105.9463 105.7287 106.2517 107.7739 107.0235 109.2529 111.2130 107.7516 107.9738 108.7845 110.4520 110.4941 110.8573 108.9200
103.0500 102.3312 101.5846 100.8348 100.0521 98.1204 96.4032 95.0159 92.0718 90.1704 87.4218 86.2922 85.5791 86.5510 90.0606 92.6308 94.8453 97.4622 98.6986 99.8771 100.4878 101.5250 101.9947 102.9476 104.1536 104.6553 105.6673 105.6258 106.9224 107.3847 106.4887 107.5011 107.3856 108.1699 107.5976 108.0181 108.0850 110.8521 109.3456 107.6400
102.9600 102.3795 101.5682 100.7898 99.4307 97.5041 95.4023 93.4779 90.8071 87.1675 83.1502 80.1886 79.4308 82.0265 85.2524 89.9875 93.9747 96.7785 97.9540 99.0270 100.4645 101.2096 102.0993 102.7247 103.3624 104.5881 106.0227 105.7324 105.7972 106.1907 106.4585 106.5370 107.2337 107.4400 110.8390 113.1943 112.0462 108.1056 110.4911 107.7800
102.9700 102.4448 101.1848 100.0624 99.8454 97.0815 94.3873 91.8232 89.8725 84.1003 80.2608 72.7373 71.6646 76.2443 83.3570 87.3338 91.8974 94.4640 97.0504 98.9818 100.0856 100.9080 101.7919 102.6797 103.2565 104.7472 105.8919 105.1473 106.4217 107.2837 107.3949 106.5507 107.5570 107.4313 109.5157 109.9854 109.5379 107.5295 108.4756 108.2100
103.0200 102.4364 100.1300 98.3163 98.1273 96.7042 95.2580 92.4178 88.9792 85.9862 77.7851 65.6279 63.4634 71.1687 85.2082 90.5150 92.6094 95.3973 97.1407 98.7455 99.8296 100.8230 101.6984 102.5594 103.4263 106.8525 109.0672 105.6693 106.8894 106.6986 105.9222 107.3010 107.8884 107.5581 108.8027 108.9882 107.8097 110.9503 108.0269 108.1300
97.9500 102.7991 101.1086 98.5924 97.0308 96.8272 95.4255 92.6750 89.1033 86.4621 79.3398 68.4796 66.2704 73.2540 85.7293 91.0479 92.9615 95.6128 97.2463 98.7669 99.8688 100.8496 101.7211 102.4546 103.4458 107.0750 109.2327 105.7019 106.8015 106.9158 107.4245 107.2635 106.8806 108.5098 108.4472 109.0914 108.2220 112.5328 108.1122 109.0400
98.0000 102.7982 101.4603 100.8637 99.5410 97.7043 95.0654 92.2230 90.0722 87.8842 83.0735 76.6281 75.5884 78.3979 84.9302 92.3179 94.1047 95.1869 97.3228 99.2724 99.9691 101.0427 101.9318 102.7698 103.4594 103.9251 105.9808 104.8716 105.5678 106.0491 106.7986 108.0125 107.2882 108.3233 107.5959 114.1353 110.9275 106.8616 107.8600 108.5200
103.0900 102.6118 101.8737 101.1119 99.9271 97.6901 96.2728 94.7787 94.2691 88.9151 85.7107 83.1640 82.7088 84.0498 90.0961 94.3996 93.5413 96.3082 98.0248 99.2069 100.1724 101.2999 102.2640 102.8396 103.7030 106.1804 104.5400 105.0665 105.8565 106.4691 106.5579 108.9643 107.7115 108.0662 108.8144 110.1905 110.4719 107.4315 107.5503 110.4900
103.0900 102.7565 102.0956 101.2879 100.3624 99.2245 98.5101 98.0892 103.0468 92.1680 90.1120 88.1909 87.3819 88.9802 93.7723 94.3299 95.3050 97.6046 98.6715 99.8268 100.7984 101.6867 102.4850 103.1261 103.6909 105.2800 104.5514 106.2873 107.1385 107.6996 107.9877 107.6300 108.1808 108.0330 110.6805 112.8372 109.7494 110.2034 108.2869 110.4900
103.7200 103.0659 102.3865 101.6679 100.8747 100.2180 99.3869 97.6763 96.6781 94.7282 93.5646 93.1258 93.0802 93.2057 94.7158 95.6019 96.7761 98.0456 99.4609 100.4453 101.3061 101.9323 102.7111 103.2670 105.0033 106.0526 105.7812 107.0126 107.0985 107.3602 107.7541 108.1626 110.1698 109.8753 110.1450 107.1073 109.9455 111.0855 109.3903 108.3800
103.7200 103.3363 102.7631 102.1232 101.4356 100.7378 100.0459 99.4095 98.2041 97.0635 96.1596 95.4831 96.0669 95.8778 97.0377 97.9126 98.5586 99.3665 100.3515 101.0970 101.7339 102.3339 102.8647 103.9368 105.3993 105.4386 105.8300 106.8267 107.3601 107.4635 107.5553 107.8270 111.0173 109.3025 113.6945 112.0918 113.3419 113.7819 111.1502 112.0100
103.7800 103.5354 103.1289 102.5500 102.0771 101.6452 100.7303 100.2437 99.5017 98.7990 97.5265 97.0241 97.2759 97.5584 97.8771 99.2798 99.5637 100.4450 100.9929 101.5199 102.1958 102.8290 103.1652 105.0507 104.8710 105.0727 105.5615 106.2208 107.7301 109.6128 108.9262 106.4848 105.7687 108.1019 111.1695 110.3923 116.1441 112.2960 115.5402 111.5700
106.1600 103.8084 103.4260 103.2920 99.1281 101.7052 101.5195 100.8062 100.1506 99.7664 98.9015 98.6895 98.5906 98.9258 99.3006 99.8903 100.2234 101.1109 101.6143 102.1353 102.6279 103.2245 103.5963 104.7904 104.6479 105.1750 105.4001 107.0676 107.6413 109.2468 109.8261 113.1744 114.4787 113.7689 112.1197 112.6415 111.3149 109.1964 111.6246 107.8700
105.5200 105.1963 103.9803 103.3886 102.0916 97.6256 102.3665 101.5886 101.2214 100.7048 100.2879 100.0366 99.9147 100.5475 100.7309 101.0327 101.2230 101.8298 102.2217 102.7576 103.2135 103.3838 104.7399 104.4492 104.6307 105.0684 105.6046 107.1508 107.8034 107.6235 109.5427 113.1523 113.0742 109.2238 112.5472 116.2573 112.3346 114.7583 108.9387 108.7500
103.5100 105.8160 105.7470 103.5547 103.6024 101.9620 102.8420 102.3663 101.9918 101.6869 101.4282 101.2501 101.1267 101.3953 101.6604 101.9048 102.2148 102.4770 102.8549 103.2279 103.5731 104.7965 106.4053 105.5099 105.0823 106.2925 105.9474 107.5790 107.8836 107.5785 107.7791 112.2425 109.1529 108.2203 114.3748 112.6316 113.8300 113.1186 109.7127 107.2400
105.2300 105.2300 104.7600 104.4200 103.7000 103.7600 103.0500 103.0500 102.5600 102.1100 102.0100 102.0100 101.2900 102.1600 101.9600 102.6300 102.6300 102.9600 103.2500 103.3400 104.8000 104.2800 105.5200 104.9900 105.4400 106.8800 107.1900 108.1100 106.9700 107.6400 106.9500 108.2800 110.0000 111.0100 114.4400 113.1700 113.1700 115.2100 111.3600 110.2400
