108.4000 110.4800 109.6600 111.8000 108.5200 108.0600 110.9200 112.5800 115.5400 115.6100 115.3200 110.0200 109.9800 116.3600 114.7400 114.7400 113.8800 114.1900 116.8500 115.5000 115.5000 119.1000 119.4100 119.7600 118.2100 118.1500 113.9000 117.1200 116.7900 117.8600 119.0500 119.4200 119.3400 119.2700 119.1200 117.9300 118.1800 118.2000 117.8700 118.2300
108.3400 111.2821 110.2276 111.4074 109.5471 113.6674 108.1900 109.7261 110.0416 113.4614 115.5430 112.4332 113.2188 116.9897 113.3903 114.6432 114.8378 110.7071 117.5590 116.1574 115.9556 116.9151 119.1042 117.9857 117.3085 117.6183 114.1760 115.5733 116.8615 116.7972 117.7895 119.2352 119.1014 118.4430 118.2930 117.9815 120.4041 119.6210 117.8178 117.0700
110.0300 111.0788 110.8912 109.3471 107.9844 112.9034 115.3531 108.8491 112.1632 111.9134 109.3424 112.7493 111.2589 114.2944 113.6933 114.7232 113.7628 109.7591 116.9891 112.3843 112.0008 117.1294 119.4015 115.6926 116.8176 116.1227 113.7330 114.4063 116.9585 117.8481 116.5170 117.4496 118.6574 118.2679 117.5608 118.1307 119.6645 119.4639 117.8324 117.8300
110.1200 110.0844 109.8214 108.8590 109.1414 109.8529 108.9274 109.1782 114.8290 110.8213 110.0576 109.6083 113.3144 110.5823 112.6344 114.0876 112.1775 108.9631 113.8807 109.8478 108.0985 111.1643 113.2208 113.3203 113.2765 112.4248 111.9335 112.6970 115.5818 116.6548 115.3056 116.8335 113.5112 116.5055 116.1010 118.3687 119.9363 119.2133 118.1321 118.2200
111.7000 110.5755 111.2504 108.5884 108.9543 108.2088 108.9470 109.9666 113.0623 114.9852 115.4824 108.6611 110.2088 111.9594 112.4416 111.4656 112.4105 108.7406 110.5684 110.1250 108.2782 112.0491 112.7891 112.4401 113.8451 114.8166 113.4969 111.4189 114.5028 116.5179 116.7593 113.2609 113.0434 115.4800 115.4537 116.6086 118.0692 118.1392 118.0588 118.2500
112.6900 111.1517 110.7426 109.1160 108.6485 108.9982 109.4299 110.4602 110.6958 110.3712 110.9570 109.1038 108.3512 113.7353 111.8266 108.0846 109.1820 108.2639 107.8993 106.9649 107.9488 115.2231 112.8401 112.4469 113.4582 114.6739 111.7097 110.8337 114.5194 114.3528 116.6020 114.6192 115.6838 115.4363 116.0597 117.6652 116.6621 117.0028 117.8214 118.3100
108.6300 108.7420 108.2461 111.1707 108.1866 108.7879 108.6976 108.4687 112.6335 108.1635 109.1160 109.2306 109.6222 110.4499 114.5176 108.6469 107.8507 107.7092 108.3717 108.6468 110.0212 114.8887 114.9384 110.1660 109.4553 108.9166 111.0293 110.3048 113.3459 112.9326 110.9478 113.9251 114.6730 116.8585 114.9078 114.0873 114.9680 116.9886 117.1415 116.9400
108.6300 107.9058 110.4693 110.5011 108.8877 108.8841 109.4110 109.3712 112.5095 106.8215 108.3052 108.4775 110.1991 108.4892 114.4868 107.8439 107.1078 106.8944 108.8352 113.6661 111.9977 114.9784 114.5117 112.1323 110.6167 107.5533 112.3624 112.0173 113.3413 113.9712 112.2404 109.6895 114.0302 116.5774 115.3014 114.4308 114.4219 115.4375 116.2870 116.5600
109.2200 107.8871 110.8430 110.8627 112.4298 108.3335 109.1664 108.6777 106.3558 109.9420 109.6530 107.8381 107.4644 105.7686 110.2782 107.7679 106.8406 107.2024 106.9639 112.5362 112.5946 112.7999 113.3097 112.6912 112.8545 109.6453 109.7806 111.0978 113.6116 112.4852 110.1972 112.2880 115.9273 115.5438 114.5602 113.3906 115.6175 114.6186 115.0224 116.5600
109.8000 116.0606 108.6727 109.2428 108.7139 107.6984 108.0917 109.1160 108.4984 107.0687 108.1910 106.8729 107.0524 109.7873 108.5337 106.2641 106.5642 107.6019 107.7860 106.5629 106.6088 110.4042 111.7986 110.1769 108.3073 110.9683 108.5135 110.8132 110.2289 110.0984 109.3083 112.4917 111.6231 108.8769 112.3760 113.8107 112.2173 113.0761 113.9420 114.4400
114.7600 112.7412 111.4404 111.3162 108.8711 108.5856 108.2263 107.7039 107.4465 107.6075 107.1275 106.7709 106.5301 108.1519 107.7544 109.7108 106.3925 107.1225 107.4250 106.3756 106.0736 109.0233 110.0007 114.7792 107.7005 113.1606 107.6634 110.7397 110.1644 108.3508 107.4266 114.3232 110.3444 108.1289 111.1106 114.2585 111.3292 113.8569 112.6236 113.2000
113.2700 114.9658 109.4676 112.5930 108.3698 108.8826 108.2124 107.8091 108.3101 107.7225 106.5225 106.2781 107.5589 108.1808 109.5601 106.4164 105.6012 107.3219 106.9866 104.9306 104.9448 109.7096 107.1101 107.1001 106.3441 110.0473 109.7502 111.0641 106.1547 106.8890 109.6982 111.0109 110.9161 111.0885 112.3824 112.8385 113.6354 110.8428 111.7854 112.5800
114.5300 111.6463 108.7995 108.9852 108.8796 108.5756 108.1110 108.1329 108.0763 107.1432 106.6705 107.1493 106.0987 105.9596 106.2748 105.6304 106.0823 106.6791 107.1844 105.4121 105.2153 107.4132 108.2076 106.5746 106.6504 109.6834 107.2969 108.9181 106.8789 107.2185 111.3175 110.0107 113.0414 111.3065 114.5800 113.2197 114.3308 108.9873 110.8317 112.6200
109.5700 112.5931 109.5403 108.4138 108.4051 108.0635 106.6966 107.2198 107.6775 106.7645 106.3879 106.4091 106.9695 110.0792 107.7703 106.9871 105.0167 106.3631 105.8569 106.8160 107.2058 105.2670 105.3448 104.6662 105.4288 106.1915 105.2088 109.8255 107.3874 107.4097 106.7858 112.6141 110.7030 112.5734 113.4186 113.0211 113.9102 110.3293 109.9160 116.5900
113.3000 112.3727 114.3194 110.4974 107.9163 107.0137 107.0504 106.7184 107.0031 107.5296 107.2267 107.1407 106.4038 108.1288 106.5071 106.9510 105.1946 106.1556 105.7689 104.2750 104.6996 105.6920 105.8013 104.1690 105.8252 105.3455 106.0684 107.0022 107.2083 106.5029 106.9350 109.5892 108.4003 112.0035 112.8451 110.0923 112.6229 112.0980 112.1206 111.6500
114.1000 110.9118 110.4814 110.6069 107.5735 107.5143 107.1018 106.4288 106.3723 106.5398 106.1746 105.9299 106.2585 105.3219 105.9566 104.2395 105.0582 104.5109 104.8001 105.5119 105.8345 105.4916 105.8098 105.1503 105.9248 104.8687 106.4372 105.0229 105.0895 105.9203 105.5426 106.9461 107.1131 107.2239 111.3903 107.2624 111.7026 110.1681 109.7996 111.6500
113.2800 109.6640 108.5365 108.1988 105.6792 107.2742 107.2619 106.2101 106.7212 105.0843 105.1816 104.9089 105.6022 104.3118 105.5497 105.2297 103.5701 103.2999 103.1550 103.9732 104.2036 104.9294 103.2604 104.3364 104.7294 105.3805 105.2952 105.3909 105.6762 105.5140 105.6681 105.3507 105.2771 104.8306 109.7755 106.1312 106.0889 107.5510 107.4439 107.9800
113.2800 107.9610 108.3326 107.5437 106.0000 107.1070 106.1483 106.0849 106.9427 106.4353 105.5563 104.0967 104.4345 104.4007 104.7639 104.2250 102.3445 102.5198 102.2740 102.1258 103.4005 102.7556 102.6209 103.1444 102.9771 103.7710 104.4433 103.5005 105.8375 106.2778 105.5637 106.1197 105.3929 111.3759 107.3680 106.6988 107.3381 107.7188 109.0491 107.9800
108.2000 109.8523 107.4787 106.5051 107.0911 106.4400 106.0629 106.3424 106.8365 106.1047 105.3601 103.5292 104.4288 103.9157 102.3080 102.3767 101.8090 101.7391 101.3672 101.5136 101.3716 101.4635 101.7182 101.9443 102.1105 102.6113 102.9373 104.4880 105.6000 105.4947 104.5287 104.9228 105.9266 108.0865 107.6631 107.2421 108.9717 112.0639 113.2749 111.3300
108.3700 108.6029 107.9304 106.9001 107.1625 105.9781 106.7516 105.8122 105.4013 105.7831 105.0817 103.8792 102.8501 102.1794 102.0805 101.6871 101.1500 101.1441 100.3267 100.2977 100.2950 100.4071 100.8367 101.4218 101.1998 101.8901 102.4111 102.9872 103.9324 105.0044 106.2427 105.9151 105.1781 105.9080 106.3546 107.9335 108.0219 108.2280 108.3224 108.4300
106.9700 106.8295 106.2373 107.7056 107.2704 105.6758 106.1424 104.5708 105.6687 105.1851 104.2299 102.7636 102.3793 101.1417 101.3723 100.7591 99.9913 100.0217 99.3472 98.9631 98.9947 99.3569 100.3192 100.6830 100.7346 101.0666 101.8183 102.2104 102.4535 104.0276 104.0524 106.1520 105.8592 105.7961 105.8153 110.6017 106.6525 107.2933 110.0676 112.3900
107.3400 107.8604 107.5780 106.7258 106.1415 105.7424 106.5595 105.3393 106.0082 104.6738 102.9154 102.4077 101.7209 101.0715 100.5299 100.0595 99.4400 98.6260 98.1120 97.7087 97.6405 97.7283 98.8415 99.3198 99.8508 100.5657 101.3885 101.7729 102.2777 102.8578 104.8017 104.6953 105.4680 105.2070 105.4868 106.1248 106.1219 110.7916 106.3054 108.3000
107.2300 108.1953 106.4778 107.3070 106.3553 106.1137 105.7891 106.2982 105.6074 102.9404 102.4568 102.0509 101.0115 100.0682 99.4939 99.2220 98.7294 97.6358 97.0136 96.1659 96.1172 96.6401 97.0791 97.8200 98.7004 99.5712 100.5221 101.1810 101.9846 102.5991 103.1415 104.7165 105.2677 105.4564 105.9433 106.9601 106.3266 106.5161 106.8022 107.3200
107.6700 107.1611 106.4557 106.3070 106.1734 104.9984 105.8205 105.7430 104.9711 102.4333 102.0462 101.3752 100.6610 99.5334 98.8236 97.7253 97.0917 95.8242 95.9560 93.5597 93.1615 94.1179 95.0156 96.8250 97.6291 98.5059 99.6382 100.6982 101.6434 102.3571 102.8605 103.2362 104.5657 106.4148 105.8001 106.3098 106.5355 107.8395 106.4594 107.3700
106.9200 109.8474 105.5625 105.9443 106.0340 104.5469 104.5248 104.5228 103.1386 102.3585 101.8921 101.0890 99.7590 98.9876 97.4325 96.3796 95.8017 94.4634 92.8206 90.3160 90.3491 91.0826 92.2743 95.6835 96.9603 97.9403 98.9528 100.0682 101.1750 101.9044 102.5913 103.2967 105.9660 104.5287 106.5548 106.9245 107.1772 106.8374 107.5184 107.4900
107.1100 109.1118 105.7356 108.5157 108.7635 104.5350 105.1915 104.7363 102.8718 102.0533 101.3535 100.8499 99.4599 98.0197 96.9554 95.6874 94.1431 91.7553 89.2421 86.5032 87.0182 87.4307 92.7000 92.9861 95.8330 97.0063 97.9882 99.1965 100.7617 101.8411 102.3239 103.1315 105.5141 105.6428 105.3317 106.1939 106.5214 106.7646 107.1963 107.9300
106.6500 106.1065 106.3461 107.0884 108.3612 105.2424 104.7005 104.5965 102.8688 102.0821 101.1844 100.3834 99.2440 97.3692 96.3064 95.1436 92.0755 87.4036 87.4728 81.6064 80.4082 82.8916 89.3751 89.8647 92.9494 95.6043 97.8363 98.9838 100.6605 101.3370 102.0170 102.7863 104.2842 105.3357 105.1384 105.4810 105.2436 107.2994 106.8792 106.0800
107.5200 107.8110 107.1082 105.9181 106.4410 105.1827 104.1982 104.5067 102.7129 101.8599 101.2227 100.2570 99.0825 97.3864 95.2169 92.7023 88.6337 84.1762 79.9301 71.0921 71.2376 76.6647 83.8905 89.2418 92.0983 95.1645 97.7887 98.7714 100.2989 101.4362 102.0254 102.5871 104.8685 104.4760 106.7333 106.2794 106.7281 106.1832 106.1636 106.9200
107.3300 108.1844 106.6548 105.9163 104.7140 106.1741 104.1178 103.4306 102.7409 102.0390 101.2710 100.1067 99.0108 97.9499 96.3218 93.6127 88.9816 84.3069 74.1481 64.0231 65.4422 73.0972 81.8087 88.0767 91.0989 94.4701 97.5830 98.6299 100.0846 101.5103 102.0559 102.5994 104.8990 104.9681 104.7922 105.9610 107.1376 106.0632 106.7233 107.5900
107.8000 107.5247 106.4836 105.5748 104.9433 105.4299 104.1256 103.0173 102.7493 102.0732 101.2991 100.1288 99.0358 98.0743 96.5384 93.9448 89.7886 84.8612 75.9269 66.9409 67.4593 74.5356 82.3549 88.2043 91.2485 94.6277 97.6817 98.6709 100.1128 101.5162 102.2081 102.6692 105.0262 105.3327 104.4511 106.1166 107.1757 106.7785 106.2630 107.5900
107.6400 106.7551 106.1776 105.4743 105.4521 105.9915 104.4842 104.6870 102.7207 102.2445 101.3134 100.4118 98.8926 98.0047 97.3999 93.3061 89.5249 87.2139 81.3796 74.9271 74.9024 80.4015 86.1912 89.8513 93.5517 94.8092 98.1272 98.8434 100.2819 101.5000 102.2303 102.6918 104.3601 104.0647 106.5219 105.7101 106.6797 106.3111 107.7733 107.7200
108.3000 106.8965 106.3495 107.1807 106.5188 106.0253 105.2031 103.6561 102.7034 102.1033 101.2566 100.4689 99.3079 98.4393 97.9097 94.1369 92.7699 88.4609 84.8743 82.8341 82.9440 86.5818 90.5231 92.2390 95.5287 96.2887 97.8937 99.3214 100.6201 101.6914 102.4196 102.8611 104.5368 105.5271 106.1166 105.6492 106.9211 105.7978 107.8051 107.9400
108.0500 106.9429 106.8897 105.7195 107.1172 106.5213 106.2770 103.9861 99.0442 102.7366 101.6844 100.6757 100.1137 99.4074 97.8234 95.6781 94.4687 92.5277 89.5216 88.6346 88.7400 90.8278 92.2778 94.5311 95.8442 97.5503 98.4044 99.9960 100.7977 101.5761 102.3926 103.0764 104.1617 105.7465 104.2483 105.6542 106.3565 106.8435 107.7011 107.9000
108.0000 107.6796 105.8914 107.2964 106.7027 106.8320 105.9003 104.4707 103.6571 102.7993 102.0508 101.4600 100.5490 99.8809 98.3666 97.1642 95.6119 95.4391 94.1068 93.1416 93.1009 93.7117 95.0778 96.3587 96.7421 98.1872 99.4051 100.2733 101.1202 101.8930 102.5570 103.8740 106.1404 104.9894 108.1771 106.7403 107.4476 107.6401 107.2055 106.9000
108.0000 107.2820 106.6917 106.8549 106.6616 105.8807 106.2273 104.4998 103.4789 103.1725 102.4447 101.8673 101.0875 100.4008 99.9743 98.6222 97.5570 97.0897 96.5450 95.8915 95.7648 96.3697 96.9043 98.1119 98.6505 99.5153 100.0199 100.9768 101.7872 102.5197 102.8403 105.1996 104.6778 106.1373 108.6431 105.1274 106.4867 107.5059 107.9359 108.0400
108.3000 107.7991 106.4797 106.8207 106.9644 106.2436 106.9927 105.2883 104.4996 103.1280 102.4182 102.2056 101.4716 100.6622 100.6886 100.0518 99.3079 98.5269 97.9219 97.6050 97.8090 98.1807 98.1693 98.5984 99.4563 99.9634 100.8020 101.5145 102.1647 102.9185 103.5482 105.5842 105.9554 106.1322 106.2148 106.3497 108.8999 106.3859 108.4469 108.2800
106.9500 107.7735 106.6635 107.6606 106.3259 107.4721 106.4032 105.5239 104.5213 106.4940 104.2206 102.6050 102.2128 101.6742 101.0976 100.4499 100.1090 99.8423 99.1893 99.2266 99.2332 99.5853 99.3244 99.6406 100.4524 101.0562 101.6854 102.2061 102.6574 103.1113 105.1989 106.3023 106.3223 105.4638 106.1278 106.4512 107.9709 105.9495 112.2542 113.7300
107.8200 107.2050 107.2104 107.5250 106.6103 105.9106 105.4840 105.2680 109.4865 106.2394 103.6138 102.6524 102.6242 102.4130 101.9116 101.3415 100.9889 100.7179 100.6911 100.4988 100.4814 100.4202 100.7013 100.9839 101.4485 101.9183 102.3364 102.7909 102.9447 104.8069 105.0813 106.5067 106.5885 106.5708 105.5542 106.8996 107.5136 106.5024 107.4372 107.4200
107.8500 108.3799 108.0918 107.3500 107.1990 107.2172 106.2397 110.5378 105.9223 104.5850 106.5001 105.4357 103.5913 102.9114 102.6144 102.3112 101.9100 101.6072 101.4867 101.4429 101.4672 101.5036 101.7516 101.9128 102.1463 102.5670 102.8425 103.0790 103.9983 105.3758 106.4314 105.3587 106.7415 106.4150 110.0254 106.3530 107.6962 108.5436 107.9899 112.8300
107.8500 107.2700 107.2700 108.1100 108.1100 108.0100 106.9100 106.8800 106.8800 106.2200 106.2200 103.7700 103.4100 102.7900 102.9900 102.5500 102.6000 102.1200 102.1900 101.6000 101.6000 102.2300 102.1700 102.6600 102.4300 102.9000 103.3600 103.5400 105.7700 105.3900 106.7100 105.7800 106.8000 106.3600 106.4000 112.9500 112.0800 113.4500 108.6900 108.6900
