115.5700 115.5700 110.7500 109.9000 109.0500 109.3000 109.3000 114.7600 109.6100 113.9300 114.1100 109.1400 109.2800 109.0600 110.3000 112.7100 111.2300 108.9600 109.5500 110.9000 108.9100 115.0900 114.6300 114.8400 113.4700 115.7600 110.6800 114.0200 114.1000 115.1700 116.0200 116.8700 116.5100 117.9100 117.9100 118.3800 119.0800 118.8600 118.3700 118.8700
116.3300 109.7491 110.4571 110.3253 109.3548 110.0898 110.5587 114.3412 109.4211 112.9834 114.5654 112.9308 108.6790 109.3199 110.2617 113.0330 109.1389 108.4528 110.7977 109.4507 109.8053 114.9502 111.1019 115.1593 116.0461 114.4686 115.7098 113.2701 113.3513 114.3343 114.7580 115.6005 116.5073 117.1324 118.4626 118.8076 118.0621 118.2778 118.8905 118.8700
111.5600 115.0229 110.5349 109.2214 109.8288 109.3263 109.0391 112.7413 107.9420 114.0726 112.0991 108.9642 108.3685 109.0959 108.3528 114.3916 109.7995 108.4387 111.3157 108.9289 111.7220 109.9297 109.9305 113.2141 113.3824 112.1838 116.9044 111.7114 112.0868 113.9064 114.3613 114.3599 115.2173 116.1827 117.0363 117.5601 118.0115 117.5387 118.1428 118.5300
115.4600 113.6179 113.1808 109.1343 107.7343 107.9377 108.2326 110.4292 108.6714 112.3206 110.2447 108.9977 108.3890 108.2775 111.1286 111.0349 109.7011 108.5693 109.8293 109.5098 110.3211 110.7893 109.1932 113.5989 111.9240 108.1813 110.4684 110.1058 110.8861 112.7886 112.5273 116.9354 113.9183 115.2978 115.6836 115.9258 116.9291 118.3605 118.3270 118.8900
115.4600 114.6239 114.3824 108.5286 109.2628 108.0213 108.3188 108.8979 108.7119 112.2613 113.5030 108.5947 108.3273 108.3334 107.3183 113.4458 107.5973 108.1858 110.2263 109.1696 111.5549 111.5327 113.7723 115.4869 113.6738 111.3380 110.3263 110.7130 109.8013 112.0877 113.4477 111.6833 113.5651 113.4731 114.0293 115.7775 117.1164 116.5923 117.7445 118.8900
115.3600 114.1018 115.1023 111.3705 108.3980 107.9331 107.9706 108.4416 108.2103 109.5498 112.3260 108.2242 107.7769 107.3170 107.3193 111.5603 106.4268 107.4685 107.5980 108.1816 107.8213 107.1674 111.3782 112.1926 114.3530 112.9539 111.6280 109.5057 108.7366 109.1083 113.7907 113.5677 115.7177 112.6247 114.4084 116.4366 117.3694 115.9225 116.4173 117.5400
115.3600 113.6804 111.2863 109.2084 109.5557 107.8707 107.6607 107.2919 108.2700 106.9148 108.4678 106.8050 107.7793 108.0944 107.3802 106.9647 107.5532 106.9506 107.3796 107.3703 107.7719 107.4749 112.0754 112.1520 114.0883 109.6097 109.2085 107.2694 107.5371 109.8024 112.8714 114.6800 114.2044 113.7193 116.3222 114.3671 116.5869 115.6767 116.2727 116.3200
115.1900 113.3210 111.5392 112.2186 114.2127 108.1815 107.6868 107.8903 108.1990 108.0761 107.6759 106.7166 108.1190 108.0648 107.7304 107.6504 107.6038 107.1427 106.8211 105.9590 107.1412 107.6451 111.4260 111.0459 107.5549 107.7081 107.4517 107.8992 110.4197 111.4813 113.4519 110.4266 112.7032 112.6710 114.5735 114.5528 116.4117 113.7214 115.0408 116.3200
115.1800 115.3909 112.6947 110.7360 109.9496 106.9008 106.9566 108.3859 107.4500 108.1409 107.0861 106.5794 106.9757 106.7205 108.0933 107.4025 106.8494 106.0091 109.9669 106.0294 106.6117 106.4161 109.6796 107.1658 106.6424 107.5540 107.4369 107.8392 108.5779 108.6110 111.9945 109.6106 108.7036 114.6415 114.9533 115.3793 112.6647 114.1097 114.0675 115.0500
113.0000 111.8637 111.4488 111.7282 107.6726 112.9135 109.2824 107.7861 107.5718 106.2559 107.0235 106.0623 106.5854 105.9631 109.4925 106.7119 106.6219 105.8945 107.4899 106.8284 105.9504 105.3922 106.7572 107.0994 107.3446 107.6115 107.7031 107.9434 108.0023 108.1344 108.5434 108.8629 108.1329 111.4101 114.4289 114.6971 110.7273 115.2154 114.9376 113.7400
111.6400 114.8611 111.1393 110.2265 110.7853 113.6347 108.0383 107.6390 107.5337 106.6002 106.7881 107.3037 107.0877 106.1366 106.5657 105.1043 106.3176 106.2164 106.6458 106.6531 105.6348 105.5215 105.3516 106.0892 107.2416 106.9657 107.2577 107.7294 107.8276 107.9320 109.0208 108.5434 108.6269 111.6444 109.2704 112.9805 114.9129 112.4819 112.3871 113.6000
111.6500 109.3491 107.8195 106.3357 106.9255 110.9571 105.7112 106.8870 106.4895 107.0944 107.0190 106.3353 106.2191 105.8919 106.0704 104.6981 105.6442 105.7731 106.3207 106.1485 106.2413 105.0655 106.6223 105.4297 106.7360 106.4705 107.1320 106.2285 107.0921 106.0094 110.2038 107.7890 109.6550 108.1624 108.5703 112.4552 114.5886 109.9667 111.5484 112.1500
114.5100 107.3090 105.9974 107.5182 109.0080 107.7185 105.3970 106.4942 107.1186 105.8580 105.4535 106.3115 108.4337 106.6169 104.9736 105.0957 105.7975 106.0721 105.4384 105.4294 105.9537 105.5216 105.6464 105.1878 106.0996 105.9574 106.4940 105.7980 106.0536 106.7208 107.3791 107.5521 111.4547 109.7730 111.1485 110.9297 113.5879 113.4574 111.6690 110.0900
110.4900 106.5001 107.6679 105.5911 107.4653 109.5142 107.7953 106.6031 106.5589 105.0023 105.9336 105.6030 105.9649 104.7687 104.9010 105.2192 104.9647 104.6389 105.4746 105.6617 104.0443 105.4275 104.8336 105.8628 104.7965 105.8762 105.9780 107.0103 106.5706 106.0869 107.4699 107.3122 112.4649 110.4475 109.5143 110.0055 113.1437 112.8020 113.5319 114.1300
107.6600 110.5161 112.6629 109.2885 106.2090 105.9412 105.7889 106.9229 105.5269 104.9338 105.6241 105.1902 105.3459 102.9978 102.8791 102.8748 102.7357 102.9116 102.6949 104.4689 103.2360 104.3713 104.3616 104.9495 105.0878 104.7432 105.4918 106.2770 106.6332 106.1920 107.2479 107.4637 108.1274 107.2226 111.7754 112.1999 112.5190 111.9212 110.4550 109.4700
107.6600 106.5954 106.0248 107.8078 106.0007 104.9904 105.8516 105.6132 105.9661 105.0767 103.8813 103.0329 102.6690 102.2689 101.9766 102.1795 102.1984 102.3164 102.3686 102.3769 102.2233 102.6757 102.0332 104.0631 105.7480 105.3002 105.9825 104.7375 106.1233 105.7215 106.2427 106.7804 106.3966 110.4045 109.7736 109.6351 107.5961 113.7402 111.4481 113.7100
109.7500 107.3568 106.6857 107.4524 109.3550 107.8843 104.6091 105.7660 104.6432 103.2361 102.8091 102.1614 101.9776 101.4285 101.3677 101.1819 101.2031 101.2293 101.5312 101.5219 101.4541 101.7899 102.6537 102.7650 104.0918 105.0093 105.6177 105.3929 105.1674 105.5537 106.6336 107.1389 107.2160 109.0000 108.0242 107.6713 108.1612 110.1084 108.7784 107.6800
111.7900 106.4327 105.8418 105.4337 109.2995 106.6313 105.1203 105.8080 103.4625 102.8533 102.2284 101.6256 101.0874 100.3071 100.5007 100.1120 100.0291 99.9843 100.3437 100.6234 100.4750 101.0809 101.7804 102.1086 102.5412 104.4374 104.4846 104.1403 105.0694 105.6811 106.4129 106.6215 107.0657 106.3787 106.4964 107.5389 107.0064 106.8790 108.0844 107.6800
105.9600 105.0644 110.4532 105.0850 106.9089 105.3958 105.3141 103.7501 102.7309 102.3387 101.6971 100.6983 99.8182 99.2289 99.5686 99.4478 99.1341 98.9304 99.3370 99.2744 99.9807 100.5136 101.0179 101.4547 101.8970 102.8800 103.1742 104.5643 105.1785 105.5267 106.3554 105.5796 105.5260 105.8181 107.4216 107.5821 107.9376 108.4273 112.5590 113.6800
106.4800 105.6222 108.1173 105.8651 106.4667 104.7959 103.4258 102.6937 102.1660 101.7314 100.8958 100.0333 99.7667 98.2437 98.0361 97.7829 97.3991 97.8082 98.1162 97.9414 98.5177 99.1931 100.1600 100.7525 101.3075 101.9409 102.7536 103.7291 105.0760 104.4699 105.1412 106.0330 106.9397 107.7370 107.2467 107.5089 107.5116 107.7757 108.4705 109.0300
107.0600 106.3663 105.1921 104.6545 105.2882 104.5634 104.4792 102.1842 101.8057 101.0208 100.2408 99.5778 98.0818 96.5367 97.0002 95.9111 95.4820 95.2593 95.8881 95.9159 96.8708 98.0881 99.5182 100.4653 101.0849 101.2836 102.2523 102.7709 104.2803 105.1640 105.9595 106.3865 105.1119 107.3046 107.0289 108.1066 107.3148 107.1413 108.8675 108.7800
105.5200 106.3435 106.6101 105.9893 105.5261 104.3958 102.5268 101.8369 101.3980 100.3066 99.3692 98.3361 96.5499 95.9375 94.7977 94.4541 94.1833 94.2044 93.9302 93.9672 95.1648 96.6146 98.4596 99.8443 100.4214 101.3493 102.1959 102.4422 104.2846 105.7731 105.1717 106.6034 106.9254 107.6706 107.2603 107.7777 108.3239 108.7796 106.3053 107.7600
107.3300 106.3721 106.4638 104.7402 104.2968 102.8717 102.3579 101.6689 100.7971 99.4314 98.4016 97.9001 95.6419 93.7093 92.1210 91.2535 91.2250 91.3615 91.0267 92.4723 93.7813 95.2557 96.9769 98.4591 99.6232 100.8140 101.6604 102.2498 102.8741 104.7130 104.4664 106.8985 106.6701 107.2619 106.1879 107.1468 107.6659 108.2719 106.9967 108.0700
106.6000 105.3945 105.9556 104.4724 103.8684 102.7146 102.2120 101.2049 99.9954 98.1977 97.6189 96.3036 94.1494 91.8509 89.3734 86.7176 86.6024 86.6759 87.5106 90.4187 91.7988 94.0337 96.0395 97.6878 99.2573 100.0733 101.2225 101.8616 102.9764 103.7003 104.8985 106.1888 106.7943 106.4040 106.6297 107.3160 107.0409 107.1418 110.3463 112.8400
105.8400 106.3243 105.6055 105.5036 104.7824 102.5457 101.6577 100.8313 99.3873 97.6710 97.0759 96.1878 92.5109 89.9270 85.9925 82.7150 83.1220 83.0903 84.3952 87.7654 89.3941 92.4315 94.4763 97.5973 99.2457 99.9542 101.0326 101.7930 102.8262 104.1250 105.5278 106.0728 106.2638 107.5538 106.4855 107.5789 107.8615 107.7352 108.3935 108.6600
107.2300 105.6020 106.2355 104.2871 104.2372 102.3930 101.6629 100.7743 99.4929 98.0855 97.1494 95.5423 91.5638 88.8400 83.4930 77.3690 72.4995 71.1185 78.1104 83.8465 87.8975 91.8929 95.0193 96.8127 98.6243 99.5981 100.5937 101.4901 102.6964 103.2321 104.9199 106.4247 105.7690 105.9827 107.2187 107.3012 107.9462 107.3493 108.2108 108.0300
107.1500 106.3462 105.7804 104.8614 103.1919 102.3777 101.4425 100.6564 99.6194 98.3091 96.7294 94.6489 91.3300 87.3748 82.7447 74.5978 65.6078 64.0338 70.7433 82.0705 87.2674 91.4745 95.7566 96.2972 98.3791 99.3004 100.3942 101.5540 102.5788 103.3335 104.4842 104.7051 105.0866 106.8566 107.8303 107.6395 108.1034 107.7737 107.8976 108.0200
107.1400 105.9661 106.0214 104.4220 103.2244 102.3533 101.1279 100.5715 99.6500 98.3625 96.7090 94.6946 91.5769 87.1442 82.7718 77.0687 67.1096 64.3837 70.8037 83.0584 87.3330 91.5707 95.1900 96.1083 97.8145 99.4811 100.8335 101.6539 102.6828 103.2142 104.3329 104.4555 106.3444 106.9486 105.7348 107.0104 107.3133 108.1458 107.0631 106.4700
107.3600 106.5788 105.2293 105.2647 103.4680 102.4550 101.6352 100.4277 100.2050 98.4404 97.4426 95.4737 92.8828 89.1297 84.7250 78.8687 70.6845 73.9111 78.0011 84.9444 89.0060 92.1720 94.5362 97.2693 98.1065 99.8635 101.0564 101.6681 102.8665 103.4035 104.0519 104.7849 106.3609 107.3603 106.5490 106.6007 107.6477 108.1129 108.0587 107.7900
106.7100 106.6680 105.0034 104.3048 103.7721 102.6038 102.0817 101.0888 100.3206 99.3264 98.2181 96.1755 94.0294 91.7912 89.4641 84.9542 82.1005 81.2713 84.4347 87.7087 90.4893 93.3463 95.3409 97.4934 98.4845 99.7534 101.2790 101.9675 102.6473 103.5781 104.5194 105.8740 106.3385 105.0390 106.0479 107.2110 107.9928 107.9954 108.3424 108.2800
106.5500 105.8731 105.7055 105.8144 103.6058 102.9242 102.1182 100.9786 100.3534 99.8753 98.6926 97.2488 94.8966 94.0518 92.4773 89.8390 88.2778 87.7318 89.4581 91.1259 92.8020 94.8574 96.9861 98.4233 99.6403 100.1177 101.5051 102.2034 102.8868 103.6341 104.4374 105.4149 104.9349 106.3186 107.3052 106.3611 107.5744 108.1745 109.3236 107.6800
105.7200 105.8652 106.8807 104.7921 104.1007 103.0648 102.3926 102.0206 101.4237 99.4074 99.0616 97.9305 96.4273 96.3799 94.6299 91.8793 91.6782 91.5173 92.3229 93.2908 94.8696 96.5556 98.3496 99.4979 100.3108 100.9530 101.6544 102.4153 103.2522 104.0128 105.9551 106.7207 106.6181 107.0373 105.7221 107.9659 106.7590 106.9830 112.2693 108.5400
107.3900 106.0609 105.7275 104.2305 105.4688 103.6526 103.2549 102.5807 102.0635 100.8100 99.9497 98.6434 97.9273 97.6667 96.8806 94.9702 94.7893 95.1897 94.9443 96.0266 96.9679 98.3540 99.1461 99.8558 100.7045 101.4854 102.0896 102.8867 103.5792 105.7502 105.8440 106.7869 105.8208 107.2140 106.7593 107.4162 107.0491 107.7505 107.5577 111.4100
107.3900 107.9598 105.8487 105.1941 104.8989 104.2316 103.4284 102.9135 102.2655 101.5547 100.7776 100.0631 99.5918 99.2631 98.0097 96.9944 96.6892 96.8685 97.6134 97.8702 98.5350 99.1542 100.0500 100.6933 101.0763 101.7193 102.5534 103.0734 104.0432 105.0377 106.6715 108.7706 107.5703 107.9645 107.3500 106.4727 107.7346 107.5773 107.4641 107.8400
106.1500 110.7781 105.3485 106.8570 105.7208 105.1140 103.6467 103.3639 102.6949 102.1329 101.3712 100.7243 100.3825 99.7034 99.8180 98.8079 98.6213 98.4707 99.2125 99.3512 99.7491 100.3394 100.9023 101.4754 102.0293 102.4065 102.8915 103.4991 103.8651 106.0483 107.1433 107.2291 109.6852 107.9532 107.5780 108.4307 107.7409 107.3416 108.1699 109.0800
108.0700 107.3792 107.6924 107.3727 106.7291 104.9851 105.0406 103.6841 103.0308 102.7745 101.8099 101.3092 101.0015 100.2995 100.6997 100.2038 100.2850 100.1218 100.1952 100.3093 100.7980 101.1767 101.5047 101.8562 102.3597 102.8338 103.2238 105.2889 105.4109 106.1295 106.1001 105.0260 106.4258 106.7208 105.2877 114.3408 110.5220 108.6056 109.1170 108.9400
107.2600 106.9265 107.1352 105.8539 106.9775 104.8746 105.5545 105.3418 104.5482 103.0288 102.5118 102.1732 101.9329 101.3514 101.4275 101.0000 101.0513 101.1461 101.2261 101.1102 101.6387 101.9578 102.0769 102.4866 102.9208 103.7551 104.8810 106.6152 106.3142 106.5255 108.4470 110.1557 105.3197 106.8851 106.7651 108.0528 108.0837 113.6420 113.7114 112.4200
106.7800 107.4863 107.1576 105.5175 107.1667 105.0293 106.4613 106.3591 104.9939 103.5936 102.7219 102.5895 102.6408 102.4131 102.2742 101.7769 101.8742 102.0446 102.0543 102.3278 102.4861 102.6747 102.9285 103.2176 103.8403 106.1510 105.7153 104.5310 105.8011 105.9998 107.7132 107.8511 105.4064 109.3203 106.4241 109.6594 109.8201 110.1524 110.9987 107.5300
106.9400 107.9409 107.6262 106.4455 107.0159 105.8879 106.6942 106.6406 105.2484 105.8600 104.7304 103.8564 103.0581 102.9411 102.9111 102.8623 102.7726 102.7030 102.7700 102.9567 103.1502 103.2216 103.5607 103.8608 104.5599 104.8948 104.7002 105.3926 105.3950 105.9587 107.4638 106.1742 106.3378 106.7526 111.8203 110.8769 113.2046 111.3307 113.5339 107.0300
107.4600 107.4600 108.0100 106.4300 106.0700 105.6400 106.1600 106.5500 105.8000 106.3000 106.3000 105.8800 103.5800 105.4400 103.3400 103.4200 103.4800 103.3700 103.3500 103.2600 103.6500 103.7100 105.7400 106.1200 105.1100 105.7100 107.1400 106.2200 106.2200 105.1200 111.0700 106.5600 107.4900 108.2200 110.8100 113.3800 110.6500 115.7000 115.7000 110.1300
