111.4100 114.5000 109.3600 108.9200 110.4800 110.4400 108.9600 111.2300 108.5600 111.7300 109.1200 110.4900 110.4900 108.7100 111.7500 115.4900 110.2700 108.7200 111.1700 111.1900 115.2600 114.6900 109.8700 114.2900 114.0600 114.0600 110.6900 114.8800 113.4500 115.0800 115.0800 114.5600 114.5600 112.4600 114.0700 113.8700 113.6200 113.3300 113.1100 113.1100
109.4200 112.7517 110.4019 108.5641 109.8103 114.0058 111.2139 114.1801 109.6842 107.7235 108.9456 109.5560 110.4460 110.8162 111.3310 112.1047 112.6747 107.3950 110.9019 113.9039 114.1827 112.8626 109.9786 112.5467 114.3527 110.9074 112.8044 112.2309 111.0270 110.6228 113.5297 115.4008 114.9229 113.5654 113.3104 114.0872 114.8680 115.2479 113.2603 113.2200
110.6200 111.4066 108.6811 110.5031 110.2327 111.6643 116.8172 113.4993 107.8263 108.7670 108.9941 109.8200 108.2033 110.3514 112.6764 110.9590 109.5200 109.6197 109.0326 114.6027 112.6288 114.5783 111.8198 111.1067 112.7253 110.0071 110.0567 111.6746 110.1602 110.7240 112.8288 115.3599 115.0756 113.5288 111.1208 113.6006 110.6645 112.6968 112.1707 110.8400
111.8600 111.5680 112.6686 112.2660 110.3736 109.7825 114.2486 109.7302 109.8758 109.8508 110.1189 109.0054 113.4256 109.4520 112.3755 111.4375 112.3179 112.1618 117.8602 111.0529 110.9717 113.2232 110.4511 112.6828 113.0214 109.7375 109.5537 110.2671 109.4953 108.9152 111.7058 115.4734 115.4928 114.9145 111.7979 111.2299 109.7165 109.9866 110.8455 110.7700
110.5600 113.0918 114.6250 109.4170 109.9423 108.0744 113.9186 113.6597 114.3126 111.0214 110.0340 107.7074 113.0083 109.1740 109.5648 108.1950 110.3547 109.6867 117.0872 109.9036 112.5424 112.7396 109.6048 113.1078 109.2772 109.7233 110.0918 111.5573 109.6588 110.1086 111.4623 112.4957 113.2690 113.7077 109.2139 111.1312 109.2968 112.5205 110.7040 113.8200
113.1000 109.2572 114.3446 112.6834 108.7067 108.0946 112.7576 113.0103 114.9942 115.5162 112.1306 110.5151 109.5907 109.1159 108.5272 110.4492 113.9146 109.5280 114.4067 111.2431 110.3925 109.7046 109.1469 111.0062 110.7763 109.0248 110.1726 109.6741 111.7676 109.5024 111.2094 110.9963 112.6479 113.1090 110.7701 113.8491 112.8640 111.8155 110.5978 112.5500
110.9800 108.8143 110.9240 111.8417 109.4491 109.2086 113.6135 109.8612 109.9911 116.2979 115.3033 112.2044 110.5070 112.2743 113.0605 112.1362 113.8024 115.9677 115.0968 111.7111 109.4122 109.0266 109.6494 109.3449 108.6308 110.6389 110.4636 109.8231 111.6871 108.8561 109.3521 108.2751 108.7221 110.3965 112.1715 113.8415 114.2378 111.0415 111.5211 112.5500
115.3300 107.5990 112.4484 109.1787 108.9416 109.9456 114.0578 111.2902 112.7505 114.3950 110.8343 110.2631 108.5822 114.8120 111.7228 115.2270 114.9236 113.6411 114.1676 110.3444 109.1285 109.3180 109.1320 109.0194 110.7316 112.8751 108.9941 110.7490 108.2659 109.4008 109.0967 108.7832 108.7586 108.8711 113.0942 113.9800 113.5927 111.3669 110.9023 110.6900
109.8800 113.4380 110.3631 109.5996 109.8028 109.2272 111.6733 109.1738 113.0447 114.9805 115.8962 110.0898 108.3335 114.0211 110.4563 110.4233 109.0635 111.0994 113.6909 109.7789 112.3556 109.6244 109.2776 109.6688 108.6069 109.9521 109.0941 109.8302 108.4601 109.6736 108.6599 109.0268 109.1797 109.2187 111.8398 114.0101 110.8200 110.1719 109.9960 109.6000
113.3200 111.7172 109.5707 109.7271 109.1029 108.9419 111.5734 108.9016 113.0924 113.7009 113.3483 108.9192 109.6079 109.7539 109.4486 111.5844 114.3298 109.3105 110.0429 108.5894 109.6271 108.9194 108.8545 108.6850 108.4496 109.3991 115.7743 108.1783 109.0282 109.0136 109.5397 109.6309 108.7205 109.7172 110.0537 111.4237 110.9010 110.3141 109.3913 109.5400
115.1600 109.0032 109.5174 109.2897 109.2661 109.0263 111.3357 108.1817 109.7129 110.1670 115.6642 109.4655 109.4832 109.3725 109.3526 108.4372 109.5248 109.5253 109.3632 109.3798 110.1711 110.8964 111.4987 109.8169 109.6761 111.8080 116.6378 113.4737 110.2536 110.5213 109.3205 109.3367 109.0655 108.8906 109.5950 111.0222 109.9153 110.0454 111.4113 111.8900
114.4700 108.3848 109.1381 108.5597 109.1511 108.6247 108.7708 107.6742 108.5120 108.7175 108.8134 108.8608 109.4982 109.3012 109.3053 108.9703 109.5996 108.7246 113.0109 109.2004 109.7090 110.6480 114.6012 114.9294 109.6452 107.8130 114.8105 111.3403 111.0263 110.9525 110.7400 109.4377 109.8002 109.7218 110.0341 110.2227 109.7819 109.8063 108.9167 110.6900
114.1200 109.5347 107.3794 108.1465 108.5793 108.6341 107.3296 107.5474 107.9202 108.3466 111.4296 107.3574 108.5671 109.1783 109.0584 109.1664 109.3090 109.1032 109.2930 109.5253 109.7251 109.6913 110.7606 115.3811 112.0612 108.3947 107.9665 115.3758 108.6647 109.5273 109.3590 109.9352 109.3239 109.7210 111.4800 111.8829 109.3607 110.1299 110.7403 109.6000
107.8400 108.2092 107.2987 107.7788 107.3816 108.1728 107.7082 108.1588 108.2622 108.3034 107.5958 108.3937 107.6445 108.9278 108.5602 108.6789 108.8283 108.9811 108.6728 108.9907 110.9328 114.3049 112.5266 112.7422 112.6460 111.8445 109.6408 111.0956 109.2459 109.0169 111.0556 109.2125 109.1719 109.6547 111.5064 111.2456 109.9371 113.5865 116.2104 109.7000
108.5600 108.0317 107.4314 107.3927 107.2752 107.0875 107.7440 107.7519 107.0287 106.9522 107.8117 107.8755 108.0574 108.2222 107.8734 108.2080 108.5071 108.4415 109.1559 107.1537 112.5306 114.2933 112.5740 113.7057 115.8569 112.2152 112.5446 111.4664 109.6253 112.3528 108.9054 108.3991 109.5187 108.6411 109.3670 110.0079 111.6745 115.5670 109.7325 110.7800
108.2300 107.7637 108.3955 107.7922 107.0679 107.9035 107.4119 106.9525 106.9537 108.1518 107.2680 107.0612 107.4650 108.3486 108.3736 108.6341 108.8454 108.8865 108.0127 108.7785 114.6162 112.8697 109.7004 111.8072 108.7032 111.5956 113.1776 114.5469 111.3649 113.9685 110.6610 109.1909 109.8628 110.1402 109.7270 110.2459 110.7666 110.6994 108.9245 109.8600
107.0000 107.2006 107.7477 107.4785 106.8232 107.8491 107.7434 105.6176 106.3066 106.8980 105.9778 107.5344 108.0818 107.0732 107.5642 108.3598 108.6965 107.9921 107.3390 107.6068 113.9478 107.9104 109.0892 108.7661 110.9864 114.0474 113.4391 111.5033 113.2855 113.1910 110.9342 110.1817 108.7940 110.3607 111.6957 108.9086 110.1944 109.1815 111.0678 109.8600
107.0200 107.0246 107.3778 106.5939 107.3942 107.6191 107.3151 107.3072 106.2143 107.0027 107.5692 106.9315 106.9933 106.6108 107.6682 107.7107 108.3098 107.3931 107.6083 107.1582 109.1700 108.5266 109.2638 109.2185 112.8137 110.8649 109.9611 109.4613 109.6428 110.4975 109.8550 111.6727 109.3462 108.9366 113.0918 111.7913 112.0539 113.9264 109.6169 108.8400
106.4500 106.8292 107.0723 105.6430 107.1225 107.1733 105.4067 106.0907 107.0376 106.3991 106.6171 106.8119 106.3200 107.4406 107.1442 108.0308 106.3212 108.0558 111.8071 108.7233 108.0871 108.6244 109.1759 109.4114 109.3350 108.4971 108.9085 110.0527 111.0556 113.2084 114.9226 109.6079 110.4610 109.5423 111.9434 114.7693 111.7180 111.9398 108.5764 109.1600
105.4600 106.5163 106.6315 105.9108 106.8422 104.8324 105.9333 106.6501 106.5509 106.3502 105.1125 106.5916 107.0697 106.7235 105.7005 107.9749 107.1435 106.8045 107.9441 108.1413 107.3723 108.9605 108.6193 107.7909 108.2658 109.0149 113.3812 110.6262 111.3167 111.0659 111.8613 109.6390 108.4197 110.3131 112.6384 113.3994 114.3331 117.6647 108.7103 111.9400
106.4400 105.0756 106.7028 105.7803 105.0924 104.5041 105.4194 106.3119 105.3207 105.7691 105.6599 107.0333 105.8083 105.3411 106.8833 106.9691 106.7665 105.4714 107.3256 107.5261 107.5921 108.3651 108.2821 109.2815 109.2786 108.9829 108.6497 109.9672 111.3634 112.6311 113.6166 108.3620 108.1140 113.5841 113.0818 116.3120 116.5473 113.5661 115.7172 111.9700
106.5000 105.2332 104.9607 103.9154 104.7039 104.3862 103.5619 105.3866 105.4213 106.1750 106.3212 106.4080 106.4691 105.3739 105.4646 105.8293 109.5313 105.9469 106.5293 107.3423 108.3985 108.3839 108.5104 109.0019 109.2100 108.8272 109.5806 109.3077 109.5459 109.7608 110.2876 110.3568 112.5224 114.8487 112.8018 114.5539 115.8588 115.6799 112.1355 108.8100
103.8800 103.8006 103.5577 104.1994 103.9675 103.0584 103.1432 103.5119 104.3149 103.9533 104.9068 105.0481 104.6340 105.3415 105.3388 105.7851 106.3665 107.8018 108.1955 106.2277 107.3877 107.6599 108.5894 108.4162 108.9720 108.8669 108.8922 109.0105 109.7987 110.0428 113.0497 114.7496 110.3263 112.0312 110.5802 113.7764 115.4136 115.0278 112.9259 109.3100
103.0900 102.9750 102.6467 102.6741 102.0655 101.7400 102.0709 102.5993 102.6873 102.8724 104.8254 104.0294 105.3752 106.9619 105.3288 105.1070 105.4003 106.0684 107.1904 106.6268 107.1417 107.2778 107.3811 107.9191 108.2009 108.8956 108.9078 109.1095 109.8597 109.3088 112.0754 108.8153 109.9020 112.9663 116.0122 114.7782 115.0774 113.2857 113.9674 111.0100
102.5900 102.1919 101.9482 101.6118 101.7442 101.0480 101.3793 101.7565 101.7836 101.7320 102.8511 102.9437 103.4852 105.4994 106.6671 104.2540 105.1618 107.0619 106.7134 107.3162 107.9194 108.0460 107.1838 108.4440 108.3159 108.7189 108.8706 109.3652 109.2224 110.6826 111.6654 111.6550 109.6144 114.6873 113.2046 109.3113 109.5612 112.6562 113.3059 110.4000
102.0300 101.6825 100.8958 101.0608 101.0293 100.7742 100.6119 100.9484 101.1644 101.3537 101.6004 102.2657 102.8447 102.9422 103.3248 104.0086 106.1333 106.7106 106.6645 107.3354 107.4802 108.0619 108.2051 107.7604 108.5999 108.9148 108.9114 108.6980 111.9031 109.0578 111.4741 113.6932 113.5920 115.1296 116.3796 112.0021 110.3304 114.5679 114.2568 110.4000
100.5400 100.8670 100.3309 100.0550 100.4137 99.0820 99.2647 99.4564 99.6367 100.8309 100.9927 101.6307 102.2094 102.7183 102.9959 105.0261 105.1829 106.5271 105.6632 106.9790 107.2666 107.1356 106.7364 107.3415 108.3250 108.2720 108.9822 111.1561 110.5181 110.6990 112.7542 113.9230 117.0603 115.6761 118.1957 115.2305 114.8086 113.1745 112.4706 115.6000
100.3000 100.2488 99.4594 97.5536 99.0887 98.7182 98.0372 98.6225 98.2078 99.9060 100.0831 100.8995 101.6710 102.2872 102.6243 103.5411 103.8092 105.9511 105.5071 106.9746 107.2649 106.8778 106.2223 106.5121 108.0539 107.9596 108.0093 108.5837 108.8812 109.4188 113.2442 111.5462 113.4098 115.5787 113.4681 114.9341 110.7592 109.4476 109.4754 116.9200
100.1900 99.3193 97.9733 96.2116 98.2707 96.9407 96.2745 96.8737 97.5633 98.5101 99.5953 100.4906 101.0324 101.7183 102.5510 103.1510 103.6137 104.4320 106.2450 104.9079 107.2169 106.5335 106.0641 106.8886 108.0722 107.8207 108.3183 108.1216 111.8034 107.9709 112.5419 112.1415 109.4128 111.9129 112.2274 113.4026 114.1052 110.1502 112.0994 108.4300
99.1400 98.6980 97.5776 96.0684 95.2866 93.8790 94.4121 94.4157 95.3697 96.8462 98.4822 99.4585 100.3446 101.0052 101.8279 102.8402 103.1543 105.5084 105.3574 105.9653 106.8010 106.3783 106.5473 106.3854 108.8393 112.6006 106.9683 113.8786 109.6539 111.7831 109.5484 112.4506 113.2351 112.3671 111.3251 113.5834 113.2125 112.4279 108.8350 109.9700
97.6100 96.7206 95.2124 93.5631 93.0895 91.4114 90.9935 93.2039 94.7916 96.6807 96.5734 97.7976 99.3966 100.4338 101.6375 102.6177 102.6527 103.3220 105.7022 105.1724 106.0284 106.3130 110.2875 106.4501 107.2362 107.8864 112.5964 114.2542 112.1749 113.3140 111.1953 113.3561 114.9801 110.5956 112.6810 112.8092 112.0893 112.3172 109.2513 111.5600
95.7600 94.8227 92.5687 90.2463 88.7429 88.1815 88.9035 91.8085 93.6894 95.9066 95.9780 97.6600 98.5190 99.7990 101.4132 102.0459 102.5389 103.1596 105.3936 104.9771 106.4076 107.0769 107.1850 106.5245 107.0863 107.7954 110.5118 113.5950 108.6016 108.7833 108.7848 109.0628 112.7999 109.3955 113.8676 112.2010 111.0008 111.7182 112.6237 112.3600
94.6100 93.1935 89.7508 87.1248 84.4175 83.3381 85.1382 87.9676 91.2228 92.7929 95.2630 96.6946 98.3876 99.7188 100.9347 101.5229 102.3505 103.0074 103.4968 105.9823 106.1027 105.6692 105.9313 106.4074 108.0398 107.6835 108.2937 108.5004 109.0307 110.4792 109.7414 108.6062 110.3827 110.0632 111.9551 108.1890 111.7710 108.0352 108.2415 108.9200
94.1500 91.9151 88.0746 83.3017 78.4448 75.9519 79.9207 84.4639 89.2701 92.3327 94.0246 95.5569 97.6615 99.3898 100.1785 101.8367 102.3265 103.0585 103.5300 105.2612 106.3983 105.6723 105.6858 107.7112 107.3199 108.1231 108.7141 109.1371 108.7936 112.8033 112.2478 111.5932 114.5699 111.7797 113.5504 113.1375 115.1328 110.0242 108.7470 108.9100
92.3600 90.2485 85.6809 80.4285 69.1104 65.4938 70.3582 80.8049 86.6716 90.4972 93.6143 94.4192 97.2099 98.7055 100.1397 101.4998 102.1014 102.9882 103.5447 104.8778 106.6241 105.6194 105.5247 107.8475 107.8433 107.9744 107.8994 108.4286 109.6104 110.6797 111.4077 115.5439 113.4712 116.5296 115.0333 113.1330 114.3550 111.8181 109.1815 110.6500
92.3200 89.6065 83.8115 79.1919 62.6389 59.1580 65.5257 78.8740 84.4276 88.9652 93.1929 94.5197 97.0556 98.6251 99.8145 101.4169 101.9523 102.9370 103.5837 104.2621 106.7190 105.4476 105.1360 107.7148 107.9998 107.6902 106.8067 109.6725 110.0690 109.2582 111.0181 114.7835 114.2046 115.5940 115.4184 109.6879 113.3079 112.5790 112.7456 113.7000
94.0800 90.9825 85.0886 79.9290 70.0456 69.7801 73.6555 80.9777 85.4995 89.2844 92.7329 94.9816 96.8145 99.0674 100.2079 101.2598 101.8926 102.9779 103.4888 105.6849 106.3156 106.9003 107.0251 107.4991 107.8772 107.8490 108.6112 108.5561 109.9477 109.3115 108.8040 114.5260 114.9633 110.6142 116.6969 113.4331 115.1058 110.4702 111.7405 109.2700
93.9700 91.7541 87.1855 82.6928 80.2947 77.9407 78.9091 83.8736 87.4710 91.5225 94.0122 95.9328 97.5982 98.8790 100.7582 101.6491 102.3097 102.9904 103.5471 105.5018 105.7089 105.7903 106.3413 106.4286 106.8559 106.7716 108.1084 110.2374 108.5239 110.4779 114.2386 113.7083 112.2663 114.9342 112.4961 111.5381 110.8873 110.2532 111.0080 113.5600
96.7400 93.6596 89.8545 87.2085 86.8169 87.3377 85.3445 87.5566 90.7576 92.9305 95.5280 96.5355 98.2386 99.4446 100.5519 101.8250 102.6501 103.3800 103.5867 105.9278 104.8173 106.1318 106.0517 105.9577 106.3744 107.6542 112.3222 110.4707 113.6377 111.9924 114.9833 110.6853 113.6076 113.8665 107.7247 114.9125 109.3344 110.5488 110.5341 111.0000
96.4500 95.3700 95.3700 90.1200 87.1700 87.4100 87.2900 89.9100 92.8000 93.9300 95.5300 97.7800 98.7900 100.4200 100.7000 101.7000 102.8200 103.2700 104.0100 106.4700 105.8200 106.1700 107.1300 107.6200 108.2100 108.4100 108.2900 109.0000 114.0800 113.6500 113.7400 111.1900 113.2300 113.0900 110.5900 110.7900 110.4500 112.2800 109.1700 111.2300
