105.3700 105.3700 105.1200 111.3700 106.1300 106.0500 104.4100 105.5400 105.1600 105.1700 105.3200 105.3200 104.4300 105.0700 104.9500 105.5100 105.2800 106.2400 106.2100 111.2600 110.4800 106.6300 108.5900 107.7500 106.5300 107.3800 110.5600 106.1900 106.8700 107.5700 108.5300 110.4900 111.6000 114.2100 115.7300 117.4900 121.2100 121.5800 121.7100 121.7100
105.2100 106.4962 106.4229 108.2622 105.2184 105.3216 104.1749 104.1692 104.1310 104.2728 104.0203 103.5476 104.2844 103.5382 104.7753 104.7698 105.1815 105.8078 108.6192 108.3893 108.6768 108.6234 108.2147 106.3603 106.6841 106.5652 107.3709 105.3153 106.2539 107.3291 108.4378 109.7702 111.1803 112.7937 114.6925 115.8670 117.3674 116.5284 122.3536 122.2800
105.4900 106.0936 105.3120 110.0572 105.4465 103.2182 104.2139 103.4353 102.7206 102.3008 103.2901 104.1098 103.3614 104.2462 103.2302 104.5948 104.2259 104.7033 106.7801 103.6545 105.1098 110.1169 106.9559 107.0349 108.5783 107.4542 106.3041 105.3953 105.4492 106.5630 107.6883 108.9425 110.3500 111.9155 113.4904 115.0694 117.5954 118.1462 121.2795 122.2300
104.2800 104.5591 105.7343 104.3534 108.0281 103.8318 103.3904 101.9797 101.7561 101.6510 101.3161 101.0197 101.2533 101.7656 101.6638 102.5511 103.3821 104.5416 104.3502 104.1832 105.4022 105.7588 106.6541 108.8335 109.7492 107.4994 106.5528 105.0967 105.3730 105.7561 107.0011 108.2654 109.6331 111.1136 112.8772 114.6960 116.0589 119.5295 120.6560 120.9000
104.3600 105.4032 105.7993 104.2064 102.8133 102.2308 101.3243 101.6392 101.0385 100.5498 100.4050 100.3808 100.5146 100.4283 100.7655 100.9020 101.7105 102.7333 103.4916 103.6660 104.5922 105.1933 108.5870 111.3158 109.7334 105.5770 106.0866 106.2666 106.0811 106.0331 106.4753 107.6676 108.9447 110.4026 111.9463 113.9702 115.4863 117.8257 119.0095 119.5900
104.4400 104.3447 104.6569 102.2985 101.4751 101.0360 101.0146 100.8187 100.2723 99.9019 99.2667 99.3844 99.6956 99.5821 99.5530 100.3587 100.7422 101.3060 102.2891 102.8212 102.7152 104.7430 104.8595 107.3963 106.8716 107.0468 105.9664 109.9663 106.1549 106.2843 105.6245 107.0881 108.4765 109.8312 111.3486 113.0096 114.5894 116.5511 118.0874 119.0700
104.9500 104.6445 103.0840 102.0720 100.9492 100.4322 99.9193 99.1039 99.1675 98.9192 98.1255 97.9166 98.2384 98.6234 99.0461 99.3457 99.8120 100.2435 100.9240 102.8336 103.2273 103.7187 104.1508 105.9312 105.6236 106.9828 106.1309 105.7321 105.0211 106.1425 106.6188 106.4300 107.5684 109.1733 110.7742 112.4757 114.0736 116.1193 116.6765 118.7100
110.1000 103.6524 102.5091 101.3256 100.4630 99.6370 98.8760 98.1517 97.5520 96.1920 96.4037 96.4042 95.8146 97.0831 97.9148 98.6910 98.7388 99.4767 100.3180 101.2773 102.3690 102.9343 104.5163 103.6612 105.6231 106.4928 106.1421 106.9786 105.5304 106.3605 105.7564 106.3758 109.4104 108.6874 110.4001 111.8066 113.2974 114.5836 115.5687 116.3100
103.1400 102.3026 101.3509 100.7262 100.0101 98.3201 97.6469 96.9424 95.8435 94.6781 93.7632 93.9567 93.6213 94.3674 96.0562 97.3652 98.1884 98.5609 99.5874 100.4444 101.5549 101.9554 103.9607 104.5666 104.6568 105.9131 105.9583 106.7419 106.0873 106.5339 105.1575 107.1248 110.0929 107.9660 109.9202 111.2654 112.5020 113.3980 114.6536 114.8000
102.4300 102.0244 101.0046 100.2599 98.9981 97.3592 97.3688 95.2691 94.1655 92.2878 91.6694 91.7650 91.3481 91.4157 92.9040 94.7306 96.8238 97.6549 98.9784 100.0740 100.9881 102.6252 103.4779 103.8732 104.2240 104.5905 105.8547 105.5012 106.5894 105.9265 106.3869 106.6993 108.0639 108.5059 108.3580 108.7654 112.3122 113.3098 114.2654 115.0500
102.2500 101.4572 100.6199 99.7851 98.3783 97.0668 96.0707 93.7400 90.9538 89.4185 86.8899 86.2633 87.5844 89.5306 92.5699 94.1964 95.5668 97.0187 98.8218 99.5569 101.0587 101.5142 104.5093 103.3122 104.8553 105.8099 105.2224 105.3977 106.4950 106.4832 106.4809 106.5071 107.7486 108.4749 108.8776 109.0603 109.2400 114.9348 114.5369 116.3200
101.4800 101.2049 100.6644 99.4816 97.6695 95.5202 94.1880 91.4104 89.0861 86.0387 81.6952 81.0255 82.3421 86.6143 89.5072 90.9153 94.9496 95.9820 98.1329 99.5491 100.9118 101.7855 102.2447 104.7175 104.3698 104.2725 105.6968 105.3117 106.1972 106.5901 107.2392 106.7253 107.6437 107.9412 113.1728 114.4352 111.2786 115.2037 115.1124 117.1000
101.4100 101.0591 100.4234 99.2082 97.6446 95.2226 92.7280 89.4751 86.2327 79.7107 75.4646 74.9184 76.8762 82.5399 86.9603 89.6919 94.0603 95.7152 98.5495 100.3492 100.8606 101.4190 101.9424 105.0425 104.1597 104.4042 105.8278 107.0530 106.5006 106.0436 106.4326 106.8051 107.7030 108.3302 108.4663 110.5004 108.9041 111.1469 114.2005 113.4100
101.4800 101.1126 100.3401 98.9840 98.1516 95.1315 92.3672 89.5961 83.8018 77.3180 69.6444 68.0984 72.2294 80.5299 85.8056 88.9971 93.1205 96.3733 97.9891 100.1002 100.8603 101.3523 103.3329 103.6683 104.3598 105.0036 105.0161 106.1156 107.0722 107.4972 107.8004 107.2918 108.3617 108.6877 107.9393 108.4735 109.3326 110.7515 115.4702 115.3100
101.6800 101.2266 100.1540 98.8806 97.6868 95.5281 92.2000 89.9071 83.3922 79.2482 67.2457 65.6315 71.4532 79.4224 84.6836 88.9613 93.4437 96.8822 98.1326 99.9823 100.5316 101.3578 102.4166 103.6779 104.6704 105.2581 105.6422 105.3532 107.1732 107.3395 107.4916 107.4384 108.3170 108.3633 108.3063 108.6157 109.4318 112.5855 115.9188 115.3500
101.6900 101.2782 100.3530 99.0147 97.8477 95.6580 93.1556 90.4910 84.7055 83.3732 73.3076 71.4556 75.8719 81.5770 86.4820 89.1896 94.7461 97.1095 98.6745 99.6076 100.2582 101.5091 102.0846 103.9533 104.6522 105.8776 105.8027 106.1899 106.6615 106.7917 107.5794 108.1864 108.1958 108.4591 108.4985 108.9760 109.1454 111.5058 113.2397 111.9200
101.7000 101.4833 100.5346 99.3969 98.4257 95.7779 94.3728 90.9721 88.2560 87.3569 81.9983 79.0536 81.1817 84.8302 87.9731 91.2428 95.4398 97.2804 99.1107 99.8738 100.6835 101.7527 102.5320 105.5848 104.9742 106.0269 105.4865 106.6405 106.0842 106.5408 106.3051 108.1771 108.0646 108.2369 108.7562 108.6214 108.8697 109.7804 108.8669 110.1800
102.2400 101.7731 100.7361 99.9780 98.9367 97.0642 94.7918 92.7234 90.8873 88.5967 86.3745 85.0779 86.1708 88.3794 90.7034 93.5533 96.1484 98.0170 99.4834 100.3789 100.9249 101.8086 102.4913 104.2448 106.0588 106.0050 106.8972 105.5853 106.4668 107.5221 107.0439 107.3321 108.3538 108.4676 108.8680 108.7913 108.7977 109.2215 110.9944 109.8200
102.5100 101.9907 101.2626 100.2917 99.4205 97.9001 96.3373 94.5697 92.8967 91.6097 89.8749 89.7517 89.3937 91.1447 92.6874 95.2901 96.6681 98.3356 99.8100 100.6742 101.4855 101.9213 103.3658 105.7008 105.9398 105.9699 105.4606 106.1352 107.1770 107.0053 107.5736 108.1915 108.1829 108.7577 109.1156 109.0301 111.2783 109.4208 109.9917 109.8700
102.7000 102.3541 101.6217 100.9495 100.0909 98.7784 97.9045 96.8018 95.4281 95.0973 93.6815 93.7075 93.4566 93.5412 95.2147 97.1553 98.3464 99.1274 100.3893 101.0295 102.0268 102.6109 103.3335 105.6888 106.3505 106.5366 105.1759 106.6588 105.9989 107.6780 108.0983 108.4244 108.6288 108.2444 107.5476 109.3846 109.2530 109.6220 109.6836 109.7900
103.1900 102.7145 102.2259 101.3897 100.7894 99.6906 98.4728 98.2394 97.1572 96.8595 96.3932 95.8824 95.5356 96.9545 96.4358 98.5217 99.6278 100.2198 101.2770 101.5450 102.2243 104.1957 105.7340 106.0206 105.2326 106.5315 106.2710 107.0336 106.5867 107.6937 107.4028 107.7555 108.5590 107.8065 108.1071 108.3956 108.8354 108.7404 110.1617 110.0800
103.3700 103.1866 102.3965 101.7532 101.1338 100.7194 99.5816 99.2781 98.8480 98.3625 97.9066 98.0750 98.0810 98.6776 98.2110 100.0810 100.1155 100.7972 101.8287 101.9761 102.6918 105.4034 105.7667 105.8446 106.6871 105.7650 105.4648 107.4975 107.6263 107.7779 108.3631 108.5020 108.0394 107.6216 108.4276 109.7221 109.5855 108.6300 109.7436 110.1200
105.6700 105.7263 102.8559 102.5291 101.8376 101.3506 100.9314 100.5657 100.2029 99.6163 99.4841 99.3982 99.6970 99.4568 100.2849 100.7995 101.2257 101.6656 102.2112 103.2095 105.2699 105.2281 105.9608 106.1951 106.4506 105.9783 106.7846 106.6704 107.7565 107.7506 107.9370 108.2603 107.9239 108.9146 109.5900 109.5920 109.8535 109.9483 109.6381 109.9300
105.3800 105.7102 104.4861 102.7308 102.4339 101.9935 101.8516 101.3417 101.0050 100.8131 100.5623 100.3842 100.8358 100.5841 100.9634 101.6184 102.1984 102.5892 102.5996 104.9018 105.2733 104.7715 105.2003 106.6414 106.1818 106.8443 106.3486 105.7384 106.9808 107.4115 106.7735 106.7159 107.3281 108.7420 109.1111 109.0663 109.9678 109.7782 109.8064 109.8200
105.4400 105.2778 105.8502 103.5460 104.1062 102.6235 102.3138 101.9983 101.7692 101.1777 101.3940 101.6127 101.8451 101.7763 101.8815 102.3220 102.7908 102.9399 104.0637 104.3253 106.0413 105.7532 105.3304 106.7794 106.8568 105.9065 106.5465 109.8837 107.5302 109.0194 110.3259 110.2128 110.6280 108.6993 108.6913 110.6191 112.1602 109.6866 109.7090 110.3300
106.8100 105.9764 105.9107 105.5107 103.7345 103.9587 102.9762 102.7006 101.9774 102.5218 102.2004 101.5532 102.3095 102.4364 102.6996 102.9792 103.3824 103.5644 105.5250 105.8191 106.3607 104.3205 105.5837 107.2928 109.4154 106.7128 106.4845 107.6305 107.6629 107.5827 110.9505 113.1645 115.4369 108.1303 111.9497 112.7336 114.8591 111.2894 112.4794 113.7100
107.2200 106.6426 105.8638 105.1909 104.8955 104.1700 104.2598 103.4629 103.0256 104.4462 105.0323 107.3689 102.6712 105.3182 103.0085 105.2934 105.3019 105.4270 106.4745 106.1123 106.6905 105.4645 106.4188 106.9951 105.7541 106.9121 107.4647 108.8243 106.7002 107.1504 110.8163 111.4984 108.7849 109.9851 114.0318 115.5681 113.9258 110.1729 116.2999 115.4300
107.0200 107.2386 106.0381 106.4507 105.5646 104.8538 106.2203 106.4189 104.9132 105.5520 107.9216 106.2739 105.5450 105.9140 104.6050 106.0831 105.8058 106.4689 107.0310 106.6430 106.0912 106.4086 106.3483 106.8999 108.0607 106.7615 108.2051 108.7802 106.1356 110.5004 110.6099 114.6130 112.6564 109.7518 114.7979 111.2785 112.2779 113.1369 111.5902 108.1000
107.0200 107.6109 106.4797 106.7537 106.6096 104.9376 105.9016 108.5589 105.4210 105.0264 107.4598 103.6601 106.5236 106.0830 105.9697 106.0898 105.5496 106.5457 105.2855 107.1446 106.2606 107.3827 107.0586 106.5512 109.9905 105.8396 106.4399 107.6183 107.9761 107.7311 113.5816 115.0917 115.9227 112.7914 113.7133 114.6516 107.9514 109.4798 110.2790 112.4300
107.8300 107.6478 106.9401 105.6738 105.9319 106.8350 105.1293 108.7629 106.4965 106.4109 110.2864 111.9650 104.8966 104.8381 105.9739 106.8017 106.2624 105.8807 105.6177 107.1891 107.6970 107.7719 108.0652 107.5387 110.9657 112.6067 108.5124 114.9549 111.5419 109.0813 111.4530 115.4662 113.9570 114.0442 113.9580 115.8436 111.1197 109.0855 108.6825 109.8500
107.5400 107.0857 108.0209 107.2387 106.6392 106.7635 105.2897 106.8706 106.3208 106.5117 115.7213 108.9065 105.2603 105.7576 107.2631 106.3416 106.9645 107.6136 105.9848 106.7345 107.7243 107.5685 108.1742 107.9063 110.3153 111.2596 107.1039 114.1509 113.3119 110.5827 109.0033 110.4804 112.4116 116.0006 110.6024 112.0680 109.2315 109.7896 111.4256 112.4500
106.9100 108.3107 107.7326 107.8729 108.3122 106.9949 106.0348 110.5312 106.3188 106.6507 109.8575 108.9289 106.0408 106.6144 107.4710 107.0038 105.8547 107.5880 106.5684 107.8443 108.1359 108.0470 108.6527 108.4964 108.6501 108.8807 111.2348 110.4979 112.2325 111.1376 109.3649 112.4355 109.9633 115.1543 113.2669 112.4933 109.1951 109.6578 109.3987 111.4700
107.5400 107.3336 107.0589 108.2234 107.0554 106.1472 106.5390 106.3288 106.9216 105.9176 106.0366 105.6217 109.3659 105.8321 108.3713 106.5643 106.4853 106.5927 106.7534 107.6565 108.1637 107.7973 108.7542 108.5583 109.0021 109.0425 109.6704 110.0830 112.6500 108.8455 112.9200 112.4239 108.9034 110.7678 114.1121 113.6945 109.5109 108.8406 110.0509 108.8700
107.8900 108.3484 108.1466 108.2349 106.8204 107.8944 107.5094 107.9740 107.2202 106.7536 106.7562 106.3956 109.9180 107.9063 107.4820 107.3420 108.2758 106.3024 107.6431 108.1074 108.4100 108.0127 108.9446 108.6987 108.6458 108.8341 111.8003 114.7497 109.1039 108.1094 112.8113 113.6921 112.4700 109.3148 112.9422 110.2667 112.3674 108.3983 108.0228 108.8700
107.7300 109.0897 108.4246 108.2145 108.2147 109.6959 109.5165 107.6988 107.8204 108.3954 107.4045 111.5264 109.3021 107.6813 106.9614 108.4862 107.7426 108.7916 107.0282 108.3462 108.7024 108.7757 109.1653 108.9789 109.4004 111.8340 109.3424 111.7714 115.8183 109.2992 113.7476 115.5869 113.5742 110.0601 109.1249 109.5143 115.2317 108.2763 110.6177 109.3300
109.2200 108.6547 109.2615 107.8530 107.7249 107.7193 107.6387 107.8698 107.9787 107.6450 106.6879 114.4234 109.3392 111.5099 113.1537 108.4259 106.9837 112.1444 107.2762 109.3472 109.0008 109.2094 109.2141 109.2686 108.5212 109.9082 112.3141 111.0254 110.6176 110.4472 114.8346 116.2460 115.7836 115.4741 112.1627 110.3501 110.1760 112.0026 111.7207 109.3300
108.2300 108.3086 108.7244 107.9845 108.5508 107.4601 108.2255 107.6605 107.8709 107.3507 111.6161 115.3602 114.3233 113.7036 113.5439 107.8309 109.0129 107.5814 111.3391 108.5668 109.9396 110.9388 109.2504 109.5669 109.6454 110.7180 108.4390 110.8170 112.1084 112.4245 116.6928 117.0243 114.0086 115.3325 116.5577 109.7299 113.4467 110.0886 110.6397 111.6900
108.9500 109.5486 108.2555 109.4327 109.0523 104.9647 108.9131 108.2816 108.1988 108.6267 113.0796 114.3051 112.4664 111.9396 111.2309 107.7353 108.7645 109.0342 113.8607 113.6052 107.8664 114.6264 110.1318 109.1987 109.5059 109.7950 110.6257 113.5876 114.0862 114.8758 116.6209 113.9118 116.0790 114.7332 111.5304 111.1344 111.9945 112.3015 110.7690 110.7700
106.0500 108.1627 109.3471 109.3943 109.7012 106.9775 108.9833 108.2209 107.9318 108.7438 112.9942 111.9942 113.9381 112.2734 111.2016 109.6999 109.0285 109.3532 114.5892 114.5385 106.8967 111.2785 109.9207 109.8811 109.7913 110.1687 110.4648 110.4708 115.7707 115.5622 112.3878 115.2005 113.7992 116.6416 110.7739 111.8025 111.9417 108.8985 110.0452 112.0800
109.5500 109.8500 109.8500 109.2800 109.7600 109.7800 109.2800 108.1600 108.7600 109.5100 114.3400 114.3300 114.0600 116.7000 113.3400 111.1900 109.4200 109.2300 116.5700 116.5700 114.9200 108.5300 111.9500 109.9700 109.8000 110.3600 110.2800 110.4400 115.7400 115.5600 115.5600 113.4900 117.8700 112.3200 113.3400 110.1300 110.5900 111.4500 110.4600 110.4600
