109.7900 109.5500 109.2100 110.4800 109.7100 109.7100 114.8500 116.1100 111.7900 108.5100 108.8300 110.1900 108.4300 112.9900 108.6600 107.8700 107.8900 106.1000 106.1000 107.8800 107.8800 108.3000 108.2700 116.0500 111.7000 110.4800 107.6600 108.7000 111.2900 111.9100 111.9100 112.7000 113.7100 114.7500 115.5100 116.6400 117.3900 119.1100 118.0500 118.0500
109.4800 109.1912 109.4286 109.1096 110.6927 115.0191 112.7761 115.7453 113.7410 108.6530 109.0141 109.5883 107.5678 112.6910 114.6261 108.1660 107.7942 106.4339 106.4836 107.4400 108.4088 109.2961 108.0107 107.9439 115.3529 114.9419 107.5536 109.7365 109.9830 110.5114 111.2983 111.7936 112.7392 113.8822 114.6353 115.9315 115.9197 115.1700 117.7836 118.4100
109.6700 109.1295 109.5641 109.4044 109.7353 111.8361 112.2326 112.8628 109.9198 108.3264 108.6245 108.3073 110.8118 106.6076 108.6374 107.0207 107.1447 106.2794 106.5794 106.9538 108.4363 108.0745 107.9146 108.3093 111.9894 108.5780 108.9178 107.7705 108.8409 109.4448 110.0574 110.8465 111.6453 112.4765 113.5511 114.7790 116.0848 114.9662 117.5809 118.5200
109.6300 108.9201 109.0118 109.2270 108.1094 111.3284 110.8844 109.6316 113.2258 107.8704 107.0537 107.2526 107.7401 106.2895 108.2846 107.6602 106.5543 106.0402 106.0916 106.5564 106.5812 106.7062 106.6718 107.1701 105.2584 108.6547 108.2748 107.0511 107.9517 108.3000 108.8992 109.7197 110.4595 111.3803 112.2964 113.3946 114.2932 115.4756 116.8862 117.5400
108.5800 109.3452 109.0350 109.1454 107.7915 109.1658 107.7997 110.4394 108.9877 107.9592 107.8120 108.2965 107.8813 107.5689 107.2587 106.0126 106.3450 106.9314 106.8190 106.2090 106.5728 107.3480 108.2992 105.1996 108.8090 108.5885 106.0988 107.4325 106.6490 109.9024 107.8302 108.2886 109.4026 110.3815 111.2252 112.0118 113.1545 114.5466 116.1879 117.3900
109.1000 109.1278 109.1622 108.9233 107.8919 107.7272 107.0438 108.0101 106.7623 106.9175 108.1067 107.2474 106.6597 107.1009 107.7965 106.9965 106.2295 107.1584 106.8756 105.8624 106.3260 106.7708 113.0903 106.1352 112.1673 108.9811 106.3884 106.6197 106.4233 107.6964 109.8204 107.3159 111.7371 108.2562 108.8683 112.9005 111.4925 113.4750 114.5657 115.5900
109.1000 110.2802 108.7079 108.8804 107.7663 107.1272 107.5615 108.1403 106.1972 107.3373 106.3670 106.6763 106.7731 107.3486 106.8667 106.3868 106.6597 105.6894 105.8142 105.7542 106.2107 106.0500 107.7829 108.1407 111.6187 108.6579 106.6423 106.6644 106.5431 106.2941 110.2525 108.4649 114.9917 112.1243 113.5998 116.3497 113.2787 112.3017 113.6826 113.9900
109.0500 109.3534 108.6663 108.8033 108.6358 107.3463 106.6593 106.9068 106.9544 107.4698 106.2647 106.3574 106.3376 107.1461 106.6338 105.9333 105.2639 105.7902 105.8709 106.1015 106.2409 106.1152 108.2493 107.2735 110.8377 105.7245 106.0456 106.4391 106.6185 106.1738 109.3998 112.2806 112.7319 110.1054 114.3078 115.6663 113.7503 111.0657 112.4445 113.9900
108.7800 108.4633 108.3747 108.4290 108.5345 106.8962 106.8152 106.4906 107.3832 106.1324 106.6117 105.6383 105.9484 106.1841 105.7038 108.8086 104.8610 105.6028 105.5024 105.9938 106.2873 104.4530 104.6190 106.8300 107.2753 106.3599 106.6811 105.9256 105.8141 106.0730 106.4449 107.8764 112.4420 107.9889 114.6032 108.0807 110.4411 110.3560 111.4875 111.9300
108.8100 108.5657 107.7943 108.3035 107.4985 106.7317 107.0258 107.0996 106.1123 106.3216 105.8237 106.6761 105.9519 105.2218 105.4232 107.7699 104.3728 105.0953 104.7626 105.7115 104.6539 104.6010 103.5020 105.3968 105.4252 106.4846 106.2991 106.8441 105.3095 106.8402 106.3711 106.4042 107.6629 110.7874 114.8607 109.9068 108.1526 109.4368 110.4052 110.6400
108.3200 108.3401 108.2423 108.0934 107.6935 107.1471 106.4928 105.6957 106.5871 106.5827 106.1639 106.2619 105.3457 103.8804 104.2869 105.8156 105.2252 103.9614 104.1204 104.5994 105.8313 107.3815 103.1876 104.8113 104.4334 105.6122 105.5642 106.3822 107.2432 111.2925 106.1516 105.4226 105.6934 108.7412 110.1221 111.2123 110.5305 111.1968 109.4767 110.3700
111.6100 107.3972 107.3614 107.4916 107.3525 107.0069 106.1273 105.1871 106.3190 105.4050 105.5438 105.7538 104.4446 104.2208 103.7406 105.2924 103.1940 103.6146 103.9413 102.8741 103.4007 105.8456 104.3817 104.5284 104.3830 103.0831 104.7847 105.8382 104.1605 106.0396 106.3493 105.3537 105.3393 108.5901 109.7101 108.1373 110.8507 107.7178 108.2232 110.0800
114.0700 109.0282 106.2491 106.4470 107.3624 106.8747 105.7292 104.9134 106.5954 104.9983 104.4353 104.8117 103.4759 103.3825 103.2341 102.4873 102.0694 102.2012 102.4024 102.4591 102.5638 106.6503 104.5063 103.9260 104.1105 104.0525 104.2273 105.4999 106.5546 106.4393 105.2404 106.2828 107.4862 107.6799 107.5031 108.0939 108.2387 107.5030 108.0686 107.8600
107.2400 106.4479 106.7362 106.3185 106.3026 106.1122 106.1159 105.1758 105.7390 104.7577 103.4811 103.1364 102.5365 101.7145 101.0951 101.7958 101.7692 101.4907 101.5494 101.6465 101.2610 101.1450 102.0387 102.3940 102.9044 104.4376 105.9472 104.9684 105.7303 104.6072 105.9800 105.8471 106.0955 106.7258 107.3786 108.0782 108.0260 107.3933 107.4180 107.7700
106.8000 107.0306 106.8568 106.4508 105.8953 105.2883 106.0959 104.3017 104.2037 103.5161 102.9102 102.3645 101.8506 101.2149 100.3051 101.0889 100.7315 100.6465 100.6116 100.2467 100.6144 100.9168 101.4128 101.6981 102.3112 102.5505 104.6336 104.1600 104.1838 105.4285 105.9142 105.3159 106.4610 106.5904 106.3278 107.7225 108.1161 108.0155 107.2739 107.4400
107.3800 106.5356 107.1582 105.5159 107.8166 104.6420 105.0917 104.4910 105.4880 102.8315 102.4678 101.8176 100.8818 100.3078 99.5376 99.5112 99.5862 99.7431 99.5881 99.4970 99.4226 99.8788 100.5889 100.9693 101.4397 102.1257 102.9242 103.3630 105.1823 105.8547 105.1127 104.9688 106.4369 106.8739 106.8214 107.0470 108.0341 108.0497 107.5545 107.7100
107.7100 106.1320 107.1141 105.6983 108.4974 105.5059 104.6874 105.0486 103.2354 102.3477 101.5655 100.4729 99.8145 99.0880 98.7975 98.5860 98.1879 98.2061 98.2136 98.2005 97.8044 98.6248 99.8417 100.7363 100.9698 101.4256 102.0466 102.5663 103.2310 104.3279 105.6397 105.7546 106.4724 105.4866 107.3010 107.2323 107.9929 107.3718 107.3473 107.6000
106.2300 106.7731 107.0154 104.8886 105.4484 105.4871 104.5568 105.1214 102.3981 102.0087 101.0399 99.9595 99.3085 97.9655 97.6746 96.1091 95.9526 96.0484 96.0471 96.2106 96.2651 97.1710 98.6470 99.3760 100.1379 100.6881 101.7598 102.0563 104.0338 104.7369 105.5144 104.8812 106.2248 105.2988 107.4487 106.1931 107.3138 108.1157 108.1073 108.4900
105.9900 106.1836 106.2987 106.6128 106.2110 105.6021 105.3096 103.1661 102.0549 101.4357 100.6461 99.0670 97.5834 96.0958 96.3661 95.1427 93.9512 93.4577 93.3623 93.6235 95.1442 96.0701 97.4567 98.5964 99.2266 100.5156 101.3532 102.1642 103.4627 105.0315 105.6086 104.9305 105.9432 106.0548 106.7381 107.2589 106.8335 108.0550 107.4324 108.2200
107.5700 106.2577 105.6322 106.0540 106.5316 103.5524 103.7577 102.3449 101.7123 101.0050 99.8497 98.5832 97.8353 95.0537 95.0788 93.2323 91.1596 91.0407 90.6481 90.1617 92.4797 93.6088 95.9834 97.2016 98.3255 99.6897 100.7280 101.8564 102.4580 104.2224 103.4578 103.7314 106.1097 106.5112 105.2802 107.4898 107.3630 108.5234 107.5415 107.9400
105.7100 105.4697 106.6980 105.9487 103.8243 105.6926 103.2201 102.3590 101.3505 100.5254 99.5234 98.2371 96.5695 93.3957 93.0381 89.7593 86.5645 86.1054 85.9850 86.2470 88.9085 91.5690 95.0459 97.2940 98.3442 98.7962 100.4125 101.1909 101.5838 104.3611 104.8680 103.9909 105.9404 105.7907 107.0940 107.4859 107.8001 107.0295 112.2597 112.7600
104.6500 105.3768 105.7517 105.8552 105.4700 104.0181 102.5947 102.0849 101.2322 100.1421 98.8721 97.5245 95.4504 93.2957 90.6689 86.6567 84.3665 80.1495 79.3273 81.8092 85.5841 89.3413 93.6926 96.3775 97.6084 98.9816 100.5220 100.9963 101.8351 102.5488 103.4774 105.1487 106.8091 106.9506 109.9133 105.5643 105.2880 110.5658 113.8840 115.0000
107.1800 106.5266 106.4661 104.8045 105.1153 104.5783 102.6149 101.9061 100.9583 99.8127 98.2691 97.4598 94.7658 91.3863 88.3094 85.3690 80.0691 71.7616 71.2544 77.3683 82.9395 87.6118 91.7465 94.5982 96.8093 98.7920 100.0035 100.8559 101.9735 102.7555 103.7359 108.5514 108.1283 107.7632 108.2531 107.3385 105.9101 108.4039 105.5934 115.0000
107.4100 107.2590 105.9624 105.3390 103.8126 103.7260 102.5947 101.7626 100.5427 98.9234 98.5761 97.1757 94.6630 91.0345 87.7177 83.2597 76.0732 65.8643 65.9976 73.2294 81.3302 87.5052 91.3909 94.3001 96.5489 98.0836 99.6528 100.4983 101.9428 102.8328 103.1728 103.6028 104.6826 105.6206 105.2057 105.8180 108.0506 108.5740 108.0067 110.4100
107.4100 106.5938 106.2537 105.3705 105.5538 103.1793 102.2855 101.9141 100.3859 98.6316 98.2676 97.3660 94.1726 91.6183 87.8131 83.0508 75.3013 65.1525 64.7723 75.0343 82.5776 87.1761 91.2488 94.4774 96.9037 98.1093 99.7679 100.7491 101.9911 102.6732 103.7816 104.6769 105.2673 106.5067 106.3480 105.6676 107.4187 107.1853 109.6936 110.4200
106.6700 106.1972 105.6081 105.2266 105.5444 104.8951 102.5982 101.8299 100.4663 99.2561 98.2252 97.9897 94.9891 92.0120 88.7014 85.9470 81.4859 74.8538 74.4780 81.8752 83.6494 88.4326 91.3310 95.7326 97.9088 98.7652 100.0188 100.9434 102.1102 102.8070 103.8405 105.8690 105.5611 106.4283 107.2513 106.9286 107.4123 106.9740 109.4454 107.5200
105.9700 106.1081 105.2314 104.7831 104.9034 105.3716 102.9120 102.0364 101.0326 100.0403 99.1722 98.3465 95.8054 93.9189 91.5134 90.7714 88.3755 85.1641 84.8138 85.7321 87.3253 91.4652 92.9380 96.5061 97.7540 98.7999 100.0047 100.8864 102.1456 103.0285 103.8822 105.9458 105.6584 106.2643 106.9470 107.2259 107.7218 107.7129 107.2199 108.6200
106.4900 106.4370 106.3196 106.0196 105.3982 104.7381 103.0549 102.2375 101.4966 100.5812 99.6138 98.4470 97.0438 95.0876 93.1556 92.4349 89.8265 88.8005 88.7755 89.7942 91.0956 93.4432 95.6175 96.6570 98.0204 99.2191 100.5576 101.5410 102.4697 102.8593 104.9217 105.9957 105.7325 106.8468 106.3657 107.5604 107.9735 107.2559 107.3959 107.6600
106.8100 107.5398 106.8297 104.7485 105.1942 104.4920 104.7044 101.9592 102.0707 100.9060 100.3426 99.4082 98.2263 96.7817 95.5267 93.9143 91.8002 91.3037 91.3998 92.9868 93.7919 95.1291 96.5277 98.1653 98.7771 100.0221 101.2093 101.8289 102.5777 103.2554 105.7285 106.2067 105.7748 105.7190 106.9721 107.4387 107.8503 106.6295 107.1701 106.9300
106.8700 106.9631 105.5915 106.2714 106.3319 104.8781 105.2206 102.6892 102.3048 101.6107 101.0439 100.0251 99.1661 98.4286 97.8857 96.5334 95.7020 94.6778 94.7901 95.3954 95.8136 96.5751 97.6922 98.9283 99.5056 100.7100 101.6453 102.1224 102.8677 103.7174 104.5722 106.4615 106.2866 105.9906 107.1386 107.6657 107.0133 107.7608 107.0649 108.0800
105.7200 107.5540 105.7765 105.9092 106.6197 105.8481 103.9453 103.7187 102.5036 102.2440 101.5268 100.8323 99.7679 99.3455 99.4312 97.8132 97.4317 97.1238 97.3277 97.3173 97.6420 98.3186 99.2466 99.9116 100.7586 100.9746 102.0628 102.6792 103.2558 103.8657 104.4183 105.3810 105.4168 105.6657 106.2276 106.7837 107.9427 108.1629 107.9082 107.6500
106.2300 106.2824 105.9213 105.6820 106.8350 105.1703 104.8027 103.7796 103.2212 102.5305 101.9122 101.4085 100.7936 100.5069 100.4644 98.9304 98.7280 98.8068 98.7290 98.4614 99.0726 99.7499 100.4150 100.9696 101.6080 101.9483 102.4135 102.9174 104.4340 104.8682 104.8501 105.5850 106.0291 106.6501 106.2827 107.0358 106.6218 108.0309 108.7113 108.8400
107.9800 107.6679 106.1361 106.9259 106.2213 104.6956 106.4245 104.3170 103.6828 103.0157 102.5580 101.9581 101.4061 101.2740 101.0767 100.2843 100.2088 99.8589 99.8508 100.0015 100.3827 100.8742 101.1926 101.6652 101.9964 102.4696 102.7454 103.4608 105.6145 105.2506 105.8265 105.8553 105.4844 106.8467 107.9001 106.8931 108.0729 109.2108 108.3425 108.6300
107.5700 108.3228 106.9313 106.4427 105.5402 106.3596 107.0524 106.0069 104.6118 103.6773 103.0207 102.7483 102.3557 101.9037 101.5278 101.2018 101.0152 101.1100 101.1574 101.1177 101.3611 101.5724 101.9991 102.2240 102.4224 103.0515 104.3038 104.6876 105.0503 106.3226 105.2879 106.1671 106.1545 107.1804 106.9554 106.9381 111.1448 110.7755 107.0235 108.5800
108.4800 108.8120 107.4355 106.5228 105.6913 106.0105 107.0686 106.5627 105.8068 104.7680 104.9352 103.2698 102.8654 102.5773 102.5490 102.1889 101.9558 102.0249 102.0367 102.0492 102.1839 102.4576 102.5446 103.0400 103.3143 104.2346 104.8497 105.2044 105.4911 106.2254 105.8514 106.4343 106.1830 109.3745 108.1175 107.3237 106.8506 107.7901 108.2303 108.3000
107.7400 107.2617 107.3286 107.3221 106.9893 107.8111 107.0780 106.6610 105.8718 106.2269 104.1396 103.5458 103.2496 103.8824 103.0713 102.8223 102.8751 102.7364 102.7433 102.7516 102.8869 102.9801 104.1548 102.8518 103.9393 104.6971 105.3625 105.9611 105.8857 106.2648 106.3436 107.0629 106.4913 109.2036 108.1602 106.8685 106.9585 108.1375 107.9092 114.2800
107.7400 107.1205 107.7324 107.2383 106.2861 107.5723 109.6540 107.3314 106.8591 106.3769 105.5073 106.0822 106.1284 105.8448 104.4393 103.6618 103.3762 103.3682 103.3080 103.2151 103.8970 103.4743 105.6240 105.6118 104.5919 105.2668 105.8977 105.8752 105.8091 105.7515 107.2232 106.8752 106.8008 106.8434 106.5378 107.8754 112.0851 107.5639 108.8362 109.3200
112.9500 107.9148 107.5137 106.6901 107.7813 107.8227 107.5514 107.3954 107.1882 105.7590 106.8083 106.5705 105.0327 106.2649 106.3637 105.3881 104.1856 105.9357 105.6315 104.1306 106.4979 105.6182 105.3614 105.1483 104.9804 105.8572 105.9229 105.5243 108.5806 105.4360 111.8746 107.4821 108.9159 107.7394 107.0771 108.6146 109.3566 111.8746 110.2662 108.6000
108.9200 108.6939 107.2800 106.8413 108.1511 107.3867 107.3781 107.9305 107.6961 106.0998 107.4005 106.1329 105.1319 105.8800 106.5911 106.8947 105.8551 105.9937 106.0076 106.7760 106.6750 106.8117 106.8923 105.2448 105.0639 105.7060 106.4431 106.3391 106.6999 105.7309 107.7312 106.2878 106.4582 106.3269 108.0570 111.4684 110.5012 115.2783 109.1318 107.4300
109.2400 109.2400 108.8800 108.5600 107.0700 107.0500 106.8700 106.1800 106.1600 106.6700 107.3200 105.3800 106.5700 105.4800 107.0400 106.8400 106.9800 104.7300 104.7300 106.5400 106.8700 105.4500 106.9200 106.8500 106.4300 106.4300 105.9600 107.6600 110.2400 107.9900 110.5300 106.7200 106.7200 107.1300 113.3300 109.1300 111.0700 114.2400 114.6100 107.4300
