105.7300 107.1700 108.0700 111.7800 107.7500 105.0700 107.0500 102.3800 102.7200 101.5100 100.8400 100.0100 99.4900 98.6400 97.4800 97.4800 96.0900 96.1300 97.8200 97.3400 98.2700 99.3500 100.0900 100.7500 100.6600 100.0300 102.1600 108.0400 114.6000 107.3400 105.2400 103.9000 102.9000 104.0700 105.3400 108.1900 109.8200 113.7300 116.2200 119.3300
104.8200 105.0236 104.4114 107.7499 106.7576 103.0761 109.8104 102.7146 101.9482 101.1230 100.3246 99.4491 98.7200 97.5156 96.3917 95.6107 95.1333 95.0786 95.8933 96.3190 97.2003 98.1859 99.1475 99.9096 101.7634 99.3659 99.7135 108.3918 114.6934 111.7431 106.3578 104.1817 102.8370 103.5163 105.3472 107.2704 109.5047 108.7700 115.3046 118.8000
109.4400 107.0345 105.4141 104.8712 105.2435 104.1791 104.8601 105.2017 102.0532 100.3722 99.4556 98.5930 97.3538 95.9874 95.1487 93.1134 92.2765 92.2370 93.2934 93.9740 95.5041 96.8811 98.1433 99.3070 100.2874 100.3388 100.3539 105.4499 113.0097 114.6373 107.7639 104.8869 103.2387 103.0152 104.9299 106.8829 109.1027 110.7478 114.0173 118.3500
106.3900 105.6445 105.8305 104.5161 106.6129 101.9749 103.4245 105.3283 100.9529 100.2567 98.9738 97.8450 95.9935 94.2191 92.4127 90.1846 88.4685 88.1931 89.3894 91.3942 93.4876 95.4440 97.1228 98.5427 99.6766 100.7480 100.0193 102.2668 110.4058 115.4256 109.5187 105.7186 103.8228 102.9858 104.4761 106.3943 108.4480 111.0721 114.0686 117.9700
107.1200 107.1304 106.5725 105.2361 104.4697 104.7574 103.5735 101.5680 100.9969 99.9589 98.5144 97.0758 94.5533 92.0987 88.8206 85.8258 83.3369 82.9965 85.0980 88.0730 91.2658 93.9692 96.1143 97.8371 99.2070 100.3133 101.4047 100.6445 108.0941 115.1606 111.3095 106.4649 104.0644 102.8482 104.0633 106.0650 108.1994 110.5999 113.5224 114.9200
107.0600 106.7734 106.0457 104.7301 105.1923 104.7439 102.7522 101.7500 100.8259 99.3940 98.0777 96.6615 94.0426 89.8926 87.0465 82.7844 75.5936 74.4478 79.7105 84.7835 89.1266 92.5720 95.3616 97.2109 98.8181 99.8154 102.1022 99.8904 106.3832 114.8897 111.8526 107.1741 104.7507 103.4627 104.4400 106.2380 108.3032 110.5399 113.3168 114.8000
107.0700 106.4777 105.4223 105.7894 105.5894 103.9557 103.9674 101.4717 100.7125 99.4830 98.3241 96.4536 93.8944 90.5269 86.1166 75.7132 65.9457 64.2671 71.7206 82.3240 87.5635 91.9578 95.2635 97.0379 98.5864 99.7690 100.8436 101.9405 105.4206 111.5895 110.7318 107.6487 105.5463 104.2252 104.6500 106.4365 108.2785 110.5229 113.1102 114.4800
106.4800 105.8977 105.2318 105.7335 105.4667 102.9061 104.4114 101.5172 100.7061 99.7425 98.2745 96.4395 94.2635 91.7397 85.2793 72.0495 60.3143 59.6807 69.5307 81.5873 87.0714 92.1673 95.3155 97.0717 98.5344 99.8816 100.7941 103.0251 105.1026 109.9004 110.2835 107.6149 105.5219 104.1155 104.5542 106.3312 108.2130 110.4675 113.0649 114.4600
109.4200 108.3960 107.8029 104.7104 105.3758 104.5896 103.3339 101.4966 100.6054 99.5689 98.3168 95.9345 94.7407 92.1208 88.1790 77.6431 68.4526 68.0303 74.3926 82.9499 88.3771 92.4012 94.9668 97.4699 98.6235 99.9591 100.8225 103.3897 105.5726 110.0001 110.0856 107.4679 105.6203 104.1312 104.6536 106.4267 108.2899 110.5475 113.1538 114.4900
105.4300 106.4483 105.7151 104.4817 104.8538 104.3893 103.5969 101.6069 100.8362 99.6696 98.8089 96.5858 94.3427 93.1535 90.9914 84.9900 77.7385 77.3303 81.4547 85.6766 90.3971 93.0011 95.8742 97.7303 99.0628 100.2671 101.0287 106.2012 106.3362 112.3690 110.8634 107.2043 105.1556 103.7763 104.5315 106.3553 108.4363 110.7390 113.3650 114.5600
105.4200 105.9777 106.0426 104.8200 103.6242 104.6763 104.5955 101.7530 100.9905 100.1509 99.1158 97.6349 95.2529 93.9123 90.3391 87.6479 85.1063 84.8881 86.7813 89.5546 92.2860 94.5045 96.7316 98.0313 99.6613 100.3610 100.6814 107.5581 113.1908 111.4058 110.3570 106.7589 104.7566 103.4547 104.6807 106.6042 108.6512 111.0093 113.7602 114.7700
107.2300 107.2459 105.6336 105.0486 104.1337 105.4310 104.0160 102.0654 101.6608 100.5068 99.7909 98.6972 97.3213 96.3621 95.0461 91.9090 90.3820 90.2449 92.1572 92.5118 95.5428 96.8707 97.9516 99.0766 100.0245 101.1058 101.6588 108.3008 108.4886 112.8465 109.7971 104.1550 104.5278 103.6444 105.1830 107.0645 109.1112 111.4455 114.3013 117.4300
112.2700 108.7683 106.0843 104.7227 104.8272 104.5341 105.4149 102.5262 100.1529 98.3743 100.4417 99.3294 98.4247 97.5421 95.6051 95.7098 93.6844 93.6824 94.7464 95.5834 97.2342 98.3381 99.1774 100.1044 100.4500 104.9899 101.4811 109.4936 106.7192 105.0083 111.3311 105.2830 106.4005 103.1561 105.3839 107.1448 109.3914 111.8478 114.7165 117.5800
109.3900 106.3837 106.8023 106.2535 104.9071 104.7394 104.6716 103.7893 102.3850 101.3192 98.9209 100.4569 99.2537 98.5636 96.8373 97.5565 96.5781 96.0006 92.4614 99.3956 98.9076 99.2039 99.9903 100.6654 100.9669 106.0436 104.9890 103.7405 106.7177 112.8632 109.2282 105.0974 109.8736 108.2907 108.7632 109.8549 111.5553 113.5494 116.8176 113.6500
107.5100 107.5393 107.1625 106.2951 102.4634 105.4614 104.6206 104.3926 104.4197 96.9028 95.4578 98.3319 100.8006 99.5806 98.6106 98.9918 99.0530 98.8467 97.7691 97.3659 99.6925 100.1927 100.6364 101.3132 102.9016 102.7439 107.3928 105.4249 110.3223 112.1677 109.8948 108.8040 107.8837 111.9663 112.4936 114.1498 115.0166 118.1277 118.7123 119.7000
108.4600 107.3624 107.3248 107.2440 104.0473 106.1194 102.8482 102.8857 104.9643 98.8078 102.0184 96.1438 101.1806 100.5087 100.3928 98.4096 97.4441 91.2868 100.7353 100.4564 100.4554 101.0048 101.4829 101.9976 106.4431 107.6917 105.2520 106.2521 102.4364 110.2097 112.0180 109.9633 110.7383 114.2886 110.8472 111.3380 115.5219 113.7083 117.1149 115.6600
108.4600 106.8800 106.4963 107.2218 105.3388 105.9237 103.5242 106.7120 102.5548 103.8617 100.4560 102.4437 101.9030 101.3254 100.9719 95.6519 99.4214 93.0907 101.5839 100.9936 101.3698 101.8328 101.9849 104.3138 104.6036 107.6434 105.3099 108.6332 105.3255 109.3970 113.0379 107.7526 111.8807 110.9661 113.0874 115.3570 113.9910 114.4534 117.5547 115.4500
107.6000 107.1225 106.9909 107.3567 105.4217 104.8612 104.5687 105.4191 104.4895 104.8091 105.1154 104.4208 104.6316 102.4600 103.1437 102.3023 102.3607 98.0417 95.5011 101.6007 102.6312 104.2533 104.1229 105.3689 104.7820 104.6500 108.3454 108.0349 109.1554 109.4835 106.0683 106.6376 109.3965 106.6202 111.0641 111.4931 110.6576 116.4247 117.4731 116.4700
108.1400 108.3998 110.4534 106.9329 106.4623 105.4360 105.5765 106.6574 105.0103 103.9239 109.7275 104.9965 103.9652 103.2148 104.3898 103.6239 103.0562 102.8598 104.4726 103.7366 104.0326 103.7409 103.6316 103.1369 105.1260 106.3176 105.5299 110.4465 108.1470 106.2221 107.4358 109.9024 108.5642 109.3133 109.0593 106.3971 112.6077 109.7946 116.3998 112.4500
113.1000 109.1820 111.3098 109.1277 107.2954 106.1463 105.9275 104.5361 106.4883 105.0817 105.8402 105.4076 105.3216 105.2371 105.0240 104.3735 103.7855 104.4816 104.2489 104.2327 104.5034 104.2925 105.1277 106.1318 105.9182 106.5769 104.7339 104.3465 105.3960 109.8780 107.3001 112.2774 112.3146 106.8969 106.3515 107.0372 106.7961 115.9137 113.9964 115.7200
108.0300 111.1969 111.6921 107.3598 107.0638 106.0714 106.9701 106.8028 106.8217 105.2535 105.7579 105.8327 104.9913 105.1597 102.2185 103.4520 104.7343 105.9640 102.9222 105.4524 104.7537 105.1034 106.2093 105.2016 104.5082 105.7435 105.7924 104.1795 107.1295 110.7652 109.0490 113.2796 111.9769 106.7589 109.2154 105.0093 108.3100 106.1758 108.5370 111.8300
114.5800 114.4105 110.2544 107.2979 107.8549 106.1343 108.7290 108.0608 107.0811 106.0899 106.2944 106.2093 106.1558 105.1778 103.0283 105.5790 105.4288 106.2637 101.7591 106.1047 105.0700 106.2853 104.8771 103.8362 106.5829 109.6434 105.7818 108.0467 111.4743 110.2553 108.1309 109.5059 112.5274 107.8059 110.0422 103.0765 105.6221 105.1656 113.0289 112.8400
113.5100 112.3549 108.4680 108.2232 108.0403 107.8341 108.7477 108.4508 110.0802 105.8896 106.4912 106.2406 105.5454 105.4934 106.0418 106.0402 106.3115 106.9411 105.9773 106.8311 106.3079 107.0127 104.1244 103.8058 106.3289 105.1627 105.0328 106.4482 111.0027 110.7957 108.8607 107.2384 111.8582 111.0884 110.3288 107.8307 102.9440 104.7425 111.4822 109.4300
108.1400 109.6004 108.9123 108.6961 107.3565 109.9917 115.8692 110.5457 107.3054 107.3589 105.8766 105.8028 105.2817 106.5712 105.9782 103.0389 103.7875 104.9737 105.3225 106.6509 107.1681 106.3698 105.3327 106.1612 106.5304 107.3668 108.2787 109.7056 108.1399 106.5749 107.8318 109.3585 109.2366 109.5426 106.1063 102.3721 106.7517 105.6677 111.2292 110.7000
109.2300 109.5580 108.4207 108.4916 107.0920 110.6967 112.5540 114.6863 105.4977 107.5593 106.4343 106.3473 106.8108 107.4051 106.4543 106.6130 104.4844 104.9854 105.7179 105.0032 107.2351 106.6082 106.6426 107.2387 108.8764 115.0903 107.4301 109.6290 111.2787 108.4209 109.7011 106.7686 106.5948 110.4567 107.1330 110.6297 114.5399 110.0401 114.3910 115.1300
109.2300 107.9603 110.8270 108.7251 108.5349 106.7057 113.4937 106.4203 111.0540 112.0045 108.4151 105.9270 106.5975 107.2830 107.2914 107.5636 105.7877 105.8982 106.2549 106.3349 107.8810 106.9101 107.1891 107.1036 107.7445 114.6240 109.1792 107.6963 108.7981 113.3184 116.6636 103.6544 107.3864 104.3643 116.2119 113.9287 114.4563 113.4137 114.7542 115.1300
105.4500 107.5445 108.8367 106.4589 108.2102 108.1190 106.7743 106.2288 110.8951 111.5123 106.4815 106.5136 107.6690 107.9260 106.5226 107.6029 106.3242 105.8658 107.2319 107.1409 108.5284 107.9929 107.4874 107.2391 107.7620 110.0542 115.0404 108.0307 113.0182 108.0106 114.9023 114.1239 110.4776 105.9572 111.2219 113.8289 111.9731 114.3985 113.9379 113.2700
107.8600 105.0661 110.9265 106.8867 107.6008 110.9755 116.8293 109.7778 108.7655 113.6870 106.6663 107.0562 112.7842 108.3429 107.9766 106.5952 106.8658 107.6209 108.2774 107.6498 108.2285 108.1981 107.8320 108.1340 113.0257 114.7473 114.2021 110.9196 104.4013 112.7586 110.6172 111.0991 109.6258 109.1383 109.4961 109.8025 109.4975 115.8073 110.7537 113.2700
109.0400 109.2190 109.2095 109.5704 110.7680 108.9113 105.0135 105.2943 108.4355 111.1036 107.1007 109.8038 114.6031 107.7438 108.7993 110.6687 110.2390 108.0654 108.7751 108.4576 108.5788 110.6451 108.6871 108.2681 114.3729 106.8992 108.0107 112.5142 104.4388 112.0205 113.3320 110.3843 110.3076 110.9197 107.6523 114.7233 113.8363 110.3282 110.2978 108.1800
109.0400 111.4526 112.5399 109.9437 107.0676 111.5802 113.6230 111.4408 112.5354 113.9849 102.0540 103.9771 111.2052 108.1554 109.3781 115.4010 112.2956 109.3172 109.9685 109.0236 108.7740 110.7584 109.1322 109.5286 110.9148 105.5747 109.9801 114.1216 107.7666 108.0888 112.9742 112.4175 109.8016 110.8704 114.3625 110.3215 114.0025 110.6819 110.7985 111.4800
112.9600 113.9107 112.8733 110.4933 108.4914 109.5577 111.1888 108.2435 111.5991 107.2300 103.4531 106.5348 103.9758 103.6568 104.7275 110.4005 108.6110 109.3564 104.1645 108.7925 110.0942 112.5462 107.6198 107.2123 105.4369 108.8972 105.3120 111.7016 112.0252 111.0377 112.3558 113.1916 110.6451 110.4858 110.4499 110.2073 115.5801 116.5169 114.4690 112.3300
113.6700 107.7074 110.9042 112.4336 112.5005 111.2503 109.0088 108.7522 111.2267 112.0788 105.0700 109.8841 116.1384 104.1002 105.6722 113.2401 112.2996 105.8833 108.4465 110.4640 110.6056 109.9787 109.8133 106.4771 106.3027 111.2258 107.5555 105.6240 112.4391 110.6769 111.8217 115.0215 108.8000 110.3626 110.5772 111.4813 107.7698 115.7095 108.2653 112.5300
110.7900 109.5199 111.2002 113.0377 111.4122 109.8783 109.6885 111.2229 111.5537 109.7089 110.3281 112.1798 111.5932 107.3534 110.3783 112.7421 109.8436 105.0539 105.5098 105.2996 110.7259 109.0430 111.6401 107.8428 106.4412 109.4186 108.2259 107.5441 108.6269 107.3027 107.8041 111.1887 112.7683 110.7140 108.9307 109.8628 109.1764 110.8955 110.7727 110.7900
109.4700 110.0295 113.7379 112.4097 110.6137 111.5474 111.4180 111.8319 112.7594 107.2560 115.1511 107.2515 109.8260 108.3784 111.5031 112.2239 111.0657 109.6899 105.9633 108.9767 110.9684 111.5489 112.7080 112.2223 108.8123 109.4721 106.1938 108.5270 108.5356 109.1416 108.2293 109.1785 108.3866 108.2416 107.6109 113.0565 114.6480 112.9651 111.5555 113.6400
116.3100 114.5092 111.6617 113.9012 113.6177 112.5524 112.8735 113.5751 108.9301 108.8419 110.0463 112.3361 111.2589 108.0209 112.5711 109.4443 108.6257 106.6696 106.9109 106.3774 110.2663 113.1896 113.2402 114.6336 112.8441 111.4086 107.0654 108.8607 110.0853 109.7227 107.9203 108.2283 109.2488 108.9493 110.3443 110.7458 109.0319 112.3480 110.0289 113.6400
116.3100 113.6747 114.9017 117.6831 115.0355 112.0429 112.3666 115.6590 109.7162 114.0690 110.1243 113.6907 113.4047 108.9372 112.0859 106.5150 110.1325 107.5592 107.6706 107.4838 111.1333 111.6135 113.6082 110.2872 110.6174 109.0446 110.1537 109.8902 109.7928 110.4022 111.3806 110.4128 110.1124 109.2432 112.1143 109.7223 110.1161 108.7658 110.4972 113.0000
114.0100 114.5397 111.8280 115.8611 114.7021 113.7998 112.3588 111.3603 107.7343 114.1680 109.9505 111.7993 111.4818 109.1525 108.2914 108.1413 106.9827 107.4995 109.0115 109.9655 109.8426 113.0294 110.2868 108.1862 109.0534 110.0078 109.9500 109.8022 110.2398 111.6505 111.6571 111.7782 109.1428 110.4084 114.8937 113.3934 109.5735 111.2976 113.0476 109.6900
115.2300 116.7474 114.5069 115.1689 111.9289 116.2968 113.0787 112.0143 109.1018 110.7156 112.7822 107.8246 113.4657 111.3401 110.8349 108.6377 108.0695 108.4397 109.0264 110.4730 108.6608 107.7765 111.5989 115.5178 109.1249 110.7399 111.9573 111.4121 110.9917 110.8518 113.0692 114.2281 110.3354 114.5296 115.4227 112.1799 112.0898 110.0513 111.6319 115.2100
118.1000 116.7383 114.5854 118.4415 112.5133 115.2523 113.5153 112.4217 112.1633 112.5843 111.0652 108.8493 110.6096 111.5216 111.4803 108.0401 108.6822 108.9224 109.6294 109.0929 109.9808 109.8374 115.3858 112.9251 110.4003 112.5123 113.7766 111.6234 110.6716 111.1514 113.9056 114.2154 112.2838 113.6510 109.5889 112.2624 112.0809 112.0974 111.1135 116.9000
115.9400 118.2700 114.4700 117.1200 115.3400 117.2500 117.2500 114.5600 114.5600 114.2500 114.9700 110.0400 112.0800 112.0800 112.0500 108.6300 109.1600 108.9100 110.0400 109.1000 109.0100 109.0300 116.6700 113.9900 112.2700 111.4500 114.0500 109.9900 109.8700 110.6700 110.7200 111.0500 115.6500 110.3500 110.3500 111.1300 112.7700 112.7100 112.9500 110.4200
