110.0400 110.0400 108.9700 110.9400 108.6000 109.3200 110.0400 115.6700 115.6700 115.6400 110.1500 117.7900 116.8200 114.0700 115.5200 116.2900 116.9800 114.7900 117.3200 120.3700 116.6400 117.6600 117.6600 115.0600 115.8000 116.0200 110.8200 116.3600 116.8900 118.2100 118.1800 118.1800 117.3600 117.9400 119.0500 117.3500 117.3500 118.2600 118.6700 118.8800
108.8500 109.9928 109.8591 110.1633 108.5698 110.5299 112.3169 113.4319 111.6164 116.5559 118.8609 111.8531 115.8860 114.3207 115.5676 115.8563 115.2275 117.4795 117.1667 119.1360 116.4855 117.9892 116.5815 113.9839 117.3902 113.9450 112.9413 116.4678 117.0523 116.8670 117.1947 116.6095 116.5912 117.4466 118.6856 118.0192 116.8038 117.4983 119.1346 119.0900
110.4300 109.7426 110.0435 109.0096 110.5695 111.4058 113.9964 110.9807 109.3936 114.9043 116.1546 108.5305 112.1913 114.6619 112.0550 115.1080 111.5088 118.0576 114.5623 114.5921 117.1243 117.5988 116.3809 113.2373 114.1156 114.7921 113.6197 115.6243 117.4024 117.1454 115.1561 115.3505 116.0485 116.6157 116.6789 116.4970 118.4997 118.1665 119.4332 119.2100
109.6800 109.4373 109.9530 109.1540 109.4393 110.4482 113.1025 112.7885 111.0322 115.9375 111.1742 110.2076 110.0481 112.5344 112.3329 115.0376 115.5303 116.4802 114.4520 109.1717 110.5183 113.3909 112.6771 112.8402 115.7019 112.0023 112.3444 114.1232 117.8928 116.7041 113.8036 114.0374 114.3297 116.1390 115.8545 115.8062 116.8100 118.4958 118.8436 118.9400
109.6600 110.1770 111.7208 109.4632 108.3613 109.0098 111.9980 113.9672 114.7691 116.9838 115.1255 115.4156 113.8713 111.3111 111.9923 110.5422 107.9309 111.8926 115.2457 108.3299 109.5961 113.4593 113.0335 110.0950 116.1572 109.8512 111.0165 114.6102 115.4723 117.2445 114.0544 111.7073 115.5898 117.2864 116.0467 115.0805 116.2950 117.3953 117.5178 118.0500
113.2100 112.7384 110.9139 109.4532 109.1253 110.5218 115.3290 116.3506 111.6303 111.4281 112.0484 107.7594 115.3536 112.7553 108.7593 109.0557 110.5101 110.9124 111.5836 106.8806 115.0482 113.8228 112.2430 108.0187 113.9539 111.8422 110.0409 113.1365 112.6526 114.3048 113.1636 113.4028 116.1112 113.1871 113.9550 113.9594 115.3634 115.8657 116.5179 118.0500
113.0600 108.0206 108.3896 109.5297 108.7536 108.7965 108.2645 108.8618 110.1277 109.3741 110.0879 112.4091 109.5022 111.9175 110.7094 107.9011 108.1077 107.7788 106.2423 106.8960 118.5672 113.7863 112.7476 107.8486 107.9945 109.3873 112.5093 114.7154 114.3274 113.0765 112.0244 113.0882 114.9555 111.9370 111.6791 112.9692 113.9333 114.4122 115.4143 116.4400
109.4100 109.3626 109.6981 110.4832 109.1992 109.8668 109.0144 110.9626 111.8620 108.5847 108.1167 106.9493 109.3382 111.6539 108.6893 107.9607 108.0241 107.0642 114.2900 113.9364 117.4706 110.2684 108.3150 109.7860 108.5363 110.2273 112.1502 112.6821 114.3408 112.1959 109.7783 114.1764 109.4251 114.9939 112.4760 114.8660 113.2121 113.1685 114.2972 113.0400
116.6500 111.1565 110.7869 112.2990 109.6871 108.9210 109.5062 109.4517 109.7680 108.8382 112.4627 108.8109 107.1447 109.6970 108.2267 108.4878 107.7527 107.7950 115.7175 111.7421 115.7915 110.0825 109.3168 109.0518 108.4074 109.9927 112.7574 112.7052 109.7285 110.0302 108.6821 112.9700 109.2133 113.4212 111.1088 110.4427 111.1131 112.0317 112.6934 112.5200
114.0100 115.0812 111.0846 109.3211 109.1184 108.5867 109.2232 108.9710 107.9619 109.4236 108.8240 109.0395 109.1397 107.1899 108.9414 107.2160 106.9655 109.6665 108.8345 109.2446 110.0558 109.9270 108.0306 107.7000 109.1119 109.9798 113.9502 112.4705 110.5876 109.1845 112.1016 110.2626 107.5813 113.8492 115.3548 110.3178 109.9363 110.8195 111.4334 111.5600
115.3100 113.3056 114.0409 112.9478 114.8706 112.0307 108.3241 108.2267 108.1649 108.5415 107.3118 108.3116 108.5910 108.1771 109.4535 108.7856 107.4130 111.7930 112.9642 112.8173 109.2670 109.2680 107.9769 107.5023 114.0677 108.6212 113.4571 111.4151 109.1197 108.0059 110.2010 108.2029 112.0524 112.0307 112.8221 111.1063 109.7786 108.5490 108.8986 108.8900
114.2500 114.2714 110.9907 113.8275 114.6083 109.3708 108.7234 108.8475 109.0956 107.3030 113.7833 107.6947 107.3331 106.6626 107.1940 109.2336 107.4385 107.2117 109.6664 107.2470 113.5178 108.3268 107.5726 106.5254 109.4925 107.7356 110.0681 107.3522 107.9311 107.0334 107.3611 109.2975 110.0359 113.1958 113.3944 109.1423 107.8182 108.6898 108.5936 109.3300
117.7600 115.1470 114.5146 109.6004 111.8848 110.9564 107.4520 108.7439 108.1867 108.0798 107.2304 108.4057 107.9737 106.7721 109.7758 111.3403 107.2399 106.0625 107.7005 108.8434 107.9585 108.3806 107.2922 106.2901 106.9947 106.9678 107.2148 109.2928 107.7402 107.3816 107.9950 112.1899 111.7168 111.3070 112.8180 109.6988 107.3607 108.0186 108.6149 109.1700
112.1700 114.4163 113.9449 114.8943 107.7058 109.1216 108.4540 107.9669 107.9537 107.3572 107.6857 107.7161 107.4034 107.4969 107.0719 107.1254 106.5140 106.7904 107.0866 109.3945 105.3509 106.0741 106.1099 105.7110 105.8389 106.5109 106.0127 108.7991 106.6692 107.1860 107.2450 110.1641 110.6417 110.4678 109.6736 107.5078 107.6430 107.4535 108.8843 108.1400
114.8000 114.2477 111.7529 114.3174 110.9364 107.9960 107.8891 107.2131 108.3549 107.7613 107.5035 107.4094 106.9671 107.2279 106.9582 105.6452 106.4800 107.2063 107.0148 107.3280 106.8729 106.6758 106.3573 104.7917 105.8277 106.6773 106.8824 106.9465 106.9033 105.7732 109.2198 108.9613 106.7198 109.1962 108.1690 107.4197 107.7173 107.8983 107.2596 108.1400
111.7800 113.4626 109.7563 113.1485 109.3266 111.6555 108.5884 107.9853 107.6772 107.5786 106.9055 107.5435 105.4891 106.3790 106.1177 106.5380 106.5110 105.6288 105.9836 107.0947 105.9599 104.2376 104.5625 105.4100 106.0316 104.4490 106.6197 105.6871 106.3269 105.8365 110.1905 105.2257 112.6310 106.1765 107.7422 106.9652 107.7977 107.0131 107.6863 107.3300
111.7800 110.7839 113.6594 109.5999 107.3904 109.0891 107.6577 107.6864 107.6462 105.6307 105.9829 106.4448 106.3868 105.6791 105.9191 105.8159 106.1585 106.7477 104.6119 106.1330 106.1153 107.8745 105.0855 105.7501 104.5093 104.3756 105.7251 105.1365 106.2728 104.8247 106.1408 106.9830 106.4026 105.9860 106.6582 106.4773 108.0429 107.5632 107.7153 107.3300
109.2800 112.3573 109.6642 108.0386 107.5984 106.4969 109.5057 107.5571 107.5625 107.2166 106.1827 106.2100 106.3441 105.6440 105.2345 105.7678 104.7317 105.9634 104.9566 104.7828 104.5525 105.7269 104.8198 104.5347 105.5487 105.6167 104.6768 105.1072 105.0531 105.1893 105.4705 106.7853 106.4171 106.9892 106.2847 108.1367 107.9792 107.9466 107.6372 107.8000
109.0600 110.0061 108.4795 107.6756 107.3311 108.2817 108.7188 106.8956 105.6767 107.3200 106.2211 106.2354 106.0000 105.0980 104.8293 105.9597 104.9844 103.0990 103.7884 102.8636 102.6050 102.4245 102.5300 102.4949 102.7425 104.3154 103.4198 104.7804 105.6706 105.3595 105.6457 105.1149 106.5676 107.0551 106.6834 107.1638 107.8195 108.2168 108.1790 108.2900
108.9500 107.6149 108.7607 107.7517 107.0464 112.7295 106.9834 106.7343 104.6329 107.0029 106.2604 104.3850 104.6373 105.0602 104.4593 104.0596 102.7108 102.8508 102.1786 102.2043 101.8818 102.1385 102.2030 102.1464 101.9334 102.0942 102.6970 102.9084 104.0362 105.0445 105.5881 105.9972 104.8169 106.4790 107.2876 106.0352 107.4573 107.1839 107.9578 108.3900
108.1300 108.1134 108.2480 108.1589 108.0847 107.1626 106.3746 107.1931 105.2267 105.8724 106.3382 106.2757 105.5398 104.7499 102.9037 102.6042 102.1590 102.1418 101.5273 101.1045 100.9322 101.2967 101.4066 101.6096 101.5251 101.5680 102.0080 101.9804 104.1006 103.3110 104.5607 105.4783 104.9116 106.2873 106.5424 106.6262 107.7382 106.0480 107.5613 108.1600
108.1900 108.4003 107.9483 108.1280 106.9642 107.0299 107.5745 106.3012 106.7093 105.3134 106.2822 105.8638 103.3552 103.0286 102.6385 102.1056 101.7905 101.1722 100.7402 100.1934 99.8113 100.0060 100.1030 100.3116 100.5729 101.0885 101.4304 101.5812 101.8671 102.5633 103.1380 103.4676 104.3133 104.6528 106.0284 105.7384 107.3986 106.1808 107.1900 107.8000
108.2800 107.4614 107.5711 107.7099 106.9864 107.1872 106.6851 106.8793 106.7070 106.8801 105.1107 103.7103 103.0864 102.3702 101.9389 101.7065 101.2108 100.5522 100.0062 99.1177 99.0059 98.7696 98.7447 98.9352 99.1994 99.6839 100.2363 100.9218 101.5685 102.3765 102.8719 103.3203 104.2310 104.5227 105.9685 106.4244 105.5979 107.2614 107.2360 107.7000
108.1100 108.7432 107.0455 108.4442 108.6092 107.5492 105.8135 106.2779 105.6337 103.7834 104.1606 103.5919 102.6020 101.9507 101.2422 100.9076 100.4725 99.7171 99.3429 97.8945 97.3202 96.9655 96.9339 97.7854 98.5721 98.4166 99.1936 100.2616 101.0450 101.6237 102.2116 103.0001 103.2301 104.4120 106.4343 105.9599 106.0258 106.7679 107.0594 107.2100
108.9300 110.1269 106.3735 107.3692 107.5355 107.0159 106.5829 105.7922 104.8261 105.0106 103.1175 102.9742 102.0818 101.3821 100.6820 100.2096 99.7310 98.7325 97.8402 96.2215 95.5058 94.8030 94.8595 96.6532 96.9439 97.3762 98.2275 99.0466 100.4035 101.0428 101.6978 102.4533 102.9186 103.8699 106.0586 105.8616 106.3663 105.9957 107.4741 107.4400
108.2000 107.7600 107.0911 106.3835 106.1846 105.8854 105.5650 105.2284 104.8299 104.1191 103.1373 102.7793 101.7238 101.0349 100.1589 99.3322 98.8939 97.6815 96.2194 94.6768 93.6411 93.5663 93.8963 93.4339 94.2831 95.0850 96.4229 97.5231 99.5684 100.7328 101.1708 101.9228 102.2768 103.2743 104.6957 105.8645 105.8233 106.8134 106.6412 107.6700
108.4400 108.1688 107.4044 106.4153 106.6671 106.7126 106.3926 105.2121 105.2067 105.4168 102.7668 102.2504 101.4912 100.5195 99.8652 99.0886 97.7356 95.2569 93.8219 92.1999 90.1790 89.3087 89.3210 89.6722 90.8742 93.4795 95.6853 96.7891 99.0252 99.8487 100.5764 101.3596 102.2663 103.0516 103.5200 104.9597 105.3809 107.2009 105.8372 107.6700
106.9300 107.4923 107.5768 107.1997 107.1045 106.9190 105.7128 105.3108 105.9950 103.4537 102.7373 102.0863 101.2800 100.0824 98.9521 97.8706 95.4044 94.3549 92.1065 89.0482 85.8289 83.8360 84.1779 86.4823 88.2728 91.5331 94.6522 96.0021 97.7260 99.8930 100.4471 101.0454 102.1984 103.0024 103.9333 104.0559 106.0600 104.7021 106.4603 106.7700
107.1400 107.4020 107.1734 107.8507 107.1014 106.6419 105.3065 104.5401 104.3625 103.2824 102.7436 101.8482 101.0702 100.3146 99.2855 97.8001 95.6165 92.6370 89.9112 85.1759 80.8345 76.3309 76.4905 81.2161 84.9232 88.7110 93.0229 94.8015 97.4832 99.8714 100.3404 100.9730 101.8159 102.5167 103.8603 104.8046 105.2957 106.5702 105.7753 105.5700
108.1800 106.9495 107.8101 106.4398 106.2219 105.8579 105.9679 105.4584 105.1251 103.2248 102.5569 101.8264 100.6317 100.0355 99.3234 96.5872 94.2676 92.3385 87.5835 82.3099 73.9554 66.1409 66.4882 75.1768 83.2736 86.8157 93.0277 94.0480 96.8256 99.0643 100.1421 100.5927 101.8210 102.5070 103.6925 105.6949 105.4949 105.2239 105.5237 105.9600
107.8100 106.6666 107.5497 108.1137 106.7760 105.7142 104.8529 106.2552 103.5425 103.7808 102.2698 101.6511 100.5542 100.0706 99.1189 95.9988 94.6327 90.7194 85.8244 80.8254 69.6657 60.7245 60.4524 71.7368 82.7433 86.9592 90.7834 94.0092 96.8332 98.9194 100.1684 100.6563 101.8570 102.6199 103.1241 105.6125 105.3281 105.0648 105.6898 106.7700
107.8100 107.0096 106.7925 107.6780 106.7987 106.4783 106.5302 106.3514 103.7594 103.7349 102.4702 101.4540 100.6237 100.1344 99.1457 96.1370 94.7467 91.0796 86.3804 81.6461 71.6279 64.3558 63.9604 73.7287 82.8285 87.3529 91.0590 94.2752 96.7860 98.9543 100.2119 100.7163 101.9014 102.6420 103.3212 105.3466 106.0212 105.4052 105.8347 106.7700
107.2200 108.6313 107.9031 106.2177 106.6957 105.6817 106.4420 105.9666 104.1281 103.1700 102.5945 101.5995 100.9126 100.3456 98.8442 96.7948 95.1395 92.5179 89.0111 84.3607 79.2942 74.3349 74.5051 79.4950 84.4819 88.5206 91.9051 94.8487 96.5119 98.6433 100.1725 101.2538 101.6304 102.7120 103.1713 105.2477 104.1667 106.1862 106.1003 107.0300
107.5700 108.1374 106.6515 106.5961 107.3920 106.1091 106.5955 105.8981 104.1467 103.3821 102.6949 102.1314 101.2327 100.2779 99.0447 97.4175 95.4818 94.2590 91.4869 87.6794 84.8816 82.6886 82.9465 84.7831 87.6126 90.5219 93.3952 95.7374 97.1970 98.7864 100.3820 101.1467 101.8539 102.5936 103.4248 105.7988 105.9383 105.2320 106.6390 105.5600
107.6800 106.7400 110.4517 108.2234 106.4942 106.6371 107.2787 105.8708 104.8212 103.4806 102.8811 102.3383 101.3846 100.8288 99.9995 98.5474 97.2301 95.7399 93.5344 91.0195 89.1229 88.1491 87.9538 89.4698 91.4258 92.9733 94.7684 96.7998 98.2057 99.6452 100.7962 101.1694 102.5138 103.0094 103.8599 105.5050 105.5651 105.6006 105.7066 107.0300
107.8400 107.6509 109.5825 107.6501 106.7027 105.7480 106.5691 105.9588 106.4245 103.7087 102.8351 102.4650 101.6304 101.1176 100.4174 99.1688 98.1797 96.8928 95.2831 94.0490 92.5684 91.8885 91.5717 92.1103 93.1260 94.7982 96.3834 97.8333 98.8767 100.2356 101.0971 101.6931 102.5032 103.6855 103.6617 105.7354 106.7821 105.8138 106.6649 106.0700
107.8800 107.1701 107.3938 108.6045 107.2672 107.2161 106.9542 107.0780 105.7539 105.8215 103.3627 102.6384 102.2335 101.5098 100.8309 99.5876 98.9945 98.2348 97.2433 96.2932 95.7485 94.4451 94.2992 94.4215 95.7142 96.3824 98.0211 98.9647 99.8594 100.8173 101.6871 102.2323 102.9426 104.1533 105.0337 106.0688 106.6921 106.7966 107.3037 106.6400
106.7700 107.3465 108.1188 108.0548 107.3279 107.9886 107.4799 105.6964 106.1420 106.0987 103.7521 103.0312 102.7608 102.2505 101.4634 100.7479 99.9594 99.3041 98.8987 98.0269 97.5748 97.2303 97.3209 97.2133 97.8678 98.7351 99.3627 99.9510 100.6635 101.3505 102.2893 102.7778 103.2683 103.8160 105.1901 106.4707 107.2002 105.6172 107.0041 109.4000
108.2700 107.7226 108.3126 108.3572 108.1364 107.7973 107.7986 105.3200 106.7932 106.6090 105.1251 103.3924 103.1128 102.4568 102.2063 101.7451 101.1794 100.3327 99.9105 99.6169 99.2825 99.1582 99.1925 99.2329 99.3239 99.8036 100.3703 100.6845 101.5094 102.1752 102.6127 103.1657 103.5227 106.3662 104.3997 106.4328 106.0312 105.0256 107.2488 106.7300
108.2700 107.8500 108.5700 108.5700 108.3100 107.9300 107.9300 107.6700 106.8800 106.8800 104.8000 104.6000 103.5400 102.9400 102.3800 102.3800 101.9100 100.6500 100.9600 100.3300 100.1700 99.5200 99.5100 100.4200 100.0100 100.8800 101.4100 101.7300 102.3000 102.8100 103.0900 103.4800 103.9500 104.4500 106.3500 106.6900 106.6900 105.8700 107.8100 108.7900
