108.9900 111.6700 109.1800 109.6000 110.6500 114.3700 112.9000 107.5700 107.7100 109.2200 110.7700 107.8700 110.5300 109.3900 109.3900 114.7900 114.7900 116.3400 109.7900 109.8000 109.9300 116.0100 113.4400 113.0300 114.7000 113.6800 115.1700 113.4500 111.8800 111.7400 111.5700 111.4500 111.3300 112.5400 112.3500 112.0100 111.8300 111.7200 111.6100 111.3700
107.2900 110.7646 109.5576 109.8002 109.5185 111.5251 115.2630 110.7012 106.6561 109.6966 110.6591 107.3574 110.5824 107.8431 108.7926 107.9570 112.6675 114.4941 107.9104 109.4979 111.0364 113.2871 113.7620 113.4836 113.1616 112.7796 109.6272 114.1907 112.0227 112.6123 112.6832 111.2183 113.0984 112.6711 112.6303 112.1632 111.7380 111.0381 112.3742 111.5600
107.2900 109.2548 111.6579 110.6315 108.8095 113.7782 115.2278 108.4944 110.1000 109.4665 108.7425 107.4858 109.7037 108.1334 108.7411 108.6491 107.7577 110.8484 106.6526 109.3436 112.4754 112.8850 111.0774 109.5993 112.5621 111.9183 109.3578 113.7915 110.8491 112.2464 111.0944 112.9661 111.3243 112.9180 112.5075 111.3732 111.0041 112.4365 111.7053 111.5300
109.0100 108.5244 110.2765 110.1937 109.6318 109.5236 111.8867 108.0673 114.3009 110.1331 107.7691 107.6874 108.3688 109.2871 111.1149 108.8412 106.3551 108.6020 111.1553 117.9808 111.3022 114.5370 112.6020 109.6700 109.6763 111.9924 109.5831 110.1069 108.9367 109.9647 109.1344 113.9281 112.3844 113.4484 112.6487 110.9898 111.7449 109.7604 111.0104 109.5700
109.1500 109.3749 108.5658 109.2051 108.2766 109.9605 112.4702 116.1017 110.3442 109.6954 108.2964 107.6509 112.0438 108.0816 110.5963 109.9561 108.8437 109.9069 111.9356 114.0340 107.2400 114.1436 111.7097 110.5427 110.7974 108.0087 109.3656 108.9166 109.1698 108.7576 108.6127 111.7755 114.0152 113.3644 111.3975 111.0605 109.1726 109.6816 108.7935 109.5700
112.6900 108.6264 108.8430 112.0738 108.4968 108.7144 115.8928 114.5546 108.5237 113.4388 109.5976 107.7601 108.0639 108.6630 112.3980 106.3424 113.5813 108.7319 116.1782 115.5455 108.4190 110.8743 110.7506 108.8897 113.7361 109.2716 109.5301 109.1808 111.5523 108.5452 108.9171 110.5642 113.5227 112.0906 112.1462 111.9451 109.4436 109.1679 110.6176 110.7200
109.7500 108.1589 107.4851 108.9639 108.9902 109.0491 114.3872 110.0515 106.4472 114.6460 111.1090 106.8480 108.7523 108.2616 107.9566 111.3531 108.1876 114.9697 114.8014 112.6649 109.9250 110.4901 108.8650 108.8244 111.3176 109.0808 109.0288 108.9283 110.1808 110.1079 108.8346 110.9301 111.9054 110.8833 108.9758 110.3986 109.8287 111.0475 110.9423 110.7200
108.5300 108.9177 108.2454 108.4828 109.5606 109.3502 114.1030 111.7612 108.9856 113.3617 111.0965 108.3358 110.0427 107.5112 113.8612 117.6463 113.6376 109.6697 116.6726 113.6269 106.9927 108.4820 108.9223 108.6691 109.3917 109.7628 110.2492 109.0999 108.8507 110.1269 108.2528 108.6269 108.5203 109.0615 108.7391 109.1824 111.3732 112.5872 112.2050 110.0100
108.5600 109.8447 107.8090 109.4955 107.5377 108.5037 113.3133 110.0077 107.8340 112.7681 110.0389 109.9261 107.6103 106.4773 116.4679 117.0935 113.2417 113.2851 112.1892 108.8737 107.6378 107.8865 108.1827 108.8398 108.6820 109.4038 110.2205 109.3581 109.1741 108.1850 108.2737 108.1735 108.8191 108.2555 108.8517 108.1785 111.8334 111.9791 111.2477 109.9400
108.2600 107.4139 112.5794 111.4547 111.2508 109.9109 111.8497 106.6957 110.9237 111.6723 111.2519 107.0485 107.8924 109.0835 112.3989 113.8722 111.8389 114.1002 112.4646 112.3573 108.4601 108.1818 108.6261 108.2539 107.4577 113.0720 109.0215 108.2414 108.7174 107.9699 108.8611 108.7302 108.2364 108.1180 108.4876 109.1580 111.7773 111.5453 109.7288 109.7300
108.0200 108.2009 107.3737 106.9485 108.1851 112.8389 111.9473 109.2496 107.9440 105.2678 109.2203 110.2127 113.7429 115.2541 112.4678 107.6724 113.0624 113.8135 108.6096 108.2826 112.5950 110.5716 108.5131 108.5264 107.4997 107.8587 108.6733 111.4751 107.9872 108.2631 107.5764 108.8290 108.7479 109.0116 108.8327 108.5373 109.0201 109.3736 109.1475 110.5800
111.5900 111.4765 106.7223 107.0666 107.9435 109.7158 106.7055 107.0409 106.6167 107.0042 110.0431 110.0124 112.2512 113.1226 110.1210 107.8657 110.6456 107.8587 107.8884 108.1555 112.7112 107.8143 109.3411 108.3319 108.2466 108.0253 108.0990 117.5305 117.7308 112.2442 107.7467 111.2615 109.1973 108.1104 109.0824 109.0238 108.7533 109.1693 109.2103 110.3600
107.1500 109.2198 106.8164 106.3815 107.0031 106.5488 106.1174 106.2203 106.3937 105.5932 110.5355 111.3795 111.0569 110.8868 109.3727 105.5477 106.5056 107.6224 108.1973 107.5573 108.4310 108.0258 108.7411 109.9837 109.5704 106.8600 111.5843 111.7498 112.3867 107.7580 110.0048 109.5730 109.3844 108.9596 108.9038 108.7531 108.9542 108.7587 108.7735 108.9900
106.9500 106.7805 105.1739 105.1387 106.1485 106.9367 106.5569 106.3650 105.1957 105.4937 110.6011 106.4030 105.6114 110.8245 107.3004 106.2304 105.9281 106.9723 108.2333 107.4498 108.1272 108.4356 109.3887 112.9589 113.1176 108.0576 115.5871 109.5161 106.3703 108.2627 108.2682 108.3328 108.6044 108.9123 108.8105 110.1010 109.6047 110.6608 110.6043 109.0100
105.5700 105.1187 105.4259 105.9281 105.6824 104.6725 104.8879 104.9714 105.1432 104.7851 109.5598 106.7726 105.7389 106.2335 106.0302 106.8466 105.9295 106.3049 106.5625 107.5867 108.9513 109.6352 108.7693 108.9251 111.2958 110.7329 116.4023 107.0406 108.0826 110.2286 111.3255 108.7555 108.0945 109.5352 110.0399 109.9226 112.1734 111.9502 110.1689 108.6200
106.2800 105.4494 105.6974 106.0501 104.6654 104.8596 104.9161 104.8717 104.0022 104.7738 105.4417 104.1857 104.8650 106.2119 106.1272 106.6643 106.6135 105.7232 107.0159 107.4687 111.2270 109.0799 107.8160 111.9434 107.7444 111.9349 114.0734 110.8331 111.5218 114.8751 113.8789 108.8133 108.3856 108.4483 108.7627 109.0865 109.6220 111.0802 110.7662 113.3200
104.6500 104.7713 105.7328 105.1589 103.7928 103.5490 104.4904 104.7283 103.6258 105.2567 102.8546 102.9422 104.7860 104.2332 105.5410 105.2095 105.4488 105.7536 106.9522 106.4223 106.6799 108.8459 111.8379 109.2605 110.9039 109.5727 110.3218 114.3973 114.1141 110.0167 109.4009 108.4676 109.0681 109.3876 108.1733 110.8245 110.1145 108.7122 111.4155 110.3300
105.2500 104.9701 104.4867 102.9250 102.6077 102.4696 102.2348 102.4517 102.5364 103.1105 101.9979 105.9687 104.4035 104.4913 105.7169 104.8787 106.2190 105.4486 105.9631 106.4668 107.5990 110.8819 112.7226 108.5959 109.4215 108.4785 108.9853 109.4859 111.5188 110.7910 111.3114 107.9880 109.0718 109.2029 107.9398 108.9221 110.3031 108.9596 109.5235 109.0100
102.8500 102.6234 102.1925 102.0850 101.9965 101.6341 101.4749 101.6998 102.0211 102.1509 102.3308 101.4538 103.9793 104.3608 104.0785 103.9937 104.9732 105.2876 106.4053 105.3666 106.3930 108.0169 107.6720 107.8274 107.8774 108.5620 108.4441 111.9938 114.3897 112.9067 114.4926 110.0811 108.4997 109.9605 109.8983 109.6832 109.1230 109.6089 108.8581 108.8200
102.1800 101.9831 101.6797 101.2397 100.9916 100.8442 100.6559 100.6026 101.0549 101.2990 101.6496 102.1664 102.3050 102.6728 103.8880 105.9932 105.5280 105.3788 105.7764 105.4014 106.7316 107.0336 108.0180 107.1512 107.6743 108.0192 108.6304 108.6424 112.9032 109.4298 111.7049 107.8304 108.6218 110.3953 110.3691 113.7210 112.0796 115.3503 110.1211 110.8200
101.5300 101.2910 100.6776 100.2594 99.7900 99.6690 99.8509 99.6209 100.2747 100.5641 100.8828 101.3335 101.8364 102.3181 103.1419 104.8760 104.2632 104.4592 106.5997 105.9396 107.1239 107.3684 107.3504 107.3424 107.8875 107.5408 108.6837 108.6360 109.8570 106.8618 108.8350 108.9651 110.9055 108.4311 114.1491 112.7139 111.3676 114.9468 112.0405 112.2200
100.5800 100.4530 99.9317 99.5291 98.9124 98.5762 98.5627 98.4676 98.7237 99.4617 99.8231 100.5686 101.1964 101.7634 102.2910 102.7471 105.3165 105.6818 105.0796 105.3396 106.2114 106.8432 106.1881 106.6811 108.3628 108.5713 113.6192 107.5406 108.4212 109.4889 109.6210 113.8983 114.8450 114.2833 109.2765 108.9757 110.2817 111.7039 110.3901 108.9100
99.6000 99.7162 98.9028 97.4945 96.0934 96.4367 96.1687 97.3549 97.3751 97.9036 98.7873 99.6900 100.5711 101.1122 101.7119 102.3692 103.6676 104.6868 105.9634 105.3584 105.7286 106.5500 107.1197 106.8612 107.5780 107.9753 106.9109 107.8976 109.1452 109.4286 110.4203 115.3038 115.2651 112.4088 110.1660 110.2555 109.5594 115.2507 111.1916 108.3000
99.5000 98.7599 97.3065 97.0095 95.0372 92.4232 92.7982 94.0448 95.8579 95.5094 96.4729 98.5549 99.8766 100.7000 101.4063 102.1422 102.7050 103.6920 105.5628 105.2089 105.3459 105.9075 106.8288 107.1255 106.9924 107.2612 107.7006 107.9981 108.7732 110.7211 112.5761 113.7235 112.9073 112.7836 111.1583 108.7668 108.3169 110.0719 110.1599 108.9300
99.0600 97.0913 96.2053 94.1482 92.0141 90.3637 90.5286 90.0263 92.2998 93.3819 95.1426 97.7693 94.4882 100.1660 100.8084 101.6585 102.6030 101.1933 105.4024 105.2657 106.0421 106.8768 106.9471 107.3019 108.0048 107.9726 107.3476 109.5957 109.6229 110.1242 110.5301 110.8482 112.2794 106.9809 108.2550 110.2604 109.3883 114.5448 110.3159 110.5700
98.2100 95.9575 93.9015 92.6904 92.0641 88.3312 85.6957 88.5965 90.9154 91.7723 94.6515 97.0866 95.8877 99.9777 100.3555 101.5285 102.5931 100.2950 103.9731 106.4411 106.2947 106.5306 106.4512 107.0452 107.6559 107.5474 108.6868 107.8539 109.4295 108.9596 110.8550 110.7427 108.6438 111.3301 109.8851 110.5301 108.0999 117.5063 114.1751 110.7200
98.2100 96.3778 92.8636 92.9509 88.6560 80.2397 78.5339 80.1839 86.2602 90.2780 93.1387 95.9526 97.8977 99.1264 100.1356 101.2220 102.1225 103.1323 104.3159 105.9308 105.9587 105.5188 105.5188 107.1612 110.4025 111.2571 111.4663 110.5417 111.8223 110.2892 111.3889 107.6039 112.0836 110.5760 114.1608 116.6093 115.2853 112.9306 111.6870 111.0100
96.8500 95.5622 93.0461 83.8486 94.1458 71.9522 69.9813 74.6899 80.0594 89.8308 91.5986 95.4915 97.6501 99.1059 99.9698 101.3832 102.0354 102.4680 103.8132 106.0295 105.1633 104.6926 106.5057 108.7173 110.2189 113.1925 111.2987 111.8439 111.6667 116.1811 113.4932 114.3941 108.6424 116.4643 112.1244 111.7622 116.3944 107.0292 108.3226 116.0500
106.3400 104.6289 89.2786 84.8934 93.1150 59.7522 57.4638 68.8268 81.3353 88.7805 92.0904 96.0100 97.5363 98.6825 100.9537 96.0827 102.2343 102.6130 104.2470 104.2732 105.9164 106.6294 106.9540 107.4940 107.5857 108.3312 108.8111 107.8958 109.9249 109.8054 110.2777 110.8910 109.8793 114.3707 112.5814 114.0619 109.1023 108.4685 108.2336 117.5900
106.3800 106.0501 89.5276 84.4714 94.1315 66.1635 62.6537 71.3034 82.4926 88.7703 92.4266 96.1360 97.5781 98.7140 100.5833 95.4233 102.3835 102.7372 104.1810 105.6012 105.7687 106.7021 106.9586 107.4145 107.4385 107.8722 108.4967 107.7508 109.2263 104.6340 110.0600 109.4650 109.6087 109.7484 111.6783 113.0023 112.2690 107.5016 112.3328 108.8300
87.3800 99.0875 103.4197 90.1520 88.6012 77.4521 75.3579 78.8259 82.6493 88.5182 94.0722 96.2824 97.8652 99.0336 99.9817 97.4534 101.5156 102.5366 103.4096 105.1009 105.9140 105.5913 106.3045 107.0309 109.0841 107.5455 109.8536 108.0091 112.5239 109.9378 106.7008 110.4136 113.1413 110.0827 109.8788 107.7490 112.9571 110.6183 110.4682 110.1200
98.2000 90.3147 94.9765 102.4544 96.7312 83.7759 81.9883 82.9186 89.4161 94.8445 93.7136 96.3825 98.1735 99.2679 100.3933 95.8138 102.5572 102.4778 105.7809 104.1164 106.5806 105.9638 107.0179 106.6059 106.2634 111.3529 111.0083 109.0748 112.1204 114.1657 109.3801 113.1211 113.6651 110.9720 110.3812 108.4243 108.8025 109.5191 110.3041 110.8100
98.3600 98.9195 96.7320 94.8241 94.4548 91.0697 91.0351 94.7776 105.7737 103.6334 96.0107 97.7310 98.8076 99.6983 100.7739 101.5064 102.3728 102.8224 105.6896 103.5328 106.5432 106.6243 106.7825 106.0652 108.2938 109.5146 114.6848 110.6770 110.5308 112.3038 114.5339 116.0387 106.7302 109.1387 109.4982 108.7571 107.6171 109.4098 108.9980 108.6900
99.3300 94.7517 97.6031 96.2546 95.4523 94.9139 94.6807 102.0088 101.3902 96.9182 97.6136 98.4956 99.7011 100.5360 101.4227 102.0616 102.7148 103.5084 106.1803 105.4632 106.7171 106.6247 106.6992 106.2617 110.3297 114.1522 113.7502 109.3767 111.3539 109.7301 109.5597 111.7820 109.4642 108.4650 108.5250 109.0625 109.0444 111.4937 108.9340 110.2600
100.5800 89.8196 96.0885 99.2479 97.1984 97.3047 92.3835 90.6619 93.5260 97.7089 98.9590 99.1597 100.2852 101.0498 101.6746 102.4569 102.9986 103.5214 105.6436 106.0256 107.0178 106.5610 106.8437 106.7557 112.2196 110.2965 110.6254 114.3424 113.6727 111.7271 113.5085 106.8766 112.8609 109.3811 110.3859 110.6032 110.6013 109.5843 109.8015 108.9600
100.5800 94.5700 96.7843 98.8364 99.3756 89.8776 94.4537 92.5731 88.8747 99.0251 99.6850 99.8414 100.8843 101.5670 102.0340 102.7351 103.4353 104.0530 104.9120 106.0149 107.0504 104.9886 108.0356 107.0505 106.4484 113.0994 108.7188 109.5325 112.2117 111.3401 113.2227 109.8329 110.9652 108.5979 111.5416 111.7663 111.0512 109.9895 108.5184 110.0100
94.8500 98.0250 101.0138 96.0342 99.6386 93.9919 94.2231 101.0385 100.1328 100.4927 100.5803 100.9866 101.5662 102.1133 102.7228 103.0489 105.0079 105.4603 105.0370 106.0351 107.1730 105.3047 108.9355 111.4649 111.5079 109.0449 108.5322 108.5910 110.6316 111.4441 112.1696 112.6579 108.0157 108.2952 109.5977 109.6760 109.1524 108.9364 111.3784 109.0300
96.3600 94.0267 94.7656 98.2708 93.6178 93.7304 98.3957 100.5924 100.7040 101.0057 101.4506 101.7897 102.1696 102.7055 102.8518 105.1131 105.1683 105.0982 104.7648 105.7446 105.4183 111.2436 107.6426 108.4065 112.1029 112.4310 108.6727 109.1081 109.1108 111.4402 112.8227 113.3799 110.0000 113.3003 108.4741 108.8110 110.1894 110.3792 109.3019 112.8200
97.6900 98.7926 102.1107 95.8166 95.3003 97.0047 102.5510 101.7238 101.7211 101.8931 102.1455 102.3956 102.8126 103.2150 104.1299 105.7471 102.0262 104.3677 106.1921 105.9150 107.1491 108.4627 108.1231 107.8324 108.2466 108.5307 110.6305 110.6284 112.3273 112.7982 111.6195 110.3786 113.1694 110.0793 108.8009 113.4897 110.0708 110.3078 110.0594 110.5900
97.6900 102.5500 102.5400 96.2800 96.4200 96.5000 101.6700 96.4400 102.2300 102.7000 102.7000 103.0600 104.7500 103.9200 104.1900 104.1900 106.3600 105.2400 105.4600 107.4200 107.5700 106.9900 107.6400 109.2200 111.4500 108.8600 113.7900 111.4800 112.0800 113.3500 112.7300 108.7000 113.8500 110.2400 113.1800 111.6900 111.2300 108.9300 111.8800 111.8800
