114.1600 111.4700 110.0500 116.0600 115.3700 106.5000 111.1000 104.4700 105.3700 109.7000 103.6800 104.5100 113.0600 106.7200 102.8100 100.2800 101.3800 101.3800 100.8700 100.0700 100.1800 99.1900 99.1800 100.1500 100.0200 100.8800 101.6000 102.0700 103.5800 106.6900 106.6900 113.4000 112.0400 108.6700 106.4400 103.5200 102.7800 104.8200 106.0200 107.6000
112.6800 114.6378 113.3388 112.4285 112.7254 107.0823 105.9200 113.2480 108.0304 111.2393 108.5615 111.0978 107.6961 107.6059 101.2547 100.4879 101.0504 100.4285 99.8646 99.2774 98.9403 98.7398 98.7545 98.9650 99.3212 99.8087 100.4215 101.0105 101.4965 102.2138 105.9958 112.1523 114.3597 110.1280 106.3424 104.3354 102.9580 103.6878 104.4359 105.6900
113.4900 111.3925 114.3543 113.8003 111.5962 107.8052 105.0516 109.6547 106.5541 106.8131 110.6210 108.1744 107.6089 101.5881 101.8353 100.7892 100.0232 99.4560 98.5636 97.9019 97.4022 97.1269 97.1527 97.4415 97.9748 98.6351 99.3703 100.1162 100.9088 101.7272 102.1175 107.1501 114.5296 113.2903 108.3182 105.2808 103.4287 103.9197 104.4761 105.3800
106.5900 108.3128 107.0946 111.6068 109.1681 108.7422 104.6730 104.6154 115.0341 108.1195 110.0796 104.0999 102.9922 103.2347 100.8237 100.0912 99.1464 98.1429 97.1225 96.1964 95.4203 94.9846 95.0193 95.4914 96.2726 97.2528 98.2419 99.2348 99.8715 102.3316 99.9867 103.2591 111.6893 114.4095 111.1263 106.3102 104.1823 102.8169 103.8328 105.1900
107.7300 108.4446 107.1243 109.2416 108.3694 111.9598 110.1361 105.0025 111.1686 106.9643 110.3439 105.8872 107.9474 101.9667 100.2856 99.4008 98.2337 96.8279 95.4427 93.9897 92.7909 92.0455 92.0930 92.9092 94.1545 95.5941 96.9994 98.2511 99.3991 100.4282 100.6947 101.2014 106.7589 113.4906 114.0506 107.5950 104.8310 103.2592 103.3825 104.9600
108.7200 107.8020 106.9888 108.8362 114.2163 110.7449 104.3418 105.5066 105.0449 103.8833 106.1565 105.0468 101.4420 100.8840 100.0088 98.7527 97.3553 95.4168 93.4245 91.2422 89.1150 88.1809 88.2173 89.3482 91.4784 93.6524 95.6130 97.2696 98.6795 99.8413 100.8827 100.9132 103.7082 111.3208 115.2660 109.0465 105.5648 103.8387 103.2838 104.9700
111.9700 108.7466 109.7748 106.7404 110.5122 109.4939 106.0256 105.9387 105.7990 105.5755 104.5223 102.6831 101.7631 100.7118 99.6481 98.2701 96.6535 93.8893 91.2491 88.1097 85.7131 84.1930 84.6206 85.6207 88.4548 91.5416 94.2062 96.3319 97.9994 99.3644 100.3599 101.7962 101.9114 109.0569 115.1686 110.3891 106.2962 104.1306 103.1783 103.5100
113.0300 109.5999 110.2705 107.0798 106.8303 106.6914 106.0969 105.1563 104.7602 104.6675 103.8230 103.8668 101.4403 100.6433 99.5179 97.6533 95.3251 92.6722 89.0049 84.8379 80.9242 74.6472 74.6130 80.7522 85.1893 89.5735 92.9611 95.5327 97.4720 98.9958 100.0934 101.4209 101.2079 107.3700 114.7831 111.3687 106.7442 104.3821 103.1864 103.4200
113.6800 112.6037 109.1430 107.8605 107.1743 106.7277 106.5267 105.1031 104.8429 103.3663 104.9935 103.9136 101.1736 100.5289 99.4223 97.2369 94.7565 91.7793 87.5625 83.2237 74.2409 68.3985 68.5682 75.6616 83.4225 88.0949 92.1273 95.0188 97.1428 98.7548 99.9313 101.0096 100.8912 106.5409 114.2969 111.9246 107.0276 104.5288 103.2138 103.3800
113.1600 108.3216 107.7459 107.6014 107.2561 106.3231 106.3918 104.1220 104.1759 103.2431 104.7850 104.2394 100.8034 100.4092 99.4006 97.1685 94.5934 91.5297 87.1819 82.7042 72.3775 66.2835 66.4739 73.6602 83.0275 87.7845 91.9141 94.9014 97.0628 98.7005 99.9370 101.0848 100.9012 106.2997 114.1116 112.0315 107.0967 104.5628 103.2371 103.3600
112.9300 110.4345 111.9247 110.9368 106.4840 108.3559 107.2180 108.4367 109.0595 106.7731 104.7190 104.8008 100.9646 100.4154 98.8639 97.5598 95.2198 92.4139 88.5321 83.5674 75.5485 70.1157 68.9225 78.6774 83.7558 88.6112 92.7287 95.0958 97.2810 98.8361 99.9788 101.0342 101.0789 106.8137 114.7823 111.6687 107.0867 104.5196 103.2174 103.3800
110.7500 111.1246 112.9132 111.4485 107.3500 106.1351 105.9323 105.5293 105.7901 103.5844 103.8759 102.1816 101.5467 100.8068 99.6454 97.9678 96.1169 94.7170 90.2463 89.1031 84.2988 79.3432 80.3842 84.5923 86.4372 90.5045 93.4324 96.3548 97.7416 99.1918 100.0897 102.6609 101.5193 108.0901 115.2126 111.0423 106.7124 104.4946 103.3507 103.6600
107.9000 110.7873 107.7632 107.3820 109.6601 111.6819 105.0043 105.3344 105.3108 102.9251 108.5210 102.1629 101.8148 100.8765 99.4126 99.0244 96.6821 95.9833 94.5627 93.1600 90.6875 87.8456 87.8103 89.7239 89.8474 92.3688 94.9527 97.2567 98.6827 100.0904 100.8450 102.3087 103.5276 107.7680 112.1665 109.1008 106.1691 103.8373 103.1275 103.4500
107.6300 107.5015 107.3958 106.2523 105.8305 106.0286 108.1555 106.2690 108.5175 107.3605 103.7786 104.1541 102.4508 100.8556 100.3025 99.5034 98.4784 98.8608 104.5071 93.4531 92.0988 91.6766 92.2602 92.3704 93.4238 94.6012 96.5992 98.4914 99.3596 100.2463 102.0790 104.9563 103.5087 103.8028 102.7695 102.7121 104.9503 104.9588 104.3514 103.4700
107.5000 108.9612 108.2573 109.1033 104.2914 107.8029 109.9306 106.0539 105.8841 99.4556 102.5151 102.5999 104.0150 101.5965 100.8114 100.0693 97.4574 94.2060 89.5379 96.4777 95.5116 94.4364 94.4313 96.5975 96.8630 96.9376 98.3463 98.9569 99.7770 100.7602 102.5875 103.3427 106.6388 104.5524 104.9624 105.7478 104.2908 106.4223 106.2679 104.3900
110.8900 111.2240 109.6268 110.5434 104.6862 107.5979 104.2831 106.3595 106.0012 103.5527 104.7979 102.6775 103.3898 102.7414 101.3239 98.0509 95.2263 100.8151 99.3746 98.0499 97.3097 97.0378 97.0730 97.5478 98.2280 98.8065 99.4971 99.7676 100.5354 101.3854 104.1242 103.7613 106.2231 106.5689 104.6873 104.6607 104.5850 104.3317 104.9935 105.6100
111.0300 109.6606 106.8771 107.6917 106.8014 106.3350 105.7392 106.0231 104.7749 104.8865 105.3061 106.1377 103.8711 103.7245 102.7426 97.0331 100.7760 98.1210 99.1609 99.1341 99.0775 98.7877 98.9040 98.8853 99.4768 99.8794 100.4159 100.6749 101.2224 101.9978 103.1244 103.8082 103.2436 104.7256 104.4727 106.7671 108.6306 104.9045 105.9984 106.1300
107.4100 107.5706 107.0736 108.0945 108.0465 107.3271 106.5858 106.1267 105.8669 110.2196 105.6410 105.1629 103.9687 104.4412 104.0270 102.1034 99.4316 93.3288 96.6651 100.4514 99.9394 100.0279 99.5004 99.9688 100.2500 100.8300 100.9647 101.8995 103.1406 103.8441 103.9968 103.9476 106.1669 104.4992 103.9542 106.1585 113.1340 107.0471 106.8016 109.2200
107.9900 107.7233 108.3532 108.1376 107.5998 111.2716 106.4267 108.7946 111.1311 104.1661 105.6486 105.7092 105.5598 105.1731 104.9167 103.4901 102.2727 102.3208 99.1237 101.5981 100.9078 100.9539 100.8489 97.7121 101.3722 101.4515 102.2519 104.3826 104.6696 104.7010 103.1020 107.4468 105.7261 105.8684 106.3855 106.4288 107.6984 110.7092 106.2074 106.0500
107.9200 107.8110 107.8515 107.5381 111.6199 112.5683 109.4133 107.7296 107.5803 105.9744 106.3147 106.1228 105.1316 105.5631 104.3416 103.6904 103.9565 102.3298 104.9519 101.8249 101.7007 101.4303 101.6306 102.0010 101.9866 102.9259 102.1104 98.7731 103.3836 104.4608 105.8439 104.4739 105.5952 106.1606 105.4127 106.8198 107.2634 106.6038 107.1362 106.6400
111.7000 107.7864 113.9835 111.7132 114.5303 114.7331 112.5605 105.8224 107.2428 107.3386 106.8348 106.6800 105.5809 105.5649 102.2948 103.4525 105.0608 99.3736 107.5156 104.8072 104.1576 105.5604 103.9184 103.9415 104.6504 103.6691 104.7992 103.6452 104.6136 105.4799 103.6204 107.0055 106.6994 103.6138 104.3309 104.8532 105.0835 106.2179 108.0167 108.0800
109.0000 109.7251 111.0178 110.3459 113.3975 109.8743 108.0747 106.4604 107.8782 106.3971 105.4037 106.0900 105.3811 106.0443 102.7308 102.6010 105.7368 100.4000 108.0954 106.2931 107.3880 107.0837 103.0371 99.9125 104.5520 105.3115 104.7838 103.6878 104.1825 105.0777 104.5733 105.2522 104.3597 104.9146 106.9401 105.7115 105.7929 107.0538 107.4185 107.5100
109.8900 110.2224 112.3013 114.4909 109.2660 108.2391 106.7213 107.1093 107.5920 106.7504 106.4654 105.6675 106.8843 106.2436 106.8812 105.4866 106.3547 103.7808 109.4446 105.9101 106.9059 104.1861 100.3778 100.2197 105.3117 104.8884 102.4056 104.4453 105.2159 105.8744 105.5106 105.8375 107.1663 110.1533 106.9056 107.0863 106.8929 108.0126 108.1827 107.3200
112.4400 111.3227 109.9154 107.1400 108.0933 107.6207 107.9518 107.7028 106.9841 107.7980 107.9287 107.0684 104.5187 105.6817 106.7963 103.5879 102.7557 102.3291 108.1076 105.7709 105.8803 105.6231 104.2594 105.9479 105.4457 106.3769 107.9952 105.7591 103.5623 105.5078 104.3494 104.5097 107.4105 105.2678 105.9780 106.9455 107.2690 107.8265 108.6307 108.5000
112.4400 107.2512 109.4204 108.0292 111.0259 107.7845 107.6589 107.8993 106.9541 107.3386 108.0380 107.1225 106.0956 109.7393 107.5790 107.1516 104.0186 101.7798 104.0095 105.8884 103.5123 105.9901 106.4250 106.8174 104.8654 105.8129 105.1051 104.5671 104.1851 105.1774 104.0785 108.2496 107.6066 106.4145 108.6699 106.6947 108.6066 108.5643 108.5965 108.2000
108.4100 108.7290 109.5844 106.0492 114.0760 107.2941 108.4976 107.4511 107.6813 108.0418 108.0352 106.2002 108.2149 108.5578 108.1779 106.5906 103.5172 103.2229 106.9112 110.0257 106.9024 105.8623 109.6707 105.1532 104.1838 105.3714 105.7205 105.2959 105.4413 111.5052 106.6935 106.1551 105.8495 109.2810 113.2880 111.5262 112.2359 110.5953 112.5462 108.2000
107.3700 107.5553 110.6058 107.1515 105.6590 108.4833 108.1199 107.3839 107.6956 108.4445 108.4067 110.6522 114.0809 111.3370 106.9781 106.9151 105.6534 106.0485 105.9137 109.4545 106.8592 110.7718 111.3553 103.6383 107.5197 106.4734 107.4911 106.9368 105.6274 107.0916 107.3884 106.7888 108.0807 107.7451 109.6465 113.2809 105.0490 106.1739 110.2443 109.4400
109.1300 106.3782 109.4267 106.1368 105.7257 110.2949 108.5230 108.2948 108.7289 108.8852 109.7150 108.5633 112.9614 110.5096 110.6463 105.7299 107.3966 105.4177 105.3518 107.7860 110.3890 107.5174 104.9480 107.6727 112.8663 112.1759 112.2523 114.0848 110.1818 113.1332 109.2206 111.5678 110.8559 109.3888 110.2671 113.6942 109.3164 107.3453 109.7007 109.4400
109.2400 112.2952 108.0312 108.0206 105.4238 108.7727 109.0571 108.9415 104.3352 107.6390 111.4172 115.6877 115.0422 113.1766 109.5960 106.6298 113.4092 111.3416 111.5203 109.1698 111.5644 108.0309 107.7548 109.2250 112.6741 110.3543 104.4463 113.7432 108.9008 112.1893 109.6153 109.3959 114.6089 107.7307 105.5349 116.6043 113.0030 109.0651 109.9400 108.1700
108.7000 108.6016 106.6178 110.4609 105.9431 109.0045 109.2562 108.9707 113.5067 109.3240 108.9698 112.9899 114.8482 114.5538 115.4395 109.4558 109.7938 106.6219 110.9222 108.7020 109.9808 110.7537 108.6347 107.8661 107.2814 107.7858 108.6726 115.8732 109.6985 110.5340 113.3997 108.8671 107.8749 108.7234 108.7419 116.3641 116.9066 107.4546 110.8392 108.6000
109.4100 109.0997 108.4478 108.9783 110.0241 110.3301 109.9188 110.2229 111.0052 104.9970 108.2062 111.5184 112.8316 111.1592 110.1688 109.0217 114.1447 109.0690 109.0479 111.6739 116.0260 110.8330 108.6331 107.7220 111.0061 109.5365 116.3665 113.3098 114.3961 110.4171 115.1550 111.2029 110.4857 111.9477 109.2286 112.7843 115.9340 109.2995 111.9310 114.0500
113.0400 111.9352 108.5523 108.2387 109.6539 109.3780 108.9586 111.8621 110.4401 109.2992 112.0229 112.7558 112.5440 107.5732 107.9654 110.3964 114.4615 111.2441 113.8181 114.5531 119.5409 112.7988 110.0652 110.5721 110.5726 110.3788 112.6329 108.5153 108.6973 106.2786 111.6116 111.6910 109.3554 109.5901 111.5025 108.0504 109.7174 108.0964 110.2770 109.6400
112.3900 110.1575 109.4595 109.1201 110.9739 114.5846 111.5015 113.0598 112.8601 109.7200 107.8240 107.8190 113.2376 110.6812 109.5468 112.8820 108.2818 111.7186 106.2763 108.9561 112.6379 106.8222 105.3146 103.5426 103.5863 109.2289 107.3221 110.8561 106.8587 103.0491 110.0578 111.1989 108.5865 111.8752 110.9831 108.2509 111.3138 109.5650 108.2713 107.9600
110.4000 110.2090 109.5566 109.9242 109.4385 114.1715 114.5503 114.3546 110.7162 110.1905 109.2890 105.0445 112.2492 106.5414 109.5247 109.5631 111.5629 110.3002 109.4153 109.3949 114.9335 109.7813 104.9293 107.0196 108.9546 112.2334 114.2937 111.2855 108.8939 110.3772 111.4839 111.3125 107.8776 108.8085 108.7024 109.5024 110.9464 108.6261 110.8201 110.8900
111.7900 111.1923 114.8523 112.3691 111.9044 115.8504 115.5029 114.1099 111.4279 108.3644 110.1779 107.1180 106.4741 106.4394 109.0538 110.1756 107.5911 111.5032 112.9835 111.1596 115.2124 111.5220 110.7712 107.8644 105.9356 110.6294 114.1193 113.0051 110.1533 112.4133 107.1437 108.9275 110.0594 107.8443 108.3206 107.6111 108.6777 108.5585 110.3339 110.6200
112.7500 111.0899 114.1778 111.1935 114.6477 116.0168 115.3543 113.3613 113.9394 109.0795 109.0208 107.4685 105.2886 107.8705 110.9327 109.8863 110.0393 108.1365 110.4972 109.7527 109.6184 112.6752 109.9086 112.5184 112.0283 110.5673 113.5928 113.0268 112.4998 112.7227 112.1529 112.5559 107.5209 109.2017 108.3625 109.3770 109.3095 109.1399 109.0926 110.4600
112.7500 114.1973 113.7690 110.2915 117.0429 115.3594 115.6328 117.4447 112.0538 110.1536 110.4688 108.1829 106.9518 107.7849 107.3824 108.6371 106.3033 111.2182 113.6278 110.4763 109.9474 111.1300 113.1180 108.6023 106.3086 106.7079 106.8551 109.8852 110.6152 113.5368 108.8469 107.8814 108.8478 108.2908 109.9114 109.8510 110.1695 111.8056 109.7985 110.4600
113.4000 114.2330 113.7204 112.0396 113.9166 117.2940 114.8334 115.9652 112.6837 111.3884 111.9097 108.3518 108.5164 109.4590 106.4178 108.5737 105.9816 105.9595 112.8310 117.3995 110.8733 111.9768 111.5812 108.5207 106.2511 108.4137 108.0746 112.0195 109.7040 112.3792 110.8210 109.2308 107.2510 108.1243 109.4824 111.0822 111.2082 110.0248 111.5327 115.0500
117.7400 117.4686 110.3700 113.1535 115.4905 115.9281 112.2269 114.9567 113.2198 112.4926 111.3349 109.7255 109.8477 108.4440 108.6063 108.7091 110.8035 103.4570 115.1095 117.8482 114.1428 114.0293 113.9156 110.6634 106.8578 107.4665 107.0232 107.4955 109.8605 110.9204 112.2980 112.8770 108.5440 111.0527 109.3256 112.1163 111.0352 108.6436 112.4254 114.6900
119.0900 119.0900 113.5500 117.4100 116.2700 113.0300 119.5400 113.2600 113.2600 115.0800 108.6200 110.0500 109.9800 107.5500 108.6500 108.7000 109.3100 108.5200 116.0100 116.4500 115.2000 115.3900 115.5200 110.6000 106.7300 106.7700 108.2200 109.5300 110.9900 110.9900 115.1400 115.1400 108.4300 108.5700 110.3300 109.0300 109.0300 108.9400 114.1000 109.9400
