107.5500 109.8400 110.7500 106.6800 105.4400 106.5200 107.8200 110.8300 107.5700 105.7900 100.4300 100.9400 100.3300 99.6400 98.7000 97.6100 97.8400 96.7200 96.7300 96.6500 97.7000 98.7100 99.5100 100.2300 99.2200 99.2200 99.7600 105.9700 114.1400 108.1400 105.5900 104.0300 103.0000 103.6700 104.9600 107.8800 109.5500 111.4200 116.2400 119.4500
106.4900 108.3976 109.9526 113.2702 106.5908 105.6218 109.1231 102.2129 109.7862 102.8670 101.2456 100.3996 99.7273 98.6259 97.5476 96.6687 95.9002 95.7987 95.8070 95.9375 96.5820 97.4663 98.4129 99.3838 99.8554 104.0437 100.5101 104.9450 112.1888 114.7947 108.0472 104.9150 103.1745 102.6996 104.4675 106.4200 109.1081 108.5899 114.9002 115.8100
106.4500 112.2559 109.3485 108.8083 108.1599 110.0767 110.7880 109.2779 103.8490 105.6114 100.2795 99.7397 98.7265 97.5951 96.1391 94.7564 93.4054 92.8064 92.8398 93.3602 94.5051 95.8489 97.1829 98.3782 99.5161 100.4311 99.8798 101.2071 108.4032 115.0476 110.5515 105.9309 103.7630 102.8387 104.0198 105.9742 108.4972 108.1143 113.9208 115.3600
107.0100 106.9809 105.7369 107.5435 106.5125 105.0688 104.0905 105.4767 103.3911 100.9684 100.1924 99.1454 97.7706 96.2645 95.0468 92.5733 90.3839 88.7314 88.6626 89.8888 91.8430 93.9217 95.8145 97.4142 98.7979 99.8467 100.8710 99.6205 104.9770 114.4296 112.6177 107.2568 104.5450 102.9127 103.5167 105.4903 107.6144 110.1441 112.9204 115.0300
106.5300 106.9974 106.3762 106.2481 104.3930 104.4346 102.7113 102.4271 102.3697 101.0615 99.8623 98.4646 96.8165 95.1767 92.1181 89.2333 85.8965 83.7362 83.5486 85.6159 88.6609 91.7539 94.3769 96.4584 98.0970 99.3636 100.7072 99.9633 102.9936 112.1622 113.9372 108.5208 105.0819 103.2303 103.2113 105.1821 107.2729 109.6542 112.5744 114.8400
105.8100 106.6372 106.6869 106.1667 106.1132 105.2505 104.4770 96.9313 102.1483 100.7152 99.6265 98.1785 96.8386 93.6052 91.1069 87.0660 83.1495 76.0235 75.7491 80.5552 85.3936 89.6042 93.1583 95.5981 97.5476 99.0355 100.3086 101.0098 101.7539 109.6843 113.5942 108.8956 105.8290 104.0081 103.4697 105.5073 107.3692 109.6899 112.2286 114.6400
107.3300 106.7083 106.6836 105.8452 105.6550 105.5502 104.1971 101.6995 100.8218 99.6569 99.5141 98.2458 96.7267 94.0200 90.6397 85.8217 77.6211 67.3473 67.1534 74.7577 82.9743 88.3827 92.9164 95.2983 97.3338 98.7982 100.0089 101.4990 102.2288 107.1640 110.8403 109.1213 106.2384 104.4535 103.6540 105.4550 107.3139 109.5378 112.0614 114.2700
106.2300 106.5279 106.3534 106.4816 105.8414 105.4366 104.6997 102.6355 101.5883 97.5013 99.6199 98.4100 96.7763 94.8121 90.6613 84.5878 73.8543 66.2453 65.5741 72.5690 82.0703 88.2544 92.9966 95.2610 97.3033 98.7246 99.9164 101.6422 102.3785 106.8435 110.5491 109.2020 106.2568 104.4069 103.5525 105.4091 107.2557 109.4924 112.0074 114.2500
112.1900 110.8424 106.1790 106.0020 105.4799 104.7659 104.6673 103.3198 101.7310 100.8096 99.5385 98.3260 96.6641 95.1647 92.2757 86.4676 78.1596 70.5102 69.9804 76.3448 84.4372 88.9919 92.5254 96.1910 97.3582 98.8579 100.0274 101.7356 102.5620 107.1213 109.7915 108.7637 106.1974 104.3948 103.6239 105.4710 107.3273 109.5761 112.1245 114.2800
107.3700 108.4042 106.2942 106.0091 102.6318 104.5454 105.0135 103.0408 101.5562 100.7783 99.8371 98.5513 97.0979 95.7736 93.6286 88.6236 81.9768 78.3814 78.3915 82.1936 86.4151 90.6519 93.8862 96.2130 97.9629 99.1232 100.1648 101.9371 102.7522 108.3902 111.2443 108.7676 105.7002 103.9629 103.5245 105.6904 107.5318 109.7914 112.1987 114.0300
107.2800 106.9530 106.8702 105.6865 104.6296 104.2300 105.2389 104.8404 102.5681 100.9968 100.1089 99.1133 97.1678 95.9997 93.4894 90.0489 87.5376 85.6635 85.4573 87.3632 89.8766 92.5096 95.2143 96.8231 98.2835 99.5427 100.7375 104.0155 105.7066 110.4583 112.3139 108.2191 105.3483 103.7003 103.7168 105.6843 107.6649 109.9997 112.7096 114.6300
107.5700 107.3332 105.6376 105.3591 105.7395 105.3132 98.9418 104.6708 96.8173 102.5501 93.4714 100.5403 98.5869 97.7576 96.0332 93.6610 91.8480 91.3541 91.1180 91.4836 94.4819 95.4180 96.8098 98.3062 98.9968 100.1499 101.4875 104.2233 106.3123 110.6971 107.1916 108.2229 104.7373 103.4900 104.1413 106.1684 108.1147 110.4734 113.2516 114.8300
110.5300 109.2491 103.9834 105.7921 104.7420 104.8767 105.7032 104.7870 97.2099 95.6566 97.8307 100.5444 99.6341 98.4929 97.3875 96.7440 94.8835 95.6276 96.2238 95.3030 96.5640 97.5769 98.4060 99.1994 99.6885 100.8235 102.2630 107.3252 101.4336 103.7114 110.4120 106.7081 104.3461 103.4220 104.2349 106.3552 108.4034 110.9793 114.1169 115.0400
107.4600 107.2299 106.9463 104.9432 104.5054 106.2576 103.8256 103.5047 101.2142 103.0460 100.9260 98.9801 100.6941 99.0416 98.1568 97.9878 98.2398 90.0733 88.2227 94.4662 99.0097 98.3840 99.3735 100.0661 100.7281 102.8930 107.7223 107.6567 105.7152 111.5283 109.3895 103.7681 108.5503 103.9238 109.8766 109.0681 111.3271 113.1271 114.3556 113.5900
113.0000 107.9072 105.5554 104.1671 102.5852 105.2244 104.1960 100.2990 104.9067 96.5496 96.1964 93.1455 100.9256 100.5900 99.9774 100.5850 97.2457 98.3649 96.0478 90.6941 99.0396 99.7327 100.1430 100.8661 101.3382 103.9830 105.2377 103.4216 108.9470 109.7958 109.9127 104.4525 109.0267 111.9918 113.9308 111.2949 117.0332 117.0037 115.3586 113.8800
113.0000 107.5780 107.5033 107.9300 103.8424 105.0576 104.1827 102.2727 101.4258 100.1805 96.1599 98.3853 102.2078 100.8405 100.7649 94.2766 93.7743 98.6845 97.8106 98.0670 100.6937 100.7054 101.0039 102.1791 102.2011 105.3958 105.4955 108.6933 106.8515 108.0150 112.1534 105.0093 110.4525 111.8058 111.0858 112.3960 113.5972 115.1582 116.6807 117.9300
108.0700 107.7654 105.8607 107.6122 104.5609 107.8359 104.3607 105.6364 101.1509 104.0037 103.9192 104.4232 103.3514 102.0770 102.7532 94.3266 98.8309 93.1619 94.9547 101.4333 100.9506 101.4280 101.9780 103.7356 105.8895 107.5940 104.7907 106.7307 105.3507 108.4093 111.0507 105.7290 107.8145 111.1604 113.6320 109.2348 116.5816 112.0071 118.1240 115.5700
108.6900 107.4945 110.3452 105.0487 104.3475 106.2073 105.7131 105.4494 105.8609 104.5076 105.8929 104.2316 105.0254 104.0942 104.6188 101.2440 99.8781 96.2395 94.6993 100.2424 102.5396 102.2465 103.0480 101.2329 103.7164 108.6544 104.7652 106.9627 110.8879 107.3282 106.7194 106.5394 110.8388 107.7808 110.1321 109.9404 111.8628 111.3024 113.7534 110.6100
111.0000 112.1384 112.4709 109.4363 104.9936 105.0234 106.7251 106.8410 103.9100 104.9140 104.2830 102.9827 105.2624 105.1564 104.9439 104.8400 103.6461 99.0423 99.7889 102.5484 104.0135 103.4854 103.7329 102.5874 104.9180 105.5290 104.1069 106.4234 108.0336 105.2209 105.4715 104.4485 107.0843 109.5418 105.7340 108.4155 112.0201 114.0743 112.0118 111.3700
112.4800 111.5741 112.8812 108.0371 105.3729 107.7715 106.7572 104.3714 103.4922 103.0192 103.6072 106.6953 105.7853 105.4015 105.1716 104.0955 104.8005 105.4590 105.2217 104.9957 105.1695 103.3417 105.1289 104.2889 105.2655 105.5390 103.6383 101.7461 107.7076 108.0219 111.2183 109.3853 107.5843 108.2308 107.0951 108.3578 106.1767 112.9754 114.0576 115.1500
110.5000 110.9666 107.8559 106.6748 106.3535 106.2961 106.6056 110.0603 106.9313 106.4448 106.5019 109.7691 106.7920 105.2984 106.1622 100.4569 106.2649 102.3269 103.1820 105.3001 106.0212 105.2653 106.0241 105.7517 105.1438 105.5281 104.6214 103.7771 112.8742 106.7968 112.5039 112.2529 109.5341 105.8026 106.7340 109.5785 108.6817 105.9350 112.6855 111.8000
113.5700 107.9866 108.0944 108.1828 107.1870 106.2854 113.5276 109.9931 108.9862 106.6252 105.1077 105.0490 104.3429 104.4946 103.2122 105.6454 105.0890 100.2540 101.5262 105.8412 106.0199 105.5273 103.5987 104.6361 104.3461 106.8922 105.5780 107.2414 112.0609 111.2479 112.4208 114.3017 113.3234 107.5951 106.5602 108.5895 104.3172 103.5596 110.7410 107.8200
108.7400 107.5698 108.6504 108.3815 107.8148 108.3329 112.5158 108.7908 106.7086 106.0957 105.0776 104.0768 107.4991 111.8017 104.0653 105.5030 106.2505 105.6956 105.5542 106.3659 105.9999 105.6758 104.3255 104.2118 104.2828 105.0005 104.8243 105.2381 111.2654 112.0506 108.3538 109.0579 109.1678 112.4823 106.3125 104.8545 100.6069 111.7759 109.4245 113.1500
104.2400 102.6214 109.9312 108.1004 107.1760 109.6586 115.4112 111.2972 109.0086 104.5210 106.3743 105.9317 105.2241 105.7284 105.0923 102.9786 104.9208 104.4476 105.3502 107.1197 105.8022 106.0617 105.7684 106.2412 107.4940 104.6638 105.0339 112.0521 108.9142 110.1844 110.3007 107.5680 111.0447 115.1892 102.7494 102.7693 103.5334 107.2564 111.9684 110.8200
109.1200 105.0789 107.3302 106.2053 109.9021 112.9046 113.6668 109.8940 113.8541 114.5386 107.9852 105.8650 106.9781 106.8003 109.5130 105.1257 105.6298 105.6129 105.5048 105.0554 106.6905 105.4295 106.0928 106.7858 110.9540 109.7667 108.0998 112.2536 110.2533 108.2729 112.0341 111.2881 107.7920 107.1441 107.3974 109.0846 109.8155 110.3262 114.8919 110.8200
109.1200 107.9853 109.7818 104.4545 112.3295 109.0827 113.2722 108.9399 108.3556 114.8791 106.9894 106.2956 109.8503 105.7253 106.3316 106.6740 105.9923 106.4341 106.4001 106.0674 107.5721 107.0141 106.3306 105.5468 108.9136 113.4818 106.8475 109.5582 110.8356 114.1387 114.6998 112.2841 104.4649 105.7123 116.5746 113.5956 113.5264 114.5483 114.0515 116.0800
105.8200 104.5038 108.1330 106.7989 106.5949 108.8359 105.8259 116.2438 114.6124 109.8150 109.3304 108.0812 109.6124 108.3830 106.3755 106.7318 106.9798 107.1816 107.2579 107.2312 107.6214 107.4975 106.6032 107.0278 108.1578 113.5875 108.9861 114.4587 111.9715 114.8493 112.9905 114.3532 108.8813 109.1301 107.6594 111.3882 114.6959 114.3985 113.1763 111.1300
108.3800 105.5101 107.4467 105.8111 104.5613 108.8747 109.5458 112.0076 111.4651 107.6362 107.9739 110.3298 108.0890 108.0949 107.4853 106.5884 108.0083 108.0726 108.7131 107.8724 108.0923 111.6481 107.1816 107.8057 108.9358 111.1302 111.0616 111.0598 110.7939 111.0207 114.6192 111.3761 108.1914 109.0015 105.7281 108.5300 111.7443 112.9531 112.3985 111.1300
107.0300 108.1731 107.1559 108.9458 105.1393 109.4524 113.2313 108.7193 108.4271 109.1889 107.6668 117.7916 111.3328 109.6688 110.7617 108.5307 107.8715 110.0581 112.3699 107.9531 109.0276 108.2996 113.5566 106.3768 110.0777 115.5535 111.4009 111.1286 104.2299 108.9459 111.9946 108.1501 109.9201 107.9148 106.7580 113.5836 109.4781 110.0344 110.1521 108.3300
113.9000 113.0571 108.1947 109.2315 108.2571 109.7197 111.0802 111.9214 105.1024 106.8543 107.4881 113.2004 103.0658 107.2813 112.1977 110.4050 109.3466 115.1584 113.5883 110.0180 110.0975 111.1123 112.7563 111.1643 110.3825 106.2963 106.5802 114.9299 109.4001 109.6908 110.9416 108.6690 108.0288 108.2915 110.0649 115.1572 113.9220 111.3509 113.3908 114.6100
112.4300 113.6083 108.9762 108.9232 110.5462 110.9820 110.5556 106.9780 109.1881 105.6395 107.9457 108.1950 106.0850 104.3196 105.5380 104.0726 105.3073 108.1600 107.5781 104.7344 104.0719 108.6767 111.8251 109.1707 107.1213 107.9795 111.2097 112.5073 110.8881 108.5696 111.8117 110.4300 107.5000 105.8771 114.7674 115.0094 115.8858 114.1592 112.8075 115.6000
114.3800 107.4149 111.7400 108.3219 112.7011 107.9626 109.8623 107.8665 108.7222 107.0423 113.8181 105.7549 108.4911 109.4772 106.6923 109.2602 106.2330 104.3375 105.3377 108.2424 103.9176 108.3566 108.8632 111.0825 110.7784 105.9192 107.5761 109.5624 108.1357 108.0662 111.3643 111.1379 108.6797 109.5983 112.3711 115.2512 114.0769 115.5074 111.3092 110.8200
111.6400 111.2901 109.7858 112.2925 110.8658 110.3674 107.7897 107.5635 107.0903 109.9659 107.4430 108.2263 107.8125 111.2795 107.8360 105.3989 105.6675 106.2454 106.5560 110.8250 104.9301 108.9232 112.1437 111.9194 109.8519 106.8931 110.0537 108.6624 107.0665 109.3884 113.7268 115.6073 109.7450 110.7833 109.8898 109.8264 109.0788 111.0516 110.8620 109.4300
110.9300 112.4035 111.3858 111.3524 111.9191 114.6941 110.5003 112.0128 111.5809 111.4327 108.2896 109.8342 106.8008 112.5204 108.0927 107.6245 109.6466 108.1044 108.7836 109.6700 107.0238 112.6390 113.1422 109.1402 110.8240 109.1430 105.6300 106.0319 109.3037 108.4938 111.6483 109.9906 109.3093 110.0023 108.1997 114.5233 113.0759 111.9196 113.1100 113.1700
112.0700 115.4726 114.9018 112.5383 112.6680 111.4184 111.7321 112.5775 111.0287 110.1841 111.2034 110.6919 107.2852 108.2617 109.3968 107.3403 111.5575 109.3202 111.3788 110.2506 107.6056 113.1179 114.2090 113.8864 110.2863 107.0478 108.4133 105.8615 107.1300 109.6388 107.6013 107.0785 107.5329 109.0203 110.2414 112.0284 109.7021 110.5444 111.9305 113.1700
111.8400 112.6995 114.6824 114.4026 111.3652 109.9722 112.3072 113.8254 114.6452 115.2417 109.9970 111.9243 107.8353 107.9210 113.0637 108.9772 111.5462 109.9553 109.9630 109.1846 108.7221 113.7716 112.1776 110.7245 109.3709 107.7859 108.3333 108.8852 109.2994 110.7745 107.2808 109.3633 109.5826 109.6786 110.1619 109.5154 112.6144 111.3895 111.1580 111.5000
115.4100 114.3233 115.0589 115.9788 113.4601 112.0002 112.7037 108.5246 112.2109 112.2478 110.6728 111.5442 109.3075 107.0442 107.6502 106.9609 106.2876 107.9701 109.3386 108.0815 110.9292 110.7208 107.3849 108.6348 110.3538 108.4107 110.2287 108.5478 110.0647 111.7393 108.1995 109.5328 110.4752 110.4453 113.2569 111.9539 112.2744 111.9358 113.3906 109.7700
116.5300 115.1611 115.4310 117.0172 114.4152 111.6349 110.2697 109.8160 111.5130 110.5827 110.6539 112.0293 109.4602 109.5412 106.8382 108.0169 108.0874 108.4346 108.0970 113.0124 110.6783 111.2379 109.5404 113.1616 111.2340 109.4797 111.1730 110.0265 109.1835 111.3367 110.9045 111.2250 111.8423 111.5472 114.4173 110.6965 109.3076 111.8565 110.0974 115.0300
117.6000 117.3438 118.1808 117.3766 115.6369 115.1080 111.2421 113.2798 113.1833 114.3940 113.9822 113.2061 110.1401 111.2630 109.1861 107.9514 108.0933 108.6495 108.3346 109.4793 110.9457 111.9139 112.6270 112.7470 109.6023 111.4741 110.6141 110.1447 110.8478 109.4458 112.7905 111.5580 112.3144 113.1697 111.0058 112.3043 114.9157 111.5862 110.7380 116.8500
117.4700 116.6000 116.6000 117.9200 117.9200 114.5900 111.1400 113.4400 114.3600 110.4500 109.2600 109.2600 111.4400 111.3000 110.4400 108.7400 108.2800 109.2500 109.2400 108.7000 110.1300 113.2100 113.2100 111.5700 112.2600 112.2600 110.4500 111.8900 112.8400 112.8300 110.4500 113.1200 113.1200 112.2800 112.1800 113.9700 115.2200 111.2700 111.2700 110.6400
