106.7000 105.2500 107.2000 105.7800 105.2000 104.8800 104.8800 104.8900 104.4400 104.4800 104.4400 104.4400 102.8900 104.4300 103.8600 103.3300 104.3500 104.3500 105.8100 105.9800 106.0600 106.0600 107.0900 105.9500 105.5700 105.7800 108.4000 105.7800 108.0200 110.0400 111.1100 112.5700 115.4600 116.6400 117.8800 119.4200 120.1100 119.5900 118.5600 117.0600
106.2800 105.7057 105.9994 105.5185 104.0670 104.6209 104.3433 103.6271 103.9122 103.9094 102.9014 102.3085 103.0099 103.4132 103.5667 103.4981 104.5732 103.9810 105.0609 105.4938 105.8922 106.0983 108.2803 106.1524 106.1841 105.1488 106.1577 106.1322 107.4801 108.7774 110.2270 111.7132 113.4777 115.4314 117.2129 119.0624 120.0980 120.5153 118.8202 117.9400
105.6900 105.4996 106.8633 106.9050 103.3603 103.1406 101.8290 101.4412 101.6112 101.1319 100.5030 100.5473 100.8748 101.1192 101.1863 101.8895 102.5138 103.7782 104.0051 104.3827 105.4364 105.8147 105.9022 108.2955 106.7978 105.8641 104.9876 105.7147 106.6160 108.0652 109.4609 111.0031 112.7021 114.5786 116.3725 118.0456 119.5184 118.8304 119.9924 118.1700
105.5500 105.8422 105.0511 105.4788 102.9678 101.6176 101.0641 100.8005 100.5206 100.2495 99.7940 99.7101 99.7828 99.8003 100.4171 100.8138 101.1700 103.2437 104.1282 103.6300 104.6121 105.4178 106.0043 109.8765 107.9214 106.2713 105.6921 107.1453 106.3692 107.2562 109.3549 110.2334 111.9403 113.3958 115.2182 117.6115 117.9895 119.6581 120.1571 118.5200
105.3900 105.3711 103.6139 102.1797 101.4247 100.8681 100.0030 100.2385 99.5610 98.8755 98.4679 98.3804 98.7644 98.8567 99.2679 99.6979 100.2695 102.0492 102.9489 103.7105 104.8341 104.7653 105.1873 108.1818 107.7773 104.9879 105.7033 107.4540 107.7497 107.6343 109.3419 109.4891 111.0069 112.7917 114.7642 117.2816 118.2933 121.0874 120.7582 119.7800
104.4100 104.7036 102.2083 101.7973 100.6560 99.9311 99.7607 99.6108 98.6957 98.1522 97.0383 96.9499 97.2658 97.6660 97.8315 98.6098 99.6195 100.1695 100.6420 101.9552 103.1188 103.7978 104.9694 105.9279 105.7056 105.0969 105.6252 107.5909 108.2419 108.3852 107.2413 108.9746 110.6455 112.5815 114.6546 116.8167 119.3588 120.6841 121.3220 121.3000
103.6100 103.7769 101.6153 101.3044 100.0801 99.4612 98.7617 97.4554 97.4211 96.7441 95.5992 95.1585 95.8800 96.4320 96.9273 97.9704 98.5007 99.5794 100.2093 100.9611 101.9055 103.0212 103.7827 105.3019 105.5464 105.4242 105.2853 106.5265 106.8209 107.1660 108.0168 108.4169 110.4154 112.2263 114.3341 116.6550 118.7857 120.8014 121.3365 121.4100
102.9500 103.9183 101.2006 100.7562 99.6333 98.5675 97.5730 96.2094 95.2782 92.7426 92.1049 92.1434 91.8691 94.3010 95.8640 96.9944 97.3435 98.5310 99.5553 100.5761 101.9143 103.3470 103.4277 104.5141 104.0491 105.3565 104.9976 104.9387 105.9707 107.0340 109.6278 108.1461 109.8658 111.3848 113.8166 116.5209 119.1378 120.1969 121.0651 120.1200
102.5400 102.3978 101.1546 100.2584 99.3055 97.3336 96.4156 94.5870 92.8245 90.3393 89.0004 89.1161 88.2753 90.5902 93.8161 95.7107 97.1626 97.6269 98.9165 100.0486 101.4499 102.1587 103.5599 105.2444 108.9397 109.7342 104.6113 103.8627 105.3613 109.6017 106.1814 107.9824 109.9489 114.9173 113.3022 115.7302 117.6859 118.5897 120.9821 120.7800
102.0300 101.7384 100.7474 99.8393 98.1516 96.6642 95.9397 92.8645 89.1939 87.4518 84.3414 83.8029 85.7176 86.2878 90.5159 92.6633 95.7668 96.8825 98.4956 99.7772 100.8854 101.7839 103.9755 109.7293 106.5644 106.5286 105.9332 104.2763 105.0381 109.5991 105.5919 107.6778 109.8633 115.7109 112.8776 115.2308 117.4534 118.6514 120.4616 120.0700
101.9000 101.4819 100.4996 99.6302 98.1617 96.5555 95.2774 91.8446 88.4045 83.5059 76.5871 75.0273 79.9840 84.2636 89.6965 92.8838 94.4749 96.5878 98.6615 99.6033 100.9228 101.9196 104.2612 104.4225 104.8080 104.5052 104.4897 104.7932 110.8900 106.3682 108.7316 108.3666 109.3550 113.8362 115.1941 113.9461 115.6085 117.1255 117.8142 118.0900
101.7800 101.4074 100.7239 99.6811 98.1051 95.4266 93.9363 90.1467 88.7396 79.5904 68.3633 65.9209 72.2242 84.3058 87.6569 90.6572 94.5320 95.8609 98.2599 99.9137 100.8477 101.9093 102.6852 105.2843 105.5558 106.0551 106.0361 106.0434 106.6005 106.8272 106.7689 106.8416 107.9091 112.8968 114.1278 114.7215 111.7755 108.6473 112.2408 112.6500
101.7700 101.3795 100.6731 99.5971 98.0167 95.8531 93.8225 89.8786 88.6771 78.1088 65.0992 62.8075 70.5169 83.5363 87.4568 90.5754 94.4820 95.8245 98.3967 98.9362 100.9032 102.0006 102.7413 105.0920 105.5241 105.8193 105.7143 106.2417 106.7439 106.8174 107.0391 106.9337 107.8643 112.1227 113.4991 114.4149 111.7062 110.4797 112.6713 112.6600
101.7900 101.4566 100.7829 99.7495 98.3666 96.3862 93.7412 91.1752 89.3135 84.0197 71.1683 68.2906 77.0417 83.8571 87.8717 90.5005 94.9829 96.7927 99.5635 94.0529 101.9774 101.7120 103.9509 104.7898 104.5052 105.6354 105.2740 106.3210 106.7311 106.9129 107.0142 107.6216 108.2831 108.0666 111.0830 113.6124 111.2695 116.4283 114.0749 113.9300
102.6000 101.7119 100.9660 99.9691 99.1739 97.2436 95.1515 93.7118 89.9978 98.4267 95.4067 91.1621 86.3681 86.7630 89.8206 91.8459 95.8990 98.3117 99.3042 101.1230 101.3775 102.3526 103.4617 105.3536 105.0434 105.7954 104.9341 105.6619 106.6993 107.6582 107.5602 107.8532 108.4050 108.1218 112.5457 110.8529 113.4713 114.5746 114.0951 111.8700
102.6000 102.0037 101.1288 100.3127 99.4335 97.7653 96.8652 95.3038 92.2704 91.3117 92.9161 93.3232 89.9872 90.0358 91.8601 93.2614 97.8022 98.8055 99.9132 100.4682 101.3291 102.3231 104.3345 105.4043 106.0204 105.8621 105.8725 105.7754 106.4857 107.1232 107.7316 108.2757 108.2536 108.2071 108.1587 108.6619 108.7504 113.0102 112.5942 113.0600
102.6800 102.2944 101.6051 100.6938 99.9652 98.8522 97.8140 96.1737 94.6906 102.0623 97.1615 92.3702 92.0027 92.6705 94.0805 95.5288 98.0785 99.3490 100.5068 100.9830 101.7105 102.8309 104.1672 104.3803 105.6560 106.9148 105.3739 106.1429 111.2188 105.9914 106.8266 107.6030 107.7277 107.8080 112.3772 108.9877 111.8921 114.9636 108.6277 107.8900
102.7200 102.9162 101.8561 101.2149 100.5318 99.7376 98.3781 97.2992 96.3145 94.9312 95.2850 95.2493 94.7636 95.1848 96.3688 97.9809 99.0605 100.0428 100.9414 101.7016 101.9438 103.9463 103.7991 105.4907 105.4251 105.7434 106.0596 105.8376 108.7316 106.7492 111.5882 112.0251 110.7424 109.8837 115.0686 112.8846 112.1893 116.0766 110.2565 114.4900
103.4800 104.8072 102.1339 101.7716 101.1058 100.2991 99.5697 98.5357 98.2865 97.9431 96.8463 96.6525 96.1347 96.9869 98.1081 99.0820 99.8445 100.5405 101.3982 101.9884 103.0633 104.4430 105.2987 104.8888 105.0801 106.0534 106.0953 106.6335 107.6325 107.7972 108.5146 113.8312 110.2136 112.2966 114.9916 114.0524 115.0984 114.7519 108.8131 109.4300
103.5700 103.8343 102.8120 102.2913 101.6995 101.0047 100.4603 99.9207 99.4166 99.1785 98.7360 98.5680 98.5547 98.3355 99.0826 100.0817 100.7071 101.3601 101.9059 102.1004 104.9239 103.6877 104.7301 105.4383 104.9768 105.2651 106.0883 106.7418 107.3816 108.1647 108.5089 108.4180 112.0198 112.5722 115.6916 114.6434 113.7639 115.1560 116.0035 110.0600
105.2700 104.0900 108.3013 102.1489 102.2486 101.5254 101.1036 100.9214 100.3515 100.2306 100.0129 99.9405 99.6378 100.2042 99.8292 101.1919 101.5768 101.9862 102.5518 103.9586 103.9961 104.4417 104.5876 106.5185 106.4965 106.2802 106.3301 107.7862 107.7228 106.8724 108.0084 108.1892 110.8882 110.1515 111.4742 111.7177 109.2262 110.7473 115.4760 110.3100
104.3600 103.6178 104.2443 105.1263 102.7907 102.5421 101.6917 101.6871 101.3458 101.0859 100.9285 100.9112 101.0413 101.2831 101.0349 101.9011 101.9737 102.5157 102.9304 105.1027 104.2037 104.4794 104.6927 105.8973 105.5467 106.1377 106.7832 107.3303 107.9284 107.9342 108.6180 108.5642 109.4343 104.9945 108.4355 109.6453 106.6929 107.3399 110.5817 110.2900
105.1500 106.8627 105.5636 104.9608 104.3806 104.9357 103.2355 102.0760 102.1419 101.9703 101.8643 101.7956 101.9864 101.7821 102.2920 102.4877 103.9792 104.4113 104.1255 105.1580 104.8369 104.4774 106.1580 106.5519 106.4227 105.9594 107.0999 107.4746 108.1224 108.5836 108.8049 109.0167 109.0307 109.2458 109.9522 109.9856 109.9850 110.2778 110.0990 111.2700
104.2600 108.6855 106.3172 105.8964 104.7680 104.0341 105.1588 104.3664 102.9914 102.5641 102.5091 102.8719 102.5487 102.8039 104.1547 103.7637 104.7466 102.4496 104.6912 105.0095 104.5896 105.0659 105.7242 105.6570 106.1203 106.5485 107.3725 107.9695 108.1584 108.4596 108.5553 109.0065 109.0826 109.3637 109.2463 109.6856 110.0517 110.2301 109.3311 111.2300
106.8200 104.4841 105.0819 106.0012 104.7250 104.3993 105.4960 104.8032 103.8267 104.7580 104.0355 104.6543 104.6002 104.0243 104.4015 105.5756 106.0058 102.5927 105.4919 105.3287 104.9780 105.1498 106.5387 106.0969 106.1524 107.8511 107.9483 108.3329 108.3318 108.5076 108.9786 109.0391 109.3756 109.3278 109.3568 109.5245 109.1438 108.7834 110.3064 110.3500
106.8200 105.8332 106.2612 106.5695 106.0873 105.4960 104.0464 105.3994 105.5588 105.2022 104.9483 104.3979 104.6276 105.1116 104.1083 105.8223 106.5058 105.7327 104.3822 106.5452 106.1580 106.3447 107.4699 107.8507 107.7820 107.0350 110.4691 108.3237 108.3293 108.4333 109.2231 109.3154 109.4575 109.4763 110.2995 110.1260 110.7032 111.8515 112.4457 115.4100
106.0600 106.2379 105.3349 105.4904 107.7203 108.0309 106.2026 105.1577 104.9924 105.0997 105.5585 105.1723 104.7146 104.8778 105.8450 105.7677 105.2711 103.7942 105.7205 105.9330 106.3079 106.9734 105.8429 106.8444 106.5914 107.8249 113.3920 110.5516 108.0597 107.6561 109.1630 108.8398 109.1046 109.7765 107.6778 110.2630 110.7550 112.3595 114.5860 115.9900
106.8400 106.6450 106.4325 105.1363 104.1166 105.7160 106.6741 104.3399 105.2513 104.9906 104.8500 104.4653 105.7861 104.8046 105.5275 105.1399 106.6976 106.6987 106.9444 105.9357 106.7634 106.7608 108.1511 108.3328 107.0689 107.8074 109.2109 111.8671 108.2771 112.7724 109.1340 108.6701 108.9110 112.2016 108.7948 109.6917 111.8782 110.0858 111.4418 112.1400
107.3100 106.5271 106.2797 107.5755 105.9028 111.0293 110.3457 109.7445 105.9002 105.7510 105.8166 105.7869 106.1962 105.4165 107.2825 106.0386 106.3502 106.8033 106.9256 106.2135 106.1302 108.1033 109.8227 108.1520 110.6270 108.1537 108.2615 111.7495 112.6590 106.7681 109.8569 107.7411 109.0549 111.0468 110.3576 108.1492 109.4241 111.8881 110.6263 113.4700
106.9300 107.7612 107.1746 107.0766 107.3728 108.0961 107.1967 109.6738 106.4397 105.9287 107.2399 104.9544 105.9282 105.8697 106.5991 106.4986 106.0440 107.0398 107.0938 107.4596 109.3646 109.6312 112.7858 112.6074 112.2835 108.5424 108.3800 112.7972 113.8946 103.7401 110.3289 108.2221 110.8497 109.0032 108.7803 108.2756 109.3878 110.3685 113.7305 110.5100
108.3900 108.6112 107.5289 107.2628 109.0228 111.4269 108.5111 111.3560 108.3129 106.4271 105.8974 105.6761 107.1319 107.1431 107.0105 107.2466 106.2328 106.6869 107.7200 108.0009 108.1539 110.4785 109.0920 113.9117 113.9926 111.2428 102.4385 110.9212 115.9985 110.4675 112.1322 111.7104 113.7416 111.9697 109.0206 111.6648 112.4003 110.7300 109.5981 109.7900
108.2200 108.1910 107.3359 107.7533 107.1486 112.2395 113.1368 106.8528 107.2626 106.4301 107.2920 107.2466 107.7390 108.0165 106.9667 107.6931 107.2519 107.0710 108.6207 107.6689 108.1578 108.6687 111.2634 113.8880 114.4273 110.8636 110.2632 111.3780 113.0467 113.7946 110.7809 115.1324 113.4253 114.1110 112.6158 110.8514 111.4434 109.0013 108.7082 108.8700
107.7700 104.3809 108.1350 108.9892 107.2377 111.5297 111.7738 106.1851 107.5473 106.6580 108.0878 107.9864 110.6840 108.2072 108.0610 107.5773 108.0107 107.0685 108.9087 108.3839 108.3550 107.9831 109.7968 114.6756 111.4969 114.8259 113.2596 109.6869 110.5323 114.9458 115.7593 115.1620 107.8366 112.6348 109.6023 109.3250 108.5605 110.7063 110.5930 112.1300
109.0100 102.7411 109.4569 108.3547 108.2381 107.8994 108.0745 109.0145 108.9538 107.0281 109.1238 108.3470 110.9048 108.5313 108.4794 109.0208 108.7876 108.3946 109.0365 109.0428 108.5675 108.9960 110.9462 110.2986 107.2489 113.2769 116.5276 113.3380 112.9350 113.3417 115.9090 113.2001 108.5675 111.6579 111.8821 108.6746 109.4852 113.6357 112.5935 112.1300
103.6200 102.5486 104.3733 103.1244 105.8420 108.1737 105.1723 107.4419 109.1699 108.6149 110.6254 109.7647 112.1017 110.4024 108.0379 106.4171 111.3079 109.8847 108.9502 109.4102 109.2086 109.5999 107.5809 110.7614 108.4946 109.1204 114.5248 111.2377 113.3462 117.1747 112.0483 108.4109 111.1125 107.5416 108.0951 109.6249 110.9238 111.6965 112.0635 111.8500
109.5800 106.7871 108.2575 103.5211 103.2327 103.7723 103.0355 104.6670 108.2034 107.7226 108.1792 111.0328 110.9480 111.6726 111.2447 105.1101 106.3040 109.4222 109.2364 109.3879 108.6201 109.8104 107.9720 107.7229 107.9812 108.9764 112.6128 112.3332 113.5241 116.3061 110.4216 108.4277 111.2681 108.9280 114.1485 109.1025 111.1478 111.2433 110.6043 111.8500
106.6300 105.4948 105.8213 104.6751 105.4088 103.9708 103.5974 106.7468 109.2932 108.0413 113.0248 112.5788 109.1100 113.1869 114.4491 109.6768 109.0081 112.0124 113.4265 113.8157 108.5848 109.3659 108.4925 107.5805 108.1003 111.5115 112.2906 108.8224 110.3913 114.4133 110.8268 116.5239 111.1000 111.1127 113.0821 113.7961 115.6972 113.8902 112.2707 112.2100
107.3200 105.7847 106.0613 105.7883 105.5296 105.1636 104.8327 108.5279 108.9349 109.3864 113.2659 114.9134 108.8711 115.3679 109.8097 110.4034 109.5428 112.5497 110.5924 111.2481 111.5300 107.0458 109.2819 107.3892 109.8028 108.8879 111.6828 109.8131 109.0015 113.2258 107.8750 114.6146 109.9384 117.0183 110.2815 113.0696 110.5650 110.0163 113.6978 113.1600
107.0500 106.6415 109.2548 107.1226 106.6224 106.5030 106.6162 106.6096 109.4684 109.5509 113.3246 115.4530 111.0637 115.5836 111.9201 106.4760 111.9300 112.4238 113.5811 110.2271 110.7769 108.6969 109.5070 108.0653 112.4422 108.6668 111.0132 109.9723 109.9280 113.1066 110.3180 111.7230 116.8079 114.8466 110.1112 114.3007 108.9048 109.2706 113.7753 118.1800
107.0500 108.1500 108.1500 107.9200 107.9200 107.2900 107.1600 106.2200 114.9600 109.9200 116.2700 114.1900 111.9600 115.3300 112.0800 107.4200 107.4200 110.1200 107.5900 107.5900 107.5500 107.5500 108.2400 111.7800 109.3300 109.3300 111.4300 111.4300 111.2700 111.9900 110.9000 109.6700 115.8400 118.2000 109.0000 108.7600 109.2900 110.1100 109.3700 112.6700
