114.7600 109.4100 111.0600 110.6000 109.5400 114.7600 114.7600 114.4300 111.8600 110.7100 108.9900 108.9000 112.2900 112.2900 113.5800 108.6100 108.1700 109.4500 106.6700 108.1800 108.1600 108.5600 108.5300 117.3000 112.4900 111.0500 108.3500 109.2900 110.8400 111.4500 112.3200 113.4300 114.4100 114.8700 116.3700 116.3700 119.0600 119.0600 118.9400 118.3200
109.6200 109.5638 110.1262 109.0634 109.0277 110.4688 112.7563 111.6034 112.7142 108.1224 108.9792 108.6787 112.8781 113.4801 115.0647 108.1864 108.3552 106.7056 106.7621 107.7792 108.5837 109.6070 109.6479 109.2608 111.2089 112.3869 108.5804 112.1972 110.5024 111.0229 111.7723 112.3054 113.0431 113.9644 115.3028 116.2485 116.6339 115.9319 118.8755 118.6600
109.2000 109.0756 109.1029 109.4104 109.6241 113.6687 112.7267 112.7311 113.4643 109.5906 111.3609 108.3569 111.3551 110.0749 108.8340 107.5397 107.1317 106.6927 106.7544 107.1533 107.9217 107.5627 108.2925 109.3849 108.4962 110.0462 109.3237 108.0486 109.3339 109.8450 110.3734 111.3319 112.0077 112.9469 114.0558 114.8788 116.1720 115.4690 117.4680 118.0200
109.4000 109.2208 109.3512 109.5335 108.1852 109.8401 112.7087 114.6824 114.2993 108.5104 107.2929 107.4270 107.6594 110.0836 112.4764 107.9328 106.7366 106.6217 106.6787 106.6497 107.2597 106.8601 106.3953 107.8795 108.3192 109.8133 108.9447 107.5205 108.1252 109.5668 110.1749 109.7558 110.9578 111.7539 112.7031 113.6415 114.6741 116.1851 117.1714 118.1300
109.3800 109.2454 109.4543 109.2830 108.3117 108.1611 108.7434 109.2922 108.5764 107.9027 108.2663 108.7502 107.6722 110.6700 107.8564 106.6894 106.7689 107.2038 107.1059 106.5824 106.9486 107.7326 106.8363 105.8919 111.8485 109.1697 106.1669 107.8361 107.3908 110.9234 113.9520 109.9450 109.3534 110.4275 111.4124 112.2420 113.6670 114.6466 115.5945 116.3100
108.9500 110.1690 109.1375 109.3514 107.8391 107.5186 108.1004 107.8419 107.8427 107.3843 108.3964 107.1978 106.3923 107.0618 108.1512 107.0772 107.0506 107.5252 107.3321 105.9850 107.0102 110.0364 112.2663 107.3535 112.2196 108.6483 107.0313 106.4850 105.8516 109.2972 112.7789 112.0236 107.4207 112.2133 109.5121 111.2505 113.8734 113.3484 114.6047 116.3100
109.2500 114.6064 108.8671 108.9779 108.4936 107.3219 107.3187 107.0428 107.8625 107.5739 106.5996 107.0656 107.4124 107.5297 106.6640 106.3687 106.0239 106.3003 106.3826 105.8709 107.3511 106.5142 108.8316 108.8290 112.7322 106.5337 106.7127 106.8656 106.5665 106.4843 108.5947 112.3985 114.2879 113.6037 113.1120 117.6967 114.8792 112.2856 113.5040 115.0000
109.2500 111.7400 109.2947 108.9189 109.0024 108.0513 106.8656 107.4019 107.6551 107.6096 106.4719 106.3084 106.8180 106.5356 107.1844 107.5159 105.7780 105.9980 106.2459 106.2802 107.2881 107.2899 104.8605 107.7057 108.7759 106.2364 106.5501 106.5959 106.2316 106.4908 113.3578 111.1478 114.6062 112.9832 112.8601 112.1668 113.1560 111.1799 112.2745 112.5200
109.0300 108.8399 108.0152 108.6353 107.6598 107.3355 107.0833 106.3225 106.1213 106.1679 106.8524 106.4643 106.9874 105.8680 106.4582 106.6944 105.5741 106.3903 106.0844 105.6010 105.5644 104.9353 105.0161 106.1541 106.1649 106.0852 106.9873 106.7442 105.4959 113.0991 110.2520 107.4095 111.6297 111.9200 113.8770 110.5102 110.3836 110.4680 111.3192 112.5200
109.0800 108.8205 108.4142 108.4997 108.0749 107.8665 107.5145 106.2024 106.9040 105.8921 106.1383 106.9588 105.7579 104.9084 105.8010 106.0723 105.9728 106.0948 106.1344 105.0187 104.6526 104.3101 103.9108 105.3054 106.3030 106.7244 106.6959 106.8361 108.0402 113.3605 105.5126 105.8161 106.5205 110.3740 111.9133 110.5351 107.7457 110.6370 110.3619 111.0400
110.0100 108.0511 108.4239 108.2689 107.8733 107.2653 106.3225 107.1998 107.4633 105.5946 105.7205 106.5937 104.8817 104.5795 106.1216 105.8291 105.6718 105.0845 105.1714 105.3559 106.9883 106.8862 104.7483 106.2811 105.9941 105.8969 106.0294 106.5986 111.2208 109.9669 106.0226 105.3249 106.2716 109.7441 110.0774 108.8117 108.1735 110.2617 109.4539 110.8200
113.9100 109.4711 106.8873 108.0978 107.7450 107.6091 106.4223 105.5612 107.1560 105.3659 105.5587 106.1401 104.4173 105.4063 104.6946 105.1196 104.5133 104.6936 104.2197 105.1664 105.5459 109.6609 105.4422 105.3534 105.4039 104.3080 105.3316 105.0695 105.8554 105.6747 106.5004 106.3165 106.8188 111.9908 107.4844 108.2454 107.8431 108.2698 109.1792 109.7500
107.6600 111.3598 105.4706 106.4742 106.2726 106.8212 105.4876 106.0423 105.1949 105.1650 105.7393 105.7972 105.2490 105.3553 103.4714 104.5113 103.1568 103.1987 102.9530 103.0491 103.2301 103.9328 105.3162 104.4274 105.0791 105.3874 106.4214 104.4345 105.4490 105.4388 106.8898 107.2712 107.9821 107.3211 108.2060 108.1757 107.9265 107.8868 107.8138 108.1600
107.1700 106.9332 106.8411 106.3732 106.1381 105.8073 106.5081 105.5340 104.6022 105.3688 105.1333 105.0340 104.1508 104.1659 102.6832 102.5597 102.3094 102.1434 102.2980 102.0794 102.0422 102.1647 102.7979 104.7850 104.8023 104.7479 104.6145 105.6259 105.3027 104.9212 105.6217 106.1876 106.5429 107.5296 107.5741 108.0962 108.3873 109.2784 106.4754 107.1400
106.4700 107.6030 105.5067 106.0105 106.1778 105.6153 105.9259 105.5135 106.0615 105.1998 103.1167 102.8401 102.1938 102.0120 100.9736 101.8110 101.5602 101.4789 101.4716 100.9760 101.3744 101.6533 102.0133 102.2610 102.3489 103.5172 105.4419 106.9475 104.2660 105.7321 105.3342 105.7261 106.0565 107.1222 107.0142 107.6566 108.9345 109.9703 107.1423 106.7600
108.3900 108.5294 106.0193 105.8265 106.3485 105.5022 106.6705 103.9973 104.4354 103.9122 102.8464 102.2473 101.5340 101.0539 100.4440 100.4520 100.5235 100.6529 100.5375 100.4390 100.3732 100.7102 101.3837 101.6277 101.9860 102.6769 104.3059 104.0800 103.5704 105.9154 105.0061 106.4043 106.7133 107.1442 107.1896 107.0604 109.1536 111.8860 108.9130 108.6300
106.6700 106.7609 105.9181 106.8851 105.8356 106.1431 105.4925 104.8969 103.5297 102.5794 102.0976 101.2714 100.7581 100.1351 99.8108 99.6419 99.3198 99.4023 99.4019 99.3596 98.9951 99.6378 100.5687 101.0327 101.6103 101.9084 103.0697 104.3234 104.1652 104.5371 105.4170 106.8379 105.5726 105.4799 109.0828 110.3009 109.4929 110.4495 107.2964 107.7600
106.7100 106.0285 105.7241 106.3358 105.9693 105.7521 105.9759 104.2115 103.0799 102.3817 101.5263 100.7459 99.9916 99.2383 98.6884 97.5518 97.3406 97.6533 97.6786 97.7525 97.7369 98.3470 99.5911 100.2802 100.7182 101.2667 102.0984 102.2949 104.9965 104.3257 104.7725 106.6717 105.6854 104.1247 108.5622 108.0404 106.8995 108.2668 106.9579 108.5600
106.1900 106.1173 105.6684 106.6616 106.4530 105.8202 105.8534 102.9122 102.4071 101.8919 101.0392 99.7331 98.5650 97.2403 97.7601 96.7701 96.1844 95.6562 95.5432 95.6867 96.7584 97.4458 98.3685 99.2195 99.9578 100.8567 101.8180 102.3075 103.9433 103.6777 104.8890 104.6756 105.2245 105.8681 106.8429 106.3464 107.4234 108.3356 107.5018 107.7600
106.6200 107.1537 105.7918 105.3534 106.7496 104.5939 104.1801 102.6001 101.9429 101.3971 100.3403 99.2303 98.6295 96.3555 95.6541 95.0411 93.6722 93.8318 93.4886 92.8428 94.6878 95.3296 97.0036 98.1106 98.8071 100.2188 101.1169 102.1522 102.8281 103.7652 105.0073 103.9219 105.9418 106.2787 107.3800 107.3156 107.2288 107.0531 112.9874 112.1000
112.1400 105.4961 106.6063 105.8026 105.4376 105.4897 104.0998 102.4279 101.6048 100.7544 99.8226 98.8462 97.5084 95.3955 94.7310 92.1254 90.2527 90.1941 89.7833 90.2048 91.5064 93.3068 96.6040 97.8444 98.8894 99.2570 100.5161 101.5701 102.0098 104.4736 105.4138 104.2586 105.9486 106.5852 107.2317 107.4308 107.7183 106.1298 112.2156 112.4300
105.2200 105.2765 106.6378 107.3583 105.6127 104.9079 103.0532 101.9727 101.4222 100.2509 99.2159 98.1211 95.4987 94.3192 92.3468 89.9407 87.7668 85.5538 85.1852 86.3905 88.5440 91.0958 94.2547 96.9868 98.0689 99.3883 100.6766 101.1209 101.8784 102.6023 103.3903 105.0759 106.4092 106.7119 108.6975 105.4438 105.5425 111.4153 112.4136 113.5200
107.0500 107.2391 106.4144 104.3145 105.5470 104.1648 102.6244 101.9649 101.0256 99.9572 98.3440 97.4904 94.7713 92.2321 90.2534 87.2471 85.7925 79.7270 79.8244 82.6521 85.6108 89.4113 92.6950 95.1059 97.0110 98.8915 100.1265 100.8749 102.0694 102.8006 103.4590 104.0797 105.5032 104.8745 105.2655 105.6991 108.2461 107.7035 107.1572 108.4000
107.4500 106.4140 106.2117 104.4536 105.2434 103.8318 102.5490 101.6331 100.5174 98.7916 98.3279 96.8397 94.7674 91.6557 87.8693 83.4154 80.1985 70.3018 71.6844 77.6581 82.9459 87.8476 91.4239 94.4765 96.9005 98.0548 99.6968 100.5703 101.9456 102.7878 103.2731 105.4182 104.8901 106.4788 106.4073 106.7478 107.3236 109.5560 110.7696 111.0700
106.3500 105.5369 106.4738 104.7368 105.6881 104.6291 102.2323 101.7683 100.2279 98.7407 97.9396 97.1028 93.8210 91.5927 87.1033 82.0715 70.8258 61.3876 63.1931 73.7735 82.2175 86.1582 90.5925 94.2688 97.1438 97.9107 99.7167 100.8177 101.9529 102.4858 103.6123 104.9921 105.5597 105.6595 107.1171 105.3313 106.9547 106.4483 107.5692 108.4400
107.4400 107.3138 106.2484 105.1563 104.7566 103.9206 101.8975 101.6595 100.2016 99.1826 98.2656 97.8151 94.1437 90.9793 87.0873 82.2927 75.8387 66.3164 66.7254 74.1422 81.3382 86.7950 90.1890 94.8051 97.2517 98.4011 99.6796 100.6539 101.9081 102.7366 103.6361 105.4354 105.7937 106.4371 106.9982 106.7743 107.4186 106.9279 108.2751 107.1900
106.6800 106.3881 105.4428 105.8257 104.5434 103.7386 102.4995 101.8795 100.6444 99.5835 98.4530 97.6123 94.8129 91.6230 89.5906 85.2868 82.3432 75.3685 74.9217 78.5817 83.9666 88.3895 93.4797 94.9664 97.3645 98.5064 99.4829 100.5455 101.8609 102.8877 103.8772 105.8039 104.9635 105.1762 107.4776 107.4678 106.4757 107.1534 107.9929 107.6500
106.6700 106.7947 106.5363 105.5118 105.7403 105.1321 102.8365 101.6618 101.0734 100.1482 98.9295 97.6597 95.7745 93.0759 91.0719 88.9213 85.2004 83.4427 83.5295 85.1747 87.7329 90.5929 93.9386 95.3793 96.8877 98.7008 100.1479 100.9806 102.1819 102.7470 104.1668 106.0661 104.1958 106.4743 106.7321 107.4601 106.9731 107.1976 107.2735 106.7800
107.1400 106.7965 105.7146 106.3019 104.7989 105.6484 102.4495 101.8747 101.5776 100.4200 99.7256 98.5200 97.0969 95.0075 93.2616 91.6359 89.2302 86.7875 86.7863 89.0145 90.7033 92.5090 94.5442 96.8757 98.1179 99.1838 100.6556 101.2458 102.5032 103.0729 104.0055 105.1282 105.7526 106.9402 105.9476 107.1770 107.5025 106.9360 107.2640 106.8000
107.9300 106.5931 105.4942 105.9745 105.7840 104.9025 102.9934 102.4774 101.8575 101.1662 100.4296 99.2631 98.0085 97.4775 96.1787 94.6875 93.0367 91.3014 91.4073 92.3268 93.4877 94.7149 96.1630 97.5737 98.4230 99.7406 101.1499 101.7083 102.4360 103.4327 103.8588 106.4918 106.6328 105.9647 105.7186 107.0660 107.6676 107.9486 107.0106 108.0100
108.0900 106.6457 105.5573 105.4063 107.0319 107.4914 103.7510 103.2977 101.8912 101.5850 100.8255 100.0450 98.7032 97.9681 98.1320 96.3179 95.1618 94.6574 94.9210 95.0547 95.6153 96.6394 97.9067 99.0026 99.6948 100.2859 101.7996 102.0311 102.7793 103.5618 104.3196 105.3193 106.6363 106.6241 107.0091 107.1052 107.7756 107.8491 107.2214 107.3400
107.9900 106.8269 107.4530 105.5097 105.1194 104.9095 105.2666 103.1707 102.9245 101.6312 101.1542 100.5476 99.6446 99.1870 99.3991 97.2856 96.9195 97.0520 96.9473 96.6336 97.4504 98.4353 99.5075 100.1441 100.7797 101.2511 101.8060 102.5963 103.2488 103.7085 105.5513 104.6273 106.3489 107.1423 105.7769 107.2785 107.0613 108.3704 107.8984 107.7900
107.3500 107.5786 106.7122 107.4230 106.7646 104.9171 105.9434 103.5499 103.3990 102.6332 102.0100 101.1194 100.5316 100.5042 100.2887 99.0061 98.8705 98.3660 98.3581 98.5611 99.1290 99.8231 100.2853 100.8321 101.2816 101.6649 102.3349 103.0645 104.2818 104.9388 106.6574 106.1433 106.3093 107.1178 106.6840 106.7074 108.1715 108.4616 108.2680 108.5300
107.3500 105.7413 107.2266 107.2524 105.6297 106.3152 106.1557 104.3279 103.4551 103.0638 102.5159 102.1738 101.5609 101.1963 100.5048 100.1243 99.8778 99.9847 100.0402 99.9903 100.3376 100.6018 101.1253 101.6006 101.7330 102.3067 102.8885 105.1279 104.5061 105.5939 106.1961 105.8473 106.8287 106.4541 106.9307 106.7714 107.2357 108.2658 106.9464 108.6500
107.2400 106.7579 107.7801 107.0382 106.5118 107.0052 106.2892 104.6493 104.8679 103.9345 102.9443 102.4264 102.1523 101.6694 101.7737 101.2913 100.9897 101.1292 101.1525 101.1418 101.3034 101.6312 101.9284 102.3077 102.6713 103.0327 103.6332 104.5657 104.2135 107.7456 105.9250 105.2111 107.1072 107.5340 107.4991 107.5075 107.2439 108.3860 107.9788 108.6500
107.2400 107.6046 107.5721 107.7380 107.6970 107.0272 106.1035 105.7367 105.7333 104.8705 105.0119 103.2545 102.8292 102.4662 102.6098 102.1326 102.1279 101.9301 101.9246 101.9857 102.1365 102.3986 102.4684 102.7335 103.1869 104.0589 104.5279 103.9768 103.7489 109.5957 109.7097 104.5120 107.2218 107.1730 106.7625 107.5456 107.4552 108.4278 108.9201 108.8900
111.5600 107.2822 107.7577 107.3135 107.2098 106.2301 106.6756 106.8052 106.3067 105.1559 106.0856 104.8655 103.6241 103.0563 102.9971 102.6603 102.7130 102.7276 102.6892 102.5026 102.8952 103.1369 103.0403 103.2586 104.1827 105.3619 106.0270 105.0479 104.8887 108.1086 111.0138 108.5625 107.9119 107.2972 106.6105 106.4391 111.3169 108.0626 108.7330 108.7300
108.8400 108.5628 107.7870 107.6398 108.1964 106.6990 107.1714 107.1843 106.5550 106.0577 105.2072 104.8934 105.6429 103.8696 103.6529 103.3850 103.3586 103.3318 103.3525 103.4239 103.3399 103.5087 104.4601 105.1709 105.2863 106.1126 105.6438 106.4042 106.2306 107.4744 107.0674 108.7166 106.8180 107.0506 106.5995 107.4954 110.8832 112.2871 108.6082 108.9200
108.9200 107.9544 108.0898 107.5410 107.2357 107.2841 107.6468 107.5523 106.9304 106.8982 105.8833 105.5465 106.4029 104.7526 104.8194 104.1078 104.0791 104.0103 103.9913 104.1994 105.0811 106.2900 106.3526 106.7359 106.2454 105.5385 105.1382 106.6898 107.0274 107.7483 106.6794 107.4577 105.7845 107.6902 113.0369 109.3132 111.8043 112.5687 109.2949 108.5300
108.9900 108.9900 108.0200 107.9000 107.2600 107.0900 107.2800 107.2800 106.6300 106.6300 106.0600 106.0600 106.8500 105.4700 106.7000 104.2400 104.8100 105.2200 105.2200 105.2400 106.1300 104.6700 106.6800 107.0100 105.3200 105.2400 105.6400 106.3600 106.8100 112.6100 106.9000 106.4300 105.7400 109.8100 114.1400 113.8500 108.6000 114.4900 113.8100 107.3900
