86.2800 82.1800 82.3900 80.8800 88.2000 88.2000 93.6700 95.0700 97.3300 98.9800 99.9800 101.1300 102.0900 102.7100 105.0000 105.2500 105.1600 104.8500 104.9100 106.0700 106.4800 106.4000 107.5000 110.0400 111.4500 119.0200 117.8600 120.5300 119.3300 119.7800 119.2900 118.0800 116.4700 115.8600 114.6900 114.1100 111.0300 110.9400 110.3900 111.8000
85.3000 76.9309 72.7758 78.4205 82.9882 87.1701 92.1555 94.3270 97.3690 98.1134 99.4359 100.5157 102.2122 102.5502 104.3425 105.2443 105.2178 105.0328 104.5522 106.1166 106.1201 106.2486 107.8628 109.5919 111.3910 117.0507 117.5660 119.7767 119.3032 119.9225 119.7717 118.3708 117.1751 115.8071 114.8559 114.1395 111.5040 112.2196 112.0559 111.8300
79.8800 67.7712 64.8523 70.1365 80.8078 85.3626 89.8115 94.7615 96.1108 97.8849 99.0722 100.2474 101.8635 102.9728 103.2651 104.9268 105.5139 105.1293 105.2714 104.6476 107.3312 107.1626 108.5164 109.6570 111.2670 116.5126 118.9412 119.1653 120.8173 121.0202 120.2261 118.7983 117.3302 115.9863 114.8964 113.9936 113.3648 112.9813 112.8740 111.6900
68.6100 64.7586 61.3220 67.2243 82.4220 84.4632 89.7718 93.0579 95.6659 98.2144 99.5681 100.4283 102.9103 103.8378 104.5147 105.2899 106.8128 105.1833 104.9228 104.6653 108.0355 115.5018 115.7953 109.7521 111.3936 113.3276 115.7765 118.0253 120.4684 120.7880 119.8332 118.2574 117.2172 115.8339 114.8821 114.0403 113.3805 112.8109 112.9699 111.8800
78.1600 70.7104 68.3234 72.4208 83.6446 85.5846 90.1956 92.8903 95.9495 98.3290 99.6569 100.5147 101.9383 103.8958 103.9439 105.0250 106.3662 105.2553 105.2024 105.1250 106.9889 111.2851 113.5764 111.5547 112.2474 113.8900 116.4742 118.9082 120.7235 120.9574 120.1930 118.2588 117.2225 115.8345 114.8719 114.0254 113.3484 112.7144 112.1888 111.8800
80.6300 82.1621 79.3096 80.5215 84.0914 87.7102 91.2435 95.5431 97.5970 98.8654 99.8320 100.8131 102.5731 103.8981 102.8570 103.7158 104.5356 104.4921 105.9829 105.4940 106.9142 107.0460 108.7032 111.9759 114.2558 113.5733 115.9473 118.6915 120.4422 120.2041 120.9338 118.4848 117.2596 115.8387 114.8354 113.9798 113.2679 112.6653 112.2146 111.8800
91.1900 88.4256 86.9797 87.4314 88.6353 90.2360 93.0125 96.7381 98.4567 99.4391 100.3394 101.1160 102.6393 103.2961 103.9081 104.5081 105.5605 106.9866 107.2624 105.5769 109.6842 109.7993 110.5196 109.2879 110.9894 113.4313 115.2093 117.0181 118.0699 118.8479 119.2786 118.2820 116.8399 115.7909 114.7507 113.9221 113.2158 112.6484 112.1593 111.7900
92.4200 89.7541 88.1835 90.5444 93.2160 92.7295 95.4208 97.5963 98.7058 99.9220 100.9457 101.4869 102.8241 110.7136 104.2778 105.7387 105.0633 106.7910 107.2998 105.8993 108.2549 107.2200 111.8102 112.3251 112.4437 113.7254 115.5577 116.5967 117.5818 119.6143 119.0971 115.3716 117.0336 115.5967 114.5959 113.8701 113.1879 112.6507 112.1439 111.7900
94.0300 93.0113 92.1840 94.0741 95.2907 95.8263 97.1063 98.4789 99.3848 100.3724 101.1256 101.8622 102.4694 100.3932 104.3018 105.7940 104.7839 106.3856 106.7768 106.3549 107.4790 110.1617 113.8719 113.9887 116.5031 113.8259 115.5730 117.5066 118.2774 116.1960 113.1938 111.9523 113.9515 112.8020 114.6082 113.7766 113.1706 112.6271 112.1693 111.9300
97.1400 96.1395 95.8650 96.6053 97.0320 98.1412 98.2300 99.4813 100.1858 101.1040 101.5350 102.2073 104.8123 105.4956 105.5672 105.5584 104.9744 106.7547 106.9870 107.1838 107.8522 108.2824 109.3411 111.2842 113.5999 114.6076 116.3106 117.7574 119.1734 114.8331 111.1475 110.9724 113.4657 112.1523 114.5221 113.6484 113.0958 112.6307 112.2257 111.9400
98.5700 98.3691 98.4057 98.2594 98.6632 98.9578 99.3285 100.4892 100.9843 101.5161 102.2693 103.0661 104.4541 104.6559 104.5486 106.1541 105.3273 106.5282 106.8889 107.2434 107.7005 107.5687 107.9991 112.4111 111.2583 114.2183 115.5919 118.2974 115.7758 115.2239 113.6537 116.2092 108.3682 112.5325 114.4030 113.5550 112.9951 112.5319 112.1438 111.9000
99.7900 99.6176 99.4156 99.5200 99.9208 100.2581 100.5479 101.3522 101.6919 101.9888 104.4120 104.3412 104.9775 104.7167 105.6467 106.6208 106.0334 107.1729 107.2129 107.6804 108.0486 108.1492 108.3539 108.4928 112.5221 113.5149 114.8223 113.9898 112.6268 115.8401 114.3691 113.4574 112.8483 112.3846 111.5571 113.5202 112.8659 112.4560 112.0466 111.8900
100.5900 100.6525 100.6407 100.8552 100.9680 101.1409 101.4186 101.9521 102.3220 102.8591 103.4044 103.9248 103.6110 106.0344 103.9392 106.5591 106.9560 107.1755 106.0893 107.1050 106.9168 108.1238 108.6653 109.0849 107.1712 113.7736 115.2083 113.5599 114.3619 113.8001 116.7562 115.6722 112.6783 111.7087 111.2680 113.5361 112.6315 112.0584 111.7567 111.6300
101.3600 101.4826 101.5115 101.6968 101.9269 101.9873 101.6749 102.4810 103.1731 104.8518 104.7204 104.7104 104.8602 105.5797 105.5315 112.1577 108.2507 106.9261 106.7504 107.8586 107.2597 108.4190 108.2933 108.7382 109.2199 115.0571 114.8999 111.5129 115.8076 115.7803 117.0175 112.9851 111.3545 112.3320 110.5924 113.9224 112.9023 112.0390 112.7950 112.8300
102.1600 103.0452 102.8988 102.9065 102.3731 102.6652 107.5421 104.1412 103.9606 104.0792 101.2603 101.2982 106.6826 105.2653 108.3099 108.5496 106.9067 106.7799 106.4894 106.8283 108.9534 107.7624 108.9044 107.7955 108.3546 111.2915 113.5741 114.0915 114.3833 114.3591 111.6864 111.1252 108.8491 114.6454 112.7058 113.5839 112.5901 115.1618 113.8074 111.3200
104.9800 105.4252 105.0828 103.7513 104.9004 104.0667 106.0854 105.3058 103.9235 105.1281 103.6552 105.2950 106.5452 104.7505 109.3030 104.9377 106.9305 106.7869 107.1640 110.1538 113.8441 107.7914 109.0115 108.8611 109.3561 108.9459 111.8073 112.2258 115.0636 111.4701 113.1385 111.2361 110.8054 110.0850 112.5908 112.8589 112.9171 111.2897 110.9913 112.3900
100.1000 105.1571 103.8402 104.0420 105.6450 105.8902 105.4024 109.3029 104.8605 106.0926 105.5416 106.4478 105.5518 106.4539 106.5625 106.3637 107.5883 108.0886 107.8886 109.7136 112.3293 112.0884 108.9280 108.3230 108.9615 109.0486 114.0548 111.5356 115.0057 115.0474 113.4614 109.8835 108.2338 110.0701 111.4410 113.0203 116.1658 113.2134 109.1660 109.9900
106.1700 105.1246 105.2204 105.0849 105.7816 109.4866 105.1229 106.3533 105.1914 105.8193 105.7760 106.8683 105.9803 106.5422 107.0704 107.7405 108.2471 107.6736 107.7115 107.3432 111.7454 112.6283 112.3612 108.4002 107.5313 112.2437 112.0826 109.4898 113.6968 111.5486 109.6791 111.3332 109.9659 112.1583 110.6670 112.6451 114.5780 115.6249 113.4812 117.8600
106.5800 106.3325 106.0035 104.7896 105.5193 106.3884 105.2796 104.5603 107.3997 107.6542 106.4238 106.9260 107.3825 107.4330 107.1201 108.2424 108.3342 108.0017 107.7875 110.4822 114.1141 108.6294 107.5801 111.4739 112.2674 115.7584 114.1984 106.0013 110.6806 109.1471 109.2323 111.0290 111.9385 108.4583 108.9679 111.0516 115.0492 114.3885 113.2320 113.1000
106.9200 106.3192 105.7414 105.8653 106.0540 105.7880 107.3069 105.5471 106.6943 106.3289 105.6959 106.6349 109.7525 107.2394 107.7731 108.2009 108.0268 108.4964 111.1982 113.8753 109.4747 114.7774 111.7161 109.8410 113.0573 116.1737 116.5721 114.7402 110.2937 111.7399 109.0506 109.1224 110.8927 111.4841 114.5942 114.5331 109.9358 115.4527 112.9192 112.4100
106.1200 105.8262 106.0451 106.6762 109.7576 108.1556 105.9981 108.1736 108.1445 105.5945 106.4149 108.9706 108.5444 107.9797 107.1486 108.8252 108.0175 107.4150 110.0230 109.3296 115.7984 108.8813 114.7376 109.0344 115.2875 114.4931 115.7528 115.0642 110.0184 109.0324 108.5478 109.0668 109.3277 117.1869 115.4860 120.8908 118.2275 123.0370 109.2989 109.6600
106.0300 106.4263 106.3902 110.8164 112.1773 110.4683 109.6258 109.7559 109.8533 107.8249 108.6735 112.7022 114.0673 109.9967 107.6072 108.1824 107.7683 107.8174 107.2198 108.7938 113.6142 113.4005 116.2726 109.3965 110.0068 107.5884 111.0019 111.1544 108.8028 110.3557 112.0014 111.2569 112.6107 115.7054 115.5571 112.9185 118.1001 120.9322 109.5729 111.3100
111.4200 111.2856 111.1104 110.3012 111.0602 114.9927 108.6489 110.3764 115.3452 107.6069 112.9490 108.7865 113.9109 107.3763 108.2278 107.8596 107.7758 108.5270 108.8331 112.8896 110.3998 112.5636 115.6013 111.8379 111.4813 112.4793 114.7701 107.4288 109.3659 108.6004 108.8668 115.9980 114.0113 111.4753 112.7716 114.6782 114.7084 118.9100 109.2148 110.0500
107.7700 109.2804 107.9604 110.9719 110.6805 114.5018 112.9291 110.7467 111.7660 113.5815 112.6707 108.5383 113.0488 110.5762 111.2721 109.5252 108.0049 107.7081 109.5972 109.3640 111.6158 115.6912 109.3467 113.1868 115.2664 110.0669 110.5452 109.2811 111.2866 111.4021 112.3882 113.1080 113.4061 117.8836 118.2765 119.6465 115.2583 117.3997 110.8116 109.4600
107.7700 113.5362 107.8292 110.2667 112.7944 108.5673 109.7372 107.2182 114.0656 112.2848 113.4755 112.0938 112.8924 110.5429 111.0751 113.7979 105.7050 105.4763 109.9303 108.1447 114.5556 115.1966 112.6250 110.9566 115.6738 110.6379 109.4751 110.0078 109.3571 110.7052 112.6442 116.1923 112.7848 121.3889 117.1594 112.6285 109.2536 117.2265 111.1016 110.1100
112.4500 110.2645 108.3504 112.4868 109.1804 109.8857 106.3320 107.2265 114.5334 109.5637 107.7899 116.2414 114.9390 109.7756 110.4178 110.8238 109.5965 109.7927 107.7281 111.5619 114.7409 114.1698 115.4288 112.1250 115.3291 114.3040 111.6071 110.3169 111.5188 110.2784 109.4023 113.4075 112.3423 117.8546 109.1959 109.8366 109.0331 109.1687 111.0578 110.1100
105.5500 109.5774 113.7042 112.8700 109.3219 111.4087 108.9976 110.7832 110.6392 112.5919 113.0814 114.8936 113.1051 114.4391 112.1993 112.5591 115.4157 106.7050 107.4025 109.7722 116.4339 113.6793 112.6007 116.1196 113.2048 112.1977 109.9378 108.3480 112.1819 112.7621 110.2940 110.9156 110.3762 118.0050 118.4429 110.1988 110.2328 116.2424 111.4531 110.2300
111.1300 112.0538 111.2112 111.5783 112.7640 110.9728 109.7427 110.0217 111.7014 114.6448 116.4019 115.6461 117.6502 114.1694 108.4413 113.3957 113.8258 109.2010 109.8057 109.1306 108.9801 113.5565 114.6456 115.0288 114.3779 112.0418 110.1464 109.7634 114.1201 110.1664 109.5437 110.7867 112.1744 115.2413 119.1278 120.7514 109.4004 113.9030 112.8684 114.0800
114.5100 107.1430 109.3401 112.3408 107.6430 106.0104 108.5996 111.1168 109.5039 115.5108 113.5567 115.3848 116.4416 114.9420 109.8130 112.2868 110.5984 111.8231 115.7642 111.4675 111.1316 114.5198 116.7899 115.1892 111.1918 112.4690 110.4864 111.0584 112.2284 113.3213 109.2944 110.5934 110.1405 119.5052 113.5773 111.2072 109.6422 112.3491 111.8483 111.1100
112.2700 111.1725 105.6287 110.9261 110.4768 107.4097 109.0928 112.1096 109.7257 114.7272 112.1836 114.4304 114.3656 111.9750 112.9923 112.2342 113.3244 115.0221 115.2687 114.8008 109.7043 111.7303 115.4159 111.8935 108.6961 111.8480 118.2343 112.6506 115.7367 122.0224 115.9451 110.1265 110.2154 110.0290 110.1906 109.7635 110.6136 110.7744 113.2853 110.7900
104.1600 104.1943 110.8123 112.2200 112.1043 107.3335 110.3933 109.3688 111.6013 116.6690 113.2093 110.0552 110.6266 111.1964 112.9252 112.9411 110.9146 111.5452 115.0302 117.0697 112.8333 114.2941 113.5257 112.3091 112.2320 108.7481 119.5853 109.9457 110.6494 117.2109 113.6373 109.2929 109.9804 109.9624 110.3232 110.1382 110.1275 109.7489 110.6286 110.4900
112.8500 113.5198 112.3070 113.0281 112.0911 110.8713 110.7057 110.7318 110.6827 116.7773 108.3199 110.1952 111.7812 110.7331 112.4584 116.4683 109.8776 113.7367 114.7454 111.6661 109.7204 110.9440 116.4058 115.2777 117.6007 109.5866 109.6730 109.2793 113.6268 122.8349 117.7509 116.9026 111.4171 110.4886 111.2249 111.6088 113.5680 109.9974 111.4246 110.8800
112.1100 112.3152 112.7937 112.5046 111.1060 112.1975 111.3610 112.1994 114.6820 113.5256 119.9016 112.1814 110.7267 113.7121 116.5120 113.9933 110.5655 115.4051 111.5229 112.8307 117.3709 119.8163 116.7235 118.4276 111.7263 109.4657 111.4469 109.5467 110.6848 106.8690 114.9235 117.5050 108.5687 110.2939 112.9086 113.5397 112.8683 113.2160 115.4293 113.4300
113.0300 113.1532 114.9225 109.3834 111.8405 111.8337 113.0316 114.0561 115.5673 112.2175 116.4249 111.2945 115.9723 112.2246 114.2155 112.0774 110.6975 110.5307 115.4641 118.8051 115.3439 109.2041 114.7752 118.4821 113.1445 110.2214 112.0045 109.1574 110.3510 109.8639 111.2249 118.0145 111.9598 109.7477 111.8776 112.7181 113.1047 114.1233 115.2819 114.1400
114.5500 114.7483 115.9524 113.0296 114.3192 113.7046 113.2805 113.9420 113.2930 115.5024 118.6830 111.1815 113.0647 110.7469 115.5605 114.9480 112.3576 111.0403 116.9017 115.0091 113.0154 114.9953 120.4570 113.6534 115.7516 110.7642 110.7203 109.9159 109.4714 109.9712 113.2465 108.8477 112.6831 109.3733 110.9163 111.8805 112.1400 112.1770 113.9464 113.4900
116.1300 114.9824 115.7777 115.4777 117.6973 114.5248 114.3653 114.8439 113.6576 114.8328 116.8758 108.6954 109.6582 113.8552 113.0826 118.9024 114.1471 115.6742 115.3457 111.3257 115.2297 115.1347 110.4627 110.6801 109.2808 109.9406 109.8424 109.2621 111.3050 115.8868 111.1075 110.3133 118.5848 109.4980 110.2271 110.5629 109.7924 111.8246 112.8029 112.4600
116.1300 116.1107 117.2826 115.3934 118.4494 115.3574 118.3120 117.3751 112.7570 111.2193 113.7837 108.9460 108.7266 110.6136 111.0571 115.0700 111.9077 115.3640 116.3406 112.1082 115.7336 116.5887 111.9358 110.0740 109.1089 113.4080 114.8320 115.9449 111.8994 113.2143 112.2222 115.4570 110.1780 114.6849 117.8324 118.7677 116.8279 110.7596 110.4428 111.6000
118.3300 118.1141 117.6735 116.6126 116.7783 116.7810 118.3266 117.2715 117.2563 110.6447 111.3658 116.5882 108.4445 114.2705 115.6612 111.8422 113.9960 115.5622 115.2465 116.3777 116.9720 119.5648 121.2396 116.8721 116.3890 117.1010 118.7606 113.8693 110.7354 110.2035 119.7292 119.3106 117.9011 121.8244 120.1602 113.8533 122.2838 113.7259 111.2218 118.1800
120.6200 120.6716 114.7878 113.8303 117.7573 118.8748 117.7812 117.7890 118.8963 113.4892 113.2085 113.2212 108.5495 115.7182 116.2917 116.3834 118.6349 119.5224 119.2974 115.4562 117.2665 119.6825 123.6089 122.7184 117.3632 113.1262 116.1769 114.4093 118.6238 118.7485 113.7001 117.5783 121.2288 122.7138 111.5073 119.6639 111.6658 112.0462 114.0969 118.4600
120.6200 120.2700 113.7700 111.0300 111.9500 120.8500 117.0700 117.4600 119.4300 114.1100 116.3100 113.8700 113.8700 115.2000 116.7300 117.1500 119.7300 119.7400 116.1300 109.8400 110.7200 115.8200 121.5000 111.3800 119.9500 117.3900 118.4800 118.9700 113.3200 120.3200 120.3200 121.1300 121.1300 121.3600 110.4600 110.1000 115.4500 115.4500 114.8000 115.2600
