105.1400 105.7200 106.2000 106.5200 105.9200 107.7900 105.1200 109.9700 105.1000 108.9000 108.9000 103.5200 104.9300 103.4400 103.4600 104.9400 109.6800 104.8000 105.2200 109.9000 110.7100 110.1700 110.1700 109.6400 107.8400 106.4900 112.6900 105.8300 104.9600 105.8800 108.2000 109.3100 110.5700 111.9200 114.7000 115.9200 118.1600 121.0400 121.2600 121.4700
106.1800 104.9946 106.5586 106.5577 106.0971 106.1690 104.7063 107.6574 104.0035 104.3981 104.5761 103.0640 104.9430 103.0054 103.8030 103.9768 106.4064 104.1821 102.7078 106.9261 105.6358 109.3423 112.6993 111.4093 109.0790 107.0259 108.2949 104.2620 104.6934 105.5227 106.8100 108.1474 109.6964 111.3877 113.4195 114.8912 118.4372 116.0375 120.7110 121.4200
106.7900 106.8513 110.8169 106.2023 106.1607 104.8756 104.1714 104.2478 104.6519 103.0255 103.8446 102.0631 102.5352 102.0054 102.0408 101.8230 104.1669 103.8975 103.2770 103.0621 103.7925 105.1051 111.6194 113.3196 110.9077 109.3425 106.8726 106.0223 104.9199 104.5561 106.0073 107.2662 108.7490 110.4048 112.3039 114.3967 117.7246 116.2283 121.5327 121.1500
105.3800 105.2162 106.9090 105.3310 105.5469 105.4653 104.6087 103.2255 102.9625 103.4568 101.4676 101.0521 100.7504 100.6434 100.7729 100.6371 101.3048 102.8824 102.0252 101.9396 102.0540 103.8367 106.5465 110.8379 109.1158 107.6051 104.4426 106.4955 105.0787 104.3725 105.3136 106.6488 107.8825 109.4705 111.3206 113.4128 115.8440 118.0767 120.6531 121.1000
104.8300 106.7166 105.6265 104.6593 105.0263 103.9941 104.0615 102.9137 101.8013 101.2035 100.6958 100.1439 100.1579 99.5178 99.5568 99.7892 99.8190 100.1696 100.5549 101.6928 102.4709 102.0149 103.7699 109.0526 108.6197 104.8988 106.5686 104.1883 103.8629 105.2240 104.5027 105.7855 107.0552 108.6784 110.4696 112.4375 114.5215 116.8925 118.8868 119.6400
106.6800 107.9832 106.3937 104.6513 103.7223 103.7490 102.2659 101.8314 101.2440 100.5867 99.8053 99.1459 99.1644 98.1184 98.1789 98.7072 98.9062 99.1331 99.6641 100.1284 101.8238 102.0209 102.4010 106.9019 106.2343 109.0532 111.8280 105.3302 104.4380 105.9458 104.2961 105.0066 106.4028 108.0440 109.7891 111.5785 113.5214 115.8851 118.2540 119.8800
105.5400 104.1259 104.8436 104.9048 104.8303 102.3013 101.6165 101.0709 100.5967 99.8914 98.8291 98.3640 97.7389 97.0017 96.9571 97.3489 97.3076 97.9038 98.5026 99.3628 100.0505 101.1768 101.8322 103.5561 104.7815 106.8664 109.4057 105.9817 105.2580 104.9577 104.9524 104.5531 106.0171 107.5489 109.1699 110.9449 112.9159 114.9462 117.3128 118.2500
105.5400 104.4806 104.7055 103.9838 104.2521 102.1266 101.1265 100.3218 99.6618 98.6395 97.4979 96.8682 94.9769 95.7075 95.6344 95.8777 95.3163 96.0284 97.1922 98.3169 99.5268 100.4310 101.1119 104.0110 103.3086 106.8603 109.0532 109.6062 104.6167 106.3715 105.4742 104.4697 105.4244 107.1636 108.7825 110.4698 112.3596 114.2603 116.4684 116.9900
106.1300 105.8764 103.7258 103.6731 102.5058 101.2201 100.6217 99.6678 98.7984 96.9826 96.2518 94.3418 92.0391 91.2408 92.6902 92.4293 93.5728 94.0648 95.7038 97.1534 98.6727 99.8355 100.6415 102.7262 103.0439 105.9125 105.6638 111.4296 105.3328 108.0793 106.0863 104.4321 107.0299 106.1189 108.0366 109.9698 111.6849 113.3256 115.7086 116.0000
104.9400 104.5240 103.7322 102.6714 101.7503 100.7558 100.3849 99.1524 97.5950 96.4387 94.2085 91.6077 88.9634 89.0242 87.3234 88.6091 90.5182 92.1291 94.3313 96.2715 97.8438 99.0029 100.3231 101.2690 103.0765 104.6810 106.7296 104.0686 106.5795 105.4072 106.0165 105.6401 107.3315 111.9298 108.3638 109.6831 110.9717 112.5562 114.1486 114.9300
105.9800 104.9664 104.6504 102.3112 101.6695 100.8694 100.1945 98.3133 97.7108 95.1758 93.8949 89.5779 86.2028 82.9839 84.3114 83.8634 86.9644 90.1227 93.8763 95.2906 97.5938 98.9686 100.0783 101.0766 103.6135 102.4641 104.6408 103.5288 106.0123 105.6304 105.9525 105.8471 106.6212 107.9758 107.4158 108.2992 110.8238 111.9080 113.0552 114.4000
106.0000 104.9232 103.3393 102.3934 101.4252 100.3426 99.5981 98.2859 97.2861 95.3330 90.0384 86.1925 85.0187 75.4041 72.3295 75.9817 85.1293 87.5742 92.0827 95.8132 96.9999 99.2792 100.0447 101.0644 101.8889 102.9827 103.0677 103.8550 104.3515 106.5691 106.8635 106.6852 106.5408 107.7507 108.3179 108.6638 107.9562 114.2853 113.6569 115.8100
104.7200 105.1492 103.9012 102.3153 101.4903 100.3919 99.2702 97.9112 96.7009 94.1755 88.8776 84.7526 76.1778 67.0771 63.7871 69.7088 82.1570 87.1875 90.9205 106.5365 96.4165 98.8926 99.6141 101.1782 101.9099 104.8816 103.4565 104.6185 105.1488 104.6117 105.3505 105.4027 106.3979 109.1834 108.9242 112.2690 113.3797 114.5267 113.1088 115.9300
105.3800 105.3159 103.5669 102.2574 101.6292 100.6704 99.2686 98.3817 96.5619 100.2385 95.8589 84.8327 76.1852 65.9081 62.4058 68.2462 81.6479 86.4942 91.0632 103.0976 96.7634 98.8945 99.6041 101.1172 101.7169 104.5842 103.6784 104.4810 105.3246 105.3292 105.9507 105.7070 106.7473 108.2771 108.5373 110.7826 112.7174 114.2914 113.7678 113.3900
105.6100 105.0250 103.3970 102.2981 101.6793 100.3258 99.4770 98.5440 96.3439 102.1485 93.7078 89.6779 79.8696 72.9178 69.2232 73.3614 84.6799 91.8748 93.8803 95.8934 97.1934 98.8279 100.0084 101.0636 102.0892 103.5424 104.7320 105.0204 105.6782 106.5868 107.2617 106.3479 107.6744 107.5425 106.9308 111.1512 112.2974 114.4140 115.2416 115.2900
105.6100 105.3804 104.3895 102.4016 101.8517 100.8257 100.1229 98.7662 97.2319 97.4466 93.0142 89.6868 85.2007 79.5362 79.0114 80.9339 91.0122 93.2857 94.9256 96.5047 97.3810 99.1507 100.3293 101.2159 101.8581 103.7388 105.6056 104.9289 105.8219 105.6671 106.0524 107.1019 107.5637 106.9721 107.9004 109.6198 114.0095 111.2167 115.5026 115.9900
105.6000 105.5604 104.6900 102.6036 101.9997 101.0207 100.3127 98.9900 98.1417 100.0094 95.9248 91.5700 89.0354 86.0267 84.9236 86.7364 90.4033 94.4519 96.1468 97.1228 98.2791 99.7175 100.7755 101.5063 103.4170 104.7853 104.3432 104.4463 104.9374 105.9042 105.3584 110.2786 107.2971 110.0926 108.6626 108.8572 110.9516 108.2625 110.3933 111.0300
105.2000 105.0706 104.3025 102.7850 102.2884 101.4525 100.5398 99.5734 98.7902 97.0095 95.1340 93.9255 91.1626 90.8086 90.1328 91.5439 94.1529 95.7264 97.5692 98.5180 99.1723 99.8221 101.2474 101.8004 102.4329 104.9952 105.6471 104.1392 104.8658 106.6180 108.7020 111.6737 110.4127 111.9939 113.9117 111.1085 111.3088 110.9228 111.5407 114.3000
106.2300 105.2238 104.8243 104.0464 102.4042 101.8428 101.0986 100.2182 99.5390 98.7416 97.4045 96.3412 94.9018 94.1370 93.9871 95.1310 95.7563 97.2312 98.3491 99.2991 99.7767 100.4187 101.6956 102.3186 104.2434 104.5565 105.3068 104.9220 104.8618 106.4369 110.5944 111.9343 112.2078 111.7488 114.8446 111.9807 111.8663 111.5191 112.2512 112.0000
105.0600 104.7174 105.7588 105.3215 102.6637 102.1871 101.6536 101.0543 100.3089 99.6167 98.7878 97.5161 96.6249 95.8871 96.4035 97.1204 97.8706 97.9802 99.1596 99.8631 100.7575 101.3634 102.0668 102.9384 103.7157 104.8978 106.0889 105.5963 106.7220 105.9854 107.2051 108.2123 111.4128 113.8394 110.1808 109.2239 109.5463 115.5523 113.1333 114.0600
104.8900 104.3849 106.3309 105.7876 105.4974 103.2678 101.9594 101.6207 100.9924 100.5431 99.7778 99.2714 98.4510 97.6638 97.9509 98.9411 99.3915 99.6469 100.3544 100.6640 101.4195 101.8974 102.3098 104.9715 104.5640 104.1224 105.2226 106.5389 106.7046 106.9676 107.6958 106.6410 109.0113 106.3036 107.8329 109.8985 107.8972 108.0025 108.8988 109.2600
105.4500 104.9004 105.5190 105.3812 104.3435 103.8693 102.9177 102.1545 101.8036 101.1816 100.7110 100.5371 100.3771 99.6212 99.5506 100.2362 100.2141 100.7341 101.1758 101.3084 101.8972 102.5700 103.0984 104.4513 105.1853 104.4382 104.8717 106.1551 106.8524 107.1258 107.2964 107.7104 107.3177 107.6514 108.8279 108.8179 105.6458 109.0466 109.4779 109.7500
105.2100 105.4849 104.5815 106.3300 104.9740 104.1683 103.7706 103.4237 102.0453 102.0772 101.6073 101.3589 101.0791 100.5622 100.6989 101.1897 101.2763 101.2538 101.8691 102.1314 103.0757 104.4290 104.9151 105.7177 105.6162 104.6764 106.2851 106.3405 106.4603 106.8174 106.6114 107.3570 107.5598 107.3986 108.7436 109.0813 108.4955 109.1186 109.9858 109.4200
105.0200 105.4435 105.7292 107.5291 105.2549 104.5823 104.3818 108.1300 103.4291 102.1570 102.3003 102.1563 101.9356 101.7701 101.7700 102.0174 102.3703 103.1350 102.1186 102.9593 103.1296 105.0051 105.9549 105.6747 104.5262 105.8082 104.9768 106.6912 105.9104 106.2695 107.4948 107.0350 108.3837 108.8789 109.1490 108.7268 109.4526 109.6086 112.1231 109.8700
104.7600 105.1255 104.9633 108.9058 103.9800 104.9389 104.5297 105.0589 106.5716 104.0351 104.0784 103.0559 102.5261 103.5747 102.8013 102.6563 103.9067 99.5515 102.7110 103.4951 104.6893 105.9989 105.2158 105.1591 104.7369 105.7919 105.4199 107.2219 106.4634 106.8978 107.3175 107.2490 110.2469 108.2908 108.7144 109.4642 108.5634 109.4413 109.1713 109.8700
107.2000 111.3132 106.2690 106.5992 105.7894 112.1947 110.1103 103.5384 105.2515 105.4638 104.3235 103.7271 103.1906 103.9374 103.8485 103.2989 104.0272 103.8651 104.5808 104.6054 105.4918 106.3386 106.6560 108.4031 106.5236 105.4027 105.3070 107.3264 106.9252 107.1218 110.0319 107.8111 110.8243 110.1773 109.3818 110.4335 111.2424 111.2855 110.4910 109.7700
106.4000 107.9400 106.8930 109.2969 105.7792 107.8296 106.5345 104.5498 104.7395 105.1703 104.6465 101.2007 104.9577 104.0983 104.7579 105.1634 103.5542 103.3167 104.0949 108.0050 105.0794 105.4996 105.4330 109.0694 106.7230 107.2359 109.6135 107.6374 107.9862 106.6218 110.5975 107.8164 107.3354 109.8051 107.2161 111.0462 110.0850 111.6659 112.4304 111.7200
106.4000 106.6276 107.4481 107.4378 106.1925 108.3246 107.6093 104.8981 105.0327 104.7829 104.6810 105.9727 104.6988 105.0639 105.7744 104.7470 105.2902 107.2025 105.6371 106.3496 104.8162 105.2228 106.2591 106.4717 106.2469 107.8132 108.8624 111.2950 107.0902 113.3048 111.3842 109.3426 111.9845 108.0624 108.4543 114.5319 112.6146 109.2724 109.8180 112.2400
108.3500 105.5918 107.3163 107.5657 105.3644 107.7263 110.0196 105.5296 105.8434 105.5694 105.0811 105.1955 107.0757 105.4358 105.1787 105.2775 105.7768 105.7840 104.7181 104.5331 105.4319 105.6025 106.7413 106.4936 106.8798 106.6366 107.1187 112.0027 106.5772 112.5970 110.2233 110.3619 109.6363 109.4315 111.4747 110.0851 109.8469 109.8161 111.0874 113.5000
109.0600 107.5079 108.0471 106.3740 106.6158 107.6978 107.3208 106.2064 106.2695 105.8669 105.7086 106.1962 107.2358 105.3955 105.3551 105.9449 105.2131 105.7356 107.3875 106.4541 107.0306 107.1048 107.5044 107.0756 108.3141 106.5019 106.6765 111.6762 111.3159 111.8588 109.0803 114.0734 111.2825 111.1513 107.8694 114.4116 109.7590 109.2730 108.4556 109.3700
108.7300 107.6943 107.8324 108.0891 107.6207 107.5672 107.5281 106.6005 107.5198 107.4013 106.9320 107.2671 106.6366 106.9343 105.7370 105.0541 106.3778 107.2122 107.6255 106.5734 112.7147 107.6594 107.7173 109.6535 111.6504 110.5002 108.4553 108.6974 110.9831 108.6105 108.3750 113.2924 110.8455 113.2348 110.6266 116.3498 108.4230 107.7533 108.9343 109.5400
108.5600 108.5872 108.5131 107.7966 107.5601 107.6295 107.5013 106.8680 106.7595 106.0435 107.6507 107.8075 107.9787 106.4603 106.9020 106.6697 107.7640 107.3137 107.7474 107.5445 111.8140 108.0683 108.2432 110.6766 108.4422 114.0120 112.9573 109.1168 109.1133 107.2425 108.3470 109.1826 113.0674 115.6678 114.3935 112.6105 108.2559 108.7469 110.2455 110.4500
108.0800 107.8887 108.9951 108.4084 107.5577 107.5276 107.3563 108.1521 108.3458 111.0968 109.9534 107.7590 111.5014 108.9277 106.6583 107.4812 108.0313 107.7297 108.1748 108.3657 108.1980 108.4208 108.1337 112.6402 110.6098 114.6356 115.6654 111.5825 110.7495 113.1842 114.9420 114.5981 109.8336 113.6595 111.4167 109.0156 111.5632 111.3351 109.0951 108.7100
108.1000 105.4344 107.0831 106.1784 103.7616 108.8930 108.8411 107.7075 106.1368 113.0803 107.6310 108.5012 108.3150 109.8132 108.7426 107.9721 108.3200 108.4537 108.6361 108.6549 108.2103 108.0295 108.2186 107.1377 113.4201 114.5254 115.1008 117.0262 107.0179 106.7406 109.5533 111.2761 111.0291 109.3168 111.3459 110.8847 111.2299 109.6539 108.8252 109.5500
108.6000 103.5998 107.0092 102.3038 102.9635 108.4969 109.3407 109.3923 110.6172 109.1979 108.4826 108.1256 107.6534 110.8666 109.6605 108.5180 108.6659 108.6961 108.3529 107.9253 108.5792 108.9780 110.1337 110.9073 113.7443 110.6346 114.1559 116.8574 115.7393 110.9994 114.0997 110.6599 109.9931 114.4440 111.6859 109.0348 109.2419 109.6781 109.5815 109.1100
106.0700 106.4648 104.5432 103.4397 103.3769 103.4668 103.4368 107.1115 111.1515 107.5125 108.3950 112.0493 111.1006 114.6843 111.6112 108.9323 108.6710 109.1081 108.4787 108.0439 108.1112 108.9458 109.4230 110.0393 111.1008 111.6844 113.6564 107.3946 114.3223 113.3208 109.9708 109.1066 113.8707 110.9875 112.2213 108.7862 108.7624 108.4117 108.2203 109.1100
106.8500 109.1450 104.9903 104.2267 104.6111 103.9008 103.6801 105.7510 115.4271 108.4369 111.8905 113.9612 115.3062 114.1034 112.5287 108.3455 110.7607 109.2295 106.5340 107.2531 110.2655 108.8197 107.7098 109.5029 111.7396 112.0357 114.3035 111.7678 113.3748 116.1777 111.3928 111.0112 113.7876 111.4188 115.3651 113.8575 110.0486 112.4400 109.1349 108.6100
108.1000 108.2060 106.3080 105.9361 105.4510 104.6839 105.4577 112.1428 116.6172 109.9897 114.2985 110.8564 114.2563 112.3409 111.1052 112.1110 110.7054 108.8751 108.8487 108.8985 111.5654 108.8177 108.7190 111.5392 112.4031 114.4836 116.2355 108.9210 108.7006 116.0789 111.2562 115.8420 112.8534 118.2537 109.5363 110.8964 110.1791 110.5024 109.6322 109.9400
108.1000 109.7114 111.1356 107.1956 106.4862 106.7632 106.0948 109.3050 114.5287 106.6487 114.9811 112.8317 113.8022 111.6625 106.2561 113.2014 112.0974 109.4297 108.7794 109.5018 106.8749 111.1809 109.3805 108.3120 111.9877 111.9775 115.0340 111.9052 110.3281 116.4726 116.4270 114.6108 115.8983 118.8633 109.1120 110.3812 110.3850 110.9630 111.4437 109.5100
108.6400 113.3600 107.4500 107.4500 107.4600 109.9400 106.9300 112.2700 114.8400 114.8400 110.6400 113.6900 110.6200 114.0100 114.3500 106.2800 111.3000 110.4600 109.1800 109.5500 106.3600 109.1900 112.1600 107.0100 110.9000 112.6000 116.0300 114.2900 116.0500 115.5800 116.1100 117.8300 116.8100 109.0400 109.0400 111.2900 109.6400 109.4700 114.9600 114.8200
