107.1300 113.2200 111.4600 107.7300 106.8500 107.8600 107.5600 105.3300 105.3300 105.8800 106.7800 106.6900 106.6700 106.2300 105.6100 105.5900 103.7200 105.4800 106.8100 106.3400 106.2900 106.3000 106.2400 106.2100 105.5600 106.5100 107.5600 107.0600 107.7200 108.5400 109.3800 110.1200 111.0900 111.9000 113.8400 114.3900 115.0000 115.1000 116.0000 116.0000
107.0500 106.8060 111.1970 107.1808 107.5031 107.1297 107.3393 107.3152 106.2225 106.6945 106.3639 106.2376 105.2986 106.0600 105.3413 104.9243 104.6804 105.8184 108.2859 107.9659 106.3753 106.3246 106.2854 106.2276 106.1392 105.9417 106.6840 106.5438 106.4810 107.3952 107.8108 109.3509 110.3538 111.5381 112.5222 113.4788 113.5395 113.7027 116.5422 117.2700
108.1700 107.9453 107.9573 106.6511 106.6671 107.4669 106.0278 106.0368 104.2167 105.3047 106.1129 104.6763 105.5942 105.6110 104.5264 104.0164 108.0418 105.8669 106.0584 106.1505 106.4020 106.3440 106.4364 105.8239 105.8771 106.3127 106.0503 106.0581 105.7155 106.8043 107.4649 108.3701 109.4656 110.5647 111.5181 112.8085 113.6619 114.3756 115.4481 116.3800
107.2300 107.5661 106.2830 106.5397 107.7911 110.5758 105.6820 105.5024 105.4993 105.6132 105.5122 103.9112 104.8002 105.4390 104.1420 104.5701 105.6978 105.6536 105.4809 105.7012 105.9251 106.1546 105.8323 105.4676 105.8095 106.1033 106.4526 105.7257 106.1698 105.8736 106.6867 107.4780 108.5774 109.6444 110.8207 111.9602 113.0473 114.1145 115.4823 116.4000
106.5500 106.8402 106.0572 105.9355 106.3744 108.2842 106.1427 106.5007 104.4017 105.6569 105.6308 104.5999 103.8615 103.0813 103.4533 102.8378 103.8634 103.7192 103.8688 104.5323 105.0201 105.5811 105.4858 105.9982 105.5842 105.8265 107.4432 106.3078 105.7440 105.7883 105.4312 106.6599 107.7849 108.8934 110.0771 111.1563 112.4420 113.5523 115.7742 116.2500
107.2200 106.8579 107.0648 105.8208 106.4826 105.2793 105.1787 105.1578 104.5925 104.3071 103.8371 102.5787 104.1758 102.2909 104.3396 104.1660 103.4145 102.6449 102.4735 103.3563 103.8438 104.6616 105.1705 105.8780 105.8294 105.6538 105.7891 105.5064 104.5725 105.9602 105.2235 106.8063 106.8968 108.1767 109.3075 110.5566 111.8805 113.6894 115.6619 115.9600
107.3200 105.4214 106.5417 106.8446 106.2178 104.2376 105.0538 105.1645 105.0092 102.9669 103.0845 102.4633 102.0958 101.8589 101.6014 101.3657 101.3292 101.6616 102.2507 103.7650 103.3408 103.2335 104.2112 104.2897 105.6492 105.7932 106.4415 104.4486 105.9571 106.7707 105.6199 107.3115 106.4871 107.5161 108.6460 109.9810 111.5052 112.8261 114.3905 114.7800
107.3000 106.2541 106.5957 105.3116 106.0282 104.5813 103.5257 104.2444 103.1917 102.2729 101.7064 101.4625 101.0730 101.1366 100.9571 101.0048 100.5846 100.5100 100.6863 101.6511 101.8570 102.7119 103.0859 104.4957 105.1754 105.1304 104.7695 105.5600 105.9412 107.3965 106.3796 106.2992 108.3706 106.5290 107.5348 109.0441 110.6987 111.8272 113.3399 114.7800
106.8700 106.4897 105.6126 104.9818 105.3590 105.0453 103.2790 102.4724 102.0374 101.4543 100.9584 100.4986 99.7920 99.7434 99.4829 99.2940 99.4350 99.3068 99.8166 100.3429 101.0137 101.4262 102.2888 103.4218 104.1263 104.1393 103.9272 105.1274 106.6724 108.1924 106.6000 106.2313 109.6010 105.4968 111.3249 108.2873 109.7403 110.7192 112.5660 113.6800
106.0400 106.3973 105.6261 105.5473 103.5535 103.9891 102.7746 102.1146 101.4029 100.8536 100.1575 99.4515 98.3708 98.1235 98.2972 98.0610 97.9571 98.0943 98.9324 99.3451 100.0091 100.6925 101.3541 102.2662 103.0593 103.0937 104.0465 105.2386 106.6152 107.6717 106.8290 105.4553 107.5871 107.4450 110.4369 111.7912 113.8137 114.9392 115.7943 114.1400
105.4500 104.9692 105.0551 105.3398 104.1273 103.0091 102.3528 101.4105 101.0231 100.2056 99.6920 98.6206 97.5142 97.2516 96.2323 95.5122 96.6353 96.7900 97.8553 98.1110 99.4890 100.1534 100.9041 101.8917 103.8601 103.0583 104.2012 104.1885 104.8350 106.4349 105.4941 105.4613 107.8629 107.1376 112.8680 110.9561 115.0129 109.6721 115.4000 113.7800
106.6100 106.3600 105.5019 104.4611 104.6902 102.3812 101.7206 100.9675 100.3754 99.6880 97.9077 96.8847 96.3823 94.6968 93.2436 93.2094 94.5129 94.7740 96.2357 97.2835 98.9783 99.8469 100.5663 101.0372 102.7258 103.6550 104.5980 104.5547 106.0504 106.1599 106.1210 105.5612 111.6929 108.1020 114.0317 110.0821 115.5460 109.7858 111.9511 113.7400
104.5700 105.0172 105.0303 104.0626 103.0000 101.9931 101.2939 100.5366 99.7683 98.5863 97.3710 95.3487 93.8297 92.0731 89.9672 90.5617 91.5473 93.6788 96.3633 97.6247 97.9680 98.5263 99.8617 100.9553 101.3816 103.9022 104.1595 104.1115 105.6363 105.3299 106.0210 104.6755 105.4159 105.3319 109.5464 112.6346 113.2609 110.0003 110.6812 110.0700
104.7100 105.4053 104.2470 104.2077 102.6816 101.8245 100.7979 100.2576 99.0010 98.5114 97.2484 94.3422 91.7825 88.3976 85.7638 85.1011 89.3664 91.3995 93.7515 96.3132 97.0862 98.0020 99.1296 100.6268 101.5053 103.4345 104.0224 103.9401 105.1493 104.9079 106.1469 112.2720 104.3599 105.8028 109.6667 109.8464 110.5437 112.1560 113.2871 112.8200
105.3300 104.6211 104.2772 103.0909 102.4535 101.5991 100.7542 99.9139 98.4518 97.7001 95.5262 91.7226 87.9696 83.2098 80.1829 79.5602 87.8468 88.6843 92.0379 93.5115 95.3772 97.4695 98.9599 100.0444 101.2029 101.8479 104.3423 103.9828 105.0399 104.5733 104.6467 108.8234 104.4291 105.6846 110.3042 111.8468 109.8177 114.0697 114.9899 113.6100
105.1400 104.1655 104.9886 102.9389 102.3781 101.2649 100.5774 99.2826 98.3388 96.6211 94.1415 89.8980 84.7571 78.9856 70.4676 68.7404 79.8538 85.9523 91.2476 91.9362 94.8264 96.8768 98.9586 99.7581 101.0070 101.7841 103.8942 104.9656 104.0010 105.7002 104.2498 105.5362 109.3775 108.2386 110.7170 109.9697 112.4021 113.8725 114.6706 112.2100
104.5600 105.0805 105.1127 102.9587 102.2963 101.2658 100.2297 98.9431 97.8666 95.7520 92.4512 87.6107 82.4580 73.1472 64.0147 64.0067 72.5340 84.3760 88.9811 92.7029 94.3467 96.1853 98.8192 100.2049 100.8506 101.7894 102.4263 105.1226 104.7382 105.9214 105.0360 106.5996 108.6070 110.6723 111.9003 108.7589 110.3851 112.5121 112.5358 114.3800
106.4300 106.1007 105.6412 102.9694 102.2701 101.3664 100.1176 99.0587 97.4992 95.4566 92.0074 86.7081 82.4741 72.6893 63.6258 63.8605 72.7515 83.2301 88.6794 92.7123 94.2014 96.1799 98.8059 100.3089 101.0106 101.7454 102.3590 105.3488 104.7487 105.6759 105.1792 105.6821 106.5509 108.1386 113.2393 111.1013 107.3295 108.8456 112.3996 110.3600
105.1400 105.4262 104.4874 102.9599 102.2941 101.3054 100.3973 99.0522 98.1449 96.4941 93.1092 89.2233 84.0811 77.0896 72.5854 71.6113 76.3641 83.9497 88.9219 92.7787 94.6174 96.4966 98.9971 100.2201 101.0369 101.7548 102.6767 104.0794 105.7608 104.5316 105.8369 105.4742 106.9397 111.1700 108.1841 111.7280 109.2756 111.7213 112.7381 113.9500
105.7800 105.3031 105.0802 103.3196 102.4435 101.5081 100.6976 99.8432 98.3806 96.8696 94.8473 90.6638 86.2590 83.0128 80.8932 79.8705 82.4313 86.7605 90.8837 93.2500 96.1174 97.9757 99.2825 100.3726 101.1442 102.1181 102.6681 105.2653 104.4435 104.7401 105.7327 105.4533 106.7826 106.2235 108.4910 106.8211 108.4726 108.7392 109.0907 108.9000
105.1100 105.3025 104.8968 103.9786 102.5783 101.5794 100.5553 100.0330 98.9498 97.5625 95.5403 93.5398 90.0983 87.0308 87.1934 88.9740 88.2171 90.8198 93.9452 94.6473 97.1316 98.1253 99.5647 100.6552 101.5420 102.0225 104.8606 105.3658 104.0353 106.1610 106.4680 105.8208 107.3818 106.6318 107.5889 108.2507 108.6754 108.4159 109.2443 109.2500
105.7400 105.7154 104.7671 104.5129 103.3909 102.0428 101.1642 100.6303 99.5160 98.3059 97.1328 96.0413 93.6836 91.2333 91.7802 92.7123 91.4669 93.8925 96.1189 96.5575 97.5988 99.0439 100.5090 101.3699 102.1343 102.1659 111.1703 105.1107 103.7200 107.7333 106.5413 107.0807 107.4959 106.2520 108.0819 108.3431 108.1010 108.7357 108.5589 109.0400
106.3000 106.1266 105.4492 105.2904 104.3315 102.3455 101.6135 100.9460 100.2026 99.1252 98.2854 97.2712 95.5376 94.3485 95.0617 95.0944 95.0905 95.6014 96.9720 97.6350 98.7316 99.6356 100.7341 101.7383 102.3031 103.1929 103.3884 104.2897 107.6971 104.0651 111.2522 104.7640 104.9106 106.5132 108.4043 108.3793 108.1667 108.4920 109.2843 108.0900
105.7200 105.9384 106.0959 104.5498 104.6606 102.7576 102.2121 101.5494 100.8748 100.1036 99.1864 98.9740 97.5061 97.1868 96.7309 97.1927 97.9190 98.2774 98.6618 99.1249 99.8947 100.5085 101.4006 102.0227 102.2998 104.4189 106.0051 105.5372 105.2710 106.0275 105.5044 105.1687 109.0984 106.4953 107.8349 107.1357 106.6196 107.4107 107.3794 109.2200
106.9700 106.5885 104.5647 105.1779 104.8555 103.0194 102.6742 101.9519 101.3071 100.4300 100.2100 99.7844 99.3239 98.5131 98.5749 98.7676 99.0398 99.6908 99.8687 100.5311 100.7291 101.4916 101.8599 102.4840 103.3852 107.2343 103.2767 106.4810 105.9896 106.0201 106.2239 106.3203 111.4569 108.9461 110.8664 111.6012 110.3276 107.8068 111.0101 112.6900
106.9700 106.1939 105.4571 104.1770 104.9831 104.8552 103.4661 102.5688 101.7743 101.0236 100.7400 100.7957 100.2131 100.1098 99.8733 99.7918 100.1787 100.4713 100.9132 101.3247 101.4028 101.9423 102.8964 103.3097 104.2031 107.7077 111.4026 105.7017 106.5767 105.9362 107.3542 105.7771 111.5050 109.5322 113.4353 112.4606 111.7424 110.7606 112.8572 108.7700
107.4800 107.3326 105.2500 105.7069 105.6590 105.0697 104.6297 102.7743 104.2869 101.9660 101.7107 101.7569 101.2776 101.0129 101.0629 100.9044 101.2103 101.5174 101.7427 101.9931 102.1832 102.6836 103.9908 104.5178 104.5153 104.5594 105.7026 105.9175 105.2858 106.2941 106.2216 108.2855 113.3187 107.4560 112.2067 109.6114 107.7320 112.3057 110.0561 111.5300
106.0900 106.4350 106.6199 106.8685 106.3659 105.0228 105.0568 104.7540 104.8782 103.5926 102.8026 102.4003 102.1405 101.8127 101.9080 101.9385 102.1047 102.1933 102.3865 102.5235 102.8176 103.2882 105.0691 105.4216 105.0449 105.1570 105.4438 106.0561 107.4312 105.9258 107.2284 109.2484 108.0315 108.4238 109.2065 109.1585 111.0593 109.2322 108.4947 107.3000
107.9300 107.7180 106.9084 106.6957 105.1753 106.2352 105.8547 105.2212 105.4003 106.1853 103.1777 102.9111 102.7448 102.7088 102.6802 102.5814 102.6097 102.9609 102.8670 103.4495 104.5764 104.2258 104.6508 105.9455 105.7074 105.4366 105.2165 105.9551 107.5662 107.2262 107.5280 108.3280 110.0670 107.5554 108.2775 107.7602 109.8860 107.8494 109.4203 110.7700
106.8000 106.2435 106.1465 105.6635 104.5050 106.1418 105.1793 104.9129 105.9226 104.5250 104.9663 105.3773 103.8758 103.3824 103.3762 103.5673 103.1513 104.8234 103.7317 104.3416 104.2207 105.6616 105.8693 104.7695 105.6156 105.4245 106.2717 107.0695 106.4099 107.4282 106.8745 107.0741 113.6250 112.6133 107.0236 108.5039 109.2494 109.3970 108.4560 110.0200
108.4100 107.4939 107.1472 106.3751 106.8645 107.0292 105.8972 105.8822 105.2390 104.8653 105.6440 105.8896 106.8949 106.0812 104.7210 100.3942 106.0605 105.6773 105.1216 105.3881 106.0652 106.6355 106.3534 106.0794 109.2405 106.3601 106.3853 108.1122 109.2629 107.7969 108.5105 107.9389 112.1032 114.0012 112.7452 108.5053 107.4813 108.5887 109.6380 110.1500
107.3600 107.5423 108.2964 105.3800 107.0394 106.8515 106.0222 105.7829 105.2721 106.7071 105.5665 110.3377 108.4051 106.4181 103.3128 100.9095 104.1561 106.3327 105.9567 106.5162 106.7930 106.8406 106.6439 107.5458 105.6295 105.9964 105.7341 106.4655 108.2777 109.1187 108.3341 108.0981 113.1093 113.3457 117.2352 112.9117 107.0387 108.6574 108.7162 113.6000
108.5700 108.2319 108.3494 106.5525 107.9193 106.2652 106.3134 107.5625 105.8311 106.1288 105.4715 104.4611 105.9461 106.6530 106.5217 106.7486 105.4807 106.3757 106.8713 106.9005 107.0442 106.9238 106.0378 106.7020 107.4871 111.4262 107.3879 108.1202 108.1684 111.8761 109.7695 108.5697 108.1525 107.7698 110.3164 110.4920 108.9509 107.6722 109.1794 112.6500
108.4300 107.9437 107.9537 106.9703 106.8407 106.2425 106.7002 107.8392 105.9602 106.0200 106.4604 105.6122 106.5770 106.1263 106.6879 105.9875 106.5083 106.9742 107.3646 107.5297 107.5136 107.7198 106.7144 107.5019 108.6642 110.7888 110.3063 111.3218 110.6962 107.9083 112.7404 110.2110 109.3077 108.7385 108.8363 108.7477 107.7565 107.4318 109.3092 107.5800
109.0100 108.1282 107.7711 107.5031 107.1316 106.7087 107.5117 107.5470 106.7185 106.2072 107.5034 106.2118 107.1585 106.9428 106.1670 105.9143 107.8569 107.6743 107.1850 106.9854 106.6332 106.8390 107.4660 107.7110 107.6060 108.3141 113.4367 112.9822 108.7983 109.2644 109.7733 111.6172 113.0989 112.4167 109.4598 109.8930 108.5641 108.2635 108.4972 107.5800
109.0100 109.0598 109.4218 107.5695 107.0532 107.5347 107.4572 107.5389 107.5506 108.2239 112.6133 113.4631 107.4675 107.7526 107.0220 106.2905 112.3814 107.5486 108.0092 107.3861 107.2624 107.8132 108.2292 107.8838 111.6986 113.0799 113.2213 112.6418 110.5666 114.9438 113.6068 114.1621 109.5614 110.2394 112.9361 111.7473 109.1726 111.3132 109.4454 108.7700
104.6000 105.4380 108.0396 108.7795 108.3483 108.2228 107.3333 108.2880 109.8023 110.8858 114.7313 113.5858 113.1783 107.9393 107.9419 106.7808 111.0909 109.9531 107.7547 107.7225 107.9026 108.4160 108.6504 108.1317 114.1186 112.9939 108.4775 112.5009 114.6329 115.5166 114.6194 114.1481 111.5795 110.8099 115.4046 114.4869 109.3000 111.5507 109.5589 108.7700
105.4600 106.2403 108.9911 109.0255 108.9579 108.6626 107.4926 109.0057 107.7841 114.9716 112.5699 111.7257 114.0555 108.1550 108.5346 108.2891 112.9805 112.9809 106.5898 106.6558 107.8437 108.6786 109.2938 109.7182 111.9107 111.3220 111.7504 114.9502 116.9984 114.3824 111.4820 112.4358 114.1871 110.6095 113.5473 115.4585 111.1825 111.7761 111.2215 112.7800
106.2800 108.4332 108.7255 109.0698 108.3640 108.7282 110.5903 111.5021 110.3960 114.7114 111.1868 114.0590 113.3813 108.6799 108.4268 108.6649 114.0685 112.0931 109.0316 109.9615 110.4454 108.9976 109.6489 108.8028 109.6211 113.1260 114.5613 114.0967 115.5989 113.9454 112.1960 113.7443 114.0375 114.1563 113.3011 116.1245 109.1081 109.1087 110.9691 111.8500
105.3100 105.3100 109.1500 108.3900 109.1100 109.3800 109.3800 103.6000 114.1900 113.1300 113.5100 114.5800 113.6500 113.6500 108.5800 108.7700 113.4500 113.0100 108.5700 112.6300 108.9600 108.9600 110.7900 110.7900 109.3000 115.1500 115.0100 113.8600 115.3800 117.3700 114.7400 115.3300 112.7500 107.5800 107.5800 113.7700 109.3400 108.5900 111.2300 108.1600
