110.1100 110.4500 108.9700 109.1700 108.2000 110.8500 113.7800 111.3500 109.8200 111.5200 108.8500 109.2500 109.2500 109.6800 110.6400 109.5300 109.7900 109.6100 109.7900 110.8100 110.9400 111.1700 111.1700 107.2200 107.2100 107.2500 107.5000 108.1700 107.8800 108.8500 108.8500 109.9100 109.6600 110.4900 111.5300 112.3500 113.6400 114.4700 114.2200 114.2400
108.9200 111.4395 108.7552 111.1235 110.0143 115.4259 112.8023 111.5400 113.4288 109.1318 110.0227 112.5450 111.1235 111.0030 109.5335 109.2236 108.4923 106.4675 108.9322 110.2440 108.5834 112.9031 115.2759 107.3146 106.7696 106.2467 105.8904 107.2731 107.3938 107.6404 108.1190 108.6030 109.1673 109.7551 110.3916 111.1997 109.9522 110.8029 114.0522 114.2400
113.4300 111.4692 112.0898 116.6287 108.4836 112.9862 114.1034 114.5072 113.7883 109.4616 109.3038 108.7961 108.2443 107.4883 106.3581 107.1716 107.0887 109.4622 110.3612 106.0981 107.6857 104.1913 112.0152 106.0945 106.3086 106.1258 105.8397 105.7635 105.8936 106.2523 106.7409 107.2553 107.9497 108.4551 109.0968 109.8575 110.8132 109.6291 112.3353 113.0700
110.3900 113.4497 115.7422 111.2367 111.6236 111.1655 109.4225 110.0654 107.3943 114.3438 110.0985 108.3191 108.5220 107.9552 108.1156 105.7715 107.1660 108.8943 108.8486 104.7506 106.4506 106.6185 106.1515 106.3169 106.4846 105.8878 105.6244 106.0654 105.0552 104.9426 105.3876 106.2621 106.7834 107.2344 107.8169 108.4474 109.4057 110.1862 111.1919 111.7600
108.0000 109.7268 111.5397 112.0655 107.3677 110.6221 109.2571 109.2358 109.0575 112.0614 109.3146 106.0582 107.6748 107.0907 110.0284 106.7416 106.7570 105.1888 106.3821 106.3565 106.9645 105.1098 106.5542 106.8533 106.4936 106.5379 106.5381 105.7099 106.5012 105.5068 105.4358 105.7186 105.7712 105.9883 106.5042 107.3459 108.0485 108.9638 109.8499 110.0900
113.9700 109.3468 110.5447 114.3289 108.4465 111.0310 108.8925 108.3531 108.7210 108.3784 108.0660 113.2013 106.7005 107.1173 107.6056 105.7109 105.9594 106.3270 111.8545 106.8258 105.6978 105.1376 107.6819 106.2476 105.7453 106.7809 107.7161 104.9563 106.0870 106.9050 106.5694 106.3361 105.9474 105.7266 106.1972 106.0608 107.0928 107.9152 108.7751 110.0900
109.2000 108.3777 111.2004 113.6343 109.0760 113.7775 108.8968 108.9992 108.9448 108.1622 107.7883 110.4190 106.6862 107.4311 107.4406 106.4757 105.8167 105.9765 111.0998 110.3947 106.8861 104.3815 106.4203 106.7718 106.5571 106.2131 109.4830 104.9138 103.8554 107.3620 106.5864 107.0971 106.4663 105.7885 106.6280 105.3401 106.0974 106.8792 107.7336 108.8700
109.2000 109.5492 107.4483 113.0921 108.8145 110.8943 108.9246 108.4980 107.9375 107.4474 106.7272 107.3069 107.8414 107.2061 107.1609 106.0269 105.3538 108.6915 107.0199 107.0593 105.1977 107.3996 104.5859 106.6668 105.0981 106.1802 109.3234 106.9500 106.2723 104.4437 106.6102 106.5279 105.5448 106.8671 106.2860 106.0105 105.3856 105.9677 107.1340 107.3200
107.7000 109.7658 108.5897 112.3766 108.9922 108.6923 108.7033 108.2677 108.4148 107.7561 108.2614 106.4927 107.6110 107.1035 106.8947 106.5108 105.2856 108.3834 105.3852 104.7818 104.8999 105.5520 107.5364 105.8537 105.9082 105.1838 109.5505 104.4950 105.9632 105.2940 105.9679 105.7846 103.9622 105.4628 105.4341 106.3607 105.9375 105.7356 106.3676 106.1900
108.5000 108.1461 109.0873 111.1586 107.9506 108.7034 108.1661 108.1677 107.2482 108.0059 107.9288 107.2082 106.6214 105.9684 106.5890 106.5382 105.6804 105.9456 104.5981 103.9662 104.0128 103.3950 107.9126 104.5371 105.0900 105.2788 105.0747 106.4398 105.8161 105.8417 105.7990 104.8898 106.0323 106.7740 106.5147 106.4417 106.4479 106.0478 105.4625 107.8900
110.3900 111.1960 108.1425 109.4986 108.9403 108.6748 107.2731 107.3200 107.9034 107.4994 107.6073 107.2664 106.9031 106.0989 106.2712 106.3029 105.3786 105.6643 104.6572 105.1874 104.2962 105.2658 104.6281 102.5462 102.6766 102.9947 103.0463 108.0492 104.1797 105.5043 105.2254 104.8326 104.9760 105.7623 106.5417 105.7641 106.3174 106.6434 105.7982 105.5200
109.3300 112.4612 107.9396 108.9273 108.7740 108.6672 107.5536 106.5424 107.7571 107.4290 106.9440 107.3492 105.0792 106.5583 106.0806 104.6654 105.1238 105.4253 104.6872 103.2139 104.0012 102.5939 102.1887 102.9773 101.9420 102.0342 102.1651 103.8976 104.0492 105.0921 104.8451 104.1477 105.6562 105.0735 105.7812 106.7355 106.8145 107.5210 106.4675 105.7400
108.3600 108.7008 112.5388 108.6613 108.9066 108.1313 107.5890 106.8385 107.6833 105.8464 106.1867 105.0975 104.5700 106.3536 105.6588 103.9531 103.6620 103.0119 102.7746 102.4137 101.7998 101.4105 101.7345 101.3212 101.4819 101.0949 101.6389 101.6518 102.6032 103.7035 104.2148 104.5048 104.3025 104.2078 105.4781 107.3134 110.0321 109.3449 108.2061 108.3600
110.6900 111.1795 108.1179 107.2820 108.1129 108.0441 106.6453 107.7127 107.2632 106.4257 107.3667 105.7804 104.9861 105.4110 104.8482 104.6531 102.9871 102.4945 102.2200 101.3913 101.0033 100.7512 100.7542 100.7081 100.6200 100.6166 100.8203 100.6602 100.9036 101.7057 102.3449 103.6329 104.0380 104.3288 105.5915 112.0543 111.6260 110.5877 110.4460 105.4400
109.4000 112.3349 109.7140 107.8987 108.3443 107.6258 106.8886 106.5562 107.2203 105.8701 105.6396 105.4122 104.5091 104.8240 103.8486 102.8838 102.4666 102.0399 101.2641 100.4819 100.1584 99.9085 99.4256 99.4556 99.6228 99.6058 99.9081 99.7060 100.2226 101.2658 101.4717 102.9117 104.6150 104.5009 103.2046 111.1594 109.1206 105.5098 105.9555 105.5300
109.0200 109.1223 108.1304 108.1446 107.4513 107.2833 107.9534 106.3322 107.0087 106.7271 105.7924 106.1282 105.5924 104.4776 102.9189 102.4871 101.9341 101.3694 100.4787 99.7191 99.1970 98.8658 98.0158 97.8337 97.7163 98.4309 98.4641 98.9459 99.5272 100.6329 101.2111 101.5364 102.3004 104.5699 102.7698 103.1370 105.1046 106.2547 105.7423 107.0300
115.6600 114.6513 111.0124 109.1522 108.2645 107.6006 107.5572 107.1450 106.5719 106.0816 104.9631 104.9439 104.2618 104.8962 102.4113 101.9543 101.3968 100.8495 99.9236 98.6085 97.2653 97.5852 97.2190 96.3957 96.6522 96.3600 97.4166 97.6414 98.5743 99.4412 100.2041 101.1173 101.4230 104.3447 102.9341 104.7307 104.4462 106.5825 105.6911 107.0300
115.7600 116.1189 110.4374 111.3516 107.1478 107.8518 108.6114 106.8404 106.1556 104.8952 104.4606 104.2607 102.7985 103.4087 102.0963 101.2119 100.6052 99.9000 98.7433 97.2275 95.5527 95.5010 94.8134 93.7426 94.0333 94.0555 95.8069 96.0964 97.5441 98.4440 99.6188 100.4377 101.1548 102.1029 103.8567 105.4416 103.9813 105.0195 105.0714 106.8600
114.1200 114.4486 109.4640 107.4274 107.5488 106.7245 109.9037 107.8748 106.7274 106.0337 104.5062 104.1295 103.9505 102.7660 101.6557 100.9020 99.7926 98.9194 97.6378 96.6050 94.9368 93.4418 91.4456 90.5883 90.3772 92.2800 94.1513 95.8470 97.0492 97.8752 98.8710 100.1067 100.5079 101.6836 103.0179 103.7144 103.9806 105.3999 106.1918 106.0000
113.6200 114.3639 109.6744 112.2425 109.0247 112.8189 111.0391 110.5169 104.9512 105.1130 105.7385 105.1133 103.0260 101.9931 101.6070 100.7432 99.5705 98.7643 96.3608 94.6429 92.0888 90.0808 88.7634 86.0185 85.8610 87.1425 91.1011 94.0168 94.4994 95.7392 98.2611 98.7125 100.1962 101.8589 102.6362 103.1617 105.0241 106.0327 106.0625 106.3400
111.6200 112.6809 114.5242 114.9835 111.4294 109.9626 110.0689 105.3254 104.6237 104.5950 105.6514 105.9119 102.6258 101.8346 101.4455 100.0375 99.2612 98.0706 95.1213 92.8909 89.8506 88.8239 87.6453 82.4656 82.3394 83.3543 87.7745 91.0399 93.0953 94.9662 97.4113 98.7007 100.2095 101.7635 102.4136 102.9409 103.9138 105.4543 104.7794 105.6800
109.1100 108.5829 108.3151 108.0707 107.8224 106.9970 105.5000 106.3453 105.2734 104.3432 107.0590 109.0824 103.4360 101.9183 101.1909 100.1237 98.7004 97.3525 94.6851 91.7079 87.9872 86.1382 80.6549 71.8060 73.3402 79.3648 87.4905 90.1452 93.3001 95.6587 97.3504 99.4125 100.5274 101.4278 102.0592 102.9246 104.1799 105.8156 105.9875 105.0200
107.6700 107.8163 107.8156 108.1378 108.3071 106.4443 106.5403 106.7160 105.8400 105.2355 105.0405 102.8368 102.1775 101.6495 101.1532 100.3362 99.2397 97.1659 94.8382 91.0463 87.0219 81.9296 72.2154 65.2086 66.2314 75.4108 85.7840 88.1413 93.7322 95.6534 97.9351 99.3865 100.2161 101.2987 102.1963 102.9689 103.9090 105.8566 106.5999 111.8900
108.2800 108.3196 108.3647 108.0751 107.8620 107.6844 105.7127 106.7529 105.0745 104.8822 105.0611 104.0176 102.6724 101.7055 101.1251 100.2513 99.4160 97.2394 95.0409 91.3311 87.5573 82.3431 72.9715 64.0928 64.0194 75.5558 84.3424 88.6895 93.5747 96.0526 98.0573 99.5103 100.2670 101.3667 102.2719 102.9276 104.0051 106.1870 105.5425 111.8800
108.2900 108.4484 108.1354 107.7621 107.3275 107.0892 106.3269 106.6409 105.7659 105.3140 104.6770 104.8717 102.6262 101.8743 101.1949 100.4222 99.3732 98.0909 96.4244 92.5681 89.2008 84.6309 80.1477 72.9739 74.0318 79.1710 85.9909 89.7076 94.4745 96.7949 97.9362 99.6627 100.4776 101.6089 102.1531 102.9609 104.5447 104.8178 105.8334 105.9000
109.1100 107.6811 107.8496 107.2419 107.9536 106.8007 107.3200 106.8626 106.7361 105.7572 104.5989 103.1902 102.7310 102.0849 101.2173 100.5287 99.7261 98.6308 97.2936 93.5070 91.0574 88.0063 87.7763 84.9408 84.7394 85.3524 88.4887 91.6827 95.5479 97.2793 98.6286 99.6238 100.4344 101.7306 102.2533 103.3065 104.5545 105.1689 106.5590 106.2800
108.4900 107.6424 107.7938 108.3222 107.5042 107.6286 106.1056 106.6219 105.5722 105.9592 104.5002 104.7565 103.1972 102.3185 101.6824 100.9429 100.2686 99.1962 97.6685 95.8495 94.0929 90.8131 90.1973 90.2933 89.9636 89.0619 91.3591 93.0345 96.6196 98.3788 98.7762 99.9422 100.4311 101.8272 102.6521 102.9970 105.1790 105.6752 105.7796 105.8700
108.5500 108.0801 108.3567 107.8391 107.9720 107.9495 107.0459 106.3406 105.0680 105.5597 104.6071 106.0168 104.2305 102.5688 102.0382 101.4099 100.6257 99.4766 98.4974 97.4373 96.0732 95.9487 92.4839 92.1371 91.9765 92.5590 94.0648 95.5745 97.8300 98.6143 99.4521 100.4007 101.2792 102.1926 102.8574 103.5656 104.8442 105.1025 104.8713 105.9600
108.5700 109.2174 108.8296 108.3046 107.6901 107.0113 106.9169 107.0572 106.3968 105.9224 104.6396 104.8588 104.0857 102.9364 102.3127 101.6924 100.7006 100.0599 99.4430 98.6093 97.1328 96.0458 95.3981 94.3542 94.1559 95.5423 96.9117 97.2097 98.6260 99.9798 100.6437 101.0870 101.5859 102.5979 103.0689 104.4419 105.1392 104.2871 104.9157 105.0000
108.0400 104.2060 106.9515 108.8844 107.8847 108.0388 107.6101 105.9054 107.0615 105.9806 105.3384 105.0177 104.0253 103.3406 102.9303 102.3316 101.6200 100.9183 100.3933 99.3352 98.5509 97.7235 97.7298 96.8123 96.7068 97.6113 98.2981 98.6192 100.0687 93.3677 101.5640 101.4255 102.2579 102.6088 105.3070 104.5260 105.3135 106.4788 105.9050 106.7700
103.5600 108.4136 108.1305 108.0149 108.1919 108.1870 107.7978 107.3090 106.3386 107.0393 106.2584 105.6745 105.6196 104.4415 103.2319 102.6258 102.0391 101.5262 101.1480 100.2488 99.7497 99.5047 98.9974 98.5753 98.4299 98.6064 99.7650 99.6706 100.8343 100.8979 101.8050 101.9888 102.7029 103.3784 105.4251 105.8425 106.0103 106.4886 107.0487 107.1500
108.5200 108.2906 109.1723 107.5807 108.2288 108.0254 107.7263 107.8562 106.5718 106.5639 106.3022 106.7640 105.5837 105.8636 103.6248 103.0940 102.6645 102.1228 101.4934 101.1392 100.7471 100.6799 100.3107 100.2941 100.3316 100.0531 100.3204 100.8506 101.3168 101.9831 102.3293 102.8491 102.9987 105.3646 105.5007 104.7987 105.3252 106.3402 107.2303 107.0600
109.5600 109.5354 108.9550 108.8719 108.6354 108.0443 106.5634 107.1603 106.7563 106.5851 105.9112 106.8780 106.0864 106.0935 105.9570 103.9934 103.3302 102.7158 102.3625 102.0444 101.7512 101.5160 101.2758 101.2766 101.2331 101.1056 101.3486 101.7320 101.9606 102.5148 102.8509 103.2613 103.7493 104.7205 105.4921 105.6160 105.3234 107.1179 106.5209 106.5700
109.2900 109.0556 109.7034 109.5644 108.7372 107.8646 107.6258 108.0492 107.8425 108.0192 107.3897 106.2088 105.3542 105.6092 104.6748 104.7479 105.9029 103.3257 102.7775 102.7290 102.4453 102.3146 102.1239 101.9935 101.8222 101.9297 102.1280 102.3944 102.5132 102.5917 103.8276 104.6160 104.2403 106.3353 106.3480 106.5784 106.2075 107.1719 107.5543 106.7100
109.8300 112.2255 107.7222 110.4746 108.3799 108.0116 108.0916 108.2304 107.6253 107.2836 106.7181 106.1319 105.0408 106.0596 104.7680 108.1957 105.6041 104.9791 103.7249 103.3253 102.9673 102.8302 102.8679 102.6610 102.7102 102.7181 103.5892 102.6815 104.3569 105.1237 109.0123 104.6737 105.7943 106.0914 104.9332 105.6101 106.6243 107.3413 106.8378 107.9700
113.7700 112.0687 106.1082 109.0202 107.9466 107.9195 108.3960 108.1990 107.5115 107.1791 106.7279 106.6389 106.3387 107.0601 107.0416 109.6439 106.7087 106.7559 105.5449 104.9483 104.9043 104.2715 103.7190 105.0744 104.5583 103.4460 105.8001 105.6512 106.0310 105.6972 106.0523 105.4743 106.5104 105.3996 107.0800 106.3999 107.5087 107.6849 110.5374 107.9700
109.6800 106.0500 109.8010 110.6952 108.7093 108.9164 108.8159 108.4228 107.3322 107.0862 107.0414 107.5654 107.5396 106.9363 105.9230 105.8223 106.6541 106.2180 106.0609 106.3559 104.5412 104.9074 104.0787 105.0721 104.6801 105.1616 106.1854 105.8233 106.1269 106.3282 105.0627 105.4027 107.1036 106.7642 106.7551 107.1531 106.9100 107.7488 110.2726 112.5300
107.1500 111.9920 110.1103 109.0678 103.5701 106.2168 109.0445 108.5661 108.4806 108.0749 107.6106 108.1120 106.0213 106.6989 105.8928 106.5371 106.9857 105.7576 106.7593 105.3596 104.8257 106.2319 105.6614 104.8497 104.6937 106.6000 106.3575 107.5231 106.8076 106.3852 106.4643 104.8833 106.1819 107.2310 107.6476 107.9051 106.5087 108.0072 107.5121 110.5900
107.3000 110.6553 109.4180 108.4202 107.4443 110.8860 109.0525 109.0471 109.0289 108.7075 108.4334 107.4453 112.1174 108.8859 106.1898 105.6991 106.2411 105.3881 105.5602 105.4568 105.0117 107.6728 105.6746 105.1443 105.4639 106.4108 106.9918 107.3170 106.6563 105.7816 106.9742 106.3698 107.2211 106.4688 107.9104 108.1586 107.7394 107.6841 108.3868 108.1800
107.3000 110.0300 109.2400 109.9000 112.8800 111.2100 109.3300 109.2000 108.7400 108.2200 108.1800 109.0500 109.8100 110.1100 108.1100 106.5500 108.9700 106.2200 105.9200 106.1200 106.3700 106.3300 106.3200 105.2100 105.2100 105.4700 107.1400 105.8300 106.2100 105.4400 105.4400 106.3200 106.1800 107.9100 108.1400 107.4700 108.4600 108.5800 108.5600 108.4700
