104.3700 102.9100 103.3800 100.9300 99.9900 99.1700 98.0600 96.4400 94.9900 93.6400 90.1500 87.2000 87.4200 90.5300 90.5300 92.4100 95.8700 95.8700 98.4700 99.3700 100.7300 101.9000 109.6100 108.4100 110.0500 109.3300 111.0300 106.7600 104.1200 105.8900 107.0000 108.2100 116.1100 118.2400 116.7400 119.4700 120.3900 120.6300 120.7900 118.8800
104.2000 103.4002 101.6712 100.6829 99.9015 98.6472 97.5192 96.1437 92.7574 89.8084 86.7016 84.4573 83.7960 86.0670 88.2721 91.0362 93.7580 95.9304 97.8443 99.2436 100.1725 101.5574 105.3524 107.6791 111.6781 110.5159 111.0761 106.3621 104.1097 104.8695 106.6162 108.4653 110.5964 113.2493 116.3710 120.0324 120.2263 120.6207 121.0084 121.0800
103.1000 103.4618 101.9107 100.6343 99.3372 98.7132 96.8086 94.3916 90.4025 86.4368 81.7278 77.3645 77.1143 80.2078 84.9542 89.1720 92.3014 95.0137 97.1619 98.8434 99.9245 100.9305 104.0459 105.2376 110.8593 110.9533 107.7644 105.3276 103.8724 104.4089 106.0756 108.0123 110.3201 112.9802 116.0960 119.9267 120.1873 120.5954 120.9481 121.0700
104.8400 102.4308 101.6371 100.5286 99.2239 97.6526 95.9313 94.0618 91.0635 86.0843 77.9088 70.1299 69.3095 74.2336 82.0026 87.8656 91.5115 94.4128 96.6532 98.3740 99.7249 100.7412 101.2768 104.7112 111.7800 112.5582 108.0225 105.1560 103.4162 103.6944 105.5904 107.7159 109.9382 112.6810 115.9362 119.8648 120.1698 120.5766 120.9231 121.0600
103.1700 102.7700 101.4691 100.4205 99.1031 97.7547 95.8335 94.1357 90.8420 87.7108 76.4925 65.7119 62.1502 66.9370 80.7284 86.2960 91.4069 94.2925 96.5408 98.2915 99.6511 100.9627 100.3582 104.5248 112.9588 113.6242 108.2516 105.3262 103.6837 103.8880 105.7581 107.6896 110.0446 112.6389 115.8654 119.8495 120.1586 120.5667 120.9210 121.0500
105.0300 103.1922 101.5913 100.5804 99.1841 97.8932 96.6144 94.8660 91.3153 87.6269 79.6926 70.0473 66.5102 72.8574 82.5083 87.8568 91.8175 94.3205 96.7140 98.4052 99.7064 100.9517 100.4651 104.7149 113.0310 113.3653 108.0594 105.2426 103.5894 103.8837 105.7975 107.7444 110.0950 112.7070 115.9767 119.8921 120.1576 120.5737 120.9353 121.0500
105.0200 103.8546 101.5048 100.8489 99.4533 98.3612 97.8184 96.3935 93.4518 89.8175 83.9556 79.8414 80.6510 82.4870 85.2849 90.0724 93.0321 96.0856 97.1453 98.7074 99.8584 101.7580 99.5927 106.1609 114.3135 112.6837 107.6515 104.7541 103.5917 104.1050 105.9421 107.9231 110.2772 112.9357 116.2371 119.9676 120.1894 120.5930 121.0092 121.0600
103.5500 104.1243 103.0403 101.1271 100.1058 99.0219 98.0030 96.3609 95.4076 93.6965 88.5176 89.9000 89.1573 87.7119 90.1860 93.1810 94.5654 96.5226 97.7265 99.1527 100.3323 102.1486 103.1021 104.5098 111.7227 111.8387 107.3259 104.1896 103.3272 104.1604 106.2521 108.2388 110.6152 113.3158 116.6776 120.0558 120.2371 120.6110 121.1387 119.1600
105.1300 104.5638 102.7028 101.5432 100.4903 99.8092 98.6157 97.5070 96.3894 95.2507 92.3675 92.6751 90.1246 92.4963 94.2211 95.8480 96.1800 97.3963 98.5126 99.7115 100.7525 102.2945 104.3481 103.7291 109.9072 106.0680 105.1170 106.3221 104.8228 107.5875 106.4625 108.7015 111.0155 113.8064 117.3340 120.0967 120.3051 120.6451 121.2112 119.0300
105.6100 104.7441 102.3886 101.8173 101.1463 100.1590 99.4417 98.4529 97.7096 96.0247 95.0968 94.6127 93.4367 95.5019 96.3035 97.2392 97.3316 98.2119 99.2936 100.2708 101.5410 102.4734 103.3051 106.3185 111.7342 104.0844 105.5558 108.2571 109.4928 108.9326 107.1607 109.3730 111.6484 114.3983 118.0217 120.1473 120.3892 120.7241 121.0465 118.8700
104.5000 103.5031 104.3229 102.8658 101.5371 100.7912 100.3881 99.5725 98.7734 97.6978 97.4715 96.8337 96.4930 96.2338 97.5892 98.1684 98.8147 99.3786 100.2588 100.8595 103.0712 102.8157 104.7460 109.9649 109.7465 103.1725 104.5125 107.3592 116.1687 107.9659 108.0397 110.0024 112.2188 115.0381 118.3354 120.2106 120.4732 120.8742 120.3412 118.6900
104.4500 103.9732 104.9421 104.7257 101.9245 101.6195 101.0221 100.6023 99.6023 100.0393 99.1467 98.7642 98.5997 98.6516 98.8049 99.2961 99.7856 100.4024 101.2587 101.6939 104.2397 103.1177 104.5156 104.3149 107.8639 106.6177 103.9584 103.4068 107.4001 109.6845 112.7815 109.9737 112.8302 114.9609 118.1017 120.1621 120.5558 120.9718 119.1084 118.2700
105.5000 106.0854 105.4496 105.1170 103.3243 102.1303 101.6779 101.4054 96.4293 93.7197 100.0831 99.7526 99.8258 100.0518 100.2409 99.9329 100.8308 100.9205 102.3207 102.7568 104.9344 108.8034 103.2723 109.6240 104.4459 105.6659 104.1962 105.0719 105.0881 104.6462 108.2012 109.2280 113.8944 116.9302 118.8374 119.7786 120.5145 119.9572 117.9325 117.9200
105.4600 106.1749 105.4193 105.4746 104.2345 104.2407 102.3070 101.7589 102.6865 100.8764 100.4781 100.7725 100.7898 100.8705 100.6930 101.2786 101.5019 101.4736 99.2293 102.3642 105.3635 104.7600 105.5977 104.6175 106.3454 105.6666 106.1253 109.0094 104.9153 106.7816 110.6289 110.4413 114.8557 117.1634 118.4541 119.8522 119.7503 120.1884 118.5299 119.4900
106.5100 106.2982 104.0849 104.8376 103.6230 104.9579 105.5923 102.1054 102.4958 102.2746 95.3268 101.1520 101.4150 101.6346 102.1475 103.7008 104.8513 105.9490 102.5884 100.9225 105.0845 105.0481 105.2893 108.1043 106.3315 108.0412 108.4517 108.8380 117.3906 114.3103 112.7123 112.9042 113.8705 117.6649 115.0493 112.8468 120.0427 120.5911 121.1501 119.3700
105.1800 105.9306 104.9610 105.6039 105.4844 101.6489 102.3787 100.3137 103.6489 96.7013 101.0625 97.5411 100.7126 103.3434 103.1144 104.2753 103.4719 97.3775 105.0919 105.1701 105.8975 104.5805 104.8785 107.9281 108.6016 107.6467 106.1483 112.0974 112.5724 112.3828 105.7103 111.4722 114.4029 117.9285 113.8995 112.2956 113.5151 113.8401 114.0689 121.5500
104.8500 104.3155 104.5523 106.0620 104.3093 108.6386 104.4792 105.5191 103.6058 104.7826 102.5699 106.0301 105.3680 105.1932 104.0259 104.9324 104.3966 100.7817 104.7029 105.3724 106.1857 105.3042 105.5376 105.3867 111.5916 109.4527 110.0250 113.3294 113.9476 109.9709 111.2804 110.7564 117.0025 116.8999 109.3473 115.5235 115.6044 107.7468 108.4993 111.3800
104.8500 105.4047 104.0992 105.7105 103.3603 106.2300 109.9845 109.3756 102.6090 106.0848 104.8970 104.4921 105.1727 104.7753 104.0850 105.4877 106.5541 103.6987 102.7157 105.3510 106.6577 105.8648 106.3594 106.2505 108.8898 112.7933 114.0132 110.2256 114.4439 113.0128 113.5244 113.3196 113.6585 116.5068 110.3303 112.4755 118.5166 110.4387 110.8409 112.7300
106.9200 107.0171 106.4725 105.8391 104.5846 105.3410 107.7407 106.0087 106.3795 105.1123 104.3838 104.6210 104.3337 104.1438 105.0908 105.5053 106.6386 105.9425 105.5187 106.2005 106.3480 106.7380 106.5897 105.9758 107.9674 108.6253 111.7706 109.8134 114.5751 112.7097 115.3432 115.5658 114.8384 114.0444 116.1116 117.0417 112.1857 115.2934 114.4901 114.1300
107.1800 108.0042 106.9600 105.3735 105.1279 106.6335 106.8346 106.7186 106.2379 103.0243 105.0642 106.2146 105.4105 109.1855 105.7537 105.1725 105.7520 105.9965 105.2931 106.0865 106.5200 107.2170 107.8535 106.7418 107.6506 107.9654 113.9025 109.0569 106.9219 112.4287 110.4210 113.4810 116.0048 114.8706 108.9017 112.1956 113.9545 118.0562 116.9794 117.6600
112.3800 108.6064 104.8696 107.4400 109.1148 107.1752 106.7179 105.1667 106.3981 106.3720 105.5910 107.0316 107.2521 106.0723 105.9182 105.2189 106.4677 106.1505 105.8699 107.9064 106.2501 107.8473 107.5839 106.8722 107.5499 108.2487 108.0861 110.7774 114.9098 108.5832 111.0507 107.4355 111.2617 106.0302 107.0046 107.5521 112.3002 110.5987 117.4129 114.9800
112.9900 110.3539 112.3088 114.2863 107.3825 107.7344 109.2920 109.0192 108.1244 106.5995 107.4109 107.2827 106.8449 105.6182 106.9953 104.3963 107.8245 106.7845 106.3128 107.2201 108.3396 107.6942 107.2443 107.9565 107.8794 108.6880 108.6060 114.7434 113.1267 111.9704 110.6417 110.5407 112.7100 109.8102 113.8212 112.2546 109.9277 111.7566 115.5277 115.3100
108.8600 114.2958 115.5933 111.0374 107.3430 107.5482 110.1987 107.2540 106.6077 106.7200 107.9185 107.4857 106.6995 111.8668 106.1536 105.9885 107.5169 106.8237 108.1403 108.8212 106.9197 107.9469 108.7256 108.5542 108.0990 110.5377 102.4449 112.0972 114.4267 116.8585 114.6938 113.5971 113.7710 111.9921 113.8320 112.8179 113.4055 116.3816 112.2819 117.3500
110.5500 114.6363 114.6182 109.6594 109.7988 108.5571 109.7893 109.0654 107.3435 107.3393 110.9483 108.2905 106.8674 107.3244 110.7020 107.1066 107.6753 107.4067 108.0996 110.9321 107.1350 107.6180 110.4276 108.7831 108.2533 109.5639 108.1534 111.4596 108.3432 111.3052 110.9059 112.9697 112.3655 112.6749 114.1434 114.5483 114.9416 115.9397 111.5549 108.5400
111.8700 113.2784 112.4922 111.1334 109.3249 107.4584 111.5418 113.7171 109.2724 108.1071 111.0504 111.9921 108.4067 107.7084 107.5060 107.6032 108.4578 108.5837 107.7725 108.9294 108.3569 108.3280 109.4273 114.0705 106.6877 109.0980 115.2230 107.9955 108.4267 110.3445 111.7943 113.0865 111.8302 115.6224 112.4388 113.2561 113.0329 114.5566 116.5019 113.8000
108.5900 111.3183 115.0106 113.6535 114.0730 107.8918 111.6113 111.9198 108.2966 106.3347 110.7980 112.1826 110.4350 108.0661 107.6359 109.6293 108.9239 109.3188 109.0176 112.8929 113.0851 108.3526 107.3051 108.9755 106.0232 113.0426 112.4433 115.2886 109.6735 111.0485 111.1529 113.5729 110.5406 112.7017 109.4710 109.9313 112.8991 112.2385 114.7389 113.8000
109.3400 112.7419 113.8809 114.0216 115.2163 113.0276 107.9038 110.8450 108.1578 108.6051 114.8006 110.6879 107.8778 110.1276 113.5650 113.8405 106.2347 105.5234 103.4753 107.0102 112.3872 110.4120 104.5460 106.8018 108.9629 114.6883 115.3253 115.9953 111.3253 111.0523 108.7729 112.4685 108.7949 113.7567 115.9829 111.3242 114.3902 114.5321 114.6015 114.5200
112.0100 109.0493 110.7131 107.9882 109.5194 112.6411 107.0498 109.2830 108.7019 110.9586 114.8155 112.3007 107.6444 112.6555 107.8692 105.2803 100.7649 102.5380 104.4776 104.1076 111.2538 112.1855 107.1107 110.3035 109.0248 110.0695 108.3051 115.0389 112.9124 110.4931 109.5047 110.8888 109.8643 113.6373 115.8247 110.8520 113.7076 112.8437 112.1693 109.9800
112.0100 109.8895 112.5294 110.3868 108.5641 111.7714 109.8813 106.3902 108.9141 109.8508 114.2824 106.9792 109.6531 106.9763 111.3201 109.1972 106.6439 108.5605 108.8545 105.6029 110.6745 112.2365 108.3831 112.3518 109.3425 115.1026 112.5014 114.7201 111.2704 115.7235 108.3809 113.3931 110.1638 115.5991 111.5485 109.5715 111.2582 111.0250 111.7872 109.0700
111.6200 109.4203 110.6239 108.7774 105.5965 110.5258 110.0355 109.4804 105.8793 109.3494 112.7000 104.8835 112.7159 105.6654 105.1972 107.0181 107.1824 106.4192 108.3174 110.1671 111.1206 111.3106 111.9919 110.4206 109.9860 113.5140 114.4274 115.4407 113.9989 114.1983 113.6651 109.9943 114.0126 110.2400 108.6837 109.1577 109.1508 111.0464 111.4135 111.0300
107.7800 110.2177 112.0025 111.1415 108.5217 112.0978 110.0736 108.8648 109.2963 110.3841 110.6472 109.8708 108.1073 112.3782 102.8153 103.7880 110.9953 113.1802 105.8139 109.3322 114.5174 113.6100 109.6420 112.3681 111.3505 108.3216 114.8565 109.5152 111.3203 114.0609 113.2107 108.9358 112.6743 111.7404 109.0283 109.4517 110.0758 109.2433 109.4624 109.5500
114.0400 113.9877 112.8069 110.9362 110.5218 112.2195 110.1974 108.5523 108.0410 107.5225 111.1983 112.3478 114.5391 109.2243 106.3138 105.2569 114.2600 107.7122 106.9487 109.0402 109.7592 113.5351 111.7701 113.2023 114.3918 109.8355 112.9055 113.3802 111.0998 113.3911 111.5794 110.9727 113.0704 114.1142 109.6665 109.1299 109.6774 109.7291 111.2475 112.5600
114.0400 113.6544 111.8211 107.9973 112.1329 109.9110 112.3516 109.1858 110.7796 109.3773 111.9332 111.3646 110.0333 107.3126 107.5456 108.5500 115.4812 112.2102 108.3065 107.7758 110.5546 114.5409 111.3442 113.4985 112.5996 109.8619 110.2453 110.9766 109.4353 112.1884 112.3086 114.2051 111.9588 117.3323 111.2939 109.6432 109.9686 110.2755 109.7158 110.8400
115.8000 114.2944 110.2376 109.4417 113.0538 113.2921 115.1822 108.0095 112.4122 111.1772 111.8286 111.3731 113.4230 108.8107 112.8840 113.4174 117.7562 107.4169 111.9456 113.0230 110.9122 110.8185 108.3988 111.7856 112.6950 112.6978 111.9130 110.0783 108.7875 110.1382 112.0934 111.0399 109.5430 112.4374 112.0065 110.7781 110.3188 115.0889 114.7242 113.2900
115.3900 113.0776 115.4700 111.5753 114.9493 116.1124 115.1638 109.0896 111.1226 112.2172 110.8094 108.0470 112.8381 112.1865 111.5755 112.1624 113.3817 108.8443 109.3741 112.9812 109.3083 112.1661 110.6918 112.1274 116.5202 112.5425 112.9295 113.6189 111.9927 111.3859 110.4697 108.4973 111.0682 109.7677 110.3680 111.8323 109.5746 111.1212 113.2173 112.0400
115.3900 109.7397 113.1881 114.1603 112.2988 113.1776 110.2106 110.4630 111.9614 112.4368 113.3297 108.0902 107.9193 115.0249 111.2766 112.2858 114.6546 110.7693 111.1703 113.6117 112.0831 110.4310 109.7748 110.4244 112.0371 112.7574 112.1204 113.9017 113.3588 113.1954 112.8436 109.1874 111.7456 110.0001 112.2930 109.5225 110.6920 110.1445 111.8255 115.2300
111.9600 112.6150 112.2548 113.6782 112.8123 112.4828 110.9832 110.7987 113.3049 113.8863 112.7428 109.3240 107.5573 116.5234 112.4773 112.6608 110.7199 110.7742 111.0131 110.0372 112.6502 112.2898 110.8526 108.8634 111.2156 111.5603 113.0877 113.8354 113.3510 114.2453 112.0393 111.4525 110.5559 110.3372 115.0621 111.2724 115.3047 113.5098 112.7433 115.2300
113.2200 114.5813 118.8627 112.3839 113.8414 115.7531 111.3092 111.8457 113.9796 115.5580 114.7852 110.3552 107.9595 119.4486 115.9778 114.3200 112.4455 112.1296 112.2518 114.2564 112.6512 112.7207 114.0320 113.0989 113.6815 117.6265 115.0215 115.9239 110.4705 115.3261 114.0470 115.2502 111.2090 115.2232 115.4441 115.2809 110.6478 112.4472 114.1114 112.2500
118.5100 117.5837 115.5458 114.9852 116.8066 115.9651 112.0686 112.8274 116.6150 117.2554 117.2189 111.5550 109.8846 116.1742 115.3260 116.5593 116.1337 111.9830 111.5022 113.4218 112.8743 114.2915 116.8018 114.2278 112.6190 114.8790 114.8935 116.8489 115.3865 114.4781 113.8881 114.7594 115.3945 116.6181 111.7951 117.1030 109.9097 111.5775 113.4375 113.3300
119.4800 119.4800 109.2900 115.8200 119.1200 113.2600 112.5800 113.0800 117.0300 117.3600 116.1300 111.5100 110.2600 116.4500 111.4200 118.0100 118.2200 112.5000 111.8100 111.4200 111.8000 112.2200 116.6100 112.7100 112.6500 112.6300 114.9300 113.5400 117.1600 118.3100 114.9100 115.6700 116.6600 109.6100 109.6100 117.0000 110.4400 111.3600 111.8200 113.4600
