106.6200 106.1300 106.1400 105.6000 106.2400 105.8800 105.2700 107.5900 107.5900 107.0100 107.0100 106.6300 112.0800 107.7100 110.8900 110.8900 113.5400 113.8500 117.1300 117.1300 114.7800 114.5900 116.1900 114.4500 115.7700 117.2000 115.9400 117.9500 117.7500 118.1300 116.8500 116.2900 116.1400 115.2800 114.9500 114.5400 113.8900 113.6400 113.1300 113.1300
104.3700 106.4126 106.1935 106.3535 108.3260 106.0577 105.3954 108.2232 108.6724 107.1734 109.1818 109.5763 106.7255 106.1861 110.1587 112.6508 111.7140 110.8818 109.2153 110.3650 113.0763 115.1323 115.7619 113.2941 115.1093 114.8046 115.9685 118.5566 117.6730 118.2138 114.1470 115.6721 116.1708 115.6679 115.0485 114.5511 114.8271 115.3863 113.2144 113.1800
103.9700 105.0455 104.9671 105.3728 106.8731 109.2771 105.4406 109.0872 104.9762 105.9622 105.3314 109.9181 106.5050 106.7504 106.5857 113.0739 111.5452 114.1345 111.4047 110.7311 110.3026 113.9720 112.9154 114.0244 114.4227 115.7625 117.4401 118.1517 117.6398 116.7497 115.2056 113.6128 116.3247 116.0221 115.3338 114.8465 114.3091 114.8264 113.5703 113.2400
104.6900 104.9932 105.3603 104.9566 102.3551 107.8981 103.7522 108.6942 104.0473 105.1893 104.8425 106.6544 106.9126 107.0357 107.7548 111.0176 112.1957 110.3214 110.7529 110.3796 113.8389 113.6848 111.8159 113.0847 114.6276 115.3360 116.3003 117.2691 117.7783 113.0449 114.7618 113.7333 114.5521 116.5177 115.6794 114.9773 114.5092 114.0637 113.6346 113.2900
104.7800 104.7984 105.3106 104.2180 106.6867 105.3381 108.0437 105.0698 105.8641 105.3609 105.3357 105.9285 105.2664 107.5256 107.5944 110.0483 111.2326 105.3661 109.4825 109.1804 109.3280 109.5429 115.1859 113.8427 112.7468 114.3745 115.4755 116.1214 116.4887 116.6940 117.4651 109.6703 114.4314 116.5743 115.1508 115.2078 114.6522 114.2406 113.8538 113.5900
102.5000 102.5366 102.5675 102.3402 102.8724 105.7154 109.6681 104.6868 105.6627 105.1310 105.1693 105.1982 104.6088 106.3903 107.0773 107.1791 105.6785 106.8832 108.3917 107.3163 109.6184 111.5731 110.2679 110.1440 111.7565 113.1315 114.1488 114.6098 116.9873 116.2607 117.4807 113.1313 114.2479 115.2474 113.9960 115.7619 115.0085 114.3435 113.9741 113.7000
101.5700 101.3288 101.0447 101.5916 101.9203 102.1327 102.3565 104.2011 105.1465 104.6417 105.5748 104.5626 107.2555 106.4926 106.0786 105.5738 107.4169 107.4803 106.4097 113.2493 111.4580 109.9276 109.9315 110.0307 113.4798 113.7818 114.6907 116.2775 115.4292 116.7989 116.0512 116.3720 115.8053 113.9252 115.6327 115.4165 115.2386 114.9501 114.1320 113.7400
101.1800 100.5334 100.3035 100.7176 100.8536 100.9445 101.4648 101.6802 102.3365 103.0378 103.9792 104.9084 105.8709 104.2275 105.1935 106.0236 106.6218 106.7288 106.7666 109.0990 110.2983 109.3066 113.2411 109.4425 114.7477 112.3278 112.2882 116.9785 113.2849 114.5804 114.0734 115.2844 117.4622 115.4130 116.3168 114.8677 112.9636 112.1388 114.5374 113.7400
100.2600 99.7419 99.6711 99.6663 99.8483 100.2288 100.3943 101.1353 101.7774 102.2308 102.7545 105.1601 104.3569 105.4019 106.4397 106.2474 106.5612 107.1301 107.3280 108.3969 108.4318 109.1256 108.7726 108.7429 109.7381 112.9365 109.4115 111.9501 112.9577 114.6431 113.8338 113.3767 117.3081 114.5213 116.3277 115.1216 111.9205 110.8180 114.8840 114.1500
99.3200 98.2970 98.1491 98.0908 98.5886 98.7966 99.3323 100.6300 101.1904 101.4690 102.0777 103.8819 103.8345 105.0819 105.7383 105.1554 105.3960 106.5393 107.1399 107.4874 106.9391 107.7875 107.8871 108.2509 108.7062 113.4989 112.4163 107.5882 108.1194 110.6512 110.3486 110.5382 113.2922 116.5927 116.2771 115.3753 112.6644 111.1992 111.2643 109.7200
97.5600 96.4877 96.2890 96.9691 97.3659 97.8845 98.4575 99.9351 100.1940 100.9891 101.6876 102.4635 103.1884 104.5555 103.8068 105.9068 104.4404 106.1275 105.6956 106.7534 107.1216 106.6556 113.3326 107.9560 108.7469 107.8059 109.1186 108.5486 108.8598 113.8260 111.8682 108.9107 113.0915 112.2708 116.3367 113.9096 112.6698 108.5271 111.0590 108.9000
95.4200 94.1220 94.0162 95.1722 95.6840 96.0965 96.6121 98.2420 99.4374 100.5904 101.4657 101.8991 102.2837 104.5331 104.9022 104.2695 105.8367 106.4690 106.9746 106.9049 106.2323 106.7177 106.9141 108.4267 107.7550 108.7165 109.9825 108.0765 108.4358 108.8021 112.5034 114.1151 112.3055 111.7829 115.7692 113.9605 113.0069 108.6166 111.2579 108.7600
90.1300 91.3085 91.1165 92.5214 93.3079 94.8523 95.8225 97.0340 98.5031 99.9285 100.9347 101.3605 102.2361 102.7150 105.4143 103.9705 105.8083 106.6483 106.4453 105.9918 106.2767 107.9271 107.2525 108.5826 108.5190 107.8009 108.5222 108.7505 108.9975 111.4904 112.9457 114.2861 107.9587 108.4157 111.2890 111.1684 108.7540 110.9161 114.3408 116.1300
89.5000 87.9526 87.2485 88.0809 89.8982 93.8125 94.5245 95.7520 98.3400 99.2631 100.6799 101.6604 102.1441 103.6100 104.4776 104.8291 105.7244 106.1155 105.3883 106.3693 106.1444 107.3156 107.3874 108.2223 108.8950 108.5113 109.3050 113.6036 112.4652 111.9245 111.9735 109.7203 109.1850 108.0033 107.7647 108.2824 108.6623 110.3707 114.7072 113.7200
89.8300 82.9738 81.5340 83.8150 86.0175 90.1992 92.6634 95.2985 97.8476 98.7758 100.1767 101.2251 101.8920 102.5902 102.8626 103.9785 106.3953 104.8529 106.0951 105.9796 106.2719 107.4535 106.7384 107.3187 108.2430 109.0289 107.6025 112.3581 112.1530 111.0020 111.5609 109.7314 110.7082 108.8436 108.2652 108.0196 108.7496 113.5776 111.9897 113.1700
79.1100 76.3201 74.2198 76.1712 81.9010 87.8260 91.8107 94.2392 96.4832 98.3413 99.7612 100.9869 101.6145 102.3613 103.3850 105.4214 105.1288 104.5106 106.5896 106.4087 106.8624 106.5156 107.6323 107.9259 108.0675 108.8174 109.3884 110.5712 111.3598 112.8974 115.4241 110.3874 108.9196 108.9897 108.3400 110.3365 108.3402 109.3628 111.6222 110.5900
79.1100 68.9117 68.0355 70.9603 78.5247 86.7254 91.0963 93.6250 95.7839 98.0381 99.5539 100.5631 101.3761 101.9795 102.9820 104.6279 105.0287 105.8700 107.0130 106.2963 106.8745 106.6408 106.9230 107.8381 108.8417 110.2968 109.4071 108.3715 110.8374 114.5717 115.8893 112.0160 110.7630 108.2249 108.5524 109.5915 109.9916 109.3939 109.8662 110.6200
78.1300 66.1542 65.3557 69.8750 78.3930 86.6554 90.8980 93.5478 95.9667 97.8251 99.4144 100.4380 101.2096 101.8361 103.3223 104.6359 106.4176 106.8695 106.6716 105.7917 105.8867 107.1137 106.4024 107.9595 108.8948 109.5502 109.6123 110.5639 111.3976 113.6666 116.4440 110.7081 108.9858 108.7165 108.3048 107.7416 109.2351 109.8953 109.1769 113.3200
80.5300 74.0763 72.2799 75.4407 81.6518 87.3246 90.7225 94.1699 95.8893 98.2391 99.8786 100.7322 101.4679 102.5251 104.6247 104.0378 104.6337 105.3017 106.8169 105.5524 111.1630 111.6188 107.0901 107.2111 106.9202 112.5087 108.5885 111.9035 112.1406 112.8097 115.3552 110.6027 108.2022 108.9178 110.0781 111.9213 109.4869 112.2256 110.1761 111.0600
80.5300 82.1223 80.0704 82.1266 86.1905 89.7230 92.3616 95.0862 97.6855 98.7040 99.9057 101.0342 101.5133 102.1706 104.7112 103.6931 105.5689 106.0031 106.2361 106.9248 107.9131 108.2627 107.4819 108.7159 108.6688 108.4733 109.9677 112.2226 114.3191 109.7980 116.1457 112.5101 108.1305 109.2808 114.7392 112.6934 111.8215 113.1058 109.3498 109.1500
87.2600 87.4809 86.4784 88.6362 89.5154 92.4339 93.9641 95.5177 97.8237 98.9865 100.4130 101.0954 101.9444 102.7555 103.2154 105.6473 105.2615 105.6889 107.2075 107.3807 107.8616 107.5691 107.9326 108.0982 114.1676 114.5077 113.2539 110.1667 115.2785 106.8848 111.2973 107.0846 108.3896 115.2572 116.2232 113.2567 113.4050 114.2169 110.5346 111.1000
94.4400 91.4803 91.0185 91.2669 92.1255 94.0010 95.8217 96.6581 98.6842 99.9200 100.7084 101.5577 102.3698 102.8285 104.9024 105.5283 105.4104 104.7411 109.2828 106.2500 105.4717 106.7571 108.4884 107.1244 108.8960 108.3089 109.0139 108.3999 113.1836 110.7460 110.8776 112.5733 115.8427 118.2025 117.1276 112.6216 116.4812 115.3936 112.5177 112.2900
96.3200 94.8599 94.2912 94.6648 95.2170 95.9807 96.9499 98.3301 99.3334 100.4394 101.2011 101.8297 102.6496 104.1955 103.6770 109.1835 108.3836 106.2778 105.4513 108.1225 107.6298 108.0469 111.2616 110.1441 109.8429 109.5985 109.4664 109.3078 110.2927 111.0209 110.8357 113.8001 116.6835 115.7710 111.0418 113.1251 114.0677 113.3767 108.2211 110.6000
98.6900 97.2702 97.0436 97.3282 96.6563 97.6498 98.7595 99.3690 100.2935 101.0441 101.4766 102.1960 102.8976 106.4324 104.6773 104.0219 107.7460 109.8271 105.3095 107.1055 108.5764 110.2888 108.7189 114.9995 113.3471 110.1533 110.4959 112.4927 112.8896 115.8166 113.5097 110.7646 116.2950 114.4229 115.2964 109.8582 109.1665 110.2921 109.4788 108.8800
99.6000 98.9369 99.0486 98.5161 97.8169 98.1797 99.5858 100.7153 101.1079 101.3734 101.9352 103.3787 103.7346 104.2712 105.2289 106.7959 106.8772 106.4448 106.1202 106.3738 107.1516 115.4088 112.7359 115.3170 113.0394 119.9777 114.7882 116.1835 115.4595 117.3926 116.8273 113.8994 115.5498 115.8253 112.3965 109.8849 108.7943 110.6557 110.8369 109.0000
99.6000 99.6981 99.3505 99.6131 100.3424 100.0985 100.1374 100.7605 101.6693 101.8279 102.7059 104.5032 104.1311 103.8817 104.9230 106.1946 107.2931 107.5030 108.5623 107.7014 106.7132 109.5970 110.4800 110.5757 113.3200 114.8790 112.1712 117.3562 118.0438 118.4562 118.6328 118.5721 112.4253 117.5733 109.0746 108.6048 110.0621 110.7400 109.2953 109.3700
101.3600 100.8723 100.6028 100.8513 100.7887 101.3171 101.4725 101.8035 102.1274 102.3152 104.1165 104.7773 105.6120 105.3683 105.9087 107.1330 107.1178 109.7340 107.1819 106.5906 106.4279 107.3152 107.7075 106.6179 110.2531 109.6460 108.4610 108.0463 112.5700 116.6218 115.7535 117.6560 106.9694 116.6770 116.8309 112.6348 109.7552 114.4857 111.9798 109.4000
102.2100 101.9832 101.7962 101.7737 102.0696 102.0954 102.0887 103.5987 104.0622 105.0674 106.1770 107.1559 106.2107 106.8966 106.2226 106.8333 107.1431 108.1829 107.2984 110.5505 107.9152 107.8538 107.3670 113.0627 109.9688 107.1406 108.9526 108.8508 110.5149 110.2864 112.9527 112.4901 114.9388 112.4955 114.0323 113.0093 111.9523 110.8693 110.2575 115.1800
102.5800 102.8185 103.3361 102.4831 102.7043 102.8318 104.7353 103.9343 103.8112 104.1871 104.3044 108.3861 108.7575 105.7203 106.1793 105.6504 107.5157 107.7587 107.4054 108.1877 107.5551 111.4679 107.3909 110.6591 112.0594 110.8678 108.5874 109.0557 109.6038 113.6421 110.4005 114.5938 114.3788 116.9543 109.4599 109.4600 109.5534 110.2802 109.9100 112.4700
103.3100 102.1299 98.9732 104.3150 103.0763 103.3045 105.2870 104.6467 105.1003 105.8578 105.4333 111.2788 107.1988 107.4029 106.7418 107.0406 107.7350 107.7592 108.3084 108.0427 107.5054 114.6826 115.0158 114.7460 108.9492 111.6996 113.5505 108.7043 109.7873 109.0368 110.0838 114.1079 110.4008 115.5574 108.8559 111.0361 108.8900 109.4580 109.1084 108.6900
105.7200 100.9132 103.3477 104.7080 106.5268 101.7896 106.0978 105.8485 104.5595 105.0181 104.9088 106.8995 109.1255 107.4655 107.4812 107.2782 107.7466 106.8824 108.1570 108.5707 108.1176 108.5182 114.2453 113.8108 114.2218 109.8134 109.5050 112.4813 110.2717 112.9636 114.6760 110.3180 111.4196 112.0375 109.0998 109.8472 110.1192 109.7752 109.3421 109.0600
106.5600 106.7336 106.6201 104.9437 104.4939 105.7718 106.2980 106.2628 106.3409 106.5838 107.0529 106.8481 107.7209 106.2505 106.8082 106.3822 107.8399 107.9942 107.9207 108.9700 108.4460 108.3673 108.8829 113.2473 112.3594 112.4935 107.4364 108.7871 108.2985 109.5386 113.5928 114.6804 111.9954 113.7130 112.7047 108.9774 109.1411 110.3998 109.9449 113.7000
107.1300 105.6067 105.4076 106.9044 106.0252 106.3911 106.6499 105.4684 106.3401 104.7687 106.7428 106.5297 106.6753 106.5965 107.5855 111.3451 107.8429 107.7324 108.8898 108.9822 109.2232 108.3491 109.2383 113.1536 112.0340 108.9158 109.0654 110.0351 108.8789 108.9983 110.8972 111.5769 108.1806 110.3913 111.1827 109.5438 110.8535 110.3921 112.3693 110.9100
105.7800 106.8657 107.5806 106.5250 107.0845 106.4847 107.0211 106.1082 107.6649 107.3940 107.2351 107.3620 106.9943 106.7860 108.2592 108.4678 107.8453 108.9927 109.3143 109.2113 109.2372 110.5352 112.4643 112.8718 108.5714 108.3312 109.6126 111.9179 111.2334 107.8731 109.1506 111.0363 110.8963 108.6513 111.3477 109.2195 112.1616 111.8889 111.6813 111.1800
105.7800 106.5751 106.8633 106.4699 106.9709 106.2633 106.2701 106.2620 107.4399 107.7774 108.0975 107.7135 108.1335 108.0749 109.6631 107.2543 107.6305 108.0178 108.5544 109.1616 109.5182 108.6886 111.2155 114.2303 111.3938 114.1859 110.0092 113.2730 112.4604 110.9741 113.6994 109.1819 112.6392 111.1647 109.1186 108.9325 111.5282 110.3429 111.4970 110.1600
106.4100 106.6941 106.1815 106.1289 106.1380 106.2537 106.8153 107.3467 106.7493 107.6980 107.6949 107.0677 107.6029 108.5906 109.8490 107.2860 110.5087 109.4232 112.5898 110.3682 109.6559 110.0514 112.7579 110.2246 110.5750 116.0075 118.0777 113.9018 110.5794 113.3606 110.5554 110.0022 111.4402 109.9955 110.5413 110.3375 111.6227 110.6261 110.0978 110.2700
106.9400 107.0326 107.2256 108.1422 108.2438 106.4967 108.0099 108.4644 107.8675 107.0454 107.1917 108.3344 108.7444 109.0806 109.2943 112.3732 110.1663 113.6565 114.7080 111.4030 108.9459 110.2053 107.4473 110.8702 108.5156 114.1992 112.8244 112.3244 110.7555 109.8376 112.9116 109.7665 110.9585 110.6527 112.4075 112.3095 112.2626 111.6027 112.0251 113.7100
107.6100 107.8775 107.8971 107.2162 107.9682 107.4474 108.4392 108.4783 108.1173 107.8494 108.7876 108.2707 108.9641 108.7689 108.8743 112.8036 112.0459 114.9433 114.0204 116.1128 114.8293 109.7043 109.8904 109.6939 108.6888 110.3275 111.7874 110.6140 110.6868 108.7415 110.2741 112.5200 111.9556 112.0513 112.6621 112.1546 109.7300 109.8475 111.4752 111.2700
109.4600 109.1139 108.2816 107.2103 107.9224 108.6013 107.8952 108.3326 108.9275 108.0355 108.7706 108.5118 107.9210 108.8468 109.1170 111.4452 113.4415 112.3812 111.3575 116.0316 115.3828 114.4649 110.8898 109.4990 109.5060 110.8004 111.7325 110.0311 110.3242 112.4348 109.8281 111.0221 112.3131 111.7904 110.6764 110.8693 109.2442 109.1463 111.2454 112.9000
109.4600 109.4000 108.3700 107.1700 108.6300 109.0400 107.3000 109.0200 109.0800 108.4700 108.6600 108.5100 108.0900 108.4200 108.4200 109.6800 115.0700 115.8000 116.3200 116.3200 114.7700 116.6900 112.0300 109.8900 108.7500 112.8000 114.7500 112.3900 112.2400 110.9900 115.1000 113.2900 113.2900 109.5400 110.0600 109.0200 110.7300 110.4100 109.5000 110.8800
