111.6100 107.9800 108.5900 107.9600 108.1600 110.5300 107.6300 114.7700 111.9700 111.6100 109.1300 109.0800 112.7100 107.8900 111.1200 111.1200 107.6800 105.7900 105.7800 108.2400 111.6800 111.7700 107.3600 105.5400 105.5400 105.6000 109.1400 106.4100 105.9000 106.8200 106.8200 107.7300 107.5600 108.4400 109.1900 110.2400 111.0700 112.1500 112.8900 112.8900
109.4000 108.1815 110.6415 110.6784 108.9715 109.3594 113.2404 109.2280 110.6478 109.5658 111.7214 111.4963 108.6389 107.3257 108.9575 106.9654 106.6200 106.0785 106.8970 107.4179 107.9535 110.8401 108.2467 106.3834 105.8572 106.2553 106.7809 105.4278 105.5652 105.8338 106.0422 106.6580 107.3037 107.8660 108.4505 109.1676 109.7294 108.8903 111.5591 110.5100
110.4100 108.5481 111.2588 115.0342 110.4017 109.2674 108.4707 112.5286 110.3541 108.4425 109.9596 111.7573 108.7568 106.0171 106.3736 105.9705 105.4134 105.4894 106.8783 106.6288 105.5324 108.4508 109.6327 105.1268 105.5300 106.2624 106.1838 105.9757 105.5846 105.4510 105.2931 105.3681 106.3243 106.7205 107.3160 107.9117 108.7024 109.3898 110.5127 111.1300
109.5100 112.5292 111.9334 114.5428 112.9217 110.1027 108.8625 108.4679 111.0702 111.2102 108.0714 110.5725 113.5573 107.9757 107.5457 106.7253 105.7327 106.0049 107.3880 104.8425 104.4625 104.3537 103.7330 105.0062 105.3829 106.8401 107.2245 106.9123 106.6302 106.3389 106.0336 105.8145 105.5294 105.7933 106.1963 106.7212 107.3844 108.2430 109.1506 109.8000
112.6000 111.3366 114.7425 116.0508 109.5599 112.5733 109.1280 108.8543 108.7015 108.0177 107.2642 106.6838 107.3843 106.1385 108.5878 106.6623 104.1744 109.6382 105.0197 108.5834 105.2785 106.2607 107.8619 105.8775 106.6330 106.4475 108.7259 106.5125 108.6286 107.6052 107.0245 106.4638 106.2904 105.8809 105.5845 105.6178 106.3313 107.2713 108.1431 108.4100
109.5100 108.8185 110.7778 114.0379 110.8518 110.0495 109.2059 107.7359 107.7192 108.6100 111.2888 107.3571 107.3808 107.0450 105.9876 107.7832 106.7127 107.6180 105.5730 106.3887 104.9882 105.6579 107.9493 106.7803 106.0969 106.4659 108.3757 105.4898 105.8139 109.4363 109.5650 106.6429 107.5203 106.8287 106.1075 105.3221 105.4107 106.3816 107.2777 108.2100
109.5100 107.7588 109.0636 110.6045 111.6893 114.3066 108.8377 108.2058 108.8528 108.4267 107.7951 107.7346 106.5902 107.7586 106.4185 105.8794 106.8551 105.5567 107.6340 106.2996 105.0092 106.7621 104.7600 107.3910 106.2474 106.1993 106.0726 107.3956 104.5396 109.2059 105.3168 106.4981 105.2178 106.3315 106.7280 106.2949 105.7364 105.5790 106.3407 106.7300
109.4400 108.6142 108.8066 109.3036 110.1518 109.8138 108.4119 108.3059 108.5696 108.6736 107.5363 106.3244 107.5452 107.4787 106.1818 105.4295 105.4953 105.1658 106.0557 105.7761 105.2936 103.7904 105.0141 105.6512 105.3536 105.4497 105.6991 110.2227 105.0399 105.3458 104.8705 105.8109 104.9414 108.7303 105.8382 107.3919 106.4478 106.5377 105.6358 105.5500
112.3500 109.3689 108.7795 107.7521 109.2795 107.9926 108.4286 107.4024 107.6101 106.7182 106.8025 106.4844 106.5627 106.1797 105.2722 106.4615 106.2618 107.4962 105.3950 106.0321 104.7667 105.4959 102.9747 105.3208 105.1810 104.3945 104.4388 103.3802 103.8114 106.7757 105.0625 105.6634 106.4556 110.8818 105.4324 106.7640 106.5398 106.5521 105.7146 105.5500
113.4700 109.8561 110.2242 107.0962 108.0669 109.3431 107.4575 108.2417 107.1888 106.8726 106.9366 105.7086 106.5124 106.0370 106.1144 105.2485 105.0727 105.2182 105.0604 104.3100 103.6567 103.2403 105.0343 103.1339 104.5186 104.6945 103.8440 104.4090 107.4716 104.1206 105.6702 104.6917 104.4553 107.1275 106.5348 106.6874 107.9446 107.3440 106.5102 106.1500
109.3300 109.0047 107.6961 111.7460 108.5502 108.5732 107.2069 107.2269 108.0502 107.2534 106.2386 106.2601 106.8961 105.8634 105.1564 105.5304 105.5153 104.0833 104.8813 103.6151 103.8114 102.5016 102.1215 102.9234 102.6923 102.8880 103.7859 103.5346 106.9548 103.5650 104.8448 105.2507 105.2377 105.8727 106.3933 106.1291 109.5154 106.1986 106.8249 106.9000
109.7300 111.8786 108.5605 109.0418 108.4386 108.5075 106.9622 106.7524 106.3051 106.8221 107.2734 106.1717 105.7733 106.3311 104.5500 105.4159 105.0304 104.3558 103.3738 102.6814 101.7660 101.4511 101.4384 100.8167 100.7486 100.7891 101.3578 101.4547 102.6084 103.2909 104.6429 104.6043 104.9359 105.2091 105.9022 105.8243 106.5419 107.1808 106.5814 107.1800
109.9200 112.6441 109.0135 108.6444 108.3130 107.6382 107.4505 107.3703 107.1817 107.0915 106.1859 105.2509 105.5225 105.0200 104.5064 103.6869 102.4278 102.4378 102.1044 101.6435 100.9639 100.3750 100.6245 100.3937 100.5090 99.9553 100.6710 100.7927 101.1347 101.8303 101.7658 103.3311 104.3076 103.7299 104.8392 106.1041 106.2862 108.0365 106.9644 107.0900
108.5900 109.6441 108.3960 108.1091 108.3560 108.0100 107.3514 107.9040 106.8921 107.4138 106.9536 106.6260 105.0784 104.4870 104.1464 102.4964 102.3925 101.8522 101.5282 100.4571 99.9058 99.5372 99.5362 99.4103 99.3141 99.0796 99.6162 99.4120 100.0571 100.9650 101.3380 102.0032 103.5661 103.2139 105.5038 105.8293 105.8120 106.2015 107.0474 107.0600
114.2700 114.0970 109.7076 107.1217 108.1310 108.0980 107.1175 107.6002 107.2945 107.1133 105.7192 106.4359 104.2382 103.5329 103.9703 102.5090 101.9915 101.2405 100.2354 99.2545 98.7471 98.5360 97.8574 97.8441 98.0866 98.1111 98.5144 98.3182 98.9990 100.2268 100.9467 101.1677 103.0061 103.5202 104.4219 105.2793 105.4086 106.3213 106.5104 106.3200
111.8500 109.5924 110.2996 106.9822 106.9362 106.9414 107.9944 107.3103 106.7625 107.1378 105.1055 105.0473 104.7900 103.8395 102.7212 101.6664 101.3073 100.6319 99.4953 98.5006 97.3950 97.2339 95.9845 95.7689 95.5901 96.5521 96.6989 97.2417 98.2476 99.5946 100.3763 100.7162 101.5150 103.5610 103.1982 104.7682 104.8053 106.0990 104.8405 104.9500
113.6100 108.0650 107.7609 107.6374 107.5531 107.4342 107.6250 106.6074 106.0669 106.5225 105.3275 103.8403 104.4037 103.0888 101.9571 101.3961 100.6109 99.8633 98.8501 97.0336 95.2717 95.4659 94.8783 93.6913 94.0762 93.8496 95.2723 95.6932 97.1629 98.1394 99.2014 100.1988 100.7664 101.9678 104.1010 103.8851 103.8892 105.2615 104.5757 105.8700
114.5400 112.7253 109.2182 107.5303 108.4071 107.9039 107.5234 105.9262 106.3986 106.1120 105.1413 104.6610 103.8115 102.1329 101.7131 100.4840 99.7742 98.9347 97.8541 95.7734 93.1460 92.8808 91.6853 90.0859 90.4158 90.8747 93.2630 93.7956 95.6955 97.3515 98.4909 99.6892 100.3383 101.2210 102.7828 103.8870 103.4544 105.0632 104.4144 106.7800
114.6000 114.3588 109.7821 107.0977 106.6068 106.6359 107.3157 106.5890 106.3488 105.7546 104.7569 104.1888 102.7118 101.7848 101.3011 100.4205 99.0458 98.1400 96.1909 94.5519 92.3936 90.1575 87.1852 85.7904 85.6603 88.2400 90.7603 93.8158 94.4561 96.5340 98.1916 99.3648 100.0439 101.0836 102.2994 103.6872 104.3712 105.8247 105.6550 106.0800
112.1000 108.7811 109.2195 107.9851 107.1440 107.2277 106.5139 106.5012 105.3930 104.5164 105.5279 104.0240 102.6883 101.5348 101.3671 100.2528 98.9438 97.7205 95.2116 93.2937 89.4704 85.7071 83.8496 79.4071 79.5245 82.9962 87.1474 91.8931 93.6105 94.5259 97.4323 98.1225 99.5178 101.4445 102.4748 103.0741 103.6358 104.7709 106.6761 106.6500
110.4600 113.6884 113.7004 113.0845 109.8643 108.6459 108.7843 106.7545 106.1671 104.5821 105.3500 103.1894 102.4650 101.6229 101.1670 99.5885 98.8903 97.1996 93.9683 91.3653 87.9392 86.4885 80.2901 72.2805 72.3992 77.3188 83.9040 89.0682 91.4914 94.2425 96.5273 98.2506 100.3549 101.5787 102.0804 102.9192 103.5227 105.5118 106.4555 106.6300
115.2700 110.5004 111.2976 110.3495 111.6437 109.4263 106.0739 105.8715 105.3420 104.2086 106.0403 103.5098 102.4303 101.8039 101.0034 99.8303 98.2583 96.8532 93.8274 90.6436 86.6913 84.6040 73.2973 62.9312 61.8962 73.8800 86.2326 87.6132 91.6258 94.9348 96.7855 99.0465 100.2640 101.2830 101.8854 102.7742 103.7445 105.2216 104.8656 104.6800
107.6600 109.9046 106.1874 114.2073 108.1166 109.3598 107.1572 105.5378 105.1895 104.8866 105.3120 103.4173 102.4167 101.7361 101.0828 99.9671 98.5278 97.0202 93.9214 90.6914 86.7196 84.2037 73.1502 65.8104 65.3456 73.8116 85.5592 87.6408 92.1032 94.9378 96.9892 99.0164 100.2220 101.2942 101.9540 102.8247 103.7079 105.4566 105.2134 104.6700
107.6300 108.1418 107.9278 107.4037 108.0792 106.6473 106.6407 106.9679 105.8563 104.9256 105.0909 103.6236 102.4268 101.6466 101.1618 100.3539 99.3750 97.3390 95.2703 91.7721 88.2757 83.7214 77.0834 71.8562 72.3385 80.9455 84.7677 88.9655 93.8270 96.2353 98.2977 99.6077 100.3542 101.2942 102.3052 102.9685 103.7412 106.2789 105.0435 106.4500
108.5600 108.2433 108.3094 108.2584 107.9094 107.5742 106.5571 105.7656 105.6468 105.0446 104.6220 103.8558 102.8351 101.9651 101.2664 100.4809 99.6173 98.1917 96.8531 93.4407 90.8963 87.1557 83.1483 80.8653 81.2259 84.0167 87.5878 90.8086 95.0316 96.7385 97.7973 99.7518 100.6701 101.5993 102.2343 103.1063 104.4731 105.7538 105.7639 106.8400
107.8100 107.4544 108.6022 107.8287 107.8138 107.3637 107.2543 106.2647 106.5072 104.8080 104.4546 104.3016 102.8151 102.2145 101.4178 100.7162 100.0235 99.0025 97.6998 94.8495 92.7897 89.7603 89.7419 88.1333 87.9442 88.6051 91.1479 93.5989 96.7267 97.4548 98.4893 100.1600 100.7113 101.8280 102.3250 103.8774 104.8853 105.9339 106.1000 106.9100
109.1700 108.6272 107.9572 107.5781 107.4479 106.9050 106.3541 106.7491 105.8409 105.5589 104.9747 104.9277 103.5828 102.4585 101.8812 101.1843 100.5540 99.7032 98.2962 96.6620 95.1507 92.4294 92.5302 92.6969 92.5654 91.7950 93.3379 94.8650 97.4647 98.9029 99.4597 100.0476 100.6938 102.2153 102.7394 103.7147 103.0592 106.5456 105.4374 106.4400
108.7300 108.6793 108.3955 107.6923 107.9165 106.7755 106.9577 106.7523 105.5366 106.1970 105.8534 105.5338 104.7543 103.8538 102.2276 101.8215 101.0371 100.0300 99.4673 98.2918 97.5280 97.1741 94.8982 94.5898 94.5225 94.9017 95.7995 96.9438 98.5511 99.3194 100.0454 100.6519 101.6691 102.5469 103.0370 104.0865 106.1748 105.9002 106.3248 106.4800
109.3000 107.8984 108.8447 107.9506 107.8117 107.8399 108.1310 107.3718 106.8009 106.5520 105.9821 105.7011 104.1443 103.3005 102.6959 101.8318 101.3071 100.6605 100.2569 99.2669 98.3047 97.5612 97.1069 96.4427 96.1419 97.1930 98.1411 98.4840 99.9183 100.4768 100.8363 101.3817 102.1782 102.9592 103.5017 104.3091 105.5428 104.6908 105.5374 106.3300
108.0900 108.5842 107.4938 108.3125 108.4987 108.1152 106.7106 107.1258 106.7453 105.8676 105.5123 105.3921 104.0999 103.7434 103.2252 102.6609 102.1748 101.5307 101.0243 100.1753 99.5780 98.9125 98.9044 98.6304 98.1705 98.8548 99.3657 99.5688 100.5693 101.2591 101.6922 102.0882 102.4159 103.1993 104.9207 105.1269 105.3206 105.9434 105.7780 106.8200
103.7500 107.8205 109.6388 109.8628 107.3604 108.3656 108.0490 107.4467 106.1160 105.4038 106.7479 105.8397 105.3503 104.5681 103.3580 103.0044 102.5064 102.0923 101.7517 101.0806 100.5911 100.4192 100.0324 99.5672 99.5901 99.6773 100.6337 100.5736 101.2235 101.9786 102.2121 102.6292 102.9131 105.0680 105.8355 106.0226 105.8105 106.8490 107.0492 107.0900
108.3700 108.7086 108.4303 107.7327 107.4168 107.9002 107.9358 107.3527 106.3221 106.4259 106.7882 106.7075 105.5502 104.6384 104.3000 103.1656 103.1599 102.6289 102.1514 101.8002 101.4828 101.4642 101.1504 101.2137 101.1926 100.9514 101.1320 101.5248 102.1576 102.5576 102.9688 102.9944 104.3746 106.0958 104.1778 105.3858 105.6134 107.1605 107.1434 107.6800
109.2500 109.5730 109.5156 109.2352 108.9383 108.5984 106.8599 107.4957 105.9753 105.9072 106.5929 106.9000 106.4053 106.7441 106.2795 103.7011 103.8157 103.2505 102.6629 102.6543 102.3954 102.2355 101.9918 102.0349 101.9658 101.8511 102.0767 102.4629 102.0986 103.1424 103.0935 103.9071 105.8689 104.5250 106.1869 105.3118 107.0561 106.6354 106.9603 107.4400
109.4800 109.3007 108.0415 108.7281 108.7341 108.4264 107.5227 107.0905 107.3146 107.1471 107.6239 107.6449 106.6269 107.3818 105.1228 105.0490 105.7042 105.0502 103.6023 103.1371 102.9581 102.8660 102.7753 102.5538 102.4947 102.5698 102.6749 102.8519 104.1760 110.2516 105.6076 105.0872 105.9742 106.4374 110.8385 106.9956 106.5830 109.2510 107.6309 106.8600
109.9700 112.1963 113.1665 109.0461 108.6424 108.0742 108.8881 108.6097 108.3952 108.1512 107.8186 107.4071 105.5312 105.6931 105.4381 106.8555 107.6247 106.2558 105.6193 104.1787 105.0087 103.5274 103.4729 103.3106 103.3356 103.4135 104.3340 104.3486 104.4845 106.0892 105.6208 105.4325 105.7809 106.0508 106.7971 110.0550 106.9825 110.0331 107.6006 108.1800
109.9700 112.2236 110.2461 108.9444 108.7330 108.0574 108.5796 108.3659 107.8409 108.0457 107.9771 107.3183 107.1388 106.3486 105.0640 109.3552 106.5162 106.8388 105.8501 105.5784 105.0795 105.9110 104.8063 105.1452 104.7335 104.6215 105.6776 106.1666 105.4155 106.7563 104.2078 105.7285 107.0409 105.9817 105.7848 106.3164 107.4299 107.7823 108.1173 108.1800
110.4300 112.3064 110.4777 109.3488 107.3995 106.1010 108.7050 108.3518 107.7282 107.3694 107.4045 107.3193 108.0807 106.5713 110.0686 105.7111 105.4968 106.1324 106.1817 106.5713 104.8352 104.8729 104.8767 105.6491 105.3904 105.0541 109.5546 105.7668 106.7111 106.9299 105.8721 107.2042 106.8335 106.3685 106.5147 106.3903 108.2104 107.3079 110.4796 108.0900
110.5800 109.7837 109.4403 109.5698 108.1937 108.1224 108.8326 108.4375 108.1013 107.1629 107.2369 107.7607 107.6074 106.5854 105.4440 110.2998 108.0768 106.7017 106.9450 105.2075 105.6013 105.8280 106.1146 105.4273 105.2801 106.6461 108.6268 107.7081 105.8518 106.5561 105.7630 104.7373 106.5120 107.8071 107.8125 107.3571 108.2147 107.8699 107.8131 106.1600
107.3300 110.3462 111.5749 108.9274 108.9056 109.5594 109.2789 109.0542 109.0894 107.6995 108.3959 108.4228 112.5035 111.7356 106.3558 107.7797 107.3631 105.5176 106.5205 106.0605 105.5260 106.3582 106.1131 105.6911 105.6350 106.4943 107.2000 107.3434 106.8065 106.9002 106.0027 106.5326 107.1108 106.9292 108.1645 107.8261 107.5788 108.2230 108.5796 108.6800
114.8000 107.3800 109.8600 109.0100 108.9800 109.3100 109.3100 112.8300 112.8300 109.1200 108.1700 109.5200 110.2200 113.5200 107.0200 107.0200 106.9600 105.9800 106.3900 106.5900 105.9400 106.4600 106.4500 105.9000 105.5400 105.9900 105.1700 105.1700 108.2300 106.0400 106.9400 106.4500 106.8900 108.2000 108.4100 108.5600 108.5000 108.3300 108.8000 108.5600
