104.2300 102.8400 104.2300 101.4200 100.5600 99.8100 98.1500 97.3000 96.0000 92.3600 89.3400 85.7300 83.5700 83.5900 85.8400 88.9600 91.5500 93.6700 95.7100 97.0700 98.9800 100.5800 102.3500 100.5600 108.0800 113.4500 108.4600 111.7500 104.6800 103.8700 104.2300 110.0500 111.9700 110.9700 112.7700 117.0900 119.6400 120.3700 120.6100 120.8500
103.5100 103.3543 103.5570 103.5252 100.4152 99.5783 98.4129 97.0531 93.9217 90.7834 86.7784 82.4347 77.5606 76.6086 80.5380 84.6331 88.9045 92.3931 95.4439 97.2792 98.6914 99.7824 102.6624 100.3976 105.7756 113.0597 114.6760 107.6107 105.3549 103.7346 104.0379 109.1748 112.6222 111.4459 113.1245 115.9332 119.7070 118.8166 120.5858 120.8300
104.4500 104.6608 103.0074 101.8206 100.2975 99.5648 98.2124 96.0910 92.7122 88.9937 83.8880 77.7611 69.7424 68.3737 74.1664 82.2113 87.2606 91.3440 94.7402 96.8948 98.4079 99.7224 101.0218 100.7192 104.9719 111.7954 112.3752 108.0040 105.4903 103.8780 104.2151 105.7848 107.8057 110.1276 112.8298 115.8838 119.9788 120.0846 120.5925 120.8200
105.2200 103.3111 103.5657 101.3537 100.2239 99.0569 97.7192 95.9605 94.1466 89.5703 83.6007 75.5208 66.2170 64.4509 70.8657 84.1598 87.3840 91.0083 94.2172 96.5712 98.3271 99.6986 100.9833 100.9281 104.7018 110.5441 111.4415 108.0476 105.6318 103.8994 104.1234 105.9976 107.9401 110.1310 112.7606 116.0066 119.8654 120.0887 120.5698 120.8200
105.2200 103.9202 103.6923 101.7755 100.3431 99.1571 97.6932 96.1964 94.3429 90.4128 84.9370 78.6599 70.3311 69.0938 74.6856 82.8905 87.7437 91.5000 94.5138 96.7528 98.4364 99.7022 100.8522 100.9514 105.0063 110.8968 111.4533 107.9348 105.5595 103.8793 104.1678 105.9580 107.8935 110.1611 112.8276 116.1109 119.9562 120.1825 120.5859 120.8200
104.4800 103.0574 104.8503 101.6557 100.6236 99.5768 98.1809 97.3289 95.2064 92.4016 88.1104 83.8934 78.0747 76.7101 80.4533 85.2883 89.6123 92.5968 95.1761 97.2055 98.7295 99.8613 102.1000 101.0404 105.7140 111.2091 110.9508 107.5852 105.3842 103.7829 104.3271 106.1272 108.0972 110.3516 113.0410 116.3894 119.9940 120.1976 120.5970 120.8200
104.5200 103.7384 103.5856 102.4089 100.7165 99.9695 99.2693 98.3837 96.5009 93.8487 89.6983 87.7229 87.2295 85.8549 86.2566 89.6323 92.0574 94.3976 96.0981 97.8092 99.1718 100.2596 101.7092 101.8642 107.3934 112.5024 111.2201 107.2757 105.0409 103.6601 104.5658 106.3753 108.3623 110.6596 113.3760 116.8428 120.0625 120.2483 120.6383 120.8400
105.6700 104.9855 104.4754 102.6241 101.3465 100.6282 99.6960 98.5934 97.8069 96.4498 93.6046 92.2673 91.5110 91.2787 88.7606 92.9821 94.5309 96.0905 97.1487 98.5383 99.7244 100.6168 103.6774 102.0846 106.6962 112.3912 105.8774 105.9066 104.6725 103.7173 104.9717 106.7668 108.7816 111.0869 113.8829 117.4980 120.0988 120.3152 120.6847 120.8600
105.5700 104.0678 104.2269 102.4691 101.6854 100.9699 100.3193 99.3792 98.5033 97.3485 96.8035 95.9953 94.2352 94.9852 95.4020 95.9608 96.1803 97.1231 98.2240 99.3256 100.3124 102.5344 102.3757 104.5026 108.4832 111.6864 107.7774 103.2738 104.4186 103.7717 105.5551 107.2316 109.2971 111.6780 114.5094 118.1783 120.1691 120.4071 120.7579 120.8800
104.4500 104.0988 104.6093 102.7867 103.3457 101.6257 100.9809 100.1601 99.5883 98.2101 97.8921 97.4007 96.3912 96.4764 97.3382 97.8527 97.6232 98.3128 99.2323 100.0478 101.1914 101.0828 101.1318 104.7833 108.6877 105.2713 104.9966 106.3198 104.9862 107.2939 106.0021 107.8777 109.9501 112.3890 115.3586 118.9818 120.1647 120.4734 120.8679 120.6500
104.8300 104.0327 105.0393 104.7099 104.2205 103.4064 101.3092 101.0193 100.3770 99.5589 99.2678 98.6589 98.0326 97.7354 98.3310 98.7687 99.1646 99.6200 100.2462 100.9865 101.3836 101.4437 103.2678 109.8050 107.7433 103.7687 105.0777 108.3051 107.8130 107.7342 106.4109 108.6127 110.7626 113.2301 116.3395 119.5109 120.2206 120.5600 120.9556 120.3600
106.4400 104.9610 103.9451 105.1567 103.4353 104.4793 102.6053 101.4872 101.2605 101.2284 100.3345 99.9637 99.7492 99.6557 100.0095 99.8468 100.2214 100.7169 101.2168 103.1916 105.4643 104.8645 102.6630 106.3786 108.2187 103.4726 104.3874 107.5858 106.4189 107.5629 107.6343 109.4628 111.6432 114.1995 117.0914 119.8788 120.3120 120.6581 120.9042 120.0100
106.5100 105.4610 106.1763 105.2227 104.4396 102.7949 104.8202 102.2915 100.9474 98.9270 101.4876 100.8964 100.8827 100.8970 100.7977 100.8407 101.3024 101.2641 104.6353 102.8850 107.0238 105.0698 103.6113 103.8377 105.1661 106.2068 103.4927 104.5343 103.9561 105.5532 107.7808 108.1347 113.1321 115.1615 118.2005 120.2009 120.4289 120.7514 120.0098 119.4300
105.2500 105.8503 105.3723 106.0003 104.7282 102.6577 105.1352 104.7597 102.8543 98.9015 102.6182 102.1595 101.6673 101.8492 101.9560 102.0392 102.3037 103.9031 101.1141 99.8582 104.7750 104.0367 105.3038 105.8138 104.4833 105.0790 104.7653 105.5839 105.8695 108.8443 109.2719 109.7264 117.6845 117.4083 118.0339 119.6266 120.3723 120.6386 121.2634 121.4900
106.4100 106.4362 106.0048 105.9016 105.2426 104.7844 104.5114 110.0123 105.9969 100.7772 96.8394 103.4950 103.8989 104.4941 103.0113 104.0252 104.6624 103.6403 102.7555 105.3084 105.5345 105.9282 105.9000 106.0269 107.0302 107.0981 107.7663 107.2482 106.3901 108.4130 111.6566 112.9583 113.9287 118.6322 116.6004 119.7671 120.3467 121.6034 121.6972 121.5300
106.3100 107.5077 106.3536 106.1416 105.9288 105.9279 105.3815 107.3293 106.2425 101.6142 102.2552 100.9801 104.5751 104.4542 103.9315 105.2745 105.3026 101.8311 104.4584 104.9741 105.8613 106.0033 106.8330 108.3287 106.5417 107.3963 109.0340 114.3755 110.5639 107.5975 109.4393 112.7605 115.6546 117.4315 112.3125 117.0919 115.4587 114.6433 116.9001 121.5800
106.3100 106.8968 106.3665 106.6604 105.7199 104.3726 108.4352 105.7545 106.0209 104.8330 103.3773 103.4880 104.9001 105.6060 104.0746 105.3679 102.0067 102.6848 104.7538 105.6694 105.9650 105.1575 107.3255 107.5225 105.3435 105.7890 106.9609 111.1198 110.9253 109.8508 104.5505 110.1405 116.9630 109.7866 114.4234 117.7327 113.8269 107.2617 109.2995 111.5800
109.3200 107.0947 106.5832 107.0252 107.3512 105.9659 111.6254 106.5495 103.0889 105.5056 104.9150 104.8578 107.9459 106.0721 103.3995 105.6087 105.7685 103.7795 102.2517 106.0517 105.8638 105.2428 105.7380 106.3615 106.9339 112.2290 112.0474 109.4085 112.9424 109.6874 112.5309 106.8326 113.5201 116.7781 110.6623 118.9845 121.3786 110.3164 117.1728 115.7800
106.7500 110.6188 107.4914 109.8640 106.1142 108.7663 107.1847 108.6411 108.4495 105.2975 105.1511 106.3160 105.3855 105.2499 105.5777 106.3781 105.0852 105.4450 106.0809 106.9300 106.1941 106.0671 106.1341 105.9772 110.8083 112.7937 113.1199 110.7225 115.0560 113.5225 113.7369 113.2955 115.9427 111.9292 115.1181 113.1439 119.9986 115.0288 118.4965 114.2700
110.5700 109.4222 110.6978 107.7889 108.0743 111.5161 107.5261 104.9513 105.4853 105.7218 105.8085 105.9024 106.4507 106.7783 108.5222 105.6882 106.1827 106.4456 105.9402 107.4171 106.9598 107.4664 106.2416 106.0070 109.0270 112.1491 108.8291 106.8882 108.6117 113.9361 110.8646 115.0517 116.9564 113.7616 109.2571 108.1794 119.0159 119.5061 112.6621 118.4400
109.7300 110.4814 110.9861 108.3212 107.9261 108.5673 108.2561 106.6209 105.9978 106.7637 105.7577 107.4171 106.9506 106.4024 109.1640 107.0220 107.3752 106.5970 106.5287 106.0578 107.2241 108.0811 107.0798 107.0463 110.0977 108.3040 110.9985 108.1861 108.4621 110.4449 108.9186 105.8517 116.0557 104.4446 105.4379 105.0961 110.5661 110.5308 118.8771 118.5900
109.2800 109.2990 111.3819 108.8558 107.7635 108.0634 110.1284 110.5042 106.0234 106.1721 106.0719 107.9432 107.1839 107.0689 107.4064 105.7437 106.6521 107.6110 107.0302 108.4407 107.8282 108.1100 108.1135 108.7441 108.8624 113.8419 112.5899 117.0728 114.2467 109.4498 109.0084 109.8074 108.9860 105.8290 106.3723 116.4754 106.8475 109.7314 114.3219 118.5700
110.0200 115.7770 116.8036 108.0561 109.4049 109.7300 109.7317 109.2271 106.6585 106.3232 108.9841 110.9475 107.4657 112.3666 107.3985 107.1430 106.6803 107.8736 108.5892 108.7315 107.8620 107.8331 108.4836 109.1150 110.1155 109.3539 101.5589 111.5152 116.3254 114.1166 112.9087 113.9476 114.8550 112.4285 113.1763 114.8158 117.4161 114.0533 111.0128 115.0500
102.8800 110.1453 113.3333 109.6069 109.2228 113.1088 111.3768 107.0688 106.7975 111.5819 110.2144 112.0714 108.1955 108.5696 111.8490 108.1309 108.0815 107.5026 109.7599 109.1617 107.5271 109.0120 113.1392 109.0086 107.4387 107.3081 113.7839 116.5035 115.1594 111.8063 112.2204 113.2024 112.8991 113.2596 114.9085 114.0798 115.9622 116.0849 109.6003 109.6700
111.4300 115.5619 109.8801 105.8968 111.7031 110.0063 113.4231 107.8819 107.1162 107.6278 110.3281 113.6863 112.7381 111.1749 111.0250 108.7207 108.2091 108.9372 111.9784 110.7676 108.0808 108.2450 109.2718 110.3065 108.3036 112.0145 112.1286 112.6464 109.3801 110.4607 114.1595 114.0129 112.6644 114.7210 113.6480 113.9465 114.8386 118.4201 113.0281 109.1000
112.3200 113.5999 110.8174 108.1175 114.4524 106.3858 109.6667 110.2003 107.4212 107.6193 109.8743 111.7004 109.5668 110.0282 111.8873 107.8268 108.3751 108.5296 107.8243 109.0213 107.7251 108.6825 110.3742 108.3657 102.5238 116.9671 115.7845 113.7936 111.5966 115.8158 115.8381 114.1083 113.5512 113.7596 108.2361 111.7753 113.1588 119.0106 113.9472 109.1000
111.2000 109.1415 109.3095 111.1070 112.4473 108.7410 106.5319 108.6027 109.1190 110.3788 111.6282 108.2865 111.2944 112.5320 108.8626 109.6096 106.2868 102.9448 102.6293 109.6713 107.0281 109.0023 107.3811 110.7813 108.9987 108.1266 116.5385 113.0161 111.7188 112.2382 111.6949 111.6114 111.9575 112.3314 113.3954 113.2184 112.6725 117.4720 114.7670 118.3200
111.2000 109.8010 111.4574 112.8396 110.5605 109.4871 111.5203 109.0128 111.3731 111.7447 113.1435 107.9252 110.5976 113.9306 113.9695 106.4151 103.2406 103.2913 108.1310 111.0265 106.8385 106.7589 106.9433 111.0892 114.2245 113.6403 113.1715 111.7651 113.6195 110.7285 110.3400 108.9829 111.7188 111.1225 115.5129 113.7243 112.8033 112.3429 111.2708 118.3200
108.5000 112.3655 113.1821 110.5699 108.0490 110.6931 107.3531 108.1811 107.2567 108.6412 115.3653 102.3621 107.2948 110.3395 109.2196 114.1680 103.7509 107.1987 109.2652 111.4318 111.2925 108.2451 112.2598 108.7199 111.7820 110.7766 108.0246 112.4779 112.4183 110.8215 111.0572 110.8577 111.5922 113.4756 109.6532 110.1610 111.1168 108.9728 108.4513 109.0400
110.7700 113.3411 112.7536 112.5507 109.9282 112.5446 108.7368 108.7427 107.8006 110.5507 113.9683 110.9015 113.9189 108.0045 104.9783 113.7269 105.7025 107.9658 108.6709 112.5711 112.2119 110.3353 111.5380 107.3913 109.5741 109.4872 110.9268 111.9943 110.0675 115.8459 113.2317 111.7967 112.0434 110.9720 108.4683 110.1020 109.4145 110.2190 109.5867 109.0600
114.9500 113.7146 113.8783 109.3881 113.4816 108.9889 109.7224 109.1212 108.1975 110.0249 113.3414 111.6158 110.5808 113.9088 105.0358 111.7854 105.7122 110.1826 107.5126 113.5958 113.4125 109.7406 110.6337 110.5624 109.8612 109.2730 115.7524 112.3096 112.8385 115.0203 114.1543 108.9491 112.3533 108.7382 108.7190 109.4880 110.0810 110.6890 112.1286 112.1400
115.8200 114.8335 116.1412 107.1518 113.3173 108.9446 108.4587 107.9615 110.6939 111.2318 113.6686 113.1039 112.3315 108.8803 105.9029 112.2366 107.1108 109.0070 109.0881 108.4786 113.5634 110.7658 112.2332 113.7477 111.4181 108.8090 113.4619 109.6968 111.2563 113.0662 113.1168 109.0767 113.7999 113.7839 108.9669 108.8290 109.7767 110.4372 109.8069 112.4800
112.7100 112.0080 111.4454 110.6433 113.1300 112.3636 109.4166 111.5100 108.5344 108.5530 111.2203 111.5075 109.3403 107.7125 106.9861 113.9799 111.0804 108.1939 110.3236 109.9428 112.1321 114.6916 111.3289 115.1383 111.5933 110.3701 111.6377 112.8040 109.4158 112.5803 114.0618 112.7032 116.1381 113.6764 109.9553 108.8951 110.8326 109.1881 112.0875 112.7500
112.2200 111.1869 111.9711 110.0145 109.3558 114.0697 109.6155 112.0319 111.0787 112.1231 111.8935 112.4617 111.1320 109.4773 111.1759 114.3502 110.5008 108.3755 111.9533 110.3162 111.5355 110.7415 112.4537 115.6264 110.0202 111.7238 113.9943 110.7840 110.4628 110.1161 113.4676 112.6978 112.9181 112.3271 110.6803 110.2151 109.3368 113.8286 112.0990 113.4100
118.3400 113.3333 113.5272 111.5498 113.7861 115.3466 112.2352 111.9009 111.4852 113.4444 108.9880 112.1788 110.7185 112.5314 113.1272 114.1660 108.7616 108.7280 112.6245 111.3546 111.2936 111.3890 110.6694 116.3397 113.9290 112.2511 112.7206 112.1138 111.0274 112.0062 113.0087 108.7236 110.6038 112.2088 112.6250 111.7533 109.0962 113.1682 112.0154 113.7300
117.7400 116.3010 112.2333 115.2636 113.8360 114.0733 111.1087 110.8236 113.1865 111.1957 110.0053 107.9633 110.4246 115.7853 108.9753 114.6628 112.5987 110.3888 112.1526 114.0078 109.6502 110.4772 109.7968 111.3065 113.3867 111.4201 112.5590 112.7396 111.4351 112.0382 114.0182 111.1546 112.8196 108.1163 113.7073 111.8356 108.5430 110.4162 110.4761 113.7300
119.1100 117.0356 114.8634 117.4449 113.2518 115.7718 111.8459 111.9727 111.8110 113.1733 110.0698 108.7895 111.2743 117.5637 110.8508 112.3924 110.2223 110.7328 115.4084 114.4207 111.3019 112.1461 111.0121 112.9430 109.7241 114.1436 115.5552 111.6365 112.1072 112.7110 113.8462 110.7101 111.3507 110.8459 116.5832 114.6612 112.7648 111.5641 114.0191 115.6400
120.6700 118.9131 114.6752 115.7720 117.1999 115.0149 112.6264 113.2935 113.8368 112.5325 111.4972 112.2460 108.8232 120.2639 113.3914 113.0543 108.9710 111.4800 113.7974 117.8300 114.3408 114.0051 111.8262 112.4402 113.1685 117.7375 116.7292 114.7588 109.5046 113.1755 114.4633 115.2125 109.7071 115.7866 115.9081 116.1245 112.5300 112.4517 114.3848 114.4500
120.7800 120.9752 110.4470 114.0722 114.8389 113.0670 113.3934 115.8042 115.7683 112.8263 111.1505 110.9205 110.6099 117.0694 115.3421 114.6519 115.8142 112.5117 113.7772 114.1888 115.1490 116.6076 115.0313 114.8032 113.9154 116.6933 116.3306 114.3288 114.6534 115.6287 114.2964 115.2107 116.0104 116.1321 110.9449 116.6007 110.0229 111.2209 115.5598 112.5900
116.7000 116.3000 116.3000 119.5000 119.5000 113.8900 115.9000 116.3400 114.2700 115.0400 113.6400 113.6400 111.8300 116.4100 113.0600 117.3100 115.7800 113.3100 114.2900 115.2700 115.2700 116.6500 113.2100 115.4500 114.3200 113.7600 117.1300 117.3500 116.4200 116.9000 116.1400 116.1300 116.8700 116.5200 110.6900 110.5500 110.5500 111.6900 113.6500 113.0500
