108.7500 108.7500 111.9500 109.3500 109.3500 109.0500 112.6300 111.6900 111.6000 109.2900 110.6700 110.6700 119.0500 110.7500 115.0400 114.7400 112.8700 114.2200 114.2600 109.7300 109.7300 112.8700 112.9000 109.7300 112.9900 112.9800 117.8400 117.2800 112.4900 112.4900 112.5300 117.0700 116.9000 116.8100 116.4100 116.0600 116.0600 115.6500 115.3400 115.3400
110.9000 110.7619 110.3894 108.9739 110.9406 111.7317 111.4753 110.0780 110.5201 109.0815 109.4814 111.5709 116.0246 118.2895 110.9998 114.9365 112.3347 111.3078 112.4844 110.9765 109.6702 112.5859 113.1374 109.2910 113.1113 115.7659 117.7192 117.1767 115.0360 112.3711 116.4796 111.6454 115.7589 113.0996 112.3616 114.8249 117.7775 117.9296 115.7953 115.8500
108.9800 108.8350 109.7837 108.8954 110.4248 109.9054 112.0308 109.4932 111.7303 108.4348 111.3534 110.7535 115.5958 114.6129 110.9433 114.0073 112.2288 111.4368 111.6127 109.2025 107.8640 109.5360 109.9698 108.9582 114.1561 115.5933 117.5878 116.7000 116.6047 107.5030 112.7258 108.8627 109.2354 112.2769 113.8662 114.8140 117.0974 117.3238 116.0679 115.9500
111.4500 110.1409 110.8833 109.8892 110.7246 111.3217 115.7566 111.1133 110.4691 109.6336 111.9467 112.0289 117.0682 115.3689 111.1411 110.7015 108.2792 109.2897 113.7122 107.9591 109.0009 114.2448 114.4039 110.4257 109.8307 110.4081 117.3174 115.9020 114.5274 108.8374 114.2486 114.9283 115.9044 112.8928 118.0694 116.1462 117.6444 117.1308 116.6788 116.4700
112.8400 112.8341 111.3722 109.2487 108.5270 111.5921 112.7424 115.3583 115.3491 111.6725 116.0059 117.3079 115.4667 113.4652 109.0481 108.8513 108.7433 109.0256 112.6235 107.3981 107.7614 113.4507 110.8640 110.2831 108.6226 107.6336 113.8479 112.4677 109.3478 114.5108 117.6126 115.8544 113.7021 111.9806 112.6884 119.5090 118.2936 117.8626 117.6032 117.1300
112.8400 113.9558 111.1380 109.3423 108.3776 109.7064 114.8867 114.4309 110.4130 111.0558 114.8036 115.4350 111.2434 115.5875 108.6061 109.0617 109.2173 108.0905 110.5594 111.0944 111.5202 110.2887 113.7060 109.3027 109.4364 108.7826 113.3522 112.4765 110.2937 118.1479 116.7302 117.7924 113.5177 114.7587 111.5368 118.1881 117.6075 118.5257 117.3021 117.4600
109.3100 110.0029 110.4190 114.2661 111.4302 111.9099 116.1563 110.1980 112.5790 114.9781 116.3927 116.7533 115.6911 114.2290 111.8514 108.5709 109.8754 108.1949 110.8797 112.2513 111.8825 110.9193 112.4952 111.5635 110.9577 109.9541 108.8180 109.2325 110.1295 118.3273 117.3696 114.7927 109.7194 111.2141 113.2985 114.1323 117.3774 119.8034 117.4694 117.2100
113.4300 111.8188 112.0091 109.7005 110.2410 110.6088 114.8061 115.8340 111.9104 114.5721 115.7142 115.4628 115.5104 109.7879 115.0804 110.5348 109.6671 108.7641 111.1752 112.6455 110.6714 112.4719 111.1462 109.6726 108.6350 109.7717 109.1704 108.5593 110.0690 113.3860 115.2082 115.9222 108.7902 109.3579 110.8129 115.1353 116.5136 117.1655 117.6536 116.3500
113.9200 112.1127 112.3093 110.3317 113.5528 107.9874 114.7086 113.4454 112.0917 113.5863 111.9845 113.5201 110.4321 109.6082 114.8122 114.1594 108.8943 107.9448 107.8376 115.7941 116.0965 110.1672 109.4200 107.8288 111.0140 110.2510 109.8777 111.3006 109.6100 109.8699 112.9187 112.5344 108.3768 109.3531 111.5891 115.4831 117.1599 117.1418 116.5814 116.3700
109.3200 110.9193 110.1973 111.9656 112.8524 107.9128 116.1099 117.1017 110.9739 110.2310 108.6226 112.2575 111.7080 110.1238 111.6297 113.4597 109.6052 113.3754 107.9246 114.2542 115.5896 112.0048 111.1175 108.1620 110.9543 108.1801 113.5495 112.1389 108.7597 112.1306 113.1344 111.6449 113.5250 113.3549 112.6640 111.8265 114.9750 116.8840 115.4636 115.7200
116.6900 108.5647 114.0758 116.3840 112.9343 110.9247 115.5630 117.0398 111.3044 112.7907 109.0270 109.7021 110.0321 109.6280 110.4833 114.7955 111.5208 114.4805 110.1771 112.3663 113.6295 111.6668 113.6635 111.5482 110.3935 108.4675 115.3569 110.0791 108.4454 113.1147 109.5104 110.5326 111.7088 114.6055 111.9931 112.4822 114.3961 115.4820 114.1905 112.1300
116.2800 114.4997 109.3583 115.0906 113.7183 111.7670 115.9351 112.7332 111.7214 109.4614 109.6727 110.6289 109.9381 109.2687 107.3032 113.4943 109.8758 108.3439 113.7004 109.6985 116.2093 116.6053 115.8480 110.5890 109.7875 109.6884 110.0263 112.1167 114.5708 110.4155 107.2087 109.0239 109.7700 108.3898 111.9820 111.6384 113.0472 109.5463 110.0776 112.3500
111.2600 112.3368 113.5819 114.9219 115.1039 113.6922 113.7293 115.4260 112.6734 108.7206 107.6712 112.4923 110.1866 109.0577 108.7288 112.3527 113.4749 110.0036 107.2888 107.6666 108.1844 117.7106 110.9949 112.3006 110.2412 112.8496 111.2591 114.1782 110.0898 109.3011 108.5402 115.1925 110.2657 109.5448 112.0803 109.2164 113.7001 109.9527 108.6638 108.5200
110.3200 109.5331 109.7040 110.9395 108.5828 111.1470 114.7687 115.6924 116.0700 108.9892 107.8621 109.4415 110.0900 109.1254 112.3095 109.2394 113.8335 111.9380 108.4340 109.0855 111.6530 116.0870 116.2185 109.4624 107.9795 110.6508 112.0079 116.2692 108.4526 111.2236 110.6708 115.4424 114.1540 110.2839 112.1503 109.3924 108.6650 108.8672 110.0013 111.3300
114.8600 112.4258 110.1989 110.2407 110.6679 111.3699 114.2315 114.4632 110.3676 107.1227 107.5126 108.0260 109.2141 113.6861 110.0377 109.3756 112.4186 108.5013 110.0808 111.9791 111.8040 113.1493 111.5515 111.9729 108.5156 114.2851 114.7295 114.5540 107.7953 110.5369 116.6675 115.0915 112.7482 108.9908 109.2628 109.0432 109.8269 111.5777 109.8956 108.1200
116.3300 111.1461 109.0667 109.7352 109.9649 109.9354 114.8006 114.6096 113.0688 111.9174 110.7347 108.1628 108.3131 109.3814 110.9389 107.0640 108.9708 108.6477 108.6515 109.9428 108.0671 111.1751 111.7349 109.9469 113.9483 111.5899 115.3646 110.9924 107.7519 112.4613 114.3744 112.6507 108.7719 108.4686 109.3012 108.6348 108.1867 110.6667 107.8298 108.6400
116.3300 114.0238 109.2053 109.5654 109.4941 108.7780 108.5530 114.2778 108.6413 112.4892 114.0304 110.6352 108.2739 108.1998 108.3636 108.4392 109.6192 109.3333 108.2809 112.4686 112.2811 111.2170 108.2076 108.8032 110.7237 112.4003 114.9071 111.4613 111.8903 113.6313 112.5758 107.9347 107.3985 107.4490 106.4172 106.6564 106.4605 106.7323 111.0634 108.9000
112.1800 111.4441 107.5552 107.9815 109.1793 109.0424 108.6345 111.5207 108.3422 107.9076 111.6500 115.2791 107.2235 110.2388 111.1988 107.7925 108.1350 108.0819 108.0497 107.5443 108.2282 110.6861 106.2018 107.6492 110.5730 112.0809 113.1742 108.6151 113.9080 111.5628 110.8786 107.3548 108.0803 109.6126 115.4149 112.7602 111.9868 111.2502 109.8746 107.3100
111.8000 108.2930 107.0485 107.9207 108.8481 108.4533 107.8929 108.5511 108.0084 107.4559 106.8935 110.4149 107.4372 111.6988 106.9194 107.3357 109.4189 108.1955 107.3102 105.5174 105.3641 106.7078 104.0457 107.2217 111.7598 110.9028 107.2576 106.8510 112.3803 109.7564 108.2952 107.6356 108.4356 109.9599 110.1354 108.3264 112.1510 110.7660 113.0324 109.2900
109.6300 111.7468 110.1307 111.2371 107.8292 108.3356 108.6829 108.7167 108.5902 106.8107 110.1844 107.0792 107.4689 107.7335 107.2307 107.3069 107.4366 107.4129 107.3069 107.7871 109.0247 100.2843 105.3174 106.1693 107.2734 110.0826 106.8983 105.7709 108.3104 107.1314 108.2090 107.0606 112.9517 108.5982 109.2261 109.2818 108.0119 107.4937 109.8783 109.6400
109.9600 109.8628 114.3271 111.8118 110.7210 111.0059 108.9204 107.6845 107.6890 106.9412 106.4491 105.7437 109.9751 106.8151 107.4217 107.2241 106.3050 105.1792 107.1006 109.6856 111.4517 106.4744 112.2589 106.1927 106.7610 107.6387 112.1277 108.2244 107.5102 107.4592 106.7173 108.3463 107.8457 108.1463 108.0697 108.4274 107.8036 108.0884 108.5092 109.6200
108.7500 107.9747 108.9744 108.5836 108.5559 111.0568 106.7049 107.9102 107.4131 107.1562 106.2532 106.0475 109.9855 107.1764 107.0012 106.3877 106.3237 105.1618 105.6139 106.8842 108.3243 106.3629 106.5451 106.9808 106.6051 106.0319 107.2543 106.5772 107.2291 107.0578 106.8518 107.8443 108.1237 108.1522 108.5563 108.4965 107.8120 108.7157 107.6444 108.1700
108.2500 108.1789 108.6772 111.9946 107.8800 112.3637 108.0939 107.6849 107.3712 107.1599 106.0839 106.0489 105.9834 106.1930 106.0724 106.1188 107.1115 104.7921 105.9173 104.4638 103.3237 110.5212 106.0858 106.1007 104.6461 105.1004 106.5741 106.4268 107.5331 105.9739 106.0972 107.7679 107.7148 107.6031 108.4253 107.9163 107.3396 108.1777 107.8303 108.1500
108.1100 107.5786 108.7919 107.7014 109.6862 109.6360 107.8189 107.2605 107.4936 106.5862 106.8136 106.8409 106.1274 105.3498 105.1693 104.3549 106.6180 105.2979 103.8361 106.5358 108.3568 110.9083 105.5229 105.7164 106.7549 105.0971 107.0389 104.8565 108.7984 109.6969 106.2495 107.6155 107.4490 107.2351 107.2712 108.2495 108.5017 110.4569 107.6657 108.1500
108.1900 108.3710 107.9727 107.5843 111.1637 109.8844 108.2767 107.0444 107.2223 106.6369 106.7256 105.3974 106.3607 105.9158 105.1949 104.4668 104.4471 103.5381 103.4968 104.4747 104.4761 107.9104 103.5140 104.5312 105.8110 109.1298 105.0826 106.0409 106.0812 104.8089 105.6937 107.4941 106.5046 106.3703 106.4760 108.7583 108.7138 108.9911 108.7718 110.8100
107.4300 108.4709 106.5631 107.4071 106.9612 107.5639 105.9933 106.3653 106.1515 105.2569 104.6714 106.0025 106.2818 104.6875 103.4684 103.2153 103.0844 102.9947 102.8092 102.5268 102.3662 102.1603 103.1102 102.8434 102.9236 103.4040 103.9789 104.2867 104.7251 105.0917 105.1814 106.6431 107.0094 106.5469 106.0829 110.2992 107.5396 106.9316 108.2437 108.5000
107.4300 108.1076 107.5213 107.0286 107.4290 107.7620 106.6473 106.1931 105.2305 104.3234 105.6335 105.0024 104.2848 103.1892 102.8011 102.7624 102.5636 102.0648 102.0534 101.9693 102.0073 101.9815 102.1081 102.1689 102.2964 102.7290 103.3671 104.0246 104.4920 106.2691 105.7452 105.5788 106.0988 105.5868 107.0224 106.7146 107.2020 107.9885 107.5723 108.5000
108.7600 108.1852 107.9428 106.1541 107.6945 106.5126 106.2785 105.8860 106.6936 104.7949 105.4791 103.2198 103.1093 102.5522 102.3830 101.9740 101.6928 101.1699 101.3556 101.0690 101.0168 100.8854 101.0912 101.6241 101.6126 102.2248 102.6277 102.9341 103.3794 104.6887 106.3313 104.4367 106.1562 106.7373 106.3397 106.3659 107.5904 106.7587 107.9269 108.5900
107.8100 106.8412 107.1602 107.1652 107.1309 105.8064 105.4581 105.3993 106.0933 104.3291 103.6498 103.0295 102.5409 102.2488 102.0008 101.3385 100.8746 100.4911 100.3024 99.7871 99.8113 99.9012 100.1703 100.4918 100.6402 101.3459 102.1765 102.3902 103.0847 103.8057 104.3863 104.8833 106.2353 105.8125 107.0649 107.2477 107.5679 108.1118 107.4707 109.2000
108.7200 107.0645 108.0206 107.1565 106.3258 105.3218 105.2647 105.8909 104.1095 103.4943 103.1152 102.5715 101.7916 101.4303 101.3680 100.2521 99.4667 99.1271 98.7244 98.4525 98.4480 98.8524 99.3968 99.8159 100.2174 100.2313 101.6977 101.7710 102.4314 103.1647 104.3751 105.7953 105.6198 106.6799 105.7333 106.0487 112.9445 106.2447 108.3769 108.2300
106.7700 106.8950 106.3781 107.0862 107.4577 105.2608 104.5559 104.6304 103.6454 103.6224 102.4498 101.9570 101.1187 100.9716 100.7280 99.0246 98.5392 97.7271 97.0236 96.6639 96.7592 97.5730 98.1393 98.5780 99.3413 99.6827 100.4140 101.3266 102.0600 102.7731 103.3758 104.0765 106.2009 105.7649 106.5205 104.8368 110.3636 107.3190 107.9296 106.8500
108.3200 107.8333 106.2484 105.9496 107.0557 105.5313 105.6030 104.1560 103.7960 102.8165 102.1836 101.2430 100.6960 100.1891 99.4304 98.0953 96.8139 96.2164 95.7686 94.9905 95.0773 95.3809 96.1899 97.2706 97.8385 98.5377 99.5115 100.7872 101.3199 102.0661 102.9650 103.6189 105.5781 106.3301 106.0195 105.4912 105.9611 107.1323 107.3718 108.0100
107.6400 106.6220 105.9564 106.5779 105.1507 106.5396 105.5360 103.8793 103.2671 102.6378 101.7281 101.1321 100.1561 99.6727 97.9240 96.3902 95.0207 94.6669 93.3588 92.3942 92.3045 93.2281 94.3948 95.5468 96.3294 97.5656 98.8358 99.8571 100.6968 101.5668 102.5103 103.0735 104.2793 105.2516 104.7000 105.4591 109.5946 106.8618 107.3409 107.9900
108.0500 107.7879 106.2495 106.7228 105.6891 104.9218 104.3477 103.8219 103.0137 102.3415 101.2493 100.9679 99.3872 98.8936 97.6612 95.3839 93.9635 91.9009 89.6960 88.5391 88.4440 90.0688 91.3106 93.2870 95.3951 96.6995 97.9637 99.3857 100.4458 101.4655 102.2824 102.5530 104.9444 105.6162 106.0091 105.0635 104.9543 107.6887 108.6618 105.9300
106.5600 107.4981 107.3158 106.3232 105.6877 106.2472 104.0723 103.6491 102.8458 102.0976 100.8557 99.6408 98.6983 97.6970 96.5727 93.9762 92.1849 88.5704 85.0466 83.3779 83.8776 86.0191 88.0114 90.5112 93.1258 95.3127 97.3315 98.7537 99.9782 101.3006 102.0101 102.5479 103.0637 105.7485 104.7305 105.6167 105.8111 107.6242 106.2854 106.7300
108.3100 108.2591 107.2193 106.7138 106.2323 104.9563 104.0712 103.3758 102.5717 101.8456 100.6701 99.5805 98.5899 96.8386 94.9440 91.6407 89.3145 85.2045 81.4878 74.8291 74.4477 80.4926 84.6229 88.2458 92.0343 95.0597 96.9257 98.6496 99.7193 100.9989 101.9490 102.5848 103.2133 107.9135 108.9835 106.3336 104.6012 109.1552 106.7927 108.4600
106.6500 106.7548 106.9328 107.2533 106.4123 104.8545 103.9101 103.3953 102.6179 101.7034 100.8648 99.2021 98.6728 97.3051 94.8685 91.6690 87.7074 82.6155 75.9916 68.5005 67.4252 73.7269 83.3292 87.8709 91.7499 94.9032 96.9691 98.3418 99.5939 100.7508 101.9300 102.6087 103.0073 105.2792 106.4940 104.5056 109.4603 108.5853 110.9707 105.4400
107.6400 106.5475 107.4514 107.1742 107.2111 105.4041 103.8945 103.4100 102.6286 101.7702 100.6551 99.4644 98.4587 97.1611 94.7209 92.1982 87.0929 81.4781 72.7384 64.1883 61.9212 69.7332 82.5179 87.4889 91.4680 94.8095 96.8571 98.2083 99.4072 100.6803 101.9104 102.5830 103.1891 103.6032 106.2276 104.6706 111.5704 106.4238 112.2279 105.4400
107.6400 106.5764 106.9265 106.9869 105.5201 106.1829 103.8097 103.4335 102.6854 101.9120 100.6424 99.5450 98.5147 96.5717 95.2606 93.1119 88.3732 82.8940 75.9332 70.0941 69.3006 76.3815 83.5311 88.4578 91.7821 94.3228 96.9202 98.0912 99.8590 101.0156 101.7801 102.4285 103.3158 103.8786 105.5202 105.8571 105.5601 106.6985 107.9048 111.4100
107.4100 107.4100 105.7800 106.9200 106.9200 106.5500 104.1200 103.2300 102.2800 102.2800 101.0200 100.3100 98.5900 96.7900 94.9900 93.1300 90.8200 84.1300 79.6400 74.5700 74.5500 79.7800 83.7400 91.2200 93.1000 94.3200 97.7300 98.3700 100.3000 101.1200 102.0900 102.6200 103.2200 103.7800 104.5700 105.9700 105.4700 106.6300 111.6800 109.1600
