108.6400 109.1100 109.1100 108.5800 112.6500 117.4400 108.8400 114.8000 109.1300 109.1300 109.8800 109.5200 108.6600 110.4400 109.5600 109.5900 109.5900 115.0700 113.8800 113.8800 112.4700 112.4700 114.1000 113.7400 110.6000 110.6000 109.6800 112.8000 115.5500 114.9400 114.5900 114.3000 114.3000 112.3600 113.8600 113.6300 113.2200 113.0400 112.9000 112.9000
108.6400 108.9773 108.4760 110.6811 112.5732 108.2940 110.3653 113.1470 108.0929 109.2881 110.2097 109.4384 109.0741 109.5781 109.3835 108.0573 107.5197 115.1787 115.3240 111.4614 112.7278 110.0305 113.0942 113.9162 112.1211 111.4610 110.7978 111.6757 110.1678 115.4234 113.1280 114.4813 113.0729 110.7377 113.3058 113.6017 114.7473 114.6396 113.1498 114.2100
109.4200 109.0740 109.8340 109.7343 108.7832 114.7047 113.8510 108.8253 109.4133 110.1997 109.7294 109.8091 111.3962 109.7893 109.8956 111.3154 110.0113 115.2724 111.2595 113.0527 112.5327 111.2451 110.0452 113.2204 108.4874 111.0431 109.0577 109.7137 109.6278 116.6914 115.6117 115.7735 112.9789 111.2850 110.9758 110.4547 108.5949 113.1123 110.7844 110.6200
108.6800 109.2239 110.9629 107.8051 112.6937 109.6687 109.6339 108.7292 109.7814 110.1785 110.4896 110.1664 112.5481 108.7818 110.2654 111.8280 112.9929 112.8125 108.4701 113.1653 113.1638 111.1984 114.3203 111.2994 109.4910 108.7325 110.7940 108.9072 108.7862 113.1174 115.9155 114.1139 112.8205 111.8501 110.9240 111.1001 109.7610 110.1801 112.4968 113.6100
116.0900 110.5775 110.4515 110.2166 111.6748 112.8574 109.8528 112.3016 112.1760 109.9706 108.5803 110.5780 116.3756 108.6358 109.3968 109.8509 113.1097 112.8318 111.5659 110.2221 108.6100 109.0724 111.8823 107.7356 109.1018 109.7128 112.2188 110.8584 108.5832 110.4302 114.1233 115.4064 112.2608 109.2887 112.5373 110.4365 112.9333 111.0706 113.3863 113.6100
116.0900 109.2998 108.7195 110.8926 109.3755 110.7728 113.1922 116.6989 112.9741 111.4687 110.2360 109.4380 112.8336 112.2136 109.3307 112.1083 115.7432 114.0730 110.3131 109.5822 110.5923 108.1977 110.6844 109.0833 108.8313 109.8694 109.6990 110.6657 109.3283 109.8126 109.6971 110.2867 112.3063 109.6836 115.1129 113.3062 112.0158 110.0024 111.9071 114.0000
116.0700 109.4520 107.8008 112.0487 115.1694 111.7473 114.4346 110.4774 110.9076 110.1345 109.9431 109.6969 112.4281 114.3860 114.7137 115.7419 113.8124 115.4826 108.0184 109.1154 110.4780 109.5307 109.0388 113.0852 111.5417 110.3445 110.1791 109.1912 108.7759 108.6899 108.5307 108.4193 109.6532 110.2558 113.4180 115.3758 111.5998 111.5157 111.0508 114.0000
116.0700 108.1233 108.7676 111.8752 110.5078 109.7919 115.2358 109.8803 114.8613 113.9877 108.7069 110.3057 112.2663 112.7026 110.8008 115.8021 111.5344 115.5729 109.1196 108.1456 110.1316 109.5930 108.3603 111.3734 110.9244 107.0450 110.2864 108.2923 110.0023 108.5265 108.5557 108.6122 108.5916 112.5413 112.9214 114.9208 111.3608 110.6244 109.8940 114.2800
114.9000 111.5683 110.1787 109.9025 109.3663 111.4655 114.1646 112.6838 108.9650 108.9841 109.1608 113.0746 112.5137 114.4659 113.4978 109.8107 111.0249 110.6386 107.6764 107.6861 109.3783 109.2514 108.3636 108.4024 110.3717 110.2055 109.0653 108.8753 108.9370 107.8020 109.7928 108.6849 108.7943 111.2435 109.9493 111.0978 109.8996 109.7935 108.9790 109.2200
112.8900 114.4483 109.9373 109.6160 109.5787 109.4059 109.6120 109.2361 109.0815 109.0564 108.5348 111.8071 108.4755 112.0399 110.7120 108.9799 109.4358 108.7583 109.7313 109.6668 107.9691 107.6341 108.0666 109.9239 110.9765 110.3458 107.2863 108.6520 108.8245 109.2638 108.8640 108.3543 108.6794 108.5920 110.8785 110.6644 109.5826 109.1387 109.4228 110.3000
110.6300 111.7341 109.2636 109.3674 108.4282 109.2082 109.1716 109.2884 108.8459 108.8917 108.9530 109.0964 109.3348 111.6980 106.7087 108.9829 108.9415 108.8347 116.8535 113.6812 113.1153 109.3041 109.3263 109.7438 113.0071 116.7784 111.1849 111.0664 109.6471 109.3002 108.7837 110.1301 108.5191 108.8302 110.2699 110.4963 110.1272 112.0675 110.4129 110.3700
108.9800 109.0457 109.3418 108.6849 108.2813 108.3862 109.0169 108.6770 108.3616 108.1955 108.4219 108.6778 108.1514 113.5184 110.4470 108.2210 108.1426 111.2148 114.5345 110.4474 116.7966 113.5631 113.0490 114.4030 109.3087 109.7241 108.0973 109.3292 108.1227 111.9828 108.7392 111.1451 108.6711 109.8238 110.1270 108.9228 108.8269 109.4266 109.2633 110.4500
108.9800 108.6075 107.8023 108.4798 107.8643 107.4108 108.4954 108.4739 108.2995 108.0505 108.0423 108.6951 108.5769 114.2783 114.0394 108.4212 107.8905 110.2268 110.6093 112.9693 112.8477 113.1627 109.7900 114.6848 110.4644 107.2772 109.2360 114.9443 108.9805 109.5961 109.2866 108.3094 108.7050 110.0688 111.2073 109.7773 108.2154 109.8253 110.0343 110.3100
108.8400 108.5425 107.6673 108.3459 107.6804 106.9617 108.1525 108.1064 108.2196 107.9765 107.8113 107.5096 107.4047 112.6393 107.7168 108.2219 107.6302 108.1693 112.3777 112.7138 113.8274 112.9014 109.0810 113.0303 111.9176 111.4634 114.1944 110.1026 107.5196 110.0674 111.5977 109.3628 108.6245 110.7074 110.3307 108.9222 110.6068 115.6789 112.0774 114.9400
107.9800 107.5000 106.8442 106.9338 106.9226 106.6483 107.1951 107.2840 106.8194 106.8395 107.9543 106.9574 108.6424 112.1082 107.6142 108.0711 107.0290 109.3425 109.8893 114.2618 113.2970 113.0562 110.2536 114.5151 110.7794 114.8062 113.6178 109.6286 108.9190 108.7875 108.4157 113.6658 108.6091 109.5565 108.3535 110.1757 114.0601 113.9729 109.2109 114.9400
107.9800 107.0597 107.2492 107.3377 107.8834 106.4558 106.3567 106.9550 106.6674 106.5848 107.1055 107.3886 110.4307 112.1623 107.2153 106.5097 106.1403 107.6011 109.2779 111.1312 113.4138 113.6347 109.2454 115.1270 110.2293 112.0484 108.5239 109.1440 108.4490 109.7927 111.1028 110.1600 109.1848 107.9398 110.1364 110.3703 111.3868 109.3140 109.9769 109.4600
107.4000 107.6143 106.7214 107.2434 107.6349 106.2930 106.4350 106.3368 106.5741 106.6357 106.8017 106.0495 107.1712 107.4808 107.3501 106.6025 105.2759 107.0668 107.7910 110.5694 108.6444 108.4369 107.4187 113.3939 108.9238 110.6135 109.3903 109.3024 108.9633 108.7159 109.6125 110.0853 108.5709 110.2915 109.9307 108.7867 110.3980 110.5324 109.3425 109.5600
108.0500 107.8649 107.0414 107.0735 105.7130 107.4307 107.1611 105.5219 105.8289 106.1465 106.9049 106.6747 106.6625 107.2285 107.0593 106.6234 107.4680 106.9843 106.0286 109.6237 106.4831 112.2250 109.3812 108.0791 108.4646 108.9816 109.2331 109.1407 109.1465 108.1287 112.0386 110.7592 107.2970 109.5880 107.6765 113.3197 109.4688 109.3136 108.6636 108.9600
107.3600 106.8275 107.0911 107.1079 107.0467 106.7246 106.0732 107.1716 105.9626 105.5231 106.8688 106.6034 110.7703 106.3400 105.8242 105.8748 106.0870 105.1147 106.6700 107.3328 107.4345 108.2895 108.4326 108.3111 107.8659 108.4369 108.3889 108.9385 108.7895 114.5709 113.9237 109.3353 110.2215 109.8301 113.3116 112.0110 110.0283 108.9924 108.1016 111.3100
107.1700 106.0602 105.6987 106.2155 106.4866 104.7640 104.7668 105.4147 105.3593 105.1474 105.0747 105.0130 106.0270 106.4795 105.9319 107.0042 107.2758 106.6382 106.7808 110.0695 106.9582 107.0299 108.1088 107.6690 107.3115 108.4810 108.6677 108.3268 111.6361 109.8946 108.8268 109.3684 110.3204 109.6505 115.6032 114.5322 116.2998 116.3718 110.7740 109.2000
107.1700 106.8950 105.5971 104.9978 106.3286 105.9981 105.9228 104.1665 104.9292 105.1275 105.8597 105.3595 105.7839 104.3533 105.3505 106.8470 106.4140 106.7336 105.6670 109.5745 108.9055 106.4816 107.5840 107.7990 108.4045 108.1207 108.9450 108.3806 113.6551 106.2554 108.3017 107.2272 109.8403 116.5400 115.9922 114.5199 110.0653 113.8242 110.5799 108.4100
105.9500 105.1972 104.5786 105.1819 105.1296 105.3666 104.9460 104.9349 103.9842 103.8314 104.9826 104.6702 104.6861 104.8936 103.9898 105.9556 106.8362 107.2210 106.9957 108.6292 107.4436 107.8537 107.3148 107.8812 108.2047 108.1039 108.7987 108.9743 109.5486 107.9993 108.7168 110.5927 115.0875 113.9445 113.0544 110.5113 111.7491 114.4939 110.5249 109.0000
105.9800 105.5092 105.7339 105.2676 103.6275 104.3244 103.0263 102.6498 102.5665 102.4801 103.5004 102.5517 103.1801 103.7178 104.2762 106.0898 108.8767 107.5715 110.3049 105.7259 107.2075 108.9172 106.9621 106.8595 107.3258 107.3812 108.5240 108.3222 108.7830 110.2918 111.2473 111.3678 111.2033 109.0598 110.2915 115.7050 114.0048 115.7106 109.6185 108.1300
105.0100 104.6375 104.2214 103.8649 102.9598 101.9598 101.9159 102.0653 101.7519 101.5551 101.3858 102.2028 102.4166 102.4956 102.8174 103.3559 103.4237 105.8133 106.4429 106.2034 105.8078 107.0274 106.7488 106.4670 107.3442 107.8528 108.2864 109.2619 108.6871 107.4986 110.2186 112.5604 110.7561 112.8555 110.7796 113.7743 113.8279 113.5980 110.8967 108.0800
104.6900 104.5964 102.8724 102.4570 102.1171 101.3390 100.9232 101.1008 100.6334 100.5405 100.6222 101.4346 101.9524 101.8077 102.1433 102.6125 103.0381 104.3862 104.4093 105.6831 105.4439 106.4787 106.0380 106.0404 107.2941 106.9566 107.9971 109.2638 107.3171 109.7310 113.2493 112.3976 115.6824 113.0466 112.8614 109.6195 113.5585 114.4972 111.1900 108.6700
103.2500 102.5934 102.0590 101.9058 101.7085 100.8366 100.4395 100.3947 99.9123 99.8979 99.9844 100.3590 100.8972 101.1155 101.6578 102.2072 102.6445 103.1276 103.4443 103.9556 105.0091 105.4520 106.1579 106.0937 106.8081 107.1706 108.0880 108.3638 108.6248 107.0014 110.3976 112.1651 112.6467 106.7619 112.3494 109.3432 113.1567 115.5108 113.8796 110.3700
102.6300 102.4525 101.6685 101.3460 101.0147 99.6026 98.8095 98.4084 98.7613 98.7485 98.7537 99.3989 99.7665 100.3112 100.6008 101.3272 102.1916 102.6728 103.0959 103.4979 105.1759 106.0453 106.7547 106.1379 106.8824 107.1178 106.5021 109.8660 107.2052 109.8410 113.0223 113.3460 110.2670 112.0723 109.2127 110.3845 112.2834 115.4768 116.4444 110.3700
102.0300 102.0163 101.1032 99.4631 99.8144 98.9159 98.1509 96.8964 97.4624 97.7625 97.0825 98.3568 98.8005 99.4259 99.9995 100.6637 101.4533 101.6779 102.5750 103.3266 103.8954 106.2412 105.3023 106.4964 106.7529 106.7976 104.5487 108.4088 110.2353 109.0998 114.4767 113.6911 109.3709 109.6183 108.0214 107.2036 110.3444 111.9151 110.4204 109.1300
102.0000 101.7184 100.2734 98.3632 99.9232 97.6125 96.6522 94.9700 95.3200 95.1238 96.0323 96.6926 97.2441 98.2544 99.3520 100.4918 101.0695 101.7617 102.2498 103.0000 103.1204 106.0278 104.6138 106.3015 105.3555 108.6205 105.8375 109.5271 107.0047 108.5314 108.8270 109.0176 109.5895 112.9307 113.0553 114.0084 113.5451 107.0007 114.6797 108.8100
101.7900 101.3182 100.0378 99.0535 97.8989 95.8712 94.1937 92.3457 92.0137 92.2514 93.7332 93.9815 95.7418 96.8597 98.3536 99.9603 100.2745 100.9697 101.8284 102.6818 102.9549 104.7673 104.8164 105.3475 105.3297 107.8223 106.9360 112.1181 107.7228 108.4729 110.7505 111.0860 110.5894 113.1987 114.7889 114.8623 112.8506 108.8183 110.1790 117.7600
101.1600 100.6901 99.6292 98.8020 96.5617 93.3379 91.3579 91.2957 91.7012 92.0142 87.9953 91.2257 93.1496 94.8024 97.0373 99.2069 99.8232 100.7473 101.3628 102.0401 102.8723 103.3542 105.8652 105.7221 106.3105 105.7143 106.8541 107.6042 108.0245 108.4653 108.3123 108.6894 108.8355 112.8781 112.4495 115.5965 107.5185 112.1238 115.3535 115.3000
100.8500 100.0517 98.8631 97.3826 95.3722 92.9326 91.5222 89.8945 88.4140 87.5951 85.6493 88.2322 90.6795 93.5772 97.0111 97.9239 98.7766 100.2604 101.1755 102.0374 102.7115 103.3661 105.2355 104.8280 105.6402 106.7985 107.5849 107.1130 107.8888 108.1833 108.0615 109.0957 108.7730 107.8580 111.1667 111.5418 112.2215 112.9373 112.9956 112.5100
100.6200 99.9669 98.3326 96.6908 94.1337 92.2976 89.9226 86.0915 80.1664 77.7523 81.3556 84.1699 89.2131 92.3933 95.6329 96.9594 98.4728 99.6957 101.0129 101.9641 102.5984 103.2297 104.8773 106.8642 105.9373 106.2565 107.2233 107.4125 108.0366 108.2760 108.6498 108.6824 109.6362 112.7941 108.5246 111.0276 110.4695 111.5780 107.2370 112.2800
100.2600 99.7840 98.5090 96.6674 94.5707 91.2148 88.0768 82.2826 70.1823 66.0737 72.6824 82.1958 86.3673 91.3992 93.8181 97.7105 98.4821 99.8506 100.9174 101.8099 102.5282 103.1738 104.4022 105.6389 104.8065 105.9875 107.2352 107.1928 107.7820 108.3311 108.6999 108.4858 110.7864 113.5165 111.3473 109.8135 112.4374 111.2336 108.8318 108.6300
100.0100 99.5620 98.7189 96.3071 93.8739 90.8535 88.1222 79.2163 64.4736 59.5393 65.9114 82.4076 84.1012 90.6379 92.8579 97.8412 98.4657 100.0582 100.8399 101.7332 102.5125 103.1176 103.6127 103.8654 105.2269 106.5731 107.2893 107.1729 107.5407 108.3703 108.7286 108.8502 107.6787 113.1636 114.9566 113.5920 112.9128 112.1748 109.2777 109.0200
99.9100 99.5873 98.2883 96.6615 94.2631 91.3188 86.8483 79.2930 69.6089 67.5163 71.7541 80.1327 85.9425 90.4886 93.2541 97.0144 98.3607 99.8008 100.9521 101.6503 102.4392 103.2160 103.8681 105.3114 104.7981 105.7449 106.7492 107.8251 107.8804 108.3910 108.6322 108.6120 108.4069 113.7359 114.6657 111.8327 112.7626 113.3720 111.2235 111.6300
101.0300 100.0083 98.4441 97.3414 95.4793 92.9983 88.0500 83.2916 76.2229 74.7184 78.8390 83.4312 87.4600 91.8268 95.1854 97.0350 98.0687 99.7198 101.0279 101.9660 102.5409 103.3408 103.6091 105.5278 105.1603 106.6873 106.9599 106.5753 107.7786 108.0224 108.8426 107.4940 109.2411 114.2973 113.8787 113.6107 114.2739 111.1232 114.7951 109.0300
101.0700 100.2453 98.9949 97.8005 96.9202 94.7948 90.8565 88.6039 84.7594 83.3518 84.6715 87.9451 90.1524 94.2449 96.5263 98.0039 99.3637 100.3568 101.2238 102.1522 102.8722 103.4102 104.0792 105.1098 105.9795 106.4229 107.4440 109.0240 111.3513 107.7779 107.8166 107.4853 107.9648 111.8830 114.2406 114.0766 109.8376 112.1074 108.6796 111.5000
101.2600 100.5532 98.7689 98.7627 97.3884 95.2817 93.0956 91.8170 89.9549 89.4381 89.8775 91.2866 92.9278 95.2679 96.6716 98.7401 100.0369 100.7787 101.6143 102.3531 103.0546 103.5003 105.6867 106.5515 105.2865 108.4588 107.3193 107.9379 107.9205 111.5727 109.1919 111.4446 114.4854 115.3787 108.9620 111.2943 110.2861 111.0598 113.8151 111.7100
101.3400 101.3400 100.0100 99.1200 98.2400 95.4700 96.3200 94.8700 91.7400 91.8200 92.1600 92.7500 94.2200 96.6700 98.7600 99.7400 100.4500 101.0900 102.1100 102.7200 102.7700 103.4700 104.8300 104.6900 105.7700 108.5700 107.5000 107.9800 108.3200 108.4400 108.7100 108.9200 114.3000 113.2400 110.5600 110.1100 110.3400 111.5900 108.8600 109.2000
