112.2900 115.1800 113.0400 112.9400 107.7500 109.7300 108.2300 108.4600 111.6500 109.9400 112.0200 114.2400 113.4000 109.8400 116.1600 115.8400 112.5300 117.0000 118.4600 116.9100 115.0100 115.7600 113.8500 117.7100 116.5400 116.2300 116.6000 116.6000 118.7400 118.5300 117.1800 116.9000 116.9000 116.5900 116.0800 116.0800 115.7200 115.3200 114.9900 115.0600
112.1500 111.9631 113.6928 107.1632 108.5717 115.5934 109.3197 108.7956 109.8578 108.8554 109.8165 112.0869 113.0735 108.5077 109.4668 111.8150 114.9370 116.2151 116.7271 117.5128 112.8724 115.2842 116.6824 116.9782 117.0024 117.0609 118.8501 117.7756 119.1064 118.4630 117.4150 114.7485 117.3458 117.2351 116.9498 116.4465 117.4063 117.8519 115.2890 115.0600
112.1500 110.3890 115.4311 113.8767 108.3644 109.3495 107.8957 109.6392 108.8223 115.2216 108.9659 110.4170 109.0113 112.3535 110.8570 109.5207 112.9025 115.4163 116.8299 113.9350 110.6039 114.8525 112.9994 111.7979 117.5244 113.0357 111.9902 117.3098 118.3014 117.9190 117.8433 114.4847 114.1365 118.8250 117.9575 116.6658 116.2802 117.6499 115.5799 115.2000
113.3600 117.1048 116.2863 112.2595 111.8342 108.8016 108.9770 108.7408 115.2830 113.0011 114.9914 111.7929 108.2806 111.3332 110.2856 112.0761 111.4014 114.6939 116.5012 110.8431 110.5330 113.8476 107.9528 107.6301 112.7460 110.9227 112.6033 114.2189 116.6729 117.6036 116.5921 115.6551 114.3478 116.5263 111.6683 110.3619 116.3759 115.3783 116.1125 116.2000
108.2400 115.2868 115.9024 112.6411 111.4255 107.1484 114.7385 110.5680 107.1952 111.6553 115.4457 111.5507 115.6303 113.2949 110.5889 114.4715 110.1887 113.7326 116.7053 109.6398 109.6393 114.3380 107.2712 109.4161 112.9605 110.2421 110.7996 116.5263 116.3244 117.5264 117.0675 117.5740 112.7811 113.1094 112.7525 111.9457 112.0874 114.4035 115.5959 116.2000
114.9900 109.9587 114.8424 114.6950 107.2204 106.8035 108.1812 113.1560 112.7951 112.2816 108.3416 113.2581 114.7621 111.5306 110.2422 106.3175 113.3457 113.5496 116.2020 109.4194 108.7084 108.6819 107.1652 111.4669 116.4404 112.1967 109.6560 115.3438 113.8409 115.5155 115.1154 109.1591 108.9127 114.5438 115.4056 114.3398 115.0365 117.7661 115.8693 116.4700
107.3600 107.5395 113.0809 111.5378 112.3059 111.3798 113.5314 108.4262 108.2992 109.2920 112.7476 111.7507 113.6551 110.2019 109.7456 107.1032 109.0347 109.6483 111.0084 109.0937 108.9159 107.2669 112.8991 114.1863 110.1965 118.8053 109.6749 106.8531 106.9203 116.4923 115.3783 111.7411 117.5101 119.3163 118.0277 112.8935 114.3226 115.2894 117.2949 116.7400
111.8200 109.3043 112.0217 115.5897 110.2649 108.4625 110.2167 114.6622 110.8055 109.0811 112.4948 113.7834 111.1214 107.6277 108.3722 106.9414 109.3015 105.8347 107.3352 107.3241 107.7316 113.4394 115.6288 114.8751 113.2048 110.0547 109.1720 109.0336 109.5733 111.8508 111.0096 109.6109 117.0693 117.7061 117.5520 113.6508 114.9689 117.1434 116.2425 116.7400
111.8200 108.4313 114.4813 114.2045 109.9269 114.1451 114.0110 112.1704 110.5980 108.9726 108.1225 111.4521 110.5252 110.8613 109.6063 109.9178 108.3335 107.2999 107.3059 106.3550 108.4068 111.2141 111.9647 111.3772 114.9468 112.1332 111.7698 110.3382 108.7067 109.5478 109.4954 113.8196 115.9021 116.5325 114.2328 109.1678 111.2554 117.7698 113.0373 118.1600
109.2100 108.8736 112.5771 113.5503 113.5500 113.0088 113.0340 114.2745 109.6383 107.6456 107.0519 107.4626 107.7680 110.7095 108.7932 111.1438 109.3399 111.1587 107.8802 107.7950 106.9619 109.5426 110.0746 113.6764 111.4088 107.3187 107.8287 110.8484 108.4356 108.4238 108.5473 112.1246 115.5499 113.9817 110.8041 108.2167 107.7519 111.0624 115.5975 116.3300
108.6200 108.7181 108.8241 108.6981 109.3349 112.6065 110.0257 115.3858 109.9921 107.0348 107.1322 107.5185 109.7848 106.9085 107.3391 107.7528 108.7780 111.2962 108.9883 108.8781 114.3822 111.5924 110.3564 109.9094 107.9768 110.1004 110.7611 110.7540 108.2749 108.2698 110.7912 110.0661 112.6604 113.0863 112.6137 108.1957 109.1254 111.8467 116.0856 115.8200
108.7500 108.8079 108.6221 111.2233 109.0634 113.8031 108.3107 113.8449 108.1851 106.7126 106.9462 107.3675 109.4341 107.9920 107.9183 107.1752 107.6470 107.5015 107.3513 110.6855 106.8955 107.9078 107.6310 108.7996 109.3864 107.4433 107.3771 114.3820 115.2341 114.2676 115.6813 108.7660 112.2190 113.0668 110.9280 115.2271 115.8744 111.9237 111.0547 113.8400
108.7300 108.4551 108.1257 108.0706 107.7083 108.8235 107.8023 108.4372 105.4276 107.0523 107.7492 107.1211 107.4310 107.2231 107.2302 107.1290 106.2391 106.6826 107.1998 108.0067 107.7751 107.7127 113.0368 106.5469 107.8303 109.7327 109.5080 107.9452 112.6935 110.4798 109.8314 108.4123 113.6067 112.1849 109.0824 112.8078 115.5736 110.3633 114.0881 115.1000
107.0400 107.5290 107.6531 107.3114 106.8476 106.9517 105.7201 106.1081 105.7227 109.0975 107.1883 107.5432 106.5421 107.0215 106.9505 106.9732 106.4345 106.7142 105.6952 105.9612 111.1670 105.7285 109.1197 107.6122 107.2106 107.7277 108.8232 111.8519 109.9706 108.9799 109.8191 105.8004 110.4235 111.9031 109.9792 110.0904 110.8864 110.1296 111.3059 109.9900
109.1400 107.2417 107.0774 106.8888 107.1966 106.2373 106.6988 107.5080 105.1023 106.0062 106.3126 105.4403 105.1774 106.5875 105.5967 106.2458 105.4855 107.4485 106.9123 106.4551 107.1670 106.8622 107.1544 106.4890 106.3404 107.1491 107.2838 113.6486 108.1783 108.1284 111.8112 108.6046 107.2008 109.6450 111.9022 110.1396 111.3296 113.2304 112.6822 116.6600
109.1400 107.7276 106.9857 107.0249 107.6847 105.9125 105.5564 107.1435 105.5207 108.0154 105.0817 105.0094 105.0193 105.4307 105.1763 106.2490 105.6946 106.9003 106.5008 106.3849 106.9143 107.1457 106.4567 106.1120 106.1353 107.0875 107.9049 109.4494 107.8745 108.7307 108.5799 114.1076 107.9891 108.7374 114.3779 111.7630 114.7157 116.2929 114.8083 115.7200
106.4800 106.6401 107.1581 106.9655 107.4382 105.9960 105.2379 104.7699 105.1620 106.4423 105.2500 104.7007 106.0954 104.0308 103.9804 104.1010 105.4401 105.6631 105.9014 105.3324 105.3408 105.1776 107.6382 106.2340 105.6982 106.8611 107.9546 106.6549 107.7846 109.2863 108.9003 109.1780 111.3857 113.7522 115.4512 113.7781 112.7134 111.1121 110.8345 115.7200
106.4800 106.2546 106.0453 105.5919 106.5262 105.2125 105.9629 105.1823 105.5303 106.0618 107.1355 104.0460 105.2581 104.1187 104.6342 103.8204 104.9190 105.3332 104.5600 105.1522 104.7816 105.5525 106.5273 106.1934 106.6347 105.7790 106.4900 107.4115 107.5510 110.4858 113.2129 107.4837 109.0239 107.5079 111.8128 114.2496 113.7368 109.0740 113.0518 108.5700
107.4500 106.4994 105.6220 106.4645 106.2177 106.1771 104.6340 103.9465 104.3083 105.5673 104.0510 103.6829 104.4187 102.9568 102.7765 104.1318 102.8509 103.6747 104.6011 105.4037 103.9148 104.6343 104.5782 106.2226 106.4560 105.5507 106.1004 105.7072 110.6292 108.1091 107.1516 108.4527 106.8639 113.4611 109.1293 109.6559 107.8186 109.2926 109.5997 107.2400
107.0600 107.0942 109.6261 106.4529 106.3155 105.3024 105.0391 105.3342 104.4248 103.0635 102.4371 102.3356 102.1691 101.6067 101.5963 102.2932 102.4061 102.5241 102.6560 104.3428 104.1140 105.3823 105.6143 104.4415 104.7825 105.4030 105.5336 106.5693 106.1004 107.7269 107.7607 106.5868 110.6810 108.5621 107.4821 108.8401 114.2443 116.0499 112.2997 110.0500
105.5600 105.4328 105.3433 104.3711 105.5318 105.0729 102.9680 102.9130 102.5818 102.1365 101.9922 101.7389 101.3081 101.2458 101.2830 101.5517 101.3711 101.7300 102.2775 102.1320 102.9950 103.6670 104.3164 104.5859 106.3254 105.9543 105.2127 106.3678 107.2333 107.4971 111.0150 109.5167 107.9937 107.6146 113.7211 113.3466 110.2256 114.5465 114.3735 115.7900
107.0300 105.3401 105.5829 105.1582 105.5965 103.7423 102.6324 102.2391 101.9721 101.5269 100.8417 100.7492 100.3100 100.0872 100.0488 100.5274 100.6325 101.2333 101.3467 101.5925 102.0607 102.5472 103.2288 104.0149 106.1949 106.2628 107.0871 105.9269 107.3348 107.4487 107.7236 109.2020 112.7916 107.9261 112.5436 109.6467 112.5988 109.1059 106.8808 112.7000
106.8400 106.5675 105.3161 104.5914 103.2369 102.8191 102.3267 101.6590 101.0358 100.2116 99.9639 99.7501 99.5002 98.8841 98.7735 99.3867 99.9753 100.5854 100.7280 101.1458 101.5355 102.0163 102.5155 103.9352 105.1454 106.0149 106.1439 106.7014 106.5045 107.1856 110.2691 106.3545 106.2942 107.4523 106.5666 107.6045 108.9013 109.4492 107.3680 108.4700
105.5700 105.2010 105.8186 103.5382 102.5831 101.9346 101.7882 100.9233 99.9634 98.6117 98.2188 98.7417 97.8629 97.8660 97.6918 97.8596 98.5142 99.2741 99.9511 100.6834 100.6700 101.5177 102.1766 102.6947 103.8754 105.5298 105.1841 106.1491 106.2853 108.5413 105.9092 106.9133 107.2627 107.1088 108.3420 108.4320 108.1905 110.4294 109.5139 107.7600
105.6000 105.9647 104.9522 103.9003 102.3406 101.2837 100.5401 100.1756 98.6530 97.4460 97.3513 98.2268 95.9334 95.0906 95.3083 95.6048 97.2276 98.4191 99.0663 99.9285 100.0203 100.8674 101.4455 102.5248 102.9918 104.6417 104.7888 106.3286 107.0712 107.7516 106.5811 107.4264 107.6753 107.2629 110.7399 109.0627 110.2661 113.4967 110.8050 112.4200
104.8700 105.3863 105.6097 103.4276 102.1834 101.4022 100.2518 99.6633 98.0291 97.3459 95.8789 95.5105 94.0020 92.7511 93.5737 94.3140 95.4340 97.0550 98.0144 98.9142 99.4590 100.5797 100.9535 102.0870 102.6650 103.1994 104.3307 104.9404 105.7967 106.6778 105.5753 106.8967 107.5341 107.3856 109.0678 110.2547 112.2461 110.9508 108.5244 109.6100
105.0900 104.8497 103.6850 102.5197 102.0842 100.7948 99.6444 98.3492 97.5430 96.1779 94.1813 92.8709 91.2325 89.2498 89.1334 90.6320 93.8810 94.8710 96.1313 98.0291 98.8184 99.9382 100.9554 101.5144 102.1870 102.9814 104.2991 105.4392 106.3723 105.6260 105.6713 106.0337 106.6631 107.6965 108.7477 109.3481 109.1002 108.1107 109.4936 110.0100
105.7300 103.7126 102.8853 101.9083 101.9951 100.2404 98.9977 97.0956 97.2550 94.2446 92.8193 90.4039 87.6035 85.9600 86.2012 86.2466 89.3240 91.3967 94.3928 97.0226 98.2106 99.2649 100.3052 101.3785 102.0584 102.7251 103.9082 106.0047 105.1740 106.1870 107.1429 106.8069 107.5289 107.3438 108.0407 108.4045 108.6265 108.3478 108.2253 108.6800
106.2400 103.7832 102.6364 102.1386 101.7432 99.9810 99.0895 97.5785 96.0927 94.2418 91.4695 87.1320 83.0445 80.3175 81.5605 86.3373 87.7456 91.4500 93.1034 96.2780 97.1969 98.8210 99.8522 101.0715 101.6761 102.4998 103.5320 105.8560 105.0337 107.1554 106.5408 107.1242 107.7095 107.5456 108.3254 108.5288 108.4833 108.4044 107.4639 108.1200
104.3100 101.2233 103.1462 102.1968 101.1432 100.0370 98.1037 96.5256 95.4393 93.5630 89.4847 84.8444 77.2981 71.2723 69.2577 77.9249 84.5733 87.6389 91.9513 95.7200 96.7380 98.5325 99.8520 101.0351 101.8152 102.4469 103.2021 104.0343 104.2496 105.7922 107.2469 106.1686 107.3961 106.6856 108.0990 109.3415 109.9455 108.8053 107.1909 107.1200
103.8200 103.5982 102.9887 102.3248 101.5535 99.7342 98.2026 96.6226 96.0130 91.9017 87.2422 82.9495 72.8683 62.0047 61.8439 71.4802 83.2368 86.5217 91.7272 94.3158 96.1408 98.3721 100.0870 100.9891 101.9987 102.5894 103.1718 104.7822 104.9498 105.7709 107.3144 106.7489 106.3477 106.6548 107.6985 108.4823 109.5562 111.3165 107.1488 107.0500
103.7600 103.4534 102.9810 102.2666 101.5130 100.0331 98.4812 96.9258 96.2941 92.0850 87.7300 83.3673 74.6957 65.8845 65.3476 74.5030 83.5232 87.1943 92.0228 94.4781 96.3210 98.5473 100.1179 101.0223 102.0114 102.6386 103.1259 105.1667 104.8963 105.5783 106.8708 106.3628 106.2059 106.6651 107.4319 109.2081 107.1516 107.3756 107.8140 107.6800
106.2900 103.5827 102.9876 102.3087 101.3828 100.5740 99.9616 98.8568 96.6601 93.2142 90.2092 85.2920 81.4645 78.4281 75.6534 82.8988 84.3783 89.1537 92.9875 95.8890 97.4824 98.9969 100.3123 101.1186 101.9278 102.6206 103.1407 104.4750 104.7082 106.4515 105.4919 105.6216 106.4553 107.1975 107.4375 109.8410 110.9615 110.6296 107.7232 107.5900
106.1600 103.6942 103.1212 102.4695 101.7208 101.0027 100.0117 98.9729 97.2508 95.0964 92.1614 89.2289 86.3060 87.0220 85.5601 84.7530 87.4273 90.9059 94.9298 96.6891 98.0288 99.2953 100.4624 101.4703 102.0970 102.6900 104.5569 104.1142 104.9745 105.5242 106.4774 105.9817 106.9782 107.7518 107.3678 111.2013 111.7855 110.4850 106.7502 108.4600
104.2900 103.9672 103.4058 102.7526 102.0406 101.3084 100.4899 99.6666 97.7650 96.5367 93.6977 92.7251 90.5460 87.8278 89.6067 90.2839 92.1268 94.1030 96.1728 97.4987 98.8261 99.8811 100.7989 101.6448 102.3127 103.0611 103.9738 104.1185 105.8592 105.2178 106.8073 110.2682 105.4768 107.9966 111.1385 113.5672 110.8857 112.3114 110.7824 113.6300
104.3000 104.0136 103.5540 103.0011 102.3920 101.6761 100.9252 100.0260 98.6017 97.9589 94.8126 94.1564 93.3069 91.4557 92.1960 94.1591 94.5407 96.1766 97.1623 98.0339 99.4685 100.5682 101.1877 101.7884 102.4938 103.1609 104.1385 104.5859 106.4112 106.0643 106.3068 113.5089 111.1092 113.9440 113.1355 112.2231 112.5278 113.7713 110.0733 109.3500
106.2900 105.0178 103.7447 103.3073 102.7399 102.1402 101.3847 100.5982 99.4263 98.6891 96.8916 95.8089 95.8462 95.1967 95.1110 95.7684 95.9695 97.6837 98.4407 99.3242 100.3096 100.9836 101.6657 102.0582 102.9044 103.3604 104.2976 105.5913 105.7433 105.8973 106.2215 107.1692 108.3277 107.7370 109.7815 110.7266 113.3577 108.5936 113.9986 111.7100
104.7200 104.6138 104.0873 103.5090 103.1096 102.5943 101.8848 101.2876 100.5669 99.6631 98.7953 97.7932 97.7556 98.0133 97.9314 97.9843 97.7326 98.9678 99.5835 100.4835 101.0924 101.6138 102.2316 102.7989 103.1920 104.3599 106.2317 105.4141 105.7457 105.7351 106.8913 107.0571 106.9593 106.9625 109.1904 111.5883 115.1846 110.7598 108.3648 107.0000
105.8400 105.2076 105.8894 103.7565 103.5077 102.9037 102.4026 101.9007 101.3047 100.6662 99.8898 99.4172 99.1195 99.1033 99.2424 99.5524 99.8002 100.1250 100.5570 101.1496 101.7367 102.2445 102.8096 103.1816 104.5889 104.5504 104.5977 106.0390 106.5332 107.4816 106.7259 106.4758 106.4125 105.8895 113.5913 111.3766 114.0589 110.2768 109.2668 107.5600
105.4400 106.9300 105.4400 104.0700 103.7300 103.3600 103.0100 102.0600 102.0600 100.8400 100.9800 100.1000 100.1000 99.1600 99.1900 100.6500 100.6500 100.5900 101.6600 101.6600 102.0300 102.4500 103.2100 103.7100 103.7100 104.6100 104.8600 105.1600 107.3000 107.1600 107.5200 108.9300 110.2400 112.4900 113.5300 114.3400 113.5300 112.4700 108.0100 107.8900
