110.8500 111.9900 110.9500 112.6000 111.7500 110.1200 122.4000 118.8300 119.9600 121.6000 120.7100 120.9500 120.7300 120.5000 120.0200 119.7700 119.5100 110.6000 112.0200 110.1500 107.0300 105.6500 104.2900 103.2200 102.7100 115.7800 105.6800 108.1000 112.0200 112.0200 114.1900 113.8400 106.4500 107.4100 108.6400 108.6400 108.6100 103.2900 106.9300 107.5900
111.2600 112.8590 110.2172 111.3857 113.0874 117.8768 120.9660 121.6450 118.3106 119.4215 121.0671 120.8932 120.5728 120.2510 119.8579 119.6746 117.2108 109.8324 109.1535 108.5237 106.5314 104.8395 103.2217 102.6978 103.7209 108.6239 106.4047 111.3781 114.9668 113.2764 111.0230 106.8454 103.4610 101.9844 101.2767 101.1334 100.1724 100.2450 103.9989 101.4200
112.4600 109.2846 111.1654 109.2792 108.5486 119.8030 120.8622 119.7273 114.7599 116.3418 117.7935 120.9707 120.4086 120.1305 120.1249 118.4485 114.4246 108.3644 109.0343 107.1456 105.3662 103.7302 102.4019 103.4026 104.9635 107.2482 111.9241 114.2834 113.1978 106.7360 102.7898 99.5712 100.0282 100.3762 100.1170 99.9478 100.1706 100.3000 100.2854 99.8500
109.1000 113.1752 121.6155 111.1696 111.2322 110.0080 117.7079 119.9002 120.2912 121.3042 121.4156 120.0613 120.1634 117.4798 112.4551 112.7187 114.6043 110.4431 108.1156 106.1079 104.3250 102.8432 102.9716 104.4683 106.8649 111.7643 114.8808 111.3344 105.1598 100.8470 99.4073 99.9220 100.9612 100.3582 100.2077 100.2470 100.1606 100.3189 100.7689 100.9700
108.5700 111.5733 113.3806 112.1464 109.8239 117.3188 116.5924 118.7721 119.1031 116.4801 120.2165 118.6341 120.1610 116.0436 116.0960 118.5821 118.6751 109.6920 107.3011 105.1948 103.2742 102.6450 103.8739 105.8151 110.1736 114.2975 112.2846 104.8124 100.0192 100.0114 100.5342 100.3514 99.5576 99.2034 98.9113 98.7598 98.8869 99.1582 99.5330 100.0000
120.5500 115.0847 114.8470 116.8310 109.6973 117.2689 116.1020 111.9158 116.4744 119.1874 119.3935 116.3283 119.0949 115.5863 118.2643 119.3952 117.2157 110.9640 106.6272 104.7761 102.3725 103.6497 104.6907 107.9713 113.8811 113.3119 106.4109 100.6200 99.3843 100.8100 99.8053 99.0742 98.4192 97.7955 97.3712 97.2200 97.3370 97.7232 98.3114 98.7900
108.2300 108.1709 114.0818 118.9019 113.0697 114.3796 115.9769 113.6215 110.7301 110.0160 114.7721 116.8706 111.6467 115.9032 112.3277 116.9521 107.4312 111.0076 107.2120 104.3780 104.2378 103.7695 108.2840 110.4620 115.0887 108.9925 101.3766 100.2497 100.5594 99.7733 98.8714 97.8809 96.9086 96.0113 95.3402 95.0727 95.2794 95.9027 96.7716 96.9600
109.5700 108.6938 113.3406 118.3611 119.5219 118.7613 118.9989 117.2850 114.9729 111.2377 112.1991 112.9434 110.3933 107.1420 108.9295 110.6477 115.2568 112.4930 107.3655 103.8929 106.5558 110.1951 114.2590 113.1423 113.7772 104.8315 99.2731 101.1548 99.9899 98.9618 97.8066 96.4959 95.0658 93.6585 92.5725 92.1020 92.4620 93.4838 94.8697 95.0500
115.9700 112.7374 114.6753 117.6768 117.8751 116.9581 120.1717 116.9697 115.6597 118.5231 111.5769 113.8952 115.9555 103.5362 108.9828 110.5279 117.8334 107.6742 105.7188 105.6265 103.6283 108.2102 114.4815 112.9822 111.3372 102.0136 99.4071 100.6880 99.3792 98.1719 96.6906 94.9098 92.8193 90.6076 88.7081 87.9138 88.5358 90.3170 92.5120 92.4900
114.8500 115.9698 114.4871 116.3130 113.6292 113.5244 115.3916 118.0710 118.2010 113.9614 117.1977 119.2729 113.8716 115.3981 116.9715 107.7374 108.6228 106.7836 103.8542 104.6204 103.7329 103.6224 110.7214 114.0030 108.2474 100.2721 100.1637 100.1505 98.9047 97.4378 95.5972 93.2423 90.2920 86.8988 84.0671 82.4432 83.6137 86.4491 89.8291 91.7300
110.4900 110.8724 113.3774 116.5700 112.2889 117.0250 113.3570 118.0315 115.6408 116.8829 108.7706 114.8649 114.8251 108.7783 107.6396 109.5603 107.9424 106.3454 104.4832 107.7313 103.7058 106.1311 110.1000 110.0014 106.3864 100.5538 100.9706 99.7530 98.4432 96.8034 94.6504 91.7154 87.8072 83.2594 77.2915 73.9650 76.5626 82.6104 87.2206 91.1300
110.9700 111.2917 119.4416 117.1597 113.7510 113.3520 114.5834 116.5760 110.4089 112.1958 110.2375 114.7960 114.1426 113.5601 108.6225 111.9159 105.7715 106.8040 106.3022 107.0793 105.8613 106.1432 104.1588 103.0256 101.3566 106.2960 100.5853 100.0154 98.7435 97.0083 94.1836 90.6942 86.0889 80.2684 70.7051 66.7609 69.6912 79.1152 85.3759 87.7200
110.9700 111.8702 119.0762 116.8401 113.0591 113.3638 111.9754 108.6064 110.0491 111.7287 113.7959 114.0294 111.7289 112.1709 109.2738 109.0180 110.3047 106.0772 110.5330 106.0400 104.7655 106.5382 104.2776 103.6351 101.9919 105.9810 100.5948 100.0537 98.6749 96.3439 94.1281 90.5051 85.7650 79.5389 69.0762 64.7698 68.1397 78.2487 85.0503 87.5500
116.7800 111.1852 119.2047 116.1697 108.5675 108.4944 111.0183 108.5362 109.7327 110.0306 108.7716 108.9691 114.1991 112.9856 109.5883 107.9982 110.2830 108.1839 109.2498 105.1071 105.0948 106.9697 103.9695 102.4735 107.4761 105.4873 100.8218 100.0268 98.7755 96.7057 94.4602 91.1752 86.9258 81.8983 74.3665 69.9968 73.3346 81.4918 86.5476 91.6700
114.3300 112.9327 110.9373 108.3162 109.0745 109.7259 108.4731 108.0595 109.1624 106.5090 107.1979 108.8918 112.2060 113.7754 110.5203 106.3818 107.5141 105.7422 103.0751 107.4626 105.4137 106.6162 105.1779 104.6641 106.9362 102.4911 100.7575 100.0066 99.1624 97.5147 95.1321 92.7342 89.1571 85.3364 82.7573 79.1010 82.8872 87.0105 89.8931 91.6700
114.3400 112.0040 110.8089 109.8655 108.3535 108.7919 111.0477 109.9306 112.5640 109.2134 108.0416 113.1152 112.7793 115.3529 112.0210 107.2454 107.0594 106.6508 108.4362 109.0078 109.6749 107.9816 105.4308 104.3539 103.9398 103.1296 101.4510 100.2953 99.6244 98.4754 96.2707 94.4310 91.6674 88.9197 86.8220 85.6898 86.5170 88.5542 91.8881 94.9000
109.7100 110.1615 109.0378 109.6769 109.2322 108.9146 113.4638 112.0249 113.4486 113.6513 114.2110 116.2089 113.2123 109.4243 110.5427 113.4533 108.7302 105.7281 108.9552 106.3231 109.1847 106.7968 104.8637 104.9154 102.9542 103.6209 101.9318 100.9593 100.3479 99.3524 97.6833 95.9714 94.0746 92.4111 91.3753 90.7163 91.0372 92.6595 93.8918 94.9000
113.4600 111.0683 110.5926 109.7927 112.2059 108.1860 109.9610 117.0342 114.6600 111.5470 111.5534 109.7809 109.9467 110.2195 114.9225 115.2195 110.9634 106.2406 105.2417 110.8550 108.1310 104.6253 108.6519 105.5189 103.3129 103.9619 103.1654 101.3939 100.7460 99.8785 98.9646 97.6082 96.0180 95.2195 95.6276 95.0078 95.1063 95.8562 96.0872 98.2500
111.5200 110.6787 111.2335 109.6936 111.0182 108.5049 115.3167 109.6744 110.9350 112.5852 113.5379 111.3460 109.5739 106.5856 114.0858 111.4920 113.3423 109.6462 107.5442 112.1333 108.9617 109.0828 107.8460 104.5808 104.3590 104.8215 104.5092 102.0420 101.3051 100.5657 99.9083 98.7381 98.1014 97.7612 97.5888 97.4261 97.6971 97.8151 98.4086 99.2000
113.0600 112.0336 111.3470 109.1648 109.5366 107.6899 112.7111 111.7557 110.3067 111.9386 114.0233 111.2906 114.7295 114.5153 112.7680 111.3626 111.9883 112.6897 113.5706 107.5847 107.0068 107.1260 105.7906 104.5238 105.4788 101.1732 99.9345 101.5098 102.0454 101.3175 100.7699 101.0407 99.3559 94.2458 97.9027 98.9904 99.4582 99.6449 99.6049 99.2600
113.4000 110.9316 110.7624 109.9000 108.0992 108.6635 109.6022 110.1872 110.8586 114.2638 115.1509 110.7763 112.4531 107.9849 111.2945 114.3869 115.6091 106.2224 113.9215 107.6834 106.7532 106.1116 105.4459 104.8682 105.7313 104.8193 100.4859 105.8143 103.9038 101.8351 101.4241 101.3483 94.9040 92.2082 97.4965 98.8134 98.4403 96.5701 101.3702 100.4100
111.7800 111.5709 108.6440 108.7772 108.6518 108.2188 108.8842 113.7330 113.8773 114.4810 110.2254 104.5823 107.5331 107.7395 110.9570 110.7875 113.7375 109.7745 111.9614 107.9474 107.0191 104.8295 103.4282 103.8728 105.5298 105.0342 105.4618 104.4058 103.3679 103.5014 100.8657 100.5164 95.0684 94.4742 95.1719 93.7458 93.5200 93.8236 102.3795 101.3700
116.3200 116.1915 114.1008 112.1985 108.2310 109.0903 109.0034 110.3371 113.4009 113.6125 110.1158 110.2800 108.5538 114.6975 108.6449 112.8512 113.5416 111.1507 112.5725 111.8966 108.8815 106.5937 104.8152 104.4720 105.1802 104.4189 105.1440 105.7914 104.1076 105.3280 101.2022 102.9845 96.2187 102.9386 98.0736 95.9233 95.6835 101.2118 102.8692 102.1100
114.5200 113.3978 113.3779 110.8091 108.8705 109.6380 108.7990 110.8281 112.7329 115.3166 107.2230 107.8353 109.7304 109.5915 110.4765 103.6405 111.7000 110.8987 111.6526 111.1943 107.7567 107.6346 106.1983 105.9734 103.3771 103.8268 105.7877 100.3592 103.3894 102.6923 100.1278 103.7793 97.8979 98.9681 97.4396 97.3560 97.9385 100.2745 104.3562 102.2400
112.9800 109.7797 111.9660 113.2768 109.8760 109.0047 110.8372 108.7710 108.5024 107.4242 108.6496 110.4685 112.1072 112.1461 110.4309 105.1145 107.5890 111.3287 107.5651 107.9827 108.3290 105.3597 105.3278 105.8378 107.1131 105.7668 104.8384 102.1667 104.7176 102.7005 100.9189 100.8892 99.7636 99.6844 98.6712 99.2110 99.9762 101.0084 105.4247 102.2400
112.9800 110.7674 112.4391 112.0505 110.3919 109.6734 110.4393 109.8075 108.7748 107.8990 111.0829 109.4506 109.9958 111.6622 113.8585 103.5772 105.5894 108.4808 111.2987 109.7611 109.9961 113.8961 105.0463 105.1568 108.0779 104.3391 106.2240 104.4849 107.0951 106.1344 102.9605 105.0068 99.9233 106.3297 103.4240 104.0245 104.7624 100.4668 106.9063 104.5600
113.5400 113.0925 108.7948 111.3443 111.8185 109.7764 111.3051 110.6563 110.2788 110.9018 110.0172 111.3344 109.9155 108.3368 113.3037 111.6022 110.6858 104.5090 117.4375 113.8301 110.6773 115.2407 105.6262 108.0844 107.2138 109.8100 107.8156 103.9329 103.9079 105.0450 103.8471 105.2059 103.0780 106.2346 105.2011 106.4091 102.3301 105.9843 104.8882 104.5600
116.6900 113.8330 112.2038 112.4952 113.4347 108.9561 109.9830 110.6395 111.5364 111.2140 106.9800 107.2354 106.2686 108.5373 107.1662 108.5544 110.9970 109.2073 105.8314 114.0043 110.7280 108.6230 107.3650 108.2438 105.7397 106.1097 106.0200 105.3037 103.8468 104.9874 106.6170 105.2495 104.0505 103.4092 104.6801 106.5692 104.3203 104.1326 104.8538 106.5300
114.3700 113.3444 111.8474 111.9381 117.1659 112.8799 111.0946 108.7666 111.3446 111.7172 106.8251 105.9271 105.5645 105.9397 105.1038 106.9138 114.6844 105.8153 108.5925 114.0476 115.0900 107.9097 107.4693 110.8821 111.5423 105.9516 106.0228 105.4987 105.3397 106.3969 106.5087 104.4610 105.0808 104.4761 106.9255 103.4932 105.4792 105.6015 106.4317 106.6000
117.6600 120.4375 113.8876 113.1109 118.1865 110.8480 112.8598 111.2618 112.7925 110.8417 107.7780 107.1004 106.6389 108.7635 112.2492 112.6284 106.1998 105.3045 104.6897 107.1202 112.0524 112.2736 113.9952 112.0713 108.4570 107.7782 109.5761 108.9339 106.4987 106.6422 106.2083 106.5713 106.3162 106.4162 107.1788 106.8456 105.9484 105.8630 106.7744 106.5300
123.5500 118.6818 116.8611 114.3504 112.9799 111.7971 108.5687 112.2519 111.0997 113.1473 108.2177 107.9923 107.9888 106.8870 111.3838 108.6071 106.7523 105.3496 104.3891 109.1178 107.9528 108.5844 111.1320 108.6857 107.6173 107.7342 110.2665 107.8812 107.4865 107.1961 107.1003 107.2302 107.6101 107.1816 107.3472 107.0922 106.8781 106.2216 107.0271 107.5100
116.9400 116.0392 114.8551 117.8558 118.3076 112.1612 111.9955 113.3672 114.0307 110.1626 108.5950 109.1780 108.2663 111.5335 112.7653 105.7952 108.7721 106.3470 104.9589 106.2125 109.1684 106.5646 102.9378 105.7645 108.7652 106.7742 109.4945 108.2742 108.3391 108.3564 107.6556 107.3962 107.5174 107.4210 106.8184 107.3317 106.8013 106.8183 107.4650 107.3800
117.8400 115.2040 114.2292 114.5427 113.3204 112.0249 117.4162 115.7283 114.3913 109.5758 110.7974 108.6039 109.3651 112.3235 107.4368 108.1753 108.5151 106.7842 107.9286 111.9598 105.8048 104.5649 103.8530 102.7624 103.0842 108.1733 108.7417 107.3167 109.2562 108.7776 108.0562 107.6959 108.3520 107.8066 106.8837 107.6663 106.9409 107.8596 107.0148 107.9800
117.8400 115.5170 115.1411 114.8491 113.4669 113.8833 116.8285 116.0781 113.3479 111.3412 110.4876 111.3156 110.7876 112.7468 108.1665 110.5252 109.4763 110.2497 115.1781 112.0268 105.1431 105.0374 103.7143 102.6429 105.4306 105.9417 107.7215 108.0846 109.2076 108.4684 109.3517 108.5125 108.7183 108.0960 107.9240 107.8161 108.1430 107.2728 107.1038 108.3200
116.6900 115.9527 115.5354 114.1911 113.5289 115.1334 113.6963 113.8637 112.7526 112.6320 112.2020 110.6604 110.4129 111.5957 115.2778 112.0357 112.0569 113.7143 113.6270 116.0278 104.6642 105.7538 104.9921 105.1025 106.9053 107.3237 103.3427 103.0416 104.6842 104.4573 108.5708 106.1458 108.7428 108.6030 108.3622 108.8458 108.6760 107.2596 108.0220 108.3200
116.6900 116.2393 116.3187 116.1700 115.2644 116.0071 116.0685 115.4205 113.0576 112.2191 109.7843 110.2532 110.0246 109.5705 114.2564 112.8261 112.9401 112.4533 109.5284 109.7937 105.8104 106.3959 107.0444 106.1788 108.8467 108.2608 105.1056 106.2683 104.3504 103.2605 107.6970 102.4828 108.9086 109.0233 108.9313 108.4726 108.4680 107.9890 108.3407 107.8700
117.1900 117.5464 117.6299 116.5672 117.7479 117.9800 115.9909 114.5876 112.3427 112.6406 110.7608 111.0971 111.7720 109.3697 109.4058 109.5875 109.7811 110.7824 109.6912 111.8854 107.3287 106.5452 106.2532 108.6210 107.3715 105.3438 105.0719 105.8193 105.5154 104.2916 108.2854 105.6192 107.9106 107.9802 107.3009 109.3394 108.7464 108.3262 108.6337 107.8700
118.6200 118.2371 118.0468 116.3966 119.5268 117.4086 115.0122 113.5769 114.4787 112.8817 113.5595 113.5863 111.2683 110.1684 109.4098 109.1492 112.3236 113.8990 112.0564 112.9326 108.1381 107.6770 106.7668 106.7694 106.3616 107.3736 106.0206 106.2486 106.1496 105.6046 105.4236 106.0455 104.9925 105.1923 105.4681 105.3757 104.4831 108.4607 106.5901 109.2700
118.6700 119.8587 118.8276 117.8916 117.9390 116.5295 115.3355 116.2354 115.1063 114.2124 113.2857 114.0490 111.0744 111.1087 112.3275 114.4017 116.9925 113.8324 113.5635 112.5334 108.3510 107.9433 107.6441 107.0414 107.5496 107.7870 107.1786 109.1658 107.0108 106.8475 105.4844 105.1932 105.9664 105.3991 106.3221 106.8766 107.1800 108.8163 109.9073 109.3900
118.6700 119.2300 116.9300 116.9300 117.6200 116.1500 116.1500 116.6300 115.6500 114.9900 113.1300 112.7200 112.7200 111.7100 111.7100 112.8100 110.8100 113.0400 109.3300 109.3300 108.9100 108.3100 108.3000 107.7800 107.5800 108.1500 107.9900 107.6500 107.6500 106.3700 106.4400 105.9400 105.9800 108.6300 108.8600 106.8900 109.2600 109.0600 109.8600 109.3900
