114.2200 111.5000 112.2400 118.6700 114.1800 121.5000 120.2000 120.8200 120.5800 120.0800 119.8200 112.7900 111.0600 110.4400 108.7800 105.9200 103.8700 104.6600 104.8400 106.3500 105.7600 108.2800 109.7600 101.2800 100.6200 100.1200 97.8100 96.5600 93.0900 90.6200 87.5600 79.2800 72.0100 72.0100 71.6100 79.2800 83.8900 90.6200 93.0900 95.0200
114.2100 114.6198 116.5553 111.0640 118.8244 118.7016 120.9833 120.8805 119.5676 120.2647 119.9286 115.3344 108.6024 110.3224 108.7985 106.6977 104.6631 105.1998 104.9156 107.3085 106.4777 101.6388 108.6843 100.6228 101.2960 100.0932 98.3974 96.6311 94.3130 91.0859 86.6824 81.3168 72.4081 68.2794 70.5866 79.4255 85.4860 90.1366 93.6259 95.0900
114.2000 109.9098 116.9192 117.8879 116.8446 118.8876 118.7396 121.0929 118.1733 116.9139 119.3217 113.3490 111.0500 108.6980 108.9287 106.7129 104.8379 105.0006 104.9156 107.0632 106.2890 109.0250 108.4669 101.0157 100.8655 100.0312 98.6225 97.0498 94.9969 92.2324 88.5981 84.2588 79.3353 76.1876 78.3235 83.3054 87.8915 91.8491 94.3472 95.2800
110.8100 110.7427 121.3972 118.4297 113.9773 117.8745 122.1633 120.8561 120.6512 118.6940 119.9724 111.6435 111.0543 108.4861 108.6303 105.4125 104.9735 104.2811 104.2806 106.1455 106.5428 108.3846 110.4584 100.7932 99.9029 100.3350 99.0824 97.6828 95.9545 93.7809 91.0620 88.0538 85.4511 83.9731 84.8158 87.2850 90.3197 93.3481 95.5444 96.9900
112.6000 119.0513 119.9605 119.0430 117.8491 116.0914 119.1641 120.6107 116.4576 117.6122 118.6266 110.4603 112.4853 110.1657 104.7665 105.5612 104.6246 103.0330 102.9522 104.7747 109.0243 114.0603 112.6140 102.9243 99.1855 100.8556 99.5592 98.4405 97.0501 95.4047 93.5137 91.5362 89.8213 89.0386 89.5309 91.0583 93.0493 94.9525 96.6442 97.3000
119.1900 117.6677 117.4268 119.5903 107.4855 115.2730 112.6490 115.4603 110.4036 110.8451 112.8065 113.9672 112.0999 110.1904 109.1792 105.9911 104.8356 103.3289 102.7570 104.2399 106.9679 111.9234 114.3979 106.0918 99.7106 100.8691 100.2279 99.2167 98.1406 96.9098 95.6253 94.3630 93.3684 92.9193 93.1946 94.0812 95.3024 96.6038 97.8516 98.9800
117.9000 114.1717 115.0310 118.6723 112.8340 118.3140 111.5823 106.2439 110.2466 117.8195 112.4914 111.8194 111.1189 109.2508 106.1339 106.4796 105.9020 103.9875 102.4499 103.6163 105.0510 112.4242 114.8657 110.5138 102.7649 99.9307 100.3696 100.0896 99.1324 98.2504 97.3460 96.5129 95.9229 95.6515 95.8176 96.3539 97.1299 98.0401 98.9346 100.0700
115.8600 111.3535 116.6997 119.5368 118.2750 114.3598 113.9615 112.3025 107.4620 110.6657 110.5623 106.1453 107.4512 107.8920 104.5334 104.8056 105.8992 104.5800 102.9278 102.9796 106.6279 116.2487 113.7234 113.7325 108.9086 101.4936 99.1074 100.9971 100.1377 99.4057 98.7588 98.2074 97.8000 97.6457 97.7376 98.0860 98.6263 99.1764 99.9709 100.0700
115.1500 106.1510 118.4199 117.9360 117.1713 116.9145 118.8557 114.0211 110.4961 111.2393 110.9352 110.6189 107.3596 105.4294 105.2767 106.1437 105.0828 105.7842 104.2421 104.1844 107.3023 107.5447 115.1819 114.3502 113.7329 106.6076 100.9797 99.9229 100.3800 100.3335 99.8913 99.4650 99.2414 99.1009 99.1997 99.4245 99.7461 100.5526 100.3919 99.8600
114.0700 114.2474 117.2213 119.7133 113.5248 112.3969 116.6311 114.5583 111.9117 112.7429 110.3272 111.3422 109.5406 104.7424 103.7618 110.5033 108.5359 107.4437 105.3333 105.9053 103.9128 106.7616 110.7980 114.8224 114.7591 112.8585 107.5274 101.8302 99.4984 99.4727 101.0823 100.7036 100.3881 100.4064 100.3840 100.5360 101.0716 99.9364 99.4242 101.2300
113.1900 115.3324 112.8051 115.1858 111.6261 111.5302 111.6603 110.3799 112.2798 113.4698 110.6736 111.8730 115.4564 111.5927 111.3051 111.8304 111.4160 106.1744 104.6180 104.1970 104.3322 105.4939 106.9514 113.6972 109.7386 114.0797 114.3686 110.4171 105.9678 100.7123 99.8180 100.0629 99.9625 99.8654 99.9449 100.2109 100.0178 100.2589 103.8445 108.0000
109.4100 107.1656 111.1704 116.7118 118.5104 118.3459 108.7604 117.0534 106.5794 112.5447 104.0229 110.7649 113.1027 107.6858 111.8263 112.1129 109.4534 104.8973 105.2756 108.3804 106.2525 110.1303 105.1710 107.6384 106.4201 115.2467 109.9062 115.5589 110.6061 111.8309 105.8077 104.0637 102.6467 102.3852 102.5508 103.2620 104.9734 108.5853 112.3118 110.4700
108.7600 111.4350 118.9355 118.5583 118.4402 118.7812 115.3954 114.9507 107.7255 106.5227 112.6103 112.0379 115.2787 119.4875 118.4354 109.8193 114.3241 105.4895 105.2860 111.2831 110.5512 111.1915 115.9121 102.8445 103.9021 108.1699 115.3096 109.2511 101.7358 110.7016 108.7898 112.1705 110.9864 110.6939 111.0355 111.8903 113.3837 115.6542 114.5046 110.4000
108.7400 109.0518 120.1454 118.7648 118.4110 118.2937 116.0936 114.7103 108.6207 115.9628 111.3002 113.2826 114.4716 113.5241 114.2521 108.1542 116.8998 111.0180 112.1485 113.9843 106.4029 108.7382 114.2012 106.2114 108.1333 106.3903 109.4105 111.9871 115.2134 112.2998 114.2763 113.2692 113.6605 113.5807 113.2224 112.8912 112.9186 109.2593 112.3698 114.9300
109.3200 109.6136 117.7636 120.9204 113.6062 118.5876 114.3284 110.3647 110.9721 107.6735 104.2620 105.9996 111.2451 111.4307 113.7009 111.0380 108.3766 106.6663 113.0017 107.3796 106.2903 104.1172 115.1108 116.0641 109.8731 105.8445 106.8917 105.4640 114.1557 115.6248 107.7045 107.6279 108.0642 108.4091 108.1364 110.9059 110.7474 109.9971 112.4510 109.1700
113.4300 113.4987 113.4113 118.8505 115.8671 117.7279 115.0930 111.1408 111.0758 107.9481 106.7918 112.2110 115.8543 117.6728 117.4630 101.4390 106.5067 109.0849 108.1110 106.0282 106.6767 106.3789 108.2619 110.1720 114.1390 114.4386 107.1622 105.5734 109.0848 110.8262 105.9752 106.8123 104.3386 104.7270 104.5419 105.5695 103.5375 104.5456 107.8239 104.3700
113.6600 117.0765 120.0366 116.6170 117.6206 117.0823 115.1247 114.7395 113.8311 111.2888 108.9257 113.9668 115.8089 114.7973 113.3563 105.2226 102.3215 107.0623 109.5629 106.1120 107.4393 106.2934 106.9389 106.9629 108.9577 112.1419 108.6021 105.6023 115.2718 117.0746 109.1981 102.5516 102.8446 102.8079 102.0890 104.4060 104.0919 104.7960 103.3333 104.5000
109.0500 121.0492 115.6745 117.9594 118.6238 118.9983 113.4786 118.6708 118.1848 119.4384 110.6595 110.5638 115.6387 116.5943 111.7433 112.6643 105.7955 103.4594 107.5866 106.5815 106.6237 107.8320 113.5123 106.3167 106.5964 106.7794 108.6306 106.3095 114.6760 113.2109 106.1193 103.5318 103.3274 103.2582 103.8990 111.4278 107.5349 105.9327 104.6743 104.5000
115.3300 116.7495 117.8035 118.6002 119.1470 113.8895 113.4938 116.9239 116.1806 111.2896 114.7460 114.9548 109.3760 113.1064 114.9911 113.5127 109.3534 106.2401 106.8194 108.0867 109.8376 107.8217 111.4929 106.5106 106.9343 109.7690 105.1756 106.2859 106.2746 106.0999 108.3366 104.0605 103.8412 105.3306 103.8876 106.0406 111.6432 108.3392 107.1375 106.3000
116.1800 116.0629 118.2369 118.5747 119.7593 111.8373 119.0370 118.5549 119.4639 113.5609 109.8516 109.4543 107.6959 112.8549 117.4197 110.0190 111.0919 109.0943 109.4093 107.2398 108.2629 106.9025 106.8044 111.4891 108.2707 110.5107 110.0177 112.9017 105.7171 108.9929 106.6574 104.2091 105.2540 104.9457 107.6593 106.7725 109.7790 105.5953 103.0149 106.3000
122.8300 114.7739 123.3972 122.3391 120.0311 113.0235 112.2299 112.3695 112.0548 110.7808 109.5895 112.6963 113.9924 115.8613 107.8790 111.2246 112.8026 104.2750 107.7552 107.3606 109.8682 109.9893 110.0770 114.3064 111.2404 111.5456 114.0077 107.2248 107.8503 105.6289 109.9489 106.0006 107.1694 108.9356 119.4556 111.9928 111.5081 113.4741 106.5361 105.1000
115.5100 115.1769 109.5058 109.4245 114.1765 116.3065 109.6808 115.0186 113.9454 109.1892 110.2830 114.7753 113.2502 111.7785 112.2605 117.9119 107.2990 103.9925 110.6233 112.5155 112.2383 105.8962 104.8605 109.3525 113.9956 107.0026 111.4526 111.0780 115.7629 108.0208 109.5840 106.2085 119.8163 118.1005 115.9804 114.7497 110.7768 115.4965 107.0204 109.8800
120.2300 118.2394 115.1549 118.3131 113.7227 109.2488 112.0352 113.3189 110.5336 109.7963 109.3973 116.5316 111.9395 111.4151 116.0628 115.3521 112.2180 109.3824 113.3306 116.5911 112.9370 105.7900 100.3321 105.5373 114.8919 101.4127 109.8625 108.9320 111.7014 105.0540 109.1296 109.3165 117.6257 111.1446 108.1896 111.5810 112.5106 107.2927 113.5087 112.4400
117.2800 117.6626 114.9629 120.2438 109.4574 112.9795 109.0939 112.7827 110.5553 109.4834 109.8251 114.5709 111.8852 112.2086 116.6875 111.9270 106.5787 108.4429 113.0518 115.2503 110.8968 117.5408 108.6398 113.2547 104.4517 101.3061 114.9950 103.4899 103.4248 102.0171 105.7358 107.7017 106.6310 107.3018 104.7417 106.5541 105.2068 103.5712 114.0320 114.4900
117.5900 120.7268 114.5477 113.9867 109.4876 110.6615 111.1543 111.4796 110.7236 112.1934 113.0421 113.1018 117.0885 111.0606 110.5470 109.5038 106.6907 111.6410 106.8789 113.6834 115.4588 113.9606 109.6902 110.5743 110.0696 114.3005 114.2471 100.8617 102.9866 105.3230 105.7936 103.1511 102.1070 102.6326 102.6763 102.4517 103.4351 104.0511 112.0979 113.0800
125.0300 114.8070 117.3952 112.5722 111.5500 109.1795 112.3261 111.8693 111.0784 112.2671 113.2960 113.2452 113.5202 111.2126 112.3325 112.6783 113.6276 112.2914 110.2307 112.7158 114.6120 117.1970 107.7250 105.0489 115.1788 112.1682 112.9263 103.0654 107.8568 108.4326 104.4595 107.1045 104.3626 105.1986 108.3780 107.5555 110.6723 105.1552 111.3288 112.1400
125.0300 116.4881 111.9364 114.3562 116.4188 112.5182 112.7572 111.8069 113.0086 112.7966 110.7982 117.4022 114.1741 108.7317 113.5258 114.6574 114.0072 113.4255 114.8561 114.3944 115.0580 109.0072 106.3342 105.2866 114.1820 116.4588 112.9369 108.1177 105.2380 107.5693 105.7131 110.2674 103.8485 105.4795 111.4916 110.9288 105.6458 107.9198 107.3002 104.4200
112.1700 117.7715 115.6101 117.2393 115.4582 112.3448 112.2911 112.3616 111.0836 113.7324 112.1573 116.0818 113.0220 108.8303 116.1073 116.8881 115.5023 113.8455 116.6070 115.5186 112.6646 110.7092 114.8807 114.4732 115.9054 113.2507 109.0471 110.8398 110.3210 111.9885 110.1704 113.7280 109.4918 105.3797 105.9662 112.0912 107.7876 106.6905 106.4126 107.2700
118.0200 117.6596 119.3786 113.1731 116.8714 113.6500 110.1815 111.5537 115.7481 109.5917 113.3973 113.5231 113.0070 110.7310 115.0246 112.4040 109.1723 111.8159 113.2480 114.3836 113.9264 114.2054 116.1570 114.3398 116.2257 112.3216 110.3052 114.4215 107.1377 114.1140 113.4369 106.2695 106.7942 106.7098 105.8272 109.2010 110.0674 109.7195 108.6164 108.8200
119.1600 119.8488 115.0521 111.5490 118.0870 111.5154 114.8345 111.3490 116.2166 114.3107 116.2920 114.1430 115.4955 118.4097 120.1025 116.0254 115.6602 112.4760 113.8076 115.2521 112.7876 110.6056 117.2097 113.2877 113.6669 111.9821 114.9183 111.2339 107.9759 108.3616 110.9098 113.6882 107.8224 107.6036 113.3729 115.8283 111.5875 108.9445 108.4618 108.0100
121.5300 120.1434 118.2035 117.5265 117.3644 116.4476 109.8891 109.8287 113.8949 117.8116 121.6639 115.3035 111.8877 113.5919 119.6565 114.8128 110.1236 111.7579 114.8962 114.9834 114.2228 114.9022 117.4855 117.3583 109.1906 114.7947 112.5721 115.7913 113.1023 107.7040 114.6936 115.5087 111.1539 115.4828 111.5726 115.2980 114.9501 111.0232 111.1379 111.3800
121.0600 118.9826 118.8741 117.8226 117.2711 113.7753 109.7690 115.9849 118.0149 120.1251 118.0094 114.4569 112.6608 113.5773 118.1745 116.0458 112.8440 113.5358 115.3786 112.9672 111.6623 118.2782 118.2776 117.9951 117.6355 117.4734 111.3224 117.2576 114.8114 111.5443 117.6400 111.6915 111.1772 114.0222 114.8162 113.7070 111.7729 112.1691 109.6053 111.0500
120.0100 119.5620 119.4257 118.3957 118.2387 118.9744 118.1709 123.8275 123.8395 121.3290 114.9730 113.5600 109.5686 117.8968 119.2656 113.4500 115.4106 117.3158 114.8284 112.9183 113.3096 121.1268 117.8622 114.0488 114.4936 112.4098 115.1493 117.7589 115.1690 116.5274 114.2168 113.8838 116.0788 113.8608 111.2645 110.4676 109.0804 109.9247 108.9701 114.0000
122.9500 121.1898 120.1291 119.1075 117.8664 118.5805 120.0567 121.8961 122.7142 123.9025 119.2171 114.5054 114.7983 118.1895 113.5427 112.9908 113.9347 118.7478 115.9254 113.4742 113.3107 119.0026 116.1123 111.7106 112.6986 112.1198 111.3455 111.1009 110.4924 114.7108 118.1826 115.3746 112.5337 113.2078 112.8102 110.3501 114.3265 114.4917 113.9668 111.1200
123.0300 121.9742 121.0280 119.7585 119.6720 119.8149 120.3563 125.9838 118.2632 119.1889 114.5637 112.2364 115.4223 114.0807 118.5105 115.1304 115.0924 115.6277 116.9866 113.3747 114.1010 115.6039 119.0372 117.7994 117.4302 116.8674 113.7112 117.5447 114.3897 117.7955 114.5931 115.4179 112.0700 110.7646 111.4685 110.1713 109.7463 112.5587 113.3075 109.5900
121.8200 120.7430 121.8038 119.9195 120.8201 119.7878 120.1584 120.7818 117.3549 116.4748 112.0196 112.8884 115.4396 115.7277 118.4617 117.0521 119.3816 113.8648 113.6956 112.9085 112.5081 112.0563 112.5933 116.6873 116.9771 122.5934 113.9540 119.8342 114.5050 117.4116 114.9119 117.7553 114.3058 113.3132 109.6153 111.6389 111.9128 113.5555 111.6542 112.9400
124.2400 124.1641 121.4422 121.0911 122.4575 122.5018 120.2662 118.6840 118.0204 117.8887 119.5250 114.6203 118.3181 117.9143 114.9207 116.7358 117.0354 115.5970 115.0476 114.3336 112.9879 114.4915 115.8951 118.1484 117.4089 121.4123 115.6225 118.3940 118.7976 119.6798 114.0141 112.9506 113.6998 111.6592 113.1931 109.0895 114.3093 113.0849 111.4170 111.7400
124.2400 123.5096 121.2247 120.9731 123.0446 122.4471 120.6501 119.4074 119.7835 119.1864 119.4074 112.8297 117.5682 117.5757 117.2512 119.3703 115.0125 116.8357 116.1568 115.8844 113.9286 114.2314 111.5215 120.8452 124.0059 119.3915 116.6471 116.3378 119.6549 123.4971 114.9915 115.0129 116.5291 114.3835 114.0426 113.8999 114.9020 112.3673 114.5116 114.8400
124.3500 122.8960 123.4306 123.9396 123.1445 122.0697 121.0365 121.0637 121.0074 121.0344 118.9695 118.2256 118.4592 118.7914 118.9712 119.4498 117.1688 119.4753 117.6508 116.6279 114.9307 117.1546 120.7978 120.5354 124.7025 121.4728 116.8573 119.0971 119.7678 122.7507 114.5237 114.6065 116.2761 114.7312 113.5363 113.3322 112.3103 114.0203 113.5467 113.2400
124.3500 123.7500 123.6500 124.2800 122.6400 122.6400 120.6100 122.8900 121.6700 121.2600 119.4000 120.2800 120.2300 120.2300 117.7800 119.0600 120.4900 119.4800 116.5700 116.5700 115.3700 120.7400 120.7500 120.1800 121.4900 118.3400 114.3200 120.0700 120.4600 116.0200 113.7600 115.9800 116.3400 114.2500 112.2000 115.0200 114.9200 111.6900 112.4600 113.2400
