110.2500 110.2500 115.0500 112.0500 110.4100 110.2400 109.4900 109.5700 112.6800 111.4900 109.6400 109.1100 109.1100 110.9400 110.8500 108.9900 108.8800 108.9700 108.9700 113.7600 113.9600 113.9600 114.2900 112.2400 110.8100 111.1200 111.1100 111.0500 110.9500 114.9900 114.8100 114.8200 114.5400 114.5300 114.6400 114.3600 116.2500 116.2000 114.4300 114.6200
112.5400 109.4599 110.7717 109.7761 110.1255 111.2408 110.2324 110.1552 110.7321 111.6548 110.9634 113.4136 108.1712 110.4618 110.5457 110.2087 108.6043 108.6012 108.7937 110.8042 113.5765 114.4960 114.1772 112.6553 111.0448 110.1553 109.4288 111.0988 111.0938 111.8130 112.9957 115.0639 114.7032 114.6564 114.6722 115.0955 114.8480 116.1590 114.6536 114.6200
112.4500 113.9267 111.2289 111.1093 110.0873 113.9565 110.7009 109.5791 110.4544 109.0767 110.3664 112.1724 116.9143 110.7095 111.1271 109.6516 110.7129 108.2829 109.4234 110.8638 112.1780 115.0499 114.2117 112.9029 110.9789 109.8986 109.8994 111.9175 109.8754 115.7809 113.2184 115.4928 115.0943 114.9509 114.9101 115.1721 115.5379 115.3393 112.9285 114.4900
112.9300 112.4447 110.7551 112.6882 109.8252 112.2536 110.5481 110.9552 111.2332 110.2435 110.8169 110.9594 111.4194 111.7425 110.6290 109.5520 111.1110 110.7913 109.7859 110.4973 111.6020 111.2600 111.7926 110.5494 112.8376 115.1846 114.1523 110.9046 110.0490 117.1295 114.8167 115.7186 115.3167 115.1164 115.2103 115.5547 115.4734 115.2578 110.8457 111.6000
112.6500 111.2019 111.6856 109.5715 111.0929 111.7295 111.0406 110.6534 110.7009 110.9723 109.7692 111.4881 110.1702 110.4335 109.7977 109.0921 108.7402 108.2571 109.1588 108.3558 109.3566 107.8777 109.5902 111.4200 115.1523 116.0740 115.8240 112.0129 111.9008 115.0868 117.4935 115.3200 115.4246 115.0116 113.3377 115.3910 115.7513 115.6024 113.7207 111.8200
113.8700 113.1102 112.0339 111.6334 109.9290 114.1013 110.6867 111.1964 110.3546 110.8490 109.6452 110.4484 112.2609 109.5569 110.4796 109.5154 108.9942 108.7112 107.4388 108.4678 107.8310 108.6912 108.3196 109.3000 113.0912 115.3014 115.0361 108.1819 107.7245 114.9582 118.0756 114.4173 115.6130 114.2155 113.3167 115.7865 114.8975 113.9839 114.1652 114.9200
109.9100 111.1988 111.4351 113.3278 111.4055 109.2516 110.6311 109.3507 109.4379 110.3195 110.8046 109.2942 110.6119 111.8511 111.3718 109.5248 108.9948 108.7334 108.2241 109.0589 108.1119 108.7268 108.5683 110.6659 109.8206 114.6298 112.9898 107.6571 107.8192 113.1821 114.5602 116.1720 115.7527 109.7185 113.4150 115.3843 115.0706 109.6075 111.3992 114.9200
110.0400 111.5342 111.1342 109.7139 109.9818 110.8939 113.6642 110.9935 109.8181 108.9391 109.7191 111.2270 111.6602 118.0701 113.8680 108.8388 108.1998 109.2087 109.8178 108.3749 109.7701 107.7074 110.1112 109.8644 108.2474 115.3716 111.8357 107.6747 110.5527 111.0802 113.8448 114.4216 109.8329 109.5983 112.3930 113.7253 110.4969 109.3832 110.9052 109.6600
109.5900 108.8070 112.2211 109.8219 110.3317 110.5608 110.1549 112.6238 110.0006 109.0570 112.9463 109.8981 108.1091 118.1490 110.3593 110.3281 108.4992 112.4792 113.0715 107.8111 108.3709 110.1903 110.1515 109.6800 109.7304 111.7092 110.1872 112.3720 111.9618 109.6679 110.2286 113.3992 109.2331 109.5625 109.4133 112.9170 109.6104 108.9765 108.9087 109.3300
109.5000 110.1379 115.6436 110.4719 109.4453 111.6697 110.2359 113.3585 110.7921 108.6130 111.1231 110.5968 108.2419 109.8762 112.8403 110.0171 108.9523 109.4196 108.1147 110.8035 107.9763 109.3005 108.4654 109.4499 110.0284 110.0415 110.9413 109.3529 108.0340 109.7660 110.0795 113.7328 108.9414 109.4556 108.8242 113.9531 109.4454 108.9411 108.3422 108.3100
109.9100 111.8297 110.5792 113.0490 112.7493 109.4393 110.0614 110.0923 109.3138 109.7067 112.3152 111.6248 109.5763 112.5212 113.5994 109.0837 107.5050 109.2301 107.5063 113.1432 110.2102 108.8692 108.1653 109.4573 109.4482 110.5064 111.4481 110.9541 108.8201 110.0220 110.2529 114.0363 108.7919 109.0012 108.3085 108.4942 108.2190 108.6998 108.1937 108.5100
109.2800 112.7903 115.5864 109.4412 109.4626 110.5554 111.7098 108.2477 112.9331 117.4531 111.2058 110.8254 111.4158 110.0700 110.5500 110.7918 107.2219 111.3492 110.5285 110.9994 114.5228 111.6227 111.0000 107.0607 108.6158 110.9270 108.5221 111.1566 109.1045 109.0618 110.5926 113.5106 108.6775 108.1014 107.7378 108.2261 108.7230 108.0229 108.3572 109.1500
109.2100 110.2631 110.3679 109.5329 109.3708 109.5041 110.8370 112.2958 113.0436 110.2678 113.4283 117.3662 112.7565 112.2734 108.9255 110.2064 108.4368 109.9596 114.1638 109.1005 112.0475 109.9497 111.3749 110.3674 113.7106 108.9477 114.5705 111.0767 109.2494 108.4655 110.7267 111.1900 107.8748 108.0359 107.9253 107.9781 107.8434 107.9531 108.5134 108.3600
109.0900 111.3629 111.8043 111.3185 110.0056 108.5975 111.2276 110.1482 111.3824 114.8884 116.8135 119.2337 115.9257 109.8597 108.7843 107.6880 114.1929 110.0498 112.2156 109.8347 108.5612 107.1183 109.4297 116.1599 112.7507 110.9978 112.4575 108.4444 108.9793 108.6055 110.0523 107.3820 107.2093 108.2005 107.6135 107.8920 107.8966 108.3515 107.8258 107.8800
113.0000 113.5911 113.7840 110.9590 109.6522 109.2657 109.2231 110.7257 112.1396 115.8981 114.1593 116.3049 112.3545 111.5845 109.0816 114.5399 115.3078 114.4611 111.4163 108.4221 108.7514 108.2815 108.1674 111.2670 109.0238 108.0525 108.1690 107.9537 107.9910 107.9789 110.1928 107.9761 107.3794 107.8952 106.9580 107.5065 106.8250 107.4282 107.7565 107.7900
113.0600 113.1118 115.1211 110.6529 110.9434 108.6840 108.8748 109.7094 109.7074 111.1173 113.2641 111.6693 112.2769 112.3576 111.4694 114.4668 115.2418 111.6339 110.3148 109.1036 108.4387 108.8024 108.2636 108.1929 110.8443 109.3663 108.2482 107.6526 107.7941 107.1055 107.3785 107.0487 107.0424 106.6121 106.8307 107.3396 106.6483 106.8514 107.1157 107.1100
109.6400 110.8606 114.2423 112.4851 111.0593 109.7426 109.2361 110.4414 108.8016 108.8000 107.8567 108.2677 109.0586 108.4696 114.2840 112.5452 113.8063 109.6488 109.2293 108.7618 108.1868 108.7397 108.4708 108.2425 110.0740 108.8196 106.6360 106.9940 106.6994 106.0773 106.9958 107.1687 106.0830 106.9235 106.1404 107.1164 107.8665 107.3832 107.4649 108.5200
109.6400 108.9252 110.3047 111.1455 110.8785 110.2107 108.3034 108.5235 107.9893 110.4141 107.8839 110.1634 109.5955 108.0629 112.3356 107.9489 113.8532 109.8827 108.6213 108.4445 108.0137 108.4623 108.1030 108.0747 107.6133 107.5050 106.3364 107.1835 107.6533 107.2526 107.2795 106.1236 107.4556 105.0647 106.3962 106.5402 107.1488 106.7021 106.2694 107.3700
114.9100 113.8337 111.9798 112.2591 111.1781 110.0583 109.5695 108.0957 107.8502 108.6057 109.7791 109.5439 109.0315 111.4335 114.5317 109.7926 111.7178 107.7112 107.9397 108.6728 108.5876 108.3152 108.1295 107.8263 107.4800 107.4899 107.7947 107.6377 106.7401 105.7628 106.7848 106.6267 105.2182 106.8915 105.5076 107.0542 106.4881 106.6399 107.2635 107.6800
110.8900 112.4624 108.4275 113.2859 109.6370 109.7651 108.5013 109.9521 109.0220 107.7867 107.9831 108.8759 111.4612 109.8943 108.8419 115.3693 112.3238 112.0034 108.7244 108.2342 106.7460 107.1715 107.1297 107.2826 107.5915 107.1246 106.7841 106.6780 106.7680 106.0112 105.0982 106.6597 105.7215 106.2193 105.6882 107.2070 106.3248 107.1118 106.8974 106.8300
113.6000 112.9968 111.7328 109.9223 109.6126 108.6094 108.1359 108.3942 107.7933 108.1893 108.8811 110.6041 108.7554 106.9197 112.1721 106.3104 113.2837 108.1201 111.6248 112.5022 108.8369 107.1081 107.3214 107.1869 107.1310 106.4873 106.4615 106.7182 105.9201 105.4440 104.5653 106.4074 104.8347 105.7305 106.1172 106.6303 106.2749 106.8051 105.6734 105.3300
109.9200 112.6832 112.7816 110.5785 109.6556 107.8709 108.1634 109.2238 113.0030 111.1625 107.8700 111.1097 108.6550 111.4387 110.8440 107.6957 113.4551 109.5645 107.4644 110.8576 110.2893 107.1193 106.1491 106.3680 106.9449 106.5504 105.7041 105.7844 105.6261 106.1656 104.4073 104.7257 104.8205 104.3238 105.3845 104.3980 105.4193 105.4707 104.9336 105.4700
111.1900 113.0828 111.4643 109.9991 109.0918 108.3553 109.4347 109.0163 111.1077 111.6081 109.3416 112.7402 109.3733 110.4234 110.4243 113.0008 108.0109 107.1508 106.1779 106.8516 107.7013 107.2349 105.3683 105.1437 105.8681 106.6058 105.4739 104.9522 105.3839 106.3334 104.2985 103.6672 103.5462 103.9301 104.5244 103.9281 104.3053 104.8047 105.4157 105.5500
110.8900 110.2243 111.3176 108.5781 108.9855 107.8701 113.1709 114.4235 111.0856 108.8809 108.9646 111.7899 113.1555 113.0876 109.2324 110.9171 108.2483 106.7242 106.7689 107.4299 107.2787 107.0351 105.7068 105.3814 104.4782 105.4806 105.0487 104.9180 103.3912 105.1731 103.3912 103.1390 103.0038 103.1543 102.9514 103.4889 104.2663 104.4554 104.1038 105.7400
109.7400 108.0071 110.1376 107.9551 109.9073 107.6695 107.7442 108.5639 109.6280 107.3087 109.8219 117.0684 110.6872 114.1178 114.1196 112.0498 106.6619 107.1195 107.9616 105.8758 106.3049 106.5676 106.5000 106.6545 106.0429 103.9931 103.6006 103.1289 102.8732 102.7477 102.4826 102.3454 102.4299 102.4421 102.2275 102.4307 103.8559 103.2093 104.9868 105.7400
109.6000 109.0251 108.1891 109.4390 109.8946 110.8143 111.8691 109.7366 109.2173 107.4282 111.9890 108.0734 113.1336 113.0477 113.4777 107.8098 106.5788 106.9731 107.5544 107.0178 105.5579 106.1246 106.5424 106.2232 104.2229 103.4751 102.9109 102.6626 102.3522 101.9341 101.6031 101.1415 101.1754 101.7953 101.9513 101.7263 102.1032 102.4935 102.9693 104.6400
108.8600 109.5590 108.6838 115.5648 111.2230 111.7516 113.6212 111.2179 109.9094 107.8726 115.0284 116.1336 114.1243 112.4901 110.5660 111.5676 107.7205 107.4878 106.7727 106.7210 106.3284 106.0759 105.9253 104.6977 102.9350 102.7738 102.1855 101.9427 101.7772 101.1535 100.8651 100.7586 100.7344 100.8103 100.8233 101.0234 101.3102 101.3821 101.5489 101.2300
108.3500 108.1566 108.8174 111.5650 113.7721 113.1853 112.8887 107.7529 112.7032 109.6140 113.4228 110.4307 113.9184 114.0779 111.1688 109.2138 107.2596 107.2105 105.9633 106.3869 105.8259 106.0641 105.8428 103.4359 102.7698 102.3096 101.5104 101.9528 99.7997 100.7931 99.9816 99.4039 99.8470 99.9621 99.4720 99.7211 99.8126 100.1508 100.9492 101.0400
110.9000 113.9527 109.5911 106.9019 114.6354 112.5424 109.8540 109.0086 112.4590 113.1231 114.9808 108.1339 108.4458 113.0931 107.4074 108.8361 107.9085 107.2116 105.9210 105.1335 105.5932 105.7472 103.6017 102.8544 102.2555 101.7452 100.9815 99.3159 92.0350 100.1077 98.4792 97.9036 98.4812 97.7941 98.0268 98.7993 99.2221 99.4481 100.1845 100.6800
115.6800 116.1624 112.0517 114.7957 112.0290 110.2841 108.9982 106.9154 110.0694 115.9223 115.3857 114.1113 110.8450 110.9139 106.1945 107.4116 107.5423 105.6981 106.5785 104.4186 106.1245 104.7970 102.8652 102.4525 101.5492 101.2929 100.2915 99.6673 99.1315 98.2520 96.7859 96.7808 96.5069 96.3700 96.5148 97.2095 97.9490 98.9315 99.8320 100.6700
116.9600 117.1565 115.8711 114.7508 113.7656 108.5507 110.1712 108.7928 114.7492 106.7840 112.3920 113.9782 114.1853 111.7757 107.1131 112.2558 105.5270 106.3902 105.7113 106.3968 105.9743 103.8062 102.7925 102.1147 101.2648 100.4033 99.5707 98.7502 98.0556 97.0363 95.7575 95.1798 94.0780 94.9000 94.0764 95.3508 96.1603 97.9156 99.0436 99.7200
108.9100 110.9528 112.7728 113.7321 112.2288 112.6145 112.2167 115.6220 107.6694 110.2308 112.6673 108.9966 112.8870 110.9975 113.2662 112.7528 105.9938 107.9568 105.3741 107.0373 104.4125 103.0450 102.4783 101.6993 100.8948 99.7427 99.1722 97.1425 96.5074 95.5121 94.1121 91.2203 89.6998 90.9728 91.4633 92.5259 94.0159 96.0388 97.5964 99.3000
108.2300 114.3224 111.9524 112.9036 113.3969 112.9411 114.1360 115.8186 115.0696 112.9303 112.3158 113.6808 111.6095 107.2967 106.9250 109.7022 110.0930 105.0112 105.4001 110.5611 105.7821 102.9319 102.2457 101.2905 100.3423 99.5041 97.9014 96.3275 94.0854 92.4927 89.5780 86.9968 87.1920 84.8644 86.8943 89.5672 92.6938 94.2903 96.2758 97.8800
111.3300 111.5104 112.5927 112.4368 109.9234 114.9867 116.1111 111.9816 111.3022 113.6407 110.9366 115.2880 109.6567 105.2588 106.3419 106.3833 104.6818 106.4891 106.6972 105.8633 102.8224 102.7345 102.0718 101.2556 100.1116 99.0432 97.5375 96.1854 93.9588 89.9101 84.9546 85.0185 79.6597 79.3746 83.1295 86.6280 92.0490 93.8291 95.9055 97.4100
108.9400 110.5372 110.4111 113.9106 112.4047 111.7814 114.1216 106.2849 111.2133 110.2846 108.6526 107.1582 114.4277 106.8059 106.8747 107.2511 106.5434 106.2869 105.7458 105.8663 103.3579 102.7200 101.8252 100.9330 99.8530 98.6853 97.2628 95.0549 93.1871 87.9025 84.0345 73.7393 65.8038 69.5996 80.1150 87.3266 89.6339 93.8562 95.8418 97.8300
113.1600 112.6946 112.6129 115.4557 115.1897 111.6835 112.4391 112.3708 113.1080 112.8589 111.9954 113.8275 108.6485 107.8386 106.1384 106.1299 106.0362 107.0597 106.0196 105.6028 103.1992 102.6687 101.7228 100.8237 100.0171 98.7220 97.0633 94.5602 92.7790 90.0070 82.0921 68.7448 60.5512 63.0748 77.3052 87.5309 88.6382 93.6523 95.9521 97.8100
116.7900 115.9007 114.6954 115.2823 112.6778 112.4550 113.6772 112.7772 111.1694 110.0813 114.6496 109.2874 109.8185 106.8244 107.3184 110.2985 107.3225 105.7801 105.6986 105.2753 103.1577 102.5887 101.8922 101.0478 100.1092 99.1022 97.1754 95.3621 93.5739 89.8718 84.7638 73.2440 66.6685 68.9142 82.7140 88.4452 91.5474 94.1819 96.4029 97.6200
114.8000 110.1140 111.5042 115.0893 113.0332 112.7013 112.8867 113.5883 109.8160 109.1777 108.6844 109.3169 114.0418 112.1806 111.1869 107.9452 110.6606 104.1621 106.6028 107.5638 103.3184 102.7870 102.1049 101.2999 100.4124 99.2671 97.8205 95.4182 94.3180 92.3332 88.6987 82.0024 77.7698 81.3380 86.2014 89.8271 91.0581 95.3417 96.3117 96.5600
112.7800 109.9374 110.8778 114.4158 112.8757 114.8933 114.0985 113.1902 111.1268 110.8499 107.9985 111.9034 113.7197 114.0588 110.8920 104.3302 106.4387 105.3371 104.9168 105.2788 103.6556 103.0143 102.2764 101.4852 100.6042 99.6446 98.3112 97.0303 95.6847 93.1829 90.7952 89.5352 87.9598 89.1815 87.0709 90.1752 93.5436 95.5048 97.1172 97.0300
112.7800 108.8400 108.8400 108.0500 110.8200 113.9800 113.9800 111.0500 111.0500 110.9800 109.2400 109.5200 111.4900 114.5200 112.6200 112.6200 107.1400 105.9500 104.1300 104.1300 103.9100 103.1200 102.3000 101.7700 101.1100 99.9600 98.0800 98.0800 96.3300 96.3300 91.2100 91.5000 91.6000 91.4800 91.5200 89.7500 95.0000 96.1400 97.3300 97.3300
