108.6800 109.1900 111.3200 115.5900 115.0800 117.1400 112.1700 111.1100 110.2000 112.4400 112.9600 110.8800 112.9900 105.6300 105.8300 105.1100 105.1400 107.6900 106.4200 105.5400 104.9400 106.3400 106.3300 106.3600 106.3600 112.2900 112.3000 109.8200 110.0800 108.2300 108.5000 107.4300 107.4300 106.5500 105.7400 105.1000 104.9400 104.9400 106.3700 106.2100
108.9100 109.1949 108.6498 114.1285 114.4854 112.2747 113.1231 114.1193 110.8942 113.1395 112.2988 110.8714 107.1459 106.7143 105.8463 105.6134 105.9974 108.9795 107.0520 106.0307 105.7432 106.4749 106.3323 106.3189 106.1834 109.3162 111.6373 111.1229 110.8601 110.2359 108.9926 109.3409 108.2286 107.3335 106.6076 105.8450 105.1485 105.8741 105.1223 106.0000
108.8000 108.9064 109.9795 111.4265 111.7862 109.0968 114.8868 112.5034 109.9445 110.9568 112.9010 107.4003 105.6585 106.0603 106.3675 106.4783 107.5763 105.6557 105.4566 104.6132 104.7851 105.7258 105.6940 106.0201 105.8682 108.6249 111.0592 111.2239 111.6494 110.7543 111.1401 109.9319 108.8907 108.9283 107.8765 106.9213 105.7306 105.3259 104.6132 104.8000
110.5600 111.2259 110.2597 109.0273 109.6965 111.6220 112.7818 112.5526 111.1935 111.7992 108.9408 106.5692 107.1611 107.9822 112.8007 110.2653 107.4061 106.0688 107.9841 105.6466 105.5660 103.7838 105.5593 105.1746 104.9840 104.6623 107.0891 107.5884 108.3864 108.5654 110.8432 110.6441 107.5011 109.9117 107.7108 108.7419 107.3730 106.3178 105.1696 104.4400
111.8100 114.4555 109.8907 110.5431 109.2984 108.4425 111.9006 112.5656 111.8653 111.2718 107.4757 107.1899 106.5333 106.1591 110.2105 111.7971 111.2103 106.3146 110.3896 105.7068 107.3255 104.6801 105.0754 103.6048 103.3147 103.2199 103.0559 103.1735 103.8628 103.6414 106.4319 104.9080 105.2280 110.6138 113.8460 111.8534 109.1808 107.6156 106.1982 105.4100
115.2100 116.9814 113.5512 114.9814 107.7879 108.5284 107.2254 106.9983 110.2120 109.6366 107.3931 107.6307 107.4299 106.7815 109.9732 110.7028 109.7304 106.6236 109.4522 107.8458 104.6323 104.2273 103.5608 103.0696 102.5655 102.6194 103.0518 102.4074 102.5966 102.3323 102.6512 103.9425 104.7056 106.7688 112.1805 112.8290 111.0584 109.1962 107.4685 107.0600
110.5800 112.2110 112.1013 114.7049 110.6841 109.9439 108.4984 107.4694 107.4325 107.3952 106.1601 107.5969 107.0575 106.8210 106.0922 106.1620 107.9883 106.9848 103.6284 106.2381 101.3750 103.7065 102.2940 101.5676 101.2465 101.8289 101.0756 101.3583 101.9404 102.7015 102.4855 102.5443 103.1320 105.2740 108.7094 110.9693 111.4752 110.5310 109.0482 107.0600
110.1500 107.1649 113.0104 114.0463 115.1902 113.8377 108.9769 111.1960 106.6517 107.8595 107.2363 106.3829 107.0165 106.2353 105.9508 105.4855 103.4105 106.7728 103.8451 102.8285 102.4174 101.9704 100.9090 100.5212 100.2712 100.1342 100.2042 100.3357 100.4773 100.8187 102.3575 103.2338 102.8469 101.8160 104.3733 106.8582 110.4160 113.7541 111.2931 109.7500
108.4700 107.2856 111.9890 112.0662 112.8640 113.8784 111.5298 108.9369 107.6036 106.8134 107.1872 106.5088 106.7202 106.3851 110.4149 104.3778 104.3349 102.5734 103.7201 101.8069 100.6952 100.3626 99.9548 99.5576 99.0475 98.8766 99.0075 99.0942 99.4903 99.9479 100.2029 100.9908 102.7773 102.8396 103.0194 104.3590 108.6710 113.1936 112.2107 109.7500
113.3000 113.2889 112.5652 112.4373 113.4371 112.6075 111.6248 107.8583 107.9735 107.4994 105.5479 106.7108 105.7063 104.8477 105.6228 103.6158 106.1354 101.9655 101.2843 100.6981 100.0170 99.4612 98.5714 97.9218 97.5216 97.3280 97.5788 97.7614 98.1330 98.7173 99.4440 100.0846 100.8274 101.3939 102.6979 101.5198 105.6928 109.1273 111.2956 111.1800
109.5200 110.2305 109.6500 108.9729 108.8637 108.1155 107.8482 107.8077 107.6339 107.1042 107.1309 106.9390 105.9948 105.2926 104.6301 102.9693 102.7562 101.6990 100.7288 100.3897 99.3583 98.3958 97.7684 96.5118 95.6939 95.3232 95.7054 96.0862 96.9224 97.4872 98.2681 99.1815 100.0543 100.7114 102.9042 101.9778 103.5567 107.2326 106.1549 110.5100
108.6200 108.2466 109.3360 109.0311 108.5393 108.3583 107.4354 107.6138 107.4079 107.2773 105.5195 104.8391 105.8843 104.3002 104.3160 103.9840 101.8591 101.4643 100.2413 99.8561 98.9060 97.5409 96.3247 94.3595 93.2407 93.0989 93.0938 94.3381 95.7974 96.6404 97.2939 98.3209 99.2143 100.2726 101.1289 102.9978 102.6545 104.0871 105.1723 105.7700
108.6100 108.3038 109.0587 108.8478 108.5734 108.1536 107.1110 107.1369 107.0640 105.7239 106.3783 105.3963 104.8612 104.2070 104.7200 102.3649 101.3958 101.2230 100.2533 99.2797 97.1892 95.8762 94.5655 92.5469 90.5324 90.0481 90.9211 91.3697 92.7411 94.5197 95.8522 97.2140 98.4025 99.6223 100.3392 102.9315 102.5076 103.7826 104.7570 105.1900
107.4500 109.1948 109.0380 108.7761 108.4170 108.0150 107.5240 106.8677 106.4465 106.0763 105.9628 105.9153 104.1075 104.6804 103.7925 102.0892 101.7003 100.7668 99.9260 98.4713 96.4118 94.3607 93.4433 90.6801 87.7455 86.6632 86.7209 87.0795 89.6086 92.3503 94.8045 95.8691 97.6904 98.9674 100.1089 101.0657 102.9163 103.7555 103.4540 105.0300
112.2600 109.2279 109.1611 108.5441 107.5583 106.9441 107.3996 108.0894 107.5425 105.9376 106.7007 106.3195 104.6687 105.0810 103.1222 102.1708 101.5340 100.4075 98.5859 97.2397 95.3160 93.1997 90.1305 87.2103 83.3318 80.9083 81.5973 83.2525 86.3896 90.7693 93.7560 95.2605 97.0145 98.4463 99.7676 100.7297 102.8960 102.2519 103.7040 104.1800
109.3200 108.8697 109.0855 108.5186 107.8576 107.0459 107.7978 107.3228 107.2710 105.9995 106.2126 106.3021 104.9515 104.8821 102.6417 101.9851 101.3789 100.2505 98.2990 96.9395 94.7432 92.2580 88.2018 83.7350 78.0571 71.9157 70.4808 79.0363 84.0538 89.5191 93.4479 95.3115 96.4721 98.0625 99.4390 100.6631 102.9744 103.5032 104.2439 104.7900
109.1000 108.5189 108.5438 108.0386 107.2839 106.8823 107.0204 106.8476 106.7013 106.1461 106.1249 106.0001 105.1442 104.9227 103.3157 101.8375 101.1500 100.2612 98.5879 96.1028 94.6724 93.1031 87.0661 81.4993 70.2740 63.7891 64.3021 73.6193 82.6636 87.9765 91.8639 94.8189 96.1943 98.0151 99.4199 100.9424 101.6763 104.9532 104.8387 103.9200
113.4300 108.3467 107.9305 108.0511 107.3464 106.8635 106.3603 106.8157 105.7566 105.8860 105.3345 106.0556 105.2339 104.5387 103.2941 101.8952 101.0396 100.2899 98.4847 95.8104 94.8243 93.5182 86.8191 82.0461 69.3542 64.4097 66.9527 74.7045 82.1891 87.6794 91.1660 94.7692 96.5029 97.9309 99.2899 100.8336 101.9064 103.4041 104.4752 104.6800
114.2200 108.3253 108.7401 108.3206 106.9216 107.4054 107.5729 106.8413 107.4185 106.8775 106.2310 105.1835 104.3883 105.1962 103.7142 101.6685 101.0747 100.1188 98.9119 96.2153 95.0616 93.2655 88.0716 83.5779 75.8084 70.7512 73.8316 78.3682 84.4608 89.0792 92.8016 95.0434 96.8924 98.1917 99.7929 101.1431 101.9913 103.1357 105.3623 104.3500
114.5900 113.5731 109.4767 107.6974 107.6300 107.7023 107.4347 106.7423 106.9868 107.4845 106.7036 105.0877 104.4950 106.8762 102.6806 102.1501 101.1170 100.2506 99.0926 97.8360 96.1942 93.9554 90.4226 87.2642 83.6101 81.7027 83.6423 85.4751 87.2707 91.1604 94.1050 96.2099 97.2172 98.9316 100.7660 101.6958 102.2121 103.1340 104.2455 105.8300
109.5200 113.1130 107.1178 108.0811 107.7681 106.9220 107.3721 106.9429 106.2656 105.3745 105.7409 106.2205 105.7721 104.2898 103.0812 102.4066 101.5393 100.8051 99.4311 98.5219 96.4549 95.1454 92.8322 90.1447 88.1922 86.6306 87.5206 90.6187 90.1753 92.8821 94.5928 95.7903 98.3464 100.4184 101.2819 102.0314 102.6252 103.1496 105.7101 104.2800
114.8400 114.8013 115.6574 113.5832 115.8165 107.7137 108.6262 107.8496 107.6842 106.5009 105.1486 105.6843 104.7613 108.2428 103.4765 102.4960 101.8118 101.2973 100.0211 98.8154 98.0158 97.5332 96.1971 93.9601 91.5384 91.0421 91.6604 92.7579 92.5625 94.2907 96.3779 97.5855 99.8558 100.8678 101.4082 102.2184 102.9197 103.4800 105.6320 106.1500
117.7800 115.0473 115.1608 112.3365 113.7480 108.2719 107.4442 106.9037 109.4739 107.8562 105.5006 105.1362 105.9764 105.9459 104.1077 102.8928 102.2043 101.5956 100.5941 99.6588 98.6463 98.1560 97.7028 96.3493 94.4196 95.5768 95.9351 94.8829 96.0148 97.1380 98.0951 99.4628 100.3140 101.2223 101.8161 102.4946 103.0220 105.7832 105.6722 105.9700
115.6600 113.5072 114.2878 109.6595 112.6180 112.5781 110.6834 110.0074 113.5034 105.1610 105.8334 105.2499 106.9456 108.0313 103.9485 103.2756 102.8048 102.1525 101.3923 100.5853 99.8195 99.0164 98.3938 97.7830 97.1806 97.1374 97.3354 96.9398 98.5437 98.7550 99.6913 100.5461 101.0137 101.6840 102.3307 102.8041 103.4428 105.6950 105.4631 105.6100
116.0900 112.8020 116.3311 108.9193 109.6431 111.4988 113.7411 110.9665 112.0967 107.7410 108.3679 105.1804 105.2880 105.0139 105.2348 103.7361 103.1545 102.6063 102.1130 101.3207 100.8346 100.2519 99.6497 99.1263 98.5097 98.6485 98.4351 98.7514 99.4863 99.9761 100.6517 101.2581 101.6115 102.2941 102.8368 104.0645 104.0636 105.8391 105.2373 105.4800
116.0900 111.9343 115.4583 109.0384 112.0797 109.9440 111.1382 110.2699 110.7602 107.5576 108.6016 105.6344 106.0375 105.9174 106.7200 104.9111 103.4812 103.0807 102.6501 101.8963 101.3829 100.8631 100.8797 100.4924 100.0791 100.0184 99.9307 100.2856 100.6934 100.8159 101.0937 101.6878 102.0383 102.6990 103.9302 104.5925 105.7813 105.2357 106.2298 106.9100
115.7400 112.3259 112.5758 110.0390 108.4255 109.7392 110.2194 108.6854 108.7844 108.1246 107.5436 106.8219 107.0049 106.6103 105.8020 105.5465 104.0984 103.5009 103.0975 102.6159 102.2450 101.6172 101.5685 101.4597 101.0926 100.6807 100.8617 100.9639 101.5303 101.8355 101.8391 103.0020 103.9671 103.1872 105.4657 104.1221 105.1789 105.3809 106.0311 106.9100
115.5500 113.1575 111.2891 109.1619 107.7805 111.5781 109.2117 108.6800 108.0048 111.1360 107.4177 107.2856 107.0262 106.2214 105.7773 105.4633 104.5226 104.6497 104.8079 103.6625 103.0351 102.6312 102.2510 102.1453 101.8340 101.7581 101.8986 101.8688 102.2346 102.4402 102.2760 103.1086 103.9951 104.7395 105.3621 105.5456 105.8041 106.0074 105.5743 106.4100
110.1400 110.1993 113.1480 111.4893 108.0263 113.4095 108.9740 111.8366 110.3087 108.6939 107.9514 107.4878 107.2626 107.2543 106.2843 105.6567 105.0858 104.9719 105.9189 105.0386 105.3437 103.3089 102.8802 102.6201 102.4000 102.4165 102.5244 102.6263 103.0224 103.1082 103.9787 104.6069 104.1573 104.8085 105.6816 105.0870 105.8059 106.2506 106.6706 107.1600
107.8400 107.4283 109.8947 113.1713 105.3732 111.0011 113.9123 108.9260 108.5878 108.4714 107.8698 107.9241 107.8079 107.4550 106.4604 107.1012 106.8281 106.2491 106.6337 106.6318 105.6580 104.6277 103.8064 104.9931 105.2285 105.2169 104.7434 105.4072 104.0325 101.5430 104.9597 105.4724 105.9824 106.4629 105.8808 105.3444 106.7223 106.6193 106.9327 106.8900
106.9700 106.8024 107.2343 109.3991 110.7332 112.4226 112.6784 113.3478 109.3951 112.3027 112.0944 107.7828 108.0549 107.7279 105.9494 106.6453 105.4947 106.4498 106.5830 106.1294 105.6153 104.4575 104.4728 104.6906 105.1859 105.6350 104.6331 106.2292 105.8230 104.4359 105.3585 105.8752 105.3946 104.3909 105.9882 106.4872 107.3149 107.6020 106.6854 106.2400
108.6200 108.4479 111.0911 109.8948 112.0329 113.3433 112.5709 111.4902 110.1667 113.5742 106.1394 107.7118 107.6181 108.0139 106.8513 107.0029 106.1838 105.8443 105.1242 108.0041 105.9221 105.0866 105.1025 104.7852 104.5836 105.1295 105.1685 110.6504 104.0569 105.2226 106.5083 106.6641 105.9926 106.7054 107.3137 106.9360 105.6979 107.5201 107.8276 107.9200
109.1500 111.0566 112.0995 114.9715 111.6317 112.8245 111.3545 111.0503 105.2718 108.0272 108.1945 108.2966 107.9472 108.3229 106.7694 107.3907 106.9773 105.6131 106.2396 110.3899 106.4619 106.6927 106.3377 105.4592 106.1340 109.4200 105.9920 106.6139 105.6480 105.4107 106.8280 106.9782 106.9124 106.0773 107.2540 107.4545 106.2674 106.2042 107.2798 106.6500
115.5000 115.0031 115.6065 115.1421 110.9498 113.4413 109.0330 109.1269 109.6540 108.9500 108.5578 108.5284 108.5479 108.0244 108.2746 109.5896 107.2999 106.6340 109.7142 107.3222 105.4656 105.9915 105.6827 106.3495 105.6020 105.9333 106.3251 104.6142 106.2648 106.5827 106.9627 107.6133 106.7175 106.3458 107.0395 106.4497 107.2019 106.6664 107.4912 108.5300
115.6100 111.0967 114.5734 114.0515 113.0160 112.9564 114.3091 108.4778 109.1038 108.8102 108.7259 110.2573 108.3591 110.6420 107.4579 109.1573 107.8397 106.9255 108.9402 108.0401 105.4045 106.6334 106.1102 107.0813 107.1792 108.0472 106.9472 105.6154 108.6567 107.1110 107.3659 106.4567 106.8888 107.3390 107.5724 112.8081 108.1522 107.5388 107.2903 108.7400
115.6100 112.7198 113.8146 114.9491 112.8745 112.0574 111.6404 106.6557 108.7602 108.9248 107.6756 111.8921 110.6143 107.8253 110.9152 108.1754 109.9800 108.0129 111.6841 106.5473 110.5643 106.5056 106.6619 107.0157 108.2272 113.2365 109.4878 107.3815 106.9177 107.8237 107.7706 106.5331 110.0227 110.7503 109.3549 108.1732 107.6500 106.8232 108.1914 108.7600
117.4600 117.2372 114.5232 112.3775 113.6685 109.1500 110.4956 110.4418 110.1527 108.4009 109.2588 108.7639 113.3418 108.9196 112.6706 112.2479 111.2776 108.0368 107.2138 106.5659 110.1267 110.7197 107.0287 107.1980 108.0515 111.1198 111.1377 107.9249 108.6684 109.8908 107.7365 107.0673 112.3080 107.8479 109.1345 107.3135 112.2338 109.3601 109.1661 108.7600
116.6800 115.9306 115.9831 113.8937 112.5113 107.9790 110.2605 110.1433 109.2757 108.8451 109.2032 109.6971 114.2440 115.7791 113.8211 115.3944 111.6787 109.6778 106.4949 107.0956 112.2135 113.1255 107.4407 105.9495 106.6402 111.6344 111.4518 107.5370 108.5970 108.1117 107.8559 107.0417 108.9377 108.7971 114.4610 108.0931 111.8608 109.9109 108.4985 108.0100
118.6300 113.6169 111.1026 114.6265 109.8693 108.5176 109.2003 108.4018 109.7191 108.7981 110.7352 114.1784 110.2748 109.9189 112.3891 112.5556 109.9364 111.0554 110.8652 109.1228 110.0482 107.9570 107.0767 107.2536 106.7461 109.7757 111.3881 109.4910 113.2752 110.3360 111.4614 107.0958 107.9486 109.8463 108.1589 107.8611 110.4419 111.3856 108.5347 108.4900
118.6300 117.0900 113.4900 110.5400 113.6300 108.5500 108.4600 108.4600 113.8100 113.8100 114.9200 114.9200 112.9600 112.6600 112.7600 114.1600 117.1600 109.9700 110.2400 110.2500 114.2400 106.7100 108.0200 107.1400 107.1400 108.8900 110.6800 112.3500 110.0900 108.6500 112.9200 108.6000 108.1200 113.7400 114.9300 109.9200 109.1800 110.7300 112.8600 110.1300
