120.8200 118.2600 115.9700 118.1200 119.5600 112.6200 113.9200 105.3300 104.2600 105.4900 104.6900 103.9200 105.0600 105.6900 114.0600 109.6900 101.8900 101.2900 99.7600 98.8800 96.6200 95.1000 90.7700 87.7600 84.1700 73.1000 73.1000 72.6400 79.7600 84.2000 87.7800 93.2000 95.1100 97.8600 98.8900 100.5300 100.4000 103.9300 110.4500 114.0700
120.8200 120.2320 118.1654 118.9706 115.3327 119.7165 104.9554 105.5795 105.4312 104.0551 104.8982 106.7394 107.7788 105.1612 114.2518 106.8309 101.0622 101.2387 99.8509 98.5325 96.8574 94.5965 91.4081 86.9509 82.3775 71.2863 64.3022 66.2192 75.2206 83.6236 88.8356 92.7588 95.5363 97.5465 99.0634 100.3197 100.3509 101.5917 110.5768 114.0500
120.8200 118.1998 118.4506 118.0889 120.4874 107.0203 106.2827 105.3671 107.1687 104.6851 103.6551 106.9224 107.7249 105.3662 114.0460 107.2928 101.1776 101.5298 99.8827 98.6253 96.9981 94.8254 91.7856 87.6326 83.3861 74.6061 69.0695 69.9624 77.7111 84.5128 89.3727 93.0666 95.7345 97.6692 99.1368 100.4058 100.4714 99.6641 111.1796 114.0600
116.7400 115.3099 109.1609 116.2158 118.8621 117.0399 111.6214 105.6032 107.3316 105.7391 103.4579 106.9350 104.8265 107.5054 113.1854 107.6556 101.7073 104.2906 99.9642 98.8838 97.4014 95.4454 92.8540 89.4185 85.1825 80.6622 76.6110 77.8064 82.6529 86.8495 90.8252 93.9474 96.2574 98.0136 99.3621 100.5661 100.0675 100.5749 112.4910 114.0800
119.7600 114.3611 114.2155 116.4401 116.0563 115.8639 117.7158 107.1027 106.6158 106.7172 105.4145 106.8311 105.1980 108.1661 105.4683 105.4191 101.1348 100.3001 100.5417 99.3047 97.9900 96.3442 94.2743 91.6903 88.6627 86.0276 84.2345 84.6776 86.8323 89.8504 92.7351 95.1256 97.0225 98.5356 99.7087 100.5117 99.8834 105.0927 113.7056 114.1300
109.4100 113.5435 115.1785 115.5273 116.2788 111.8218 113.7258 110.6223 104.9341 108.3122 105.9795 106.2815 109.2750 111.3708 116.5574 109.6817 104.0358 100.4374 100.7953 99.7245 98.6961 97.3560 95.7793 93.9359 91.9761 90.2053 89.2288 89.4527 90.8162 92.7300 94.6692 96.4042 97.9045 99.1590 100.2721 99.9041 100.7693 108.0793 114.6449 111.0100
109.3500 115.3172 115.0704 108.5046 115.7828 108.2575 108.1157 108.4503 106.7324 103.6669 104.0259 110.2715 113.0521 113.2209 111.4559 111.6945 107.4331 102.0078 100.7629 100.5976 99.4308 98.4380 97.1729 95.9236 94.6497 93.5967 93.0331 93.1899 93.9539 95.1284 96.4038 97.6567 98.8022 99.8274 101.0297 99.0617 103.2518 111.2962 114.3287 110.4400
112.8700 111.1307 110.5210 109.9146 115.7727 106.5259 111.7577 108.0862 108.5358 111.1298 108.4873 115.4530 111.8622 109.0069 107.6442 107.7643 110.7061 103.7934 99.9258 99.8357 100.3263 99.5859 98.4911 97.5375 96.7186 96.0689 95.7331 95.8206 96.2811 97.0169 97.9016 98.8099 99.6162 100.6114 100.2447 100.4579 107.4336 114.0386 112.7848 109.9900
115.6700 111.7922 113.2838 114.2352 116.5801 110.7658 110.2312 106.8115 107.8163 108.8040 108.4790 111.3946 110.0595 106.9230 108.9704 113.0661 114.3255 110.5947 104.8053 104.2654 101.0522 100.3147 99.7250 98.9255 98.2960 97.8999 97.6834 97.7484 98.0418 98.5544 99.1183 99.7752 100.8330 99.7166 100.3045 104.7210 113.0574 114.0452 109.3746 105.5200
116.7500 115.6906 112.9707 114.8873 104.2202 113.6612 112.5842 111.3855 107.8474 107.9523 109.5902 106.9795 107.9141 112.9091 107.6707 108.7691 112.6507 115.0269 111.0044 102.6597 100.6630 101.1932 101.3894 100.1085 99.6467 99.3369 99.2258 99.2080 99.4233 99.6978 100.5789 100.4830 100.4573 99.5817 104.2305 110.9215 114.8637 110.9915 106.4281 104.9900
112.5400 113.8422 111.1246 115.9801 113.2679 109.5621 109.5906 109.6989 109.1030 110.1635 106.9804 106.9007 105.2231 107.1474 116.9607 112.3348 106.9815 114.3007 107.1668 108.9358 111.1137 102.8275 103.4673 101.2008 100.8547 100.4265 100.3037 100.4067 100.4222 100.9999 99.8710 99.1676 100.9631 104.6868 111.2429 114.4701 112.5655 107.3249 104.7937 103.3400
108.9100 106.9200 113.0975 113.4639 112.8654 115.4784 104.0199 113.3452 110.7893 109.0556 106.8751 111.9273 110.5037 113.6304 116.0416 110.7031 108.2296 108.5472 110.2109 106.3720 107.8194 106.1012 106.1295 102.4675 99.8300 102.9267 101.5349 101.0578 100.2337 99.9582 101.4563 103.1156 107.0589 112.6221 114.7491 112.0098 107.6804 105.1727 103.5426 103.0300
111.5100 111.4469 114.0702 115.1912 112.7275 108.5221 113.3569 112.5875 109.6535 108.7420 106.3629 106.8611 112.8585 110.0305 110.7118 109.7553 104.0880 111.7448 115.0485 105.0361 103.7549 104.9435 104.4878 106.0893 104.6753 101.5814 103.2917 102.3521 101.5200 102.0230 101.9190 109.4130 113.7988 114.7141 111.4774 107.2768 105.0650 103.7172 102.6194 102.7800
111.4300 110.7117 113.6469 113.3055 111.7430 110.9342 113.9696 105.1397 107.5467 109.0155 108.8340 107.4953 108.7028 106.9048 105.1590 110.1202 107.3370 103.5000 105.5027 104.0431 108.2942 107.4041 102.5767 103.8747 112.7343 106.9852 104.8280 104.5623 100.4965 105.8041 116.1270 113.8177 112.1566 109.4326 106.2803 105.2912 103.2746 103.7074 103.1875 103.3000
109.1400 112.5472 112.6386 114.5886 111.9992 111.5233 114.2189 102.7372 106.2609 111.7657 112.5178 114.9855 108.3154 109.6907 109.4887 103.0724 114.4331 109.0387 103.6817 108.2461 110.1294 110.6738 105.6539 106.3768 113.4096 112.4865 108.9137 108.2698 108.8056 107.3296 113.5275 108.9029 107.1374 105.3062 104.2956 105.3669 102.7584 105.2988 104.4553 103.3400
117.4500 116.6417 113.9926 115.1026 113.0377 113.4773 113.1678 109.8234 107.3000 111.5036 110.8969 111.9228 104.4602 112.5549 107.3876 108.3339 105.6978 105.8936 105.8158 111.8556 111.3569 110.0077 107.2714 106.0924 105.6379 104.9591 108.6068 111.1783 108.7494 114.0110 113.5250 105.8540 105.9006 103.5665 102.5320 102.3931 102.8708 102.9562 104.9612 105.8400
116.8200 113.4243 111.1784 113.0589 113.8440 112.4954 111.6504 112.3352 101.6811 102.8423 105.9245 105.0193 107.7339 112.8349 108.9039 106.4594 108.3649 105.9807 104.7105 114.3285 110.0691 106.4695 107.5984 107.1385 109.9779 111.5373 107.9819 106.1588 108.9959 108.6519 112.6144 107.0086 102.3960 103.0964 102.8936 107.4067 105.2026 104.8445 107.1749 107.6700
108.3400 110.2705 114.3891 112.7784 113.2013 112.6523 113.5691 114.2614 108.6693 108.9321 109.3246 113.8330 115.9993 107.6091 108.5709 108.9130 108.9574 107.1113 105.5280 108.6870 106.0759 108.8618 106.4171 106.6571 111.2285 112.4951 110.1758 109.2521 109.8234 110.4039 111.4410 106.7363 109.6339 107.6409 104.6772 106.1046 107.0305 103.8177 107.0510 107.4700
111.6300 112.9408 110.5615 108.6219 110.1694 114.1912 115.2098 114.8800 108.1240 107.6335 116.8688 114.5500 111.1692 111.1657 107.3944 110.3377 107.9034 110.5447 106.0807 108.3579 114.5655 110.3922 105.3643 107.2390 106.9596 109.4028 104.8835 105.9045 110.3525 107.8410 110.0825 104.8384 112.3223 105.6876 104.2486 103.9305 108.0860 105.9825 105.5210 107.4700
112.7300 111.9423 108.7510 113.5815 113.5924 116.6796 111.1593 107.4578 110.5654 106.4120 113.9464 108.3155 107.8074 107.7764 113.3255 109.4203 112.8170 111.7891 110.0191 109.8767 112.7440 111.2507 107.0529 107.9788 109.2898 110.0019 108.3109 107.0432 110.9285 107.6740 112.3929 103.2035 109.7912 110.6312 117.1820 107.6693 106.8305 107.4839 105.7058 106.5900
113.6200 111.6270 109.5220 112.8855 113.9905 112.0930 109.8116 112.0861 113.7145 108.1010 114.9135 107.8394 109.7050 109.2047 110.7155 115.7255 111.2252 106.9327 114.6172 109.0921 107.2492 109.3450 109.2950 107.1119 111.4364 110.2509 107.1998 112.0967 114.9837 105.8813 108.5419 113.7644 111.1011 116.8866 115.3884 111.4200 112.5536 111.7372 106.4011 102.3700
112.9400 111.7106 112.2921 111.1872 111.9328 114.0724 118.3091 110.9414 115.8892 116.6240 107.7067 108.6605 108.2083 108.5302 108.6680 114.2685 106.2859 110.5045 113.3780 112.8780 114.3482 105.5685 113.7029 109.2823 108.2851 106.9441 108.8728 108.4626 108.2451 112.5307 110.6896 113.7425 115.7739 111.6569 106.7150 115.3033 115.6544 113.6421 106.9549 102.2500
110.1300 110.7360 112.4885 113.2908 111.2772 111.6317 116.5542 112.4796 111.5181 114.5032 109.6898 108.7338 108.3267 109.6761 107.5143 113.8086 107.3985 114.3194 109.7967 112.5340 110.0414 108.0617 113.9039 111.5273 106.6693 107.3526 106.8843 108.0473 105.9774 110.7768 110.3778 108.7019 110.4139 110.8311 106.1124 106.3021 103.8799 107.4183 108.1181 109.8300
116.8300 112.9202 113.3049 111.4167 114.7075 116.9449 115.7293 112.2096 110.3769 109.7723 108.6078 105.2428 105.2278 114.8784 109.7336 109.9114 100.8508 103.7437 109.0301 113.1345 112.4781 109.9676 111.7554 108.1420 107.2234 110.5622 107.3074 107.8726 107.0060 109.5423 109.4549 111.4447 102.3727 106.7187 102.3825 102.4417 103.6332 105.6867 112.3695 111.1600
111.7100 109.8408 110.3767 109.8624 110.6829 113.6182 113.0718 107.0923 107.7991 110.2778 108.2836 106.4198 106.6815 114.6911 115.4237 112.0037 106.4889 110.1797 104.0067 112.9007 111.1047 111.9892 111.0222 109.2011 114.1739 113.1497 107.3376 106.1295 104.9299 103.5887 101.2692 106.1361 105.0351 104.3153 103.9146 105.5278 104.8697 103.9520 111.8380 113.8100
113.6500 109.0068 111.3531 113.1585 113.3294 113.9230 109.4104 111.2188 108.7037 108.7116 107.8763 107.7505 110.7461 113.5901 117.5377 115.5698 114.6557 111.5519 105.9583 114.6214 116.2312 113.1776 108.5090 101.4992 115.3599 113.2795 109.8151 103.8807 103.9631 105.6818 112.0445 105.6672 102.8790 105.1794 108.8925 109.9481 109.5186 103.8445 111.6144 111.0400
113.6500 112.7193 112.2140 114.4730 116.3011 120.7405 115.3943 111.7904 108.8951 109.2339 109.0574 108.2035 110.9925 113.1153 118.5566 110.2621 110.9871 110.2267 111.3218 113.6176 112.4385 110.3568 109.9405 108.8645 112.2500 115.0114 114.2380 108.7198 105.2641 102.2401 112.9279 108.6833 113.4505 109.3584 112.9433 112.3898 106.6243 106.9027 108.4055 106.3200
114.8200 115.9218 115.0117 121.1728 119.6543 112.1475 112.7742 109.1658 110.0922 108.8957 107.4648 109.9295 106.4107 112.6543 114.5124 112.2850 115.3579 112.1578 111.0285 113.2835 110.7427 110.8196 114.7739 112.1972 114.8867 111.0535 114.0991 113.3434 104.1873 105.9328 109.8836 111.9168 114.2766 110.7987 105.8218 108.2330 106.4536 112.1092 107.0808 108.1700
115.0300 117.4332 115.2020 109.8718 119.1869 112.8899 110.6536 109.5605 109.1839 109.3295 108.2483 109.9331 109.9320 109.7506 110.8633 114.4591 116.1129 111.3498 112.0254 113.3598 110.4241 112.3359 115.7866 109.6730 110.8520 114.1843 114.3158 112.1049 104.9948 111.3510 109.6298 113.4036 113.7697 114.4992 109.4290 113.3598 110.7325 112.0890 110.9282 110.2900
121.6500 118.1039 116.0262 114.6174 113.8701 115.1169 112.3069 108.9684 110.9778 110.5433 109.4808 108.6059 108.6124 112.7850 116.5786 114.4163 113.0227 109.0215 114.9235 108.1695 112.1140 108.5169 110.1719 112.9955 110.0909 116.4419 116.0247 115.2521 106.2821 108.6446 111.2203 111.9440 112.9601 115.8028 115.2418 116.0674 110.3753 112.3231 110.8773 108.9800
121.9900 121.5033 122.7367 116.3071 117.6304 114.5387 112.2604 109.3408 110.2061 111.3498 110.1583 109.0272 109.8627 110.9894 120.7285 116.2573 116.4110 110.2645 112.5956 106.8097 112.6298 109.8443 109.4899 112.7641 113.0802 112.9796 115.7516 114.6875 114.0244 107.6082 114.4561 113.3125 114.6656 115.9047 112.7197 116.2240 115.9291 116.6739 113.9918 110.5000
120.6100 120.9974 120.2919 117.5575 114.4902 110.8203 109.9004 110.2904 115.3561 111.6763 109.8897 110.9081 111.0759 111.0947 120.1065 117.7263 112.2670 111.1920 110.3399 108.3624 112.6808 111.9612 113.7253 115.4271 110.5799 108.0207 114.9886 115.2620 116.0044 112.7668 116.6434 111.0469 114.8561 115.2846 114.5447 116.1590 113.5542 113.0517 113.8926 109.0800
121.5100 120.8508 118.9773 118.3768 116.5781 116.0165 119.4445 115.8609 114.9278 113.4316 112.1047 111.3334 111.0099 114.3717 121.6628 119.2491 112.2460 110.9052 109.7084 108.7309 115.0664 113.0308 112.5854 117.2730 113.5696 107.2307 115.3417 117.0824 113.2903 116.3011 117.4305 114.5403 112.4057 116.4267 114.0941 114.3361 112.2041 111.7623 110.2346 111.3200
116.5300 123.2695 117.4874 116.3344 116.1358 117.5324 116.4118 115.1655 115.9654 113.1508 113.3200 114.5363 112.6218 115.6934 113.6635 110.8897 111.4711 112.1945 112.3243 113.3497 112.5416 112.8248 112.7120 109.9896 110.7558 107.8279 107.0439 108.1862 108.0110 114.0763 116.0565 116.5777 115.7562 115.8052 113.0456 113.5905 113.1024 112.8619 112.3661 112.8800
123.6300 122.8792 117.7513 118.1158 117.7208 121.3182 120.4677 118.7215 117.1499 113.9864 111.4838 116.1685 113.9029 112.2594 120.6801 114.4658 113.0246 112.8497 112.5311 113.6813 114.0989 114.7692 117.6054 110.6199 110.8792 109.7200 109.8253 111.4766 109.3013 116.9957 121.3360 109.9410 117.0379 111.9992 108.5775 111.5085 109.4405 112.1427 111.6221 109.9900
125.3200 124.0440 117.9187 118.6715 118.3403 116.6427 117.9763 118.5743 114.7194 114.9573 110.1700 112.1729 113.8621 112.6675 118.5575 115.6593 114.2586 112.7046 112.4773 113.7562 112.8936 115.4189 113.6933 111.8554 111.2476 110.3337 111.2399 113.3773 110.6510 118.8147 121.3810 111.5743 116.2793 115.5579 111.7667 110.4462 111.9024 111.5015 111.4834 112.5400
125.5200 125.7413 118.8944 123.1085 119.5021 122.5894 115.9959 116.0831 116.8849 116.8282 111.8833 109.2197 114.3636 114.5082 115.0362 114.0542 114.5357 114.0778 114.9399 114.1748 114.9828 109.8099 110.6479 114.8103 112.4401 112.0903 113.5012 111.7526 114.7740 119.0238 119.0550 115.0976 112.6546 109.2600 118.0042 115.2655 113.0076 110.5727 110.7386 109.5300
125.5200 124.0910 124.5884 121.6227 116.0259 120.9272 116.6802 118.3777 116.1539 115.0876 115.9595 113.7790 117.8631 115.0771 116.0484 114.3797 114.7310 113.7036 113.9963 112.5529 115.6917 117.2515 112.6588 117.0874 114.4875 112.4950 114.2169 112.3576 116.3363 119.0052 120.9576 121.0557 115.6260 119.5619 116.0198 116.7060 114.7856 114.3981 112.5716 111.3000
122.6400 122.9083 119.7873 119.1621 118.4415 117.7763 119.1774 118.0916 116.1251 116.7776 115.5889 114.8761 116.5617 116.0772 118.3554 117.9293 117.6374 114.3532 112.9499 113.1923 112.9567 117.0768 114.8873 115.7085 115.2488 114.0390 114.4147 112.7140 112.5412 119.6277 119.6655 119.2066 118.5127 120.9479 111.4170 113.2684 112.7701 111.5971 112.0635 111.6100
125.7700 125.8000 118.8000 119.9600 119.5200 117.8000 119.8400 120.7000 115.8100 116.3700 116.0800 115.3200 115.3200 116.0000 117.3800 119.5300 115.0300 114.7500 114.6800 113.6200 113.6400 114.0200 114.0800 116.3100 113.4200 114.1000 115.6100 113.2000 117.8400 120.5200 114.6500 113.8400 117.4300 117.4300 112.8900 115.1000 115.1000 112.7300 112.7300 111.1000
