109.7600 110.5200 108.8600 109.5900 107.8400 114.9200 108.6200 109.6900 109.7700 108.9700 114.3800 115.3600 115.1100 116.0900 116.6600 116.6600 120.0100 115.8200 117.5500 117.5500 114.0300 114.0900 113.8900 111.1000 111.2200 109.4900 109.9600 109.9600 111.0700 111.1000 111.1800 111.0800 112.2500 112.1800 113.1100 114.6200 114.6200 114.8000 116.5200 116.5200
109.1400 109.7561 109.3844 108.8407 110.3735 116.2656 114.5306 113.9469 108.2890 110.2510 110.5860 113.6658 112.7777 113.1956 115.5905 114.2962 115.9936 111.7666 113.7771 115.4984 114.6407 114.7458 113.8002 110.5508 109.7491 107.8134 109.6451 109.6053 109.6375 109.8012 110.1706 110.5002 110.9131 111.4086 111.8770 112.5714 111.8337 111.8126 115.0116 114.7400
108.9400 108.6002 110.2177 111.5257 109.8262 111.1464 114.8100 115.8896 108.0821 108.3706 110.3524 115.6000 113.6162 112.0341 111.2345 112.6774 116.5737 112.1220 112.1450 113.4373 110.9469 113.1022 109.5426 108.8565 108.2534 108.8558 108.1563 108.2290 108.2145 108.3635 108.5474 108.7656 109.2493 109.7401 110.2624 110.8278 111.8146 111.8001 113.3120 114.3300
107.9900 111.0948 112.0358 109.0183 109.5458 114.5167 109.9786 108.9465 115.5031 113.7232 114.2260 115.2488 113.3050 113.9425 110.1250 112.1875 114.2763 109.2060 110.6429 111.5061 110.2476 111.7408 108.9085 107.6065 106.8067 107.9778 106.5548 106.2861 106.7410 107.0052 107.2270 107.4573 107.7532 108.1060 108.7318 109.3254 109.9436 110.8607 111.6053 112.5000
117.4900 115.8863 113.1924 108.8222 108.3213 109.3663 108.9255 109.2665 113.6151 112.6624 113.3684 114.0176 113.0569 113.3631 107.6112 108.0142 112.2151 114.2632 116.2893 111.9659 114.7621 108.5220 108.1993 106.4612 105.4589 106.2121 107.4106 107.4267 105.5978 105.9041 105.3488 105.3406 106.0194 107.8971 107.2841 107.9866 108.6180 109.3429 110.1668 111.0700
111.9000 113.7272 115.1284 114.4494 108.0351 108.0975 107.7428 109.8608 111.4030 112.5749 110.8465 110.6037 111.5830 110.2187 109.5190 107.8266 112.6398 111.2349 113.6698 113.5741 113.1937 109.3376 106.1966 105.1095 105.1909 105.1670 108.5333 107.2357 106.0439 109.2190 109.4760 107.0243 104.9557 107.5297 105.8031 106.6318 107.2305 108.0082 108.8151 109.0100
111.9000 109.2997 110.9458 111.2632 111.4596 112.4600 109.6098 109.4783 111.9866 113.8748 110.4631 111.1750 109.5679 107.1233 107.8459 108.1185 109.7442 110.1086 111.7764 113.4494 110.2950 105.0811 104.2160 106.1203 106.7280 105.2710 106.0648 106.0155 106.8019 105.8007 106.6577 108.0488 106.2119 105.8159 105.1122 105.4446 106.0128 106.7647 107.4994 109.0100
108.2000 113.1516 110.7631 111.8764 111.1532 112.6439 110.3348 108.0643 108.5639 111.5662 112.8883 108.3668 111.4071 107.6173 107.7712 107.9992 106.9232 111.5852 113.3450 111.8271 110.7800 106.4106 113.7383 107.0029 105.5912 105.7484 106.3405 105.8284 106.3584 105.3237 105.2986 105.5628 104.5481 106.3673 105.6772 105.2398 105.0560 105.6715 106.3838 107.7000
108.2000 110.5047 109.6438 107.7998 109.9443 109.2434 111.0927 110.2269 108.9537 107.9527 109.2292 113.0148 107.6712 110.8035 106.6649 107.4143 106.3179 106.4485 112.5244 105.6237 106.2521 107.1124 109.9347 106.4707 104.8917 105.4285 104.7141 105.3167 105.6589 105.1901 105.9089 105.7434 106.1477 106.6277 105.8610 106.2922 105.6541 104.9963 105.3461 105.2600
109.7400 111.9294 107.9458 110.1159 109.7103 112.8737 108.6200 108.8034 108.2468 108.8233 108.0967 108.5277 106.5175 107.1571 106.3219 106.9096 106.7016 106.6197 107.7500 107.0912 106.0222 106.9070 106.3520 106.7223 105.9857 104.3599 104.7559 105.3457 105.5862 105.2672 104.4912 104.7638 105.9995 106.3264 105.4651 107.4044 106.4841 105.8791 105.2186 104.9500
108.9800 108.9110 110.7922 109.5492 112.8851 108.9298 108.6671 108.1560 108.5885 108.0883 108.6129 107.9311 107.7311 107.2433 107.1006 105.3687 107.0831 105.5562 105.5029 106.4034 105.9247 104.2353 104.3802 106.5748 106.0858 104.0694 105.5980 105.4154 105.0490 105.4191 104.6907 105.2169 105.0001 105.5922 105.5085 107.5115 107.6643 106.7906 105.8879 105.7200
108.2500 109.7320 109.9709 109.7605 109.2983 112.4640 107.7895 108.7610 108.0707 108.0246 108.4855 107.7237 107.9837 107.4333 107.1925 104.6332 105.2260 105.0468 105.6443 105.9870 106.3165 105.3361 105.2699 103.0632 104.7171 103.1299 104.6590 104.1366 103.7394 104.3356 103.6813 104.6658 104.8490 104.6768 105.6683 109.0204 108.0649 108.3692 104.5179 105.1900
108.4600 110.6690 108.5984 111.8045 109.2664 109.9325 107.9577 108.8426 108.7230 108.1212 108.1849 107.2310 107.4926 106.2444 106.9106 105.1193 105.6012 108.3014 105.1816 105.1195 104.9475 104.9342 104.8787 103.5068 104.5088 102.6741 104.0274 104.2305 103.8114 103.7208 103.2905 103.1211 104.6605 105.0893 105.4971 107.1049 111.0787 108.8117 104.8282 105.2900
112.1700 116.4455 111.4348 112.5359 107.6259 112.3491 108.3749 108.3915 108.3062 106.8543 107.3661 106.2254 107.5169 106.4952 105.1767 105.7926 104.8535 105.9444 105.2185 104.2569 105.3323 103.5595 102.6227 102.0221 101.9184 101.5787 100.9658 102.2207 103.0092 101.6450 103.5310 103.7951 104.5584 104.7794 104.5954 106.3333 109.8726 107.4359 105.4962 106.0600
116.4100 115.2128 115.8884 112.6841 108.4195 107.1769 107.8922 107.7851 107.0000 109.0002 106.3623 106.7473 107.1584 106.7950 106.6393 105.4193 106.2710 105.9268 103.0563 103.6702 102.8858 102.1403 101.5565 101.4403 101.0852 100.9311 100.3667 100.0874 100.4512 101.1600 101.2926 101.8691 103.3415 103.1885 104.4589 104.4655 105.0952 105.4314 105.5337 106.0600
112.0600 108.0169 111.7403 109.8026 109.4353 106.6783 110.6211 108.2659 107.5217 109.8820 105.5574 108.1580 106.0676 106.3263 107.4282 105.7281 104.6567 104.4661 103.4097 102.4448 101.6618 101.5292 100.8626 100.3960 100.1779 99.7478 99.5772 99.5047 99.6310 100.3740 100.6483 100.5181 102.0474 102.1243 103.6873 103.4006 103.9316 103.6893 105.1454 106.1300
110.7100 114.0531 112.3705 110.7203 108.1271 107.4393 110.3505 108.1518 107.9132 108.7373 106.5352 108.0894 107.8095 105.1515 104.0183 104.4980 104.1759 102.8676 102.5300 101.7646 101.3485 100.7316 100.2853 99.5770 98.8594 98.5727 98.1875 98.1080 98.5274 98.5724 99.1970 99.9406 100.2281 100.6828 102.0541 102.6369 104.6729 105.6492 105.1531 106.3200
117.5600 118.6102 118.4287 116.7529 112.2955 109.0835 106.2104 106.7943 107.9513 107.5999 107.6284 106.8896 106.2464 104.8775 104.0221 105.0855 104.8008 102.7286 102.0728 101.0603 100.1661 100.0569 99.1031 98.2024 97.2336 97.3205 96.2737 96.2939 96.7270 97.4251 98.0493 98.8207 99.3993 100.2205 101.1165 101.8805 104.5672 105.2663 104.8618 105.3900
117.5600 113.8910 116.1516 117.7065 108.2109 107.3777 109.3825 110.9452 107.3163 106.3046 105.7736 105.9216 106.5498 105.5289 105.5527 104.4296 104.6623 102.1254 101.4852 100.7983 100.0216 99.0523 98.0859 97.1195 96.2035 95.7170 95.7514 95.7327 94.5043 96.0830 96.8790 98.2067 98.4380 99.6420 101.2934 101.8280 102.5495 104.5187 104.9963 104.4300
114.5800 113.8247 116.5541 112.1534 117.9026 112.9626 105.4094 116.0685 108.7903 106.1044 109.0729 108.2874 105.3752 103.7465 104.0152 104.0620 102.7779 101.8329 101.0672 100.2569 98.9309 98.1837 96.5693 94.3758 93.5322 92.2026 92.8087 92.6823 91.3516 92.7419 95.2514 95.5258 98.2804 99.9768 100.8762 101.6524 102.2194 102.9898 104.1460 105.8700
114.7800 114.1828 113.2162 112.0923 112.4211 116.7780 113.0935 112.2793 110.0182 109.6377 104.6177 104.2929 104.0898 110.3552 105.5532 104.3991 102.0916 101.7554 100.5687 99.4416 98.6736 97.9619 96.3324 94.1302 89.5156 89.4249 86.8056 85.9509 88.4507 90.2290 93.0908 94.9390 97.4887 99.5801 100.4017 101.1087 102.1323 102.8537 105.4574 105.2600
115.3400 112.2253 110.3101 111.3941 112.5269 108.8451 107.8382 108.1183 107.8887 107.2129 107.2733 107.0681 112.7633 104.5734 108.0724 102.5303 102.1484 101.3803 100.3377 99.0588 97.6216 96.6902 95.5035 91.7584 89.5955 88.6852 81.8293 83.2763 85.5703 88.7019 92.6828 94.7537 97.5588 98.8652 99.7196 100.9368 101.8532 102.3228 103.6201 104.5200
109.8000 113.3716 110.0990 107.6962 108.3214 108.1108 107.9946 108.1511 107.7039 107.0965 106.7225 105.8809 105.7120 103.4865 105.5577 102.5215 102.2283 101.3473 100.2799 98.9590 97.3761 95.7076 92.9997 88.9925 88.0011 78.9227 71.3233 73.3886 83.6020 89.5294 92.4312 95.5500 96.6848 98.4236 99.8149 100.8466 101.6557 102.4314 103.7123 104.9600
114.6600 111.4827 110.6301 109.6660 107.9463 108.4527 107.5176 108.0575 107.3786 106.3209 106.6182 105.9715 106.2576 105.6289 109.8745 102.0196 102.1103 101.2722 100.3606 98.8554 97.7205 95.3550 92.2654 88.2409 83.7532 71.5767 64.1011 65.5676 77.7051 90.3554 92.6194 95.3746 96.9068 98.4590 99.7868 100.7409 101.5569 102.4225 103.1854 108.4300
109.6900 109.0386 108.7797 108.7689 108.7451 107.6749 108.4175 108.0959 107.3429 106.1946 106.6561 106.5899 105.9576 104.2624 107.3116 102.5641 102.4343 101.6871 100.3773 98.6613 97.4898 95.2513 92.8518 89.3379 83.7071 73.6176 64.1561 65.6043 78.9950 87.8352 91.3110 95.2093 96.8372 98.5286 99.4388 100.6525 101.4157 102.3310 103.5060 108.4300
109.4600 108.7679 108.8888 108.7396 108.6145 108.4768 107.9834 107.9815 107.7115 107.1749 106.7158 105.3607 106.3746 105.5066 104.2311 102.7216 99.4583 101.6297 100.4911 99.0010 97.7902 95.2579 94.9490 92.4178 87.3826 81.8916 74.0713 75.9171 85.0315 89.0585 90.6936 95.1851 96.4783 98.6171 99.2056 100.5056 101.5076 102.2377 104.8388 105.1800
109.7900 108.9857 108.4076 108.2352 107.6525 108.4943 108.1071 107.5651 107.7637 106.6543 105.7129 106.5866 106.4450 105.3707 104.9723 103.1542 99.8018 101.8362 100.7463 99.6400 98.5541 96.2219 95.5931 93.1684 89.8698 86.8193 83.2283 84.7386 90.6400 92.8891 93.0721 95.5505 96.4441 99.0620 100.1920 100.6045 101.7465 102.5810 104.6398 105.6100
109.8800 109.7313 109.0542 108.9871 109.3672 108.7961 108.3404 107.8028 107.8359 107.2216 107.1122 107.0654 106.5419 106.0897 104.5734 103.1734 102.8446 101.7278 101.0883 100.0669 99.1097 97.8907 95.8832 93.1654 91.4459 89.7068 87.4919 87.8962 92.3088 93.8474 94.6250 96.2773 98.0618 99.1907 100.4949 101.3942 102.0274 102.6622 102.7121 103.7600
109.8900 110.0140 109.6764 107.7984 104.0829 109.2788 107.7636 107.8900 108.2712 106.9531 107.2448 107.1295 106.8100 105.0233 104.0282 104.1351 102.6810 102.0988 101.4429 100.5861 99.5904 98.4654 97.5034 95.5581 94.1847 94.5791 92.7337 92.9179 104.6188 96.1620 95.9321 97.7825 99.2421 100.2188 100.7672 101.4472 102.1480 104.4749 104.5390 105.3700
106.4500 104.8657 109.1981 108.0092 108.0793 108.4655 108.5437 108.3219 107.5446 107.8766 107.3651 106.3331 105.2118 102.6797 105.9390 105.0314 102.9558 102.4446 101.8349 101.0464 100.1971 99.3202 98.6462 97.4067 96.3139 96.6824 95.5221 95.1846 97.9803 97.6289 98.1090 98.7459 99.5365 100.5373 101.0661 101.8748 102.5840 104.9167 104.0277 105.7600
106.5600 106.5680 112.2390 108.6460 108.8887 108.8789 107.6839 109.6849 111.7479 109.4775 106.5932 105.6862 106.8862 106.4664 102.8620 105.0885 104.4928 102.6231 102.2306 101.5944 100.9411 100.3388 99.7203 98.7069 97.8002 98.1140 97.5574 97.5005 98.5792 96.4833 98.9680 99.5724 100.5868 101.0998 101.7231 102.0881 105.0737 105.3754 104.8354 104.7200
111.9300 106.7387 110.5562 105.1696 110.3074 108.9690 109.1073 108.4217 106.2803 105.9508 106.8532 106.8707 107.2022 103.6516 103.6889 105.0210 105.7337 104.1629 102.5882 102.0992 101.6698 101.1794 100.7224 100.2404 99.6407 99.3783 98.9849 99.2096 99.4885 96.6458 98.8410 100.6879 101.2782 101.8820 102.4476 103.1028 105.2991 104.8258 105.5386 106.0000
110.0800 110.1872 110.6391 112.4079 112.1535 107.8584 107.7635 108.8233 107.9685 107.4471 108.0965 107.4738 107.8921 105.7568 105.3861 104.0434 108.5665 106.3112 102.7750 102.6905 102.3127 101.8491 101.4382 101.0773 100.6782 100.2117 100.3679 100.3953 100.3048 100.2247 100.9282 101.3676 101.9382 102.0901 104.1400 104.1826 103.2596 104.8630 105.0266 105.6000
113.9100 112.1250 114.5467 110.3382 108.0432 108.8853 107.7308 109.6259 108.2036 108.0400 107.7776 106.7824 112.2091 106.4115 105.0206 103.4402 106.1982 106.5889 104.2715 103.3541 102.8409 102.4861 102.1594 101.7165 101.3845 101.2954 101.2494 101.2324 101.2346 101.5714 101.9541 102.0617 102.5205 103.5549 103.3883 104.3857 105.0613 105.0275 106.4887 105.6900
113.9100 109.3486 108.0780 109.8933 108.9224 108.2865 106.5054 108.8551 108.8643 107.9249 109.9841 108.9959 112.6517 108.5216 106.9923 105.6008 106.7720 107.7354 105.6153 105.1706 104.0307 103.1011 102.6558 102.4302 102.2730 102.1356 102.1327 102.0485 102.2323 102.4107 102.4533 103.1078 104.0822 105.4650 105.5070 105.4638 104.3739 105.6009 106.4514 106.1600
108.0400 107.4573 112.6238 108.6995 109.1917 107.7107 105.1977 110.0854 112.9421 111.8958 112.4596 112.8012 111.3448 111.0002 105.1112 105.7715 107.3510 104.5018 105.4040 106.1282 104.2768 104.2864 104.0982 104.3133 103.3566 102.8026 102.6686 102.7697 102.9176 102.8994 103.9297 105.4532 105.2261 104.1214 105.4767 105.1545 106.0701 106.6342 106.5689 106.1600
113.0700 110.0091 111.6787 107.3408 105.9620 105.6645 110.4967 111.0083 113.8713 114.7350 111.1981 108.6629 108.4866 107.5202 107.2974 110.7460 105.4980 106.6902 106.3406 105.8900 104.7099 104.2887 104.7492 104.9527 105.9122 105.7798 105.4415 104.3160 104.0613 104.4042 105.2381 105.9170 105.6229 106.4985 105.9676 106.3201 105.5833 106.4144 106.2019 106.3600
109.1000 109.0239 107.0234 107.2329 106.1507 105.3634 114.8138 112.3459 116.1190 114.4150 112.7126 112.7153 106.5440 107.8072 107.2246 109.9164 108.1343 106.7182 105.7207 104.4661 105.4417 105.1845 105.2643 104.6654 105.6682 105.7371 109.6904 107.2351 104.1219 105.4269 104.9122 106.0727 106.5701 103.7089 106.6309 106.7174 106.1077 106.8019 111.1202 107.4800
108.8900 109.3109 109.3844 108.8900 108.0739 114.1868 112.4785 109.5030 116.0129 114.0769 113.8926 110.3867 109.8922 109.3325 106.8308 106.0130 108.0332 108.0503 106.5416 105.7736 105.2699 105.7254 105.7625 105.9637 106.2886 106.4635 105.2534 105.5080 104.4650 106.8733 105.6139 105.3174 106.6118 105.7015 107.2402 106.2341 105.8920 107.3162 108.4257 107.4200
114.0400 114.0400 114.7700 107.4900 110.0900 110.0900 113.0300 114.7600 114.7600 113.8800 114.2700 110.7500 112.5800 112.6000 112.6900 107.2500 107.2500 107.7200 105.6700 106.1800 105.6700 105.6700 106.9000 107.1200 106.6400 106.4400 105.8100 105.1400 106.0300 106.6900 106.6000 105.2600 106.7900 107.3900 107.5300 106.7000 107.2100 107.2100 108.0100 108.0100
