111.4000 112.2500 111.7600 109.6100 108.7400 108.9000 108.7600 108.6600 110.2200 118.8700 109.5700 112.4000 112.3600 112.6100 108.9700 111.5100 113.5200 109.9200 110.3700 111.8700 113.6400 113.8100 117.0400 114.3700 116.9800 118.4800 116.6000 114.4800 116.1200 116.1200 117.1200 117.2800 117.2700 116.8100 116.2000 115.4500 115.4500 115.1500 115.1500 114.9200
111.4200 110.9668 110.5996 109.6558 110.6153 110.5494 109.6585 113.0755 109.2513 109.8974 108.2398 111.5172 116.3049 112.9515 110.5150 109.0658 113.7853 108.9807 107.9098 109.3149 112.7010 110.1057 114.9852 116.1177 117.3240 117.9821 115.8421 112.9097 116.6403 114.8135 111.2654 116.3111 118.5981 116.7818 114.8967 115.9703 116.6351 117.1150 114.9325 114.9200
110.4500 110.9015 110.7080 111.7922 108.6327 109.4658 110.8179 110.2333 108.8194 113.7001 111.7844 109.0612 114.0450 113.8842 110.0186 114.3759 111.5243 108.8133 108.3899 111.6836 109.1933 108.9891 112.4759 115.3821 117.4910 117.8884 115.5468 113.7532 112.2902 110.9665 111.6170 113.2618 112.6371 115.7914 115.5975 116.4488 116.4171 116.1924 115.3637 115.4500
109.7000 110.3718 109.4336 114.0212 109.9917 109.3496 109.2891 109.9557 116.9279 118.1665 112.7711 108.9904 111.6780 112.4632 108.3092 113.6404 111.5567 108.6956 109.3701 112.7678 109.1639 109.1491 114.2447 113.6022 117.6036 117.0653 116.5548 115.1972 112.6328 109.4621 116.3897 114.4505 116.3721 115.0975 116.7465 117.8318 117.0250 115.8264 115.6797 115.0700
110.6600 111.8919 109.3682 113.0904 114.6424 109.6075 110.4005 113.8609 119.0904 115.5285 110.6630 108.5161 109.3606 109.1432 108.2900 110.8091 107.8796 108.0327 108.7541 109.7460 110.3796 108.2457 109.9005 108.3468 114.9741 114.7711 111.5550 110.3242 113.9663 114.6128 114.9076 111.5678 116.6443 116.0422 116.7381 117.7613 117.7876 115.8684 115.9676 116.3600
110.6600 111.8120 110.9374 108.6422 110.7203 108.8927 112.6778 116.5945 114.4947 117.7296 113.5339 108.9878 109.3781 108.7959 108.8298 107.8249 111.0918 108.3117 109.1897 109.7169 113.2384 110.6230 107.9317 108.3920 108.7446 108.7325 109.8606 112.1220 115.6588 116.6543 115.2218 113.5322 115.0645 116.8339 117.1124 118.0717 116.2512 116.0636 116.6032 116.3600
109.4600 109.4043 114.7232 110.2943 111.0032 113.8116 118.5055 116.6873 116.2692 116.4923 112.8744 113.0866 109.2122 109.0256 109.1069 108.8860 115.0910 111.6112 108.4401 109.6581 110.3215 108.9267 111.7937 109.8103 108.9003 108.6378 110.5254 113.2634 111.7528 116.4483 109.6315 111.7007 114.1337 112.6559 116.1280 117.1507 115.3672 115.7438 116.0960 114.4700
109.4600 109.6879 107.9546 113.1690 110.7875 110.6855 115.2965 116.5676 114.2522 112.9606 112.2091 110.7139 108.9858 109.6167 108.4813 106.6402 111.5237 109.9717 108.0901 109.4513 108.0930 109.9866 111.5560 109.8297 108.9715 108.8146 109.0732 111.4799 112.8629 117.0447 109.7997 107.2985 109.9232 110.3868 116.0059 115.8955 115.3141 116.0172 116.2749 115.5500
109.5100 109.7160 110.2292 115.4641 112.0358 111.3550 112.2143 115.0433 113.9804 112.1656 111.3726 108.9944 108.4459 109.9399 111.5095 107.7736 107.2518 109.6976 111.9831 109.0043 107.6447 110.3734 108.7527 111.7361 107.7200 107.4409 111.0655 110.4317 109.2131 114.5637 108.1167 106.8515 108.5736 112.9471 115.9549 114.0348 114.1189 114.7382 114.4806 109.5400
108.5200 109.4952 110.6845 113.0802 112.1558 110.0965 109.6463 109.8674 111.3514 115.1093 114.6581 115.1275 107.9560 109.8780 110.8188 106.9358 108.6530 109.3445 112.8567 109.7017 108.0971 107.8551 108.5364 111.5731 108.4199 108.4956 109.1980 107.6100 113.4352 112.3631 114.7552 111.3798 111.9951 113.3643 115.8528 112.0982 113.3279 113.9378 108.9012 109.0100
109.1700 108.7329 108.0264 112.7332 116.7981 112.2231 109.6977 109.7216 110.5698 115.1252 115.4469 112.4843 115.3131 113.0259 112.7548 110.3364 107.6287 115.0231 109.1454 110.7203 108.7337 107.1707 113.7541 107.7802 111.4048 112.5090 109.2008 108.0158 108.8841 112.6127 113.9062 111.9039 108.2499 112.4665 112.1458 109.3207 113.1885 111.4669 109.0603 109.4000
109.2000 108.4881 113.1927 114.6085 113.1108 114.4010 109.3684 110.3887 109.1928 112.0448 112.6779 113.3517 111.9997 113.4609 106.7650 108.7990 107.7499 112.7512 108.1907 108.3911 108.4154 108.4903 108.0860 113.2144 113.8949 111.6772 106.4544 108.1925 107.8062 108.8076 112.1134 108.5229 108.2989 112.9117 109.7259 108.5423 108.9670 108.9294 108.4084 108.4900
108.8400 109.4452 113.6299 114.7589 114.0504 112.5063 108.7626 113.9147 108.4635 109.1635 107.9180 110.8683 111.5961 110.7896 108.2580 108.8374 107.4695 110.8494 106.7658 108.2053 107.6219 108.2373 108.0127 111.7438 114.1295 111.8092 110.9676 107.3000 106.6861 110.3024 109.8806 107.7531 108.1517 108.9950 107.9296 108.5393 108.0867 108.7626 108.0000 107.9800
108.6200 111.9935 111.8720 112.1532 112.3357 113.1830 109.8749 109.6228 109.1321 109.3376 108.8474 113.9910 111.0227 109.3580 106.7227 107.3686 107.2375 107.8666 109.4040 109.9216 107.1639 107.6708 109.4608 108.1785 106.3735 107.8332 109.4721 106.8016 105.6369 109.9616 107.5856 107.5509 110.7177 108.0023 107.8548 108.2779 107.5170 108.1460 107.7510 108.2200
112.4900 115.9106 113.0598 112.8002 112.1271 114.7080 111.8741 109.6055 109.1168 109.0493 108.5960 109.3871 111.1367 112.4986 105.1351 107.0217 107.5318 107.2859 107.6307 108.4686 107.8664 106.7781 108.7691 107.5028 107.1491 107.2477 107.0510 107.2487 110.5884 110.3717 105.9473 106.6564 107.7075 106.9764 107.9756 107.1525 107.8802 108.3306 108.0673 108.8100
115.3600 116.8970 116.4997 113.3546 112.0789 112.2635 111.5672 112.4186 109.1174 108.5139 108.8830 108.2030 107.6110 114.1878 111.0012 110.6865 106.4445 107.2882 105.6133 109.2173 107.2600 106.3105 107.0585 106.8987 107.3247 107.0293 108.1873 109.3216 106.0650 107.0562 106.7444 106.2106 107.4127 106.7790 107.8800 107.5873 106.8860 106.3290 107.2076 106.9100
114.7400 116.1503 116.2505 111.0703 114.2514 112.7758 110.2663 110.0726 111.4368 109.0419 107.8643 107.2571 107.3818 107.3905 110.4642 112.5535 105.9381 107.8494 105.5761 106.4160 106.7323 105.3246 106.8626 105.2606 106.7835 106.6805 106.9237 108.8305 107.9457 106.7418 106.7399 107.2869 107.4491 106.0348 106.7107 107.6894 108.6772 109.2857 107.5192 106.9100
111.0600 116.8621 115.2334 110.1767 116.9181 114.1450 116.9324 109.0668 108.9933 109.0022 107.7915 107.2908 106.5774 107.6230 107.3744 110.5651 109.0815 106.4610 106.3115 106.0337 111.2671 104.5322 105.7170 104.8204 105.1912 105.0545 105.8342 104.5832 106.2574 106.8136 106.1517 105.4799 105.8546 105.9545 106.7838 106.4036 112.9339 108.3141 107.2391 108.0100
107.6700 114.2839 115.3229 112.0477 115.6394 114.8677 114.4239 110.8678 109.4403 107.9566 108.3672 107.4440 106.1488 107.1240 106.3692 108.8111 106.8506 105.8896 105.3654 105.6934 105.7537 104.9847 105.9859 104.7127 106.0875 104.8451 104.9200 105.4701 106.0321 106.4742 106.3264 105.3947 105.5663 106.5742 105.5429 113.4093 107.9591 106.7268 107.3595 107.0900
108.2000 114.9741 108.8105 111.5941 113.2841 115.7507 114.4206 114.1526 114.9493 110.5255 107.9990 107.9476 107.5406 106.6970 107.3847 107.0179 104.9627 105.4403 104.5391 104.4601 104.7608 104.2330 105.2584 104.3756 105.2675 104.1036 105.5153 105.3771 104.4370 104.7296 104.5935 105.6333 105.1658 105.6744 107.0451 105.3724 106.2063 107.8501 107.7547 107.9200
109.6600 114.8291 109.1512 108.8579 110.0209 113.6672 114.5043 111.4082 109.7453 108.0479 107.8633 106.8406 106.9896 107.0978 105.7353 106.4439 105.9053 105.5177 104.7777 104.5164 105.6133 103.7030 103.2956 102.9705 103.3605 103.4524 104.6386 104.8553 104.3312 105.0973 105.4614 104.8660 105.6645 105.3293 107.0837 106.5083 106.2738 105.8984 107.7308 107.3900
115.1800 111.5887 109.7016 110.5262 110.1002 108.4941 107.8958 111.9606 112.9732 109.2564 111.7682 108.3318 105.6417 107.1429 105.8970 104.9710 105.0971 104.3338 104.6907 104.4358 104.7409 103.0886 102.7211 102.4890 102.4555 102.3376 102.3858 102.4562 103.8134 104.4418 105.0811 104.7124 105.1008 104.0647 106.1516 106.8853 105.9556 106.5403 107.5377 107.4500
109.8000 114.4731 114.7412 111.6339 109.8155 109.0195 108.3470 107.6276 109.8108 110.5594 110.6980 109.6394 106.1464 106.2323 106.2529 104.9351 104.7554 104.8122 103.1893 102.4909 102.4050 101.9101 101.8140 101.6392 101.5362 101.6045 101.7702 101.9146 102.0583 102.6557 102.8724 102.9423 104.8377 104.6342 106.0360 106.7070 105.5555 106.2449 106.9490 106.7400
114.2600 110.2551 110.9336 109.2849 107.5417 111.4707 108.2164 107.6520 107.8963 106.8468 106.7765 106.9611 105.5530 105.5073 105.3908 104.9849 103.3710 102.8389 102.6085 102.0290 101.5653 101.1751 101.1199 100.9087 100.4876 100.6541 100.6794 101.0299 101.5611 101.7268 102.1441 102.6317 103.0684 103.5357 105.3955 106.2557 105.6111 105.6352 106.6631 107.2000
114.7700 113.0056 109.2240 109.2627 108.9463 106.3851 108.2780 109.8129 107.9370 109.9157 108.1337 106.9852 104.9378 104.6424 104.4494 103.7894 102.9182 102.4947 102.0291 101.2818 100.8964 100.0881 100.2259 100.1020 99.8103 99.7339 99.8567 99.8215 100.8065 101.1362 101.3299 102.1213 102.6752 103.1069 105.1369 105.6694 106.3707 106.0606 106.9708 107.2000
109.6400 108.1984 108.4572 109.3853 108.5945 107.9699 107.1767 110.6886 107.4078 111.0125 108.3504 106.7697 105.1289 104.0527 104.0382 102.9921 102.5968 102.0200 101.4299 100.7236 100.1333 99.7376 98.9038 98.7189 98.1446 97.7949 98.1708 98.6664 99.8563 100.4347 100.8752 101.2971 101.6605 102.6722 103.7902 104.3719 104.9417 105.2707 105.5710 106.3800
109.3500 109.0042 109.1022 109.3556 108.6219 107.9707 107.3745 105.9465 106.5147 106.6105 106.3956 105.7340 104.7113 104.1855 103.5104 102.6807 102.0359 101.3312 100.8149 99.9863 99.2615 98.6576 97.3005 96.1450 96.1255 96.4851 97.2764 97.7016 98.7494 99.1653 99.7770 100.5704 101.3920 102.1273 102.7336 104.4649 105.1272 105.4503 104.9618 105.8900
108.9000 109.6167 109.1811 106.2580 107.7758 107.7469 107.3196 108.5995 106.7250 105.9469 105.5699 105.7740 103.7027 103.9793 102.9753 102.1737 101.4756 100.7149 100.1227 99.0096 97.8041 96.7101 96.1207 94.4174 93.9462 94.4192 95.4849 95.3986 98.0969 98.8365 99.1106 100.1312 100.7868 101.9274 102.4568 103.0035 104.8628 105.3726 104.5486 106.3800
108.9800 104.7476 109.3437 108.9070 106.6796 109.8673 108.1902 111.7475 106.1661 105.4179 105.6133 105.1549 105.3753 103.4210 102.7391 102.1620 101.2157 100.3847 99.3181 98.0568 96.5527 94.7892 93.3847 90.9951 89.3707 90.5546 92.5660 93.3088 96.5996 88.7569 99.7005 99.4863 100.0700 101.4053 101.8878 102.7035 103.6029 104.4697 105.1025 104.5200
103.1100 108.3681 103.0016 108.5236 107.4881 107.6682 108.0593 107.8024 105.8041 106.0606 105.6905 104.2353 104.0996 103.1314 98.9992 101.4687 100.6671 100.0779 98.5566 97.1871 95.2606 93.5554 91.1495 89.4384 86.3726 85.8584 91.0692 90.2819 93.7736 96.1736 98.3613 98.5615 100.0772 100.8830 101.6763 102.3253 104.3329 104.7109 105.2041 105.3700
108.4600 108.2317 107.2767 107.7381 107.4419 108.0289 107.6975 108.2917 106.7611 105.2685 105.3281 103.9358 104.0344 103.1436 97.9287 101.7348 100.3835 99.3481 97.8030 96.2557 94.2888 92.1046 90.0907 87.1098 80.4299 80.3051 83.6242 89.0514 92.1967 95.9143 97.4581 98.2821 99.8076 100.8217 101.5258 101.9898 104.3673 103.1554 105.2438 104.4700
109.4100 109.2181 107.9257 108.8530 108.0348 107.7700 107.8889 106.5493 105.2570 105.2420 104.5752 104.9970 104.3648 102.8036 102.5525 101.4578 100.3535 99.2793 97.9081 96.1372 94.1942 91.5023 86.7935 77.2060 69.1711 70.1095 79.0160 88.6297 89.2246 93.9733 96.8487 98.4616 99.1462 100.6220 101.4287 101.8355 103.2282 104.2628 105.9513 105.9000
114.4100 111.9633 113.2172 112.7575 108.0637 106.1653 106.5818 106.8678 106.0555 106.3319 104.7386 105.7243 103.4792 102.8417 101.8360 101.0932 100.1294 99.4044 97.7442 96.1178 92.7644 90.7014 85.9620 71.5846 62.2861 64.0378 76.5868 84.2245 88.4706 92.4081 95.8255 98.3848 99.4437 100.1569 101.4217 101.8310 102.6852 103.4374 105.4150 105.8800
106.7400 112.3277 113.8988 110.3993 108.2670 109.4259 109.0450 107.2176 107.2058 104.9015 106.5364 104.6453 103.3459 102.8563 102.3106 101.2414 100.2438 99.4473 97.8925 96.2620 93.2620 91.2190 87.1006 74.8074 66.8897 68.1444 78.8022 86.2130 89.7018 93.0838 96.1595 97.8567 99.4307 100.2295 101.2808 101.8392 102.8092 103.6739 105.5385 105.8800
115.9100 116.0632 109.5691 110.9848 108.5667 110.4265 110.9569 105.6713 108.9087 104.3279 108.2752 105.0498 103.9867 102.6907 100.3060 101.4070 100.5784 99.5760 98.3288 96.6592 94.9002 91.4574 89.1828 82.4034 76.7460 77.6261 84.2695 87.6236 91.2803 94.9873 97.0801 97.7351 99.7097 100.6074 101.1892 102.0869 102.9527 103.6956 104.6554 104.7300
108.0100 109.4881 105.5313 108.0806 107.4511 107.3326 107.6312 106.1757 107.2290 105.3593 106.0897 106.1149 104.7809 102.1735 102.2010 101.6191 100.9173 99.8295 98.3486 97.4636 96.0905 92.3455 89.1116 86.7599 84.4869 85.0964 86.7163 90.2601 92.9980 96.0435 97.7028 98.5550 99.7665 100.6110 101.7442 102.2162 103.0682 104.0631 104.3938 105.4000
103.6200 104.1292 108.7323 107.5182 107.6898 108.4593 106.8824 107.9569 107.1946 105.2362 105.4327 105.0370 103.5835 103.3730 102.5066 101.6982 101.1376 100.2785 99.2426 98.1975 97.1439 94.7391 91.8879 90.5128 89.4867 89.8550 90.9906 93.6946 95.2165 97.1631 98.5780 99.5260 100.3653 101.0993 102.0234 102.5965 103.2679 105.0102 105.1821 104.7800
104.8200 108.9954 108.3127 107.8769 108.5414 106.7007 107.2000 107.5739 110.5067 105.1003 105.3272 106.0099 105.6412 103.2809 102.8168 102.4032 101.7498 100.7679 100.0289 99.1114 98.0809 96.7346 95.1750 94.7451 94.7952 94.6748 95.1806 96.0899 96.6306 98.0252 99.3760 100.1889 100.9413 101.7973 102.4069 102.9335 105.5918 105.6486 105.2385 104.8500
104.3800 109.7609 108.3429 108.6514 109.3387 111.9653 110.1470 106.9910 108.0621 106.0091 104.9888 106.4701 104.5887 105.2909 103.3816 97.7187 102.3419 101.1974 100.6372 99.9500 99.1952 98.4747 97.8928 97.0508 96.7371 96.8646 97.1112 97.5899 98.1935 99.3441 99.9749 100.6243 101.4679 101.9588 102.5978 103.2647 103.7297 103.9219 106.5064 105.4300
104.3800 103.5100 107.8700 108.8200 108.8200 112.4900 112.3500 106.7900 106.7900 106.2300 106.5000 107.1600 106.8200 104.7800 103.5000 103.1000 102.2000 101.7200 100.8400 100.4500 99.1500 99.2100 98.6400 98.8000 97.2500 97.2600 98.1100 98.1100 99.2100 100.6800 100.6800 101.1200 102.2300 102.5000 102.9900 103.8200 105.0300 105.1600 105.4800 108.1900
