108.3400 108.3400 113.5200 113.1900 110.4600 107.8400 113.1300 115.4100 115.7800 114.2000 114.8300 112.8200 108.7000 109.5700 108.5600 107.5800 105.1400 105.1400 105.4800 107.3500 104.9400 104.9400 105.4700 105.4200 106.2100 108.2900 106.0100 106.0100 105.9400 106.0300 105.4300 105.2300 104.9300 104.5900 104.5900 105.5700 106.4700 107.4700 108.6500 108.6500
108.4900 110.9707 112.6158 108.1032 112.0575 110.5492 113.0671 112.8214 114.6953 115.9645 115.3646 108.9343 110.2597 107.2895 108.0966 106.8135 105.8320 106.2566 106.9914 108.0434 105.2469 105.2495 106.2800 106.4462 106.6390 107.6475 107.0231 106.9379 106.7663 106.5085 106.2033 105.7998 105.8168 104.6806 104.5232 104.3007 105.0532 104.9226 106.9793 106.8300
111.9300 109.8954 110.7238 107.3405 116.5182 111.7694 115.3527 110.7126 108.3441 111.2664 115.0721 108.6621 109.2184 106.2169 106.8587 105.9675 106.3210 104.4679 106.7948 106.7178 106.2860 105.2892 107.9033 107.9189 108.5199 109.3624 108.9951 108.9184 108.9277 108.4897 107.9084 107.3845 106.8303 106.0827 105.4479 104.6922 104.8055 105.1348 105.8103 106.5600
112.5900 112.1503 110.4004 109.2848 112.2919 109.2649 108.8208 110.4997 115.1029 113.6834 111.4304 107.9332 105.5712 106.2410 108.6256 106.3296 105.9039 104.7444 104.1389 104.8468 105.7022 105.1312 106.7108 109.9672 110.2454 111.8587 110.4881 111.0246 111.7717 109.5520 109.1349 108.4431 108.1334 107.9556 106.8638 105.9807 105.2209 104.5978 104.5818 105.3300
114.1800 112.3170 115.6801 111.2910 109.9750 110.7289 114.0837 112.2387 112.9039 110.9925 107.5569 106.7991 106.7033 106.0636 105.2587 105.1061 106.3892 106.9636 104.6277 105.8654 105.3898 105.5895 106.1383 110.3709 109.4947 110.5685 108.9630 109.6637 110.2215 108.0222 110.1216 108.0159 112.3351 110.8886 109.1647 107.6540 106.5715 105.5643 104.9256 105.2300
115.9200 113.9177 114.9653 116.2258 112.5819 108.5642 108.0882 106.9843 106.9011 111.5162 110.9273 106.6191 105.8132 106.1693 105.1933 105.8905 106.3396 107.1714 105.7984 107.5577 107.0981 104.0631 105.1970 105.8618 105.3367 108.2005 104.0312 104.9531 104.5972 104.1437 104.9922 108.0132 111.6761 115.3903 112.6907 110.0708 108.1981 106.9749 106.0408 105.2300
108.0700 109.4580 112.6064 116.2886 114.8489 115.0084 108.4642 108.3224 108.1232 107.3483 106.3917 106.8460 106.3335 107.5262 105.0137 107.1419 104.9564 104.3285 105.0295 106.3706 104.7989 103.1512 103.9736 103.1483 102.1258 103.3652 104.4297 103.5202 102.3159 102.6317 103.3807 104.2720 106.9810 110.2348 111.9786 113.3726 108.0150 108.1618 106.1838 106.4400
108.0700 108.2965 113.6953 114.6685 114.7649 114.2901 112.3095 109.6832 107.7109 107.3519 106.9971 107.2774 105.7237 109.7352 111.4232 110.2816 104.6137 103.7442 104.9110 104.1869 104.3167 102.9176 104.3117 102.2973 102.8335 102.3719 102.5647 102.3805 102.5495 102.5660 102.6919 102.9650 108.8890 104.7766 108.6690 111.2075 105.2139 106.8624 106.0431 106.4400
109.5000 112.4293 111.0300 113.1196 110.4567 112.0494 110.6704 107.7210 110.8778 108.2168 107.4562 106.3779 105.6925 106.2891 108.7550 109.8268 106.1837 105.3984 104.5958 105.7001 102.7863 102.7993 102.0782 100.9239 100.8066 100.4279 100.2155 100.2763 100.4767 101.2730 101.0826 104.1168 108.4187 104.5630 103.9993 105.5786 105.5951 105.9162 105.9884 106.0500
115.3600 115.4544 111.6444 109.3245 108.9657 112.0357 108.7486 106.8581 108.8824 108.3982 106.4507 106.1324 105.3876 105.3406 104.9754 105.7168 105.0926 104.2562 104.3157 106.2595 101.9921 101.2612 100.6564 100.3064 99.6258 99.4699 99.4647 99.4597 99.4689 99.7528 100.2926 100.5413 101.0619 101.1686 102.4723 103.4915 104.7964 105.6334 105.9840 106.0400
109.0500 109.9455 109.3639 109.3093 109.1049 108.5326 107.0665 107.5356 106.7563 106.8131 106.2026 106.4018 106.1675 106.1612 106.1929 105.5970 104.6247 108.6335 103.5647 102.6222 100.9377 100.3827 99.9847 98.8263 98.3084 97.9960 98.1285 97.9921 98.1389 98.5064 99.1095 99.7408 100.5202 100.9774 102.3972 102.2423 103.9061 105.0731 105.7786 106.0100
110.2600 109.1856 109.5313 109.0712 108.4305 108.6749 108.3604 108.2390 108.0485 107.8431 107.4259 106.7174 106.1673 106.0529 105.5130 103.6250 105.0259 104.3997 101.6403 101.4973 100.7827 99.8512 99.0401 97.7064 96.6689 96.1463 96.8107 96.7970 97.2652 96.9722 98.0563 98.8035 99.5152 100.3017 101.5559 102.4206 102.7774 104.3117 105.4424 105.6900
108.9100 109.0588 109.4560 109.2183 108.9119 108.5065 106.7685 108.3908 107.9834 107.3688 106.8868 106.9758 106.5280 105.6758 104.2222 105.0483 104.4590 102.3691 97.4100 101.2988 99.5482 98.8948 98.2497 96.5722 95.2057 94.7455 94.0890 93.9696 94.9731 95.6499 96.4688 97.6216 98.5235 99.6334 100.3975 102.6320 102.3198 103.7299 104.5429 105.2100
108.7900 109.0719 109.5148 109.1028 109.0252 108.5944 108.4558 108.2157 108.1043 106.8292 104.1455 106.1501 106.4064 105.6330 105.5786 104.4098 102.4834 102.2016 101.4679 100.3151 99.1276 97.4994 97.0267 96.1100 93.8097 92.1014 90.4173 90.5694 91.3703 93.5993 94.9241 96.0433 97.5756 98.7992 99.8623 100.8480 102.6459 103.4526 103.1978 105.0100
109.6900 111.3344 109.1527 108.8308 108.0196 108.3232 107.7945 107.8971 107.4209 106.4221 107.8261 105.9405 106.3027 105.7458 104.3934 103.5009 102.4535 101.7449 100.3962 99.4375 98.5259 96.8802 95.2976 93.4915 91.0954 89.0362 86.4104 86.5098 87.8670 91.5384 93.7541 94.9298 96.6518 98.0522 99.3420 100.4379 102.5838 101.6284 105.8504 107.6100
113.9600 112.3228 110.8033 109.4801 107.8778 108.1150 107.0481 106.6873 106.2201 105.8108 106.3975 106.8800 106.2398 105.7099 103.8029 103.3893 102.2901 101.5549 100.4700 99.1984 97.9727 96.5945 93.7117 91.0526 88.4030 83.9646 82.7342 82.4795 84.3657 89.5331 92.6423 93.8310 95.5509 97.3803 98.8806 100.4351 102.2595 102.9231 104.1878 103.4900
114.1900 109.3354 109.8025 108.4035 107.8916 107.7502 107.7522 107.3134 107.3794 106.8858 106.6932 106.6573 106.0803 105.7748 104.9031 103.9100 102.0515 101.4135 100.3164 98.7325 97.4202 96.2713 92.9138 90.2324 85.3542 77.8845 73.0912 73.3847 80.4297 85.3430 89.8397 93.2000 94.9956 96.9996 98.5610 100.3448 101.1831 103.7638 104.6595 103.5400
114.8800 113.6316 111.4769 108.4308 107.9453 107.2005 108.2874 107.5578 107.6716 106.5614 106.3216 105.7593 106.2857 105.2365 104.0981 102.9488 101.9743 101.1728 100.2399 98.4166 97.1510 95.8946 92.5368 88.7693 82.6677 72.4144 64.9817 66.0203 76.7571 83.7605 89.0495 92.8997 94.7189 96.8286 98.8792 100.3031 101.2585 102.5498 104.3246 104.1000
114.4000 115.2906 112.4066 108.4050 107.5485 107.0087 108.2798 107.6155 107.3968 106.0560 105.5491 105.4890 105.4958 104.4315 103.9529 103.4624 101.9348 101.1276 100.2223 98.4798 97.1326 95.8234 92.2358 88.2065 82.3653 71.9888 64.4653 65.7033 77.1270 83.7232 89.1101 92.7937 94.7695 96.7521 99.0177 100.3240 101.2960 102.0508 104.4123 104.1000
113.5500 113.4437 108.9779 107.1078 108.1083 107.5973 108.0469 107.5120 107.2198 106.7545 105.9328 104.8683 111.8875 108.1996 105.0700 104.1577 101.9185 101.2387 100.2035 99.1569 97.8589 96.1185 93.4067 88.7478 87.0045 78.2822 72.4166 73.7182 79.2968 86.6616 90.3090 93.7550 95.1554 97.8868 99.7622 100.7626 101.4297 103.0584 103.0887 105.1400
109.6300 114.4295 110.7233 113.2409 109.1820 107.8307 112.0137 110.3689 111.5901 106.1883 105.4239 105.2427 106.6829 103.7451 105.4795 102.6809 102.2307 101.5334 100.3921 99.5419 97.7800 96.7157 94.2716 91.2788 88.2948 86.9138 86.0080 86.2540 85.1035 86.8486 92.1087 93.5821 96.9458 99.1295 100.2144 101.0977 102.3339 102.5449 103.5404 103.9400
119.3400 116.8688 116.7078 113.6974 109.9375 108.9446 111.8494 112.6834 112.1431 107.2682 106.4411 107.4844 109.6941 106.9792 105.6008 104.4792 102.2557 101.8124 100.7139 99.6275 98.9005 98.1244 96.7347 94.6743 90.4689 89.8115 88.4778 88.0645 87.9191 90.9199 93.3421 95.5716 97.9230 95.3850 99.7473 101.0099 98.1400 102.7123 105.0660 105.3900
116.1300 112.5903 115.1387 114.8354 114.7209 111.0305 114.9185 111.9585 107.0169 106.0791 108.6037 106.6919 110.0301 105.5601 105.1411 104.2407 102.7341 102.1579 101.0847 100.2345 99.2146 98.6497 97.7649 96.3855 93.8504 94.9553 92.0843 92.7095 92.4963 94.8954 96.6772 98.1487 99.0388 100.7729 101.3156 101.5015 101.8530 102.9286 104.8832 103.9300
117.2600 114.6519 114.7699 108.2226 113.4846 109.2475 114.5588 112.0212 109.1639 112.1764 107.7515 107.2735 110.5325 104.7459 105.1141 103.7389 102.2907 102.5821 102.0219 100.8978 100.0530 99.3601 98.4704 97.6782 97.0934 96.5045 95.4957 95.6733 96.7848 97.3885 98.7338 99.0944 99.6100 100.5401 101.3483 102.0579 102.5801 103.0199 104.8520 104.6800
114.2700 114.2298 110.8880 107.8853 110.6410 112.5435 112.9508 114.3320 109.2932 110.1807 107.6954 104.7934 104.7116 105.7859 106.4046 105.5704 102.1391 101.6602 101.4283 101.5493 100.9149 100.1200 99.4236 98.8232 97.9866 97.5936 97.0416 97.3406 97.8730 92.3341 99.3777 99.9700 100.5151 101.2305 101.7169 102.3967 103.9665 103.7397 104.1391 104.3200
114.0900 116.0266 112.6037 111.0911 112.3799 114.2963 111.6688 111.2707 107.4968 106.0021 107.0351 105.9207 106.9067 106.2647 105.2751 104.9242 102.2117 102.6982 101.5684 102.0187 101.4953 100.8533 100.4310 100.1237 99.2863 99.1741 99.0996 99.1579 99.8694 99.5561 100.2411 100.7115 101.0668 101.6859 102.3815 102.8716 104.8907 104.1910 105.1841 104.3200
110.8100 111.2618 109.7666 114.4488 110.8637 110.0202 107.8397 108.2322 107.8623 107.0305 107.6629 106.9228 106.5435 106.2049 105.8401 105.9932 102.9078 104.3540 103.2426 102.5696 102.1106 101.4973 101.1951 100.9978 100.5923 100.0264 99.9389 99.9719 100.4364 100.7797 100.8646 101.4285 101.5723 102.7964 99.1974 104.1922 104.7558 104.6874 105.8606 106.2700
109.7200 110.4158 110.2745 109.1296 107.6185 113.5479 107.7067 108.3248 108.4174 107.7030 107.0012 107.8972 107.0491 107.4236 105.4835 106.4248 106.7766 105.1573 104.3905 103.0887 102.6963 103.3736 102.0117 101.5985 101.3790 101.1912 101.0294 101.4284 101.7977 101.5753 101.7192 102.0775 102.4093 102.9238 101.8705 104.1026 104.5309 105.3172 105.6509 105.9400
107.7700 108.3426 111.7460 107.9150 106.0871 109.6309 112.9261 107.1168 108.4577 107.8882 107.5505 108.0086 107.5022 106.8721 105.2781 105.4073 105.5420 104.3185 106.1509 105.2154 103.7924 105.3897 102.5643 102.2125 102.1204 102.1144 101.9457 102.4181 96.8656 102.9450 102.2949 103.2566 103.2510 103.7203 104.8031 104.1067 104.9133 105.4981 106.2854 106.3700
108.1700 106.7043 109.7090 109.5227 104.5245 109.5745 109.4634 108.5819 108.4521 108.6031 108.3851 107.9705 107.4126 106.1112 105.4419 105.5533 104.2913 105.9069 106.3529 105.6392 104.6701 105.2047 103.7070 104.2165 102.9166 103.0003 102.7004 102.3973 102.8209 97.6782 103.0011 105.6010 104.4604 103.9194 104.9982 105.4419 106.5776 105.7168 106.8502 106.2400
108.1400 108.9592 111.6125 110.7688 114.3744 113.3577 111.1332 111.2540 108.8292 108.1453 107.8300 108.2078 107.2835 107.4559 105.8279 107.2141 106.0159 106.0743 106.7627 105.9374 105.3798 105.1697 103.8759 105.6016 104.9227 101.2841 104.9849 103.9810 105.4457 98.7876 104.4735 105.0278 106.0559 105.3893 105.7655 105.9917 106.7367 106.7926 106.8870 106.0800
108.8400 112.3681 108.0990 109.5030 106.9626 113.5633 107.9233 106.3261 107.5655 107.5810 106.9946 107.7764 109.6125 108.3694 105.6184 108.3887 105.1465 106.3175 105.7522 105.8715 106.7410 104.8823 105.3493 104.8704 105.8253 105.2003 105.9884 105.5733 104.9654 102.7874 105.4243 105.2030 105.6911 106.1567 106.6836 105.2386 105.7544 106.7607 106.7445 106.4700
108.9200 113.5696 111.8375 114.2719 109.0022 107.8797 107.4548 104.2026 104.7192 108.7777 107.9931 107.5014 107.3596 106.7747 107.6293 112.4094 106.7313 105.3687 107.0514 105.4116 106.0323 105.0015 105.5309 105.1216 106.0897 105.1167 105.8541 105.6948 104.6911 104.7837 105.9336 105.5455 106.1411 106.5643 106.4400 106.5354 106.6621 106.7032 107.1180 106.6900
111.6400 112.4972 114.2224 113.4398 108.8999 106.9204 105.8794 105.0817 110.3783 109.1134 108.4558 108.1375 109.0830 111.1685 113.8488 110.3685 112.2790 107.8610 107.0422 106.0219 106.7016 105.4132 105.3037 105.4510 105.7472 106.2793 104.5700 105.4652 106.9041 106.0017 107.1448 105.6001 105.7234 106.0071 106.2767 106.2950 106.5948 106.4079 108.1792 108.1500
109.9600 108.0194 112.7635 111.6250 107.4490 106.5943 106.4804 106.8902 108.6160 108.8439 108.3003 111.4220 111.3468 109.1252 112.1345 109.5744 114.5068 109.4446 107.4811 106.0753 106.4641 107.0349 106.4842 105.5440 105.9118 106.8340 105.6818 105.9676 105.8656 106.1997 106.9685 107.5545 106.3511 106.8054 107.1331 106.4392 107.1631 106.5116 107.6722 108.3600
111.6500 115.9319 113.2231 112.0429 106.9356 107.7501 109.5051 112.4241 109.6153 109.2446 107.8284 114.9472 111.9423 109.0149 111.9002 112.2059 110.4247 107.0110 107.4364 106.1193 107.9488 106.6150 106.3570 105.6453 110.9234 109.2450 107.9914 107.2192 106.7124 107.1233 107.2093 107.8039 106.4189 107.4521 107.7779 107.8336 107.6413 107.8780 108.0412 108.6400
111.6500 112.6936 109.0150 109.1278 108.9230 106.9652 112.1048 111.0982 110.1039 109.4480 110.3288 111.2341 111.7642 110.6167 116.8806 112.2459 111.9630 108.9070 110.1000 111.7597 110.6950 106.7085 107.3883 106.7093 111.3212 112.4501 106.6923 108.3806 107.5577 107.2781 106.9844 108.1357 107.5241 108.2687 108.2774 107.7127 108.2159 108.0775 108.3178 108.6400
114.2900 112.8297 112.2410 112.2575 113.7276 108.6730 109.1623 107.0807 107.7421 108.2227 114.5043 110.5450 113.4511 110.4164 115.7717 109.6349 109.6843 110.5576 109.7800 110.1056 108.1259 106.9378 107.2223 111.4070 111.0910 110.2455 107.0951 107.9657 111.2067 107.8410 108.0836 108.0552 107.8611 108.4641 108.5401 107.6122 108.7904 108.7769 108.2642 108.0500
117.2700 115.8083 109.9637 109.5702 109.3480 107.5999 107.6531 107.5250 105.5332 112.1138 112.2332 109.9535 110.8376 113.4817 109.2229 107.0495 108.4859 112.0984 110.9160 111.5308 106.5730 107.7737 107.7500 105.8909 110.7672 110.9643 108.9634 110.2461 110.1482 108.4594 108.0997 107.7227 108.4184 108.7522 108.5894 107.7720 108.9554 108.8759 108.6531 108.4500
117.5400 117.5400 109.0500 109.0500 108.7400 107.5400 107.5400 108.5700 114.3000 112.2800 115.1300 110.9400 117.0200 111.7800 109.5400 108.5400 115.5800 113.7100 113.3700 112.3700 108.3400 108.3400 108.0500 110.5600 110.5600 109.7900 109.3800 112.9700 109.2500 108.7700 107.3300 107.1300 108.7000 108.6400 107.6000 108.8600 108.8600 108.3800 108.4600 108.9000
