109.5400 108.4400 107.6200 112.9800 112.3600 111.8600 114.8100 111.4100 110.7200 113.7800 114.1500 113.7800 106.1300 106.4700 105.7100 105.1600 105.1600 107.2400 108.1500 106.9600 105.7000 106.4500 106.4400 106.4900 106.4900 111.9100 111.9300 108.9400 107.5200 107.5200 107.9000 106.8900 106.1900 106.3300 105.6600 104.7900 105.4000 106.2000 107.0600 107.0600
109.0200 108.6825 110.4427 115.3999 107.5507 115.1144 114.9416 114.5253 110.8329 112.9199 114.5462 109.5963 106.2995 106.4208 105.3811 105.5433 105.7419 108.7164 106.3206 107.7750 105.7559 107.1409 106.5023 106.4771 106.4015 109.0684 110.9690 109.9817 109.8397 109.0290 108.7534 108.2453 107.3814 107.0734 106.3632 105.5496 104.9999 105.9610 105.7355 105.6600
114.8800 111.4920 109.6247 108.6322 107.8781 112.6485 113.6140 110.8126 110.1902 107.9393 112.1090 107.2773 106.2532 106.0223 106.4047 106.5225 106.8396 110.6575 104.8674 106.2916 104.8348 105.9439 105.8480 106.4030 106.2552 109.5114 112.1801 111.7534 112.2050 111.5476 112.0298 109.0466 106.3824 108.2037 107.3969 106.5482 106.1253 106.9017 104.6697 105.4800
110.7400 116.4348 109.4730 109.4987 109.0393 109.0333 109.1769 111.7766 114.3782 114.1677 109.0483 107.2313 106.5915 107.5931 111.8978 110.1331 108.2359 105.8373 108.0673 105.4241 106.3353 105.6012 105.8363 105.8886 105.6912 107.9621 110.1629 110.5518 111.2002 111.2065 112.9110 104.8163 106.5419 109.9982 108.8959 108.2431 106.8081 106.2119 105.2155 105.0300
110.6000 113.5499 112.5058 109.9080 111.0957 108.5873 108.4055 108.5838 109.8537 110.6824 111.8725 107.7020 108.6839 106.4102 106.7823 110.4344 111.9734 104.8211 108.9871 109.4706 105.7102 105.7628 105.6602 104.8905 104.6003 104.3157 105.5741 105.9581 106.8284 107.8969 107.8325 105.7136 105.9319 110.0383 109.3358 109.9297 108.4238 107.2371 106.1285 105.0300
115.7500 113.8991 116.3279 115.7434 112.7668 110.0588 108.1646 108.2561 107.8347 106.3242 106.1448 108.4088 107.2460 106.5009 111.1148 109.8215 108.2098 106.8270 110.1084 111.6550 104.7509 103.5216 104.5090 103.1565 102.7798 102.5366 105.7392 101.4157 103.0158 103.7237 104.0713 104.9257 105.0948 107.3715 110.8816 112.0000 110.3892 108.8066 107.2741 106.2500
114.9300 107.7265 115.4280 115.8546 112.2139 111.2488 110.1964 108.4350 107.4991 106.9548 107.5603 107.5173 108.5086 106.5316 109.0049 106.5833 105.9900 107.8946 104.1879 108.2646 103.2691 104.4418 103.7038 102.7931 102.9031 102.7023 101.6403 103.8325 102.8402 102.3394 102.8518 103.3109 104.3393 104.2082 106.2022 111.5401 114.0176 110.7570 108.5720 107.9300
108.8300 108.8523 113.7452 114.1667 111.0834 109.1703 111.0263 107.0364 106.7365 106.8169 107.0122 106.9337 105.8900 106.6216 107.5875 106.9568 104.4901 104.2538 104.1550 104.2829 103.1351 104.4128 101.6237 101.4816 101.0277 100.9663 101.0338 101.0940 101.9072 103.8608 103.2335 102.7410 102.4832 103.7428 104.4956 110.4306 113.6888 112.0887 110.1041 107.9300
108.8200 107.3643 109.7494 111.8658 107.7009 108.6749 108.2806 108.8153 107.9826 107.9605 107.2330 107.2007 106.2682 106.7179 105.5489 104.9637 107.0849 104.1332 103.7367 104.3481 101.5112 101.3160 100.6329 100.5419 100.1234 99.9976 100.0885 100.1820 100.3002 100.5142 102.3084 102.3041 103.3747 103.0379 102.8990 106.8681 107.1531 105.9109 107.1141 106.4900
111.3100 110.5857 110.0844 109.4223 108.5214 108.8881 106.8158 108.3263 107.1817 105.9792 107.1019 106.7099 106.2359 106.0674 105.2382 103.7124 105.1283 104.4195 102.2848 101.4321 100.7129 100.2605 99.6311 99.1257 98.7977 98.6535 98.8637 98.9576 99.2665 99.7276 100.2093 100.6465 102.4431 102.8890 101.4080 103.5632 104.7614 105.7760 106.1555 106.3400
108.4300 108.6176 108.5891 108.7347 108.6060 107.9526 107.4451 107.5940 107.8184 106.9883 107.1639 106.0185 104.8405 106.1229 104.0629 103.0546 103.1139 102.2001 101.2546 100.7515 100.0920 99.4909 98.9664 97.9675 97.2964 97.0488 97.3629 97.6149 98.2616 98.5175 99.2885 99.9634 100.6597 101.2396 104.0044 102.5437 103.9081 105.1723 106.0180 106.2700
108.7000 108.1740 109.2762 108.9548 108.7785 108.0917 107.2504 107.9243 107.3226 107.4998 105.5941 105.7518 105.2388 104.2317 103.4037 103.9336 102.5382 101.5599 100.7692 100.5987 99.5539 98.5624 97.6166 96.0246 95.3461 95.2324 95.2279 96.2185 97.2359 97.8185 98.4406 99.1506 99.8766 100.5748 102.3848 102.9390 102.8475 104.4254 105.6720 105.8700
107.2200 107.8679 109.0585 108.7732 108.5421 108.0961 107.3109 107.2598 107.0378 106.5777 106.4892 106.4414 106.3101 104.0805 104.2482 103.7674 101.7693 101.8848 100.8365 99.9519 98.0604 97.1812 96.4525 94.9741 93.0823 93.3140 93.6425 93.8514 94.6920 95.7359 97.0646 98.0108 99.0029 100.1191 101.0220 102.9857 102.6106 103.9433 104.7390 105.0600
108.3500 109.2788 109.0187 108.7712 107.2220 108.0135 106.5157 107.7449 107.5895 106.3788 105.1985 106.0063 104.6061 104.4036 104.1976 102.2435 101.7456 100.9541 100.2255 98.7596 97.2631 95.2873 94.6714 93.7486 91.2241 90.7241 90.5492 90.3341 91.8028 94.2639 95.6535 96.7871 98.2016 99.3998 100.3786 101.4883 103.4967 103.8204 103.5219 104.8300
108.1500 109.3281 109.0818 108.5263 107.6029 107.4957 107.1844 107.5439 107.1310 106.9299 105.9467 106.0009 104.8599 105.0195 103.6711 102.3403 101.7493 100.6862 99.1695 97.6003 96.1293 94.5107 92.0768 90.3192 87.6144 86.3336 86.6365 87.0847 89.3492 92.5137 94.6065 95.8928 97.3886 98.7896 99.9883 100.7678 105.2117 102.5039 104.9948 103.1900
109.3900 109.0855 109.2189 108.0564 107.8066 106.9795 107.6655 107.4190 107.0964 106.2969 106.3888 105.8205 105.4810 104.8289 103.1865 101.9778 101.4892 100.4091 98.5772 97.1442 95.3541 93.4349 89.7695 86.2155 83.4124 80.3969 80.4772 83.3746 86.7109 91.4402 93.9440 95.5160 96.6843 98.2426 99.5945 100.4805 105.4127 103.3527 107.3140 105.6500
114.2300 108.5631 108.1435 108.3753 107.5465 106.7121 106.1384 107.1131 105.8422 106.0476 105.8677 106.0184 104.8151 104.7652 102.2898 101.8844 101.1763 100.3402 98.5957 96.1634 94.7138 93.3312 87.9589 83.5284 75.6588 69.6393 72.7106 78.7429 83.8161 88.9949 91.9672 94.7598 96.6301 97.8470 99.2674 100.6595 101.3216 103.5267 104.2664 105.9600
112.9700 111.3281 108.0913 108.3058 107.2684 107.3450 107.4832 106.7563 106.6189 106.5458 106.2431 105.7697 103.7188 104.9342 102.1994 101.6691 100.9497 99.8307 98.5011 95.6495 94.5609 92.1666 86.4704 81.1224 68.9079 64.5426 67.2499 74.7552 82.6488 87.6380 91.2463 94.6171 96.1411 97.8882 99.7230 100.8828 101.9422 102.5954 104.5635 105.9600
113.4100 112.2077 108.7003 108.3015 107.5186 107.5482 107.7932 107.1215 107.6608 107.3383 106.9666 104.7551 104.3446 105.6508 102.1891 101.5282 100.8265 99.7538 98.5852 95.5628 94.4167 91.9974 86.3191 80.3583 70.3474 65.5791 67.4778 74.4489 81.7966 87.7841 91.9180 94.3258 96.3106 97.8266 99.5644 100.9987 101.8676 102.8687 105.2238 105.1400
112.8800 108.7779 107.9946 107.9852 107.8646 107.5882 106.8867 106.2967 106.0729 105.9804 105.5459 104.3930 102.4360 103.9844 102.3050 101.9417 100.8521 99.8045 98.6160 97.1133 95.1525 92.1862 88.4336 82.7299 77.3574 72.3009 73.8367 82.7106 85.7893 88.5079 92.9294 95.1069 96.6111 98.3752 100.3761 101.4701 102.0262 103.1039 104.1004 105.7200
109.3800 111.8771 108.3718 108.9318 110.0697 115.2587 108.3037 109.7053 108.2090 105.3126 105.6110 106.4254 106.3550 108.3219 102.5441 102.1675 101.2637 100.2110 98.9060 97.5417 95.1687 93.5503 90.1269 86.5455 83.0012 80.3266 81.4306 85.9433 86.8480 89.4795 93.5459 94.6562 97.2012 99.8548 100.9755 101.7730 102.3892 103.0522 105.0827 104.5800
116.9400 116.4993 114.2763 115.4119 113.4914 114.1133 110.6958 111.2945 110.1582 105.8777 105.5333 105.5379 104.2953 105.1058 103.0654 102.1296 101.5235 100.7399 99.1087 97.8896 96.3700 95.8661 93.9518 90.8725 87.2074 85.6681 86.9634 88.8491 89.6903 92.4143 94.4937 96.4036 98.8204 100.4551 101.0503 101.8081 102.7106 103.6303 105.2318 105.9300
116.3600 116.3098 111.4052 114.4020 116.0517 111.2344 107.3690 108.2208 106.2876 104.7839 106.6875 104.4873 105.4090 105.8567 103.6279 102.5796 101.7586 101.0038 100.0605 98.7023 97.5706 97.0924 96.2528 93.9751 91.4476 92.4351 92.8406 91.9036 93.5513 95.2040 97.0377 98.2976 99.7607 100.5781 101.2207 102.1369 102.8208 103.9416 105.4521 105.5200
116.4200 114.6648 114.2431 112.2307 113.8568 112.4505 109.7740 112.1187 112.4394 105.7146 105.5380 105.4692 105.6355 104.6248 104.3696 102.9142 102.4131 101.5740 100.7587 99.7602 98.4985 97.6588 96.8930 96.0155 95.3500 94.6451 95.0955 94.8503 96.9729 97.3744 98.6373 99.6796 100.0902 101.1097 101.9340 102.5288 103.1260 104.5557 105.0427 105.0200
116.4500 111.5350 115.4247 111.9913 108.5826 107.4322 108.2591 108.3318 112.2948 110.7423 107.2866 106.7384 106.1469 104.7937 104.3779 102.8143 102.7275 102.0887 101.5534 100.6877 99.8802 98.9924 98.1382 97.5377 96.6138 96.8013 96.5046 96.9887 98.1635 99.4598 99.6865 100.5217 100.9351 101.7780 102.1361 102.7347 103.6228 105.1309 105.1870 105.0200
111.8600 113.1898 113.6545 110.3826 111.3473 107.0425 106.4256 108.1100 111.8311 109.9296 108.8354 105.2710 106.3197 105.0037 105.5054 104.8620 103.1793 102.6669 102.1590 101.1813 100.5176 99.7613 99.8553 99.3572 98.6930 98.6623 98.4931 99.0474 99.6968 99.8654 100.1022 100.9989 101.6021 102.2453 102.7241 103.8135 104.3530 104.8935 104.9605 106.3700
109.4500 115.1091 114.2231 113.5432 107.4427 108.8201 107.6959 109.0804 108.9286 106.6682 107.0415 106.6438 106.3525 105.6049 105.9574 104.8001 103.3339 103.0821 102.5157 101.8995 101.5673 100.6908 100.6477 100.5544 100.0438 99.4935 99.7114 99.8318 100.6502 101.0636 100.9281 101.6561 101.7362 102.7226 103.3403 104.7472 105.2504 106.2174 105.4955 106.6700
109.8900 111.4821 111.0730 111.1045 107.3171 111.7203 108.2765 107.8431 108.0973 107.6428 107.5763 107.5570 106.3511 106.7910 106.2773 105.6835 105.0466 105.1558 103.1173 102.6605 102.3090 102.0947 101.3907 101.2985 100.8076 100.6161 100.8583 100.8772 101.4159 101.6480 101.7957 102.2901 102.6665 103.2995 103.4119 104.8292 105.3550 105.6079 105.7253 106.3000
114.4300 110.1490 110.8491 108.4500 108.8761 109.1403 108.5282 108.2189 107.6371 107.9545 107.5012 106.9185 106.3793 107.0759 106.5423 106.5000 106.2883 105.7739 105.2780 103.1120 102.7848 102.5151 102.2710 101.8164 101.8061 101.9496 101.9683 101.8267 102.4757 102.4882 102.3801 103.0411 104.1604 103.5660 104.0106 105.1321 105.4401 106.0586 106.2046 107.0400
115.1300 106.3849 108.9674 109.1141 104.3477 112.9204 107.8418 108.3848 107.8037 107.3157 107.5106 107.5952 107.5508 107.4864 105.7299 106.6346 105.2926 105.6289 103.7670 105.1080 105.1904 103.1532 102.7885 102.6375 102.5316 102.5107 102.6261 102.4914 102.5807 100.9727 103.4735 105.5734 105.6872 104.6188 106.0781 104.6515 106.8910 106.9906 106.2813 106.0300
106.5000 108.9253 108.7806 109.2739 109.8773 113.3750 114.0322 106.6446 108.5541 108.1187 107.8763 107.4171 107.5797 107.3431 106.1749 106.1566 104.9474 106.0650 106.0332 105.6277 104.1449 104.2666 104.7678 103.3869 103.6439 105.4254 103.2408 104.9548 104.6533 103.1806 104.1815 104.4708 104.0267 105.4894 106.1494 106.2129 106.3292 106.6692 106.7698 106.7300
109.5400 110.6069 110.2723 108.8422 112.5691 112.1088 113.2476 109.4650 111.1695 107.4608 107.8696 107.4863 107.8590 106.5548 107.4373 107.1204 106.2726 105.7076 104.9748 105.5692 106.0782 104.5715 104.1287 106.1084 105.8977 103.6707 105.8052 104.9068 106.1022 106.2126 105.7689 106.1063 104.6836 106.8880 105.8709 106.6813 106.2190 107.0332 107.6274 107.6400
110.3400 113.5698 110.2376 114.2377 110.9311 108.9959 112.1304 108.4722 109.5686 108.6639 108.1443 108.0876 108.0555 106.6754 105.9917 107.1450 107.8605 108.3998 112.1393 108.0722 106.9184 105.6552 105.7119 106.0731 106.2050 104.0299 106.2142 104.5392 106.3216 105.7318 105.1993 106.2309 105.8940 106.1642 105.8540 107.3982 106.6852 107.0699 107.4000 107.0800
115.2900 110.7095 114.6900 113.7605 110.3722 113.3370 111.5048 108.9126 109.1802 108.7851 108.5772 108.5500 108.0121 106.7357 109.0896 110.9528 108.2055 109.7816 107.8052 106.6564 106.2514 105.6356 105.9644 106.0743 105.8294 104.8991 105.1250 105.0497 105.3417 107.0636 106.2168 105.8960 106.5371 105.7382 106.3648 106.6721 106.1144 106.7510 108.2495 108.0800
115.2900 109.7495 112.3207 116.3339 110.5576 108.9645 108.9053 107.1664 108.0915 109.1315 108.2074 108.4419 107.9277 110.6892 109.1690 110.7475 107.3364 106.7163 105.9779 106.8515 106.7937 107.6110 107.0988 107.1609 106.8514 106.8499 106.2420 105.6246 105.8103 106.7616 106.7294 106.3284 106.4620 107.0309 107.1726 107.1666 108.0850 107.8838 108.0364 108.3300
115.2900 113.3085 112.7575 111.8687 110.1859 109.8245 109.7938 107.2564 108.0128 108.4366 107.5281 109.0138 111.0506 113.3916 110.6746 110.7657 107.4116 105.9943 106.3186 106.4584 107.1877 106.5643 107.2289 106.0194 105.5862 109.1363 107.2797 105.9072 105.9458 107.5340 107.3918 106.1957 107.6660 107.8299 108.4410 107.6089 108.1815 108.0821 108.2150 108.1800
116.9900 118.1376 115.1631 109.1507 111.1643 108.2269 109.3020 110.1217 109.0017 108.3001 109.5904 111.5083 111.1488 108.6699 113.5748 113.1867 110.2645 108.1965 106.9097 106.5381 107.5127 107.8586 106.4173 107.0187 106.4484 108.8876 106.8468 105.9328 106.6040 106.9646 107.0174 106.8506 108.0744 109.0360 111.2405 107.4192 108.5376 108.3218 108.6367 107.9200
116.2000 111.5702 114.4077 111.2509 109.4698 107.7801 109.6568 109.3117 109.6096 108.7752 112.4684 114.8345 113.7670 113.3756 111.5984 110.5854 108.9849 107.2793 107.0892 106.5197 107.2382 107.0909 106.9826 108.7288 107.5284 108.6290 109.6514 106.7083 106.1775 107.1431 107.9686 107.2978 107.8656 108.2191 107.2098 105.6143 108.2052 108.8509 108.6482 107.9200
115.4100 113.8527 110.3630 111.5214 113.4327 109.1769 109.8257 108.8090 110.0026 109.7238 114.8300 114.7585 113.9115 109.9952 109.2969 110.4091 109.2432 109.4869 108.9364 108.6790 110.2712 107.8888 108.2516 109.2220 106.9594 107.5865 112.0636 108.4992 112.1534 106.9569 108.5755 108.2275 108.2677 109.1660 112.8135 112.3808 108.3767 109.5871 109.2423 110.8300
115.4100 110.5300 110.7100 115.8200 114.7200 111.3900 109.9500 108.9400 109.9800 115.7700 115.9200 113.0100 116.6500 112.5400 112.5400 112.1200 112.1400 112.1400 110.2700 110.2300 113.7900 108.1700 108.1000 112.7500 106.9900 106.8800 111.7700 109.5100 112.8900 110.7500 108.4800 108.5800 108.7700 108.4700 114.0400 114.4800 114.4800 110.4300 109.1000 112.7300
