114.0700 111.5600 114.8500 117.9200 113.9400 121.6000 119.6400 116.2300 119.4400 114.5900 120.0200 116.4900 114.4800 114.2300 112.2200 110.4700 108.7500 103.9400 104.4000 103.2200 102.4900 103.3100 104.2500 105.7500 108.0500 114.6700 113.9600 113.8400 113.8400 107.1300 108.5200 108.5200 108.5600 108.0100 107.2200 113.8500 113.7400 112.1400 111.6100 114.8800
112.2800 111.4030 114.7742 108.9364 119.4268 114.5912 119.0731 118.9867 120.0126 119.5503 116.8076 115.4735 111.0163 110.7565 111.3750 108.7117 106.9469 103.3568 102.8803 102.7201 103.4128 104.8391 106.9975 110.4879 115.0186 112.2347 111.2629 107.6554 103.7481 102.1153 101.3054 101.1324 101.2017 101.7553 103.0933 105.8285 105.8048 109.1104 115.0665 114.4700
110.5400 107.5343 114.2279 116.2005 111.3741 111.1133 115.4759 112.6967 120.7859 120.2618 118.0224 113.4001 111.6634 109.2460 109.5016 107.8304 105.8567 103.5083 102.3665 103.2984 104.7429 106.7447 111.6059 114.0846 113.9306 107.4800 103.5028 99.8313 99.8029 100.3893 100.1364 99.9701 100.0555 100.3135 100.0177 99.4463 102.4214 101.3405 110.5216 113.8200
107.8900 110.5699 115.5123 115.7596 111.3616 109.7295 114.3745 111.4924 111.8514 111.7734 114.7171 110.3082 111.4347 107.3678 109.9481 105.9772 109.1921 107.0615 102.7194 104.2831 106.5538 110.8092 115.1754 111.8622 106.0232 101.3202 100.1300 100.1141 100.9968 100.4299 100.2387 100.2272 100.2195 100.2866 101.0103 100.5426 99.2313 100.7763 103.5184 111.4900
108.6900 110.1036 109.5195 107.4431 107.6815 114.2126 108.5581 113.5085 110.9200 109.7103 111.0932 109.4816 111.7744 110.1168 110.3619 111.3926 111.7873 106.5504 103.6905 103.0512 109.7557 114.0380 113.2231 105.6281 100.7034 100.6041 100.7945 100.3735 99.6031 99.2270 98.9249 98.7724 98.8469 99.1233 99.3881 100.1057 100.5537 100.4700 99.4710 103.1000
112.5500 109.7918 110.4191 109.6877 107.2207 112.8647 108.7615 105.0645 108.8913 111.8104 110.4309 109.9774 109.6814 108.3290 106.5744 109.1851 104.8293 108.2043 103.1957 107.1566 113.0903 112.3902 107.4981 100.8593 99.7349 100.8293 99.7960 99.1824 98.4905 97.8543 97.4116 97.2194 97.3113 97.6731 98.2640 98.8974 99.6556 100.5450 100.1616 99.7900
110.6900 110.8071 110.8489 109.5658 110.3063 108.9925 111.9028 106.4600 102.4699 109.6938 107.2309 107.9695 108.0242 110.2411 104.8419 106.0623 103.1029 107.9731 102.7739 107.4120 108.8584 103.5315 103.4367 100.7780 100.5756 99.8866 98.9796 97.9946 97.0049 96.0917 95.3999 95.0807 95.2354 95.8217 96.6614 97.6495 98.6331 99.5200 100.5627 99.7900
114.5000 109.8789 109.4827 114.8352 116.8494 110.6942 113.8265 112.6831 110.7760 108.9347 107.9235 106.9636 107.7691 107.8618 107.3099 106.3313 104.7675 102.9766 104.2880 108.6007 106.1600 104.8937 102.9829 101.1906 100.1402 99.0784 97.9454 96.6411 95.2239 93.8043 92.6696 92.1118 92.3654 93.3518 94.7158 96.1545 97.4935 98.7089 99.8050 100.2700
119.1600 117.1558 116.9826 119.5359 112.9048 112.2818 114.3602 110.8982 108.5070 110.3977 107.4529 108.3373 108.1459 108.0832 107.7024 106.2184 104.4593 105.3390 104.6410 106.3932 107.6306 103.8834 101.6036 100.6522 99.5170 98.3163 96.8655 95.1102 93.0350 90.8210 88.8614 87.9286 88.4006 90.0855 92.2954 94.4210 96.2874 97.8481 99.1286 100.0900
109.7300 111.6732 110.3388 113.1326 109.8683 115.4234 113.1666 116.2781 114.4575 111.7423 107.0594 107.4437 109.6754 110.2162 111.4005 104.7409 105.2004 106.4066 111.6594 108.9130 106.5443 101.9162 101.2411 100.2163 99.0217 97.7516 95.7695 93.5409 90.6710 87.2902 84.3830 82.4838 83.4018 86.1073 89.4818 92.5785 95.0872 97.0227 98.5545 99.1000
108.9900 108.1725 108.0155 112.9078 116.5245 114.9366 110.3927 113.7980 103.4133 109.7674 110.3910 111.6638 112.3053 106.3485 105.7183 105.4711 105.2943 106.1102 106.4099 103.5664 103.0409 103.2427 100.9480 100.0464 98.6001 97.2006 95.4533 91.9577 88.2202 83.7109 78.0745 74.0787 76.0375 82.0705 86.7234 90.8575 94.0251 96.3552 98.1120 98.9700
108.2200 111.4815 111.6963 110.4260 111.8885 109.2719 113.6796 114.1716 107.0603 109.0736 108.2730 109.1398 107.8716 107.6385 106.4262 106.2011 106.2863 105.0192 105.6170 105.0807 104.6750 103.9205 100.8994 99.7237 98.3821 96.9296 95.1519 92.3935 89.8908 84.4348 71.9152 66.4613 69.0487 78.0703 84.8230 89.7048 93.3486 95.9451 97.8432 98.8800
108.1900 112.1427 111.5494 110.6608 112.3528 109.7768 109.3719 109.6228 103.1071 109.3882 108.6196 107.9109 107.5846 106.7244 107.0891 105.8377 106.3330 101.2065 103.7403 105.3147 104.1230 103.8003 100.8276 99.9592 98.4312 96.8625 95.1241 92.3519 89.1099 83.5071 70.1252 64.1686 67.0893 77.1052 84.3841 89.4569 93.2014 95.8378 97.7823 98.8500
111.6300 114.9193 114.1231 110.0790 108.9091 110.8310 112.0069 106.2798 108.8065 109.6535 108.6104 107.4081 107.7137 106.9672 106.0244 105.9427 106.8034 105.5959 103.8192 104.6474 102.9242 103.6896 101.0556 100.1503 98.6579 97.1878 95.6600 93.1575 88.0753 83.4505 75.1369 70.4348 72.6167 80.2455 85.9932 90.5593 93.8033 96.3733 98.0687 99.0600
110.3100 112.4934 114.2873 110.7180 110.9645 109.8712 108.9267 102.5926 106.5027 108.6631 109.3956 107.8000 107.8730 107.6578 108.4888 105.3413 105.1352 105.6239 99.4354 104.0599 103.6697 102.8030 101.3519 100.6675 99.2933 98.1921 95.8176 92.9149 90.5634 86.1555 81.9515 79.1100 80.6624 84.4194 88.1996 92.2247 94.6352 97.0344 98.7369 99.1400
114.3000 114.8944 113.0447 111.4831 108.7585 109.8100 109.1025 104.1831 103.2838 105.8119 109.1335 107.8417 107.9084 108.1028 109.6077 103.5964 103.0208 104.0814 104.7568 105.7706 103.7944 103.3040 101.5097 100.8397 99.9490 98.6553 96.7755 94.6015 93.6601 90.9000 87.0250 86.2009 86.4462 88.4506 91.0765 93.7110 95.8729 97.5946 99.0305 100.2200
115.6300 116.3604 107.5663 109.8843 106.8776 106.3521 108.4743 108.0653 105.1006 103.3727 108.4477 107.6166 108.2623 110.7917 109.6981 104.8796 103.2040 102.4735 104.8458 104.2784 104.0919 104.2153 102.5941 101.1407 100.4170 99.4745 98.2629 96.5410 96.1809 95.2681 92.3378 90.5266 90.8484 92.0496 93.9403 96.1233 97.3282 98.4776 99.4616 100.4100
111.5600 113.8222 113.4677 105.9586 107.2925 109.2034 107.9526 107.7611 107.6573 110.8897 110.7289 107.3841 113.2819 113.7373 107.3101 106.6624 104.5833 102.1363 104.2736 103.9577 104.4248 105.6025 98.5419 102.1894 100.7660 100.0128 99.1466 98.0682 96.9359 96.2482 95.2114 94.2220 94.1858 94.8521 96.2055 97.9942 98.9183 99.6849 100.3127 101.3200
113.3800 116.3616 115.9365 111.8414 108.5285 109.7732 108.6345 107.8294 105.0768 104.6084 109.5706 112.1963 112.9932 113.5839 112.4119 108.5656 106.8514 105.0923 105.1439 104.8443 105.5496 102.8509 100.2170 102.0761 101.6369 101.2525 99.9592 100.4508 98.7106 98.0342 97.6587 96.9270 96.5709 97.4341 98.4076 98.7670 99.8250 100.5786 101.1526 101.5800
113.4400 117.0835 115.4484 112.2110 110.0031 107.5257 108.4857 106.0292 108.7874 109.3513 113.5707 112.4053 110.7043 111.4979 108.4624 107.0570 106.9264 106.8715 105.1475 104.5248 104.3246 105.2637 104.6130 103.5978 102.2891 95.9281 93.7720 99.4490 99.8228 99.3624 99.0396 98.5615 98.5585 97.3975 96.1985 101.4704 101.1286 101.0080 101.7461 102.3600
113.6100 113.5232 113.4728 108.5672 108.9434 107.8448 107.5894 108.9588 107.9392 105.0998 112.8383 112.9767 108.3696 110.1874 106.2914 107.9161 107.0877 104.7421 106.7212 104.9451 104.2007 107.5828 105.8419 108.9875 102.3061 101.5367 96.2984 99.2645 100.6565 100.4581 100.1189 99.7844 100.1756 96.0735 93.5832 94.4136 97.9766 99.1749 103.0960 103.1000
111.2200 110.2167 109.9280 109.7514 108.6204 108.1835 112.2189 108.2831 105.6834 113.4160 111.4427 107.9516 107.7746 113.5426 107.3898 107.7849 105.7151 104.6083 107.5550 105.0447 104.0595 102.0114 101.1854 99.6344 105.8490 103.8107 102.0236 102.6311 101.5719 101.1786 100.9262 101.0774 99.4392 93.1652 101.1607 95.2884 95.2874 98.9842 103.8659 104.6900
110.5300 111.3708 111.2752 115.1915 115.2621 113.9697 110.0809 110.1264 111.5372 110.4045 113.6344 111.7419 111.7147 113.0290 111.3032 106.9596 109.8930 107.5735 111.3076 104.7320 105.8444 103.8957 103.6412 100.4979 99.2386 101.8799 104.6240 104.8116 101.4378 103.2258 100.0019 102.5499 96.4821 97.2326 102.6734 97.1582 98.6351 104.7307 103.9379 104.9300
114.9500 114.2033 115.6048 107.2680 113.3099 111.6285 110.7958 110.3521 112.2928 112.4095 111.3483 108.3678 110.3231 111.0434 105.9473 108.1490 105.7772 106.4266 107.7211 106.8378 104.0364 106.1693 106.4741 106.9803 102.3958 100.9106 105.4091 102.8103 98.0836 100.6221 96.6297 104.6489 99.6561 98.9478 98.6306 99.0496 100.1986 100.1912 105.2986 104.4800
111.6800 116.3594 110.9982 107.6786 107.7001 108.6746 110.2686 110.6334 109.7370 109.4973 111.2974 109.1392 112.5936 111.8162 111.9171 114.1052 108.6371 106.8963 104.6733 110.1210 103.2965 107.2402 105.0662 106.0742 104.3589 104.5510 103.8316 99.6438 104.3099 98.8194 98.4920 101.9892 101.0567 100.7137 101.3015 98.7443 102.7123 102.1907 106.0480 104.6700
118.4700 108.7905 113.1428 110.3234 109.0628 109.7852 107.0053 107.4586 106.7272 110.5832 108.3043 108.1346 113.1544 114.1988 110.9116 114.6509 110.6256 106.6317 106.9636 108.8073 112.5993 107.4078 104.5777 104.3451 106.0383 105.3354 103.0892 101.7513 110.4696 105.2555 101.6615 104.1490 100.9494 101.4898 105.1478 104.6004 105.4736 101.2148 105.8052 103.2600
111.9300 109.5837 108.1689 109.6707 109.7929 109.2148 107.9432 106.3517 108.8901 111.1516 112.2818 109.4819 112.9546 111.7381 116.9997 114.6710 105.1148 106.3940 109.7221 108.2117 107.6761 106.7069 106.6023 103.2417 103.8447 106.5464 105.4266 102.8663 101.9031 103.6999 102.6229 106.7122 102.7686 102.4310 105.1618 106.2638 104.2950 106.0768 105.1658 103.2600
110.6300 111.9206 110.9639 113.8152 110.7121 108.8875 108.1642 108.1402 109.2587 110.7432 115.5667 111.3362 108.5952 109.6889 107.8258 112.6435 108.3749 109.8235 109.4230 110.1615 105.6760 106.2993 105.7511 106.1868 104.5869 104.8297 107.7577 108.0262 102.9125 104.7147 105.3296 106.8092 105.9725 102.4445 103.7539 107.0109 106.1654 104.9552 105.2698 106.2300
112.7700 115.1412 110.7025 109.2743 110.9128 108.4822 109.2890 111.1516 107.5522 112.1424 112.0680 110.7633 108.8368 105.3631 103.2553 104.9571 109.2163 110.5503 106.5274 108.1915 112.3339 109.2199 105.4916 111.4069 111.2896 105.3525 106.3548 108.3376 105.1067 105.2053 105.9972 104.5810 103.9577 103.8375 105.9592 106.7825 105.9042 105.7707 106.1206 106.3000
116.3300 118.5477 109.8186 110.3761 111.0172 110.3676 109.4157 108.6289 108.7148 112.2262 114.7423 112.4713 110.9632 104.2035 106.8204 106.2193 108.9128 112.9560 112.1538 110.7634 108.9684 109.4606 111.8336 112.6020 111.6585 105.7375 107.4838 106.7419 105.1660 106.2323 105.1221 105.5917 106.3208 106.1510 106.0685 107.4436 106.3115 105.9929 106.3098 106.6900
116.2000 116.0793 111.6474 114.0184 112.0586 109.6227 109.7235 112.2885 112.3630 115.0236 113.5853 111.8774 111.8759 106.9928 109.0328 103.1506 103.5152 107.8992 109.0229 110.2025 110.3416 108.9676 112.4792 112.2138 110.5668 107.3919 108.2481 112.3063 105.7861 106.8720 106.7768 107.9191 106.4187 107.2039 107.0993 107.2496 107.3003 106.5305 107.0823 106.7000
115.3100 114.8938 114.0870 115.0971 113.7592 109.7049 110.8011 107.6683 116.1874 107.6796 111.0969 110.6158 112.8444 109.5084 110.7157 110.7044 108.1829 107.9879 107.3675 107.5753 112.1861 111.0040 114.3080 113.4155 108.5487 107.4325 107.1136 110.4993 106.0888 106.7645 106.8845 107.9777 106.9865 108.0612 107.9006 107.2737 106.6351 107.0702 107.6929 107.1600
112.6800 112.4491 111.4659 110.4283 110.3668 109.9653 109.8144 115.1274 112.2732 107.1750 108.8353 107.7103 107.4584 113.5551 112.1191 109.5516 109.9646 108.3867 110.3655 105.5269 107.7488 107.4011 114.6446 113.2952 108.5374 107.8682 107.5552 108.3674 107.9588 108.1851 107.8725 107.4860 108.3751 108.4344 107.1798 107.1496 107.5078 106.8678 108.3811 107.7800
113.4100 112.6123 112.8386 112.3189 112.6472 110.4184 112.7866 113.4654 112.9906 111.6640 108.3872 109.5762 108.0916 107.9538 109.2302 107.9472 105.6788 104.6364 110.3053 109.2384 110.0913 110.3185 108.1441 107.6295 107.9727 108.6874 109.0573 108.5826 111.1483 106.9465 108.3541 107.9635 107.2875 108.0192 108.6441 108.4457 108.3742 107.3368 108.1424 107.4400
114.8300 113.7060 112.9605 112.1900 111.7138 110.7723 110.1033 112.5414 110.0862 110.6302 110.1815 109.8458 110.0527 109.8935 114.6738 109.9564 107.9656 110.6218 112.9163 109.4395 108.4493 110.6486 107.2242 106.1399 104.2025 104.2852 104.1379 105.8997 114.4460 108.4984 108.2394 110.0643 110.2371 107.0834 107.9463 107.8594 109.0642 108.2298 107.9471 107.8300
114.8300 114.6656 112.7200 113.2840 112.0307 111.5789 111.6694 113.2233 113.1206 113.5316 110.0476 108.4060 109.7520 108.6183 113.8005 109.4174 111.2903 107.6912 111.0170 109.2079 109.7103 108.7083 107.4891 107.0666 108.3456 107.2428 102.8801 105.1156 102.9266 103.8872 102.4024 112.4156 103.5320 108.2616 107.8315 109.0676 109.1899 108.8388 108.5719 108.3900
115.8600 115.0672 113.2195 113.4443 112.6256 112.0692 111.5751 110.4346 109.5757 112.2252 109.7113 108.9368 110.3231 113.6173 113.6574 106.8166 107.4832 105.3116 111.3395 111.3937 112.0737 109.1754 112.9044 106.9450 108.5146 103.3129 103.7732 104.2613 105.0032 104.1178 107.5176 109.5701 107.9595 109.4826 104.3292 106.5479 108.0684 108.6500 109.3403 108.3800
115.3400 113.7858 115.3160 113.8368 113.4033 112.4648 112.3421 111.8557 110.4260 111.6673 110.0319 108.6137 109.1076 117.4780 108.8695 106.8521 106.7555 107.7182 115.2909 111.1004 110.4755 111.6779 106.6987 106.3091 107.9075 104.8697 104.6357 105.1783 105.5587 105.2018 104.6276 110.6738 110.0212 104.2864 104.4789 105.8902 105.1089 108.6018 107.9800 109.0800
116.7800 115.5421 116.0547 115.2183 113.6377 113.9255 112.8507 113.3332 111.8560 111.4562 110.1894 109.7195 109.0005 111.1965 107.9275 107.5614 109.6312 109.0161 109.3980 112.7019 112.6040 114.8117 106.9533 106.8545 108.6239 105.5492 105.2880 107.0154 105.4344 107.3168 105.3098 112.4363 106.7929 105.8846 105.8741 105.8874 106.3074 109.8789 108.9441 108.6200
116.7800 115.3300 116.4800 116.4800 113.7000 113.3600 113.3600 112.0900 112.0900 111.3800 111.3800 110.3200 110.3200 110.6000 110.6000 108.4500 109.3700 110.0500 109.4700 110.4700 111.4400 111.4400 109.4400 109.9000 107.3900 105.9700 106.5300 106.0400 106.8400 111.9000 106.3900 112.4400 106.8000 106.7800 108.6300 105.7600 109.6600 109.6500 109.9500 108.6900
