113.4100 109.7500 109.0500 110.7300 110.9300 114.4300 122.3800 113.1300 122.2200 120.2500 117.5700 121.0900 121.1700 120.7100 120.4700 119.9700 116.1800 113.7900 113.4300 111.2900 107.9300 106.4200 104.0400 102.7900 103.2600 115.4500 115.0200 113.4200 111.7300 104.9800 100.8500 99.3300 100.2000 99.4900 98.5500 98.7000 97.8900 96.3500 96.4400 96.4400
108.4500 111.5896 108.3065 112.6342 112.2112 116.6622 117.2615 121.3035 115.8041 117.7438 118.4977 121.3572 121.0121 120.6684 120.3345 119.9258 118.4134 111.4820 113.1691 109.8913 107.5899 105.5108 103.6254 102.6192 105.6756 111.2257 110.6521 114.7498 109.0471 101.4731 100.1073 100.6046 99.8097 98.9340 97.9843 97.0538 96.4648 95.5985 95.3820 94.2800
113.5500 109.6315 111.3674 111.8967 110.5769 118.5053 122.8202 117.4318 114.0499 114.2168 114.9472 121.7544 120.8633 120.5991 119.7523 119.9175 119.5793 111.9228 109.9188 109.3605 106.9453 104.9029 103.0720 102.8747 104.4706 107.5824 113.2107 113.4310 104.7507 98.9766 101.1824 99.9494 99.0064 97.8639 96.5848 95.2239 94.2065 92.9539 92.5758 91.3400
112.3900 112.2817 122.9168 117.9001 110.2480 113.6069 115.6650 118.4471 123.1317 122.3608 119.7462 121.6955 120.8932 120.4269 113.3284 118.0132 118.6288 114.8055 111.5470 108.7278 106.4264 104.4145 102.7502 103.2744 105.2723 109.6202 114.2092 111.1059 101.8577 99.2921 100.7372 99.3850 98.1733 96.7163 94.9801 92.9911 90.8993 89.1757 88.5666 87.3800
111.8200 118.2155 116.9453 114.1653 114.0838 115.5330 115.1164 121.1089 122.1657 121.8373 121.4921 120.6394 120.7723 120.0637 121.2709 118.4596 116.6460 114.0086 110.8854 108.2675 106.0550 104.0968 102.6496 103.6516 105.8333 111.4081 114.1062 107.7984 100.3700 100.1167 100.0680 98.8562 97.3950 95.5754 93.2618 90.3666 87.1683 84.4683 83.3852 82.3300
124.1200 116.6161 116.4671 119.1749 108.1754 114.4185 122.5563 113.4694 119.1621 120.5890 122.2322 117.8438 119.1993 119.7432 117.0019 114.2954 118.2531 113.8068 110.6318 108.0172 105.8639 103.4401 102.5036 103.8948 106.4162 112.9813 113.3822 105.4685 99.8921 100.5224 99.6725 98.4068 96.7479 94.5725 91.6303 87.7717 83.4172 77.9480 75.0945 73.5500
111.9400 108.4283 115.2432 119.3090 114.2227 116.9792 119.2747 115.2741 115.2595 117.8244 119.1806 113.2906 117.2527 116.4385 111.8115 111.4179 113.5089 113.6861 110.7363 108.2315 104.9828 103.3814 103.8344 104.0718 106.7256 113.7598 112.7640 104.3802 99.7600 100.5734 99.4923 98.1218 96.3230 93.8829 90.4743 85.8542 79.9126 70.7784 68.8731 73.5500
111.5300 110.8407 113.4611 117.1057 116.9545 119.5452 118.9783 119.4995 119.0639 116.1711 117.3382 111.4038 115.1684 110.4070 110.1045 114.9582 115.9553 113.6922 110.9532 107.0052 104.0985 105.2801 105.2475 104.1900 106.8294 113.9835 112.5522 104.0826 99.7472 100.5896 99.4460 98.0434 96.2081 93.6886 90.1426 85.2745 78.7971 69.0997 67.0483 73.6100
114.3100 109.7659 116.3655 117.6913 118.2653 115.8243 120.2493 120.1430 119.4333 116.9198 116.6218 119.5907 119.1067 109.9638 107.5256 112.2743 116.5447 113.7473 110.9578 104.9060 104.6569 104.7631 107.6515 103.7976 106.5996 113.6898 112.9199 104.6101 99.6736 100.5890 99.5394 98.1909 96.4235 94.0361 90.7429 86.3227 80.2220 72.6325 70.6286 73.6100
115.6600 112.7131 116.4610 119.0496 117.7026 116.0770 118.8898 119.1436 118.4507 118.7886 117.2334 116.9468 117.8511 113.5978 116.6346 108.8885 120.3212 111.4008 111.9474 104.9542 105.7659 103.6026 104.3559 106.2982 106.0400 112.4446 113.4608 106.0541 99.9345 100.4778 99.7465 98.5233 96.9194 94.8398 92.0802 88.5416 84.4497 80.1471 77.8719 74.5600
116.6000 118.5573 116.2177 118.3949 119.4096 117.9509 117.2245 121.3437 116.5736 120.9831 112.4898 121.7821 117.8930 112.6728 120.2902 120.3038 115.6575 111.3737 108.9137 106.4513 106.1671 103.2649 104.7842 104.7420 105.7866 112.7995 114.0038 108.6094 100.6612 99.9853 100.2509 99.0088 97.6173 95.9112 93.7731 91.1287 88.2956 85.9809 85.0709 87.3700
110.2400 112.2654 121.2621 118.8439 118.0333 114.9912 116.5157 118.5773 115.3981 114.9984 107.0555 120.3077 114.5599 110.6470 113.9567 113.4997 111.1455 108.5728 110.3839 106.5766 104.7620 104.1320 107.9314 104.9682 105.5933 110.6710 114.1755 111.6540 102.7368 99.3402 100.6939 99.5796 98.4167 97.0601 95.4761 93.6953 91.8996 90.4251 89.8727 91.3400
110.2300 112.8193 121.1378 121.6030 117.5595 115.0442 117.5545 117.9565 116.9165 109.3571 114.9541 120.2274 109.4845 120.9902 114.4311 107.6648 116.0047 107.6032 107.9645 109.6988 106.5713 109.1146 106.0730 104.0944 104.3760 112.9329 109.4733 101.0787 104.8512 106.4230 100.8704 100.3057 99.2193 98.1954 97.0258 95.8230 94.6603 93.8290 93.5098 94.2800
111.3700 112.6995 115.0371 119.8269 117.9206 113.6666 118.5171 113.7999 121.0106 119.4221 115.2135 115.2354 115.5193 110.3176 114.5716 112.4899 109.9677 115.5685 108.2198 109.8156 104.9251 111.2000 108.6018 108.2730 106.3775 108.7423 107.7171 106.2490 104.9363 100.2135 99.6733 100.4632 100.0940 99.1950 98.3713 97.4675 96.8192 96.2602 96.3543 96.7300
112.1600 116.5403 119.2527 117.1126 122.5560 118.6436 117.7900 119.2554 116.2530 115.0960 111.2696 108.2719 114.5637 107.4849 114.9386 106.4085 105.8661 111.0140 110.1788 110.3874 106.7556 113.3527 109.4513 108.8948 107.1938 108.5184 111.1614 112.5452 104.3810 102.0314 102.0548 98.9407 101.0253 100.0957 99.5585 98.9710 98.8747 98.4891 98.1536 98.2800
121.2600 119.1908 114.2993 114.9008 119.2666 112.0276 116.6732 113.6011 114.1550 114.8586 114.2625 115.2479 117.2905 114.6988 111.0832 101.6722 103.0884 108.3041 111.2912 111.8524 108.3234 111.5167 103.9402 106.4091 108.2177 113.6031 105.8022 109.5166 107.4245 103.4574 102.7893 100.7165 99.8669 99.7458 100.8016 99.9488 99.6686 99.4545 99.6999 99.6600
113.1600 116.9562 112.3479 113.3969 113.9393 110.3505 115.6723 111.7948 114.5845 109.3013 112.2342 112.7587 110.7531 115.9430 116.1232 106.8831 105.7923 107.2912 116.3603 109.3357 111.4754 107.9009 105.6880 105.4221 113.2060 112.0668 114.0490 112.3765 102.0388 101.2974 103.7300 105.7317 102.9003 99.1809 101.3509 102.1230 102.4409 102.0965 99.8696 100.5300
114.3700 114.0725 115.0731 110.5043 112.6680 110.7722 110.9548 112.8900 112.1498 115.2660 112.4015 109.4830 114.0703 111.4371 116.2359 111.6055 107.9109 107.4435 108.3688 111.0726 115.6046 108.4145 107.8245 109.2651 110.2619 111.4326 109.3458 107.9709 106.3766 107.9535 107.0411 108.5551 111.5468 106.1931 102.8619 109.9302 103.0629 107.0040 101.8743 103.4300
114.3700 114.2341 114.5290 114.3443 110.0060 109.6616 108.9703 111.6595 115.6273 111.8843 116.9088 111.0253 108.3824 107.3627 109.8216 109.6458 113.8352 111.0823 108.2523 111.0273 107.5055 106.4948 107.2204 111.3085 105.4252 111.9495 105.5666 108.5731 108.6948 113.9754 106.2516 112.4191 113.2865 107.2691 105.8380 102.7620 102.3429 103.3188 110.8639 103.4300
116.3500 115.3898 113.6807 113.2259 115.3917 111.3338 115.8537 114.9601 113.6961 111.6044 112.6852 110.6520 109.6089 108.5733 113.4054 113.6619 115.4988 109.4606 110.0658 107.5522 107.8503 106.3541 105.3452 106.5646 109.8475 109.1964 105.0807 106.4025 112.2098 107.2279 107.1426 114.8025 104.2017 101.4922 104.3425 103.8107 105.5770 103.5148 109.9671 105.7500
116.9600 116.1873 113.6990 113.4784 115.5638 110.4486 112.6729 113.4192 111.8285 114.4256 113.0461 111.0368 112.5497 109.8890 115.1293 115.6473 119.0152 103.3802 111.6341 109.1062 106.6760 107.7316 107.0636 107.3704 109.7769 109.6581 110.0486 110.5649 105.7200 111.3696 109.7319 116.4560 111.2124 103.3062 101.5059 103.9057 104.5577 104.2381 108.1126 105.7800
117.3900 117.7830 112.1454 110.5857 110.1901 117.8384 113.9406 112.1413 111.6442 112.8875 113.9119 114.5586 109.6199 108.7859 113.0748 112.9875 109.5278 109.5527 111.8735 114.3743 110.7093 111.3402 107.2981 109.6773 112.8354 105.0385 106.6255 107.9805 108.1890 109.9844 109.9159 113.6764 104.1502 102.8500 102.6902 101.1732 103.9686 104.3091 105.0210 105.6200
118.0100 117.6792 115.4617 114.0928 109.6375 114.6045 110.9493 111.5060 111.7660 108.8277 112.1503 113.0129 108.4615 112.9441 111.7229 113.2452 111.8176 115.2279 111.6287 119.4500 114.5397 108.4672 108.3588 109.8120 107.5965 110.9990 107.7067 109.7784 112.4707 114.7668 105.0133 106.9639 103.5959 104.3168 104.4421 102.8934 104.9117 106.3852 111.8870 106.3700
115.9700 117.6227 118.0784 112.2817 110.6011 114.0046 109.3030 114.9024 112.6318 109.2367 110.2780 111.8472 111.5888 110.0141 110.2381 113.9324 110.9060 112.6154 115.4968 114.4632 116.4128 113.5932 113.9425 115.3867 108.1536 114.7668 107.7071 113.6749 114.2015 113.6847 105.7809 106.1649 104.0141 104.4896 104.4874 104.0611 102.4919 110.8933 109.6012 105.2300
117.5800 119.0843 112.8098 113.5836 109.5315 111.4458 109.1330 118.7219 111.5603 108.3300 111.4498 111.0518 111.1874 109.4115 110.1165 115.5270 110.2177 112.0476 108.5991 111.4598 109.9436 115.3468 108.7731 110.8299 112.2008 107.0903 109.1757 114.6494 110.8937 108.2415 106.5722 105.1732 105.4203 107.2326 104.6470 105.3605 104.8722 107.6496 114.0394 105.8200
117.2400 112.1802 112.7018 113.6221 112.4802 109.4448 109.5265 115.2002 110.6583 109.7067 111.0730 112.4154 110.9457 111.6420 112.1809 115.9121 110.6248 111.2136 108.2022 115.7006 116.5907 113.9464 102.8063 101.9799 105.2665 109.7516 110.0414 113.3063 112.6725 107.9474 107.5100 107.2779 106.4297 108.3401 107.0885 106.8884 105.7569 106.2871 110.9396 106.4500
117.2400 113.3936 109.8972 113.4208 116.4426 110.1218 114.2517 113.8552 108.7641 109.9900 109.7885 112.1380 110.8234 111.7051 115.4338 112.7799 113.1805 111.8563 113.3117 115.1147 115.3718 107.7782 111.2312 106.1143 111.4724 113.2806 109.8265 108.4851 110.2869 108.2835 107.4901 106.6408 106.7860 107.8394 111.5118 107.3283 106.4358 106.5893 106.1111 106.7200
111.1900 117.3537 114.0204 117.3663 120.3018 108.9447 111.9027 110.5112 110.6252 111.3535 110.3697 111.4494 111.4735 111.9721 110.8058 112.3468 116.6042 107.3730 114.8687 112.9571 113.1405 106.6720 114.4889 111.4371 114.4773 105.0421 107.2936 108.5006 109.4248 108.3921 108.7814 107.7361 107.0859 106.9075 107.6893 108.0005 106.9359 107.2034 105.9292 107.5300
119.7600 117.3610 116.2655 110.7651 118.7456 112.3423 109.6455 109.9235 112.8077 109.7468 111.7995 114.2142 110.6761 110.7013 109.4832 110.1594 111.6678 109.8319 116.8941 114.5560 115.1874 115.2024 111.5450 113.7944 114.2040 105.4656 108.5040 105.7567 103.8932 105.6047 108.0914 108.6122 109.0351 108.9598 109.1771 107.8284 109.0845 107.5043 105.9159 107.7600
120.0200 123.0295 118.1210 116.1305 118.0603 110.2552 113.5018 111.5561 113.5974 112.6741 112.5357 113.7371 111.9865 111.7518 111.5206 110.4792 108.8740 109.3143 108.5374 115.6520 115.9433 111.5930 112.7728 111.7651 114.2671 105.5353 112.2307 110.6892 104.0519 104.1271 103.0146 112.2313 107.9400 109.8460 108.3692 107.6757 108.6363 110.1911 107.1064 107.4500
125.5700 119.9558 118.3506 117.2376 116.1165 115.9304 111.3455 108.8730 110.0466 114.4898 113.9272 113.3907 111.7043 113.6053 113.1429 110.3365 109.7062 110.1275 115.5396 109.9057 112.9304 112.9996 113.5723 112.0434 114.7088 104.1542 113.4120 105.5242 104.0872 103.7323 107.8120 104.4488 106.7824 108.4359 107.8588 107.8852 108.7838 109.5744 110.7013 108.2900
120.5500 120.3497 119.3918 118.2613 118.3871 112.0046 109.1116 110.6229 115.6523 109.5982 114.9571 112.1484 110.7815 115.9687 113.7389 112.2019 110.5176 112.7668 114.0225 115.3149 112.5468 114.0995 112.0765 106.9513 112.8853 108.8947 113.7295 106.7216 104.9854 105.4394 110.2918 102.2860 103.1511 109.0924 108.2165 108.3220 108.8544 108.6406 110.4403 108.4200
120.5000 120.6600 120.4678 119.9744 118.3855 117.3852 118.3384 118.3010 121.6327 115.1592 115.1203 112.9475 111.7973 117.3253 112.8140 112.2358 114.3189 116.9020 117.2756 118.4634 113.5739 115.9278 115.8655 113.2537 113.1226 107.9645 110.0480 107.0711 107.0862 105.2442 106.0783 108.9179 105.3619 105.4718 108.5129 108.8035 108.5276 109.6197 112.5882 112.8800
119.7900 122.2893 121.3510 119.0760 119.3048 117.6454 115.7758 116.0438 115.6654 116.2754 115.8871 113.3742 111.8322 113.8892 112.1100 111.7289 110.2727 118.3257 119.5909 120.2646 118.4103 116.8300 114.6768 110.3116 109.6795 107.7687 107.8229 108.5916 108.0556 106.2595 109.4483 109.3581 108.5338 105.6881 108.9008 108.8636 108.8943 107.7901 112.1538 112.6900
120.1900 123.2028 122.7452 120.7760 120.2047 118.0697 117.3316 116.7958 117.2994 116.6307 112.4760 111.6550 113.7799 112.1152 114.7818 111.9527 112.7353 114.0879 115.4001 115.1285 114.0575 113.4653 115.2596 116.2572 108.6359 108.7926 108.1096 107.6066 107.0152 107.0102 108.6366 105.5761 108.1513 108.8185 108.9287 108.5623 109.2806 107.8649 113.1749 113.7300
123.7800 120.5257 121.8231 120.9011 120.3659 117.6732 117.7848 117.1706 116.0278 115.8049 109.9891 111.8522 113.4669 109.4999 115.6467 112.7589 115.2107 112.6389 112.6514 113.8472 110.7875 110.8442 109.7974 109.1458 109.2271 108.6390 109.0659 108.1977 108.5161 108.7843 108.8273 109.1659 107.4568 109.2501 109.5228 109.2208 108.5410 109.1590 115.2623 108.2900
123.7800 122.8395 120.7529 121.0782 120.5693 118.3171 118.4093 117.7283 116.0547 116.1208 113.4340 114.9378 115.3103 113.9272 113.9622 112.8696 113.1356 112.8990 111.3427 111.3014 112.6159 110.3439 110.0707 109.7234 110.8187 109.8962 109.2423 108.6399 109.4657 107.8944 107.5396 108.2112 108.6258 107.5593 108.0799 107.8696 107.4251 109.4700 116.1644 110.2800
125.4800 122.7122 121.7121 122.1843 121.8877 120.6002 118.7538 118.2464 117.3633 116.3906 116.0654 117.0973 117.2034 114.3635 113.3268 114.4588 116.7268 113.1276 111.7580 111.8171 112.5661 110.5719 111.0663 111.3242 110.7327 111.1790 109.8971 109.9701 109.4316 108.8428 108.1447 107.9971 108.8619 108.9199 108.1751 109.3938 108.4624 110.0894 110.8831 110.2800
125.6900 123.4383 125.8056 120.4711 120.6406 119.9870 119.2157 118.8256 117.9304 118.0949 117.8564 118.4375 117.2046 115.9773 115.9844 115.8316 117.7971 113.4854 112.2365 113.1370 113.2114 111.7146 111.3530 112.0629 111.5349 110.8455 112.6636 109.5522 109.1137 110.6095 109.8688 109.0034 109.9201 110.1303 110.2212 109.2359 110.0377 109.4624 112.0032 109.7300
125.6900 124.0100 126.2200 121.2200 120.2600 120.0800 120.2200 118.8900 117.9200 118.9400 118.9400 117.3300 116.8600 118.3600 116.7700 116.0300 114.3600 113.8500 113.2800 112.9000 113.6300 111.9500 114.2600 114.2600 112.3400 113.1300 113.1300 110.4200 109.7900 115.3200 112.7700 114.4000 110.0400 110.0300 110.0500 110.0500 110.2900 109.8000 114.2200 109.7300
