110.0100 109.3900 110.2200 109.9500 109.6000 114.2200 113.0200 115.8800 116.6500 120.3800 116.6000 114.7200 121.2800 117.8800 119.5700 120.7200 120.2700 119.8800 116.7900 119.5400 114.6900 112.6200 110.5900 109.1900 107.7200 104.5000 103.3700 103.7300 102.7400 102.7200 103.6100 104.8300 104.5200 107.1200 106.9000 106.7500 110.7700 110.8200 106.8400 107.0500
110.9200 112.1562 108.5666 109.2850 107.4723 118.0867 120.8817 116.1586 114.7024 115.7311 116.7963 118.1127 121.4856 115.8108 114.0272 119.8026 120.1299 117.4681 118.2773 116.5701 113.5858 111.1905 109.2019 107.5400 104.6369 103.1315 103.2452 102.4617 102.9992 103.7793 104.6524 105.5990 106.6519 108.6333 109.5976 110.1028 109.9853 114.2324 109.1557 111.5500
109.3300 109.9881 109.9450 110.5407 109.4453 117.3026 120.4079 116.0928 114.9148 113.5900 113.9197 114.6463 112.2394 112.4382 115.0316 120.3845 119.2583 115.9678 113.6819 114.3499 111.5392 109.4150 107.6397 105.9103 104.6266 103.1776 102.8338 103.3693 104.4677 105.7937 107.7549 110.0630 113.7658 113.7035 114.0539 114.1527 114.0216 114.2221 114.0904 114.0300
109.9500 110.4570 118.7001 111.2511 110.5356 113.2489 112.3583 116.3335 122.4503 121.6507 115.6135 114.8374 119.1564 112.8533 119.8277 119.0349 119.4739 118.8330 115.2595 112.1074 109.9015 107.9162 106.1415 104.7343 103.2798 102.9393 103.9813 105.1192 106.7258 110.2862 112.7675 114.6287 114.5770 111.7950 109.5956 108.3191 107.9617 108.2837 109.2571 107.5700
109.3000 109.8289 111.7860 111.8983 109.1239 114.8403 114.4307 118.9667 119.4181 117.4037 115.1620 117.1466 114.3050 116.6737 113.8934 118.1590 115.9150 116.0398 113.1267 110.7620 108.2927 106.5299 104.9248 103.3134 103.0175 104.0674 105.3410 107.9505 111.4194 115.2247 112.9876 110.2433 106.1590 103.0648 102.5267 102.0656 101.8943 102.0522 102.4159 101.8300
122.3600 118.2043 118.2516 117.7794 107.9215 115.5863 118.1814 112.4952 115.3500 113.5294 113.6375 117.2850 117.9783 118.7759 118.1775 114.5514 116.9247 118.2833 111.8916 109.7255 107.5653 104.9716 103.6751 102.6248 103.8037 105.6667 108.0000 112.7025 114.3142 112.6526 106.0290 102.2006 99.3163 99.9444 101.4024 101.1139 100.9127 101.0644 101.6229 101.8100
112.2200 108.3771 110.8342 118.8149 111.0094 117.7359 117.9874 117.1741 110.9157 112.5412 116.3146 116.9735 115.0815 118.4790 117.0611 115.7451 116.8079 114.4078 110.9530 109.2320 105.7850 103.6664 103.7446 103.1131 104.9012 107.3975 112.0143 114.7371 110.6713 104.7034 100.3868 99.6017 100.3587 100.9411 100.2493 99.9992 99.9750 100.0154 100.2261 100.0900
109.3700 110.6690 112.2033 114.5685 114.4634 117.1663 116.7627 114.7474 112.0326 113.3268 116.4504 113.3299 114.2209 111.1620 112.0013 115.2069 115.5624 111.3624 109.5712 108.8455 106.1272 107.9780 105.4409 104.3288 106.1675 110.7482 114.3949 111.7049 104.6755 100.3017 100.4626 100.4473 100.1370 99.4549 99.0901 98.8127 98.6900 98.7931 99.0694 98.9700
110.1100 109.1252 116.8096 113.5248 112.5005 112.6950 112.7849 117.7855 109.6018 112.9350 117.4481 116.4164 117.3916 108.2417 107.4680 111.5662 117.5694 113.6779 109.0637 106.9598 108.6551 106.9314 106.7935 108.5859 108.4180 114.2687 112.7268 104.9552 101.1434 100.3717 100.7740 99.7459 98.9816 98.2809 97.6484 97.2175 97.0551 97.2021 97.6158 97.7000
121.1900 113.1642 110.5934 117.3477 113.8105 114.3150 116.9806 119.0029 110.8777 108.8492 110.1390 108.9904 108.0866 114.0173 109.6521 115.2491 110.6512 109.7998 106.8897 108.1816 108.3704 105.7502 105.2427 107.5773 106.8126 107.3587 106.3908 107.2256 100.9587 100.5505 99.6572 98.7665 97.7503 96.7429 95.8204 95.1193 94.8570 95.0876 95.7437 95.8900
113.1900 113.7784 108.9128 115.2180 115.0636 109.7261 110.5216 109.4515 114.0713 113.0981 113.6720 115.7602 113.5628 111.9972 112.9407 115.1369 111.2512 105.9866 106.4805 105.8283 104.9556 107.7001 108.1153 106.6717 104.3695 106.9434 109.2811 104.9476 100.8382 99.9430 98.8719 97.6799 96.3246 94.8553 93.4102 92.3067 91.8337 92.2654 93.3180 93.5200
112.2000 109.3898 116.8388 109.2806 108.5427 113.8482 110.0553 109.4423 112.4052 109.1059 112.0859 108.8513 113.3304 111.7672 109.7245 109.8952 115.7283 105.4533 105.5462 106.1835 104.9428 106.8900 104.6922 106.0771 107.2334 108.8346 104.5309 101.5265 100.6683 99.6404 98.2122 96.5431 94.7140 92.5566 90.2612 88.2360 87.4678 87.9365 90.0428 90.4400
110.8400 110.2997 110.6139 110.5796 109.7038 109.4602 109.8894 107.8024 112.9468 111.6534 114.1774 108.7310 112.9791 108.7532 109.8288 108.1073 107.7859 106.0191 110.5779 108.9488 104.2281 110.6547 111.7984 107.8469 103.7049 104.2619 105.1038 101.0332 100.1778 98.8391 97.3937 95.4530 93.0239 89.9450 86.6242 83.7885 84.8848 85.6730 86.4908 89.7800
111.6300 110.5227 111.4231 109.1995 116.8683 109.3976 109.0033 115.6132 112.9142 113.0315 110.1393 111.2815 111.0382 111.6486 108.5734 109.7229 111.3522 105.8122 105.9192 107.4617 106.2650 109.5143 107.3588 107.7226 107.9400 103.8574 101.1241 101.1448 99.9870 98.8251 96.7258 94.5395 91.5229 87.5793 83.2016 76.5393 73.0626 77.7166 84.3115 86.5200
111.8500 111.2580 111.0321 109.7045 109.9752 109.1177 114.0695 113.5184 111.7740 110.4715 111.3330 112.6284 114.0806 111.3112 108.6091 112.8773 108.8942 110.2050 110.2501 109.9138 107.9581 109.1212 105.2184 105.1551 104.6946 102.6467 106.0853 100.4476 99.9516 98.7310 96.4958 94.1337 90.5328 85.8153 80.4515 70.1280 66.7629 69.7064 80.0608 86.5200
111.4200 111.3281 111.4589 109.5428 112.9097 109.4050 115.7386 113.4803 110.9472 110.2727 110.2964 109.1247 114.5966 112.6724 112.4098 111.6401 108.5783 107.5296 112.1782 105.9701 106.1694 106.3864 105.8350 104.8090 102.9565 104.6313 102.9556 100.6440 100.1549 98.9616 96.8216 93.7892 90.4156 85.4914 80.8885 69.0915 64.7590 68.3513 78.5589 84.8700
110.5600 111.8244 110.4454 109.9446 111.3489 113.1064 111.6460 111.7610 112.7961 112.6771 112.0342 109.7470 111.0358 111.6573 113.0157 113.0534 112.0233 105.6269 108.5970 108.1800 106.3694 106.5916 105.2342 104.6249 104.3392 104.4969 101.9909 100.9722 100.2644 99.1039 97.1093 94.4942 91.1501 86.8964 85.2180 76.0954 71.2252 74.0128 81.3596 85.1200
112.3700 111.9745 110.6147 110.1000 109.4662 110.3100 109.0553 110.5903 112.6402 111.6690 111.6630 111.4657 107.2690 112.1120 113.3978 113.8025 110.4031 105.7774 105.8016 108.1055 106.1239 106.6221 102.8407 105.3435 104.2115 103.9722 103.2505 101.0400 100.3528 99.3109 97.7817 95.1902 92.8588 89.8711 89.6515 86.2834 84.3611 84.2361 87.4113 92.5900
112.0900 111.7509 110.7236 109.8452 109.0287 108.5614 109.6976 110.0974 112.4200 111.7109 109.5385 110.4124 108.2110 107.9831 114.0563 111.6012 108.7688 106.8163 110.1541 106.4522 109.4474 106.1991 103.9740 105.4997 106.8733 103.8373 104.3916 101.8010 100.6623 99.6164 98.5166 96.6298 93.1283 92.3488 90.7879 90.9178 91.7050 89.4962 91.0172 92.5900
111.6000 111.2401 110.7793 109.5246 108.8144 109.2722 108.7414 114.2978 111.9643 111.5771 109.6697 109.2749 108.0352 113.3528 113.2394 112.6032 112.4560 110.2001 113.6001 104.7994 107.1360 106.5215 106.9657 107.4338 105.8746 99.4051 97.9162 101.3961 101.0627 100.2628 99.4868 97.7764 99.7029 104.9361 97.1747 93.5241 93.5994 93.8768 94.2615 95.0400
114.6600 113.2717 112.1796 110.5347 109.9701 108.3204 108.1772 109.2713 112.6506 112.8748 110.8354 109.9736 106.7857 107.2922 111.5350 114.1678 114.3530 110.2041 109.3487 106.5354 106.9947 104.7823 105.2342 104.4385 105.0963 105.5256 99.9825 102.7812 101.2502 100.6161 99.4621 99.6502 98.2613 91.4910 90.0498 96.5048 107.9881 94.8739 97.7770 97.4400
112.0600 112.6838 112.0513 108.7705 109.7209 110.7119 109.9668 112.2055 108.0487 107.1345 108.9776 111.1253 114.5957 110.5993 105.9039 110.7725 113.6626 112.0871 108.4514 107.8512 107.3247 104.8094 103.4112 101.7159 105.3820 105.3029 104.9998 103.0097 102.9197 101.4212 100.4704 93.0110 88.8579 94.5590 92.2277 88.0087 87.9507 87.4683 100.1208 89.8100
112.0000 113.9936 111.8144 108.9671 108.2377 110.5514 109.0641 108.2084 108.8769 108.8870 110.5629 112.3607 108.9448 114.1101 108.9203 112.2494 111.3277 107.7527 107.8770 107.3618 109.5081 105.3709 103.6286 103.6501 102.6610 101.4017 105.5088 104.0698 101.7705 100.9929 94.0197 101.6324 93.7465 94.0497 94.7265 91.6233 87.1468 91.3028 101.2977 99.5700
113.6400 113.0452 113.4710 109.1946 110.5330 110.7139 109.4763 110.8671 110.7065 110.9480 111.0295 110.1545 110.8617 110.7211 106.4005 109.5791 109.5205 108.4826 107.9170 107.7166 108.5565 106.3082 105.9920 106.8534 103.1509 102.9076 104.6270 99.3552 99.0501 96.0136 97.9567 100.5611 95.2042 93.3653 93.1410 93.0702 92.5553 91.8178 101.9092 100.6200
112.7500 116.4564 110.0203 109.6208 109.9942 111.0194 110.0418 111.7734 108.5291 109.0277 107.4037 111.1182 110.3196 108.9510 105.1263 101.9069 108.8781 110.9722 109.9504 111.5572 111.1131 106.3381 105.9338 105.4472 106.3923 106.1075 104.8635 99.7176 103.2958 98.5574 97.8122 95.9325 94.3562 97.3295 94.2364 93.6112 97.4942 94.4767 102.1412 101.3900
113.1200 110.0328 109.9735 111.1978 109.6096 109.3623 110.5665 109.9635 109.2831 108.1829 106.9817 106.9046 107.0276 108.2705 109.0913 106.3783 108.4961 115.4039 110.5218 111.0331 106.9915 106.2396 105.0750 104.3067 105.2052 104.9685 103.9108 101.0487 103.8422 105.0101 104.2820 101.9415 96.5346 103.3835 101.6082 101.3527 99.7287 99.5456 102.5141 102.5700
113.0500 113.1355 110.2866 111.1365 112.2682 108.7718 111.5354 110.9177 110.5480 110.7404 109.3509 105.3766 107.8275 107.9782 109.2652 110.0829 110.1502 112.0943 110.7777 106.7540 106.0271 109.1082 106.2115 104.3194 106.0423 106.7093 106.5840 103.3262 101.7059 100.5995 100.5176 104.2402 99.2735 102.3964 103.9584 102.8030 95.3243 100.9842 104.4578 99.5500
115.4300 113.8610 113.3470 112.7955 113.1228 109.6674 111.6819 110.2284 110.9281 110.2737 106.8595 105.7046 106.0287 108.6758 108.7070 108.1524 105.7004 103.5678 113.4693 114.3411 109.6642 107.2681 107.3348 106.6425 105.8487 105.0207 104.7907 105.5927 103.4891 104.9547 106.0695 102.6024 102.2979 98.3847 103.7558 104.5022 103.8870 102.9565 99.4891 105.3500
114.9500 115.2658 112.5969 112.9945 113.3140 108.9731 111.5701 110.4321 109.7343 110.0299 108.9609 108.7947 108.8806 108.3349 107.0224 107.8121 108.8080 105.0591 113.4974 114.7388 113.4480 107.0636 107.8163 107.7946 107.4628 105.7950 106.1941 104.1519 102.4408 105.5317 106.3701 103.7697 102.3211 99.7659 104.6791 105.6358 104.3078 104.5697 105.8491 104.4400
114.8500 115.2423 114.4149 113.5808 114.2102 111.6664 111.2396 110.6569 111.0337 110.8197 110.6295 109.5676 109.8620 109.6312 110.1592 108.6835 107.0331 104.9545 110.1560 114.7244 110.2266 107.2019 108.1020 106.8372 106.9140 106.4063 107.0614 105.8847 103.8267 104.0588 103.4822 104.8326 105.6336 104.6506 106.2236 106.1502 105.5718 105.4182 105.8359 104.2900
116.3900 116.2895 114.9141 112.2055 111.7685 112.5044 109.6452 114.6083 109.5228 111.0658 109.7510 109.8749 107.6616 109.1951 110.6221 109.5773 108.0126 109.3732 109.1759 104.7686 109.2610 108.9609 108.3125 107.1874 107.1014 107.1050 107.0890 106.6756 105.1223 104.1549 106.4162 104.4365 106.2550 106.4609 106.6777 105.5271 106.2624 106.3820 106.3525 104.7500
114.5700 114.6707 113.5901 115.6400 114.3458 112.5391 113.4252 110.0916 111.6136 108.4630 108.3775 110.5271 105.5768 114.6894 112.0971 110.4440 109.7644 110.0489 109.8227 106.7446 105.1313 108.9471 108.9704 108.4261 108.4343 107.2787 107.1289 106.9983 106.2686 105.4884 106.8020 105.4034 105.0028 107.2633 107.1722 106.6829 106.4624 106.8826 106.8668 106.6900
116.0100 115.1962 116.2997 113.7497 114.6878 113.2895 112.5212 113.5725 116.2114 112.0372 110.3584 110.9048 107.1408 112.8531 110.2578 110.5477 108.0880 108.7860 105.0105 103.7845 103.3077 101.9666 109.5110 109.2964 108.9240 108.3234 108.0187 108.2238 107.4429 106.9924 104.9159 106.8875 106.1165 106.3468 106.9737 107.1705 106.8687 106.8194 107.3186 107.3500
116.0000 116.6275 116.6903 115.4819 113.8427 113.9658 115.0199 114.9274 113.4074 114.0421 111.4892 107.1982 107.4375 107.4642 106.7215 109.3513 107.8808 107.9097 107.4467 104.3768 104.5919 103.5297 104.3651 106.9495 107.9067 108.7637 107.8976 108.0851 107.7705 107.9641 106.1579 107.8505 107.7648 107.0170 107.6982 107.0310 106.1739 106.5474 107.8984 106.7700
117.4100 116.3508 114.8222 114.9623 114.9627 114.0980 114.9431 118.3220 111.6576 115.1974 108.6461 110.0134 108.0687 109.9373 108.9827 109.6461 110.7066 110.5160 109.6985 106.1860 103.2608 103.9090 102.7822 102.9827 107.0464 110.3911 108.9006 108.3248 110.7359 108.4440 106.9748 107.3575 107.9719 107.2400 107.9602 107.3594 106.8421 107.4849 107.0552 107.2300
117.4100 115.7459 115.7618 115.6118 114.1196 114.1253 113.6859 115.2911 111.4413 114.2320 110.9071 110.9264 108.0516 108.9358 112.4691 110.6193 111.3233 112.5334 105.8201 109.5494 104.8665 104.5438 105.9081 106.2054 108.1889 104.6159 103.7568 109.2801 108.9860 108.6337 107.6496 108.5716 106.7945 107.3829 108.1031 107.8627 107.7695 107.1633 107.4826 107.0800
117.8800 116.5772 115.8199 115.2123 115.0142 116.1936 112.3421 113.1668 111.1422 111.8711 110.8689 110.0223 108.8861 110.1029 110.4213 109.4258 108.6740 110.2389 109.4549 110.9263 106.4906 103.2956 108.7909 107.3379 109.2897 106.7366 104.2893 105.3965 106.7295 109.9762 107.7705 109.3653 107.8546 110.3779 109.9196 108.6456 109.2271 107.6483 107.6632 107.1300
117.8400 117.4586 115.6893 115.2375 114.9921 118.7300 113.6214 114.2134 111.9013 111.6355 111.5262 110.5607 112.4107 113.8516 114.9478 111.2267 109.5732 111.7422 112.7770 109.3101 105.5397 105.3217 107.0647 104.9504 107.1978 104.4563 104.5029 110.4088 104.6091 104.4850 102.8221 103.8575 106.1298 111.2797 114.6259 109.2438 109.7541 107.4786 108.5858 108.4900
118.1300 117.0862 116.9524 116.0157 115.8081 115.3462 113.8640 113.2776 112.1007 112.0545 111.5492 110.4055 110.9762 111.7109 113.6943 110.8080 108.9517 111.6642 109.1551 106.9234 106.4686 110.1074 110.2816 106.0570 111.7741 105.5403 108.3652 105.6428 105.4129 103.9466 103.8009 103.8639 102.2636 109.1389 105.0220 103.8977 109.1456 108.9626 108.2768 108.0700
118.1300 116.6000 116.3100 116.3100 116.1400 114.7400 114.7400 114.7800 113.9300 111.4100 111.4100 110.7300 110.7300 111.1300 112.4700 110.8900 109.5900 108.5900 109.0600 109.0600 107.9300 107.9300 110.3800 109.2800 108.7200 110.8800 110.7200 110.7200 107.0700 104.5700 102.7200 104.7700 103.9600 114.8400 104.7800 109.1900 108.5200 109.2100 107.8900 108.0700
