115.3000 112.6200 113.3300 112.9100 110.5900 114.3800 112.9200 121.6000 121.3900 120.9500 120.7300 120.4900 119.6500 116.5800 119.5100 114.3400 109.0600 107.6000 106.3000 105.5700 104.4000 103.2200 102.4900 103.2100 104.2000 110.3200 112.0300 112.0300 114.2600 113.8400 106.2800 107.2800 108.5800 108.5800 108.4900 107.9000 107.0700 113.8400 114.2900 114.2900
110.4600 111.5105 111.8834 112.5351 111.8902 119.0688 115.1211 121.5096 120.3550 120.9708 120.5525 120.9554 114.3151 117.4115 117.4579 113.7132 111.1037 106.6777 106.5804 104.8578 103.3376 102.6397 103.4637 104.8309 108.0289 114.9033 114.7157 113.4688 111.1480 107.2579 103.5936 102.0530 101.2845 101.0979 101.2484 101.8009 100.7482 102.6346 110.5049 111.2700
113.4000 109.9532 113.0085 109.8771 108.7782 114.8442 120.1442 120.9538 118.1894 119.2986 120.5694 119.7197 116.3755 113.4596 114.9702 112.5093 109.4771 105.1789 104.4789 103.8391 102.3637 103.3371 104.7995 107.0317 111.6521 114.1430 113.4479 107.0239 102.9993 99.7784 99.9266 100.3827 100.1247 99.9427 100.0828 100.3640 100.5798 99.2563 102.0591 102.3100
108.6800 113.7263 115.8712 111.0259 111.3515 111.2929 111.7766 119.4648 115.0510 117.0153 119.1693 117.4675 114.2649 113.6349 107.7440 114.5052 108.6329 107.4202 104.5118 102.8546 102.8809 104.4269 106.6604 111.1616 115.0880 111.6804 105.4783 100.9290 99.4697 99.9943 101.0068 100.3899 100.2104 100.2499 100.2051 100.3021 100.8502 100.5856 99.1980 101.0400
108.4900 109.7784 108.3889 107.2436 109.7800 112.8023 112.0738 116.2494 114.8464 112.0177 116.1990 114.4084 115.6712 118.9685 117.7561 119.0588 110.3285 109.3962 103.6161 102.8385 103.8808 105.3472 109.8052 114.0743 112.5700 105.1334 100.1088 100.0979 100.4916 100.4065 99.5859 99.2169 98.9253 98.7581 98.8646 99.1387 99.4524 100.1634 100.5335 100.2700
113.0800 111.8852 110.1637 110.7071 108.3894 112.9992 109.9679 108.3123 112.7867 118.8528 115.3044 112.0942 112.7669 117.6873 106.9417 114.1597 109.5338 109.0973 103.2164 103.6621 104.0664 109.1165 113.8947 113.4160 107.0155 100.8343 99.4647 100.9347 99.8234 99.1159 98.4543 97.8261 97.3939 97.2150 97.3226 97.6990 98.2936 98.9158 99.7141 100.3800
110.4800 109.2171 108.9163 117.0151 112.6038 109.3840 114.3579 112.0074 106.9185 103.7819 112.2355 107.8466 111.2754 111.2162 106.6394 108.9346 107.7985 111.3271 104.2514 105.1765 110.6789 116.9292 111.8084 109.4561 101.7201 99.9443 100.5150 99.8088 98.9220 97.9439 96.9491 96.0463 95.3799 95.0716 95.2648 95.8591 96.7106 97.7174 98.6723 98.9600
115.7600 109.8980 110.2218 115.1609 114.0949 114.3313 115.2165 115.1105 112.7169 110.9151 114.0458 109.5018 107.5945 104.4125 106.2998 106.6715 108.9897 105.3108 103.8895 107.1583 115.1472 103.1101 107.4780 105.7194 99.3535 101.0643 100.0658 99.0285 97.8750 96.5641 95.1399 93.7270 92.6171 92.1059 92.4143 93.4176 94.7958 96.2174 97.5653 98.9600
110.8700 110.5312 111.6582 113.9691 111.1078 114.9000 117.1532 114.1846 111.8889 113.5154 107.4107 111.1400 109.6739 104.6013 106.6729 107.3584 105.5083 110.0802 104.3827 111.8404 111.7194 116.1446 104.9300 101.7638 99.2325 100.7232 99.4215 98.2458 96.7736 95.0053 92.9307 90.7290 88.7861 87.9180 88.4679 90.2102 92.4055 94.5357 96.3789 97.2900
109.3700 112.2617 111.7808 116.2555 114.1179 114.5111 114.5350 118.0673 115.3141 112.3950 115.4373 115.4709 110.7346 110.3178 112.6795 110.5206 112.8605 105.2893 104.1788 110.1942 110.8338 110.6872 109.5543 101.1979 100.7265 100.2994 98.9354 97.5423 95.7287 93.4048 90.4784 87.0556 84.2237 82.4664 83.4723 86.2919 89.6514 92.7283 95.2023 96.9800
108.7800 108.1767 111.5021 117.7822 115.8847 117.0116 110.2476 112.8922 113.0881 116.4738 106.3201 114.3192 110.9793 108.0855 108.0018 111.0618 106.6013 106.7513 104.3663 106.2702 105.7160 105.4564 104.6603 102.1296 101.0875 99.9767 98.7333 96.8774 94.7512 91.8781 88.0359 83.5787 77.5765 73.9902 76.3054 82.3814 86.9661 91.0530 94.1719 95.2800
110.2100 112.6856 113.3748 115.1168 116.7325 116.0930 115.1223 114.9278 109.3377 109.8423 110.0065 111.1163 110.5939 111.1113 109.9584 107.4374 106.3976 106.8308 106.3785 104.8357 105.2322 104.9343 104.2707 103.8162 101.3938 99.8468 98.6897 97.3881 95.3757 91.8573 86.6489 80.6758 71.1773 67.0792 69.4767 78.5968 85.1075 89.9551 93.5060 95.0800
110.2000 113.1578 114.7190 114.9353 116.4084 116.2469 113.4344 114.6858 104.2391 107.8363 108.7946 108.4674 108.0049 107.3888 107.8977 107.4089 106.4206 103.7286 105.8973 104.5897 105.6604 104.8566 104.3920 102.9865 101.5400 99.8291 98.6502 97.5692 95.1430 90.6472 86.4109 79.9776 69.5149 64.6697 67.7033 77.6512 84.5689 89.6404 93.3822 95.0200
119.2000 116.5555 116.0703 114.7569 109.4908 115.5136 106.3273 107.7060 111.1236 107.9388 103.9545 109.7754 109.3374 107.8713 112.4084 106.5889 106.9956 105.2026 105.7133 105.6722 105.5599 104.2008 103.9797 102.9903 101.3252 99.9939 98.8042 97.5343 95.1626 91.6471 87.5112 82.1818 74.5075 70.5447 72.8976 80.6958 86.5381 90.9834 94.0054 95.4400
115.4300 114.4161 112.1180 111.2977 109.4771 109.2455 109.6427 105.8040 108.1206 103.4408 107.7193 109.6790 114.1958 112.0697 110.1880 107.3011 105.6566 106.3142 103.5863 106.1342 106.2349 105.3132 103.9497 102.1420 101.2223 100.4668 98.8833 97.4007 95.9825 93.3814 89.3386 85.6361 81.6857 79.1118 80.8263 84.9782 88.2502 92.6172 95.2179 97.5200
115.5500 116.0386 111.1854 110.2573 108.4538 108.2644 107.7710 108.0360 109.8603 106.8585 103.1714 108.0366 113.6171 113.4053 111.2592 105.5054 106.1718 104.8125 107.7621 106.8814 106.1739 107.2834 103.7040 102.4853 101.6118 100.7682 99.3771 98.1020 97.1329 95.3495 92.5633 89.5086 86.9040 85.8006 86.4709 88.6696 91.3934 93.7986 96.0500 97.5200
115.3800 117.0553 108.1147 107.6593 108.7244 108.8297 108.0487 108.1960 106.8590 103.5559 107.0128 111.3433 112.1573 112.4834 113.3295 110.2283 106.4543 102.7243 106.5671 106.0757 105.1916 103.4106 104.0509 102.6135 102.1677 101.2207 100.1521 99.1812 98.6196 97.3757 94.9705 92.4409 91.1131 90.4463 90.7506 93.0908 94.3012 95.8744 97.0189 98.6800
117.3900 118.2727 109.5915 108.3577 106.4796 107.7200 107.9210 110.2621 109.7635 111.5505 115.1092 113.2917 110.5927 115.5423 111.3681 108.9237 109.1354 103.6399 105.0971 107.2159 104.1611 104.6533 102.4205 103.9951 103.5477 101.2746 100.6882 99.9020 99.0551 97.9610 96.9504 95.5025 94.2672 93.9138 94.6211 96.3655 96.7436 97.6961 98.6476 99.6800
117.4400 116.8008 109.7778 108.4967 109.2778 107.5270 106.9824 111.0950 111.6236 112.5253 111.5353 114.6574 113.6431 114.1209 109.5063 109.1285 112.3774 106.2023 106.0016 109.5961 108.3881 104.3247 102.7123 106.9964 104.4349 102.2447 101.7955 100.9370 99.9261 98.9369 98.5826 97.3941 96.8849 96.3039 96.9673 97.5701 98.4742 99.1681 99.7648 100.4400
115.0300 114.1054 111.3059 109.9233 107.0144 107.9769 106.5891 106.8106 112.7485 105.5315 114.5168 112.7945 111.5460 114.5570 113.4080 112.4499 109.2142 107.1764 106.8013 105.7400 106.5487 104.2140 104.7972 105.2642 104.3188 100.4572 95.1864 101.1766 100.6865 100.2485 99.6792 98.9634 98.5800 98.2748 97.9440 100.2106 99.9443 100.2927 100.9852 100.7900
114.0000 111.4183 112.9517 109.2847 107.7580 108.1557 107.4729 108.8614 110.8295 113.2421 112.8219 112.0853 114.2143 108.0298 111.0702 107.2195 107.6040 111.3016 108.2358 103.9051 108.4869 104.8284 106.0137 105.8524 104.5922 105.0879 95.8946 103.9561 107.9081 102.5939 100.7579 100.0751 100.0005 91.4696 91.1445 95.8693 97.3692 94.3958 100.1596 101.6800
112.1400 110.2182 108.3956 108.3061 108.1182 107.6958 108.0611 106.8478 115.9336 114.3589 112.2365 109.5483 113.9953 111.3860 112.6319 113.7737 113.2197 106.6398 113.0144 107.1946 106.7727 103.9149 102.6109 102.2938 104.4272 104.6060 102.3335 106.2781 109.8744 101.4921 100.9125 101.3876 93.6160 93.7714 96.9160 93.8301 94.9408 95.6603 102.9989 102.3300
112.6600 116.2395 116.5319 111.4245 110.1856 108.6025 108.7439 108.4053 111.2263 112.5286 112.5508 112.2599 113.6641 109.9619 113.1074 113.3851 114.0536 110.5978 107.0265 111.5891 106.7837 104.6857 103.7370 104.6205 102.1763 100.9167 103.4216 105.7217 107.0092 103.4029 96.1765 101.0138 95.0797 98.2098 101.1726 95.8222 96.5636 102.4679 102.5575 106.6700
112.6000 117.6042 113.2548 108.1581 109.9056 108.6613 110.2292 109.2467 109.3796 110.3158 111.4425 108.6439 110.5993 108.9006 111.6457 113.1754 108.8565 107.5108 108.6972 107.2986 106.7269 106.2541 106.5314 105.4952 104.0268 102.6376 105.4307 100.5057 101.1102 100.4265 97.8010 104.1990 98.1315 101.3260 100.6975 97.4696 97.0333 100.9252 104.7991 104.8900
112.6000 112.9157 108.7668 110.1658 108.4805 110.5769 110.1757 110.8356 111.6208 108.3757 109.7662 111.4950 110.8992 110.2435 114.7125 114.1917 108.5463 107.8365 106.6120 107.8474 105.3821 107.0663 106.2975 107.2829 105.5390 104.1169 104.5175 102.3173 102.5354 100.8629 99.5318 100.6669 100.5307 98.1885 98.9320 100.0560 101.1608 100.7157 105.7928 105.0200
112.6800 109.7440 110.4264 112.5398 108.5109 109.3628 108.2525 110.6787 109.7224 108.6821 111.0024 112.6343 109.3864 109.8828 112.6452 112.8429 110.7584 108.7556 107.5921 107.8212 109.8882 107.2039 105.7571 107.8636 107.2727 103.3815 102.4335 103.0740 104.5540 105.1449 101.3908 104.5235 101.3408 104.9105 104.6837 105.5374 104.3134 102.4473 106.1043 105.7900
113.0300 111.3921 110.6308 110.9600 108.6056 108.2827 111.6132 109.4244 111.4702 107.3251 114.5522 112.5253 110.4836 109.9334 105.9820 107.9369 109.4153 109.3293 112.8431 108.1493 112.3008 109.8763 111.6036 106.3414 106.6548 111.6229 104.3101 107.3295 102.9804 103.4271 103.0065 105.0845 102.3490 103.1541 106.1841 105.8047 103.4350 106.8101 105.1735 103.7800
114.5300 114.2730 112.9533 110.8241 114.7040 108.7370 108.8709 108.3512 114.5706 112.2281 111.3575 108.9880 105.8508 108.3018 105.5543 109.6755 104.7682 110.9608 109.6076 112.9332 113.4214 105.8677 109.5952 107.0726 105.3574 104.8770 104.3780 105.5932 104.2920 104.7368 106.2955 104.8840 104.3268 103.9078 102.6214 106.3030 106.3743 104.8881 104.1844 106.2700
116.7300 115.2174 112.1575 109.8314 113.4850 108.8156 110.3329 108.5242 115.0549 110.8083 112.5070 109.5015 104.7732 105.0145 104.7115 106.5208 108.7948 109.0166 111.4920 110.1287 115.2450 115.4609 106.8875 106.5506 106.9378 106.4827 111.3280 105.0379 105.2010 105.4601 105.3744 104.3443 104.5132 104.5203 104.7161 106.9156 105.2135 105.4896 106.0146 107.0300
114.7300 113.8023 112.5276 110.6811 117.2820 109.2478 109.8641 108.7593 112.2376 114.9689 112.4721 108.9404 104.9550 104.1442 110.2896 107.3083 106.0529 106.9436 104.3665 108.1347 107.3009 112.5762 112.6373 108.9653 106.7409 107.9861 107.9931 106.3765 106.4919 105.3136 105.4485 106.0649 105.4922 105.9329 106.8160 107.4490 106.9636 106.0553 106.0837 106.1900
115.8800 117.1299 113.2805 112.9837 112.5425 110.0372 112.0933 111.4034 108.8477 113.6323 111.1238 111.1163 108.7779 104.5968 109.7685 107.9160 107.6700 106.2252 106.9015 104.3000 116.8434 114.8319 114.4585 109.4017 108.0289 110.6094 107.7475 106.8623 106.9774 106.1696 107.4733 106.3400 107.3051 107.7277 106.8700 107.2907 106.9345 106.9331 106.9306 107.2100
117.2500 117.3346 116.0105 115.5302 113.7970 113.5885 110.3596 109.3782 111.2836 110.6516 108.2753 111.6120 107.9325 109.6876 112.7753 110.4184 107.8832 106.7084 106.8846 106.4577 104.6176 110.4465 114.0104 109.4049 109.0559 107.1194 107.6786 107.9560 108.0515 107.1612 108.1284 107.1508 107.8248 107.5080 107.4083 107.2812 107.0778 107.3607 107.1631 107.4600
114.4900 113.8379 113.1352 112.5490 111.1532 111.3257 116.1133 116.7143 115.7554 109.3230 108.1141 108.2292 109.1518 113.1840 108.8559 108.0996 108.2581 106.8490 107.9027 107.1335 109.3310 109.1551 106.8676 105.0741 112.2311 107.6301 108.9609 107.4951 108.0106 107.6890 108.6391 107.7757 108.4506 108.0531 107.1166 107.1445 107.1542 107.9483 108.0711 108.4100
115.9300 114.8052 115.0218 114.1246 111.3760 113.1444 115.4485 114.2286 110.5503 110.2829 109.1174 109.0318 111.1164 109.4302 108.6705 108.5954 107.5482 109.7426 110.6906 107.6553 109.8427 108.9648 103.8874 104.2617 107.7876 108.9093 108.5466 108.2441 107.9588 108.9074 108.7135 108.8435 107.5010 108.4065 108.3031 107.7701 108.2228 107.3223 108.2584 107.6200
115.8600 115.7024 114.9930 112.7667 112.0601 112.3112 114.9652 113.7151 112.1662 111.4086 108.9108 109.8869 110.2419 109.7117 112.9543 108.9940 112.1806 112.1657 112.3349 113.6376 108.5610 106.3879 103.8488 103.9429 104.6404 105.6672 104.3241 104.6676 103.5299 106.1319 108.0350 108.0110 109.0508 108.6702 108.4914 108.4788 108.6224 107.5986 107.7730 108.0800
116.7800 115.4044 115.1277 113.5899 113.9129 112.4099 113.4985 113.1627 114.1170 115.1308 109.4989 108.4325 110.9096 110.7496 111.4563 106.4842 114.2299 110.5329 108.3109 109.6655 108.5944 107.6541 106.3681 106.3069 108.1719 106.7340 104.3695 106.1689 102.9418 105.4328 108.7558 102.6929 106.9668 109.0382 108.8008 108.9741 108.9276 108.6541 108.0799 107.9500
116.7800 115.1979 114.2333 114.8712 115.3603 116.8627 112.8212 114.4163 111.0263 111.5807 109.8715 110.3133 115.1390 109.7807 108.6510 107.9619 108.6882 111.5155 111.3002 109.2897 110.1585 109.6352 109.3573 107.7852 107.9649 104.3909 104.7538 106.4980 104.4546 104.5932 108.5711 104.7524 108.4393 108.8966 105.4880 109.0132 108.4676 107.8944 107.0135 108.2100
116.6700 117.9469 116.6894 116.1945 114.2596 120.3182 112.5170 114.4540 112.9682 111.0091 111.8686 110.6068 109.0176 108.6113 108.4888 108.3279 108.4040 110.9720 112.1847 112.4677 111.8900 111.3726 108.7924 105.0199 105.4630 105.7461 105.3742 106.1915 108.1996 108.0924 104.8174 104.8289 104.7252 105.3946 105.4994 105.6977 104.7980 109.0521 108.0718 108.7400
116.9700 117.8661 119.4929 115.6091 115.1426 114.1317 114.8107 113.1823 112.2011 111.4290 112.9154 111.1563 111.2075 110.2636 110.4416 110.6874 111.9986 111.5715 112.1321 113.8916 113.1873 110.4822 108.1194 106.6723 106.3113 106.2540 105.9830 108.3745 108.6507 106.4171 106.2570 105.6480 104.8651 105.2316 105.5179 105.5741 108.6930 109.2673 108.9533 108.8500
118.6900 118.8800 118.2000 116.6000 116.6000 113.5300 113.5300 112.6400 112.6400 113.9300 112.9400 111.0400 111.0400 110.3500 111.1500 111.0000 115.4500 116.7100 107.9300 113.5700 112.0200 109.7800 107.5700 107.0100 107.5000 106.9300 106.9300 107.0400 111.0200 106.6400 106.8200 106.8300 105.7700 106.0600 108.8900 105.6200 109.2500 108.7600 108.6600 108.5400
