116.9400 109.2200 108.1500 115.5600 114.1500 111.0300 112.1100 110.5700 106.2900 106.2900 107.3800 108.0100 104.6300 105.4300 105.9200 107.1300 113.5100 114.8500 110.7300 111.5700 106.1800 102.2400 98.9600 99.4300 99.7700 101.3000 101.3700 101.3700 99.4200 103.1800 107.3000 106.6400 112.0700 114.4600 113.4000 108.7700 106.2300 103.5300 102.9700 103.4300
110.2700 114.4286 114.6545 113.6784 118.6466 109.6696 113.5098 105.7264 111.2628 108.3022 106.2539 104.2665 107.6153 107.1917 105.7798 108.2151 111.3577 110.0928 109.2429 106.2265 102.3351 100.1595 99.2919 100.4529 101.9560 101.1170 101.2075 102.0154 100.3532 99.8180 100.8244 102.7817 107.6746 112.2873 115.3386 111.7967 107.3350 108.6666 103.3437 103.2200
113.7000 111.3342 115.7681 116.3346 115.8014 107.5408 108.3708 110.7655 114.8048 109.2399 107.6400 105.0754 106.8558 109.6359 108.4518 110.2870 105.2113 105.3566 103.0397 103.2035 100.1599 100.6042 100.8472 100.5354 99.9797 99.8933 99.8889 100.0971 100.6528 100.7519 101.0552 100.1160 101.2513 105.7592 113.1052 114.4278 111.2726 109.5287 104.9790 103.2800
113.9900 113.5101 113.1691 114.6962 111.4474 109.6469 116.1326 107.7851 109.3231 107.2180 110.7978 109.6874 108.6496 111.3198 112.2932 113.0894 109.2351 103.9422 102.3003 102.7079 100.4372 100.2821 99.6073 99.1240 98.8624 98.6896 98.7281 98.9328 99.2565 99.8135 100.2822 101.9273 99.8188 101.2073 106.3436 112.5969 115.4727 109.3516 105.7805 104.6900
114.8800 109.9709 109.6335 115.4472 110.4953 110.6471 113.7076 113.3752 107.3893 104.7152 106.6097 110.6795 105.8779 109.3764 112.7847 106.9761 105.4853 105.5639 104.2872 100.5923 99.9267 99.1500 98.4132 97.7636 97.2507 97.0052 97.0563 97.3952 97.9607 98.6590 99.3549 100.1770 100.6792 100.5215 101.3056 107.5596 114.9554 112.8338 108.1884 105.5200
112.0600 109.9215 111.9156 113.5414 111.7576 110.6257 111.9814 105.8143 106.1816 105.6983 107.0632 105.6000 108.0447 110.1910 108.1212 104.0519 104.6934 103.0936 102.9610 99.7253 98.9276 97.9209 96.9621 95.9753 95.2317 94.8306 94.9168 95.4424 96.2847 97.2670 98.3073 99.2732 100.1043 101.7579 99.2031 103.6580 111.8870 114.3140 110.5261 105.9400
113.9000 110.8362 111.3618 109.3909 113.4069 109.0438 112.7943 108.2550 106.8923 106.9830 106.3784 106.4457 105.9708 108.1779 104.4072 102.4300 104.6711 101.0690 99.8612 99.2503 98.1812 97.1674 95.3872 93.7660 92.5049 91.8241 91.9673 92.8555 94.1790 95.6506 97.0601 98.3414 99.4513 100.5972 100.6690 101.8422 107.3612 113.6950 113.3692 109.5600
109.6600 110.5474 109.5014 111.1963 114.3779 111.8587 113.4664 109.6400 106.5818 107.2818 106.8353 105.8523 104.3113 104.3524 107.4863 103.8746 106.4685 100.2630 99.5977 98.3921 97.3130 95.3934 93.4786 90.9841 88.8086 87.6815 87.9380 89.4473 91.5764 93.7845 95.7356 97.3848 98.7794 99.9193 101.0182 101.2060 104.6513 111.8987 114.9035 110.1700
113.0800 112.4448 112.4091 109.8047 109.8796 110.6608 113.4002 109.3237 104.8916 105.8569 106.2367 105.5164 104.8218 104.0105 106.1533 104.7905 102.3757 100.3371 99.0463 97.9776 96.1279 93.8880 91.2435 87.8074 84.3272 82.1333 82.5841 85.2735 88.5726 91.7505 94.4026 96.4814 98.1281 99.4997 100.5403 101.7752 102.7581 109.8680 115.1670 110.6900
116.1100 116.6149 115.0353 106.9052 110.2021 107.5268 110.4027 107.1140 108.9147 108.4103 111.7065 110.4864 109.0801 103.5768 106.1943 102.2509 100.7381 100.0026 98.8221 97.1294 95.2931 92.3679 89.4595 84.0539 78.3296 73.8734 75.3886 80.3770 85.4526 89.8764 93.2092 95.7324 97.6366 99.1490 100.0650 102.6695 101.7232 108.3898 115.2640 111.0100
107.9500 108.1698 114.4468 114.2465 112.8383 112.1626 105.6448 110.7715 110.6018 107.9114 109.2536 105.4723 104.8921 104.4744 103.0570 103.7785 100.8845 100.1579 98.7880 97.5810 95.0974 92.6825 87.0562 82.0741 70.1231 64.3784 67.2140 77.5235 83.5183 88.6633 92.4454 95.2607 97.3348 98.9120 100.0431 100.9278 100.6891 107.2344 115.0892 114.5600
107.2200 113.4332 112.6120 113.6073 115.4438 111.4343 109.8667 107.8643 110.9095 107.4848 108.0199 105.2810 105.3555 105.2889 104.0232 104.0263 100.8369 100.3259 98.7788 97.6191 95.0143 92.4705 86.6834 81.3696 68.5322 62.8011 66.2658 75.0844 83.1022 88.4943 92.3392 95.1964 97.2638 98.8705 100.0374 100.9558 100.7278 106.6947 114.2768 114.5500
112.9500 113.2212 108.9295 109.0280 108.0839 108.1156 107.5776 107.2421 106.1058 106.6845 106.4575 105.9451 105.1538 104.1844 103.4276 102.6505 101.0691 100.2133 99.1605 98.2271 95.9678 93.7154 88.7701 82.7727 74.9742 69.0950 71.1156 80.6081 85.8689 90.4784 93.6721 96.0967 97.4839 99.0033 100.1926 101.1902 102.6371 104.9944 105.8477 108.9200
109.7600 116.5623 110.6979 112.4914 108.9608 108.3772 107.0770 106.9464 107.4469 105.1792 105.8347 106.4634 105.3228 104.4350 103.5767 102.3911 101.8480 95.3518 99.5473 98.3304 96.1035 94.5899 91.4805 87.5530 81.5273 79.0691 80.1204 86.5885 88.5674 91.6465 94.5939 95.9936 97.8616 99.3167 100.3455 102.3721 102.6364 106.3877 110.0357 112.5100
116.0900 113.8071 111.8002 108.2792 108.4088 108.1767 107.6864 106.5811 106.7985 103.5526 104.7561 104.8613 105.4432 104.8389 102.9362 103.6534 100.2163 98.8323 99.4618 98.8101 97.5715 95.0479 95.0642 93.6550 87.8393 85.9375 87.9619 87.9337 90.3540 93.6219 95.7455 96.9362 98.4609 99.7017 100.9784 101.8330 104.8771 103.7967 106.2952 105.9000
108.9000 108.6770 108.7781 109.1420 109.0375 107.7630 106.9004 106.3684 106.2901 104.3381 105.9020 104.9658 104.5979 104.9618 103.6900 101.2534 98.0413 101.3647 100.5175 99.3569 98.3211 97.2185 96.2481 95.6051 93.3580 91.8485 92.2356 91.5075 93.0528 95.5853 97.2781 98.1261 99.1435 100.1848 101.6912 101.5545 103.3853 110.0154 113.0815 110.3600
108.6900 106.5668 106.0174 109.2633 108.7516 107.8726 107.5601 107.1408 106.5370 106.3859 106.9143 106.4704 105.4915 105.4222 105.6956 99.7718 98.1684 97.8713 100.9391 100.2070 99.1649 98.5486 97.2125 96.2720 95.7959 95.3873 95.4598 94.9576 95.9931 97.9969 98.5909 99.1817 99.8969 100.2315 101.8678 102.0980 103.1073 108.6649 110.4778 112.2000
108.4900 109.1061 107.9600 108.5483 107.7160 107.2023 107.6218 108.9973 107.1660 107.7569 107.2278 106.4751 106.4876 106.1469 105.9231 104.1207 100.9840 100.6292 101.6659 100.7306 100.1450 99.4916 96.9278 98.5363 97.8476 97.6118 97.2131 97.6140 97.9021 98.8774 99.4508 100.1724 100.6032 103.1072 106.1521 102.7614 103.5316 104.9553 106.7779 107.2200
109.4700 110.4632 113.3629 108.5061 108.5087 108.1430 107.5710 105.9174 107.7271 107.1015 107.2590 106.1684 106.4667 106.2637 105.5337 104.5363 105.2093 102.7557 101.8617 101.3468 100.6224 99.8786 95.2351 99.9377 98.9392 98.6418 99.0722 98.9223 99.3659 99.8874 100.2544 100.9144 102.4564 107.4646 104.5389 103.4021 104.8435 104.3104 106.2377 106.5800
113.5000 109.0890 110.1611 109.2164 108.8610 108.7937 107.1949 107.3269 107.7084 107.5123 107.5536 106.3396 105.4154 106.2712 104.6141 106.0205 105.3003 105.0239 104.4573 102.1518 101.5461 101.1767 101.2486 100.3797 100.1277 99.9925 99.9759 99.6532 100.2716 100.6841 101.1218 101.9305 102.9692 103.3000 99.2090 103.2209 104.2998 105.5808 106.4356 106.0200
110.7400 109.6246 106.5592 109.3895 108.9227 108.8781 108.0860 108.2055 107.9500 107.7169 107.2810 107.1065 106.8457 106.7916 104.2428 104.7488 106.0592 99.4350 105.0944 103.9746 104.2001 101.9785 102.2460 101.2506 101.0576 100.7218 101.0678 96.0604 101.1868 103.1628 102.2319 103.3672 102.0561 98.1810 99.9146 101.8962 102.4936 103.3063 106.3166 106.2500
109.7700 109.4955 109.5302 109.6731 109.0318 108.8989 109.0808 108.5359 108.0367 108.0736 107.8360 107.6342 107.1981 107.2845 102.6890 105.9366 105.4320 102.4532 104.3532 103.9472 105.0195 98.9028 98.6088 99.5491 102.9412 102.0874 102.5196 100.4169 103.2661 106.2009 105.4033 104.0034 99.9426 99.1784 102.5387 102.6500 103.3055 103.6272 105.7824 106.4900
111.9200 110.7028 113.7843 114.8222 108.6097 108.3703 113.4573 108.1256 111.5735 108.4610 108.0669 107.3462 108.0306 107.0123 106.1530 106.1016 106.2849 105.0106 104.6849 104.4182 105.4100 100.8104 97.8455 101.3148 105.1849 100.1907 99.8511 104.2938 103.5098 104.7838 109.6817 103.9295 102.0042 100.6817 105.8836 107.3548 103.0437 106.5419 106.2220 107.0100
106.7700 113.1386 111.7995 109.9177 110.6791 109.2332 113.2456 108.7255 108.5371 109.2975 108.4126 111.7820 111.8831 111.0067 107.1880 104.0458 101.9274 102.1594 103.9445 105.9455 105.7362 105.3959 103.4584 106.0350 99.4791 102.2118 101.9467 106.0282 98.5077 108.2662 99.3670 102.3976 106.4757 103.0115 103.4867 103.7223 104.6355 104.7564 106.3540 106.4100
110.2700 107.8489 115.2989 110.5012 113.5934 110.2838 113.9889 111.8292 110.5382 107.0355 109.4012 111.9091 111.9069 106.2960 106.8979 107.4116 104.0925 102.7828 101.5716 104.7855 105.0218 105.0800 105.5255 105.5630 105.2023 105.7345 104.9556 103.7217 101.8476 104.0137 102.1888 103.4517 104.5472 102.1390 104.7441 105.7072 107.0644 105.9556 107.4738 107.5900
110.2700 109.7907 113.9646 105.9928 113.0083 109.8536 108.3275 112.1867 107.4298 107.7925 112.6876 109.8326 112.2960 107.2989 106.8896 107.5408 105.2925 103.6709 101.9602 105.2169 105.6956 105.2729 103.6448 102.2116 105.6982 104.3544 107.1851 104.3589 101.8666 108.1395 107.1435 104.2082 104.7209 104.7115 107.3905 106.1000 107.0063 106.7409 107.2175 107.5900
114.3000 108.7360 111.3386 109.6813 114.5656 117.4661 109.2466 109.2174 108.0423 110.3899 113.7243 109.1645 107.6433 108.3263 107.8099 108.6637 104.8560 104.1850 103.9509 106.2534 104.2266 106.5828 104.8354 102.3694 102.3200 106.9584 106.5067 107.0429 102.9906 102.5943 106.2643 106.0644 106.4080 104.8624 106.8849 106.1990 107.3502 107.2290 107.6738 107.4100
113.1100 112.9002 110.2755 113.8029 108.5670 114.5018 107.8733 107.2169 112.6228 114.3445 113.6427 112.9759 111.9948 107.8985 107.3719 106.6066 105.5733 105.5578 104.9721 104.3569 106.5327 104.5928 110.3563 107.0958 106.2278 108.8763 106.8068 106.7242 103.8804 105.9419 105.8821 108.5140 106.2256 105.5819 106.6061 106.1046 107.3427 106.7366 107.0047 107.2500
112.2000 112.4385 109.2840 108.7522 105.6391 109.4327 108.1129 107.8091 110.1709 113.8342 109.7275 105.9998 110.1065 108.4570 107.8855 107.8863 106.1058 107.6868 107.1196 106.0371 106.7561 105.6541 110.3849 107.4431 104.6359 106.5800 104.6510 107.3552 104.7890 105.4531 106.2553 107.5715 105.4176 105.8927 107.1704 109.7495 106.9162 107.1648 108.0523 108.4200
114.5200 111.8863 108.5778 113.0147 108.8455 108.7799 111.8039 110.0132 112.7952 110.2145 107.1773 109.2307 109.1355 109.1141 108.1413 107.7750 106.8664 109.3263 108.3200 111.0506 107.1910 109.9649 112.1686 108.9238 107.9221 103.8089 106.1916 109.2151 106.8126 105.7895 106.2472 107.6831 106.7025 108.0639 107.8402 111.9789 106.5146 107.2466 107.6435 107.4600
110.0000 108.8502 113.5878 108.9252 113.2671 110.8532 109.2557 107.1737 107.0696 110.6410 110.8288 108.7360 105.4051 107.3042 108.7142 109.0421 107.8047 110.2580 109.3189 111.5371 107.1287 107.0194 113.0028 111.9446 110.6412 106.7506 107.2178 112.1329 110.0106 107.1826 107.0299 111.8090 107.2000 108.5210 108.0799 109.6049 109.0138 108.0748 108.2258 108.0800
115.6000 111.2388 111.2077 114.0628 115.1890 109.4266 111.6292 112.9705 113.0289 108.5804 108.1042 111.3107 110.6190 107.0585 103.4720 108.8304 109.8962 113.5973 113.5116 109.0086 112.7702 108.1582 113.4756 108.9662 109.6597 112.1176 109.0036 112.7778 112.8439 109.1613 107.1571 108.9488 108.2725 108.8060 107.0121 107.5755 108.0420 108.3662 108.3039 108.2100
110.5100 113.3290 116.2995 118.0199 116.3894 114.1248 110.8150 115.0264 110.6501 107.7581 106.7874 106.3386 110.3447 107.7987 110.0081 112.4463 111.5452 111.4070 117.8032 111.3434 110.8942 114.0529 114.6670 109.8726 112.0612 112.5569 109.1808 115.7657 108.9320 115.0763 111.5427 109.3368 107.9105 109.5941 107.7719 107.8560 107.8466 108.4060 108.2773 108.2500
110.5800 118.5110 116.8584 116.4477 114.7766 113.1115 109.7249 112.0551 107.7221 106.1842 107.8227 106.7389 105.1715 104.6235 106.7186 113.7332 111.4052 108.8747 111.3581 105.5985 109.6999 113.6020 114.6567 113.3939 113.6906 112.8176 113.2147 116.1541 108.2259 107.9716 107.1971 103.4948 109.8853 108.0228 108.0290 108.2458 108.0303 108.5769 109.9115 109.2200
111.5000 116.9346 118.2578 116.9455 117.6561 111.7066 112.2463 109.6352 105.9674 106.0416 105.0570 107.9576 105.7745 104.1801 107.0954 109.9443 110.2447 111.9422 110.2860 111.0090 105.0204 108.2372 108.7262 108.4460 108.2447 110.8731 115.7317 113.1064 105.4670 109.2510 106.9287 108.3193 103.9233 109.9357 107.7768 108.9237 109.9428 108.6460 108.3774 109.1100
116.6900 114.5519 116.7741 116.2895 112.7085 112.5906 112.6535 109.3074 108.9323 107.7407 111.2162 110.8980 105.9657 107.9283 113.0112 113.9607 112.8530 112.9001 111.9391 111.5856 107.4799 105.0763 109.4209 113.4665 113.6727 109.4497 112.0104 111.3550 109.1558 104.1626 107.2936 106.8460 105.5743 111.6220 108.6506 108.8245 109.0700 108.5165 108.6357 109.1100
117.3900 117.6621 114.1737 116.0415 114.2860 114.9738 112.2301 109.8662 108.9178 108.8014 109.2723 106.9837 108.3824 108.0388 111.1486 111.7077 111.6222 113.0141 112.3217 108.9856 109.8489 104.8335 107.5290 107.2625 108.5095 112.7920 112.7644 115.1999 110.5786 105.8308 107.3765 107.2743 107.9659 112.8972 107.1832 108.5935 108.5342 109.8429 108.9388 109.1000
118.4500 117.4628 116.2942 117.7146 116.3951 115.2413 112.1295 111.1086 109.7144 109.4927 109.5660 109.8425 107.6277 108.6104 109.4713 113.3443 109.1591 111.6788 114.7109 107.4012 105.9760 104.5629 107.2752 106.1202 107.3427 110.4167 111.1322 114.4928 108.7577 106.7966 105.3503 105.2486 105.5350 115.2911 109.0931 107.7721 107.8671 113.6839 107.7678 108.1400
121.1400 114.9103 111.5872 116.9713 116.6511 116.4556 113.8513 111.6532 109.0684 110.2310 108.8477 109.5600 107.2791 110.1635 112.3170 113.1933 112.6083 111.8903 114.7145 110.9817 107.4614 105.9157 107.2441 107.5580 108.5829 113.6366 111.6343 113.7155 111.3948 107.8257 105.8572 106.3742 107.9855 114.1304 109.9495 110.3239 110.0659 110.5187 108.5567 109.3800
121.1400 117.0300 117.8200 116.5200 111.3000 116.6500 112.4200 111.0000 109.9100 109.8800 108.8600 108.5700 108.5700 108.4300 113.8000 113.8000 117.9900 112.7200 116.5500 113.7800 114.1500 107.1200 107.8700 108.5700 110.1800 114.3400 113.4900 113.7000 111.6800 110.1600 106.3400 107.2800 111.5900 108.9300 111.7800 111.2300 109.2800 110.3600 110.3600 109.7200
