120.5400 115.1000 113.3400 120.6500 112.0200 119.8700 115.1900 109.2600 107.9500 105.3700 105.8900 106.3800 104.5200 105.0300 105.3900 107.3600 110.4800 107.2800 107.2200 102.1300 101.0000 100.3400 99.6000 97.7900 96.9400 96.3000 93.4500 91.1900 91.3600 91.3100 93.7500 95.3400 96.6900 97.8200 98.7900 99.6300 101.0200 98.7900 102.7700 107.7400
120.1400 119.1480 117.6675 114.9361 117.6655 119.1599 107.3694 107.1693 109.0781 107.1896 105.7914 107.0225 103.4721 105.1347 105.1107 108.1984 114.0317 106.3121 101.8078 99.3308 100.9010 99.6948 98.5682 97.1945 95.6616 94.1922 91.6595 89.8265 88.8021 89.1424 90.6299 92.6152 94.6092 96.3862 97.8957 99.1510 100.2166 101.9380 102.0826 106.5000
119.0000 114.9247 117.6407 119.6034 119.9505 119.3399 119.5831 113.1531 118.5146 110.9402 107.1061 103.5045 103.8540 105.9410 106.3043 109.5672 114.5159 103.9445 100.7236 99.7191 100.5474 99.2048 97.8481 96.1653 94.0311 91.3137 88.2239 85.3865 83.7290 84.3649 86.6608 89.7621 92.6968 95.1248 97.0376 98.5384 99.8300 101.2356 101.4634 105.5500
116.8000 120.5972 108.8526 120.5724 117.3481 119.4394 115.5557 110.1993 105.8933 104.6402 105.2832 104.8143 104.3294 108.3084 115.4037 114.4273 114.0764 108.6469 100.3859 100.2888 100.0946 98.8068 97.2564 95.2685 92.5798 89.0300 84.7576 79.8594 75.8859 77.2080 82.3936 86.8434 90.8682 93.9866 96.3026 98.0579 99.4485 100.4338 99.7382 100.2000
114.9600 114.1273 114.4051 116.1770 115.9083 116.9832 113.0648 108.2446 105.9576 105.8141 103.8965 104.1255 103.2222 106.6508 106.4068 115.2535 113.9304 107.0993 99.8602 100.6447 99.8491 98.5471 96.8710 94.6501 91.5420 87.2839 81.9230 73.0688 68.2704 69.8872 77.9202 84.6460 89.5155 93.1874 95.8097 97.7395 99.1979 100.4995 100.2962 99.8800
113.3200 118.2008 115.7493 115.3295 115.9558 118.7024 106.5492 108.7937 106.5920 105.0162 103.7731 110.8402 106.8590 110.4175 112.7767 115.4415 114.1429 106.3865 99.3489 100.7565 99.7993 98.4577 96.7599 94.4578 91.2138 86.7234 80.9343 70.5661 64.9614 66.6362 76.0081 83.9372 89.0895 92.9387 95.6694 97.6438 99.1333 100.3685 100.3458 99.7200
114.4800 113.5336 113.9065 115.6043 115.1423 115.3695 109.6571 113.2433 109.7338 105.8280 106.5539 111.6397 107.9050 108.1747 115.7886 112.7684 114.0300 108.5792 100.8830 100.9823 99.7986 98.6400 96.8930 94.7247 91.6953 87.5312 82.4502 74.3951 69.4389 70.9549 78.6889 84.9853 89.6853 93.3113 95.8893 97.7840 99.2225 100.4550 100.2563 99.8700
112.3400 107.5326 110.0618 115.2097 112.6710 110.2873 115.0358 113.8611 110.7172 110.9770 107.3836 110.8056 112.6815 111.4610 115.8982 109.7566 112.5149 108.9713 101.6761 101.8032 100.2256 99.1714 97.4981 95.4202 92.8367 89.4461 85.3500 81.1493 77.5689 78.8139 83.3494 87.3873 91.1458 94.1951 96.4502 98.1469 99.4367 100.5825 99.9484 100.2000
111.5200 110.4722 111.4939 112.5939 108.4022 114.5010 113.1956 108.6897 106.3229 107.7372 107.4492 106.9785 114.3302 110.5757 113.1848 107.7149 106.0284 104.3428 106.4951 100.2002 100.6510 99.3761 98.5462 96.4289 94.2993 91.7804 88.8315 86.2697 84.8097 85.3598 87.4279 90.3462 93.0864 95.3791 97.1824 98.6782 99.8118 100.3930 99.9435 105.1200
118.6400 112.9687 110.9305 110.3239 110.4714 111.7125 111.8787 108.9081 107.4087 105.7668 110.1064 105.5775 107.1072 111.3508 112.5366 111.6547 104.5345 110.1291 106.5748 104.8182 100.7625 100.0421 98.9264 97.6086 95.8285 94.0757 92.2213 90.5523 89.6714 89.9628 91.2963 93.1062 94.9601 96.6349 98.0620 99.2858 100.4578 99.6034 101.2013 106.0600
116.3700 112.9703 109.5746 109.6470 110.8524 108.5556 108.5459 107.7626 107.8698 107.8083 107.1579 107.8097 105.6151 105.5551 108.7840 106.9244 108.1133 109.2789 103.7490 106.6892 102.1560 100.5340 99.5172 98.7095 97.2213 96.0603 94.7825 93.8697 93.4076 93.5452 94.2988 95.4089 96.6447 97.8510 98.9574 99.9128 101.1988 98.9096 104.0555 107.5100
117.1100 116.5526 117.0748 112.0329 112.6067 115.4022 100.3940 109.4095 108.4195 106.8111 112.1211 109.9456 111.1640 111.2526 105.6892 107.8600 111.1759 108.3074 114.3503 103.6822 102.9858 101.1041 100.3532 99.5271 98.5425 97.8719 97.1127 96.2648 95.8635 96.0416 96.5023 97.2402 98.0928 98.9838 99.7695 100.6536 100.0164 101.0464 108.4250 113.9800
111.1600 115.3096 112.0131 114.1592 111.7988 110.2055 115.5152 106.6169 111.4555 111.9542 104.9602 107.7169 113.2979 103.8130 104.5707 113.4573 106.6918 111.9483 109.5851 106.1552 107.2387 102.2421 101.3486 100.2857 99.6245 99.1348 98.8661 98.5373 98.5909 98.5590 98.4117 98.8211 99.2201 99.9505 100.8985 99.8069 100.5715 105.6983 113.4743 114.1200
111.1400 114.0778 111.3956 116.0747 113.3118 112.3000 112.1306 107.3548 107.6397 108.8939 108.2231 106.3906 105.8349 106.5672 107.4610 113.3384 106.7858 99.7536 101.5137 102.8972 102.8450 103.5296 101.9643 100.4371 100.5749 100.2215 100.1412 99.8773 99.5098 99.5801 99.6786 99.9305 100.7505 100.3157 100.4453 99.0647 105.3172 108.7097 112.8815 114.8800
109.2400 111.2672 108.4261 114.9834 107.3298 111.2117 108.4233 103.0528 107.1248 108.8359 113.8596 110.1483 106.2409 107.1113 110.1921 103.8742 105.7580 107.2943 102.8355 104.9336 103.8553 102.5146 104.5868 101.2198 100.7462 101.2387 100.7433 100.2102 100.7190 100.7956 101.0025 101.8500 99.5016 99.3768 101.7353 102.1868 112.0018 107.2424 111.6401 114.8800
112.9800 108.5644 109.3639 112.3111 110.4046 109.3035 104.1096 106.8186 106.9663 111.8726 105.0536 109.6321 105.0448 108.7223 107.9794 105.4643 101.9067 107.7979 106.0057 105.4267 105.3273 104.0794 110.0586 110.6360 106.2174 101.9204 105.4053 104.5961 102.1032 102.0173 100.9237 101.1756 106.1747 103.9117 108.5207 114.7310 115.7027 115.1939 111.8013 110.2100
111.1600 112.2431 112.9275 113.4309 108.0668 110.6458 110.1069 111.4929 103.0488 113.4336 109.0051 110.8584 106.7319 112.5758 109.0986 107.3646 107.1776 110.1705 107.0498 110.9024 104.5546 104.5667 103.8799 104.8210 103.5740 100.8634 110.8944 105.7249 106.3980 105.0316 101.1811 110.1577 113.5138 112.8985 115.6285 105.5771 109.9922 112.4272 106.0397 106.4600
110.2600 114.8782 114.4025 112.1597 105.3195 112.1682 114.3857 110.5249 108.4153 109.8632 109.2135 107.5732 109.5519 110.3246 110.0862 106.3376 105.9746 105.4737 107.4461 108.4552 105.8365 104.7268 103.5895 105.7886 104.1019 106.0922 107.0075 107.6270 105.8127 107.2768 108.4936 105.1554 105.8468 114.7616 115.2810 110.2455 109.0744 115.5730 110.0843 106.4600
112.9600 112.8911 113.6953 111.0157 110.9258 112.6678 117.2683 115.5146 107.4847 103.8926 105.1839 108.2963 107.7312 108.8160 113.4368 107.2743 107.2371 106.1557 106.2484 107.0451 104.0426 103.7894 104.6237 106.9055 110.0900 106.1841 104.8516 105.2311 107.4590 107.8556 106.3944 110.7232 111.5501 114.6227 106.4987 116.2699 109.2849 115.0218 110.9652 105.1200
114.2700 111.6380 110.9125 116.2708 115.9349 114.1910 115.7503 107.3754 110.3237 104.3796 107.4473 108.2475 105.9569 110.3503 110.7632 108.2017 107.1698 108.4161 110.2592 106.7057 106.8979 105.8299 105.7318 110.2227 107.8920 107.9358 101.6600 104.0119 108.0889 110.0598 106.0909 114.5090 112.9550 109.5582 103.4484 114.3503 111.0240 112.6947 109.2742 105.8700
111.6800 111.5980 111.0270 109.5692 116.4551 115.0865 113.3512 108.8741 108.9136 105.1578 109.6455 108.3965 109.6238 113.6944 112.6676 108.6706 106.4597 110.1542 110.4441 107.2138 107.2903 108.0888 109.4940 104.9553 104.3036 105.4858 102.6679 108.3478 104.9015 106.7216 103.5583 110.5681 109.4878 100.3607 100.3720 107.0061 108.1263 105.3788 111.4638 108.7300
114.0400 111.1441 117.0120 117.3500 113.3499 112.1579 109.7825 109.0054 108.8184 108.2747 108.7674 106.3124 111.2417 113.8267 109.9544 111.9125 108.8925 107.2156 108.0228 110.5302 105.3528 111.6959 109.5601 105.8901 108.1095 108.9291 107.1769 105.4874 111.1778 107.8408 111.8232 113.5412 103.8313 102.1809 110.6461 104.4044 104.7734 106.9405 111.9254 112.2800
111.9900 112.6950 117.2558 114.2396 115.5557 113.3573 106.6162 107.9628 106.0065 109.2349 108.7928 111.1089 115.2225 114.2704 112.9878 112.4617 111.5888 112.2273 110.5688 109.1759 108.6226 109.5867 104.9856 103.5458 105.4744 109.7394 107.3064 106.1574 109.5445 108.5384 111.1267 105.9882 104.4624 108.0063 107.7877 105.8675 106.9570 106.9903 106.7469 107.1900
113.2500 116.1422 114.3674 110.0980 113.6720 110.3529 108.6965 107.6016 108.5443 107.1772 110.9192 106.3779 114.4405 116.1572 113.3099 109.7377 108.8185 108.3003 107.5459 110.0804 114.8052 110.7385 110.7424 109.8039 104.0524 108.3772 107.3002 106.8716 106.4881 105.9763 103.8693 100.6154 113.5920 110.4590 107.3709 107.3986 107.7451 108.2696 108.1028 112.9200
113.2500 116.5939 113.6150 113.0570 109.5861 112.9706 110.0073 107.7751 107.9597 108.6434 111.0572 113.5819 112.3551 114.5942 114.0261 108.8141 105.8387 109.2694 108.6689 112.7849 112.6687 113.1636 115.6139 112.5898 113.0596 105.7965 106.4867 108.4200 107.3186 107.0864 108.7814 104.7019 107.6179 106.8270 107.8507 108.2552 108.4526 108.6049 108.1583 108.5800
117.4600 110.3843 112.4846 114.1034 112.8525 108.4293 108.3194 108.3454 109.9756 109.1610 105.5270 107.5106 112.7837 113.8433 117.3362 111.0252 109.7641 107.1187 105.6037 114.2538 111.6412 114.9361 115.0007 108.9990 111.4433 110.1825 107.2799 107.6099 111.8301 112.3395 109.9490 106.9234 108.6321 107.7446 107.0898 107.3515 106.9188 108.2169 108.4677 108.3300
117.4600 113.0823 113.7809 114.1562 110.5889 109.6180 109.0155 109.1751 110.5352 107.0914 106.8055 110.3254 109.6468 114.1207 109.7927 108.4521 107.2928 104.8033 107.0020 115.3997 111.3295 114.6397 114.0874 111.3140 110.1647 110.9890 111.9797 108.6264 107.3388 106.5459 109.8180 107.1904 106.8906 108.1913 107.6111 107.8283 108.9993 105.5138 106.3054 103.4200
109.4500 116.6948 114.4630 114.0117 113.5090 109.1761 108.5021 108.7046 111.4348 107.8616 108.9683 110.8964 111.2007 113.2450 107.9883 110.0799 109.2294 103.2684 104.6253 110.1929 107.3818 111.9744 115.9994 115.5168 113.5603 115.2340 113.9077 109.6564 108.7289 112.0591 113.8169 110.6411 115.9344 107.1929 103.1119 107.2479 102.7152 104.3248 105.7247 109.0800
118.0600 116.5439 114.1797 111.7877 115.3930 115.4393 109.8680 109.1248 110.8973 108.3757 111.2614 111.2804 113.0497 112.3359 110.9622 108.7039 109.6757 104.6829 112.1140 112.4071 110.1275 110.9240 116.3222 107.3828 110.4452 105.6945 114.4606 111.5920 103.6932 109.8216 115.5744 104.0340 104.7190 103.2981 101.9683 108.3561 108.3562 109.7237 110.1514 108.1600
119.4800 118.0407 118.7466 111.6223 114.8368 111.3767 109.9357 108.6069 112.7644 109.0945 110.7994 109.7097 110.6548 111.3409 113.9155 110.3909 110.7770 106.9237 113.2693 112.3205 111.8016 112.8824 111.2173 109.4157 110.2281 107.3581 110.2757 108.9375 105.3835 103.9885 109.6257 108.2121 108.9241 110.8898 108.1543 109.7572 109.1709 110.7040 108.1655 109.2100
121.7400 118.4619 114.8948 119.0968 113.6456 111.1459 109.1014 110.8141 109.2141 111.9046 115.1150 111.7025 108.9698 109.2644 113.3566 110.6462 110.1648 107.3615 110.6420 107.5696 109.4905 108.9823 107.8560 107.0865 108.1623 104.6830 110.9044 110.1900 110.3783 106.2673 108.8643 112.1346 108.5822 115.8336 114.1932 108.9587 108.7912 110.0160 107.9684 109.0800
117.3600 118.0579 115.9431 114.6812 113.6874 111.3991 110.1077 110.1871 114.7689 111.6852 110.8298 111.5299 109.1946 112.0695 114.5789 111.2909 110.1647 110.8291 110.7680 109.5024 112.8212 110.6525 110.7077 109.3695 107.4119 109.4323 110.5119 109.4224 105.5878 110.3893 112.0983 111.1433 103.0395 114.8131 110.3372 108.9589 109.2600 109.5580 107.8085 106.0600
119.0400 116.3033 117.1136 114.8260 112.3481 112.5699 115.6288 115.1268 116.7235 114.6745 114.1740 114.1651 109.5366 111.8522 112.7500 109.9499 110.0823 112.0882 110.8607 114.3906 115.4249 113.1103 111.1027 109.4485 108.8302 112.1206 110.6641 115.5211 107.5801 109.6904 114.0066 107.5898 109.3699 113.1041 109.5776 108.9100 109.2952 108.6888 108.9046 109.2400
119.5000 120.1470 113.4826 113.7659 112.9448 115.0981 115.9970 113.8471 110.8706 115.9867 112.1112 115.8438 112.4407 113.4291 111.2351 109.4411 107.5797 113.2066 112.7888 115.7438 113.5502 113.6413 112.9249 109.8956 109.1028 109.4339 112.3725 111.8709 110.7656 112.2902 113.3564 110.5551 110.4612 112.9254 109.8433 109.0906 109.8559 110.3439 110.6170 109.8500
119.5000 121.6161 114.5213 115.3932 116.7578 116.3740 113.7255 112.7095 112.1256 113.9234 111.7828 117.2638 114.6813 115.2573 114.7357 108.2405 107.9664 107.3182 109.1450 109.3400 110.2820 118.5848 111.3524 110.5364 110.4015 109.7889 107.7939 110.3155 112.2127 113.2884 108.8246 111.6681 108.9087 108.7385 107.8642 110.3745 107.9509 110.3277 110.8356 111.3600
118.2600 116.5460 115.2246 115.8130 118.2242 114.7778 113.8287 117.5507 115.2343 115.3007 110.9069 113.3686 112.6321 113.1762 114.9630 111.2092 113.1847 108.9702 109.0667 109.6513 112.4023 113.1927 107.3767 107.1741 108.4350 109.0142 108.8575 111.3409 109.6931 112.1460 109.2265 108.1564 108.5533 108.5469 108.9787 108.7052 109.0102 109.7664 110.0336 108.9400
120.5700 116.5483 115.4811 118.2064 119.3644 115.6798 115.1464 113.6817 113.0085 113.4630 111.7745 111.8753 111.5372 112.0874 114.9761 110.5876 109.2561 109.5479 109.9595 110.0091 111.0730 108.6770 109.2122 108.3375 108.3650 110.1881 110.4294 108.2011 108.8561 110.7304 108.0131 107.7859 110.3412 108.1716 110.4199 109.5088 109.9936 109.9935 110.2004 108.9400
120.5700 117.3243 117.8531 116.4748 118.2062 117.3517 117.3799 115.3454 115.4299 113.6888 113.1098 112.3309 115.1428 117.7114 116.0484 110.7315 111.3513 112.2188 110.1780 111.3808 111.1552 108.7038 109.8277 109.1659 109.6768 111.1050 110.8499 109.0282 110.9945 109.9416 109.9275 109.1347 110.8343 110.4356 110.6674 110.2374 110.4044 111.1935 110.7380 109.1700
119.2900 119.2412 117.9208 117.8514 116.5640 116.2918 116.1535 114.2099 114.3156 114.2185 114.9263 113.5092 114.1914 112.2664 115.8399 112.0060 111.8325 112.5957 112.1877 113.3633 112.8072 111.0803 110.8324 110.4381 112.6784 114.3998 110.0375 109.7452 111.7479 110.0167 109.9010 109.8463 110.6937 110.7460 111.1412 111.1055 111.2058 110.3850 110.3431 113.0800
119.3400 119.3600 117.4700 117.4700 117.3300 116.3500 115.7200 115.3700 115.3400 115.1700 114.7500 113.8800 116.1800 112.9000 113.1600 112.8100 113.8100 112.9000 113.2800 112.1300 111.4600 112.6700 112.6700 110.4600 111.5300 115.2500 109.6400 110.1800 111.4500 111.5600 109.9400 109.8100 110.8900 110.9000 111.3800 112.5200 112.5200 110.4400 110.5000 113.0800
