109.9000 109.9000 110.3200 109.6400 110.5400 115.0600 112.2700 116.4500 115.8700 116.7900 115.6100 111.7800 115.9800 114.0200 112.9200 115.5600 115.0100 115.9600 117.2900 117.0500 116.5600 115.4900 115.1000 115.1000 115.0200 109.7100 109.6400 109.5000 113.8400 109.3800 109.3800 112.7400 112.9300 108.9900 109.0300 112.8700 112.5200 113.1100 113.0700 113.0700
111.2100 113.3055 111.0742 111.9501 111.1742 108.5486 116.4861 115.6044 114.9590 115.7578 116.2016 113.1044 117.3920 113.9557 113.2489 113.5886 113.9039 116.6661 118.0950 117.3030 116.8277 115.9800 113.8788 110.8729 114.2138 109.5175 109.5202 109.2943 109.2950 108.8106 111.2262 110.8801 110.0273 108.6802 108.5055 111.8721 110.5248 109.9512 111.8080 111.7300
113.4800 113.5954 110.6552 112.9026 111.9661 112.8207 110.9978 114.0202 112.8658 112.2506 112.0232 114.2700 118.1670 116.4722 113.6842 116.5492 114.7074 117.6846 116.2505 118.5618 117.2236 115.3344 115.7174 114.6843 109.4455 110.9101 109.2142 109.1271 108.9823 108.9057 108.7001 110.3058 110.8594 108.5718 108.2199 110.3606 109.3761 108.8429 110.2995 110.3300
109.3000 110.2100 111.7001 111.0724 109.3423 111.4743 112.3987 111.7529 115.1357 115.9624 115.0793 111.4560 116.8662 112.4890 114.4410 116.4459 113.9385 115.2807 116.4466 117.2468 116.4411 114.3054 114.8514 114.3767 108.8941 109.7869 108.8964 108.7830 108.6507 108.4934 108.3303 108.7984 107.8934 107.9037 107.8523 108.9258 108.6992 108.9505 108.7772 109.0700
110.2300 114.6846 114.1461 109.5808 113.4554 110.0973 109.8033 113.7079 114.3435 110.6480 114.5349 109.3251 109.4119 109.0542 111.5918 110.5633 115.2143 117.4520 116.2401 115.7888 115.7459 116.3725 114.2009 113.7707 109.1629 108.8764 108.8308 108.4971 108.2765 108.0797 107.9206 107.6944 107.6931 107.5646 107.4090 107.2960 107.0838 107.4433 107.5143 107.8600
115.8900 114.3497 112.0933 110.5310 113.6112 109.5525 109.8670 114.4833 109.6541 112.1636 108.8143 112.9637 110.6768 110.5282 111.4786 109.5869 115.0916 116.0522 116.1038 115.5935 114.4823 114.4745 115.6909 112.3866 108.3729 108.8606 108.6429 108.4584 107.8457 107.6058 107.4051 107.2239 107.0414 106.6487 106.8207 106.6775 106.6125 106.6265 106.6141 106.9200
119.4400 108.7563 115.1012 110.0977 110.7259 109.6840 109.6693 111.8065 113.7629 115.3758 108.4535 110.8189 113.5494 114.0200 110.6749 109.1148 117.1268 115.4304 115.4110 115.5654 114.7050 111.1071 112.7353 109.7123 108.4653 108.6692 107.8350 107.8423 107.3373 107.0766 106.8099 106.5996 106.4614 106.1891 106.2050 106.5506 106.2356 106.1986 106.2447 106.3200
113.7100 108.6188 110.5029 108.7361 110.4187 109.9639 109.2254 108.9088 112.2880 115.2802 113.0668 114.8269 114.0227 115.8842 112.6978 109.1052 111.7348 110.2387 114.3233 115.6797 112.8056 109.5887 107.0864 109.1881 113.3033 108.1124 108.2436 107.6197 106.8174 106.4245 106.2807 106.2070 106.1599 106.1212 106.1670 106.6756 106.5954 106.3402 105.8745 104.8200
118.7300 112.6306 115.9711 109.2987 110.2613 109.9408 109.2366 110.1811 115.5586 111.4845 111.9163 111.5028 111.8429 115.5330 115.5496 108.0517 106.8812 107.5452 112.9175 116.5636 113.1396 111.0548 109.3283 106.7743 108.4007 108.1835 107.4264 106.4099 106.2281 106.1455 106.2058 106.2147 106.2563 106.2577 106.2943 106.2311 105.8430 105.7945 105.5124 105.6000
118.7300 114.6038 116.8245 109.0293 110.8112 109.2034 111.0331 110.5241 115.5552 114.1174 112.0328 110.7220 112.1786 110.6060 111.4037 114.1563 110.1906 107.4138 110.5098 108.7111 110.2642 112.3995 110.0242 111.7269 107.1860 107.3992 107.7209 106.2319 105.9860 106.1546 106.2350 106.3073 106.2888 106.3341 106.1306 106.5517 105.8816 105.5854 105.6141 105.6100
115.4000 115.0396 118.6160 110.5665 110.6240 109.6168 110.7453 108.8123 117.1983 113.9710 110.5905 111.9434 113.4008 114.1992 109.4173 110.1248 109.5219 113.8513 110.6263 109.0120 108.8041 110.7775 108.3830 108.5560 107.4645 107.6989 107.7696 106.6233 106.2680 106.6379 106.5368 106.3245 106.4990 106.1964 105.0649 105.1395 105.7444 106.2569 106.0506 105.7000
111.2200 115.8158 110.6989 110.8099 110.0574 109.4725 109.6961 109.4205 116.5577 111.3891 109.4903 113.4044 108.7548 109.6359 107.7254 109.5307 108.7801 110.6125 110.1534 108.6930 107.9913 107.5339 107.9505 107.1893 107.7624 107.6326 106.8004 106.4409 106.8655 106.8681 106.6055 106.3296 105.5108 105.1568 104.3529 104.1196 105.4832 105.6732 105.3399 104.9100
111.4100 112.0261 110.9356 110.7263 110.1365 109.2883 108.6285 112.6935 110.6855 113.8651 110.5255 110.3172 111.7766 109.6240 108.9408 109.6209 108.4516 108.5513 108.8200 107.8237 108.3142 107.6883 107.3120 107.2235 107.2259 105.7874 106.2278 106.4898 105.3298 106.0159 106.1469 106.0207 105.1936 104.8999 103.9270 104.3100 104.4087 104.7634 104.4426 103.8700
110.1500 113.3879 115.9554 112.6404 115.4115 111.4327 112.0479 115.6958 113.8727 116.6990 110.4003 110.8509 109.1893 108.7478 107.5330 109.3882 108.9932 109.0027 108.9890 107.7223 107.9309 107.9801 106.8836 106.4918 106.2781 106.1436 105.5146 105.6361 106.1601 105.9078 105.6779 105.1010 104.4161 103.9049 103.2059 104.3566 104.2804 104.9858 105.0264 105.0300
111.5100 110.5905 109.9530 112.2711 112.4121 114.1982 114.2784 113.7634 111.9046 116.1600 114.6862 113.2660 111.0337 109.3746 107.9564 109.1040 108.8560 109.1691 108.5339 108.4418 107.9240 107.6280 107.2769 105.8491 106.3461 105.7868 104.9272 105.0650 105.2153 105.0475 103.8484 104.4598 103.7542 103.1746 103.0801 103.3409 102.6759 104.0738 102.9629 104.0900
115.1700 112.3056 109.9234 110.2127 113.5124 111.9571 114.0610 113.3725 113.8165 114.1256 115.7232 112.3318 110.0245 110.0244 108.9923 110.8973 109.5939 108.9500 108.2735 108.0146 107.8384 107.7121 107.4163 106.4959 106.0305 106.4736 104.5772 105.3925 104.7655 104.7466 103.8705 104.4650 103.4158 103.3561 102.2224 101.4812 101.0494 101.9953 100.8521 101.5200
115.1700 112.5723 111.8168 112.5196 109.9187 109.2507 108.5654 114.6136 113.8386 113.3368 113.3377 110.5929 111.5466 111.0093 111.1490 112.5977 110.4973 108.1298 108.3699 108.2201 107.6875 106.9129 106.7921 106.6155 105.6487 105.4554 104.9117 104.8305 104.3139 104.3371 103.1269 102.4407 101.4558 100.8599 100.7434 100.7729 100.4715 100.1930 100.4575 101.1400
108.6700 112.1369 116.0062 108.1466 109.5838 108.7544 111.7768 111.8390 110.3932 110.0559 109.6121 107.9571 112.4688 109.8849 108.0481 109.5050 108.2646 107.6003 108.0652 108.1841 106.9213 107.8338 106.8587 106.6112 105.4559 105.0396 105.6104 105.1165 104.6717 103.0259 101.9573 101.1964 100.5541 100.3867 100.0066 99.6917 99.6482 99.0842 99.1523 98.9100
111.2300 110.2580 111.9208 113.8628 111.3282 110.6700 112.2117 115.1160 114.4855 112.0158 109.4096 110.0902 110.2714 107.9224 108.1710 108.3201 108.5919 107.7600 108.2867 107.5517 106.4354 106.7681 106.5772 106.9747 105.6990 105.5806 106.1560 105.5194 103.8740 101.9426 101.4511 100.4161 100.2430 100.0555 99.3076 98.7255 98.0039 98.0065 98.2219 98.1700
109.3800 110.9035 112.2659 112.7804 112.5606 109.2704 110.3309 116.5859 116.2882 115.2610 114.5310 111.5529 108.8450 108.0084 108.9012 109.1263 108.8058 108.5684 107.8499 106.9390 107.0764 106.6390 106.0034 105.1961 104.3907 105.6546 104.3330 102.8554 102.8512 101.3902 100.4237 100.1933 99.9986 99.1928 98.6620 98.0306 97.9912 96.4330 96.7726 96.5700
108.7500 109.3052 109.6731 109.6500 109.5209 108.7535 109.3400 116.0249 114.2956 116.3831 115.9717 114.4082 114.1803 111.2609 109.3774 109.0676 108.6745 108.5469 108.0141 107.6188 106.9645 106.6765 105.4896 104.9830 106.1045 104.4532 104.8935 103.9917 101.5275 100.8193 99.9068 99.6133 99.1453 97.6538 96.6425 96.6038 94.9140 94.3876 94.3337 93.6600
109.5100 109.5968 109.5569 110.2000 108.9925 109.3605 108.8242 109.9932 114.7650 114.3071 111.0643 113.7610 112.6860 114.7644 114.3338 109.7220 108.5602 108.1441 107.6977 107.4331 107.6158 106.3642 107.1012 105.9000 104.3194 103.4194 104.6204 102.0386 101.5508 100.7125 99.8260 99.1980 97.8757 95.8716 94.9120 93.9254 93.3666 89.2339 88.4050 90.1200
108.9500 110.3786 111.1323 108.3876 110.0070 109.1164 109.0681 109.5493 111.8415 110.8128 111.0354 116.8898 111.9091 112.4950 114.0733 107.9365 107.2996 107.3955 107.3373 106.5019 107.3173 106.9758 106.1337 105.7050 104.3753 103.9560 102.7534 102.2682 101.4379 100.6520 99.7812 98.0391 96.7900 95.3465 93.8430 91.5257 90.3998 84.7131 86.9860 85.5200
110.3200 111.4227 108.7276 108.4403 108.9815 108.4849 109.9204 108.1926 111.2369 113.2688 113.1726 114.1127 111.7661 110.1491 112.1467 111.3311 107.3551 107.9563 107.4824 108.8822 107.5161 106.6625 105.6389 104.8563 105.5124 104.6758 103.1212 101.9698 101.1895 100.2505 99.1994 97.7801 96.1342 93.4904 90.4966 85.3256 84.8464 80.2873 81.0252 84.7500
110.5400 109.4158 109.9947 110.0093 110.5139 111.1323 109.8086 109.3945 112.0644 111.3759 109.6071 112.5651 114.1640 109.2924 107.9302 107.2675 107.7607 106.9232 106.6167 107.1950 107.2602 106.5056 106.2582 105.9435 105.7131 104.3478 102.4691 101.9148 100.9093 99.8062 98.4675 97.4786 94.9450 90.3470 86.8305 82.4995 74.5640 71.6904 73.9148 79.6900
111.1300 109.6511 109.4425 109.2710 110.7822 109.4784 109.5769 109.9480 108.9332 107.7727 111.5246 108.3593 116.3546 110.9639 111.9150 108.5872 107.5114 107.2281 106.2696 106.4795 106.7204 106.7004 105.8837 105.1544 105.7813 104.6044 102.3707 101.8927 100.9868 99.5065 97.7980 96.4283 95.1901 89.6010 85.8640 82.7168 68.7574 65.1516 68.7467 79.6900
109.1300 109.3814 109.9391 108.9090 108.5591 109.1047 110.0863 109.2439 109.0691 108.6555 109.5951 107.8628 112.2580 110.7480 111.5545 108.9583 107.7375 106.9492 107.4395 106.2269 107.0027 106.5055 106.3927 104.9122 104.5797 104.7995 102.6320 101.8916 101.0240 99.4313 97.6098 95.7844 95.7423 92.7139 85.0685 82.7373 70.5069 66.2675 69.9820 82.7600
109.7100 109.8530 109.9991 109.6430 111.7166 109.0805 111.0130 109.0585 110.2807 110.8052 108.8687 108.5944 109.0836 108.9275 107.9915 108.1901 108.1093 108.0693 106.8342 106.7718 107.4151 107.0336 105.9556 104.9821 105.2658 103.6492 102.5734 101.9621 100.9312 99.6437 98.4700 97.3053 95.5917 94.0117 87.5286 85.2187 77.2949 74.8854 76.0993 82.9300
115.2700 115.3998 112.6531 109.1097 113.4816 108.8791 110.1181 108.1427 110.6287 110.2408 108.9739 113.7777 109.4522 108.6634 108.6265 108.4335 108.2576 108.5031 106.4498 106.9892 107.4527 106.5743 105.2008 104.6713 105.0053 103.4743 102.5890 102.1392 101.4419 100.0966 99.0686 97.8448 96.8285 93.8797 89.5335 87.0272 81.7090 80.2856 81.1044 84.0000
118.3900 115.9449 114.2058 110.9079 110.5836 109.7559 108.1560 108.7509 110.3063 110.0291 110.1638 113.5100 109.2376 109.1969 104.1981 109.1137 108.6658 107.7136 107.2487 106.6711 106.3688 106.3834 106.3825 105.4038 105.6218 105.7347 102.5377 102.8676 95.8422 101.3677 99.6235 98.0223 96.6824 94.1116 92.5567 89.9367 86.9399 86.1002 86.8832 89.1000
119.3000 117.1385 112.8144 114.6311 109.9557 109.8394 108.8148 111.1422 110.2515 114.7593 114.6702 115.0330 110.7615 111.9243 103.8079 109.3821 108.6232 107.8850 107.2621 106.8342 105.9695 107.0590 107.1098 104.6800 105.6628 103.9179 104.6011 102.4313 102.0079 100.9040 100.0966 99.2463 97.8948 96.3432 95.1591 93.1156 91.7958 90.3351 91.4045 94.4000
110.4500 114.1633 112.3709 109.6077 112.8445 108.6065 108.3927 113.8796 116.1482 108.7154 109.9921 109.2687 108.9752 108.6208 104.0442 109.3658 108.3655 108.4991 108.2669 106.9630 106.8029 106.9839 105.9636 106.5253 106.3845 104.6498 103.7776 102.8505 102.3413 101.6529 100.6711 100.1741 98.9849 98.0302 96.8938 95.2677 95.0214 95.0939 95.4233 96.2700
112.7000 116.3262 112.4874 110.1768 109.0758 108.8293 115.6240 115.1218 109.0451 110.1256 110.1278 110.1543 110.3930 109.4353 109.6109 113.1819 107.2094 108.0879 107.7769 106.4708 106.6323 106.8751 106.3467 106.8612 105.5235 104.6634 105.8916 103.2022 102.6548 102.1275 101.3426 100.6628 99.9031 99.1847 98.0953 96.9897 97.1259 97.0541 96.9973 97.4800
111.8500 115.1531 113.1119 111.8524 110.9205 113.7016 115.6000 112.5125 115.4350 110.0295 111.4467 113.4437 113.1120 114.8974 114.8268 110.0607 108.8407 108.6728 107.8289 106.8724 106.6618 107.0681 107.2662 106.5530 105.3335 105.4551 105.8961 103.8395 103.2486 102.5249 101.9737 101.4256 100.5513 100.0847 99.0419 98.3838 98.0752 98.2007 98.4138 98.5800
112.4600 115.9687 115.6463 114.5665 115.6212 118.4597 117.7072 116.6655 115.0958 111.8591 108.3071 112.2410 111.2182 107.5029 110.9699 111.5261 108.6943 108.1588 107.4508 107.4752 107.8097 107.5703 107.6437 106.3591 106.2429 105.1245 105.7861 104.2208 103.9883 102.9552 102.2352 102.0167 101.4483 100.7356 100.4094 100.4617 99.6320 99.2870 99.4326 99.9000
112.4600 118.4798 111.5895 115.9645 114.6614 115.5409 116.6287 114.1478 112.2302 111.6052 107.6352 109.0877 110.2291 106.7699 111.2960 110.8456 108.2675 108.5239 108.0920 108.1382 107.7335 106.4862 106.8610 106.9503 106.8641 106.4484 106.0613 104.9549 105.8048 103.3964 103.0525 102.6987 102.2196 101.7993 101.3786 101.2351 100.9536 100.8182 100.8976 101.1400
118.9400 118.3055 114.0894 116.5221 115.5122 116.3197 113.2907 111.3674 110.7130 108.8573 109.1828 108.9630 110.2455 112.7663 114.0285 110.7186 107.7780 108.4088 111.5739 107.7729 107.2849 105.5263 107.3681 107.3260 106.8985 106.1861 106.7570 106.2245 105.4831 104.5217 105.2028 103.0194 102.9722 102.5880 102.3013 102.1412 101.9558 101.9126 101.9460 102.0200
119.5700 119.9533 110.3952 114.0418 116.1496 116.4054 111.5833 111.7612 112.2226 110.8383 110.5181 108.3387 114.9060 110.5067 109.7863 108.9894 111.9366 109.1357 109.1659 106.6627 106.6419 108.1022 107.0321 106.4274 106.0870 106.6553 106.4863 105.8823 106.2972 105.9293 106.8891 105.4293 103.5860 103.6402 102.9745 102.9725 103.7599 102.6378 102.6856 103.1800
116.8300 113.8856 112.4529 117.0708 116.3137 110.7944 115.1914 114.0494 113.1603 111.0807 108.8270 109.4321 114.4642 108.2798 109.9510 110.2654 109.3781 110.5275 109.7199 106.4875 107.1122 107.8048 107.0953 106.3963 107.6108 106.7492 106.2400 106.3490 106.3467 105.6945 105.8767 104.5941 105.6500 105.5778 103.9239 104.9110 105.8177 104.6802 104.9158 104.1700
116.0600 111.3900 114.3300 110.0800 114.4800 114.4800 115.7100 113.6800 112.9100 109.5400 108.4200 111.0300 109.9800 109.9800 113.0900 113.0900 114.2300 114.1500 113.4900 113.4900 107.1100 113.2300 108.4500 107.9200 106.6700 107.8500 107.3100 106.4500 106.4500 106.8300 106.1500 104.5700 104.5700 104.0500 105.0800 105.9100 104.6100 103.9900 103.8700 104.4400
