116.4000 116.2600 114.2300 117.1000 113.0400 116.3100 118.1900 118.6700 109.2100 104.6200 104.4600 104.6100 104.7900 104.1000 105.3900 107.8500 113.9500 107.1000 102.4500 102.3400 99.0500 100.8500 100.5300 99.8300 99.0700 98.2300 98.0700 98.0700 99.2000 99.0500 99.8900 100.5500 100.7200 99.1800 102.5800 107.5000 113.8400 110.9400 107.4300 105.6400
113.8600 116.1337 117.5168 117.0661 112.7959 119.5376 107.2899 116.7867 116.1935 106.3949 104.0870 103.8064 108.0790 106.8180 106.2436 112.7633 113.3016 102.7716 101.1031 99.3348 100.8549 100.0769 99.3991 98.6984 98.1385 97.8100 97.4067 97.4716 97.7889 98.3139 98.9467 99.6502 100.4422 100.3027 99.7501 103.7016 112.5123 112.3703 111.5744 108.3100
116.9700 114.9477 116.0022 115.2166 118.5576 105.8853 108.9161 110.5203 111.8371 106.5717 107.7601 105.1013 106.5677 110.3418 109.3298 115.1235 111.7550 100.9641 100.8212 100.3321 100.1951 99.1806 98.2579 97.3129 96.4101 95.7081 95.3598 95.4557 95.9526 96.7418 97.6563 98.6280 99.4760 100.5797 100.2267 100.0647 107.2926 109.2214 114.1774 109.0100
111.9400 115.1355 116.4359 112.6611 108.7463 116.2397 111.7087 114.0414 104.3921 104.6269 104.7728 107.6952 106.2625 113.9645 109.0289 113.7540 107.4812 100.5577 100.4118 100.3436 99.3024 98.2192 96.9656 95.6201 94.2488 93.1302 92.5132 92.6725 93.5006 94.7484 96.1434 97.4492 98.6503 99.6755 100.9327 99.2104 102.7545 110.7673 114.7333 110.0000
115.9600 113.3670 114.5688 111.9902 117.4272 114.3981 114.8792 107.3783 104.5501 109.1500 107.8870 108.4659 107.3300 107.6611 114.9385 106.9790 105.0927 100.3941 100.8968 99.6699 98.5760 97.1938 95.5446 93.5900 91.4789 89.5484 88.4935 88.7530 90.2237 92.2794 94.3453 96.1934 97.7428 99.0629 100.1100 100.0570 100.4923 107.1391 114.7297 110.9900
111.6000 112.2118 113.1548 115.9697 107.0077 112.8784 107.8048 107.9926 108.0833 106.8581 108.5931 107.6466 112.7335 112.1380 107.1460 104.3428 104.0929 101.0491 100.4464 99.2295 97.8385 96.2978 93.9847 91.3112 88.1149 85.1721 83.2661 83.7724 86.1711 89.3450 92.3914 94.9033 96.8787 98.4390 99.6249 100.6645 99.8628 104.3076 113.5185 114.1300
109.5500 109.2161 112.4452 113.1452 110.0996 111.9962 110.4362 110.0819 112.8504 109.2186 106.8491 106.9966 108.2245 106.8449 103.8861 103.0334 102.4865 101.5741 100.0633 98.8521 97.6077 95.8650 92.8743 89.0767 84.7238 79.6258 75.2001 76.2681 81.7753 86.3820 90.5418 93.7583 96.1507 97.9412 99.2958 100.5585 99.9303 102.6324 111.8762 114.0800
112.4800 108.6684 111.8091 113.0464 111.5784 114.0876 113.3541 108.5086 107.4903 105.7774 106.7525 105.9620 105.1402 103.1286 102.8590 105.3151 104.6137 101.1398 99.8660 98.7307 97.3137 95.2353 92.2794 87.4796 82.2408 73.3084 68.1584 69.1118 77.0782 84.2496 89.2156 92.9694 95.6696 97.6342 99.1070 100.3623 100.1751 101.8034 110.8383 114.0600
111.7700 110.0122 113.6511 112.4307 112.8165 109.9810 113.9512 106.9927 106.9152 106.0975 107.2047 106.1821 105.9765 103.6601 102.5555 104.5517 106.0220 101.1948 99.8253 98.7434 97.1636 94.8232 92.2886 86.9510 81.4012 71.1337 65.0888 66.5146 75.4491 83.6633 88.8608 92.7722 95.5487 97.5585 99.0695 100.2985 100.2731 101.7070 110.5729 114.0500
115.2400 113.6606 114.9571 112.4677 113.0293 110.9875 113.1737 111.0238 107.2743 106.7581 107.0675 106.0952 106.3203 103.8452 105.4626 106.7240 102.7740 101.6688 99.8728 98.9813 97.2335 95.3067 92.3833 88.3452 82.8856 75.2339 69.8555 71.0979 78.6992 84.8652 89.5848 93.1978 95.8076 97.7228 99.1714 100.4094 100.1229 102.1185 111.0856 114.0700
114.9600 112.6667 114.5459 114.7283 109.9721 109.8693 109.6890 107.2126 109.4939 109.1109 110.0622 111.2672 104.6797 104.7149 112.7525 104.2405 103.0529 99.9110 100.3981 99.1336 97.5819 95.9614 93.2573 90.4522 85.7249 82.9027 78.2945 79.1880 83.3850 87.3950 91.1653 94.1485 96.3854 98.1019 99.4148 100.5928 99.8331 103.2160 112.2501 114.1000
114.4200 114.4233 115.2727 108.1354 109.0775 109.7100 107.1229 105.1002 110.4424 109.6747 108.9018 109.3663 112.1030 104.5869 104.6574 107.7197 104.0924 101.8033 100.6625 99.8364 98.6681 97.3845 94.6668 92.5736 89.3835 87.1060 86.1173 86.0080 87.1172 90.4958 93.1509 95.3766 97.1773 98.6570 99.7846 100.5184 99.9311 105.3321 113.7957 114.1500
107.1000 108.4133 115.3070 112.2292 113.8021 109.5768 112.5862 106.2075 106.5736 110.6547 105.1553 105.1834 109.1147 109.6986 109.8765 102.8892 104.3718 101.5471 100.9808 100.5047 99.4859 98.3858 97.0831 94.7136 92.4579 91.1504 91.0731 91.1254 93.1896 95.0884 95.7838 96.8616 98.0453 99.2936 100.4173 99.7876 101.2591 108.7517 114.6205 111.5500
107.1900 109.2869 114.5868 114.0756 111.7145 112.8701 113.6316 111.8962 107.4135 105.4035 105.6146 106.1111 106.1208 107.1726 109.3616 104.8503 104.3498 96.8958 98.7078 101.1160 100.0721 99.0520 98.1854 96.4897 94.9251 94.4240 95.0674 94.7799 95.6466 96.0146 96.7580 98.1125 98.9949 99.8438 101.2275 98.9222 101.9399 109.4487 113.3856 114.7900
113.4300 114.5844 108.9490 109.2275 103.8707 115.0844 111.2468 110.3202 110.6764 107.2009 105.1169 108.5257 104.5383 107.2137 105.3622 102.6509 102.5156 106.1075 98.2184 101.8484 100.7662 99.8350 99.5541 99.0781 97.4569 97.3492 96.8433 96.6227 96.7581 97.9450 98.4865 99.0556 99.8901 100.5935 101.3735 101.4671 104.9993 105.7984 110.7447 109.8000
116.9400 115.8668 115.3234 112.7807 102.4877 111.2596 110.8008 106.9754 106.4699 108.5982 108.9025 106.2142 104.7160 105.2967 108.1198 101.3936 100.3964 100.0905 104.3124 102.1579 101.2570 100.8325 100.2426 99.8167 99.2070 99.0605 98.2151 98.3051 98.4078 99.1174 99.7245 100.0507 100.9363 102.9779 102.3128 106.2447 112.5690 114.8210 111.0905 109.8000
117.4100 110.7747 112.2654 115.3663 104.0380 104.9867 113.7351 111.0489 106.5049 106.2280 106.2718 107.5293 106.5597 105.2531 107.6804 104.3338 105.2491 98.9486 106.4968 106.8127 101.8520 101.7758 101.1025 100.6711 100.4394 100.2275 99.7521 99.7299 100.0348 100.5053 100.5209 101.9918 102.4151 105.5423 102.7339 105.1885 109.0149 112.9680 105.9627 109.4700
107.7100 109.2811 110.8091 113.9625 101.4524 109.6872 111.2163 110.2444 107.9163 107.6827 107.9989 107.0892 106.3677 106.0776 108.0667 106.6642 106.9765 98.9103 103.2357 106.1486 104.2949 102.7766 101.8570 101.8534 101.0860 100.8533 100.8662 100.8524 100.7952 101.3184 101.8277 107.3207 104.6363 104.4081 106.1225 105.1497 102.8180 113.6169 114.2306 113.8800
105.6500 110.7449 113.2508 112.5758 102.6801 112.3458 107.8831 107.7902 108.7791 108.2998 107.3093 107.6264 106.4219 106.8755 105.8888 104.4070 105.8061 107.6830 106.9740 104.1853 103.8065 101.0006 97.2644 101.9762 103.5539 102.8109 102.6591 102.4878 103.2109 103.8174 102.8487 104.3675 106.7575 104.2040 107.5231 110.8492 104.6590 107.0839 110.7385 111.4700
110.1300 108.9250 113.5724 108.7968 106.2608 110.7561 107.6095 109.7696 108.1114 108.5590 108.1455 107.3772 105.8693 108.2260 105.7975 106.4308 104.7888 105.1807 105.4522 104.4385 104.7084 106.4795 104.6685 104.9992 104.9271 102.3679 101.2594 101.4828 103.7226 104.9611 104.6178 104.9104 103.7196 104.1875 102.3593 105.3186 108.9334 110.2580 107.1790 110.5100
109.1700 108.2272 112.8953 109.2010 109.3034 111.5406 108.0899 108.2305 108.5174 108.1061 107.6626 107.8744 107.2029 111.6802 104.6474 107.2590 106.4516 103.6271 105.1589 104.9616 105.0536 104.7343 104.7829 105.3055 104.9228 104.4505 101.2231 101.0121 104.1345 104.6901 105.5644 105.7081 106.1440 102.8299 101.8770 103.2474 103.0627 102.9770 106.4192 107.3500
110.3800 109.6960 112.9501 109.5813 111.8144 108.8296 109.2859 107.6241 105.5680 107.9982 107.5521 108.4691 106.9206 112.7889 106.6236 112.0960 111.8383 103.5236 106.4667 105.6050 105.6782 104.1710 107.0819 103.8235 104.8431 106.8794 105.2277 103.9971 105.2189 104.0924 105.9478 106.1024 103.2554 101.4509 104.9443 103.5977 102.7807 105.2902 108.0165 107.6700
110.9700 110.6612 111.2810 108.2494 109.7800 109.8802 106.3524 109.3807 104.4021 108.6921 107.7628 108.4171 108.2541 113.5183 106.2666 108.7731 107.1909 105.6751 107.1548 106.2775 106.2826 103.7242 103.3017 101.2692 103.5628 107.4881 101.6877 105.9217 107.6336 106.4468 105.7588 103.0306 103.0907 104.5034 106.8107 104.7635 105.0157 107.5810 106.2284 106.3900
113.7500 112.0803 107.5529 111.5680 109.7442 109.4015 109.5159 109.3346 108.5311 108.7092 108.1908 109.1587 113.3745 112.9740 109.1086 104.9264 104.9321 106.0450 105.6795 107.1130 105.9425 106.2761 105.5770 102.2251 102.4953 107.6654 104.1617 105.4990 106.9654 101.8826 104.8570 104.1332 103.5378 103.7609 105.4750 105.6537 105.5566 106.8374 107.1064 108.0300
113.6900 108.6683 111.0847 111.1789 110.1778 109.9885 108.3381 110.1552 110.6231 112.2613 109.0525 111.6439 113.9060 115.9640 108.4756 106.8242 106.6831 106.0689 104.7529 106.1505 104.0276 107.4983 107.8703 105.3605 105.3611 108.7236 105.2518 104.7198 109.9242 105.5079 108.5167 104.0057 104.7398 105.1365 106.1947 106.4505 106.7627 107.7271 107.7763 108.1400
111.8300 109.6100 109.9747 111.3422 109.0701 115.4255 110.4792 109.8900 110.0307 107.0969 108.6617 108.9711 113.2511 115.8234 113.3162 107.6569 107.7659 107.3914 106.1224 107.5900 107.0636 113.0731 108.3919 105.0052 106.1086 108.7976 104.2496 104.5467 108.8406 103.6843 105.8571 106.1073 106.9598 106.4801 106.9712 106.7243 106.7019 107.2692 107.5458 108.1400
111.8300 112.1449 112.6552 115.5169 109.3253 112.2094 116.5347 107.0610 110.8609 111.7119 112.6477 107.7473 111.1331 111.8654 111.8182 107.8103 108.1911 107.9572 107.8047 107.5107 107.1668 111.3926 105.3619 105.7486 108.3980 114.3928 106.3738 106.8352 105.7017 105.3684 110.1055 105.8002 106.2137 106.2696 107.6898 106.9858 107.6523 108.2546 108.8318 108.8700
111.9700 116.0848 114.0556 113.1330 108.8283 112.4067 107.7072 109.1087 111.0712 114.8391 111.5774 111.5030 108.9392 111.2470 105.5997 108.2375 111.2654 109.8927 108.0047 111.6536 108.0304 108.0530 111.6077 112.3647 113.1777 110.6378 107.5189 110.4175 106.5152 106.0077 105.5059 110.2101 107.9290 108.1635 108.2194 107.0924 107.8752 108.2715 108.0317 108.1100
116.4000 113.9738 114.9107 110.7667 113.4921 113.7754 108.2047 108.2942 109.7838 110.0482 109.7215 111.2452 110.6008 109.3931 107.9139 106.4748 111.1439 109.5467 109.5823 111.0997 114.1005 112.5530 109.9838 115.5095 114.4548 113.0875 110.3930 111.6051 107.1767 106.7607 106.4664 112.5122 108.3953 107.9802 110.5881 108.1564 108.3854 107.5632 107.7912 106.9800
114.2100 111.4144 109.7715 112.1650 110.9907 109.4933 107.0093 108.2808 108.1615 106.9794 108.9107 112.9175 111.5509 108.0167 107.6416 105.2966 108.8036 103.6856 110.5287 116.6332 115.4188 114.2362 110.7071 114.7253 114.9593 113.0732 110.8004 109.9015 111.8279 108.3516 107.5811 110.4756 110.0017 109.3868 113.7316 109.4997 108.1335 107.8468 107.1839 108.1300
112.6700 113.5093 116.0986 116.7939 114.8623 109.0079 107.1797 108.5148 110.7636 110.7157 112.0048 112.0509 111.5694 111.3782 105.3724 109.0443 109.3568 109.3190 107.7456 104.6535 111.8524 108.2666 111.0579 115.6321 115.1115 110.6716 113.5913 112.0062 116.1274 108.7169 109.2082 111.7146 103.5119 110.1180 113.7868 109.4878 107.6747 108.6466 108.2858 108.9100
118.0800 118.7980 116.1973 116.0215 110.2743 108.8821 108.1964 111.5812 112.1813 107.1096 108.9518 105.6809 115.2828 112.4744 108.6491 112.3313 106.8710 104.4427 107.0916 103.7920 104.0585 107.5547 107.2472 106.5994 110.2740 112.1963 114.5459 110.5840 107.8548 102.4113 102.0979 109.5526 104.4414 108.6220 109.8334 111.0688 108.0419 108.3373 109.0221 108.9400
113.4800 115.1724 114.0159 113.7883 110.3972 109.9699 115.0874 118.5107 112.7684 110.7410 109.3977 107.6991 109.9360 112.5660 111.3220 113.1548 110.8478 104.9517 104.1291 102.9863 105.3434 108.2481 107.1181 109.1062 109.8857 106.6447 113.8337 108.9462 109.6086 104.7113 104.7994 111.0279 108.8847 102.9007 108.4643 110.5268 108.8343 108.0221 109.1192 108.7500
116.8500 116.6647 113.4795 114.0280 111.3532 111.6670 116.0708 113.9893 113.1720 111.6145 109.0539 109.3522 111.9924 114.0418 112.4451 109.4176 112.0482 106.6241 104.7594 103.7174 105.3982 107.2651 108.9195 107.4914 108.3661 107.9346 110.5390 110.2259 109.9199 107.2767 110.9979 108.4281 110.0639 106.0880 107.9902 108.7032 109.3523 108.9300 110.8136 109.3100
118.1700 116.4420 115.0602 113.6433 112.6016 113.3793 113.5445 113.9309 112.3672 110.3759 109.7452 109.5840 113.4604 109.4261 113.5506 110.2541 111.6122 108.1078 107.4580 105.6787 107.5757 109.4713 111.4985 105.8684 107.2619 106.2373 107.9294 109.3122 109.0989 105.2087 107.9649 109.1113 108.6367 107.5603 110.3666 107.2307 107.5576 111.1746 109.7105 109.1500
116.7200 115.6068 117.0838 115.4656 112.7228 113.5818 113.3289 111.5009 109.0340 108.4142 111.5062 108.8018 110.3487 110.7883 110.9310 113.5879 114.7535 110.7069 110.2283 110.1138 110.7078 109.4562 108.5222 107.6498 110.2466 111.5048 114.5501 107.0960 107.7332 105.1559 106.2850 108.8636 106.7782 109.2296 108.5440 109.7066 107.4880 110.1323 109.5483 109.1500
116.7200 118.7396 117.5884 116.2101 116.0227 114.1135 110.2191 110.6509 111.0951 111.0003 109.8785 109.6538 107.0959 108.8017 110.5823 107.2919 110.2614 111.8614 110.3161 109.8161 112.3202 107.2066 106.2092 110.3390 108.2450 109.5996 113.8476 109.3496 106.0130 107.0068 106.6425 108.2282 108.2132 108.4997 106.6585 108.2229 108.4844 109.5701 109.3554 109.8000
120.3800 118.4214 118.9865 115.5492 113.6195 113.6667 112.1979 111.7161 112.5841 111.7048 109.5983 111.6199 110.8864 114.3395 110.6815 110.2827 111.3928 112.7268 112.0722 110.7801 111.2276 108.4066 109.5122 111.9182 111.5491 112.2360 114.1787 111.0621 107.1819 107.7240 107.5258 108.2605 107.4169 109.0739 107.3134 109.0039 109.0605 109.1390 111.8120 110.9700
120.6900 116.4048 113.9633 115.1474 114.4832 114.2663 112.4254 112.0447 111.6620 111.1661 111.9203 112.6596 110.4297 110.9317 111.4026 111.5967 114.6538 112.8257 113.1688 112.9062 113.0009 112.8321 109.6850 112.0581 110.9675 112.0701 107.6796 107.3823 107.5492 107.2684 108.8896 111.1207 109.5053 108.1872 108.7585 110.9049 110.9302 109.4126 113.0261 109.5300
120.6900 121.8200 121.8200 116.6000 114.8100 114.0800 113.0600 113.2100 112.3600 111.6200 111.8000 113.0700 111.0900 109.6100 111.9600 112.5900 112.2900 115.2500 110.6400 108.8100 109.8000 109.8400 114.4700 109.4200 109.4500 110.9000 109.3400 107.5700 107.7100 108.2200 109.5500 109.5500 111.9700 108.2700 112.8900 113.2800 108.9000 111.4400 111.4400 109.8400
