113.5100 109.4900 111.7200 111.3200 109.2000 115.7200 113.9400 121.2000 120.9800 119.2400 120.2700 116.7200 114.3500 112.3200 111.9700 110.0900 104.8100 103.5800 102.9800 102.8900 103.7700 105.1500 111.3800 114.2800 113.8000 102.7100 99.0200 100.8500 100.5300 99.8400 99.8400 99.0800 98.0200 98.0700 98.0700 99.2000 99.0400 99.8900 100.3800 101.2400
112.3700 115.8778 111.5367 111.8232 119.9609 110.4891 117.5712 121.5734 120.6361 120.2805 119.9632 116.9726 110.5343 113.4053 111.3944 108.8615 106.6890 103.1343 102.6019 103.0642 104.6653 107.2541 113.4369 114.0207 104.6225 99.7570 99.0452 100.9306 99.9180 99.2703 98.5777 97.9871 97.5740 97.3824 97.5020 97.8716 98.5418 99.2695 99.7611 100.2500
117.2400 114.0048 115.9007 117.1851 117.5538 116.9974 118.3819 121.4721 120.5086 120.3165 120.5467 115.5393 112.7681 109.7328 110.2213 107.9263 105.6265 103.0105 102.4742 103.6978 105.7726 110.0855 115.0632 109.8816 102.3850 99.9137 100.5474 99.9276 99.0416 98.0700 97.1385 96.2687 95.6297 95.3451 95.5183 96.0833 96.8780 98.0061 98.8238 99.2000
110.8200 113.4910 121.6485 118.6181 111.1411 114.9698 120.7357 119.8160 112.9779 113.8741 116.9851 114.3208 111.3736 109.7192 104.8019 104.8727 105.2375 103.2538 102.7273 104.3422 107.1349 112.5319 114.2255 105.6458 99.3927 100.9563 100.0670 99.1137 97.9928 96.7257 95.3607 94.0060 92.9625 92.4826 92.7725 93.7150 95.0151 96.3826 97.6912 98.8600
114.0900 115.3156 118.0318 114.2348 113.7915 115.0032 111.9021 115.3905 112.7865 110.7981 113.4420 110.4687 113.9694 110.2621 108.1770 106.1120 104.2086 102.9279 103.0739 104.9769 108.7899 113.8384 112.1676 102.5772 99.2734 100.9525 99.4918 98.3403 96.8991 95.1940 93.1954 91.0855 89.2755 88.4288 88.9555 90.5925 92.6813 94.7194 96.4985 97.5300
117.4500 112.6729 113.5097 115.6751 109.0048 115.0742 111.2326 104.7961 110.2317 114.6038 112.7087 110.9394 108.0780 111.3432 106.6534 107.2734 105.4708 102.7084 103.5083 105.4816 111.3118 113.7608 109.4699 100.7276 99.9346 100.3021 99.0167 97.5847 95.8159 93.5637 90.7371 87.4970 84.6732 83.1620 84.1369 86.7047 89.9531 92.9124 95.3155 97.1900
110.5100 107.4672 111.4637 115.5404 111.4237 116.8595 114.6140 109.8107 106.5475 108.7046 108.2572 108.4865 110.3869 111.6594 110.4962 111.1247 103.8829 103.8452 104.2550 107.9840 110.3635 107.8067 104.9976 100.0867 100.4308 99.8619 98.6027 96.9803 94.8856 92.0332 88.2833 83.9028 78.4037 74.9271 77.0976 82.8029 87.2246 91.2155 94.2595 95.2100
108.3100 108.1263 111.9201 115.7958 115.5438 114.6292 115.8848 112.7353 109.9631 108.4496 110.6723 112.7529 107.9801 106.4577 108.1266 110.4521 113.6273 105.4143 104.6810 110.2272 114.0906 107.1875 100.9715 99.6710 100.5824 99.6629 98.3276 96.5902 94.2476 90.9793 86.4998 80.9145 71.7991 67.9299 70.0721 78.9522 85.2388 90.0224 93.5402 95.0500
109.6800 108.4872 114.0495 116.6069 111.6161 116.0471 114.9841 110.7284 111.0301 111.7862 109.2464 114.0514 105.7188 107.0222 108.0762 109.4225 117.7821 104.4262 104.4938 115.2535 114.4784 108.4470 100.3843 100.5411 100.5292 99.6143 98.2622 96.4883 94.0861 90.6959 86.0204 79.9311 69.5051 65.1790 67.9110 77.4907 84.7010 89.6921 93.3686 95.0300
110.4600 110.3629 110.2670 112.3343 109.9965 118.3736 109.1974 110.3548 109.6533 110.1316 107.5473 109.1990 116.4771 104.5289 105.9216 106.4602 108.6426 105.0432 102.5237 110.4935 113.3151 108.5217 101.5129 100.6322 100.4591 99.7085 98.3951 96.6898 94.4188 91.2698 87.0099 81.7830 73.6869 69.5854 72.0868 80.2387 85.8412 90.3776 93.7496 95.1500
110.9400 110.0915 111.0026 119.0341 113.0862 117.2758 106.0675 116.4299 115.5370 110.4476 109.6298 107.0399 109.3318 107.6523 104.6102 105.1880 103.4990 106.5885 105.8582 109.4120 112.7310 112.9266 106.1046 100.6259 100.7196 100.0840 98.6973 97.1745 95.1892 92.5440 89.1160 85.1058 80.9974 78.1482 79.9435 84.1231 88.1740 91.7961 94.6110 95.3500
110.8500 111.0748 115.4327 116.1609 119.0651 118.7845 109.2149 117.6755 105.0478 110.8624 112.0084 105.4803 105.9317 106.7287 105.5652 106.4249 106.3881 112.0177 106.9379 110.5214 112.1374 114.4761 101.7956 101.7319 100.9609 100.3633 99.4973 97.8140 96.2326 94.1650 91.5297 88.6930 86.3841 85.2159 85.9693 88.1283 90.9675 93.5722 95.7394 97.1000
108.0500 107.6996 119.3053 118.3272 118.6036 116.1441 113.4762 117.2057 115.3593 104.1297 115.7264 116.3258 107.9739 110.7717 116.0119 107.6378 109.0970 105.4160 111.4571 105.2457 106.5759 110.7511 107.8159 106.8814 100.5253 100.9193 100.0572 99.1731 98.1002 96.4117 94.4463 92.1844 90.7005 89.9978 90.4394 91.8044 93.5565 95.3454 96.9249 97.4400
108.0000 111.5098 119.6530 118.0394 118.4978 117.8801 114.1970 110.3924 113.2841 112.7798 112.3786 113.7314 112.3581 109.1810 109.7137 107.7202 107.6213 104.7620 108.4302 108.4778 107.9057 108.3677 110.8517 107.6759 103.4799 101.5341 100.7112 99.7509 98.8032 97.2739 95.9724 94.8668 93.9989 93.6049 93.8323 94.6727 95.7789 96.9484 98.0846 98.9700
120.5300 121.5125 116.6978 115.8130 117.0492 118.1102 118.2018 113.5464 113.3013 109.3112 107.0705 106.1613 114.2880 108.1521 114.2470 109.7874 107.6627 108.8092 105.7341 109.4594 111.1451 105.8953 107.9184 103.1526 104.4635 103.2034 100.4222 100.3798 99.6695 99.1634 97.6912 96.9231 96.3767 96.1404 96.2516 97.0120 97.7695 98.7547 99.3827 100.4300
119.3400 118.7329 110.3262 118.0210 116.9914 118.4213 107.5586 112.3949 109.0639 110.0073 105.7979 109.5839 112.7840 113.7366 112.9380 106.6447 106.2321 112.3204 113.7247 109.2731 105.4503 103.9313 107.1392 104.9702 104.8600 104.7170 101.6046 101.0894 100.5236 100.3742 99.0726 98.5784 98.1330 97.9949 98.0852 98.3917 98.8361 99.7471 100.2075 101.1800
119.3400 114.3291 111.3978 115.4610 115.4343 111.4885 106.4928 109.6801 107.6835 107.0379 106.8676 109.9460 112.1419 112.8599 112.9334 106.4577 110.3929 108.2158 107.8511 108.0057 108.3367 106.1034 108.6113 105.8272 104.9660 105.4834 103.6241 108.2265 101.6134 101.1294 100.4011 100.0006 99.5403 99.4687 99.5228 100.0383 100.0947 99.6065 102.5212 101.1800
118.1500 114.4833 111.9110 112.1051 110.5741 109.0546 109.3405 109.8283 109.0849 109.2856 111.5141 108.9377 113.9239 112.3051 112.3985 109.9755 113.9490 106.2785 108.0298 106.3451 106.6284 109.1892 104.8956 104.6577 104.3090 104.1166 104.5046 102.8395 101.7792 102.0847 101.7105 100.3453 100.8330 99.8984 100.4574 101.0078 100.8872 109.8361 107.1347 102.8400
119.6200 115.1119 113.1318 108.3125 111.0264 109.2274 108.7437 108.1421 109.3381 105.7183 115.0751 114.1881 112.9491 112.7429 114.3830 113.8688 114.2549 107.2317 107.1316 110.9264 108.3597 107.4511 101.6038 106.2970 110.6270 108.4382 108.6971 103.2627 103.6261 102.5488 107.0783 102.7908 102.9523 101.8793 103.6144 102.9601 102.2380 109.8290 103.3961 102.3500
120.2200 116.1161 110.2861 108.8349 108.3615 108.8058 109.7493 112.8651 112.6071 114.4125 110.1750 113.5686 108.9336 106.7697 115.9114 114.7835 115.3880 111.2033 112.3098 106.5951 105.7647 108.3983 110.3436 107.0261 107.1916 105.3594 102.6223 103.5646 104.0617 103.8573 106.6605 100.3338 102.5798 105.9534 103.3578 105.7156 106.8464 106.7202 104.6481 105.4700
117.8500 116.3998 109.7554 109.8020 109.3469 108.8569 110.8900 109.4637 115.0203 106.9913 112.7464 111.5624 111.1610 110.2922 114.6018 115.2929 114.7264 109.6616 112.3239 109.8512 111.5102 110.6278 113.6887 106.5496 111.0730 104.3442 102.1054 103.8341 105.4204 103.0653 104.8154 106.6444 108.2613 97.3697 97.6247 99.6241 102.9106 101.3994 104.6155 102.5900
118.6300 118.3320 110.8196 110.0027 108.2026 108.8469 109.4210 109.8671 112.8724 112.5172 112.0100 114.1021 114.2891 110.4944 112.1964 113.1939 115.4709 111.1659 114.7840 112.9496 107.3335 110.0044 105.5423 110.6088 103.7830 106.0107 106.5884 105.9979 108.0885 110.9723 107.4390 104.1327 100.4319 101.1326 103.3652 101.0267 101.2612 101.7473 105.3178 105.4100
114.5100 114.6016 112.6497 111.6039 109.0567 108.6634 110.0312 108.1358 111.6154 110.8078 115.7447 115.1206 113.5243 114.8307 110.5904 113.7357 112.9070 114.1039 112.4229 113.7890 111.1830 108.4395 107.4214 109.2397 106.9727 104.7716 105.7543 104.8631 106.2358 113.0352 111.3455 102.9574 102.4997 102.8209 106.1620 101.2797 102.3739 105.2564 105.3439 104.5500
115.8600 114.9112 111.5908 108.7155 109.4652 109.1396 107.7632 107.6525 109.2143 110.7715 114.1028 110.6461 111.3985 109.2961 108.5764 105.9192 107.0878 114.5894 114.6428 114.6660 109.6743 110.6622 105.1695 105.3135 105.2229 103.2268 106.0883 104.2965 108.1832 101.9512 100.7205 104.5190 101.6957 102.3748 103.5077 102.7628 103.9356 105.1647 107.1239 106.1900
112.4400 111.7124 111.4799 109.8299 109.4259 110.1012 108.3429 108.2874 108.3513 107.5382 112.5758 109.0110 110.1585 106.7949 113.4139 110.2412 107.8297 109.7616 112.4395 114.4027 109.3594 109.6627 105.8285 106.4428 106.6275 105.3552 105.2444 107.0488 104.4636 106.7800 105.5271 104.0230 103.3568 102.9080 103.9178 104.9021 105.3162 104.3437 108.6749 111.0600
118.4800 111.2334 114.1821 111.0626 112.7099 109.2774 107.7669 108.7531 108.0007 107.2837 113.0326 109.1297 110.5283 104.3276 109.8937 111.3562 108.5789 107.7415 106.1615 117.0936 113.4308 113.6008 108.5033 106.5169 106.7861 107.1603 109.6285 107.5374 105.9556 106.0712 105.0909 107.0617 105.1653 104.4421 106.7520 107.0971 105.4297 104.8155 107.1632 107.1500
118.7500 117.4428 111.0364 110.5219 113.1027 109.3270 109.6762 109.3250 109.1807 107.8805 113.0453 109.0337 108.4162 110.6167 110.9134 110.2133 107.8422 107.8699 107.7194 110.4794 111.6745 111.4901 108.2403 105.7588 107.4571 110.7966 108.2200 105.4101 105.9938 106.6614 106.6059 106.8430 106.7717 106.2139 106.8349 107.3688 105.5200 107.3311 107.3912 106.4300
111.8800 115.1382 112.5524 114.3432 113.9108 108.8708 110.6600 110.2561 110.1895 108.7825 108.3871 109.4592 108.2968 109.0270 109.1500 113.0099 109.4912 107.6870 108.3575 107.2729 107.3116 106.0363 110.5760 106.3853 109.4303 115.1298 109.3069 108.3002 107.3740 107.3142 106.6499 107.3561 107.1809 107.0706 106.1154 107.4778 107.9639 106.0473 106.5328 107.1800
115.2500 117.0138 115.5749 110.9851 114.6289 108.6093 110.3956 109.3352 111.2604 108.5056 110.9307 109.4567 109.4969 109.8775 109.2662 109.7865 109.9144 109.9054 109.0944 107.3788 105.9524 108.3579 107.8815 111.6357 111.6390 110.5680 115.2100 107.0321 107.6562 107.1894 107.0655 107.9084 107.3329 108.5019 107.1403 107.3080 107.7479 107.7502 109.1242 107.7500
119.3100 118.7468 114.0534 111.9374 117.9094 109.2503 113.3105 108.9182 110.8775 110.2850 114.4192 113.6287 109.9188 113.4044 113.7333 113.5861 111.2666 111.9440 111.0107 108.6648 106.1858 109.7716 107.8607 113.3943 112.9096 106.9212 115.9329 107.7534 108.3859 108.7732 106.5146 106.8065 107.8623 108.0512 107.6805 107.6358 107.4916 107.5592 108.4171 107.8900
119.4500 116.4581 116.8281 113.6527 112.7517 112.6651 110.0251 108.6445 111.4897 113.8521 113.9724 111.5142 106.9935 111.3451 113.7736 114.6811 113.8596 113.5315 114.4072 112.4635 107.8817 110.6245 108.7426 112.1264 115.5298 104.0523 115.0667 104.8834 106.5479 107.0140 113.8168 108.5406 108.6621 107.9600 107.9940 108.3983 107.7786 107.4375 108.3862 107.7100
116.9800 116.7520 115.5479 119.4987 116.5617 111.0811 109.3840 110.7763 117.3118 110.4921 110.6659 110.5641 110.3040 107.3914 113.5676 105.0594 109.7141 115.4533 113.9269 109.8851 107.8989 111.4710 109.6318 104.9029 108.5257 113.6775 113.3182 107.0030 103.3051 102.2035 107.7507 103.3649 103.9224 105.9561 108.7927 108.7029 107.6490 107.7920 107.7648 108.0300
117.4100 115.2239 114.6989 113.9226 113.3156 114.2079 119.5757 119.0568 119.6926 114.0987 111.8948 111.9125 109.2253 109.0328 110.1194 108.1317 112.0186 116.2948 107.0396 108.5845 108.2118 111.9480 111.3731 108.2953 107.0644 111.0172 105.8922 112.4636 106.3498 106.6892 104.1851 107.1114 102.7231 103.5211 107.7712 108.0115 108.0643 108.1562 108.1936 108.8600
117.5600 116.4260 117.1390 116.2140 114.8410 117.5629 118.5273 118.8127 115.7408 116.0868 114.0621 110.7233 109.6907 110.1016 109.3916 108.0305 107.9905 108.4520 107.2756 108.6743 111.9316 114.4799 109.6002 108.9731 107.7219 106.6416 108.0325 113.0652 107.7368 108.9224 105.9989 105.8527 108.5620 107.0247 106.9468 108.5897 108.3350 108.4006 108.5011 108.6700
117.5600 119.0439 118.3285 116.2298 115.6984 118.6040 119.0962 119.3962 114.7839 114.8170 111.8228 110.1437 111.6676 109.9478 111.1513 110.6119 111.7207 108.9159 109.0761 107.6409 108.9478 112.0040 111.0690 112.9750 112.1623 106.3912 106.0346 109.3335 105.0065 107.9279 109.3055 107.8430 105.2820 108.7550 108.6894 108.8022 108.4756 108.5968 108.9840 108.6600
118.9100 118.6919 117.9860 117.3437 118.6415 117.5419 117.4851 118.2513 115.1277 115.6918 109.8852 110.0045 111.2992 108.4762 113.4537 111.5118 111.5259 109.7455 111.0044 110.1750 111.1109 113.2881 106.2053 105.5398 106.9977 107.8547 105.5772 106.2579 105.0960 109.0554 107.2714 106.0935 108.6013 108.6559 108.6643 108.9834 107.5537 109.4049 109.3292 109.0400
118.9100 118.4669 116.7820 117.0687 118.6794 121.0665 115.8418 115.3360 113.2948 112.9762 112.1411 109.3543 112.2036 111.8412 111.2990 111.8659 111.7838 111.2118 112.5863 113.8448 111.8426 109.0383 107.5292 107.2064 107.5313 107.2038 106.4110 106.6931 106.6849 105.6393 106.8919 107.7393 108.5905 108.7181 105.8057 108.8348 107.3729 109.3761 109.8066 109.0400
118.2500 119.3531 119.1477 116.7846 118.1940 117.7648 115.9400 116.0123 115.3291 115.0809 112.7168 111.4889 113.4769 114.0798 113.4679 112.0302 113.2060 112.2271 113.7135 113.8951 115.1778 109.9202 110.0554 108.4195 109.2591 107.9744 108.0756 107.8753 106.8389 107.5812 107.8698 107.4747 107.0798 107.4670 107.6473 107.8070 107.8170 108.5777 108.8155 109.8700
120.3000 119.1886 118.7916 117.0625 116.7339 118.6932 115.5302 116.5576 114.7091 115.2668 114.8186 113.1888 113.9949 113.6920 111.4725 116.2515 116.7085 112.8449 111.5306 114.8974 116.8370 110.0177 109.9054 109.3151 110.4977 109.8626 109.4553 110.0505 107.5583 108.4941 110.7432 108.3745 108.2392 108.7983 109.4849 109.4278 109.6105 109.4169 109.9037 109.5300
120.3000 118.9700 119.6100 117.3200 119.7600 117.8900 117.8900 117.6600 115.2800 115.0000 114.6900 113.4200 113.4200 113.8200 112.1900 115.0100 117.2600 111.9300 111.9300 110.7600 112.5200 112.5200 110.6700 108.9500 110.1600 111.2900 110.1000 109.7100 108.4100 108.8300 111.8700 108.5600 108.7300 109.8100 110.1000 109.7100 109.3200 109.8600 110.0500 110.0500
