113.6600 111.4600 110.5900 113.7500 111.1800 112.6100 111.4100 117.9800 119.2600 121.7200 119.5600 121.0500 120.8200 120.5800 120.0800 119.8300 112.8200 111.0500 116.2200 116.8100 109.3600 104.7600 103.9000 104.8000 115.0300 105.3700 110.3300 103.8900 99.7900 100.5200 99.7600 97.8500 96.6200 93.1900 90.7700 84.1800 79.7400 72.6000 72.6000 72.6000
112.2800 114.0353 112.8518 111.3514 113.6224 112.6644 116.2147 119.8899 116.9259 118.3369 119.9773 121.1835 120.8037 120.4095 120.0281 119.8417 117.2961 111.3005 116.0635 112.1141 106.1766 104.3351 103.4770 104.8054 111.3066 114.2378 112.3262 104.7176 100.7132 100.6598 99.4763 98.0397 96.2013 93.6887 90.1095 85.8211 80.1639 68.4529 71.6100 74.5600
113.6300 111.2846 113.7230 113.9755 112.0482 121.0134 122.1847 119.8658 110.6535 115.0938 116.1745 121.7343 120.8247 120.6048 120.0235 119.8546 117.6192 111.1152 115.8542 111.8278 106.0339 104.3931 103.4586 104.7885 110.7262 114.3895 112.6637 105.0005 100.8304 100.7126 99.5452 98.1497 96.3678 93.9530 90.5790 86.4037 81.8321 71.4807 74.5600 74.5600
112.3000 113.6407 121.2810 115.9747 113.0960 113.4780 112.3112 116.5868 122.3905 122.8722 116.6514 121.7651 120.7675 120.0740 111.3600 120.1213 118.0595 113.2651 109.9849 107.7700 106.0316 104.0832 102.9349 104.2964 106.6266 112.1739 113.2802 106.0167 100.9002 100.7765 99.7434 98.4583 96.8185 94.6928 91.8457 88.1014 83.7003 79.0326 76.5753 74.5600
109.1300 117.5196 116.9496 115.1048 113.5799 113.7628 112.7133 121.6207 121.9120 121.8031 121.7235 121.2842 120.7848 121.3029 114.9449 118.4839 117.1466 114.2805 111.2707 108.6348 106.3343 104.4066 103.0060 104.0490 106.3609 111.0479 114.0137 107.7870 101.4899 100.7088 100.1251 98.9228 97.4896 95.7263 93.4941 90.7599 87.8202 85.1956 84.0971 82.3200
124.1300 120.0729 117.9583 119.0865 111.5084 115.0722 115.0369 114.5143 122.1925 122.3399 121.4100 120.7872 119.3982 118.7131 119.4166 118.0344 118.4810 114.7915 111.6017 108.9402 106.6460 104.7683 103.0648 103.5965 105.6467 109.4624 114.1196 110.6053 102.9183 99.9623 100.6813 99.4479 98.2834 96.8788 95.2047 93.3030 91.3639 89.7645 89.1543 87.3700
124.1400 112.2415 117.5767 119.7771 112.6154 112.8532 123.8549 115.4024 118.3229 120.3733 122.2906 120.2955 116.9567 128.3525 121.2133 114.4349 119.8617 115.7554 112.3060 109.5783 107.6812 104.8272 103.6080 103.2214 104.9767 107.9112 113.0675 113.5367 105.5927 99.9551 101.2696 100.0900 99.1134 98.0130 96.7809 95.5061 94.2737 93.3431 93.0055 94.2900
111.9500 109.8196 110.6683 126.6540 123.0907 119.6451 118.9741 119.9114 116.2162 114.1428 118.8639 118.9365 114.1446 103.6302 116.1597 114.7021 117.2503 117.3609 113.2613 110.2869 105.6909 103.6434 103.4910 102.8704 104.2218 106.3271 110.7710 115.0252 109.7607 102.5046 100.6376 100.5782 99.9163 99.0708 98.1644 97.2615 96.4686 95.9185 95.7309 96.4400
113.8300 109.9250 113.7308 113.6007 111.5704 120.0802 118.2067 119.1033 117.8512 118.6907 116.4474 115.9563 112.9789 111.3788 111.3676 119.5399 118.6216 117.1225 113.8946 108.8360 106.0952 105.9676 105.0995 102.6876 103.3528 105.0122 107.8431 113.3821 113.7370 107.4724 101.9239 100.1258 100.9935 100.0208 99.3430 98.7078 98.1829 97.8058 97.6783 98.0700
111.6600 110.9687 116.7411 118.4562 120.0470 116.7325 120.3108 119.6394 117.8436 122.0600 116.0960 117.6451 120.1251 111.0669 109.7773 112.6265 120.8427 119.3013 115.8527 108.2481 109.9976 105.3496 104.0977 102.9411 102.9021 103.8754 105.7822 109.7441 114.2023 112.9834 106.2092 101.3189 99.9130 100.3190 100.4530 99.8231 99.4578 99.2581 99.1512 99.3600
117.6700 114.1942 116.4534 117.6825 115.6428 114.1570 120.4039 120.3000 117.0136 118.9020 118.5760 119.4227 114.7028 116.4100 116.8565 113.6737 120.0770 115.2334 113.0799 111.3381 109.2273 106.7293 104.8938 104.3639 102.9473 104.1995 104.8877 106.8157 110.6564 114.1631 112.6748 106.8148 101.9872 99.5562 99.7298 101.0731 100.7020 100.3910 100.3703 100.4100
115.8400 114.2464 122.7063 118.4417 118.3192 119.9930 120.7943 119.9119 120.1299 119.7445 114.3922 121.2348 117.0740 110.9995 115.8400 118.4072 115.5864 109.4326 113.9079 105.2761 106.6692 105.3520 104.1543 106.1820 104.1110 104.2464 107.6336 104.5964 107.4018 111.1125 113.8023 114.1517 108.9960 104.4082 100.7078 99.8086 100.1516 99.9476 99.9638 99.8800
111.2100 113.3633 123.8563 123.8907 119.6689 116.7735 116.8106 118.3169 117.4671 116.9707 119.3414 117.1937 113.7913 123.8774 109.3496 113.4676 118.4081 111.2381 109.4307 108.0528 105.9131 104.1678 104.6497 107.0667 105.7999 103.6320 107.6715 115.4994 113.6513 114.7580 116.1836 113.9992 114.1832 112.8613 109.4156 105.5229 103.6063 102.8538 101.4985 101.6100
111.9200 117.7243 123.9267 122.3529 118.5615 116.9657 116.8999 122.0165 117.0515 116.8369 116.2545 119.4554 112.7946 118.6004 120.4359 111.9176 111.1001 105.9705 104.7338 106.4872 108.5825 104.9558 105.9694 108.2068 105.1945 103.6300 111.7121 104.9870 107.7483 109.2673 104.6620 107.0447 111.0444 113.8074 115.4780 113.7998 111.9973 110.5946 105.2900 114.1100
109.8000 119.8256 124.2323 122.5011 123.8813 118.1563 115.1206 122.1127 121.6753 113.9427 109.2728 115.9248 119.9378 113.8405 120.4718 109.6700 107.6363 108.3941 106.0033 106.4872 107.0536 106.1656 108.4593 110.9982 105.4687 105.4936 105.0928 104.8476 105.5256 106.9558 104.5149 104.8825 106.5402 108.1554 111.1715 112.6612 113.6830 114.3426 112.8887 114.1100
123.0600 122.6445 122.7547 118.6951 123.8465 119.4609 117.2817 120.1738 118.4023 114.7934 118.8878 120.3994 119.9024 115.2825 111.1144 106.1770 103.0213 106.3980 116.8354 110.1977 107.4069 107.3714 105.7085 106.7596 107.3889 108.1106 104.9070 104.7415 108.3210 109.8886 103.9563 104.4218 103.9263 104.5689 107.3704 106.3641 110.1453 112.9627 112.1143 110.8900
112.4700 123.7792 118.7034 119.2172 123.4592 115.0726 121.6794 117.4302 121.9714 115.9577 117.4608 118.3902 114.6247 113.2758 111.9917 112.6996 105.7126 103.9560 108.5279 110.6915 107.4057 107.2982 106.6707 107.3923 107.3480 107.0908 105.2370 105.4637 110.6964 113.4517 105.9907 103.3268 102.5740 102.4092 109.8108 107.6877 105.0099 105.9929 107.9078 110.8900
111.6500 119.6014 114.2087 120.5507 122.7682 114.9829 115.1938 114.5700 117.7883 116.2025 114.9500 110.5420 112.3723 115.5804 116.6130 112.4083 108.7436 105.6775 105.3926 113.6158 114.2740 106.1750 106.3409 107.2700 106.7354 107.5038 105.2466 105.4791 105.0914 106.4249 104.4003 103.4696 102.7224 103.2327 111.6759 111.4377 107.8678 103.4315 114.2873 102.9600
119.6900 116.3747 119.5388 118.9071 116.9264 113.6033 110.7178 111.8305 119.3185 117.5490 112.5094 110.5640 113.7320 115.7954 117.0508 117.1677 115.1063 114.7573 112.4777 116.9240 112.3997 105.8550 107.3273 106.8080 112.7900 107.9483 104.7772 105.8049 105.2132 104.5701 106.3461 104.3238 104.3335 104.1139 106.7597 112.2657 111.6554 107.7478 109.8916 107.9800
120.8800 118.6305 117.6489 116.8645 119.6668 114.4387 113.1418 118.4850 114.7492 114.5074 112.7191 109.2375 108.6947 111.0398 116.7887 112.6812 115.7776 113.6131 117.7833 117.3517 108.2913 116.4455 113.9556 108.5256 108.4554 107.1538 111.9233 108.8548 106.8505 106.7372 106.9863 104.3705 105.0901 109.3518 113.7780 109.5200 114.1115 106.3844 107.8317 108.2600
119.9800 119.7283 118.0157 116.1359 120.6556 109.8513 111.4765 111.3339 114.5876 114.7747 111.6157 111.9849 116.6518 109.0625 111.8515 111.2316 115.2696 112.4925 114.7666 115.8289 116.6391 114.9411 114.2265 116.2120 111.3682 106.5800 107.4974 108.3465 110.7660 105.8341 111.8017 107.7870 113.4953 116.7386 112.0248 111.8296 107.8842 109.0641 107.8063 116.0600
120.9100 119.5306 111.6982 110.9071 116.0857 109.4873 112.2147 118.1690 118.2567 113.6582 117.6917 118.3172 117.4604 111.0453 117.0426 118.6995 113.8301 115.7489 113.1988 114.5638 114.6141 107.4004 105.3567 101.3542 113.1734 106.8180 106.7431 108.6172 112.4998 107.3879 107.2232 110.3065 117.7137 113.0458 112.3592 112.8181 115.6354 108.7691 107.1033 114.9600
118.3600 118.1597 118.0940 119.1972 112.3114 115.1306 110.7106 119.7194 117.7218 111.7148 116.6937 111.4975 109.1733 115.6926 117.9122 118.3773 117.2982 113.8566 117.3436 115.3868 117.4323 108.4331 106.0286 105.0699 110.2588 102.5425 107.0007 107.6248 108.1364 107.5014 109.2658 110.3104 113.3901 109.4639 109.3839 111.6906 114.4666 110.5923 109.8100 111.7400
121.4300 117.5670 118.3711 115.2138 111.1366 113.6596 112.6939 113.7375 113.4213 118.2487 110.5353 112.2018 109.9399 108.6587 114.6370 115.2031 117.9943 113.4808 110.9531 113.0812 115.4480 115.7942 115.7407 110.4066 103.0512 105.5078 108.4276 104.3283 103.2634 102.5822 104.5923 107.7440 103.3587 105.6557 111.7661 112.4898 109.4832 114.4579 113.4731 111.3800
120.9500 116.0744 111.7340 116.9183 110.9070 111.4151 116.0794 109.8588 108.3699 109.0178 113.1627 112.9730 110.8305 110.7063 117.4514 114.5750 120.6072 114.5242 110.1721 113.2072 114.4519 113.2741 114.7218 113.0750 113.7015 111.1065 115.6881 101.3034 107.6352 103.9745 105.5214 106.6796 102.9813 102.6106 102.5605 103.6374 105.1482 110.0762 110.5818 111.3800
120.9500 111.8089 116.1668 117.0372 114.0980 112.6349 113.8947 109.9484 109.1721 109.8882 113.5438 117.3406 110.1632 112.9025 111.0531 112.8601 116.0280 111.4734 110.6363 118.9941 116.7059 110.9608 112.6940 105.2933 116.9526 110.6400 106.0526 104.2199 107.5952 109.2267 104.3728 107.7406 103.4925 110.2569 108.9987 108.7955 103.9571 109.9174 110.2395 110.0400
120.1100 117.3493 114.6034 116.1678 119.4017 116.3039 115.8847 113.7970 109.3946 111.5801 112.3402 120.9132 112.6296 109.5677 113.1316 113.9417 113.6885 115.2800 113.1522 118.1923 115.4488 113.8029 112.5876 114.5316 115.9234 114.4884 114.2972 105.5966 104.5547 107.6018 105.0963 108.7076 104.9462 107.2443 109.6815 107.7718 106.0222 109.4883 105.1310 104.3100
120.1100 120.3545 117.9405 123.7135 118.8592 112.6078 116.0327 114.3477 111.8382 112.6505 113.3190 114.2042 114.8934 109.9824 113.0273 114.6412 121.8993 120.5147 112.3689 119.6291 114.5276 112.1192 111.3576 110.6869 113.0259 114.1649 113.2583 106.4016 106.8041 108.2914 109.6379 109.8899 106.2355 105.0411 108.9332 113.4788 104.4525 103.6010 109.3106 111.1100
120.6900 124.1338 116.8924 112.3421 119.2519 117.7963 115.0611 108.4478 118.6552 109.5217 116.1581 114.8935 116.0347 113.0230 113.0170 115.7736 113.9124 115.0945 120.7341 119.5565 116.5598 110.2725 113.3967 112.4726 116.3628 110.7135 114.3022 107.4125 108.4624 108.6687 109.8854 114.4887 113.2627 110.5068 113.4006 106.5132 110.5763 111.5472 106.7607 116.1000
126.0400 125.9890 121.8753 121.6620 124.5316 114.2270 120.6274 111.7312 117.1115 116.7343 117.7259 116.2336 113.8533 114.7767 118.6833 119.2478 120.4962 116.0762 120.5592 116.0656 115.3641 114.1369 115.1489 113.3572 115.8804 114.0213 115.7778 111.2148 106.8976 107.1848 108.0834 111.5536 113.2077 112.3715 111.3507 109.2240 109.3127 110.8212 111.8725 109.5700
124.4900 123.1819 121.6069 120.6846 121.4412 117.3933 109.9145 111.7352 109.7207 116.0676 116.8493 116.4030 114.3972 115.9428 120.8693 116.6170 112.3756 118.3247 121.4205 115.7519 114.2215 116.4373 122.2418 118.5223 112.9969 112.0623 115.6628 113.6775 109.2487 108.5538 116.4892 112.3477 113.6837 113.1956 111.8242 111.1038 109.6177 113.1324 116.3964 110.3100
122.6500 122.8500 123.3016 124.0054 124.2688 114.6284 110.5813 118.0779 118.7399 115.7352 111.7035 116.3618 114.1813 120.3478 120.9848 113.8466 117.4977 115.9397 110.9605 112.4350 119.2194 120.3859 116.4147 120.0396 116.6630 115.7606 115.9263 114.3446 113.6265 109.4107 114.5807 113.6614 113.8051 112.9186 110.8328 108.9869 113.5902 115.3566 111.8741 113.1600
123.9300 121.8450 121.4192 122.5886 121.9855 124.0805 120.2910 119.0877 119.6113 117.7916 117.1275 116.0742 115.1738 120.3441 115.9951 113.2060 113.3807 116.5732 117.4167 115.1110 116.9228 117.3627 116.2144 114.8638 116.1867 116.1847 117.0926 114.4814 114.0258 112.6357 113.9850 110.7338 113.6885 112.6981 108.5149 111.6483 112.4518 112.3303 106.9989 112.7800
122.3000 122.5062 122.5705 121.9438 122.3613 123.2055 119.7716 118.6030 119.2860 119.3943 116.8765 116.1832 116.9636 120.0767 113.7550 114.3451 114.0858 115.0912 116.7852 116.0261 114.7508 116.3642 114.1490 113.8145 115.3168 119.2886 117.4811 111.2141 111.6634 112.6999 109.8655 109.3372 110.9486 111.7853 111.1650 113.6726 112.5865 109.8157 108.0485 108.6000
123.4000 124.7008 123.3157 121.5696 124.2896 121.0649 120.2008 120.1222 118.6862 118.6962 115.9869 114.6578 116.8979 113.3282 117.2488 115.1858 114.7008 114.4577 115.6717 120.4547 116.7774 114.7245 115.4618 118.9243 115.7796 118.6073 119.3197 114.1464 112.4878 111.3903 112.3489 111.3915 112.0157 113.6493 112.8692 111.6297 111.4109 109.5839 108.7407 109.1600
124.2500 124.2101 123.2252 121.5063 121.1891 120.2806 120.6479 123.5861 121.9852 119.2544 115.8243 117.5893 118.8631 114.9492 116.2557 115.5072 115.2625 115.7477 115.9368 122.3782 122.0361 115.7416 115.7855 119.4543 116.1863 115.5766 118.3426 112.1630 112.7452 112.6014 110.5113 113.4638 111.1355 113.4638 112.2022 110.6163 109.8162 110.6404 109.6158 109.1600
125.7900 124.1541 123.4130 123.6202 122.0945 121.9594 122.4006 120.3967 123.0237 121.5411 116.6880 118.2921 120.1017 118.0891 116.7552 117.0052 115.8182 117.3314 119.4249 119.7376 123.5121 118.0424 114.6162 118.8280 120.6787 115.5751 115.5654 113.7152 113.9161 113.2822 112.3690 110.9785 110.4380 113.7182 112.5518 112.4941 111.9789 112.4121 110.8549 111.8900
125.7900 124.3745 123.5393 124.4810 124.8695 123.4199 121.4775 122.9203 122.5532 123.1260 121.8523 117.5413 121.7054 119.2489 117.8919 119.4036 117.1847 117.9770 117.7375 121.9222 124.0795 119.0586 114.3841 120.5633 120.7366 120.6326 114.3491 115.3986 115.9977 113.2986 113.7208 112.8669 113.6315 114.9092 113.9056 113.7889 112.0818 115.2572 110.1578 114.5500
126.0800 124.9423 126.2601 125.2233 124.4832 123.1559 123.6718 123.6197 123.0092 121.5473 124.4845 121.0681 119.1975 119.2752 118.7738 117.7802 118.0652 120.4615 120.2749 124.6770 123.2917 120.5808 120.9467 118.2115 115.4096 117.1269 114.1119 116.1710 116.3320 113.2942 114.2238 113.5987 114.6091 114.1466 114.0296 112.6385 113.5091 116.2319 110.9071 114.9400
126.0800 125.0100 126.9500 125.3200 123.0900 123.1800 123.1800 123.5700 124.3400 124.3400 122.2800 121.2200 120.8500 120.7100 120.5300 118.5400 118.8300 120.7200 110.7200 125.0800 121.0300 121.0300 122.4200 115.5400 114.7800 118.1200 114.6000 115.9400 116.2500 114.6200 114.6500 115.4600 114.4500 111.0500 115.0500 115.6000 114.9200 109.7000 113.4800 113.1400
