112.7500 111.7200 112.1900 110.0100 112.6300 110.3500 110.2900 111.4100 111.1300 110.0100 111.2900 109.7400 108.9300 109.7100 109.1200 110.3300 109.4900 114.7200 115.0100 113.7200 113.9700 113.9700 110.8600 114.3700 114.6900 115.9800 114.5300 114.3600 114.5200 114.5400 114.8300 114.9400 114.7200 114.7200 115.1600 114.6500 110.5400 116.2900 115.1800 114.8800
110.9200 110.0630 113.0729 110.5511 109.8354 111.2300 110.1645 110.6354 110.6818 109.5814 110.7196 110.6026 109.5764 110.2014 109.0225 108.9947 108.4804 114.5550 114.7069 113.9959 113.7193 112.4287 111.3033 115.0354 112.7192 110.4968 112.3328 111.2371 113.2283 115.0750 114.7652 114.7747 114.9847 115.1278 115.4637 114.3939 111.3568 116.4522 114.7061 114.8800
109.6800 108.7051 112.8902 113.8860 110.4696 110.5864 110.4010 110.4687 111.2014 109.4829 109.1209 111.0612 109.4337 109.0710 110.8418 108.5548 108.8904 110.9364 113.3425 115.0887 113.8062 112.7954 111.2160 112.0420 109.8444 110.1707 111.5083 114.8888 112.9304 115.2528 115.1663 115.2902 114.8589 115.5662 115.5014 112.3489 109.3988 115.7308 115.3178 115.0700
110.4600 109.5789 118.0461 110.9401 110.0576 110.3278 109.8770 110.5141 110.7084 113.4462 112.2788 110.3002 110.9477 108.7067 113.1504 110.0812 109.8823 111.1935 110.8128 112.2632 113.0275 112.9472 108.6166 111.8027 109.9360 112.1588 112.0534 115.3718 114.0978 115.1519 112.3603 114.4067 109.1544 112.9972 115.3157 109.5329 109.6587 115.8355 112.4366 114.3800
109.9000 114.8928 113.7311 113.7177 110.5839 109.9353 110.7876 110.8794 108.9938 111.0077 109.1662 110.8418 110.8866 108.2560 109.4656 110.2539 109.1236 110.9593 110.5789 111.8777 113.3308 109.5674 112.2066 115.1566 114.1179 112.1588 111.1490 113.4588 110.8752 112.7573 108.6378 110.2819 110.0379 110.6415 113.7965 109.7421 109.4688 112.9264 111.1689 114.3800
116.7400 110.8837 111.8354 113.7737 111.2542 112.4369 110.1699 110.3303 109.7579 110.1137 110.3834 110.5824 110.5826 109.4233 109.4188 110.2720 110.0077 109.5730 108.3403 110.0426 109.0303 109.9576 112.7905 113.6469 114.8909 112.0142 111.6771 112.0904 109.8408 110.0137 109.9576 109.8293 109.9188 109.8929 111.2461 109.8324 109.2093 114.3263 109.5096 113.2300
110.7700 111.7011 109.3854 111.5914 109.4850 110.0575 111.2477 112.4763 113.0351 114.0514 109.9364 112.3223 112.1214 109.4119 109.0690 107.8522 108.9512 108.3458 108.1315 108.4367 108.9333 109.0111 115.3295 114.6417 114.9835 106.9258 113.3760 112.2920 109.9499 109.7544 109.7205 109.6825 109.6409 109.6246 109.4856 109.6151 109.4568 109.6552 109.4854 113.2300
110.7700 111.2862 112.5614 108.7632 110.5098 108.8988 110.4439 110.2392 108.3030 112.9407 111.1335 110.7175 110.3221 109.8184 109.8118 108.9348 109.3937 109.1935 108.2766 108.9344 108.6712 108.5141 110.9280 111.0387 112.5269 107.8966 109.5132 109.4752 109.3883 109.6233 109.5038 109.4550 109.3961 109.3937 109.4597 109.4062 109.3586 109.3634 109.3073 109.3200
113.9600 109.6694 110.0144 112.0436 112.1171 109.5804 109.2638 110.1377 110.3617 108.6770 115.1160 112.8438 109.7403 110.6369 109.2224 110.6906 108.1367 108.3375 109.0100 110.6728 108.3517 110.4639 110.5426 112.3337 111.0505 108.1054 111.3315 108.7648 109.0045 109.4490 109.2307 109.1860 109.0933 109.1332 108.7236 108.9936 109.0706 109.1574 109.0207 109.0500
110.4000 109.6793 111.0050 111.3529 113.0295 109.9452 111.9992 108.8251 109.9781 109.8922 113.0604 115.7874 109.7400 112.3101 108.3533 110.3681 110.4044 108.5974 108.4085 112.4068 108.1013 112.7421 109.4530 110.2742 108.9062 109.2610 111.0351 108.7280 108.7811 109.2299 108.9181 109.0951 108.7525 109.0455 108.9236 108.6015 108.1856 108.9415 108.8949 108.9200
115.9900 115.1022 109.0533 109.8693 110.1574 112.1789 111.2257 112.2982 111.2950 110.0387 113.9797 109.7511 109.0218 110.9011 110.3870 108.9309 109.7193 111.5769 108.6721 114.0010 108.5016 108.5252 109.1917 110.6877 108.9867 108.9036 108.8767 109.1120 108.7170 108.8032 108.8316 108.8666 108.3636 108.8725 108.7305 108.4486 108.0253 108.5107 108.7400 108.7800
115.2800 111.6158 109.8885 110.5552 109.6148 109.4581 109.1003 112.9877 113.0172 114.8488 110.5042 111.4901 111.0674 108.9075 107.9293 108.9186 107.8506 111.5277 108.3841 112.3389 108.2802 107.9055 109.1040 108.8372 109.0125 108.3937 108.7431 108.8419 108.5627 108.6600 108.6554 107.9990 108.5850 107.9977 107.9303 108.1625 107.2607 108.3920 108.4056 108.6000
110.7300 113.1199 109.8132 112.1648 110.4967 109.4016 109.0878 113.6445 115.5435 116.0373 109.0522 111.2076 112.0039 109.2109 107.8756 108.6758 110.8660 114.0747 111.8630 115.8723 108.5424 110.5987 110.4768 108.9611 108.7955 108.9565 108.5113 108.2164 108.1887 108.3458 108.3637 107.9302 106.8917 107.0435 107.1439 107.8715 107.0682 107.3774 108.2083 108.2500
114.8900 109.9134 110.8606 110.3293 112.9408 109.8692 108.9098 113.1396 115.3575 118.7650 115.2034 113.0057 109.6073 108.7981 109.5702 108.1902 112.5138 112.8565 108.4831 111.8418 110.5043 109.9253 109.8369 108.0037 108.6626 108.6783 108.6088 107.8829 108.3265 108.3140 107.1014 107.6067 107.5830 106.9714 107.3383 106.8793 107.3032 106.5912 107.9388 107.8000
109.4100 108.9064 110.1348 110.3853 111.6356 111.0307 111.2678 112.5501 113.4500 117.3100 117.0282 114.4732 110.2929 107.5059 108.3051 113.7918 112.7298 109.0509 110.1769 111.0198 106.4797 113.1035 109.7025 108.9260 109.0241 108.6413 108.4076 108.2283 108.3684 107.8007 107.1168 107.2431 106.2434 106.4815 106.3810 106.9178 107.0371 106.8752 107.0238 107.1100
112.4600 110.3963 109.4526 109.9214 108.9909 108.6780 110.8614 110.0528 113.5154 113.0256 116.2126 114.4601 111.7987 110.0024 108.3131 114.1348 114.5596 110.1306 113.8703 107.6113 107.7759 113.6555 110.4122 107.9804 108.4761 108.1873 107.7981 106.9534 107.9991 107.6839 106.6766 106.6864 106.6463 107.8917 106.8169 106.6741 105.7116 107.4578 106.6952 107.2600
111.6000 110.6404 110.0298 109.3338 110.3269 110.6195 111.0175 108.6799 109.8171 110.5517 111.8727 112.0954 112.8008 110.4461 110.2873 113.8646 114.8640 109.8026 112.5395 107.6864 109.3018 110.4497 108.6943 107.1440 108.1817 107.9796 107.4816 106.7439 107.8767 107.3402 107.6250 106.2300 105.0208 108.4791 105.9879 107.0710 107.0040 106.6869 106.7319 106.0000
112.7500 109.3406 110.1955 109.7992 110.1894 111.4530 110.1214 108.3951 110.8003 114.7343 109.5899 109.5121 108.3397 108.6763 112.5252 111.1064 114.4383 115.2330 110.2091 109.2835 107.5495 108.5562 108.7777 110.0440 106.5192 107.8713 106.9057 107.2335 107.0380 107.4270 106.6471 105.7479 104.4662 105.9906 106.8462 106.8622 106.9894 106.9197 106.7226 106.0000
111.1700 110.1078 109.6254 109.3077 109.0664 109.1037 108.7134 108.6728 108.7731 115.1814 114.1859 108.8526 107.2006 108.2419 109.5452 109.6450 112.8359 114.3973 111.9312 114.7244 111.4939 107.8061 108.1691 108.3835 107.1735 106.4149 106.0805 106.7624 105.6173 106.7238 106.5742 105.5247 105.7595 105.5036 106.7350 105.5198 106.6473 106.2237 104.5519 104.9400
110.4800 109.7961 109.9531 111.0475 111.8633 109.3402 108.6315 110.1689 109.2876 111.7812 110.2731 112.7181 113.8434 110.3024 108.8230 108.5985 108.9576 113.1098 113.7572 112.1204 112.8344 111.7656 107.3276 107.0719 110.7493 106.7730 106.2070 106.9196 105.2929 106.1668 104.3758 105.0725 105.4597 105.1447 105.6437 105.9388 106.2280 106.0365 105.2465 106.0600
112.5700 111.9429 111.1856 110.6533 111.7747 110.3829 110.8678 109.7137 108.7439 109.8747 110.8181 113.8571 109.9008 107.3350 113.6297 107.1171 108.4037 109.1623 107.9899 109.0351 113.7234 109.9663 108.0078 107.6485 106.5547 106.9730 105.6552 106.8105 105.7647 106.5133 106.0772 104.8603 104.1376 105.5129 104.6802 105.7721 104.0767 105.0096 105.5067 105.9100
110.7000 108.9633 109.1706 109.7771 110.2781 108.9642 109.0757 108.7070 110.3631 108.9813 110.7611 112.9488 110.6381 110.7635 111.7699 112.7490 109.5825 108.9738 107.6759 108.2593 107.2224 107.0710 108.0808 107.6197 106.5959 107.2148 105.9428 106.3588 105.4451 104.7207 105.3371 104.7898 103.6989 104.0058 104.4253 104.1106 102.9473 103.5216 103.6503 104.0000
109.3700 110.8294 110.5742 109.5719 109.8233 108.7523 109.9829 109.2572 108.6307 109.1089 108.7001 110.7613 110.8545 107.4026 109.5221 108.1589 108.6868 110.0156 108.5312 107.9695 107.6261 107.7702 107.3657 107.0564 105.6585 106.7231 105.9035 105.3856 104.0523 105.2483 103.6583 103.2958 102.9816 102.7683 102.5640 102.3468 102.4929 102.5505 102.6052 102.4800
110.4700 112.7626 110.1476 109.9775 113.5538 110.3191 108.9968 110.4115 109.4154 108.9979 112.8351 110.5929 109.6372 108.2156 112.8399 109.0341 109.1304 113.0955 108.0498 107.9808 107.9464 107.5601 107.4969 106.7548 106.0679 105.2456 104.8250 105.0146 104.2843 103.5828 102.9146 102.6688 102.3745 101.7382 101.7273 101.4546 101.3887 101.7343 101.4977 101.6500
110.2400 108.8250 108.8602 112.7713 113.1960 110.7581 109.8482 108.1491 107.7851 108.0536 111.4208 111.6944 111.7141 112.3734 110.8256 108.8959 110.3819 108.0422 107.9252 107.9055 107.1866 106.9533 106.7791 106.8524 106.3226 105.4002 105.0098 103.9070 103.6554 102.5496 102.4522 101.7380 101.6756 101.0531 100.7034 100.7112 100.6825 100.6524 100.6674 101.1400
109.2800 110.0582 109.4761 109.1073 110.7330 109.2067 109.2772 109.6428 110.0163 108.9208 111.6474 112.6453 113.1431 110.9872 108.8225 109.1359 108.5500 108.2402 108.2440 107.2840 106.8005 106.4351 106.4158 105.4559 105.6802 105.4200 105.2996 103.2536 102.8138 102.1491 101.6457 100.5980 100.6798 100.5476 99.7396 99.1419 99.9548 99.9708 99.9225 100.4500
111.2000 110.3814 112.6230 111.7662 111.6699 108.9963 110.0163 110.1878 110.4151 111.4633 112.4501 113.6796 113.1051 111.4772 111.2632 107.1550 108.0922 107.9951 107.2042 106.3580 106.1768 105.7005 106.5003 105.8897 105.5083 105.7296 104.2847 102.6447 102.1569 101.4147 100.9461 100.4775 99.9405 99.4381 98.6865 98.4326 98.0623 97.0437 97.3351 97.9000
111.5200 113.0863 111.8693 112.8459 110.8474 108.5197 109.0392 108.2575 111.6903 111.5851 114.5238 115.4911 112.4534 112.3867 114.3978 108.9828 107.4171 108.1919 106.4636 106.1002 105.9130 105.2563 105.9558 106.3267 106.0021 104.5490 103.0566 102.7309 101.9890 101.0063 100.3509 99.2575 99.2124 98.0165 96.4121 95.2558 94.8664 94.7735 95.6274 96.2300
110.3900 118.7996 111.6608 112.1390 113.7688 110.9108 111.1089 110.7900 113.7904 111.8984 112.0937 110.7416 112.4863 114.0715 113.0482 107.4363 107.9612 107.0456 106.8820 106.0443 107.0995 106.1808 105.9596 105.9945 105.2592 103.3932 102.4966 102.6097 95.0217 101.1982 99.0933 98.6326 97.1585 95.8122 94.3756 93.7941 93.3423 92.6491 93.4470 94.5300
119.5400 115.6621 116.3858 112.0074 111.5269 109.4649 109.9905 108.8759 112.8466 113.5584 111.2544 111.2047 108.2939 114.1106 108.4948 112.6509 110.4394 106.9960 106.9471 105.9874 105.3907 105.1976 104.9036 104.8260 105.1897 102.9319 102.3100 101.7223 100.7339 100.0769 98.4631 97.6801 95.7131 93.6512 92.0002 89.8479 89.5534 90.0914 91.9520 93.4700
115.9700 115.2399 111.5417 115.1630 113.2412 107.8838 108.3076 109.0170 112.3082 109.5683 108.6623 108.8104 109.3021 109.0286 108.7888 108.1748 108.3245 106.7365 106.3580 105.7659 106.9165 106.3883 106.4920 105.6645 104.2066 102.6756 102.1675 101.3780 100.6901 99.4283 98.2681 96.6891 94.9962 91.4480 88.1847 85.0766 84.5921 85.5956 87.8907 89.9700
113.1800 113.2280 114.5804 110.7478 108.9454 109.0699 114.0907 112.9430 113.6843 110.8728 112.9084 110.3704 110.6419 110.5532 107.8285 107.8117 106.8038 106.7641 106.4640 105.9191 106.8599 106.8802 106.2004 105.0325 104.7060 102.4389 101.9892 100.8980 100.1308 99.2766 98.0512 95.1904 93.4260 88.4736 83.8482 78.1720 75.1832 77.5132 83.3332 88.3700
112.1700 118.2899 112.9077 113.2368 109.4469 113.2257 113.0428 113.7377 114.4073 113.9607 111.6652 113.1268 111.7755 111.2067 115.3821 109.5359 109.3613 106.5780 106.1951 106.2529 106.4265 106.3088 106.2774 105.7627 104.4662 102.4457 101.6708 100.7965 99.6921 98.5921 97.1950 95.0346 90.6598 87.0082 79.5999 68.8856 64.8883 68.5928 78.5725 83.5900
117.4800 115.7848 112.8430 109.7448 110.3023 111.7813 112.9315 113.6223 110.9272 112.7472 110.4123 112.1454 110.4324 110.9676 114.1283 113.9964 112.0226 106.1274 105.9129 105.4879 106.4790 105.2954 105.3945 106.0850 103.4629 102.5101 101.7024 100.9262 99.8888 98.5141 95.8866 94.9088 90.2333 84.4989 77.2623 70.0709 63.9168 64.9154 76.4330 82.5900
112.5900 114.2253 112.0571 112.4426 111.2338 112.3036 112.8585 111.8910 109.5608 112.4118 107.9962 108.6859 112.0024 110.0921 112.1098 112.4217 107.0071 106.6027 106.1098 105.5425 106.2930 105.9081 104.2319 105.3068 103.4823 102.4683 101.7372 100.8810 99.9792 98.6598 96.3002 95.6242 90.9552 85.6097 78.7114 71.5111 67.0449 68.3614 78.6614 83.6200
110.5400 113.6670 110.5965 113.4068 112.0818 113.6961 112.2739 111.7551 110.7393 114.3601 109.1711 108.1343 112.8138 113.6484 111.0595 108.9127 107.0190 106.4484 106.9360 105.6661 106.2690 105.5019 104.5508 103.8132 103.5661 102.5407 101.8768 100.9883 100.2181 99.0553 97.0176 95.6772 91.8992 89.4365 82.0943 78.1090 75.6085 77.6279 82.8175 83.8900
114.1100 115.2431 111.2349 113.0864 115.7278 116.6764 116.6549 112.3355 110.4231 109.9363 108.9261 106.5190 111.8187 109.8740 107.8829 111.6470 107.4138 107.1489 106.7174 105.5091 106.8409 106.0676 104.1736 103.8690 103.5376 102.8210 102.0413 101.3077 100.5527 99.4649 98.1045 95.9222 94.6550 92.3545 88.0812 86.9440 85.3374 84.6968 86.7874 89.4600
115.6300 114.1498 110.1156 113.8244 112.2278 116.2987 112.6934 111.9141 110.7891 110.0599 114.1534 110.8984 110.2617 112.0897 109.1161 109.3633 106.7601 107.3000 106.7903 106.3003 106.9548 106.6728 105.5541 105.0019 103.6792 103.0061 102.3513 101.4844 100.8894 100.0762 98.9876 97.6074 96.3065 94.1862 92.5116 90.2994 91.4937 88.7672 90.2775 90.8700
114.1100 114.4297 110.7220 113.5123 110.3985 110.5770 112.2102 111.9562 112.0770 111.3233 110.6146 112.2568 113.7683 114.4708 112.6221 110.5311 114.4674 108.4466 109.8352 106.8246 105.5843 106.3699 105.8808 104.9537 104.7201 103.2721 102.6235 101.9924 101.3443 100.4846 99.5893 98.8000 97.5240 95.2563 95.4587 93.3236 93.6933 93.4174 92.9651 91.3500
114.4300 110.2400 110.2400 111.9000 110.8200 110.8200 114.1400 108.7400 110.8600 110.8600 112.7900 112.1400 107.9100 111.8500 111.8500 110.8100 113.3500 108.9100 110.1700 106.5800 106.5800 106.0200 106.1500 104.7700 104.9600 103.3700 102.9100 102.5000 101.5600 100.8900 100.2700 99.7700 98.4500 97.7300 96.6700 94.4700 94.6700 94.1600 94.3500 94.3500
