111.1600 109.6000 108.6700 110.8600 110.5700 110.6900 121.1200 120.2500 120.3600 120.1800 119.5800 118.5800 120.4100 120.0100 119.9200 117.8900 112.1500 110.4100 108.8300 108.4000 106.8400 105.5200 104.1400 103.2000 102.5300 114.1000 104.2600 105.6100 105.6100 107.3800 107.2800 111.7900 110.8300 110.6700 110.8900 111.3000 111.9600 107.4700 108.0300 108.9000
109.0900 112.9496 111.4042 110.8734 111.9773 110.8290 111.4714 120.6007 119.0286 119.6256 120.0252 119.7312 115.7977 119.6821 119.5844 119.0727 113.8887 109.6435 109.2803 107.6683 106.1455 104.5663 103.0846 102.6160 104.9757 107.8864 106.1353 107.5814 109.6326 113.1330 114.1006 113.9899 114.1355 114.1288 114.1394 114.1121 115.0835 114.1146 110.7078 108.9000
108.5400 110.3057 108.7739 112.9861 109.5516 119.2953 114.8862 117.7966 115.2874 117.4054 119.0308 118.7307 116.9873 115.9643 117.6864 120.0505 113.2594 108.3629 107.1004 106.4789 104.7399 103.3715 102.4752 103.5964 104.6380 106.5205 109.3807 112.7780 114.4982 114.9720 111.9927 109.8697 108.5578 108.1383 108.3762 109.3711 111.4271 114.2354 114.9205 114.3100
108.7800 107.9861 115.7201 115.1857 108.1769 113.1294 116.8227 119.1571 116.3899 118.7486 119.2359 117.3161 116.4117 118.9734 115.7030 117.0500 115.4154 114.1282 108.0821 105.6148 103.7314 102.9618 103.7900 104.9952 107.3880 110.9321 115.5043 113.1909 110.7301 106.8674 103.0854 101.6945 101.0573 100.7626 100.9729 101.4832 102.6760 105.5604 110.1621 110.9500
109.2300 110.0043 109.4798 108.2699 111.7737 113.0521 109.8268 116.5007 114.8673 114.0098 116.0332 116.3228 115.8123 117.6279 116.6257 111.0104 114.8528 112.0168 108.0605 104.5979 103.2996 103.9495 105.2450 107.5239 112.0935 114.1812 112.9770 106.6079 102.6434 99.4812 100.0042 100.4660 100.1615 100.0221 100.1310 100.3884 100.1591 99.2895 101.5757 101.3000
113.4000 110.2862 110.5806 109.8534 107.3004 112.0763 112.6174 105.9091 112.2378 115.4434 116.2205 114.8048 112.1588 115.0504 110.6913 109.3717 111.9449 112.3395 106.7305 104.4106 103.9302 106.3176 107.3227 111.5929 115.3532 111.3236 105.1048 100.5922 99.5660 100.0033 100.8693 100.3163 100.1561 100.1766 100.1488 100.2483 100.8432 100.6959 99.3175 101.3000
110.1900 109.5825 114.3232 111.5234 109.5732 113.6630 114.8295 112.0609 109.6442 110.7728 113.1911 112.7789 110.0533 109.7148 109.9994 109.1992 109.4556 108.8246 107.4104 104.9962 106.0762 109.4231 110.3622 112.5459 111.9321 105.2159 100.3969 100.3839 100.4816 100.3728 99.5338 99.1538 98.8527 98.6864 98.7906 99.0711 99.4033 100.0795 100.4392 100.0600
113.5400 110.9711 112.3476 114.7753 112.0689 116.6667 119.4325 118.1751 114.5725 111.7263 110.7651 113.0232 105.6937 108.2396 106.5688 107.6108 111.0722 108.8330 103.8933 105.6422 106.9762 107.9030 108.1166 108.9581 105.4934 101.6879 100.2514 100.7586 99.8323 99.0649 98.3726 97.7362 97.2988 97.1137 97.2220 97.6085 98.2194 98.8753 99.6643 100.0900
108.6700 109.8761 108.9700 117.7961 115.5974 112.8625 114.5080 113.3941 113.8365 114.7646 114.5951 115.3298 112.0880 108.4238 106.9908 116.3131 112.9851 107.9390 104.3740 106.9312 108.4323 103.8655 104.5078 104.3263 102.5602 101.8618 100.5772 99.7685 98.8574 97.8751 96.8578 95.9412 95.2478 94.9344 95.1278 95.7447 96.6222 97.6346 98.6158 99.0100
113.6800 116.2717 111.4471 111.3294 115.5905 113.8605 113.8548 114.8556 113.1569 114.4605 112.1207 110.3026 110.5134 113.3537 111.9966 110.5994 113.3061 105.5843 103.8460 108.3891 108.7012 108.1292 105.0813 103.7736 101.7468 101.2342 99.9817 99.0115 97.8324 96.5172 95.0313 93.5874 92.4351 91.9132 92.2316 93.2628 94.6729 96.1409 97.4994 97.7000
112.5100 112.3503 110.7470 116.6731 118.3432 117.7286 114.5608 115.7692 109.9452 112.7385 109.7577 111.9212 114.0347 111.4641 112.5656 112.9700 108.9293 106.8675 105.7703 106.2291 105.4295 109.9351 104.3474 103.5523 107.0676 100.2205 99.5008 98.2009 96.7066 94.9151 92.8048 90.5572 88.5589 87.6570 88.2178 90.0100 92.2514 94.4460 96.3062 97.3400
110.2600 116.2767 112.5708 114.9241 114.4915 112.8392 108.1296 110.0853 107.7327 105.7189 108.5276 111.7213 111.5513 109.6577 114.2401 111.2049 107.8256 105.1557 106.6141 105.9242 105.4157 104.6331 103.9795 103.8938 102.4861 100.0353 99.2510 98.0869 96.8488 93.9725 90.5885 86.8439 83.8586 82.0959 83.2147 86.0599 89.4827 92.5999 95.1390 97.0300
110.2300 117.3760 110.6565 114.0786 114.0922 115.4331 106.8815 109.2619 104.7203 107.4257 109.1389 108.5509 107.7022 108.4544 112.5834 111.8932 107.6747 103.8110 105.8199 105.4314 105.7799 104.6573 104.1900 103.0600 101.9108 100.0109 98.9836 97.7845 95.1955 91.9748 88.3141 83.3011 77.2262 73.4728 75.9213 82.6765 86.8311 91.2538 94.3080 95.6600
117.5200 113.7509 111.5834 110.4147 110.4068 107.6375 109.0136 104.9084 108.6512 103.4905 103.7243 110.0190 109.3863 109.8093 108.6521 106.9771 106.4945 105.7333 103.8074 106.3104 104.5524 103.2670 103.7508 101.8635 100.9021 100.1487 98.4449 96.7043 95.1150 91.6286 86.5250 80.4892 70.8478 66.5115 68.9799 79.5735 85.2040 90.8497 94.3459 95.4500
117.9200 116.4601 107.3103 107.2851 107.1927 107.7736 108.1448 106.7701 108.5312 103.7880 105.5300 113.1529 114.4274 113.0823 111.5791 105.9225 103.6968 104.4704 107.2578 106.1340 104.4727 104.0173 104.1028 101.9259 101.2394 100.0899 98.4927 96.4933 94.7991 91.6072 86.3782 80.2750 69.7414 64.9712 67.7703 77.7481 84.7178 90.2560 94.1041 95.7100
117.9300 113.7643 108.3430 107.8840 106.2091 108.2147 107.4033 110.3614 110.3878 107.6471 107.4993 112.7449 114.3539 109.8337 112.4980 107.5686 104.8989 104.9269 107.1097 104.9650 104.3431 104.0492 104.1084 101.6864 101.1638 100.2330 98.6739 96.9151 95.7417 93.0509 87.9081 82.2999 74.9731 71.2280 73.2842 80.9154 86.0986 90.6740 94.1089 95.7600
118.6800 114.8800 109.1215 107.7740 108.1871 108.2240 107.2231 111.3736 111.8832 110.5954 113.6477 111.7970 111.4915 113.2509 112.2472 108.1167 103.8209 103.4970 104.9046 104.6153 104.0299 103.4298 103.8328 103.2786 101.3619 100.5328 99.3665 97.8703 97.1692 94.9652 90.5219 85.6146 81.9736 79.5240 80.9361 87.6589 89.7905 92.5027 94.7943 97.2300
114.5900 115.8328 110.2324 109.4040 107.1673 106.1044 106.2786 109.5619 111.8490 109.6565 112.6545 109.7281 111.2230 114.4799 112.0791 111.3724 104.8890 103.4390 103.8575 105.6310 105.3802 105.4299 101.0607 103.3559 101.5283 100.6757 99.6415 98.5530 97.1939 95.5967 92.7955 89.7883 87.0976 86.1521 87.5968 91.5745 93.3763 94.9731 96.6326 98.3000
114.8200 113.8300 111.4301 108.8829 106.8995 107.9907 105.3772 109.6958 111.1071 106.9481 114.5025 112.6735 112.6935 111.4346 108.7176 107.1584 107.1467 106.0465 106.0640 105.9197 105.2453 103.2246 103.3310 103.0616 102.0967 101.5267 100.6977 99.5501 98.1855 97.1949 95.5259 93.3102 91.6616 90.6055 91.6163 93.5150 95.8366 96.8972 97.8498 98.2900
111.5800 111.5274 109.1303 108.9296 108.5956 107.8245 105.7864 110.8403 111.6473 108.3559 108.0597 113.8379 114.0421 113.7487 106.3059 107.3019 107.3665 107.2933 106.2902 106.0931 104.3609 105.6484 104.4947 104.8426 102.9311 96.9535 94.1447 100.3524 99.1836 98.6722 97.5686 95.9018 93.5898 104.7476 94.6191 97.7041 97.6382 97.7986 99.7365 99.5500
110.8200 111.7419 110.0999 114.2536 109.3295 110.4461 107.9126 111.0529 110.6986 114.1016 112.7250 110.3254 113.7937 110.0007 107.9740 109.1928 112.5869 104.2987 105.0137 106.1473 105.3340 106.0178 105.5669 105.2168 102.7578 100.7432 97.1255 101.5192 99.5959 99.4007 98.9156 97.7514 97.7217 87.8349 87.2339 93.2376 93.3605 91.3565 100.0263 93.2400
113.3300 111.3723 114.8013 112.7339 110.4725 110.2476 107.6560 110.1834 109.6221 113.1752 111.5879 109.6552 113.2188 108.6330 110.3116 114.0967 107.2494 104.9992 106.6972 106.1439 106.6842 103.4392 101.6043 100.7967 104.0346 103.6804 102.1480 101.2859 100.9183 101.0798 98.0445 99.9087 90.4979 91.2031 92.8836 90.3785 91.8598 92.4894 101.5170 100.8500
111.3500 111.5562 109.4546 108.7100 108.2684 110.5340 111.0439 111.7684 108.5213 109.6247 110.6876 111.6919 108.8813 111.3894 115.6705 111.7803 110.5722 111.8578 107.2755 107.2528 106.9980 103.7559 102.8368 101.6830 99.4637 97.4093 104.4788 101.9991 100.1210 101.6387 93.9238 99.4260 92.0639 100.0255 98.6904 92.7906 93.6536 100.6604 102.3083 101.6400
112.1300 113.0261 113.3864 110.0317 111.5655 107.5903 109.5488 109.6142 110.0002 110.0231 110.8629 108.1220 110.2952 109.3032 113.7516 108.7340 109.9870 106.5279 107.2550 106.7861 107.0088 107.0497 106.8693 108.7958 101.8171 100.8096 103.5438 102.3763 96.3816 96.0809 94.6683 100.6013 93.6435 93.7040 99.4289 94.6045 94.5347 97.4052 103.1430 103.9800
110.2800 115.8434 108.9036 110.2984 111.5306 107.3373 111.7319 111.9222 109.2996 109.2738 115.5280 110.0755 113.7690 108.3933 113.5330 111.5391 107.2762 107.0110 105.8034 106.2446 105.3813 106.7004 108.3653 109.1332 107.0796 103.6452 101.6445 100.9285 102.8067 96.7754 95.6519 96.2776 95.5422 99.5412 94.8966 95.3552 98.1442 96.6715 103.8918 103.5500
113.1500 108.1572 109.8918 109.0963 109.9038 108.1935 109.3693 110.5636 108.1108 109.0085 112.4476 111.2524 112.2325 107.0185 110.5259 109.2583 107.5534 107.1574 106.4237 107.0811 107.2768 109.2866 104.8895 103.1831 104.3118 106.7100 100.4480 99.6170 102.0756 104.1849 99.0326 103.0732 97.3373 105.5542 104.2251 103.7096 104.7823 97.2810 105.9477 105.2400
116.5700 110.8799 109.3611 109.5490 108.3779 108.1370 107.8038 109.4039 110.1153 112.0399 113.7839 110.0516 108.0603 107.6833 105.0055 107.9163 107.0702 107.1281 106.9648 107.0758 108.1674 112.4926 104.4265 103.7304 104.0681 109.4208 105.4928 103.8027 99.1548 101.3737 101.8488 104.3905 100.0332 99.9340 103.8961 104.5854 100.6550 103.0150 104.1521 102.1900
112.8600 112.8475 110.6120 112.3915 114.0298 107.4146 111.7964 108.3339 112.1929 111.3657 113.9386 107.3635 104.9604 108.0298 101.9455 110.4303 108.2174 106.7941 111.5307 107.2419 107.3576 106.1069 106.2111 111.0308 107.0714 109.2052 106.3792 103.7722 101.8238 104.1220 106.2362 104.6091 102.8386 100.0702 99.7438 105.1285 104.3488 103.8065 102.9519 104.4700
111.8500 113.8196 111.4800 111.2887 114.0393 109.9447 109.5794 109.1663 114.3940 109.8591 111.7373 106.4810 105.1390 105.3665 105.8536 103.9756 111.5651 113.7907 109.1312 108.9079 108.2154 111.1601 106.8370 107.5393 106.4749 104.0975 106.6363 103.1316 102.5788 104.2262 104.8507 102.9833 102.6457 101.3644 100.7177 104.5784 103.9913 104.8571 104.7383 106.5500
115.2900 118.3875 112.7439 111.5805 117.7857 111.8524 109.8980 108.3735 109.7043 113.4243 110.9129 107.7954 108.7804 109.5700 105.3047 110.3469 104.6627 110.6416 108.9727 112.5341 108.7687 107.8874 107.8085 107.0494 107.1935 105.8750 107.5390 105.9592 102.9237 103.2175 103.2493 106.2542 102.7712 106.0112 106.2404 106.6005 105.4490 106.0234 105.2884 105.8700
118.0700 113.9398 115.6840 110.3702 112.7554 109.3284 111.4140 111.0697 109.6947 112.3139 109.6519 110.8731 109.6661 110.0075 111.4999 108.8601 103.5289 108.8173 113.1255 113.6033 113.5289 113.5318 109.6885 106.9001 107.4095 107.2117 107.4581 106.4267 105.2713 103.8594 105.4293 105.6987 106.8594 106.5746 106.1545 106.6697 106.8277 107.0093 106.7831 106.9100
112.9500 112.1098 111.5773 115.8207 113.4298 111.4150 109.8845 110.6162 112.0547 111.8573 106.0347 107.5741 109.7693 109.0124 113.1511 109.4488 106.6518 106.4784 109.6606 114.6567 114.4010 112.0726 108.3245 107.8245 106.6911 106.9429 107.0005 106.5313 106.3423 105.0277 106.8997 105.4594 106.9687 106.4939 106.6352 106.6327 106.7610 107.4122 106.9623 107.4500
114.1600 113.7860 113.6729 111.8534 110.7454 109.8097 112.6769 113.8909 115.1725 108.8844 108.8560 108.1132 109.2531 111.3370 111.7441 107.0027 110.3460 110.0291 108.0995 107.0463 112.5983 111.1669 109.0549 108.8584 107.1655 108.4206 107.5457 107.7232 107.0957 106.8617 106.9652 106.3734 106.2270 106.3866 106.5402 107.1999 107.8224 107.1718 107.3116 107.1700
113.3300 113.6694 113.8244 111.8981 112.4401 111.6371 114.4353 113.7247 112.9263 112.3349 110.3621 110.7146 111.5670 106.8159 104.1901 104.2108 104.9649 109.5599 108.9322 109.5672 108.0944 104.7603 109.6698 108.4677 107.8901 107.6830 108.3542 108.4318 107.3517 107.6573 107.7493 107.0390 106.9854 107.6140 107.5248 107.9675 107.4681 107.0285 107.1649 106.9000
114.8800 113.5867 112.9824 112.8083 112.5762 111.6767 115.6269 116.5604 112.9210 112.6699 110.2130 112.5532 113.0903 105.9833 109.0477 105.7321 106.0376 108.4228 110.1190 109.4668 104.3522 103.7535 103.9145 104.8086 109.0841 107.6884 108.5945 108.8727 108.0996 108.4168 108.3846 107.8730 107.2809 107.5112 107.8762 107.8517 108.3540 108.1815 107.1703 107.0700
116.6500 115.3348 114.4935 112.7346 112.5269 111.7552 113.9258 114.8656 111.1792 111.7622 108.7785 109.4064 110.7317 108.6511 107.9162 106.3399 108.0064 109.5078 112.7861 112.0432 108.0601 109.2740 107.3842 104.9355 107.8521 104.9071 109.8510 109.8063 109.6212 109.8254 108.3460 108.9199 108.0250 106.8678 107.3554 107.5783 108.5663 108.6591 107.1130 107.2900
116.4400 115.4741 114.9512 113.5675 113.6464 113.0917 113.3864 110.9851 109.0675 108.9317 108.8820 108.1612 108.3929 109.4088 106.4440 106.1369 107.2488 111.7033 112.6843 110.7484 113.1497 107.6344 109.7956 105.4413 107.0506 102.6732 104.0238 104.4937 104.4033 106.5368 107.7796 109.4640 107.7204 109.8332 110.1809 107.9237 108.5607 107.8935 106.9196 108.6800
116.9600 114.6296 114.7771 114.2178 115.0147 116.0996 112.2401 111.9607 110.8638 109.8908 110.9273 108.6539 110.6285 110.9402 108.6444 109.0943 111.7426 111.3135 112.4389 112.2153 114.4837 105.6708 106.1237 103.8586 104.0654 104.3952 104.0082 104.6579 104.0741 102.5054 102.8412 105.2762 104.3499 104.4229 103.4152 102.7741 103.2407 108.3143 106.9984 108.5000
116.1800 115.8914 116.3916 114.7426 114.3022 114.1802 112.8237 112.3185 112.9209 111.6857 109.9479 109.2733 108.3228 109.8854 109.8824 114.0684 113.1532 113.6075 113.3744 113.5265 109.5708 106.6373 106.3008 105.2993 105.8832 105.2604 104.8810 108.0005 105.0220 104.6602 104.5842 104.0261 104.4126 105.3927 105.0724 104.1718 107.9184 109.0735 108.6206 108.0300
116.1800 116.1700 116.6900 114.9800 114.7300 113.8400 113.3400 112.4800 112.1000 110.6500 110.4900 112.0400 111.4900 109.6400 117.1700 117.1700 110.8100 110.8100 108.3200 108.3200 110.1500 107.2200 106.4700 106.4700 105.6100 105.8700 105.8700 105.8300 105.9500 104.5700 104.4300 104.8300 104.4400 109.5000 109.1900 104.5500 109.4600 109.4700 108.4000 108.2600
