110.8500 109.3900 108.6700 113.9900 111.4400 110.1100 111.6500 120.4500 121.4300 122.1700 120.8600 119.1100 118.7700 120.5400 121.1000 119.7900 113.9800 112.4200 110.9200 112.6800 111.1400 108.0600 106.9900 105.8200 103.5300 108.6600 103.2600 103.2600 103.8200 104.5900 104.5900 105.7800 105.7600 107.5400 107.2800 107.1300 111.7800 112.0300 107.7600 108.0200
109.0200 109.2939 108.9497 111.9508 117.4699 111.4663 117.9840 119.6588 120.2497 120.9208 121.3592 121.0678 116.9352 119.7500 119.3579 120.6072 114.4760 110.7095 111.7603 110.9358 109.3168 107.4151 106.2212 105.0404 104.2633 104.2662 103.2096 104.4348 105.0406 105.8669 106.6416 107.5428 108.4769 109.1364 109.5109 109.7171 110.0691 113.8674 108.2982 108.0200
109.2000 108.7733 108.9096 108.8373 110.2548 119.9253 118.0604 117.1780 114.0781 118.3154 119.1824 120.8920 120.0871 120.3713 117.9333 116.2877 120.6269 110.3828 109.5453 109.4481 107.9349 106.8270 104.8478 103.9108 103.1113 103.7745 104.6648 105.8601 107.0716 108.4347 110.4836 112.2150 113.2895 114.0816 114.7592 114.9313 114.5900 115.8053 113.0467 111.9500
113.1900 108.8326 112.5953 110.1717 108.7271 107.8581 115.2885 115.8652 115.9235 118.4504 119.1773 118.7202 120.3862 118.6444 112.0306 111.9323 116.2949 116.0690 110.0054 108.2914 106.7274 105.7206 104.0462 103.5373 104.1190 105.0529 106.4007 108.3312 110.8435 113.5916 115.8250 115.3694 114.3675 113.7443 113.1875 113.1481 113.2154 113.5247 113.6950 115.2200
112.7400 112.6810 111.4620 109.0600 108.2939 113.2424 109.4903 116.7548 114.5725 113.6329 115.4432 116.8593 117.4755 116.1860 118.7462 114.1217 115.3415 113.7082 109.1009 107.3471 105.9747 104.5859 104.1701 105.0427 105.4928 107.0073 109.2590 113.3850 114.9282 115.5548 113.4811 110.0333 108.0809 106.7510 105.6581 105.2301 105.5415 106.5845 107.6339 109.8100
118.0300 118.6639 119.5776 115.6336 108.5182 112.0368 115.2628 112.7556 113.8838 116.3548 116.0118 112.7084 110.8506 114.0504 112.6665 112.6870 114.7039 114.2139 111.0885 106.2413 105.2490 104.5952 105.0829 106.0723 107.6938 110.3393 114.0388 116.0609 113.0098 109.6519 105.7714 103.8935 101.8400 101.1223 101.1939 101.2825 101.2497 101.3116 102.0793 104.3400
110.3300 111.0879 117.2076 117.3785 116.6083 115.7524 116.7767 114.3364 118.0105 115.7570 114.4372 109.0929 111.4031 112.7360 110.8941 111.3170 106.5997 116.5081 108.3378 105.3952 105.5067 104.7524 108.2046 107.7703 109.3749 112.6953 114.9123 112.4394 107.1156 103.2567 101.9897 101.3156 102.3833 103.3364 102.9070 102.8130 102.8547 103.4022 102.8901 100.9700
111.2000 107.9279 114.7727 114.2089 113.7815 116.2344 116.7850 114.0080 116.2079 111.7032 115.8111 111.9273 115.5537 111.0633 112.2573 116.3328 110.6416 110.1803 108.4116 105.3470 107.1152 104.2627 106.0020 108.1893 110.6224 112.4506 109.9710 104.8425 101.6090 100.6281 102.3296 101.1054 101.9571 100.7150 100.2890 100.1173 100.2519 100.6066 102.2467 104.3300
112.1300 110.5770 114.4143 114.1344 110.7718 113.3572 117.3894 116.1634 115.9610 113.7990 113.8981 111.2971 111.4612 114.6721 113.1729 110.3037 115.7883 106.8322 105.9983 108.1272 106.6077 104.8021 105.3001 105.8382 107.2763 105.0896 108.2175 107.2577 103.1589 104.2550 100.9747 100.4343 99.8334 99.6027 99.4217 99.3442 99.4080 99.5923 99.7273 100.4500
117.6400 115.8049 117.6000 114.5503 110.8401 110.1207 111.9242 110.3952 111.9855 110.8985 110.0279 108.8012 107.8884 110.8903 113.3812 112.4954 114.7716 104.8679 105.2862 106.7306 105.3606 105.9815 104.4746 106.9121 102.6839 103.0249 105.3695 105.6394 101.7214 101.2289 99.9088 99.3897 98.7617 98.2375 97.8750 97.7386 97.8401 98.1683 98.7096 99.1000
118.7200 118.0332 118.4312 116.8420 114.7436 115.8081 108.9891 109.8118 112.6886 111.7143 109.3396 109.0724 108.7008 108.6996 110.3939 113.7088 111.4917 105.7834 107.4488 110.2117 108.2547 108.8537 103.6673 104.0591 105.2638 106.4905 103.0144 102.4339 100.5127 99.8639 99.0521 98.1005 97.3061 96.5802 96.0793 95.8690 96.0291 96.5084 97.1971 97.7600
110.0500 118.1371 115.1221 114.5258 112.8696 110.4748 111.7171 107.2413 112.8869 109.4288 108.4781 113.1974 107.5550 109.0140 108.1729 108.2882 107.6193 107.5780 105.9273 106.5165 104.3873 109.7333 109.5069 109.6326 108.0003 104.0168 102.5308 101.1865 100.5439 99.2322 98.0636 96.6926 95.5467 94.4826 93.6773 93.3854 93.6141 94.3073 95.4111 96.2200
110.1900 116.2347 108.5015 109.4255 110.1361 108.7729 109.6239 114.9410 112.5490 113.1009 113.8045 113.4937 113.9693 112.5922 111.0665 108.1612 107.7912 106.2760 106.3157 106.6996 105.0323 105.7738 104.0101 103.4234 104.8071 104.6763 101.3043 100.7958 99.5213 98.0970 96.8767 95.0795 93.4471 91.8468 90.8869 90.0710 90.7656 91.8921 93.6443 93.3100
115.9800 116.4142 109.3421 109.8984 113.8555 108.3072 112.1678 113.9755 114.6472 106.7525 105.5113 108.3810 113.2327 112.0797 113.0829 107.6828 106.9938 106.9291 107.2358 106.4032 105.9179 106.2649 104.9270 105.1542 103.4470 102.0930 101.0766 99.7648 98.9574 97.6286 95.3479 93.4347 90.9997 88.6171 86.5884 85.7041 86.5443 88.8792 91.3634 93.3100
118.4100 116.1860 107.6560 110.7208 110.2554 108.6394 111.3734 111.3121 111.5468 108.1993 109.6410 108.4136 113.9218 112.5181 110.5751 108.4432 106.6708 106.3196 106.6851 106.0351 106.4822 105.5096 103.6633 103.5656 103.8063 101.9354 100.6176 99.4700 98.6834 97.0582 94.3495 91.7577 88.3632 84.7573 81.5867 79.9655 81.1218 84.3299 88.1197 90.1700
115.0100 114.8706 110.3000 111.2122 109.4022 108.1164 113.1340 112.5012 115.7004 108.1993 110.6543 110.5194 114.4210 110.6354 112.0954 109.3851 106.9034 105.7570 106.8861 105.4034 105.5298 104.7986 104.0303 105.1062 103.1768 101.7999 100.5585 99.5550 98.8291 96.9859 93.7005 89.9827 85.9435 81.2162 75.5938 72.4424 73.2589 80.4631 85.2838 90.1700
118.2100 113.2984 112.2745 112.2871 111.1564 108.7825 107.4821 108.7799 113.4900 114.2061 114.2852 113.2905 114.3494 112.8940 110.8257 109.8376 105.9957 107.3568 106.0668 104.6598 107.1839 105.3032 105.4509 104.2341 102.8533 101.7153 100.6212 99.5302 98.0961 96.4174 93.3082 89.0990 84.3781 78.5043 68.1965 62.6340 66.7013 77.8495 84.4446 88.0600
111.5200 111.0762 109.7141 110.8335 110.8953 110.3920 108.7190 108.0546 111.1787 110.2099 114.8700 113.2387 111.5206 108.9973 106.9977 112.1494 110.2106 106.1715 106.0796 105.1621 109.8271 106.6616 105.6113 103.4848 102.1702 101.8172 100.5446 99.5287 97.6840 96.1224 93.6807 88.9801 84.3752 78.1107 65.8045 64.1619 69.0324 77.7583 85.0553 88.1400
113.0000 113.8492 115.8365 112.6697 112.0927 111.4058 112.2813 112.0756 115.8484 108.6071 109.8737 112.6064 112.7192 110.2630 110.6892 109.2858 110.6188 105.6604 105.2886 107.8125 109.7147 106.3045 105.5722 104.9433 102.9272 101.8904 100.6785 99.8327 98.3964 96.3819 94.1945 90.1442 85.9258 82.2066 75.1525 70.8131 75.2291 82.8737 86.2876 90.5900
111.4800 112.7188 118.5257 113.4310 112.7131 112.0933 112.5117 113.2642 112.8304 109.7919 110.2720 115.3192 107.4514 111.7775 112.0595 109.5360 113.1864 108.2267 105.5113 108.3929 107.7938 106.4733 105.8944 105.2968 102.5905 102.1101 101.3614 99.8517 99.0728 97.2839 95.5801 91.5802 89.2310 88.6560 86.8206 81.0780 84.0565 85.0744 89.5826 91.6000
112.3900 111.7510 111.8400 109.3401 116.6361 108.1136 113.3443 115.2693 114.3584 113.1616 113.0972 112.7882 114.6166 109.3190 112.2959 107.4506 108.4021 107.5507 107.1682 106.8920 106.8624 105.0437 104.8382 104.9505 103.9797 102.1907 101.6128 100.3802 98.6823 98.0611 95.6120 95.4998 94.9687 93.2155 92.2842 88.6199 90.2279 92.8776 93.7121 93.7100
108.4900 108.2289 109.0181 110.5222 109.1176 110.4058 109.0498 114.2934 113.7563 111.0414 114.5198 113.0132 113.8863 108.2061 108.2571 108.4700 107.8794 107.0210 107.1844 107.0219 106.6510 105.5593 105.0709 104.7575 104.2783 103.6195 101.5762 100.5766 99.7249 98.5969 97.3546 96.6844 96.4802 95.1348 93.0613 104.6687 96.1579 95.3571 95.1625 95.9700
108.5100 110.0774 111.6670 111.9087 110.4147 109.3829 108.7011 114.2447 113.2700 112.2763 114.5808 113.1206 109.2053 108.9484 108.3758 108.2343 106.7340 107.1594 107.5540 107.1763 106.6586 105.5753 104.6737 104.9475 103.7349 102.7719 102.1820 101.4358 100.9446 99.8345 99.1047 98.5992 97.6709 96.3497 95.4738 96.0395 96.0438 96.2631 96.0055 97.1400
114.6200 116.5629 113.3686 111.1553 112.0657 108.4462 114.9830 112.8183 115.7752 113.5231 113.6723 108.3427 108.7592 107.4582 108.2801 108.5181 107.4818 106.4086 106.2403 105.9691 106.4609 105.8390 106.8178 104.5839 105.1089 103.4318 102.5566 102.0427 99.4699 101.0273 100.1098 99.4645 98.7808 98.1651 98.1287 97.8660 98.1777 97.8754 96.9374 97.4700
110.1100 112.0957 112.1996 113.0627 108.5341 108.6027 113.2324 111.5334 108.3029 109.4828 109.0708 111.0041 109.2092 108.0717 108.2460 108.1431 109.0258 109.7038 106.3992 105.8359 106.8429 106.5409 106.4505 104.9075 105.0935 104.6326 102.9238 102.7509 96.7312 101.6762 100.9361 100.3182 99.9359 99.5882 99.1965 98.9143 98.9632 99.5595 99.4053 100.1000
110.4600 109.4774 109.8252 111.0159 108.9544 108.9913 109.4379 109.2352 109.0887 109.2451 112.9372 110.4422 108.5435 109.5587 109.6600 113.1493 110.9085 111.5327 107.3707 107.2777 106.3789 106.6277 107.0964 106.5273 106.0432 104.9394 104.3051 103.2235 102.6328 101.8579 101.4257 101.0667 100.8538 100.2184 100.3927 99.9153 100.0129 100.4710 100.5103 100.1000
113.0200 110.5602 109.8178 108.9556 109.8643 110.3349 109.4927 109.0706 110.0636 110.5739 111.4193 112.2566 112.2725 112.9090 114.7209 111.7766 108.2807 107.9806 108.3641 107.4255 106.2612 106.5649 106.2156 106.7755 105.5205 105.1667 105.4016 103.6153 102.7420 102.4004 101.9308 101.7791 101.5018 100.3088 98.6525 101.0594 101.2565 101.3144 101.3863 101.9300
109.5600 109.6986 110.1969 110.0410 111.3249 111.5518 111.8426 111.9416 110.8625 111.3502 109.6383 115.1109 114.1521 113.2892 109.4540 108.5754 109.1147 108.2338 108.3377 107.4083 106.9419 106.0302 107.0235 106.9254 105.5681 105.7630 105.3705 104.0661 104.6532 103.4596 103.5434 103.6650 102.3824 101.8070 101.6960 101.6755 101.8804 102.1324 102.8424 102.9500
112.3900 111.8036 109.7401 108.4546 110.8257 109.4187 110.6234 110.1752 113.0161 110.9348 109.4871 110.8749 114.2513 114.6243 114.6354 113.0676 107.2805 108.5279 107.5332 105.8031 106.3366 107.1279 107.3083 107.1955 106.2944 106.3755 106.5060 103.5204 103.2945 104.1625 103.8707 103.0787 102.8799 103.2806 103.7434 104.0454 103.1383 103.4232 104.9246 103.2100
114.2300 112.9097 114.1036 109.3909 111.4241 108.8858 109.5232 108.9299 113.7999 113.5310 114.2352 114.4454 116.7435 106.3475 109.3619 106.0988 108.2693 108.4052 107.9760 108.0725 108.1695 107.9359 107.4950 107.3111 105.7755 106.7403 105.1205 106.1504 104.4090 104.3518 105.1951 105.2549 104.0111 103.9040 104.3139 105.6308 105.4081 105.0533 104.3915 103.7000
118.1800 115.3761 112.4829 111.4330 109.8526 109.9592 110.0364 112.9978 108.0763 115.4923 114.8454 114.7982 116.9262 109.0943 103.9041 110.0256 113.8929 109.6423 108.7193 108.4166 108.2431 108.0951 107.9610 106.3589 106.3122 104.2687 105.2057 106.0694 106.6275 104.9770 105.6702 105.6867 106.4018 105.5176 105.9434 104.0090 104.2691 105.0142 105.4378 104.9500
115.6300 115.3809 112.7489 113.1314 111.5630 111.8293 111.5945 108.9228 115.0006 109.4985 110.4579 113.7820 114.9419 109.6489 106.6292 108.8246 112.9659 111.6996 110.6560 108.2458 108.2700 108.4969 107.8490 106.9001 107.9669 107.1860 105.5711 105.8562 106.5763 103.5241 106.1096 105.3710 106.1805 105.8328 105.9148 104.4873 105.8776 105.4239 105.4132 104.7800
110.2900 114.4875 110.9186 112.0740 109.1791 108.7034 114.1436 115.1529 113.9812 109.8940 111.6675 111.4366 107.2162 106.7951 109.6321 111.2537 113.8663 112.9104 108.7185 108.3866 107.8431 108.9347 110.8657 107.2982 106.8574 107.4452 107.7069 107.4433 106.9361 104.7162 106.3149 105.9922 105.9119 106.0989 105.1957 105.7502 105.8472 105.9505 106.6840 106.8500
110.2900 114.9811 112.5157 110.0798 109.9740 111.9212 115.8593 112.9570 111.6292 109.4376 110.6558 109.6675 108.2266 110.6987 112.1590 112.7397 115.1679 107.2326 108.8996 108.2843 109.7953 112.6041 112.3618 107.7518 107.0968 108.0307 107.5738 107.1055 106.4790 107.2851 107.1748 107.4238 106.6155 107.1266 107.0510 106.4085 106.8057 106.2955 106.6427 106.6400
115.8700 114.6492 113.0809 114.1523 111.7178 114.4446 114.0090 112.1083 110.3190 110.5183 109.1501 108.0963 108.7002 112.5274 114.4026 113.9525 111.1261 111.1232 109.0482 110.4389 114.4422 113.8724 111.9761 107.0078 109.4185 108.2700 107.0031 107.6366 112.4303 107.6236 107.5888 107.7215 107.5087 106.7323 108.3935 105.2823 107.3762 106.0388 106.0949 106.0300
114.5300 114.6080 113.3038 116.8132 114.8108 113.5351 112.7933 112.1538 111.8514 111.9257 108.5916 111.4049 109.7927 110.9070 112.4514 111.6690 112.2915 112.3156 109.2998 114.0716 114.9652 114.7461 107.6699 106.9339 108.2153 108.1816 107.9786 107.6964 108.5483 109.3991 108.2460 107.9028 107.9076 106.4483 107.2414 109.0664 107.2656 107.1254 106.7927 106.0000
115.6000 116.9747 117.5042 116.7654 115.6616 112.9905 113.1576 110.8876 109.4585 111.5983 109.3723 110.9212 111.5296 111.2130 111.9941 114.3315 114.8552 110.5792 112.8587 113.7609 114.1324 114.0176 108.0716 107.0645 108.7187 108.1951 108.6757 111.6959 112.6976 111.3268 108.3213 107.8875 107.7835 106.3033 109.4891 110.1589 107.4546 107.6743 106.8807 106.8500
124.1300 121.8801 117.8631 115.2974 116.0392 115.2259 113.7591 113.2526 112.5081 110.6841 113.1719 111.3972 112.5439 112.2336 115.8100 113.5779 115.4570 112.4469 114.5070 112.2063 115.2449 113.8766 108.0084 110.4920 114.0955 108.7624 108.6137 114.5825 108.1915 112.5367 108.0479 108.1287 107.1410 106.5947 105.7415 107.5009 107.2131 107.7679 107.3159 107.2800
120.5100 118.7090 110.6797 116.2928 114.7405 113.0396 115.9141 116.1671 114.0069 116.3460 110.5163 111.8749 112.7999 111.1080 114.0719 114.8392 114.0209 110.4734 112.7183 112.0232 111.2573 109.6939 108.0677 109.1516 108.4205 108.5751 109.0559 111.7669 107.9630 110.9384 110.6144 108.9881 108.5668 109.3227 110.8235 108.0210 108.2736 108.4824 107.9609 107.4200
120.5100 115.7700 115.7700 115.8100 113.8600 116.0200 116.0200 115.1900 114.1500 116.9400 111.7900 110.6900 109.3400 110.7300 111.2200 116.4500 116.4500 110.8400 111.0500 107.8700 115.2100 115.4700 109.5400 109.8300 108.7100 108.7100 115.2900 109.2400 109.2400 109.0900 109.0900 107.4400 108.0300 108.7500 108.4800 108.2200 108.5600 108.8700 107.8900 108.2800
