109.9600 109.9600 111.5400 110.7200 110.7800 109.8800 111.9000 113.8100 110.3000 113.8400 112.7500 112.9500 113.1800 112.1000 112.3100 112.5200 110.6300 110.6300 112.3800 115.9800 116.3800 116.3900 112.0200 116.5300 117.2800 119.7900 117.5500 117.0600 115.7900 115.2100 115.3500 115.1800 115.1300 115.1400 115.4500 116.1500 115.6500 115.3500 116.0800 115.3300
110.1800 111.1859 110.6306 110.1235 115.1309 111.0159 113.4146 114.1308 111.0293 110.8164 109.1868 112.3743 112.0341 108.9967 109.6724 112.0060 110.7037 111.9259 116.1224 115.5456 117.6805 115.1722 113.7245 115.4015 118.3445 118.3350 118.4666 115.9505 115.7464 115.1206 115.4324 115.0869 115.0621 115.3199 115.6764 116.0944 115.7425 115.1165 115.7402 115.3300
109.6300 108.6945 111.4244 109.6629 110.7458 110.9617 110.5840 110.8664 110.3636 111.0873 109.6274 111.7119 108.8140 109.1467 108.9391 110.9711 109.2230 109.7935 116.5589 115.3908 117.2097 117.7073 114.8705 112.1420 114.6025 108.9283 120.1673 116.4097 114.6048 115.4550 113.7358 115.3275 115.0472 114.7205 115.1811 115.4696 115.1744 114.9808 115.2369 115.3300
109.4000 110.4060 118.4018 114.1136 114.0503 113.8632 108.9050 110.8428 108.9619 112.6593 116.8912 109.0152 108.6957 109.1210 111.2195 109.9257 108.5808 109.0526 113.9721 117.0152 116.9585 117.7923 114.8670 112.5170 113.2465 111.1260 112.0283 114.2886 114.1145 109.2999 109.0184 113.4727 110.3894 114.6564 114.1229 114.2381 114.3719 114.4570 112.0563 109.7300
111.6700 114.5585 109.8746 109.9989 115.1243 112.3881 110.4130 109.9462 109.1293 111.2227 110.2845 108.8842 108.7596 109.2958 111.0538 110.2413 109.0573 108.7555 111.6633 113.3186 115.4533 114.4962 116.1311 108.9578 112.9149 109.7829 115.3697 114.7414 116.4460 112.8700 109.1073 111.0593 109.1896 110.2188 113.4184 112.9765 111.6757 113.8377 112.1417 109.5200
119.9100 114.4096 116.8374 115.1195 113.6996 112.3197 109.9806 111.9555 109.7676 112.9986 111.1664 113.4180 110.9828 109.3630 111.9517 110.2642 109.3750 107.7617 110.4473 111.5608 113.4218 109.9197 117.5098 115.0770 114.6850 115.2667 116.2901 113.1276 115.3626 111.6871 108.9483 108.8670 109.0994 109.5156 112.5578 108.8436 109.2219 109.8879 109.7227 109.2700
109.6000 111.8531 112.3668 113.0592 108.8652 110.5950 109.5203 111.6816 112.0817 114.8794 116.1802 115.3853 112.2742 110.3491 111.0751 110.5679 111.4462 107.9856 108.7366 107.7456 110.0573 111.7902 118.4371 115.9057 114.1982 113.9792 115.3617 115.1804 114.5979 110.8750 108.8563 108.7268 108.7175 108.6745 108.4695 108.7345 108.7253 108.7104 109.0511 109.1800
109.6000 113.5316 114.9072 114.7220 112.4778 113.0078 108.6627 109.8864 109.0723 112.6082 112.7650 114.3201 113.0132 115.0718 109.7179 108.5332 108.3576 108.7760 108.2999 108.5621 109.8639 109.3983 110.7473 117.1646 114.4146 111.9337 110.8650 114.7170 111.5209 112.8562 108.7064 108.3086 108.3081 108.2473 108.2530 108.3324 108.3280 108.3528 108.8097 108.6200
113.3800 110.9319 110.6062 111.7050 113.1046 111.0287 109.3605 109.4889 108.5952 107.9903 111.1164 111.2917 112.6656 112.9708 110.2571 109.3755 108.4959 109.9119 109.5081 110.8786 108.7759 108.8068 111.9065 114.4118 115.1160 111.2994 107.9678 109.7345 111.6729 111.7992 107.9259 107.8807 107.8218 107.9059 108.0648 108.3750 108.4262 107.8849 107.8778 107.8200
113.3800 116.6724 113.5807 109.5059 110.1949 109.9301 111.3100 110.0780 109.6806 110.1193 113.3861 112.0834 106.5796 109.8643 110.3307 108.0713 106.8734 108.2514 111.9328 110.2765 111.7618 108.8334 113.3428 108.6480 113.3005 111.4670 108.1678 108.8614 110.4972 107.7085 107.9746 107.2792 107.2792 107.4308 108.2454 108.2418 108.3419 108.2422 108.2390 108.2000
113.7100 113.5503 113.6717 112.3053 115.0136 114.3892 113.2898 111.4945 113.1816 111.1764 112.5618 111.4722 115.1385 111.4732 111.0944 108.6915 109.6016 111.3577 108.3625 113.9065 111.5445 108.2993 108.2801 108.3270 109.2707 111.5633 108.2446 107.8978 114.3510 107.5942 106.8046 106.8133 106.8889 106.6563 107.6612 107.9301 107.8697 107.8258 107.4769 106.7500
109.1300 118.0663 111.9860 111.0933 110.4826 114.0106 113.5422 110.6550 114.7899 113.2789 109.5670 109.5920 112.7643 111.6300 113.1252 109.7625 107.4227 114.2198 114.4506 113.4729 110.6453 108.9627 108.7368 108.6945 108.4445 113.4683 108.6607 107.7920 107.8147 107.2082 107.1032 106.1580 106.5597 107.3136 107.6354 107.7908 107.7902 107.4849 107.6257 107.5100
114.8500 118.4888 111.9653 109.7268 109.7777 109.5158 109.9285 112.6188 115.9276 113.7350 110.8068 111.3610 110.1500 110.2163 112.1539 110.9575 107.9138 113.5415 113.3230 113.1374 111.1940 107.8913 108.2080 107.4174 108.0953 107.6987 107.8841 107.6944 107.7377 107.3298 106.7247 106.3410 107.0001 106.1939 105.7962 107.1644 107.3513 107.2732 107.4213 107.5900
112.5100 115.3540 109.3399 109.6405 113.4669 110.7588 109.5316 116.6772 116.5870 114.9600 116.5660 115.4932 114.9696 110.1712 109.4928 109.7903 111.7992 108.1651 109.7608 114.0862 110.6680 107.7471 107.8869 107.1239 106.7914 107.4901 107.6707 107.3977 106.9070 106.7851 106.0875 106.5361 107.3519 105.6531 105.1778 106.5620 107.2521 106.3599 105.6366 105.8700
119.3800 115.9192 111.1419 109.3382 115.4886 112.5346 111.9065 113.8834 118.6596 115.7871 115.8844 116.0931 114.8934 109.7371 109.6742 112.5971 109.0071 109.0704 108.0368 111.8226 110.6396 107.6449 108.5360 106.3587 106.5821 107.7500 107.2917 106.9167 106.8157 106.1820 106.7046 106.4123 105.8208 105.5175 105.1034 105.3634 106.0802 105.5714 105.1000 105.1500
109.8800 112.7010 110.5643 110.2844 112.7095 111.5335 114.0043 109.3817 115.8196 115.1207 117.7321 118.5378 117.0836 109.7929 107.1976 111.0207 108.6644 109.1628 109.0272 107.7771 108.9880 111.1834 107.5393 107.1311 106.6518 107.1391 106.3592 105.1265 106.4905 105.6529 106.0156 105.3288 105.6668 104.9073 106.5016 106.2058 104.5276 104.7126 105.0380 105.0100
109.8800 112.8592 111.1356 110.0111 111.7854 110.9796 111.9859 111.8097 113.3831 115.0828 115.9533 114.6399 114.4435 113.1919 112.3035 109.1986 108.7880 108.8720 108.4469 107.8506 106.2311 106.3608 107.2824 107.7412 106.0788 106.9309 106.7004 106.3929 106.6005 105.2624 106.3859 104.6028 105.8492 104.6371 105.1418 106.1540 106.0634 105.4424 104.6264 104.6900
113.7100 110.5279 108.6696 108.2841 108.6195 108.0038 108.9052 109.5393 113.2111 110.4499 114.1061 113.4560 113.1401 112.9174 113.0018 111.4694 108.1412 108.5811 108.2788 108.1989 107.7801 107.4512 107.4321 107.1239 106.5855 106.8428 106.0440 106.5848 106.1235 104.8192 105.3304 104.9201 104.8020 105.2107 104.8364 105.0468 104.4457 105.5417 105.4366 105.9000
113.2500 113.6989 112.2382 110.6687 108.8808 109.0001 109.3058 109.9378 111.9014 114.8901 112.5348 110.2170 110.4437 111.4109 114.3948 114.4863 114.4239 108.5553 107.6501 107.8025 107.0618 106.2507 107.2076 107.0545 106.4893 106.6212 105.0923 105.4240 105.8939 105.6864 104.1365 104.7784 104.8234 102.8854 103.3895 103.0137 103.8788 105.2609 105.0150 103.4500
112.2100 114.6468 112.6082 110.3559 109.7222 108.3473 110.2131 109.3342 108.2036 110.0068 110.7571 108.7478 112.7447 108.0603 113.7872 113.5148 114.6162 108.8870 110.8776 106.7973 107.2834 105.6737 107.1579 106.7891 104.8339 106.2253 106.1706 105.4370 104.1507 104.9065 103.9779 102.9227 102.5381 102.5467 102.4969 102.5990 102.5720 102.8824 102.9710 103.0700
111.1300 110.6022 110.5932 109.7870 109.6519 108.8204 108.6539 108.0046 108.9152 108.5818 109.9465 114.6397 110.1420 108.6229 111.4809 108.0452 108.1389 107.8185 113.0852 111.9844 106.3057 105.6978 105.9133 106.2628 105.2593 104.8534 104.1552 102.9057 103.7399 103.7192 101.8501 102.0127 102.0589 101.6998 101.5082 101.7574 102.0053 102.1133 102.0467 102.4300
111.1400 111.2421 112.7488 110.0661 109.8717 109.1682 109.2451 108.3232 108.1658 109.3676 109.4855 109.3586 109.0108 108.7222 108.5372 108.3357 107.4432 107.9890 108.9601 111.3130 107.1318 106.6970 106.1374 106.2150 105.8576 105.0468 103.1523 102.7512 102.0879 101.9288 101.6884 101.2778 101.0743 100.8671 100.8068 100.9739 101.1307 101.3174 100.8395 101.5100
115.1900 113.4566 113.1056 110.1385 109.6038 109.3431 109.4721 108.7683 108.1053 109.0893 108.4174 109.4143 108.5475 108.8361 108.4946 108.7335 107.6014 107.8307 107.6331 107.0614 105.9314 105.5165 104.7630 105.6983 104.9908 103.3904 102.7626 102.3762 101.8203 101.3852 101.0177 100.4848 100.1922 100.1172 99.9922 99.9475 100.1846 100.4137 100.3296 100.3200
109.3200 110.0482 109.3649 111.2790 109.5859 109.3335 109.0633 108.5093 109.0313 109.5888 108.7427 108.2892 109.0928 108.6098 107.6793 108.2282 107.0564 106.4188 107.2714 106.6827 106.5180 106.7279 105.9240 104.7311 104.9527 102.6390 102.2908 101.7873 101.2570 100.5134 100.1091 99.3746 99.2790 97.9560 97.7517 98.3815 98.4889 99.4017 99.5170 99.2900
109.3100 110.1821 109.3222 108.5336 109.8899 109.7152 109.3907 107.8785 109.6100 109.6503 109.0627 110.9170 109.0789 108.0062 108.0276 107.2463 107.6630 107.0953 105.9569 106.2911 106.1413 104.9122 105.3286 104.0318 103.4545 102.3886 101.8114 101.3259 100.4774 99.6518 99.0987 97.7377 97.6978 96.4941 96.0744 96.0939 96.9860 97.7576 98.2190 99.2900
111.5600 109.1900 109.2239 111.0428 113.1657 108.4740 112.0819 108.0643 108.5822 108.1388 110.9248 114.3292 112.6717 109.0420 111.1701 107.2581 107.1474 106.8835 106.1760 106.1373 105.1017 104.8988 105.6555 103.2533 102.7419 101.9405 101.0977 100.6719 100.0110 98.3066 97.4211 94.7307 96.0858 95.6328 96.1656 93.6073 95.7768 96.9095 97.6559 97.2300
113.5000 111.8835 110.3238 113.5454 119.1512 108.4175 110.7368 110.7907 108.3192 109.2983 110.1149 114.4918 114.2511 109.1710 110.5512 107.4852 106.3167 105.9473 105.7113 105.6846 106.2548 106.0026 105.0670 103.5860 102.3129 101.6769 100.7082 100.0479 98.8422 97.3668 96.4816 94.2297 94.5216 92.0687 91.5257 90.9948 92.0856 92.9074 94.5391 94.4600
109.2600 111.3349 110.2559 112.3562 111.2219 108.5847 107.8827 110.3230 114.0018 107.1093 108.9423 110.1101 109.8031 108.6466 108.2163 106.6305 107.0826 107.1096 106.3498 105.4301 105.4061 105.8206 105.1111 103.8779 102.1886 101.4505 100.2617 100.1947 98.8929 96.3816 94.3475 92.5104 92.0343 88.4841 84.0675 85.5400 86.7912 89.3893 91.8033 92.1300
115.1800 112.2655 109.7852 110.4729 112.3807 112.4958 110.9494 109.5377 108.8583 113.3602 113.9502 109.3323 109.6278 107.8639 107.0608 106.6442 107.1908 107.0666 106.5645 105.2822 105.7759 105.0794 105.1935 102.6611 101.8466 101.3115 99.9902 95.8559 97.1483 96.0661 92.3977 90.8687 84.6139 80.4664 77.4448 80.3613 84.0080 87.2450 90.0367 92.8800
118.0200 116.7376 116.9010 112.4224 114.1957 110.7982 110.5623 108.2044 106.5398 114.9094 109.0973 113.1279 112.0236 108.2052 107.1083 107.4986 107.2985 107.5701 106.3188 105.5629 106.4695 105.9542 103.1881 102.6296 101.5761 101.1798 99.7900 98.9117 97.7625 95.8196 91.1635 88.5537 82.3717 73.5986 70.0665 72.5065 79.7120 85.8879 90.4093 93.6800
112.3800 111.7276 114.9940 115.8305 112.6331 110.2247 109.6347 109.7382 114.7133 108.5587 108.8195 108.7415 110.1255 108.1919 108.0253 108.0926 107.4869 107.4212 105.8679 105.6943 105.9439 106.1319 103.0178 102.6833 101.7653 100.8121 99.7742 98.7104 97.6446 95.7091 91.0693 89.1272 83.0655 68.7328 63.7043 68.0785 76.5742 84.5763 89.8552 93.1000
109.8200 110.2088 115.0528 114.6651 112.3633 109.3491 110.2301 110.5717 106.0041 110.3196 109.6122 109.2646 110.8621 108.1705 108.3644 107.6903 107.4714 105.9233 105.7629 106.3044 106.4943 105.4396 103.0403 102.6369 101.8347 100.8250 99.8790 98.8097 97.6878 95.9264 91.2006 88.9215 84.4051 71.2985 66.7745 70.0880 77.7744 85.0148 89.9278 93.1100
109.9400 114.9178 114.2656 112.6309 110.9690 113.3198 109.5579 116.7748 109.2346 115.7932 112.3173 111.7247 109.9341 108.8557 110.4631 109.2234 109.0726 106.8801 106.7084 106.7720 105.9639 104.4595 103.8934 102.5820 101.9024 100.9454 100.1979 98.4743 97.5463 96.4117 92.3705 89.1111 88.4718 79.3867 73.4967 75.7098 81.3429 86.2997 90.6649 92.6300
119.5300 117.5936 115.2508 113.6111 114.5645 112.0429 115.9838 116.7369 116.4781 113.6552 113.7715 112.8115 112.3356 110.3608 109.0518 111.6449 110.5799 106.4196 107.4604 106.5964 106.0762 104.7787 104.6071 102.6352 102.0204 101.2764 100.1071 99.1248 97.7281 96.5074 94.3675 90.3740 88.7755 86.2667 82.2666 82.4367 85.6079 88.4508 91.5058 95.2300
109.5900 118.1112 117.1927 117.4328 116.3913 110.5646 111.7297 112.1983 112.1870 114.7420 107.2693 112.7901 111.3502 107.8027 107.7488 107.0643 106.9021 107.4409 106.8300 105.8693 106.5192 105.2892 104.0794 102.7733 102.3284 101.5297 100.6999 99.9036 98.8217 97.4151 94.8741 94.0906 90.9355 89.1645 87.4365 88.2945 90.9977 91.1122 93.8721 95.2300
109.6200 115.4378 114.2304 114.6862 110.9438 110.8371 112.4434 109.6354 110.1677 112.8168 107.6299 109.4735 108.0042 108.3898 108.2266 108.2325 107.7106 106.7560 106.0223 105.5690 106.6937 105.2687 106.1480 103.5786 102.6265 101.8481 101.1020 100.3276 99.5950 98.5604 97.6301 95.9547 94.2387 93.0401 92.5021 92.4383 93.6379 94.9508 96.2387 97.9200
117.2100 116.7036 110.9495 112.3382 113.3992 113.2256 113.0363 110.8944 111.5386 110.5171 111.5722 108.1863 113.6421 108.4105 108.5586 108.4080 107.4477 106.4568 106.3501 105.8061 105.9406 106.4585 103.2781 107.6955 102.7311 102.3471 101.6471 100.9689 100.2745 99.5167 98.6122 97.3987 95.7946 96.4405 96.5928 95.5764 96.6475 96.4350 97.8064 97.9200
115.0400 111.9087 109.6393 113.9235 115.3817 113.7088 113.2226 112.7139 112.3281 111.0696 113.9630 110.4767 109.6663 107.7566 108.3008 107.6832 106.3066 106.0610 107.5840 110.0435 107.7111 110.9312 109.2990 106.2276 103.2371 102.7584 102.1852 101.4240 100.9563 100.4287 99.8060 99.0977 98.6514 98.1419 97.9337 98.1383 98.3034 98.4069 98.9119 98.5300
115.1600 113.8148 108.7888 113.0363 112.0543 114.1462 115.6162 113.1052 112.8871 111.9533 109.7246 109.8651 111.3720 113.9836 106.5168 107.8438 106.5350 106.7119 106.0905 106.7840 106.8593 107.1850 106.9843 105.2570 104.6107 103.1021 102.6206 102.1525 101.6433 101.1336 100.5635 100.1933 100.0065 99.1999 98.9208 99.4937 99.5378 99.7658 99.6457 99.8400
116.8600 114.2400 113.4600 110.8000 110.9600 114.6700 115.8200 115.6400 115.6400 111.4100 108.8500 110.0000 114.2600 111.6500 107.1100 106.6800 107.0400 106.3900 110.8700 106.6000 106.5400 106.1700 106.7700 104.8900 104.0000 103.4100 102.9700 102.5900 102.5900 101.6500 100.9700 101.2700 100.7300 100.7300 99.1900 99.8600 100.3500 100.0700 100.8800 100.6900
