110.8500 109.0900 108.7900 109.2300 109.7600 110.5000 112.7600 116.1100 116.2000 116.9100 116.6500 110.4800 116.4100 117.1700 117.0300 115.5500 117.2100 119.2100 117.7600 117.4700 117.4700 118.7700 114.4800 117.4300 117.4900 115.7400 118.6200 118.3400 116.6200 116.2000 115.8800 115.4900 121.0400 118.6300 120.2400 118.7700 118.9400 117.5400 117.5000 116.7900
110.1300 109.0905 109.5711 109.3106 110.3514 109.2805 112.8664 109.1650 114.3315 111.8342 114.4878 113.8886 116.1911 115.9296 115.5055 115.9307 117.8398 111.1762 114.7192 118.3442 118.3021 115.4607 116.5021 116.6278 116.6267 116.3501 118.3054 118.3637 115.9317 116.2051 115.4467 116.7667 119.4243 118.8529 119.3318 118.6877 118.1662 117.8719 117.4219 117.2400
110.0900 109.6235 109.1503 110.0337 110.9374 111.9810 113.8820 110.3807 113.2447 108.0355 110.0309 114.5352 114.9058 113.8051 112.3001 111.4695 117.2094 111.7371 112.8259 115.7214 115.9570 113.3588 115.0406 116.5220 115.0206 115.0362 118.0882 117.3163 114.5262 114.2137 114.9962 114.0544 117.4481 118.0066 118.4276 118.5405 118.0994 117.8761 116.8347 117.0800
110.0000 109.9169 111.9143 109.0650 110.6341 109.7098 108.9425 111.6903 114.9056 115.7053 110.7506 111.7226 114.7003 114.1947 113.2450 109.5380 115.1645 108.8073 106.1591 114.0497 114.8673 112.3147 116.7105 114.0938 113.3201 112.9549 117.1650 116.4891 114.6999 114.1276 109.1214 114.2017 115.9604 117.2079 117.1128 116.6440 117.0609 117.2798 116.9574 116.8000
109.1400 110.7051 112.2186 109.2713 110.6241 111.4436 108.1533 113.3149 111.1979 113.8334 112.3741 109.8969 114.5400 115.0811 109.4939 111.9176 112.6884 108.7873 109.9720 111.1777 110.9845 108.7106 117.3209 115.6979 111.4662 113.1464 115.7463 113.5417 114.4808 113.7680 113.0421 116.6566 116.3270 117.0298 115.9717 115.6510 116.0435 115.6429 116.6786 117.1200
108.9600 109.8623 109.1139 111.0328 111.4275 111.5620 114.0196 111.3006 107.7553 109.7406 116.1649 112.5130 111.3542 112.5904 107.1454 108.4351 108.6022 106.6798 111.2284 115.7692 111.9675 109.4720 115.8283 113.4278 111.3551 112.5538 113.8418 112.0359 114.1850 109.0726 113.1073 117.1946 112.6070 115.9401 114.1773 113.9815 114.5843 114.4353 114.8653 115.3500
108.8000 109.4910 110.3730 113.4425 114.5482 115.4345 114.7613 110.4901 109.5770 109.5446 110.7080 114.2399 107.9687 108.0086 111.8657 107.6439 108.0500 106.1676 110.0533 114.9409 111.9329 114.3217 107.7226 107.0517 113.1432 113.1871 112.7065 112.8892 110.0089 107.3843 114.2090 114.8263 113.6985 114.6264 111.5501 112.5482 112.8860 113.4992 113.5573 114.7500
109.2800 109.0731 110.7452 112.6646 110.7842 110.3419 114.2188 110.3173 107.0799 109.8235 107.5054 110.0432 106.9537 108.5933 112.1289 108.5050 108.2790 107.9847 108.6549 115.1574 112.5730 111.5320 113.4125 111.6385 110.3519 109.7646 113.6788 110.2345 107.7670 107.3153 112.7983 114.0290 112.7986 111.4982 110.2354 110.8788 111.4295 112.2637 112.6578 112.7200
109.2800 109.1249 110.6800 112.6764 108.8852 111.5968 111.6862 111.9302 109.8194 115.3346 111.3683 112.0834 107.6029 108.4021 109.3195 112.4557 107.3570 112.5394 107.6827 112.8339 112.2516 112.8765 116.0313 110.2626 111.1181 110.7124 114.1751 109.0505 107.2790 106.5711 110.8526 111.8772 113.0786 109.6857 110.4067 109.6667 110.3734 110.2931 111.1172 111.4800
112.6100 109.9585 108.2028 109.8659 108.9037 109.9319 112.5802 110.1448 109.6156 115.3989 113.0084 112.2660 108.2299 106.9095 106.3436 108.8980 108.1707 107.5461 109.3565 114.3689 112.2054 111.8530 113.2888 111.4898 109.3174 109.5317 112.1144 106.8362 106.8896 108.2182 111.6883 108.4776 110.2717 112.8747 109.1770 108.3055 108.1798 109.7090 108.7639 110.2600
110.3900 110.3276 112.5439 113.8940 109.6850 108.9638 109.9300 108.7759 112.0546 114.5361 107.9145 109.0613 108.6310 108.6032 107.9282 107.3760 111.8307 106.6953 107.4970 109.4741 109.8061 109.2213 109.5910 107.5886 112.4785 111.7227 112.6933 107.0685 107.3624 107.7929 108.9524 112.0013 111.4790 110.7426 107.5227 108.5746 107.3164 107.8332 108.5532 111.3200
110.8700 108.9694 114.1073 109.9074 109.4695 109.1096 108.4529 108.2199 109.9362 107.6107 110.7287 109.2503 107.4270 110.2033 106.8693 108.4454 112.2681 107.0063 107.1055 106.0649 108.9818 108.9418 105.6287 111.2262 113.4433 112.4896 110.5090 106.3357 105.6495 107.4557 106.9925 109.1582 108.4360 108.5896 107.4749 106.8881 107.1721 107.3330 108.3023 108.5700
107.3700 109.1452 110.6569 113.5665 109.0250 109.5044 108.5956 108.9825 108.5194 109.6511 111.9737 107.6660 108.2690 108.0071 107.1114 106.8751 108.2553 106.1424 107.7921 105.9557 106.8301 106.9339 104.9337 106.5548 105.0313 106.0185 111.1780 106.1902 105.6766 106.8019 110.2899 106.7457 106.5453 107.5672 107.0126 106.8185 107.1468 107.0799 110.3271 108.2000
109.2900 113.0439 116.3389 113.1567 108.4463 109.0931 107.7979 107.8880 108.7067 108.5805 105.8527 108.7605 107.3061 108.7630 108.3117 106.6998 106.3050 105.8829 105.9449 105.6445 106.2674 105.4384 105.2132 106.6019 104.6708 104.4667 105.9907 105.9843 105.4819 104.5379 104.8977 106.7768 106.7905 106.8602 106.3943 106.3287 106.9043 107.9679 106.8221 108.2000
114.0300 114.7941 114.7641 114.8401 108.6613 108.5120 108.7270 107.6636 108.3794 108.4588 105.5779 112.7372 108.0816 112.9658 108.8800 107.2499 106.0054 106.4705 108.1846 105.4593 104.3529 105.0089 103.9028 104.4322 104.7819 104.9676 104.3331 105.7702 105.6150 105.2213 106.4544 105.7960 106.4768 106.6217 106.2097 105.6184 106.8609 107.5261 106.5450 106.7200
112.8200 114.0316 112.6709 113.8203 114.8595 110.6112 107.7405 108.0903 108.0624 107.7260 106.3468 106.1618 112.2321 107.8468 106.4984 106.1328 106.6082 106.4288 105.1310 105.0031 105.7955 104.9013 104.8879 104.3010 104.9326 105.6668 103.8089 103.9882 105.2895 105.7318 106.0653 105.5919 105.3851 106.4437 106.3401 105.6636 107.0205 106.2632 106.5614 106.7200
112.8200 114.6093 112.4091 114.4854 105.6730 110.0212 110.1746 107.6341 108.3919 108.1734 107.4073 106.5783 109.0365 111.5429 105.3807 106.6752 105.9944 105.9415 105.8725 104.1927 104.9148 104.8978 103.2417 103.4199 103.8570 104.4687 103.2257 103.2339 104.5206 104.3437 105.7244 104.6284 104.5700 105.4959 106.5985 105.4144 106.4625 105.8029 106.6597 107.4700
115.1700 115.1464 116.1465 115.0920 111.6063 107.5580 110.8865 108.3969 108.1140 107.5499 107.2773 107.3127 106.2904 107.3725 104.1363 105.3809 105.2662 105.2789 105.5910 104.3460 104.7452 103.4349 102.6454 102.3408 102.7092 102.3355 102.5487 102.4102 103.9039 104.2318 104.5538 104.5093 104.1752 104.1075 105.4527 106.0599 106.4115 107.0916 107.2750 107.5100
113.6500 113.7781 111.5570 114.2668 113.9417 110.2024 107.3605 107.4063 108.0707 107.8277 107.3714 106.3086 106.8265 106.2005 104.1325 106.0816 105.7165 105.0154 104.4539 102.2727 102.4705 101.9340 101.8254 101.5544 101.6271 101.6677 101.8504 102.0925 101.7509 102.3303 104.4317 103.4232 104.9602 105.4270 104.5750 106.1924 105.3339 106.2265 107.0835 107.5800
114.9500 113.7659 114.0746 113.3388 108.7128 107.9018 111.2618 107.2184 106.5938 107.2710 106.9675 106.5063 105.9045 106.4427 104.9238 104.1963 105.4144 102.7922 102.4094 102.1208 101.4718 101.4650 100.9880 100.8920 100.3762 100.4630 100.8390 101.2136 101.0537 101.1837 101.9026 103.8235 104.8377 103.7549 105.0810 104.5439 104.6347 105.8910 107.9231 110.4600
114.9100 114.7183 113.9219 113.9675 109.6732 108.2072 108.0839 106.5851 106.7069 107.1812 106.5028 106.9058 106.4537 105.6326 105.1109 103.6521 103.2047 102.4710 101.6298 101.1706 100.7960 100.6003 100.4201 100.0137 99.5861 99.7182 100.1096 99.7178 100.1487 100.9479 101.1313 101.6189 102.6297 102.9421 104.9702 103.8738 106.0184 106.6345 106.8000 107.2900
107.8900 108.7067 111.4443 112.0299 108.2314 108.5174 108.0892 107.2999 106.4455 106.8377 106.5542 105.9492 106.1811 104.9335 105.2980 102.8375 102.3909 101.8400 101.0981 100.3757 99.7319 99.4143 99.3172 98.5724 98.7366 98.6514 99.0660 98.9091 99.5063 100.2707 100.6463 101.4502 102.1387 102.6844 103.3207 104.2180 105.5414 106.3078 106.1715 106.7600
109.2500 109.0505 108.4740 107.5517 108.2175 108.1699 107.8558 107.1052 106.5329 106.9444 106.5707 106.2192 105.6497 105.5530 104.5023 102.5300 102.1757 101.4510 100.5693 99.6542 98.7968 98.0941 97.4342 96.8986 96.2818 96.5101 96.9679 97.7251 98.9109 99.5483 100.3048 101.0133 101.4650 102.2629 102.7867 103.2648 104.6372 105.6636 105.9759 104.8400
108.3000 108.9030 108.8191 108.4049 107.7338 107.9329 106.4934 106.5584 106.7320 106.7525 106.1802 105.7230 105.5751 105.3535 103.2592 102.2787 101.7058 100.9162 100.2189 98.8577 98.0138 96.6656 96.1228 95.5966 94.0669 94.5518 94.7404 96.0478 97.6520 98.5341 99.3166 100.4289 100.9787 101.9053 102.4338 103.0308 104.4145 105.8256 105.1582 105.1200
109.1900 110.0097 108.4594 108.4123 108.4692 106.6829 107.2556 106.2530 106.3732 106.8130 105.3796 106.5120 105.6742 103.8639 102.4697 102.0677 101.2808 100.5200 99.6364 97.7854 96.6238 94.4058 94.7532 93.6011 91.8060 91.4010 92.3060 93.4222 96.5909 97.6099 98.4613 99.6742 100.3467 101.4830 101.8780 103.0644 104.3907 104.6148 105.5199 106.4000
111.0300 114.1131 111.6425 110.4878 109.3626 110.2188 106.5293 106.2987 105.7611 106.4883 106.5598 105.0574 103.4342 102.9544 102.3183 101.7091 101.0025 100.0902 98.7726 97.4654 95.2324 93.3283 90.6316 89.6517 85.8819 85.5023 87.4629 90.1768 93.8837 96.8332 97.1851 98.8559 99.3064 101.1409 101.7987 102.2223 104.5618 104.6313 105.2806 104.8000
109.1400 110.7894 113.8699 113.6777 108.9104 113.3613 108.9357 108.3426 107.0671 106.6175 106.5186 104.1938 105.2461 102.5756 102.2680 101.5655 100.7235 99.5196 98.3580 96.8013 94.0195 93.6985 86.4300 82.1578 79.3969 81.7689 85.7066 88.1481 93.0977 94.8504 96.5478 98.0273 99.6307 100.8734 101.7596 102.4068 103.0120 104.7072 105.2219 104.0200
113.9900 109.3161 113.1057 106.9605 107.0623 110.7296 110.7335 111.0336 105.8028 107.1047 106.0246 106.3400 103.7787 102.7472 102.0605 101.2220 100.1639 99.1288 98.0565 96.0935 92.9451 89.1946 86.1924 76.9368 70.7100 71.8543 81.8177 85.6042 91.4700 94.7308 95.9443 98.0309 99.0738 100.8223 101.5751 101.8488 104.5995 103.6881 105.6333 105.5800
109.2800 103.6577 109.5073 107.9263 107.0809 108.1624 108.3773 107.5477 106.7812 106.6536 105.9502 104.0181 103.5043 102.8369 102.0955 101.2979 100.3108 99.1707 97.6612 95.5174 92.2919 87.8400 83.6324 69.1836 60.8526 63.8456 76.7957 84.6601 88.9543 103.2819 96.0763 98.2208 98.8859 100.4411 101.1386 102.0109 102.9579 103.0736 103.7911 104.9900
103.0500 108.2233 108.8288 108.6354 107.3471 108.2573 107.5157 106.9361 105.8425 106.8232 106.4494 103.4056 103.3418 102.7724 102.3866 101.5827 100.4128 99.2307 97.7159 95.5823 92.4975 88.1313 84.1035 70.4652 63.1409 65.7126 78.8840 84.9007 89.3550 103.9840 95.7448 98.2994 98.9321 100.4340 101.1331 102.0307 102.8496 103.7684 104.3056 104.9900
103.5700 108.4308 108.8202 108.4427 106.9998 107.6533 107.8346 107.3095 106.3167 106.0228 105.4654 105.8019 104.9538 103.1945 97.0224 101.9445 100.1987 99.5022 98.0507 96.0378 93.5370 90.7654 88.2104 81.7005 73.4210 75.2695 85.2208 86.2137 91.3922 95.5697 97.0104 97.8533 99.6353 100.5719 101.3709 102.1537 103.1666 103.8520 104.6181 105.1400
109.4200 109.2018 108.8875 108.4000 107.4880 107.8447 108.0428 107.5471 105.4607 106.0369 104.4597 104.8807 105.0728 103.1945 98.3702 101.4916 100.6441 99.6103 98.3547 96.7733 95.7324 93.6630 90.4263 89.8278 85.6830 84.9014 86.2377 89.7823 93.4069 96.4938 97.6173 98.5703 100.0053 100.9838 101.5831 102.3193 102.8243 103.8782 104.8048 105.4100
109.1600 109.2447 108.4614 108.1781 107.4714 107.6704 107.9690 108.1055 105.8500 106.0833 105.4066 104.3494 105.2388 103.1409 102.6452 101.8066 101.0745 100.1864 99.1533 97.9947 96.8014 95.3461 93.1695 92.0249 90.2121 88.7258 90.4544 93.5823 94.1371 96.4422 98.4897 99.6150 100.1023 101.2866 101.8010 102.5101 103.9413 105.5457 105.8065 105.2800
104.3800 108.8621 108.4740 107.7977 107.4213 108.1129 107.9685 107.4481 107.2686 105.4709 105.0325 104.6500 103.9163 103.6940 102.8566 102.0090 101.3586 100.7959 99.8272 98.8926 97.6160 96.7664 95.5808 93.5509 92.3338 92.6698 93.9069 94.5682 96.1950 97.5075 98.9854 99.8331 100.8569 101.3599 102.3326 103.0269 105.0693 105.3086 106.2905 105.0100
104.3800 107.8678 105.2441 108.9308 109.8386 108.6239 110.0783 108.5988 105.6769 104.9635 107.6314 105.8240 105.1246 105.1484 100.5241 102.7040 101.8824 101.2342 100.5197 99.7134 98.7921 98.1495 97.4984 96.1930 96.5666 96.0232 96.4174 96.9739 98.0584 98.9118 99.9069 100.1620 101.3794 101.8655 103.2303 104.1141 105.0091 104.1032 105.5265 105.0100
112.8500 111.0970 111.1027 113.6376 108.8575 107.4494 108.1154 107.5016 105.3237 105.8365 106.9061 104.9382 104.8822 105.5880 101.8238 102.9545 102.3786 101.7398 101.0453 100.4743 99.7649 99.0586 98.3173 97.9083 97.3276 97.5893 97.8810 98.5155 99.1800 100.0754 100.5870 100.9995 101.8596 102.2771 103.3543 104.5848 104.6379 105.2397 104.9005 106.4100
108.0900 111.0099 115.2736 114.8101 109.4066 107.3987 105.6026 111.1120 110.6269 106.6307 106.4536 106.1588 106.1162 104.9027 104.0469 103.0796 102.7822 102.2784 101.7015 101.2318 100.8267 100.2451 99.4341 99.3765 99.2958 99.3004 99.4067 99.7697 100.1983 100.8449 101.4066 101.8617 102.2944 102.6927 103.1705 104.0821 106.2484 105.5525 106.0734 106.1600
111.8400 112.1700 114.1119 109.1622 110.0718 110.8036 112.0936 111.9231 108.1683 106.9708 105.6012 105.5736 106.2753 105.2386 104.6589 106.2391 103.2331 102.8226 102.4211 101.9888 101.4980 101.1979 100.5858 100.6380 100.6154 100.6203 100.6871 100.9129 101.1801 101.5722 102.0907 102.4831 102.9112 103.4262 105.5450 105.3009 106.1205 105.7984 105.4107 106.7100
111.0500 111.1632 114.4408 103.9974 112.2867 107.0703 108.6923 108.3096 110.5430 110.5787 110.3930 110.2466 105.6803 105.6819 106.0174 105.0587 101.0298 103.6011 102.8191 102.5608 102.2743 101.9925 101.7665 101.5460 101.4091 101.4504 101.5668 101.6915 101.8855 102.2984 102.6236 103.0189 103.2439 104.6793 104.9631 106.3906 106.6665 106.8684 107.4781 105.4700
111.0500 110.7100 115.2800 112.9800 111.5700 106.2700 108.3300 112.7100 113.4000 112.9700 112.9700 107.2700 107.2700 105.1000 104.7800 104.9100 105.4300 103.3600 103.3600 102.9300 102.6700 102.6700 102.2100 102.3100 102.3100 101.5400 102.2400 102.0700 102.6500 103.0700 103.0700 103.3600 105.9200 105.1100 105.0900 104.7400 105.1800 105.1800 105.8500 105.6600
