113.9600 116.6500 114.0800 110.8300 118.0200 110.1100 111.0800 105.8300 104.8400 107.2600 106.2000 104.9500 114.9000 110.6700 112.3700 104.1000 101.6900 101.2900 99.8800 99.1100 98.1200 97.2200 96.0500 96.0500 94.2800 94.2900 95.8700 95.8700 97.2400 98.2600 99.1400 100.6000 100.2500 103.5900 103.5900 113.9800 114.4700 109.1700 104.3700 103.4800
113.9600 116.5784 117.7598 116.6633 109.9702 114.7046 105.7117 105.7511 106.7910 110.1946 107.5688 111.0444 114.9814 112.2914 107.9096 101.8255 100.4380 100.5112 99.5360 98.3261 97.1162 95.7943 94.4404 93.3349 92.6850 92.9123 93.9489 94.8137 96.1537 97.4466 98.6407 99.6874 100.8114 99.3011 102.5440 110.3793 114.4920 114.7562 107.4370 103.6800
120.1300 114.1280 115.3989 111.5505 114.2381 114.8129 103.8019 105.7819 110.1630 108.9393 107.1597 110.7239 113.4144 106.5139 105.6742 99.9834 100.8665 99.9133 98.7265 97.3311 95.7138 93.8153 91.7664 89.8611 88.7599 88.9159 90.3264 92.2860 94.3564 96.1712 97.7076 99.0250 100.0678 100.2794 100.3726 106.8076 114.4631 114.6443 105.6545 105.1900
110.9100 113.0648 109.7662 110.5736 115.7530 108.9119 104.7775 104.0699 111.2765 110.8227 104.8764 107.4175 111.4301 106.1452 104.9916 105.2805 100.4040 99.3202 97.9881 96.3410 94.2405 91.5957 88.4711 85.5273 83.6870 83.9388 86.2588 89.3338 92.3509 94.8520 96.8293 98.3934 99.5841 100.7202 99.7411 103.9202 113.4381 113.0932 107.2447 105.2000
115.5300 112.2010 108.7768 115.3857 114.4144 108.7246 107.9536 109.0932 108.1380 110.8948 108.2418 113.4831 111.3377 108.0748 99.5534 103.3990 99.7882 98.9377 97.4396 95.4899 92.8588 89.3930 85.1508 80.3280 75.7616 76.6914 81.7622 86.3106 90.4215 93.6625 96.0708 97.8817 99.2501 100.5426 99.9317 102.2843 111.6773 114.1507 107.9536 105.4000
102.8300 110.0969 109.6671 113.3414 113.0548 112.9018 107.0618 112.1504 110.7742 107.7885 106.6049 108.4293 103.4891 102.5177 104.0063 100.9594 99.9123 98.6939 97.0703 94.9093 91.9036 87.9928 82.5416 73.9585 68.2462 69.0077 76.7185 84.0294 89.0191 92.8335 95.5658 97.5522 99.0527 100.3317 100.2841 101.5281 110.5244 114.5783 108.5834 105.5400
115.2300 111.7435 115.4299 114.6123 112.6849 111.2008 105.2691 104.7734 110.6283 106.8051 105.0505 103.0321 104.0106 104.1561 107.7719 100.5883 100.1310 98.6245 96.9617 94.7486 91.5368 87.7128 81.5789 71.6651 65.2131 66.1996 74.7541 83.3513 88.5942 92.5844 95.4153 97.4591 99.0003 100.2422 100.4103 101.3300 110.1821 114.7055 108.7260 105.6300
108.2500 107.1457 114.0686 112.8843 111.7793 112.1824 110.1950 108.5200 111.1307 105.8362 105.9251 103.9617 104.6925 107.1361 110.8532 100.8618 100.1846 98.7433 97.1444 95.0014 92.4418 88.9788 83.4035 75.0221 69.9195 70.5400 77.9803 84.4807 89.3046 93.0005 95.6646 97.6106 99.0933 100.3544 100.2424 101.6667 110.6674 114.6389 108.4248 105.5700
115.1800 110.5996 114.1208 114.3373 115.2173 112.0998 114.0073 107.5552 106.8874 105.3390 106.0808 105.5186 104.2934 106.4121 105.2096 100.9290 100.4141 99.0243 97.5349 95.8555 93.6875 90.5769 87.0099 81.4996 77.8841 78.6608 82.8577 87.0005 90.8803 93.9370 96.2213 97.9946 99.3268 100.5688 99.8888 102.6669 111.9084 114.1406 107.7519 105.4500
115.6900 113.7708 114.8951 107.3038 113.6514 109.3191 112.7905 109.8956 105.8594 106.0720 105.8304 105.9408 104.8591 104.3105 105.9386 102.1779 100.4808 99.4429 98.1504 96.9540 94.8417 92.5524 90.2099 87.2060 85.0975 85.3156 87.2684 90.1110 92.8496 95.1723 97.0545 98.5403 99.7076 100.6639 99.7909 104.6074 113.5841 113.0303 106.8908 105.2700
111.9000 114.2388 110.2104 111.9566 110.2877 111.7025 109.8776 107.5858 108.4163 105.9159 105.4442 106.0413 106.9156 105.3816 103.9776 106.5606 101.1591 100.1768 98.9838 97.8435 96.0836 94.6114 92.9978 90.8198 89.7829 89.9784 91.2438 92.9810 94.8279 96.5067 97.9421 99.1908 100.2826 99.9244 100.7366 107.9111 114.6829 111.2132 105.9726 105.0400
115.3200 113.0377 114.8284 109.1352 108.4466 112.7532 107.0251 107.6017 104.4780 105.9356 103.1057 105.6281 104.5354 106.9254 106.8418 102.7902 102.1159 100.8590 99.7598 99.2641 97.9668 96.7862 95.9349 94.5698 93.4971 93.5116 94.7239 95.5171 96.4912 97.7242 98.8764 99.8501 100.9873 98.9571 103.3755 111.4401 114.4391 108.9306 105.1034 103.4700
113.3200 113.5248 107.5655 110.3609 106.5966 108.0818 107.3639 107.2941 105.1687 104.4977 106.6287 107.1044 106.3542 107.2930 109.0211 105.1113 101.8205 100.4817 100.8975 100.0306 99.3467 98.5787 97.7507 96.3137 96.0333 96.0800 96.8054 97.7220 98.7191 99.3802 100.0105 100.7908 100.1922 100.5212 107.8333 113.7857 112.6093 106.3334 104.3804 103.2800
111.0000 113.8937 109.5496 106.2151 107.2446 108.1689 109.2755 106.8570 105.5063 105.6419 105.7268 110.4770 110.7990 107.8583 109.9048 102.7753 103.2750 97.1784 99.9379 100.3249 100.2231 99.5815 99.2574 98.6490 97.8969 98.0709 98.5244 99.1179 99.7252 100.0934 100.4915 100.6868 101.4809 105.6739 113.6595 115.3961 109.4009 107.0148 104.6792 105.1900
107.6700 110.9939 109.5016 111.4934 110.6431 113.1202 113.2730 105.5236 106.5961 104.9920 104.3928 104.6379 104.5309 104.1233 104.8115 103.8782 101.2577 102.8828 95.9933 99.3520 101.3207 100.4842 100.3559 100.2199 99.6547 99.6781 100.1392 100.1493 100.3645 100.7105 103.2703 100.8402 103.8329 107.7658 107.5764 111.2556 106.5114 112.6153 107.4009 103.7500
115.7600 115.6580 114.7648 113.0223 112.3563 113.5066 108.1161 107.9312 106.6676 106.6305 105.4198 104.8936 107.3189 105.0225 108.0097 101.5671 98.9966 99.5225 100.1713 103.1761 101.1925 101.1177 101.2733 101.0355 100.9563 100.9327 100.9393 100.9278 101.6056 102.5451 108.0513 105.4128 105.6469 103.2372 104.6667 106.4516 105.2454 105.6510 103.4623 106.0800
115.7600 112.5212 112.6059 112.2105 107.0554 111.7785 108.3339 108.7582 106.8314 109.1930 107.6667 106.6291 105.0926 105.3517 104.5386 105.2637 102.1383 99.9938 101.7013 103.3017 106.3695 102.9749 101.9044 101.8562 101.9233 101.7676 102.5754 104.7279 103.6035 102.5097 104.2526 107.2845 102.6428 110.0625 105.5649 110.7845 108.7523 105.2017 102.8927 103.5900
111.0300 113.9832 112.2908 112.8960 104.8437 108.2855 107.5924 106.4371 112.0364 106.7551 108.1916 107.4357 105.5483 105.4419 105.5545 105.5412 105.2323 102.3177 100.9008 107.5791 107.0121 104.2654 102.7469 102.7213 104.0766 102.7686 103.9699 104.4759 106.0462 100.3142 105.0315 109.4582 105.5694 105.8686 110.6799 112.7993 115.0035 108.4734 107.9366 103.5900
115.6900 110.8627 107.9577 113.8165 104.8799 113.5378 107.5378 105.7289 110.9202 104.9925 107.6890 107.5594 107.4744 106.4618 105.8149 108.1209 106.4418 102.9441 104.1631 110.1138 106.8219 105.5583 100.9332 104.5095 105.1570 104.8643 104.4450 104.6620 105.5598 106.2047 110.4275 104.4308 106.1650 105.1253 111.8853 113.1732 110.7106 111.3055 106.7905 105.2000
106.8900 108.5258 108.7602 111.0664 108.8140 113.9288 106.7723 108.6839 108.3723 110.4750 107.2239 107.4008 106.4136 106.2591 106.5111 109.4954 111.9563 105.0809 105.6614 108.9570 104.8260 104.3339 100.0098 104.6156 105.1455 105.4175 99.8182 105.0679 107.7311 103.5702 105.9825 106.3483 104.5624 105.6519 108.8350 109.2924 111.3346 109.3303 106.1561 106.8300
106.6000 106.5165 109.1715 112.3513 112.4372 116.1711 114.8349 106.7771 109.5703 108.4327 107.8920 107.3734 106.8615 107.0372 106.1422 105.6504 106.5447 102.8107 104.5575 105.2079 103.9851 106.1216 104.4885 105.2034 104.8997 104.2230 104.7149 107.7107 108.8428 105.2786 104.9528 108.7468 104.0551 107.5729 111.2870 105.6846 112.0371 109.4919 109.6593 110.3300
107.3200 105.5593 108.3458 111.8795 112.1719 111.7819 112.6247 104.1843 107.9335 108.0843 108.0780 108.2411 107.5833 106.8948 106.8633 105.6251 107.2801 104.8577 105.4262 107.5486 104.1783 104.1816 103.2276 103.1261 102.9043 106.3439 104.2524 105.5967 105.4273 108.2450 105.6419 105.1708 106.0014 107.1284 107.3559 106.3987 106.7489 108.1662 109.7336 110.8400
106.5700 108.3827 108.7828 113.8227 114.0081 109.1829 113.2152 103.5413 104.7912 108.6682 107.8639 108.2279 107.3151 108.5579 106.1113 105.7282 106.1701 110.2272 105.1467 109.8669 110.0266 104.0216 104.3545 103.1610 104.9598 104.4829 104.8107 106.1849 105.1157 113.3540 104.6388 106.5746 111.1680 106.1604 107.3898 107.8249 107.9876 107.6978 106.9557 106.4700
112.7400 111.4201 111.3242 111.0922 114.4475 115.9422 109.6884 108.5004 108.5486 108.7456 108.7634 108.3912 107.4259 111.6529 107.2585 105.9682 104.7075 109.4205 107.7099 107.5305 107.1428 105.9851 107.5574 107.6763 105.9769 103.3653 103.6543 106.6029 109.6840 110.3412 110.0686 109.9728 107.0520 111.4972 107.3519 106.6982 107.8293 108.8630 108.3147 107.6800
112.3600 112.7456 114.4027 112.3496 112.2035 110.2222 109.5585 109.6111 109.2492 107.6171 108.8885 108.0844 108.6634 109.4018 111.8199 111.2072 107.1415 107.6988 106.3488 107.3378 104.6970 106.0756 109.6441 105.1928 111.8937 110.9922 112.6036 106.4484 106.6769 113.8699 112.7555 109.7153 109.3728 107.3681 106.6147 107.4658 109.1056 109.4139 107.6370 108.3800
112.3600 111.3246 116.3079 113.9366 112.6283 107.9875 109.3091 109.4052 109.4061 106.9977 109.0204 105.8106 108.4669 110.8182 116.3465 115.1613 106.6961 107.8133 105.4667 110.7197 111.3565 109.7462 107.7277 104.5437 108.2119 110.2404 107.1345 104.8674 106.1759 105.2574 107.4022 108.1895 109.0069 110.2596 111.6323 109.0777 107.3723 101.8148 109.2661 108.6600
112.9700 111.6918 111.6659 113.9944 112.6246 112.1123 107.9438 109.4478 109.5880 109.4225 109.2654 103.6625 108.8475 111.2722 116.0767 112.4239 107.3857 110.2616 109.8079 112.9085 110.2980 108.1741 109.5457 108.7612 109.0754 109.9828 110.6931 112.4935 105.9337 106.6795 111.8675 109.4319 108.6742 112.3851 105.1397 115.6546 110.7311 104.2744 106.8183 108.8500
112.9700 113.5663 113.8383 110.3505 109.6641 115.5443 112.2906 109.2979 109.4090 110.6480 114.6332 106.7961 109.1811 113.1734 109.2178 105.7260 104.9335 110.1186 113.4654 114.8490 113.3516 106.9431 114.2602 114.8661 110.5151 112.2579 113.5097 113.9908 108.4123 109.7720 114.5590 112.9044 112.8497 106.0902 100.3233 114.4699 109.5294 108.6765 107.0296 104.6300
115.8700 114.3727 116.0316 112.0769 111.9210 111.0362 111.7724 108.5838 111.7253 113.4774 113.2904 109.2582 109.2401 112.5624 112.0170 105.4829 104.1482 106.6544 112.3253 110.4243 110.7338 108.8335 114.4833 115.7274 110.7608 113.6290 112.8212 110.0081 108.0982 109.7830 115.5836 108.2705 106.0186 103.5466 106.1311 111.6645 108.6631 113.4731 111.3202 112.0100
114.2500 116.0680 113.5715 109.1832 109.7025 111.8828 108.8211 107.8280 110.2370 108.1280 109.0118 111.4605 105.0247 110.0394 112.0238 109.6269 108.3357 108.4782 108.8363 107.9507 106.9666 111.2875 108.9026 116.8233 111.9732 110.3838 110.3794 110.5682 102.1124 101.8236 106.2827 107.4891 110.0682 108.5015 112.5925 114.2779 116.4093 110.4390 112.8714 110.4100
112.2600 111.5159 111.6828 110.8987 110.7722 109.8391 110.5624 112.6612 108.4396 109.8140 113.1954 113.2539 103.8988 112.2721 112.7850 109.2762 107.9872 110.0436 109.5399 107.4096 108.8193 108.9851 108.8197 111.1559 109.3420 113.3768 109.6774 109.9283 106.4953 103.8684 107.7069 108.6605 104.4054 113.7480 115.5066 114.5390 115.9941 106.8753 109.6187 109.6200
118.3700 112.9544 114.8905 112.1300 113.7821 114.1269 111.6336 108.4190 108.4121 107.7713 110.2595 110.4557 104.8312 114.5157 112.3646 110.3340 110.4670 111.4906 113.1267 109.1269 107.9607 110.9017 110.2446 108.5695 111.2081 112.8170 114.7641 109.7003 106.7916 106.7611 107.7264 113.7942 105.2615 114.4233 114.2366 115.8961 110.5427 110.0559 109.3675 107.6600
114.9600 113.8659 111.4412 113.9283 116.1695 112.1604 111.6873 112.6745 114.8539 112.5335 110.1466 105.1780 104.5633 116.3769 115.2033 112.9401 112.2418 113.4678 109.6938 108.3403 110.6809 110.5019 105.8581 110.1460 111.5651 112.1296 114.5591 108.2807 111.9897 111.0782 109.2375 114.5970 106.8522 114.4561 108.1099 108.5264 107.5138 108.9989 109.4922 109.3800
112.5200 113.5634 113.1700 112.8998 114.2519 111.3972 111.9651 111.4117 115.4879 115.5002 111.5223 107.3457 109.6635 113.4662 110.5541 112.0347 111.9500 114.1871 110.0294 109.7590 106.3950 106.2404 106.9777 107.6351 109.5474 107.7627 111.7397 106.7877 109.9577 111.8066 112.8619 109.9847 111.3330 111.6080 112.5031 109.9508 108.8657 112.3480 111.6777 111.5800
113.6600 114.0063 114.6320 116.8454 115.4175 114.1620 110.7691 115.4261 113.7044 112.4814 110.5314 112.2656 110.7399 109.6770 115.5231 113.1947 114.9184 111.8518 109.6526 106.2763 105.8251 106.6997 108.4012 108.2632 113.1799 108.8640 105.4046 105.7789 110.2672 111.0077 112.5838 107.3130 111.4102 107.6607 109.6798 112.2994 108.6765 110.0572 111.0771 111.3300
115.5500 116.2838 117.4399 119.0773 115.5576 114.7223 111.7911 119.4514 113.1492 111.0549 110.1215 109.8142 109.8484 108.6163 115.8984 114.3535 114.3912 115.4872 109.6208 107.0525 109.0114 107.0145 108.5096 108.4574 105.5881 106.2132 107.1057 106.3706 109.2517 112.8113 112.0770 111.0468 112.6451 108.2488 110.1957 111.0369 109.4245 109.0278 108.5504 111.1200
117.7200 119.1552 119.9872 115.6019 115.4096 118.1749 112.5630 112.3536 109.6435 111.6812 111.5708 111.2402 110.7313 109.9083 112.8078 110.9633 112.3248 114.1444 113.4005 108.4513 111.6870 110.1814 108.0635 109.1346 106.9685 107.7811 108.2647 109.9222 111.6653 110.5032 107.0788 107.7106 109.1873 108.6925 111.5354 110.1570 110.3625 109.0902 109.8858 116.5700
117.4400 121.8284 118.7210 116.4902 116.6948 116.6889 113.0229 112.3289 111.4598 111.0611 112.7014 111.9584 112.3281 112.8719 114.7992 109.3341 115.7991 114.6580 112.8015 110.7074 111.3011 111.8160 110.9680 111.4264 108.3949 109.4652 110.6393 111.1160 108.0591 109.9327 110.2811 108.1355 111.4669 109.9816 109.3382 110.1501 111.1014 111.9586 113.6367 114.8800
117.4400 117.5643 117.2507 118.2232 117.2005 115.2713 114.9048 112.2476 112.5499 112.3345 112.9710 111.8369 111.0861 113.1348 113.0949 113.0756 115.6839 109.7580 113.4764 110.9836 112.4504 112.9937 112.7646 112.3708 111.1733 110.8987 111.3662 112.0993 114.7075 112.6425 111.0550 109.8836 110.6097 110.4338 110.3238 110.4848 111.8886 110.6042 113.1788 114.8800
116.2000 121.4400 117.4400 117.1800 118.4300 114.7600 112.7500 114.5300 113.1800 113.1800 113.8300 111.2700 111.2700 113.7200 115.2700 114.6200 111.3800 111.3700 112.5000 113.3400 113.2800 113.4300 113.0200 112.3200 113.0600 111.5400 111.5200 110.0400 110.7300 115.6800 109.4500 110.7600 110.9300 112.1600 110.5800 111.8000 112.9300 111.4400 109.8400 115.5400
