116.0600 109.4900 109.5600 108.7600 108.9100 112.3400 111.3800 120.3000 120.1500 119.7900 120.0000 117.8900 117.5500 117.3300 114.5200 114.4000 115.4900 115.9900 117.1400 113.5500 112.8600 111.9600 108.9400 108.7000 108.1800 108.1800 107.9000 107.9300 107.9300 107.6700 107.6700 107.2700 107.3600 107.3900 106.2100 106.9000 107.0600 107.1700 107.1700 107.1100
109.4700 116.0241 108.1836 109.5809 108.5267 108.9195 115.8169 117.0022 116.7089 119.9247 118.8515 117.7990 116.3199 117.0367 116.4908 114.9098 113.6016 114.0119 115.7258 113.3860 111.8947 111.3947 110.2714 108.2439 108.2531 107.8995 107.7901 107.6383 107.4277 107.2676 107.0827 106.9414 106.8650 106.8322 106.4938 106.7834 106.9139 106.6325 106.3602 106.7900
114.3100 113.8870 113.8893 114.0029 108.0715 112.3002 115.9147 117.9111 112.9825 116.7752 118.7123 117.4182 117.2247 116.0085 115.5079 118.0405 113.9540 113.6973 113.4094 113.1693 110.7127 110.1871 109.1327 107.9609 107.8043 107.5648 107.3288 107.0702 106.8809 106.6858 106.5913 106.6061 106.6005 106.5915 106.6105 106.6054 106.5378 107.0582 106.5421 106.6000
110.4800 116.7183 115.1422 113.9164 110.1753 109.8048 109.0779 116.0156 116.1506 117.1168 116.2991 115.0195 116.2259 115.1470 111.6765 115.3915 116.0490 114.4924 110.0476 108.3454 109.8752 109.4500 108.4056 107.6817 107.3376 107.0583 106.7334 106.6445 106.5830 106.5923 106.6271 106.6337 106.6438 106.6500 106.6562 106.6623 106.6210 106.5979 106.6443 106.6400
111.1600 114.2732 112.8503 114.5790 110.7535 113.9102 115.7372 117.7629 116.0452 115.5791 115.7465 115.3943 116.7719 113.8282 114.8816 115.0822 113.6648 113.3964 110.2543 108.2476 108.4448 109.9577 107.7990 106.8185 106.8568 106.6373 106.5858 106.6072 106.6692 106.6343 106.6796 106.6932 106.7104 106.7223 106.7266 106.7301 106.7366 106.7280 106.7112 106.7000
120.1200 116.1034 111.4577 117.0854 109.6917 109.8426 111.1983 114.5433 113.8174 113.6001 116.9920 115.5979 112.0108 111.5410 115.9365 114.9084 114.5156 113.8797 109.7251 108.3507 107.5249 107.4428 107.4991 106.2960 106.4236 106.5691 106.5884 106.7324 106.5964 106.9687 106.7275 106.7578 106.7584 106.7609 106.7577 106.7531 106.7536 106.7608 106.7598 106.7600
110.4900 108.2878 114.0138 116.5115 111.1429 113.4934 115.2661 113.6544 108.3971 110.8007 111.1889 114.6917 113.3832 114.2263 112.7515 114.2949 115.7802 113.8808 107.9038 107.9060 107.6436 107.2216 106.9737 107.3654 106.9723 107.2221 106.3522 105.9084 105.9353 106.3964 106.7643 106.7236 106.6866 106.6431 106.6155 106.6089 106.6193 106.6340 106.6686 106.7200
110.4900 109.0822 113.1406 117.2231 118.6858 116.3628 117.7067 115.3656 110.4936 110.6930 113.3753 112.6412 113.2539 109.5853 109.4809 115.6275 108.8666 110.1235 108.3329 107.3664 106.7245 106.6307 107.1715 107.1363 107.1039 106.5594 105.4446 106.7987 106.1596 106.3535 106.5825 106.4293 106.2923 106.1880 106.1068 106.0751 106.1053 106.2235 106.2817 106.4700
112.5200 110.7841 111.8800 112.9451 116.0176 112.8718 115.6124 114.8849 108.1983 108.0395 108.5499 109.5472 109.8484 112.6095 107.9303 114.7081 110.6077 107.9979 112.0413 107.7127 107.1951 106.2444 107.7198 106.8029 105.7640 105.8358 105.3480 106.0320 106.1976 106.1802 105.9962 105.6880 105.4219 105.1723 105.0418 104.9687 104.9995 104.9568 105.6280 105.8100
113.3700 116.0516 113.7552 116.0352 117.0203 115.8457 110.8700 108.8092 108.9939 110.6758 111.0021 113.4544 107.2606 109.8365 108.9029 107.5129 108.7607 108.1923 108.2607 107.3085 106.6561 107.1345 106.4797 105.9474 105.8615 105.1182 105.2149 104.8659 105.9244 105.3998 104.8747 104.4344 103.8838 103.5408 104.3444 103.3112 104.5501 105.2936 104.9921 105.4100
113.6400 113.4048 113.7783 115.6001 110.9517 112.5894 109.9515 108.4431 110.6017 109.7068 109.6802 110.5055 109.0868 108.8733 109.3414 108.9302 108.7164 108.4288 108.2775 107.5473 107.4035 107.6067 106.8189 106.3458 106.7334 106.0166 106.3575 105.3964 104.7815 104.8578 103.9925 102.7289 102.8620 102.9971 103.0649 103.0218 103.0181 103.0982 103.5382 104.3900
111.7600 113.7594 114.9515 109.9147 109.7053 109.4886 109.1233 111.0472 110.3718 108.8777 109.6538 109.4163 108.8734 109.2347 108.8949 108.2515 108.6043 108.3730 108.1089 106.2164 106.4275 107.2385 107.1292 105.0528 105.9306 105.2274 104.5638 105.3567 105.1070 104.6101 104.4915 103.1247 103.7837 103.5484 103.0384 102.9874 103.1702 102.0558 103.3901 101.7500
114.9700 115.0077 116.5865 115.6645 114.8976 110.2521 109.3760 109.5100 110.1558 109.9839 109.6906 109.6321 109.3248 108.9234 108.9482 108.6349 108.3627 107.8966 107.9207 106.4151 106.7725 105.6023 106.3296 106.5701 106.1697 105.8575 105.1758 104.3990 103.4494 102.7527 103.5077 101.2413 101.2958 100.7439 100.5744 100.3226 100.5901 100.9115 101.3365 101.5100
112.9400 118.3089 116.5639 113.8440 115.7043 113.1796 109.2544 109.7674 109.5384 109.4883 108.8933 108.4295 109.4553 108.9757 108.5729 107.9116 107.8361 108.0253 107.8833 107.2925 106.6184 105.3499 106.6229 105.7573 106.0420 103.1774 104.0609 103.5182 102.2215 101.8942 100.8268 100.6226 100.1283 99.7991 99.6537 99.5494 99.7521 99.8190 100.2899 100.6300
117.2900 116.4416 117.2300 114.7605 114.4557 112.7209 113.0806 111.1086 111.8213 108.6808 109.0898 108.7367 108.8613 108.4981 108.2407 107.0322 108.0135 106.9271 107.0330 105.8154 106.0773 106.2967 106.7625 105.6616 105.2786 103.6847 104.1725 103.9121 101.7183 101.2704 100.1692 99.4991 98.9194 98.4641 98.2194 98.1682 98.1432 98.5140 98.9698 98.6100
119.8300 117.0682 117.9306 113.9455 116.1162 115.7076 116.0109 114.3906 115.0313 111.8821 110.4139 108.3745 107.6128 108.1923 108.6772 108.3304 107.4015 107.4444 106.9601 106.2274 105.9214 105.8552 105.9118 106.1511 104.7841 103.5412 103.3860 101.8296 101.2796 100.6168 99.4109 98.2631 97.5471 96.9658 97.1652 96.9340 96.8406 97.3235 97.4155 97.1300
118.0000 116.9912 117.6313 113.6658 116.1352 117.0219 113.1010 114.2153 115.2396 114.4880 114.3985 113.1264 111.0541 108.2576 108.8124 107.8823 107.5784 106.9058 106.9959 107.0990 105.8702 105.4038 105.4191 105.2688 104.9864 103.3031 101.7726 101.1015 100.4093 99.4430 98.5156 97.0883 96.0237 95.3005 95.2080 95.2513 95.3827 95.9333 96.6743 95.7100
117.8300 115.7862 111.1714 112.1573 114.2580 113.5796 112.9883 112.4134 114.8881 115.2654 114.7694 112.7492 111.8843 109.2249 108.4483 108.0216 107.3379 106.8794 106.2791 105.6618 105.9981 104.8734 106.0737 104.7094 103.3919 102.4293 101.5116 100.7871 99.6113 98.5342 97.2071 95.6300 94.0263 94.1143 93.2165 92.6248 93.2705 93.6234 94.6124 95.5200
117.2300 118.7364 112.0677 111.8512 114.2407 112.2374 113.7563 112.6534 109.8656 109.6906 114.8149 112.7769 110.3807 110.8634 111.9930 107.1288 107.2065 107.5490 105.6565 106.1351 105.5482 104.3594 106.0624 104.1882 102.6553 102.1423 101.4220 99.7583 99.3130 97.6955 96.4409 93.5580 92.7802 92.8188 91.1265 89.4745 90.2232 91.2298 92.5702 93.3300
116.1200 115.1330 111.6883 115.5039 116.9055 111.0095 113.5290 109.5322 113.5141 109.5595 112.6035 109.3881 108.9310 108.3201 109.1769 108.2918 107.5999 107.8637 107.1091 106.9237 104.5879 106.2330 103.9895 103.1873 102.5685 101.8674 101.2810 99.7463 97.7539 96.8213 94.3237 93.6098 93.2139 90.1137 88.8089 86.7703 88.3000 90.2307 91.0701 91.5800
113.7200 112.4489 111.7875 108.2597 111.7664 112.2924 114.9401 115.8347 114.9243 112.4397 108.7132 108.6169 109.4563 110.2097 108.6632 107.8523 107.2045 106.4108 106.8036 106.8674 106.5981 105.9248 105.0215 103.0231 102.1935 101.6474 100.4609 98.9615 97.4014 95.7383 93.4340 92.1713 91.4273 85.0159 81.5407 84.0865 84.1815 86.9678 88.1415 90.8200
112.2900 113.1388 111.5664 113.7671 111.2124 117.4957 113.7513 112.6580 115.9629 114.4517 111.2032 109.6911 114.7588 110.6148 108.4484 108.0522 107.9710 106.4754 106.3026 106.9156 106.2899 106.5685 105.1058 102.9407 102.4265 101.7250 100.4920 99.0890 98.0238 95.6772 93.9864 91.5844 86.9185 80.8352 73.7223 70.7177 74.4505 82.2595 84.2670 86.0400
114.3600 117.6160 111.9444 112.1995 108.5452 108.5598 110.3022 111.2048 114.5745 112.8260 112.0947 107.9823 112.1928 115.1783 107.8312 105.9516 106.8835 109.5656 105.8585 106.5045 106.2554 109.8668 106.0738 102.8400 102.3534 101.5215 100.3369 99.6767 98.1259 96.4994 93.6504 90.0241 85.5076 79.7548 70.4505 66.6695 69.1859 78.5968 81.9933 85.8300
117.2100 112.7962 112.9133 111.6175 109.1665 108.0110 110.6655 110.8969 107.3864 111.3146 111.6439 109.8765 110.8903 113.6719 108.1903 107.7466 106.1901 107.1686 105.5553 105.1780 106.5287 107.1007 105.2826 102.7517 102.2961 101.2131 100.3199 99.5132 98.5498 96.6052 93.9635 90.2165 86.0262 80.3366 70.4196 66.5888 69.5807 78.9556 82.7225 85.7200
117.0000 112.5049 112.9272 111.5308 109.4392 107.9684 109.2759 109.8985 110.1111 108.1304 109.6170 111.1609 108.3565 107.7752 107.8345 107.3193 108.1945 107.5915 107.3062 106.4312 105.5452 104.5939 103.9639 102.9920 102.2913 101.3943 100.7946 99.8572 98.3317 96.6837 95.1610 91.2286 88.1116 84.4255 76.2384 72.0740 73.6963 82.0513 85.4958 89.7900
114.0700 110.0937 110.9439 110.9861 112.1671 109.0516 108.7395 108.9021 107.5468 108.5528 110.6720 107.9619 108.4994 108.2284 108.3961 108.1967 107.3139 107.7251 106.8425 105.3023 104.9673 104.1614 104.2378 103.3372 102.5866 101.7220 100.8830 100.1588 98.7640 96.6915 95.6485 92.3585 90.3391 85.7001 81.9301 79.6147 81.0369 85.9913 88.2574 89.7900
116.7000 113.6884 113.0624 110.0524 110.3865 109.7552 110.0003 109.0281 108.0266 109.3758 108.9819 111.8870 111.8381 107.9076 108.0638 107.6289 107.5567 106.5219 106.4627 106.5158 106.2197 105.7037 104.4481 103.2023 102.4851 101.7899 100.8841 100.4277 99.6001 97.2178 96.0271 92.9756 91.1731 90.6258 87.3213 86.4662 87.6587 90.0177 91.7330 94.2800
116.9900 116.5575 114.8129 109.2156 109.6496 108.9637 108.9778 107.2781 113.1322 108.7175 111.8028 112.6058 112.5116 112.4473 111.2086 107.6040 107.0255 107.3159 107.2189 106.8215 106.4685 106.6825 104.4718 105.0932 103.0079 102.3074 101.4358 100.9847 99.7501 98.2817 96.8463 95.7748 94.2577 93.9637 91.5639 89.8671 91.3420 91.4862 92.9250 94.2800
115.5900 115.2034 110.3647 108.3561 115.3625 109.2751 109.1577 107.0718 114.9509 108.2436 112.6926 112.8820 110.4953 109.3974 109.8255 110.9786 110.3626 106.4391 107.6408 107.0459 106.5163 106.9204 106.3680 105.0922 103.0226 102.7051 101.8439 101.5163 100.8262 99.2781 98.5248 98.3862 97.5541 95.6205 94.2235 94.2122 94.0225 93.2099 94.3693 94.9400
115.4600 113.5513 112.4041 112.4717 116.3108 109.2170 113.9073 108.6084 116.1053 109.6136 115.5291 114.5525 114.5758 108.1347 108.3900 107.1981 107.2459 107.9913 106.7939 106.1451 106.1712 105.6291 105.4400 105.9520 104.1411 102.9810 102.3092 101.9618 101.5412 100.6874 99.3292 98.5219 98.2219 96.4135 95.9462 95.4202 95.5559 95.8385 96.6607 97.5400
120.0200 115.4213 113.8182 111.1123 112.4795 110.2666 110.2284 115.5390 110.0805 114.5698 111.0443 113.9535 109.1105 107.8846 108.8250 107.4811 106.6971 107.3673 106.7361 107.9852 106.1264 105.3617 105.7224 105.7837 105.6024 103.5340 102.7386 102.2372 102.0111 101.1484 100.2155 99.8319 99.0263 98.4134 98.1826 97.9712 98.1684 98.2524 98.0332 99.2800
117.0400 115.1297 114.7455 116.4567 113.0504 109.5058 116.4015 112.9827 110.0026 109.1300 109.2722 109.3443 109.3771 108.9907 108.7893 108.4826 106.2791 106.9185 109.8375 107.0116 107.3071 107.2929 106.6389 106.4864 105.8356 105.2674 103.3672 102.8309 102.4813 102.0921 101.3424 100.7680 100.3765 99.8826 99.5173 99.1315 99.3126 99.7174 100.1214 100.5700
113.1000 114.9687 112.5286 114.6250 112.0542 113.8261 114.2156 110.2931 107.9878 109.8533 109.9065 110.3539 109.8544 111.7945 112.0320 108.8065 107.0206 106.7752 107.2105 106.6671 107.0279 107.0959 106.7673 106.9941 104.2542 104.2206 103.7231 103.5059 102.8860 102.2818 102.1485 101.5201 101.4856 100.9808 100.5467 100.1624 100.4711 100.4010 100.9162 101.2500
109.3200 111.2238 109.1380 109.5750 112.2446 109.3329 115.4390 110.1037 110.8826 111.5213 110.3186 114.4621 113.1943 113.7112 111.8669 109.8897 107.6320 107.9521 107.7727 106.9558 106.9765 106.9795 106.1725 106.4905 104.6456 106.0547 105.6923 104.6886 103.6356 102.8626 102.8800 102.3182 102.1190 101.8585 101.4251 101.2583 101.2485 101.2275 101.3258 101.8300
111.6300 112.6025 112.9450 112.0785 115.6120 110.8939 114.2067 111.1605 114.5730 116.2528 115.1363 113.3923 116.3353 110.8026 106.6051 108.1432 108.4263 107.9077 107.9579 107.2963 106.8968 106.9949 105.8804 105.8479 107.0238 106.4581 105.6862 105.8478 104.4298 104.6849 103.4408 103.0149 102.6357 102.2393 102.0905 102.0558 102.4165 102.3081 103.3198 104.8600
110.1000 116.1378 115.6225 114.3621 112.7658 115.1164 115.6831 115.8506 116.1753 116.6679 114.1457 110.8411 112.2677 110.6655 108.5093 110.3163 109.0116 107.3778 108.0911 108.7442 106.8157 106.2005 106.9627 107.1623 107.2859 106.8013 105.7453 106.0325 106.2291 105.5938 104.8738 104.3795 104.0428 105.6849 106.7092 103.3154 104.3440 104.4614 105.4658 104.1300
116.9500 116.7780 115.8387 115.7328 116.4130 117.1277 117.8504 114.7732 114.9010 113.2456 112.3540 109.4686 111.2422 115.2317 112.4732 109.7760 112.7783 107.3551 107.3282 107.2958 107.2218 107.8813 107.6372 107.1834 107.4627 106.4265 105.4922 106.6001 106.4838 105.9781 106.3321 105.7543 105.5172 104.6563 104.5630 105.1258 103.8077 105.1548 106.0760 106.0300
117.8200 117.1906 116.6940 114.1392 118.4156 115.3205 116.2375 115.7494 114.6273 112.6261 112.8848 110.3236 112.9457 114.4453 113.6103 108.2747 112.7863 108.2924 107.5793 107.5088 108.2920 107.3772 106.8724 107.6941 107.9499 107.0725 106.2770 106.9048 105.7443 106.9693 106.1231 104.3033 105.0133 105.6137 105.7157 105.3244 104.7189 105.9911 104.8663 104.3800
123.6900 109.7389 113.2725 115.0354 116.4195 112.3369 115.3184 116.8578 115.0173 113.7768 112.1173 112.1643 114.5491 113.3591 115.9329 109.5866 110.1542 107.5235 107.7837 107.4989 108.4458 106.9019 108.0533 106.9445 107.6330 107.7929 107.0800 106.8172 107.3257 106.4903 106.3907 105.7723 106.4249 106.3368 105.7637 105.4647 105.5294 106.5224 104.9582 104.4800
115.3500 115.3500 113.4900 116.3700 111.4700 112.4400 115.1200 114.6000 115.2600 114.0400 110.3700 113.9500 113.9500 109.9400 109.8500 108.6400 108.6300 108.3200 107.8000 107.8900 107.8900 107.8800 106.9300 107.2700 107.2700 107.4500 106.8500 106.8500 106.0600 107.3300 107.3300 107.3200 107.0300 106.9800 106.1300 106.0900 105.9200 106.4400 105.3700 106.6600
