120.6900 120.2700 115.8600 119.6900 119.4300 119.1500 118.5700 118.2700 117.6300 117.3000 101.6600 116.2000 115.8100 114.9700 119.6800 115.6400 113.0100 112.4600 111.8700 111.3600 110.5700 109.0900 109.1700 108.3800 107.3200 107.4000 107.4100 107.3400 108.4100 109.2100 109.0900 110.6500 110.6500 111.8800 112.4700 113.0200 113.5800 114.5200 114.9700 115.8200 116.2100 116.5900 117.3000 117.6400 117.9600 118.5800 127.9800 119.4300 119.7000 119.9600 120.4500 121.0100 108.3400 104.2300 103.4100 104.3300 104.2400 115.6500 119.9800 103.4600 117.1300 110.6500 120.8800 113.2200
120.6600 121.2001 118.1948 119.8763 119.3847 118.9705 118.5756 118.1597 117.5787 117.1926 106.7818 105.8654 113.6158 114.9690 116.5699 113.8435 112.0306 112.4429 111.5993 110.7686 109.9382 109.0923 108.2692 107.5294 106.9354 106.5727 106.5315 106.8362 107.3760 108.0961 108.9080 109.7604 110.5756 111.5595 111.4648 112.7487 113.2366 114.9147 114.5239 115.3931 116.0330 115.8750 116.8967 117.6596 118.3271 127.9758 124.0957 118.5231 110.0505 112.1493 122.3060 124.8261 118.4191 108.0790 115.1972 103.3139 114.7021 106.7366 114.6644 101.3931 105.0372 110.5975 117.5175 114.7100
120.6300 120.3875 120.8841 121.0038 119.2551 118.9108 118.4535 118.0163 117.5682 117.0150 116.6478 109.6403 113.8129 114.4298 114.0388 113.4364 112.8356 111.7863 111.0226 110.0942 109.1086 108.0827 107.0268 106.0243 105.1795 104.6606 104.6016 105.0375 105.8208 106.7963 107.8471 108.8571 110.0351 109.2576 123.8667 111.4142 116.4513 101.8707 117.9865 115.1651 115.8057 116.2255 117.0580 117.3125 118.8851 95.3319 113.8291 104.2767 98.8354 118.7641 111.2819 110.0276 113.4171 119.2091 104.5947 103.1621 108.7856 105.2386 108.2612 103.9443 106.7429 110.3253 110.9570 111.5600
120.6100 120.2330 121.3879 108.4702 119.8092 118.5894 118.3591 117.9100 117.4311 116.9395 116.3371 116.6448 116.7553 113.8659 114.0063 113.1188 112.2947 111.4483 110.5007 109.4462 108.3044 107.0441 105.6960 104.3220 103.0451 102.1701 102.0682 102.7979 104.0331 105.3829 106.7501 108.0349 109.3051 109.8825 117.3697 112.6258 104.7810 88.6132 99.9596 116.4417 112.0672 116.5566 116.5951 119.7374 108.7578 104.8845 104.1778 104.0819 105.4452 107.2670 114.7452 104.1608 97.4175 105.7422 103.1658 101.1400 100.0928 108.0159 101.7885 109.8358 106.2763 117.9595 116.8041 120.4300
120.5900 120.2744 119.8675 115.3578 120.2398 119.7142 118.2196 117.8259 117.3246 116.7829 116.2818 115.4298 114.4640 114.1899 113.6389 112.8916 112.0395 111.1026 110.0593 108.8901 107.5714 106.0687 104.3455 102.4067 100.3992 98.8091 98.5714 99.9970 101.9449 103.9411 105.6938 107.2556 108.5715 109.5421 110.6775 101.4679 109.3101 108.1528 112.1369 114.8852 114.5723 116.5409 116.0154 122.4363 108.9042 104.0382 102.2074 105.7310 104.3844 108.7412 114.8230 101.8364 112.6501 101.7250 102.1642 106.7024 113.0294 108.6989 100.6161 102.9400 104.1818 113.6476 117.2571 116.3200
120.5700 120.1929 120.3571 120.6693 117.5605 108.7393 119.0475 117.7747 117.3311 116.8836 116.0851 115.8543 115.7922 114.5422 113.5946 112.7279 111.8307 110.8330 109.7128 108.4476 106.9804 105.2300 103.1180 100.4102 97.0764 92.8965 92.4416 96.1348 99.7566 102.5751 104.7949 106.6144 108.1139 109.4955 111.2124 106.3302 113.4707 114.1649 114.4403 114.9566 115.9703 111.7853 100.3321 105.9316 103.6438 102.3707 105.0899 109.8520 107.6191 106.3781 117.6159 100.4626 103.0266 103.1241 102.3774 110.5519 119.1653 112.0592 101.8674 103.6930 109.1119 115.1666 115.5027 116.3500
120.5700 120.0570 120.6498 111.2928 119.1343 122.7856 117.8659 117.7212 117.4755 114.5083 116.2326 116.5175 101.9099 111.7843 113.1761 112.5944 111.6894 110.6692 109.5049 108.1782 106.5991 104.6743 102.2389 98.8806 93.0077 87.1615 86.6243 91.2424 97.9982 101.5764 104.1807 106.2023 107.8754 109.1882 109.6624 108.2651 112.1811 113.1751 114.0789 115.3683 101.6490 95.0387 95.4391 96.4362 99.5949 99.6493 103.4553 102.4929 102.9406 104.1862 109.1592 108.3671 109.8606 109.5526 111.6179 112.5750 119.1407 101.2471 100.6664 105.5240 115.8502 114.9548 115.7282 116.2900
120.5600 120.0076 122.4755 119.1422 119.2917 118.5505 118.0217 117.7198 117.2660 116.7476 116.6493 107.7921 102.6034 114.1156 112.4549 112.8192 111.6618 110.6190 109.4586 108.0991 106.4958 104.5237 101.9758 98.3886 91.5803 84.9899 84.3074 89.5732 97.3715 101.2826 104.0174 106.0977 107.7760 109.3538 109.7392 108.7643 111.6256 113.0114 114.0827 115.1757 102.1625 94.8629 95.2447 96.2277 99.4089 99.5093 103.6846 102.2065 103.0515 104.3593 108.8597 108.4872 109.9914 109.4094 111.3942 112.1391 117.9359 98.6665 100.8676 116.9486 114.2505 115.0422 115.7584 116.2900
120.5600 119.9532 122.3204 119.1043 119.1690 118.7400 118.2361 117.7358 117.2075 116.7226 117.1862 105.3475 103.4155 99.8388 102.2816 114.9120 111.8810 110.7011 109.5555 108.2419 106.6894 104.8114 102.4491 99.2581 94.4433 88.7356 88.0052 92.5854 98.4669 101.8177 104.3520 106.3191 108.3533 111.1455 110.4744 97.8416 100.3432 107.4730 114.4967 112.5067 122.4022 95.5602 95.0757 98.0214 101.4527 100.1683 104.1275 103.7211 105.1352 107.8222 108.4904 109.5491 107.5100 103.2963 110.9043 98.5913 99.5343 99.9626 113.8179 112.7677 113.4766 120.3882 114.9039 118.2300
120.5700 120.2203 119.7850 119.5726 119.0985 118.6591 118.2419 117.7866 117.2789 116.8486 116.9251 106.6214 102.0697 103.5407 104.8809 122.4698 111.8784 110.9819 109.7945 108.5264 107.1117 105.4699 103.4753 101.0419 98.2075 94.8662 94.5612 97.4729 100.4097 102.9768 105.0322 106.9223 106.3854 89.0078 93.6927 92.9778 115.1172 113.8789 110.5059 117.4946 99.0134 100.9580 100.8111 100.6716 110.2318 107.3615 104.3560 110.1178 110.2451 104.1970 110.9223 115.3645 98.7106 100.4154 104.8031 111.8385 108.7232 109.0058 113.7739 113.3248 114.4910 114.1236 116.0528 101.9300
120.5800 120.3114 119.9636 119.5485 119.1672 118.7541 118.3113 117.8489 117.3446 116.9472 116.6656 101.2454 106.8878 104.6401 101.9256 116.0056 111.7551 111.1805 110.2395 109.2136 107.8119 106.3568 104.7485 103.0194 101.2767 99.9982 99.7922 100.8791 102.6044 104.3748 106.0047 108.4240 98.6435 106.5143 108.2698 110.0195 115.2381 113.4176 89.7822 112.1116 97.8098 100.5370 102.5707 102.8677 105.8154 106.8836 109.4498 109.6547 117.8175 111.7087 118.2084 104.0909 102.1028 106.1443 109.3401 109.8716 108.7116 108.4087 114.4548 110.5786 111.6271 112.8895 116.6128 101.9400
120.5900 120.3508 119.9820 119.6244 119.2290 118.8151 118.3878 117.9342 117.4713 116.8457 116.9020 110.3335 113.7771 120.5382 110.3568 113.5985 112.4958 111.5236 110.4434 107.2661 108.5310 107.3541 106.1096 104.8585 103.7269 102.9841 102.8718 103.5189 104.6626 105.7361 107.0376 107.3300 105.9066 116.6349 88.1407 94.4542 104.0061 105.6585 114.7825 99.0182 94.6170 98.0043 100.8462 103.7018 103.1112 107.9497 107.5121 109.0212 112.8463 113.9547 107.8067 104.1797 102.3120 111.9887 114.0752 109.5806 112.2286 108.4343 107.1489 107.6496 108.2683 109.3449 113.3973 101.9400
120.6100 120.4343 120.0821 119.6965 119.3110 118.9140 118.4881 118.0553 117.5767 116.9651 117.5310 104.9721 108.2209 115.6584 112.3242 113.9193 112.7598 112.6383 111.3052 110.9948 109.5372 108.3808 107.4231 106.5017 105.7354 105.2740 105.3072 105.5684 105.8205 108.3908 104.3253 111.5693 103.9637 99.6836 87.9216 94.6924 88.7896 99.8698 110.2010 104.2941 101.0217 99.1283 94.7400 102.2269 101.7235 105.2099 105.2528 105.7333 109.0132 111.2187 109.6010 97.0559 98.0735 111.4237 105.1679 105.8571 110.0750 115.2361 110.4411 108.0306 112.9001 111.6204 111.1796 101.9600
120.6700 120.4735 120.1539 119.7881 119.4105 119.0240 118.6082 118.1869 117.7209 117.2674 117.6305 111.6388 115.2820 114.3246 114.8208 113.6777 112.9962 108.3495 114.7960 107.1802 110.3482 109.3532 108.5161 107.9646 107.4081 107.0841 106.9366 107.5185 110.4539 105.5593 100.9209 110.7772 116.4006 106.1793 92.1988 90.7857 93.4202 98.3287 92.1489 110.6340 102.8665 102.1862 102.5862 103.6094 105.3218 101.6861 102.7167 105.3750 107.5016 109.5768 108.0596 99.9004 97.3256 105.6767 99.6713 110.0760 105.8396 109.1277 115.0899 113.8389 121.8671 121.8607 108.9432 110.9500
120.9300 121.1347 120.2162 119.8974 119.5292 119.1522 118.7498 118.3459 117.9078 117.4745 116.9907 116.8097 115.9559 115.7257 114.8666 114.2997 119.9010 103.5628 110.3027 110.6795 110.6900 110.0554 109.6898 109.1369 108.8252 108.5872 108.6336 107.5821 91.2140 97.7223 114.1172 77.4089 98.7978 98.2103 102.8371 94.6852 93.0871 102.0656 103.3308 101.9001 101.3018 104.9732 108.3212 104.4179 108.9834 108.5899 105.0075 105.1201 106.1306 109.0634 108.9680 108.3298 108.8280 100.4271 98.7786 108.8497 105.2292 106.8368 114.4776 117.1851 116.9383 119.1981 114.4880 111.7300
120.9700 120.7550 120.3639 120.0129 119.6603 119.2895 118.8985 118.4686 118.0504 117.6590 117.1734 116.6917 116.2283 115.7041 115.2626 114.6279 109.2346 109.2192 106.1712 111.1741 111.9929 111.3165 109.7681 110.5315 110.0475 109.8347 109.8475 109.7191 110.0374 89.3171 93.6947 105.8769 94.3331 97.7666 106.0100 101.6917 104.5860 103.5032 104.8093 103.1612 103.5575 107.2265 109.0805 106.3314 105.6648 104.5334 110.3091 110.1858 110.9230 110.5548 112.9757 109.6625 110.9982 112.0459 111.1965 115.9681 100.4860 113.1777 113.1096 117.7510 117.9182 118.1470 106.7614 102.1700
121.0100 120.7960 120.4864 120.1467 119.7983 119.4453 119.0535 118.8171 118.4903 117.8755 117.4521 117.0132 116.5532 116.0829 115.5489 115.5429 108.4861 101.5673 113.5285 112.7683 112.4905 112.3178 109.1427 111.6335 111.1966 110.7748 110.2758 106.7798 102.5053 93.5451 105.8411 105.0029 97.1956 96.7329 102.9743 107.5804 106.6571 105.7988 100.0669 101.8304 99.8878 101.7575 104.7294 106.7566 109.8352 105.6960 105.5306 106.3672 107.3862 109.0767 100.3397 98.8503 108.6246 110.6587 98.3294 101.1237 103.3770 114.7572 114.5957 113.9910 113.9796 113.4628 105.8690 102.1900
121.0500 120.9279 120.6094 120.2905 119.9585 119.6047 119.1692 118.5609 118.3260 118.2171 117.6970 117.2858 116.8466 116.4146 116.0289 115.4427 114.7959 112.0449 114.7716 113.6937 113.4632 112.9088 112.7525 112.3510 111.7902 112.1281 110.7945 94.6575 85.9436 90.7101 101.7974 100.1689 108.3130 99.3702 99.8409 109.1294 110.6321 102.5459 97.7232 100.3260 103.9531 104.6414 105.8028 106.3591 103.4322 110.8333 115.1734 107.0434 107.0873 105.1937 98.4768 98.1995 113.3412 108.1493 100.6285 102.0117 109.1973 114.3375 114.8989 114.5165 114.8228 118.1516 101.9999 102.2100
121.3100 121.0649 120.7594 120.4357 120.1179 119.7746 119.5122 119.5209 118.0202 118.4216 117.9861 117.5647 117.2306 116.9764 116.1222 116.1317 115.2941 115.4824 114.5725 114.1850 112.4825 113.7002 113.3844 112.4641 114.3135 109.9149 111.9741 96.1669 110.2402 102.4658 113.4382 102.2631 103.2553 108.3404 107.0402 103.5777 102.1976 112.9880 100.7953 96.5094 103.8650 105.1736 106.9771 107.7367 108.0632 106.7453 107.0173 114.6984 109.2281 108.1261 97.0898 99.1141 99.1048 100.4090 100.9140 100.2313 104.9928 106.3265 115.2638 114.8163 116.0691 115.8367 103.5386 116.4700
121.3700 121.2018 120.9043 120.5945 120.2935 119.9720 119.4307 119.4279 114.1415 119.3346 118.1727 117.9315 116.6186 118.7703 113.3252 115.6320 115.8377 115.6593 115.2691 115.9402 112.5907 113.7553 114.1507 115.3856 94.9923 109.4157 111.8832 107.0542 117.0654 108.1675 104.9363 104.9779 104.1282 101.8735 106.3241 104.5220 104.5216 108.2682 103.5775 108.0428 95.9753 109.5840 107.0967 106.9282 110.4395 109.8597 114.0183 111.8807 113.5397 96.9838 103.7405 99.5696 99.9405 100.0043 101.2382 103.2701 116.4382 114.1817 116.2679 115.8051 117.9764 103.2634 118.8425 117.2100
121.6800 121.3449 121.0630 120.7602 120.5194 119.8804 119.0568 115.6625 121.0379 118.8062 118.5088 118.4868 113.9578 117.3134 110.7478 118.6661 116.5241 116.0888 115.6196 117.2509 115.1664 114.6967 114.6437 114.1915 105.3999 97.8670 101.7422 102.0881 104.7393 100.3405 101.9262 102.8247 110.3651 99.2713 112.0139 103.7603 102.1929 98.9606 99.8343 110.7322 104.8378 108.4961 108.5415 107.2045 107.8172 113.2397 111.6969 113.6144 111.0742 98.8677 112.2768 109.0187 102.6669 99.8726 100.7161 100.3245 99.8069 101.9186 118.4507 119.0806 117.5721 120.2649 118.2280 117.9000
121.6800 121.5087 121.2214 120.9454 120.6582 120.3014 121.0586 120.0376 119.4717 119.1259 118.8336 118.4267 118.1485 117.5593 108.1047 116.7624 115.3055 117.9362 103.8637 116.3449 115.6406 115.5214 115.5719 114.7545 110.6925 97.7391 101.5814 104.4917 99.7383 101.6859 102.6167 100.5490 108.4591 109.8786 110.9968 107.1712 110.5258 105.6086 98.1270 103.4428 110.9402 106.6660 113.1864 112.2061 109.2176 113.8238 108.6254 116.0706 109.2996 98.8640 112.8027 118.0640 110.5871 99.8319 100.4021 101.7190 119.7279 104.1059 127.1232 123.8577 119.5056 115.9364 116.6855 118.7500
121.9900 121.6562 121.3869 121.0618 120.8404 120.5744 120.1555 119.8896 119.6554 119.3936 119.0924 118.7942 118.4608 118.4253 118.3746 117.0332 113.2913 117.2462 106.1403 117.7815 115.2953 116.3430 115.2999 115.5661 113.5746 103.9111 102.0451 101.9391 100.6650 103.2226 105.0839 103.3807 110.2323 109.4972 112.9965 93.1678 104.3333 107.9528 103.2168 100.7877 107.8807 110.2824 113.5194 107.1816 107.2635 110.5855 111.3361 117.4605 108.5992 96.2687 90.2999 109.6130 101.5553 100.1852 102.3102 102.6232 99.0356 99.1835 111.7749 125.1990 126.1214 126.1544 119.4052 115.3200
121.9900 121.7440 121.9698 121.6246 121.0334 120.7718 120.5149 120.2308 119.9549 119.6848 119.3907 119.0940 118.8417 118.4363 118.1583 118.1342 119.6249 118.5930 97.6437 127.8634 116.2240 115.6990 122.5816 110.9094 104.9339 103.9200 105.1409 99.8861 102.5710 101.4450 103.3716 106.5367 104.0269 110.1859 105.8470 105.1367 111.4967 107.9456 108.6585 105.4601 107.7104 111.6418 113.1411 108.9531 108.9053 108.3233 117.3396 119.5014 120.9809 115.3633 112.9886 95.0095 107.2949 101.8395 102.0254 103.2346 103.3146 104.4564 108.9722 128.9457 111.9589 127.1198 125.3664 125.1700
122.0500 122.3109 118.1629 121.0347 121.1789 120.9896 120.7253 120.4554 120.0635 119.8490 119.5964 119.4187 119.1457 118.7621 118.7604 117.9045 114.2470 106.4251 109.6147 119.6750 116.7429 120.8298 117.4691 114.1657 110.1541 106.3754 107.8572 103.0087 103.9113 105.7871 106.9998 108.6931 112.7349 101.0474 108.8982 111.9470 110.3981 110.8038 107.3836 109.9968 109.4498 113.8715 114.8976 116.3088 113.7206 113.0671 108.5723 115.7000 117.2657 119.2417 121.5940 115.5686 111.3362 108.3843 98.2807 119.7945 102.3936 101.9436 121.6183 110.5719 119.7032 105.4522 129.4129 125.5100
122.3700 122.2065 121.0967 121.7380 121.4415 121.2122 120.9159 120.7239 121.0161 120.5426 120.0478 119.6769 119.5450 119.5739 119.0892 110.0540 106.6740 106.6021 116.8489 117.7750 116.2855 97.6817 118.6810 103.5709 101.7153 109.6089 103.9697 106.2973 104.3880 105.1342 108.9636 108.8475 114.6704 109.4987 110.2483 114.6732 109.9519 109.7291 112.7110 115.2553 115.1324 115.7359 116.2761 116.1229 115.2775 110.6214 115.6077 115.7602 110.4551 119.1524 105.8077 121.0311 102.0503 119.7509 100.5056 101.2622 110.1544 101.4197 122.9058 117.5450 123.0769 129.2541 129.3856 130.2400
122.3700 122.3053 122.1760 121.8730 121.6308 121.3371 121.4072 118.7221 118.0508 114.4790 119.7721 119.9989 119.6694 120.1644 113.8907 119.9149 110.7199 95.2554 116.9214 118.4718 110.7602 95.3205 122.3312 106.3707 114.9427 106.6950 102.5231 105.7662 107.4243 105.1022 107.4686 107.3901 110.4183 114.8992 110.4618 113.1773 109.6984 109.2060 112.9693 112.5360 117.0245 115.2929 117.0191 116.7217 114.4831 114.3522 114.1579 113.5159 115.2054 119.0627 99.5373 113.6793 120.6622 120.6949 118.7000 120.2827 109.3586 113.7058 121.9058 121.4206 121.7781 118.0016 123.4087 123.1200
122.6700 122.5032 122.2911 122.0178 121.9589 121.8020 121.3381 121.1708 120.6559 120.0793 120.7524 120.1927 120.4291 118.1273 113.6340 119.5836 118.5847 111.0584 120.2931 118.6199 121.9251 100.6903 120.0212 119.8303 119.1691 109.6016 107.9478 107.6804 105.0940 105.9595 107.3054 108.7028 109.5118 111.5509 111.2526 118.5764 114.8654 109.3108 112.7771 111.1812 114.8403 114.7098 113.9616 114.3233 110.7793 113.8413 118.4799 107.8963 115.3522 101.1621 121.6423 102.3861 121.9299 119.7979 120.0828 120.3907 113.9085 119.5093 121.2167 121.6617 122.1056 122.8531 123.3503 123.3700
122.7300 122.6946 122.4111 122.6313 116.5522 121.9283 121.5942 121.3892 121.2775 121.0873 120.6819 120.6298 120.1836 120.9551 120.7912 119.6739 119.4464 121.0681 118.5760 119.7032 119.6676 119.7014 121.9481 117.7152 114.9657 103.1846 104.6932 104.2864 104.6012 106.1054 106.7776 109.6555 108.3442 110.7442 112.7759 111.0799 113.0714 112.0579 110.1067 111.6823 115.6651 113.2288 111.6398 112.1952 113.5223 112.4319 118.3625 123.5483 116.5806 103.9874 112.6570 112.7904 117.3285 120.2901 120.2437 120.8551 121.3783 122.2037 121.7257 121.9487 122.3376 122.7681 122.9357 123.4900
122.9600 122.8555 122.6632 122.4520 122.1997 122.4933 121.8290 121.6488 121.4885 121.2317 121.0500 120.8821 120.5935 120.5158 120.2363 120.1488 120.4200 112.0323 104.1580 115.9235 119.3734 119.0348 119.5552 119.8673 116.2962 108.8395 106.6184 104.7739 103.8631 104.5291 107.1728 109.7550 108.8852 110.2909 111.9368 112.5585 117.4766 114.7065 110.3219 110.7298 116.8337 116.7771 111.7023 112.8379 113.4326 117.4293 108.5390 108.1076 127.5522 124.2863 113.4435 101.2272 113.7617 117.9223 121.4700 120.7747 120.1811 121.0978 120.5466 122.6041 122.9304 123.0619 123.5753 123.7200
123.1900 123.0425 122.8510 122.6004 122.4101 122.2471 122.0684 121.8604 121.7542 120.6038 121.3343 121.3891 120.8409 120.4741 120.5536 120.4908 121.0521 107.1813 98.3101 124.2093 117.2226 119.7480 110.4831 115.9112 121.2007 110.6577 104.9662 104.6445 107.7207 106.9910 106.9483 108.4008 109.3443 110.2382 112.4716 112.9773 111.2205 106.9056 113.1469 111.5643 114.0359 117.4150 113.6545 115.3747 99.1064 116.7883 103.3400 100.9510 101.7747 127.9235 118.4406 118.3108 121.9582 105.2089 126.3263 120.4595 121.4701 116.5284 105.5826 123.3840 122.7480 123.3992 121.7457 124.2100
123.2600 123.2232 123.0311 122.8601 122.6700 122.5123 122.2811 122.5924 121.9625 119.7278 121.9007 122.0585 125.8801 121.6460 121.5319 120.4761 120.8354 123.0627 107.2747 118.6426 118.5505 120.1611 103.3678 121.0096 117.3798 107.8794 113.9062 107.4182 107.3435 107.6053 107.1127 108.9421 110.6421 111.0424 114.8241 113.2561 111.2085 113.1923 115.4741 114.0705 112.6710 117.2134 116.4639 115.0035 119.4813 110.8778 118.4329 109.3238 98.8346 113.2892 127.8775 123.5664 117.1163 123.6834 125.6722 123.6254 123.7101 123.1152 109.0487 123.4496 122.7868 124.8215 120.4512 124.2100
123.5100 123.3998 123.2351 123.0566 122.8670 122.9254 122.9880 123.0113 116.5909 120.5559 108.9335 116.9300 121.7058 114.8403 119.9352 121.1410 120.9990 121.2710 115.0237 122.1387 120.6614 121.9519 121.7371 118.7866 136.6231 116.1814 123.0225 113.4330 107.6938 107.5599 108.5484 109.7649 111.4036 114.7583 111.0904 115.4587 112.1202 113.1860 114.5016 113.9108 114.0781 117.3807 114.5599 110.3319 114.1248 108.2458 122.0129 111.0680 100.2310 111.0960 112.3003 128.4889 122.0976 123.7910 122.8721 125.1985 125.9055 123.6295 122.6714 122.6389 124.0617 114.3211 126.4040 124.5200
123.7700 123.5171 123.3977 123.1568 123.0475 122.8948 120.7526 124.5459 105.9877 120.7081 112.5119 117.5763 122.0428 122.2218 121.4204 121.2211 123.3306 114.6025 110.9642 120.0723 104.8875 121.2609 122.0298 107.9532 106.2046 110.6180 110.7386 115.1124 112.4684 111.4208 110.5939 110.8221 112.3809 113.8960 103.9856 113.1998 113.9411 116.7219 115.6040 112.0505 117.7607 118.2028 114.2828 118.3004 117.7434 101.9695 105.8183 103.6543 100.9123 127.2444 103.5689 112.7277 132.2072 126.0312 124.0581 122.8180 125.2694 125.2186 124.9659 122.8640 124.4664 111.0205 115.5994 124.3600
123.9800 123.8092 123.7782 123.8674 123.1372 123.1919 123.0301 124.0297 116.4154 122.7649 120.7830 122.7602 124.4386 121.0093 122.2740 121.7249 112.2656 104.7571 122.8345 120.9618 105.7253 121.7266 121.8292 121.0350 119.1681 117.7879 119.2500 114.3825 111.9009 112.2004 104.6473 111.7689 112.4521 113.1739 114.5630 115.2212 114.0664 114.9015 118.8466 114.0588 107.9832 104.1699 99.5602 111.7406 117.9540 116.8719 103.1578 99.1550 99.1371 122.0650 113.8860 115.9902 126.2560 129.1084 129.2795 120.3395 121.6807 127.4593 126.7688 127.2056 122.9830 123.8828 121.4621 124.8600
124.0500 124.1951 120.8523 122.2962 123.7014 123.3066 123.1988 123.0765 122.8633 124.4390 122.8247 123.0776 106.7509 115.2658 122.1006 122.4679 121.1169 112.9426 121.9696 122.6574 121.8025 121.3921 121.2863 121.1487 121.4896 121.8129 121.7761 114.3399 121.3936 112.4808 105.3518 114.2187 112.2339 113.6057 114.6021 114.3760 114.7897 113.9740 114.0628 118.3826 116.8349 101.9397 103.8311 117.3815 117.6226 115.5496 117.8317 102.3676 101.7232 108.3332 125.2784 123.9437 130.2022 128.9478 131.6386 120.2067 124.7190 118.1445 128.7395 129.3063 128.8122 124.0309 124.8983 124.7100
124.2600 124.1106 128.0255 122.9124 123.6651 123.4885 123.3876 123.2155 123.0863 123.0755 122.7539 123.9416 120.3008 123.8041 122.3059 122.0257 122.4279 122.9120 121.8639 121.6325 121.7529 121.8545 121.8185 121.7887 121.7183 121.8647 122.0936 116.6397 112.1884 114.0605 116.0366 117.0987 113.0449 113.0916 114.0755 114.2213 114.8649 115.3761 117.8005 118.9567 114.5627 104.3310 103.5547 116.8554 113.9547 117.3897 122.6006 106.7616 101.6053 100.4564 119.8711 122.1254 123.7989 130.4767 130.9081 131.1740 125.9696 124.9523 124.0686 128.8502 129.3898 129.9171 124.0069 124.8700
124.5000 110.5203 125.3954 127.4617 123.7934 123.7482 123.5864 123.4580 123.3053 123.1775 123.1239 122.7880 122.8450 122.7245 122.5491 122.5634 122.4168 122.2040 122.2893 122.2611 122.1560 122.0617 122.0817 122.2170 120.8549 115.6409 115.6186 109.4725 111.3793 113.9651 116.1825 116.7923 115.7811 113.1422 113.7389 114.5694 114.2719 114.6672 114.6119 121.0914 119.3439 120.2668 121.0881 115.4871 120.9573 101.1124 100.8853 119.4358 119.3081 121.2599 104.7708 118.2884 121.2760 131.5551 129.3821 131.2317 130.5965 126.9405 127.1582 124.5229 129.8281 131.1548 131.1983 130.5100
124.5000 123.1567 124.9231 123.9792 124.1845 123.9061 123.8055 123.6633 123.5413 123.4227 123.2868 123.1833 123.0989 122.9773 122.8447 122.7771 122.6916 122.6393 122.5213 122.4299 122.4197 122.4428 122.5000 118.5772 122.3976 122.5446 122.2375 105.6769 101.9201 114.6943 115.5996 116.2311 118.5214 113.6541 115.1693 115.4115 115.1412 115.2151 115.4095 118.9376 120.7378 120.1568 122.2009 110.2254 101.2100 111.4242 112.3767 109.2396 120.1531 120.9027 119.1779 124.2627 121.1664 120.4674 129.3856 131.3015 130.8849 132.9267 128.7325 127.4610 126.8918 129.5992 129.4492 128.6600
124.7200 124.6208 124.4342 124.2789 124.7975 124.0947 123.6011 123.7763 123.7376 123.6413 123.5549 123.4468 123.5219 123.4279 123.2351 123.0991 122.9497 122.8540 122.8703 122.8583 122.6756 122.6684 123.5171 110.1143 123.9421 122.2612 122.8296 118.5777 119.6657 115.1691 113.9301 117.7574 119.4720 117.6626 115.2078 115.6820 115.6638 116.1580 116.6041 117.2730 120.4210 116.4998 114.0848 102.2005 103.7087 96.8562 104.1312 121.3037 121.7854 120.9135 121.6426 121.3876 122.2212 122.3861 124.6589 129.9708 132.4169 133.1357 134.6513 130.7217 129.4424 126.9997 130.8720 131.8800
124.9100 124.8366 124.6900 124.4294 123.2600 120.8535 124.1556 123.9807 124.0495 123.8562 123.7610 123.0490 125.5192 116.0465 123.9968 123.2928 123.1945 123.1726 121.6662 122.8340 122.9433 122.9078 123.4749 124.5440 122.7796 122.9580 123.1125 117.8113 119.2954 123.5596 122.7565 117.7815 120.3123 119.0610 115.5816 116.1722 115.4721 116.3584 116.2955 116.8554 118.3913 119.7781 101.4131 101.6173 122.0500 102.4181 103.9803 125.7652 124.4707 121.5762 119.1363 122.2946 122.5060 122.6874 123.0892 122.5617 133.8015 133.1889 132.6307 134.5940 132.1350 131.3862 130.7456 127.6400
125.1600 124.9967 124.8512 124.7857 124.5077 123.3645 122.7465 124.3447 123.7025 123.9308 124.1039 125.4121 116.8799 106.3744 123.9062 123.5193 123.4611 123.3770 123.3250 123.4041 123.2401 123.1469 123.2789 122.6731 122.9743 123.1400 123.3695 118.9029 114.0732 122.1587 115.9234 119.6434 119.6349 119.4835 115.9562 116.0079 119.2935 115.7821 121.3235 118.5646 114.7248 125.0798 100.5470 103.4446 126.0124 114.3675 99.8767 117.2979 126.8779 111.9793 119.5769 122.1643 122.7427 122.7045 123.0409 122.8661 121.0534 132.8745 132.7001 132.5572 133.9529 134.1945 134.6360 129.3000
125.1600 125.1573 125.0696 124.8351 124.8942 124.6899 124.6701 124.5759 125.8722 126.3538 124.1082 128.9799 103.3093 126.2975 124.2552 123.8118 123.6475 123.6746 123.4464 123.2317 123.7541 118.1568 124.3574 123.8471 123.3726 123.4667 123.5818 119.0809 116.0247 111.2980 115.2079 121.9799 119.7922 122.1426 120.6221 115.2610 121.7613 116.1178 114.6459 116.8220 116.2517 106.9317 100.8284 100.7918 104.8519 103.3734 103.0976 100.6143 110.3921 116.0390 128.5236 122.3741 122.8286 122.9264 123.1831 124.1699 123.5754 125.3579 130.2629 134.0388 136.4333 120.8087 133.3104 131.4600
125.3700 125.3350 125.2157 125.1277 125.0144 124.8295 124.8921 116.1533 119.9689 114.7447 124.7472 113.5799 104.7201 124.9410 123.8921 123.7307 124.0406 123.5464 124.1839 124.6442 123.9400 124.8059 119.2550 120.1646 122.9761 123.6468 123.8303 119.3969 116.2261 116.4879 116.4763 119.5807 120.3331 121.7411 116.3305 118.2807 108.9452 123.9599 121.3521 111.9947 107.9928 107.6229 102.8196 103.2377 101.9650 120.7348 113.5756 101.1485 112.0077 132.4328 129.0823 123.1177 123.3344 123.2333 123.4898 123.8870 124.2652 123.7917 125.9695 136.5297 128.1793 111.6102 131.7007 131.4600
125.5700 125.4930 125.3846 125.2736 125.1966 125.0869 125.1666 124.1276 125.6556 123.0205 125.3752 107.5758 127.3950 124.1223 124.2291 125.9627 124.3398 125.6256 104.1223 122.6849 121.8685 116.9688 120.3018 124.3026 124.7127 123.8265 124.0832 119.5172 117.0314 116.2326 118.2125 120.1200 124.7263 122.1880 121.0463 117.4226 106.7335 123.6150 118.1874 102.3497 102.0661 101.4835 104.7806 102.2142 99.9422 117.0451 124.8272 127.5753 129.2609 103.2960 125.3620 128.3529 123.7793 123.4968 124.0310 124.2117 124.5953 124.9901 125.4252 122.7534 137.3722 105.2379 135.7347 105.0000
125.7700 125.6605 125.5592 125.4531 125.3440 125.2449 125.1286 125.0629 124.6896 124.6607 123.8998 110.3232 124.4323 124.5925 125.9844 107.5754 129.7050 106.8405 121.8666 124.4670 115.9735 106.5165 103.8004 100.0393 125.5043 123.8435 124.2920 120.1300 118.0394 110.2036 112.2342 116.3959 107.7142 118.9452 109.5479 101.8574 99.6478 103.8456 108.8493 101.8477 103.1696 101.3785 100.7259 102.8328 124.6792 131.1878 124.7330 119.3835 123.0138 106.7638 124.6984 131.0295 128.9831 123.4217 124.5261 125.0107 124.7755 125.3413 125.6852 125.9762 117.2849 129.6300 139.8058 105.1500
125.9600 125.8267 125.7216 125.6175 125.5352 125.3897 125.3629 125.2643 125.1679 127.0096 111.3670 125.7945 125.4375 124.8096 125.8550 116.6598 102.5940 121.9654 117.6532 124.4512 126.6019 127.4217 116.6497 120.2236 123.5217 124.4930 124.5061 120.5523 118.0903 110.3978 100.3968 112.6109 112.5608 105.3394 101.5514 103.4699 118.4451 102.3395 108.5562 102.0687 102.4933 105.5373 103.5020 125.2724 108.6338 105.0379 126.6349 115.8436 117.3554 105.8657 105.9589 127.2971 126.8427 124.5070 116.8610 125.4376 125.2361 125.3493 125.7144 126.1408 128.5755 131.7347 137.6074 137.6800
125.9600 125.9894 125.8935 125.7873 125.6701 125.8275 125.4296 125.3396 125.0320 112.2716 114.2008 110.1566 126.6927 125.3007 123.8257 129.6685 125.4861 123.4053 123.7891 124.7114 124.4276 123.7860 115.2225 122.5360 124.0918 124.6087 124.5332 124.8824 119.7201 105.8035 111.4643 113.9659 101.2642 106.5356 102.3528 104.9155 127.2007 102.9818 115.3269 106.7937 120.4227 97.1343 110.6344 106.9259 125.8938 106.6901 129.5337 110.0907 103.2456 102.7786 123.1926 128.5901 124.9330 130.8086 107.4636 119.3858 125.3741 125.3122 125.8285 126.5577 126.9642 126.5695 129.4062 135.8200
126.1400 126.1483 126.0602 125.9612 125.7833 125.4970 126.5798 123.9836 125.1267 105.1244 111.8431 103.0907 122.8767 126.8425 111.1801 106.6668 125.5389 121.9302 115.4074 124.9514 124.9743 124.7867 125.6408 124.8109 124.8171 124.7672 124.7774 124.7688 125.0103 125.0754 110.9075 108.4452 102.6493 100.8719 120.7520 106.0171 126.2464 126.2157 128.4469 123.4385 126.7649 117.7504 101.7270 103.8425 108.2478 125.0599 129.4744 123.1856 123.7154 99.2582 122.6931 130.9289 132.5660 126.4509 122.2367 127.4206 124.2400 125.5213 126.2917 126.6300 126.7584 127.3632 126.0304 135.8600
126.3400 126.3054 126.2172 126.1384 126.2245 117.2811 125.7794 126.5074 110.6295 106.5143 104.4608 102.9435 119.4598 108.1409 123.6173 109.5217 102.3308 125.7371 124.6876 124.9828 126.2506 124.8739 124.6618 124.9705 124.9393 124.8853 124.9052 124.7846 124.7988 123.6190 102.4434 105.8579 102.9477 100.9974 120.5613 127.5083 127.6067 126.9665 126.5275 126.6529 126.3138 128.3466 100.5029 104.0782 108.3251 133.0011 125.5684 130.3003 125.3196 104.0691 110.2442 130.1076 126.4956 121.7304 125.9786 125.3931 126.1278 126.3702 126.0650 126.6821 126.5312 127.3602 127.1608 127.1500
126.6600 126.4669 126.3718 126.2378 127.1965 126.2904 124.3645 116.3018 114.9160 102.8808 105.6174 102.2318 108.7648 122.0066 109.4478 106.3397 110.9536 109.2249 126.4652 125.3039 125.1883 125.2272 126.1448 124.7304 126.4091 125.0530 125.2667 127.1941 126.6097 124.6195 106.8299 104.0210 101.7288 107.7320 122.8714 125.3672 126.6583 127.4905 126.4841 127.5184 127.2521 129.9165 119.4500 104.1212 112.6644 126.7536 118.6707 127.5506 126.2868 126.9440 127.5866 128.6688 127.8898 127.9163 129.5037 129.1005 125.5635 127.1332 126.5876 127.0204 126.0234 126.9726 128.0382 128.0600
126.6600 126.6168 126.5243 126.5419 126.8665 111.6888 117.8838 111.3270 115.6546 104.6254 105.2933 103.0806 124.4052 127.3365 107.3244 111.2202 130.2100 126.0584 124.0296 125.7286 125.6763 126.8099 118.1874 113.7106 125.1392 124.9252 126.7153 116.2959 118.7866 113.7371 106.0239 103.7810 110.1752 116.3882 124.7513 125.4027 127.2142 127.8549 127.3892 128.0634 126.7436 129.9021 101.3634 102.6160 112.8799 128.6004 127.1857 128.7055 125.5139 126.0308 126.5057 126.9967 127.9968 128.6348 131.4763 125.7102 121.8311 126.4439 127.3816 127.8927 127.3186 126.6281 128.3206 128.4700
126.8500 126.7708 126.6762 126.5933 127.6093 108.8522 110.6238 108.4283 105.9204 110.2944 103.0268 113.6370 126.1836 126.8013 111.8961 110.4221 124.0539 125.7358 126.8809 119.6355 120.8042 126.3996 120.6571 118.5405 129.5138 125.5275 123.5712 110.2754 107.6131 103.1841 121.0433 122.0519 126.5232 109.3294 120.7587 125.3663 128.8698 126.2466 129.7541 128.5021 129.1091 117.6199 103.6406 103.0078 129.7334 127.7972 129.1075 129.8997 124.3027 126.7425 127.5750 127.7121 127.7956 127.8205 129.8911 130.9149 124.7263 126.6063 127.6899 127.8423 127.9195 126.8814 128.0546 128.2300
127.0200 126.9231 126.8251 126.8291 127.2072 125.0705 125.0716 114.9328 110.4483 122.9134 120.2621 127.8273 126.3341 125.4233 113.1148 127.0518 125.8586 123.9593 104.2841 115.6841 117.0636 108.9885 114.4831 116.0710 111.7453 129.1036 126.8143 105.0039 107.7995 105.5400 107.3202 111.4836 124.4232 110.6755 117.9977 127.7038 116.4812 111.8839 120.5010 125.6433 130.2167 110.3828 102.8025 103.8749 130.0460 128.3744 128.7208 128.7060 127.6252 127.2612 127.3285 128.2712 128.1034 128.7549 129.3575 125.1842 98.9231 126.3845 126.3924 130.9525 131.0210 128.5135 128.5194 128.2300
127.1800 127.0649 126.9886 126.9562 126.8283 126.7788 125.1952 112.1179 127.1731 125.0089 116.6235 111.6581 126.8851 123.3147 111.0920 127.1626 125.7569 127.6573 114.9901 115.4861 128.8275 106.0977 112.7521 108.3195 109.8686 108.5986 121.9103 112.8440 108.0099 105.4603 109.5765 114.4169 123.2682 126.3329 124.8000 118.2278 110.7296 112.4076 109.6806 117.7956 119.5583 122.3220 114.2486 120.9311 111.8094 130.7956 129.5227 129.8580 130.3375 130.2041 127.6781 128.0990 128.7658 129.0652 128.9606 130.0185 120.6873 132.2861 130.3621 135.2545 136.5124 131.8739 128.6041 128.9800
127.3300 127.2199 127.1380 127.0651 127.0364 126.8311 127.1173 118.3124 111.7854 108.5614 120.9058 128.2305 126.3705 122.9793 124.7426 126.0455 126.1714 123.5260 100.0866 120.9649 128.4281 106.7586 114.5676 111.4608 105.0009 111.4851 121.0854 105.1615 109.9700 104.7479 126.1099 123.6707 125.1291 123.8044 128.1212 100.6968 104.5541 104.7619 100.8105 130.9477 116.5591 105.8639 114.6874 131.5728 131.1129 130.5347 130.4543 130.1174 131.2845 131.2856 130.3184 128.2521 129.1798 129.3349 129.5258 129.4956 132.1644 132.2583 132.1645 132.7037 129.0492 121.4762 129.0229 129.6300
127.3500 127.3680 127.2920 127.2232 127.1668 127.0282 126.9482 128.1269 125.9353 117.5318 114.6944 126.8669 127.4625 114.4393 120.3717 126.2682 126.8892 128.0655 109.8446 127.3146 129.1115 109.4091 126.6920 126.4633 125.6705 129.3685 108.8541 113.2160 111.5119 112.9269 123.4945 123.6175 126.2014 126.4955 120.4652 111.1931 112.6176 101.6389 101.4637 128.6790 132.2031 121.7667 96.0278 133.1122 130.8296 129.5012 131.1445 130.3086 130.5799 131.8919 131.2841 129.7242 129.0570 129.5993 129.8425 129.9408 131.6586 134.0677 134.9423 138.0775 134.3720 136.3958 131.5460 129.6600
127.5000 127.5033 127.4316 127.3698 127.4656 124.5452 127.2544 126.8406 124.3102 117.3279 120.9748 122.2509 118.3622 124.7617 115.0558 127.7574 123.7165 126.5111 112.7608 126.5694 120.3410 104.2271 117.5593 108.0882 129.5012 109.8680 106.1404 108.9484 112.3806 109.1523 124.3111 125.6589 126.6113 127.4209 116.3931 118.0767 131.8056 117.1084 129.3977 133.4761 132.0037 123.6728 131.8434 131.6941 131.2357 130.2768 131.7745 130.3382 130.7723 132.3134 132.5125 132.6864 129.9376 130.2546 130.1188 130.3782 130.7988 131.7366 112.9709 106.4357 129.8679 136.0979 124.2295 106.4600
127.6600 127.6024 127.5789 127.5268 127.6713 125.7476 127.6599 126.8238 127.2761 110.7983 112.9669 117.8589 107.4394 118.0555 128.5406 126.6353 125.6623 128.0656 109.5884 126.0137 123.1580 107.9233 120.1225 113.6690 114.7212 105.0241 104.7383 110.1943 111.9655 110.2132 124.1177 127.1625 126.5724 124.1391 126.9153 128.3324 126.8357 126.4280 119.6503 120.7938 121.3495 114.8904 134.6193 131.1253 131.8305 132.0080 132.2035 132.1676 131.1917 131.7892 133.0478 131.7405 132.6898 129.5497 130.2382 130.6003 130.9630 131.3341 120.9332 129.4259 133.1256 137.7410 129.3681 106.6000
127.8100 128.1014 127.6923 127.6383 127.5598 127.7586 127.3991 127.6566 119.6497 115.1159 113.7211 113.0665 117.7935 120.4476 125.9050 126.6365 126.5487 124.9831 103.7573 126.9588 105.8365 110.0941 102.5539 105.8226 105.3814 107.3108 106.1322 110.1099 112.1908 117.7381 127.8451 127.1245 126.6741 123.2149 119.1444 126.9949 127.5455 127.1775 101.0152 103.4142 127.6157 98.2438 114.4570 132.7123 131.9477 132.5109 132.7627 132.9684 131.3693 131.7779 132.5542 134.6875 133.8258 129.7819 130.5646 130.9251 131.1090 132.1593 130.3892 136.4428 136.1392 128.4965 105.6009 106.7300
127.9500 125.1589 128.2895 127.7985 127.7528 127.6467 127.5695 128.6544 116.9518 122.3239 124.7165 120.0785 117.6130 114.1056 125.6109 127.8652 126.6290 125.7209 118.5281 127.5403 118.3507 110.0259 108.5000 106.9041 106.8158 111.6066 107.2692 109.3318 112.5947 119.6543 127.1730 127.0362 127.2941 125.5645 127.7737 127.4409 128.0482 126.7461 102.9017 106.1015 134.3967 123.1744 132.2524 133.7968 132.0386 132.2651 132.9629 133.4124 133.2108 131.9694 131.2398 132.5801 134.4916 131.9804 130.8695 131.1895 131.3400 131.5690 131.6351 135.1874 134.9499 106.9341 108.2865 117.3100
128.0900 124.7382 128.2839 127.9254 127.8781 127.8288 127.7644 128.0759 125.5713 124.3020 128.2067 124.2025 119.2790 111.9232 123.6802 123.1661 115.5237 123.2864 116.1220 126.6951 102.7297 109.1102 122.0585 108.4367 111.6816 110.2497 109.2757 112.6251 120.2522 129.3725 127.3307 127.2845 127.2613 127.4649 127.1162 127.3216 127.8501 129.9036 117.9235 117.5900 101.3332 129.7586 131.6378 131.6925 132.6099 132.5655 133.2862 133.3998 133.5426 132.2143 132.5753 134.5622 135.2185 134.1883 130.2514 131.2912 131.4404 131.5978 131.5070 131.9764 141.8967 108.0080 111.7662 116.1800
128.2500 128.6022 128.1660 128.0390 128.0203 127.9595 127.9147 127.6692 128.2964 128.0874 127.6267 123.6925 117.2032 108.6850 111.2391 120.7786 111.4869 113.4319 118.3258 128.2974 103.9888 108.3628 123.9273 105.9208 106.4828 111.1760 110.2362 112.2488 121.4461 125.6698 127.1526 127.5272 127.2732 127.4368 127.4675 127.4608 128.5486 128.7691 130.9622 134.6371 100.6394 130.5319 131.7204 132.5243 133.1879 133.4939 133.6292 133.7593 134.0130 133.5099 132.5463 133.9199 134.8669 135.4528 135.3144 131.3542 131.5967 131.6014 133.1264 126.4317 111.3896 107.0404 106.7326 107.0300
128.2500 128.2700 128.1900 128.1900 128.1100 128.0300 128.0600 127.9700 127.9700 127.9000 127.7800 127.8000 119.9900 127.7100 106.8900 105.6200 105.6500 105.6500 127.5400 131.6500 106.9900 110.9400 127.4400 107.0800 105.4600 109.8600 109.2000 111.9200 113.7900 113.4200 127.5700 127.5700 125.8400 127.5500 127.5400 127.6500 127.6400 129.7000 129.7000 132.4800 105.8100 132.7300 132.8100 132.8100 133.1300 133.5000 133.6700 134.1000 134.3100 134.3100 132.6000 135.8200 135.8200 135.8800 133.8500 131.1700 131.6500 131.7100 131.9000 131.9200 114.9300 110.2400 107.0700 107.1400
