110.4900 110.4900 109.8600 109.5900 108.5400 108.3400 118.3300 117.8200 118.5400 115.9800 116.3100 118.7100 118.3000 117.4300 118.2700 118.2700 115.7200 115.5000 115.1600 113.5600 112.8200 112.0600 111.1900 110.2700 108.1400 108.1400 108.1800 108.2500 107.9400 108.0000 107.6200 107.6600 107.7100 107.7100 107.2400 106.7900 107.7100 107.3100 107.6400 107.6000
110.8000 110.8731 114.2068 112.4015 110.6453 108.9202 112.6938 115.0986 117.6324 118.9204 117.1194 117.3852 117.1740 117.8994 118.6635 117.5849 114.9549 114.7797 115.2221 112.4792 111.4526 111.0890 110.3630 109.7745 109.1020 107.7917 107.8913 107.7541 107.6111 107.4638 107.3419 107.2583 107.1841 107.1254 107.1369 106.5906 107.1957 107.2337 107.3259 107.6000
111.6200 110.0300 114.5501 115.1337 113.5247 111.9390 114.2033 111.4613 113.4660 117.0494 116.6481 115.9593 115.6325 117.4660 114.2475 116.2680 115.4667 113.0983 114.1090 111.6858 109.9356 109.6896 109.4147 108.4895 107.8114 107.6058 107.4515 107.2119 107.0330 106.9188 106.8289 106.7529 106.7070 106.6848 106.7316 106.1116 106.7407 106.7420 106.8164 106.7300
110.7900 112.7764 112.3426 116.0225 115.3093 109.7436 119.1595 112.9579 115.9703 116.8803 116.2524 115.7737 116.1096 114.8727 112.3020 115.0265 116.3586 114.4518 113.4200 111.1711 108.6691 108.9167 110.3858 107.3665 107.3740 107.1182 106.8841 106.7228 106.7342 106.7260 106.7269 106.7465 106.7555 106.7668 106.7980 106.8251 106.7573 106.7442 106.7314 106.7500
110.5600 112.6426 114.3274 114.9946 115.1847 113.4739 112.3959 116.3122 118.2640 116.1556 113.3160 116.6490 115.7992 115.3667 113.8151 116.3033 115.2609 111.2530 109.6773 108.8840 107.9791 107.7343 109.1450 107.5601 106.7604 106.7629 106.7035 106.7724 106.7785 106.7714 106.7879 106.8018 106.8065 106.8157 106.8142 106.8079 106.8093 106.8059 106.8123 106.8100
118.4000 117.1514 113.2573 113.4664 109.0247 110.5664 115.2843 110.1188 115.2063 115.9863 113.2224 111.1273 112.5741 112.4819 114.9647 115.7469 115.9754 115.0747 111.2058 109.1545 107.5826 107.1811 107.5602 109.5328 107.3063 106.6324 107.1781 106.6948 106.4001 106.8900 106.8561 106.8673 106.8794 106.8806 106.8832 106.8854 106.8741 106.8760 106.7422 106.8700
112.1300 109.4790 109.2628 115.0581 114.0113 113.1752 113.8900 111.1953 110.2075 109.9859 111.9319 114.3325 115.0158 109.8442 112.7799 112.8735 110.9712 114.4954 114.4727 108.5800 107.2628 107.1358 106.7257 108.1298 107.2274 106.9896 107.0566 105.8776 105.6103 106.6640 106.8556 106.8646 106.8632 106.8562 106.8535 106.8485 106.8512 106.8617 108.4931 106.8700
112.1300 110.2712 111.0247 116.1869 117.3335 115.9417 114.4180 113.3747 111.4763 108.4846 108.2565 111.4573 111.3297 110.2368 108.0370 113.0331 108.1084 110.3529 111.7027 106.5417 107.2911 106.8445 107.6208 107.4026 106.3043 107.0982 106.1807 105.1726 106.6157 106.3750 106.7099 106.6915 106.6294 106.5888 106.5695 106.5971 106.6577 106.2517 108.8507 106.8700
109.5300 109.6189 112.3868 114.1884 113.4958 115.2244 114.8338 114.7877 112.3399 111.7204 109.1027 109.2222 108.5092 109.9967 108.0018 114.0027 108.6031 109.3481 108.6592 108.1854 106.9422 106.3135 106.5579 106.0043 106.0390 106.4783 105.9688 105.1269 106.3742 106.2059 106.3249 106.1186 105.9735 105.8752 105.8416 105.8346 105.9587 105.3585 105.9739 105.5100
114.2800 112.1860 114.5959 117.0618 114.1215 113.0974 113.2474 111.3344 108.9400 110.6055 109.9627 109.7290 107.9993 109.3007 109.9251 112.8488 112.4582 108.1679 108.0852 107.8236 107.1289 107.2524 107.2382 106.6215 106.6625 106.4490 105.2953 105.7890 105.8222 105.7134 105.4101 105.0567 104.8277 104.6321 104.4685 105.4510 104.6843 105.3445 107.0318 105.5700
113.5500 113.2125 115.7727 110.9261 114.5199 109.4714 110.2677 109.4005 110.0887 109.9797 109.2329 108.6278 109.2047 109.3445 108.7144 109.0831 109.1012 108.2748 108.4048 107.6286 107.4776 106.6090 107.3428 106.7746 106.2982 106.5991 106.4295 105.5896 104.2247 104.2848 105.1831 103.3908 103.0970 103.0333 102.9812 102.9164 103.8678 103.1878 104.7543 105.1000
110.8900 113.1518 114.8300 114.8111 113.4704 115.8724 110.4784 109.2854 110.1931 109.9982 109.4494 109.3131 108.5005 109.2912 108.8396 108.7305 108.3170 107.8369 108.2494 106.6376 106.4309 105.5144 106.3504 106.3003 106.2425 106.3925 104.3934 105.2879 104.7254 103.7803 104.0817 103.0501 103.3269 103.5194 103.6077 102.6397 103.9395 103.6116 102.6438 104.1100
110.9200 114.1206 115.5472 113.1937 114.4406 115.6121 113.6753 108.9929 109.8897 109.6812 109.5133 109.4965 109.0912 108.8692 108.7619 108.6637 108.1582 107.1655 107.7604 106.5714 107.3142 106.2983 105.8932 105.3026 105.5339 104.9909 104.4865 104.7697 104.8222 102.7381 104.2432 102.2724 103.2259 103.1160 102.9178 101.8838 101.9345 102.4304 102.7249 102.2800
116.1600 117.4553 116.2635 117.4261 115.3268 112.6508 112.2973 110.8845 111.0444 109.2903 109.5332 108.1631 107.9321 108.9743 108.4427 108.5029 106.7714 107.0237 107.6676 107.5368 106.2012 106.1991 105.8281 105.6839 106.0441 104.7025 104.4476 103.5781 103.6101 101.8813 101.2861 100.8232 100.6343 100.2497 100.2476 100.5535 100.6474 101.0270 101.4081 101.5600
116.6800 115.5398 115.2419 114.8959 111.1635 114.5162 110.7117 116.6026 115.9783 106.0069 111.2575 109.0263 108.8265 108.9923 107.8446 108.1496 107.6961 106.4256 108.0506 106.4301 105.9750 104.7213 106.8105 105.5821 105.7156 103.4954 104.4976 102.4130 101.4196 101.4372 100.6896 100.0568 99.5970 99.4187 99.2982 99.3787 99.5501 99.8641 100.3966 100.3200
117.6200 116.0841 116.5927 115.6332 114.1388 112.7143 111.5044 115.9494 112.5126 118.0734 114.8362 113.5265 113.2021 111.2656 107.0608 108.0610 107.6822 107.6135 106.6211 106.3464 105.1350 106.0852 105.7328 104.0011 104.5935 102.9568 102.3958 101.5882 101.2207 100.6065 99.6976 98.7252 98.3334 98.0308 98.0797 98.5673 98.7405 98.9183 99.2810 100.3200
116.5400 114.7692 116.3453 116.6257 116.0375 116.1061 114.3314 114.7020 112.8365 111.8037 113.6576 114.6713 115.4202 114.5493 108.9524 106.1525 106.2188 107.9261 106.8383 106.3522 105.2517 105.2400 104.6786 104.7802 103.2802 102.3184 101.7618 100.8845 100.1303 99.4503 98.8383 97.5103 96.8514 96.3553 96.5252 96.8716 97.6775 97.6879 98.8379 99.2400
111.4400 114.9645 115.4123 112.6635 111.9956 112.5518 111.1435 115.2287 113.0618 112.3537 114.5657 114.4648 112.6935 109.8542 113.4747 110.6458 106.4100 107.8373 107.0446 105.5254 105.4125 104.5002 105.5008 105.5640 103.1563 102.0973 101.0331 100.3646 99.1990 98.0953 97.4042 95.9016 95.1523 94.6272 95.1579 94.9653 96.0570 96.5747 97.0771 96.8600
113.0300 115.8123 111.6856 112.0281 115.9649 114.3652 112.5711 113.4984 110.6713 109.2164 109.3294 114.5466 110.3145 111.1990 108.8972 109.2241 107.8544 106.9318 107.1356 106.6310 106.0483 105.6966 104.9245 103.2352 102.3756 101.7378 100.9438 99.3414 98.8048 97.5137 96.3419 93.9498 94.3733 94.4348 93.9223 93.2304 94.2946 94.0731 95.9559 96.5900
113.0700 114.4556 117.4158 114.7931 111.1537 111.4826 112.4995 114.0593 112.4869 108.9537 108.4892 109.0756 108.5974 108.5013 108.3416 107.8389 107.3418 106.3986 107.1953 106.9529 104.9470 106.1541 104.6139 102.4552 102.0053 101.2858 100.6603 98.9065 96.8374 95.3064 93.4353 92.1288 93.0993 91.2088 90.8229 91.7991 93.4465 93.5707 94.5169 95.5500
115.1400 114.7446 112.9482 112.6948 111.6836 115.3975 111.4164 116.2138 115.0981 114.9698 110.7083 106.7520 110.8930 107.3711 108.4345 108.0012 107.4677 106.8300 106.7708 105.9233 104.9429 104.0114 103.3683 102.4725 101.5152 100.9087 99.5434 97.8984 96.1993 94.5702 92.2192 90.5986 90.4808 85.9733 84.8061 86.5820 89.2805 92.1769 93.0385 95.3400
116.7700 117.0142 116.9052 114.8567 111.5897 110.0147 112.2374 110.1204 113.5395 115.5716 114.8203 110.0849 110.2758 107.2862 106.4545 106.7202 105.8588 105.9443 105.6624 105.9225 104.0084 103.7875 103.3048 102.3920 101.7894 100.8026 99.5268 97.8282 96.5288 93.8754 91.7557 89.1813 85.2680 80.9999 78.1380 80.5756 84.5782 87.3147 89.8007 92.1200
115.6800 117.4384 116.3799 113.3336 111.0572 110.0226 109.2149 109.9784 108.9789 109.2539 108.8534 107.8445 108.2272 107.6937 107.2808 107.0829 108.4341 108.8419 105.7562 105.8260 104.0794 104.5247 102.8319 102.2213 101.5664 100.5745 99.2004 98.1354 96.4588 94.2290 91.4277 86.3875 81.4095 74.2516 70.9379 73.6131 80.3682 86.5158 87.9595 91.3800
115.9900 115.0894 114.7108 111.7317 108.5073 109.9987 108.8868 108.2828 107.6896 108.9679 108.9225 109.0919 108.7209 108.5332 107.3979 106.2839 107.5255 106.7118 106.8074 106.6663 106.0273 104.8494 102.8048 102.2112 101.2138 100.2551 98.7225 98.0421 96.7032 94.0748 91.0582 85.3781 79.9147 69.8666 64.2354 64.9751 76.3852 85.2151 89.1172 90.8200
112.6800 113.4621 111.2002 114.5727 113.6524 108.5436 109.8497 111.5433 107.9884 106.7320 107.9382 109.1039 108.6907 108.0817 107.1929 106.3374 106.7230 106.8150 106.3019 106.3065 105.5837 105.6210 102.9026 102.3169 101.2139 100.4300 99.0652 98.2292 95.4942 93.5715 91.1092 85.0624 80.2473 67.3817 61.3381 64.9673 76.3963 84.7282 88.8019 90.7500
114.0000 109.9625 110.2950 109.9763 111.1868 109.6581 108.8408 108.9720 108.0493 108.0424 108.4011 107.7473 108.2314 107.7579 106.7801 107.5285 106.5891 105.9669 106.7392 105.4137 106.2879 105.5494 102.9566 102.5546 101.5517 100.4582 99.5198 98.7325 96.3333 93.2639 91.0121 86.8735 83.0466 73.8724 68.8084 72.3064 80.4371 85.5656 89.4998 91.9700
116.7300 114.0103 113.8858 113.3656 110.8756 113.1032 108.5525 107.8007 108.4822 108.2163 109.0478 109.7155 110.5466 111.6333 108.0156 108.0261 107.2010 105.5670 105.4456 105.4577 106.2087 105.7812 103.3200 102.6102 101.4384 100.5639 99.5200 98.9685 97.4773 94.1346 91.7926 88.1644 86.1396 82.1418 79.3670 80.8919 84.8183 88.5836 91.8062 92.0900
110.6000 114.3571 112.6555 111.1014 111.8985 110.2473 107.9544 108.1638 109.0982 109.3094 108.7577 113.3543 113.1246 110.8081 107.6827 107.2547 106.4596 105.9896 105.6161 106.1565 105.7197 105.4708 103.1288 102.4463 101.7330 101.1204 100.0135 99.5169 97.7426 95.5506 94.0418 91.4672 89.7487 88.4397 89.0814 86.5810 89.3563 90.3260 92.3134 93.3700
112.9300 111.5287 112.8570 111.2504 113.8481 108.0457 109.7019 107.6475 114.0087 108.8375 114.8421 113.2189 109.0101 108.7479 107.2329 107.1054 106.1630 107.5681 105.6089 105.8498 104.9556 104.8848 103.9128 102.7413 102.2268 101.6397 100.4975 99.7979 98.8535 96.9992 95.8822 95.3131 93.8657 91.9254 91.6067 90.5532 90.8807 91.8101 93.5391 93.9500
117.8100 114.9512 114.9414 112.2718 110.6149 107.5744 110.6375 106.7713 114.3804 113.6119 112.8990 108.9795 108.9146 108.4759 108.3272 108.0514 108.0445 107.7563 107.3160 105.5897 104.3565 105.9418 104.8051 103.0261 102.6448 101.9328 100.9887 100.5138 100.2549 98.9126 97.1771 96.6923 94.5746 93.8813 92.9592 93.4301 94.1221 94.3286 95.6345 96.7600
119.4400 113.3763 115.3708 112.6817 113.0561 114.9131 113.5192 109.8544 111.8423 109.4217 109.3291 109.1087 109.0472 107.6026 108.6362 107.8159 107.5427 107.7607 107.2553 105.5720 104.9719 106.0422 105.4063 103.4160 102.7192 102.5998 101.5500 100.9865 100.7412 100.0164 98.6189 98.0335 96.9879 95.8711 95.5162 96.0942 96.5682 96.7759 98.1154 98.6500
113.8100 115.6903 114.0146 110.5640 109.9372 108.1859 108.5362 109.3898 109.8795 109.0189 109.4166 109.1671 109.0041 107.8078 107.1511 108.2738 106.9694 107.0088 106.8283 105.8901 106.0761 106.1652 105.4020 103.7206 103.3565 102.6584 102.2878 101.6627 101.2712 100.5084 99.7006 99.3689 98.8571 98.0482 97.8450 97.8632 97.9388 98.7238 99.2333 99.1000
109.3200 109.4517 112.1022 109.7430 109.4912 109.7311 110.6002 111.2210 109.2943 109.4113 113.0693 110.0009 109.5138 107.2105 107.9830 107.8703 107.8864 108.0596 107.3955 105.6287 106.5984 106.8532 106.5840 105.0810 104.2145 103.5979 102.6810 101.9800 101.7966 101.3896 100.9700 100.0886 100.2065 99.6144 99.1418 99.2085 99.3804 99.4928 100.1487 99.8700
110.1900 110.1981 111.5676 112.5696 112.0311 111.7944 113.4960 114.9166 111.4444 111.5155 115.7625 113.5691 112.8949 108.3092 108.7756 108.2372 107.9872 108.3162 106.3742 106.4176 107.5275 107.3651 106.9549 106.1375 104.3403 105.7691 103.0462 102.6675 102.3586 102.1233 101.7761 101.1917 100.7079 100.7687 100.3327 100.0975 100.2127 100.3080 100.8489 101.4800
110.1900 109.4441 116.4570 116.7266 116.1923 116.2351 113.9890 111.4690 114.0889 114.5534 116.2153 112.1343 113.6558 108.5213 107.7708 107.9919 107.5029 108.3487 107.0172 107.3745 107.5270 107.1639 105.9894 105.7711 105.1534 105.6849 105.0772 104.3201 103.2157 102.7845 102.0232 102.1094 101.7312 101.2855 101.2605 101.1816 101.7714 101.5729 101.7215 102.3500
110.6900 109.6565 111.9008 116.4153 117.1217 115.7943 116.9067 113.3738 115.2498 110.3738 112.6404 112.4744 113.5184 110.2775 110.2457 111.7653 107.7157 108.2329 107.5401 107.0547 107.6501 106.3590 106.2310 105.2256 104.5861 105.6821 106.1991 106.1160 103.4173 103.3412 102.8410 102.8386 102.5864 102.3326 102.1480 102.2719 102.3807 102.3694 102.8408 105.2800
110.5600 111.6958 116.1048 116.4912 114.7693 117.7461 116.6676 112.9097 110.7616 111.7180 112.0460 111.2125 112.7053 113.8369 112.9373 113.3130 108.7192 108.3667 108.2179 107.2160 106.9154 107.1851 107.3643 106.4344 105.6501 105.5931 104.9162 106.4595 104.7251 105.5608 105.7657 103.0965 102.9894 103.2879 103.0341 104.5662 103.3315 104.4144 104.4940 104.8700
113.4400 118.8709 116.1054 116.4084 115.7440 116.0584 117.2867 111.5576 113.9759 114.3482 115.0438 110.5492 114.2241 114.0963 112.9757 110.1347 108.5914 108.0279 108.3941 108.2412 107.2861 107.1444 107.6369 107.3119 106.3188 105.3596 104.8666 105.5274 104.6293 104.8241 105.7999 105.0785 103.9829 106.0097 105.0071 105.1209 105.8020 105.1622 106.2905 104.6700
117.4000 115.9896 112.2781 116.5274 116.7546 116.9083 113.6806 114.9220 113.7545 115.4678 111.7620 114.3289 115.1183 110.7951 112.6118 107.6859 108.2709 108.0038 107.7816 107.2001 107.7458 107.4752 108.1295 107.8044 107.4542 107.2530 106.5018 105.2624 104.9894 105.7285 104.9470 105.2211 104.8019 105.8647 104.6894 104.6443 105.9563 104.8153 104.6960 104.6000
117.4000 115.1600 116.3300 117.0700 116.9100 113.8200 113.8200 115.3700 114.4900 114.4900 114.5700 113.2100 114.7300 110.4000 114.6500 113.8400 113.8400 108.2600 108.4200 107.8500 107.3500 107.3500 106.9400 108.2500 106.7900 106.6200 106.6200 107.3500 105.7400 106.5900 104.8200 104.7000 106.7400 105.1300 106.4400 106.7600 105.8600 107.7900 107.7900 104.6000
