110.0800 109.9200 112.5900 109.1200 109.2100 109.8200 112.8200 119.8300 110.0000 111.7600 111.9400 112.0700 113.6200 113.0100 113.0100 108.8100 112.9600 112.9600 113.2500 110.2500 116.3400 117.6600 117.3300 118.3000 114.5800 116.4900 116.4900 118.4100 118.6700 118.5300 117.5000 116.6900 117.7600 115.9100 115.9500 116.1900 115.9100 116.2900 115.2100 115.3100
111.9500 110.5797 109.2891 109.9348 111.5961 109.9166 111.8625 111.9939 113.8176 110.1270 111.2593 112.1039 111.2243 112.5027 113.9816 109.2116 109.0462 112.1507 111.5397 110.9542 117.8965 115.6476 118.0774 118.3409 114.7546 113.1146 115.7051 114.5545 113.4303 115.5738 114.8665 116.1281 117.3822 115.8555 116.2074 116.3411 116.2615 116.0244 115.4312 115.3100
109.6400 112.5270 109.7462 110.3273 108.4082 113.7357 115.1997 111.6909 114.9627 112.1303 111.8993 112.0699 109.7066 109.4552 110.4920 108.9222 108.3038 109.7572 110.6788 109.9724 113.0311 116.4038 118.1821 116.9777 115.8415 113.0170 113.0218 110.7677 108.1976 113.6063 112.8265 114.8021 117.2847 115.8054 116.2118 116.7001 111.6166 116.1344 113.2635 115.7800
109.8100 110.2702 110.5969 110.4472 109.4434 110.9539 109.5440 116.4809 111.2602 110.2421 110.6190 112.2436 110.3150 108.8760 110.5664 108.1368 109.2947 109.6082 108.6689 108.8256 113.2810 113.3665 118.9076 117.0105 117.0513 112.6687 113.6985 109.3890 115.7577 114.2264 116.1845 115.3390 117.1040 115.4047 116.2013 116.9876 111.8067 115.0378 114.5527 115.0800
110.7000 110.5126 110.0313 111.4630 110.7704 108.7785 108.6589 114.8392 109.1802 109.5990 108.3560 108.9806 109.9951 112.5086 112.1888 107.9632 110.4078 112.7039 114.0834 108.9043 108.2777 112.0268 118.4758 116.7568 110.0817 110.6450 114.9557 114.0920 115.2126 112.1613 116.3115 115.1841 116.1197 114.7002 115.2079 116.1543 113.4754 110.5075 113.9977 116.1200
114.0400 110.6433 111.0580 115.5341 109.6958 110.4442 119.2591 114.6018 110.6136 108.8496 109.8385 108.5304 109.0486 109.7004 112.3815 111.5658 112.5054 109.2683 110.2836 106.4948 108.2780 107.6646 114.0555 110.4977 110.5824 116.0405 115.2848 116.8903 115.5864 112.0723 116.3050 114.4375 114.5224 114.5624 114.8115 114.2876 109.3699 109.7070 114.5281 115.5700
114.5100 114.9689 115.5849 114.0409 111.2745 113.6543 114.4885 115.3500 112.7149 110.3599 109.0858 110.4152 111.6642 110.7428 111.5782 112.8449 109.8711 110.2487 110.4936 108.0115 110.0985 109.2040 110.4594 108.4708 111.0470 116.5652 114.9729 113.4721 115.7606 115.9813 114.3704 113.4754 111.1368 111.0577 114.1019 109.3230 109.6510 109.8296 115.1030 114.7000
114.5100 113.3456 114.9066 113.4397 114.1604 114.9244 112.4601 112.6580 113.0004 112.4090 108.2939 111.0655 110.4840 112.3202 113.5464 109.3719 108.9203 110.2411 107.7411 111.5064 111.9175 107.5016 113.5614 109.7034 109.2439 117.0539 114.0233 115.5183 109.6180 106.8363 110.3452 114.5386 109.9929 109.7041 113.2814 108.8908 109.4119 109.5901 112.7482 109.5800
111.6200 111.3147 116.4865 114.6637 114.1659 112.0744 111.3405 109.5033 110.6643 110.2467 108.5997 108.1838 110.6174 112.3123 114.7727 110.2582 107.9744 108.9395 106.7861 111.7335 111.2688 112.9937 110.5601 109.3720 111.9382 110.5810 113.0948 115.2166 109.5416 108.3468 110.7864 111.7628 108.3762 109.0770 111.2899 108.6760 109.0813 108.8787 109.6054 109.1600
112.9000 112.3030 111.3538 116.1396 114.4347 110.9396 114.2809 115.7303 109.4676 112.7549 111.9977 107.9708 108.0260 108.1086 110.4690 114.0348 110.3225 108.8924 107.6649 111.1992 107.8958 107.7542 108.1721 108.1166 111.2520 114.0438 108.8275 114.4554 110.3238 111.9658 109.7732 108.5078 108.7092 108.5188 108.7238 108.5550 109.0920 108.9818 108.9589 109.1700
109.7200 111.0501 111.8988 117.1030 115.5069 112.1343 113.9037 115.3126 114.1395 113.9456 116.1741 109.0967 109.4340 113.1508 115.4699 115.8885 109.7171 111.5570 108.1795 114.6539 113.3871 111.2916 113.6478 112.3424 108.0666 114.0536 108.6734 113.9874 111.5061 115.1477 109.1220 108.5727 108.5699 107.8586 108.3822 108.1015 108.7336 108.8017 108.6081 108.7100
109.0700 113.0160 111.1671 116.0335 116.1753 116.0991 113.3341 111.6888 114.1473 111.5388 110.8609 111.9313 116.2787 111.6141 105.6790 110.9156 110.1827 110.9159 113.4404 113.6758 114.4544 113.7574 107.3767 111.6633 105.7795 113.3411 108.3968 112.0117 108.2697 113.7031 108.7068 108.3501 108.1647 107.7461 108.1744 108.2865 108.4055 108.4488 108.5681 108.2600
108.9400 110.6726 110.1802 114.6673 116.0912 113.8225 113.5840 110.7162 115.5284 110.8594 109.3972 108.9333 116.5813 111.6950 108.2217 115.6492 112.1499 110.8027 113.1105 113.0502 113.4185 112.4299 109.9901 108.5282 107.5612 106.8304 107.8635 108.7796 106.6082 112.0541 108.4184 108.1589 107.7246 107.2761 108.0081 106.5980 107.2404 106.9304 108.0731 108.4100
111.0200 110.0891 112.9834 114.5971 113.1730 113.5120 108.8521 114.9542 111.1140 114.9837 114.4235 114.5625 114.4469 114.1882 110.4660 115.1024 113.6545 107.7477 110.6264 114.7741 109.3253 108.7631 106.1783 107.6749 110.0769 108.7862 107.5753 109.4559 106.6592 112.4074 107.0655 106.9348 107.1434 107.1057 107.2361 106.9556 106.7161 107.2543 107.9224 107.4900
110.3100 111.6461 112.9405 111.2259 113.5755 110.5528 109.5401 111.5708 113.4250 113.2709 115.5256 114.6710 113.0708 113.7543 108.8433 110.5243 113.1793 110.3133 106.5031 108.6943 112.0352 107.4387 108.6393 107.2485 107.3879 107.1770 107.0440 105.8982 106.5749 107.3720 106.5182 106.0072 106.2430 106.5552 106.8068 106.6908 106.2896 107.1431 107.1017 107.0300
110.9400 113.5835 117.1230 114.1441 113.9478 110.7690 110.8758 112.3206 109.3261 108.9296 113.6763 115.0130 111.9508 113.6205 113.4769 112.2340 110.8529 108.8124 108.1675 107.2723 113.1828 109.7145 110.3039 107.1434 106.8904 107.1934 107.1721 105.9151 106.7984 106.6733 105.5809 106.5743 106.1436 106.3794 106.4497 107.5239 107.2470 107.6078 106.1058 107.0300
112.9600 114.1583 116.1679 115.9008 114.5625 113.4088 110.1770 108.1776 109.2106 108.7485 108.2568 109.8752 109.5163 114.7181 112.0666 109.5352 107.5868 107.4411 107.6362 107.4488 108.2891 107.4340 106.4085 107.2913 106.8445 106.2179 106.4502 106.3283 106.8229 106.7840 106.6084 106.4991 106.6672 104.5677 108.0994 107.0552 107.3291 106.8278 106.5385 106.3000
112.9600 109.2164 113.2564 113.0770 115.3352 114.7440 111.0060 107.9962 108.0362 109.3066 109.0203 108.1602 108.7042 111.5991 112.0170 107.4512 111.4972 107.8729 106.4489 107.7998 106.8633 106.9656 105.6330 105.4542 106.5404 106.0244 105.4063 106.1614 106.1179 106.5542 106.3211 106.0284 106.0626 105.6197 110.3010 106.7431 107.2062 107.0448 106.6973 106.8200
116.3800 109.1652 114.4222 111.3511 111.6056 112.9141 110.0822 109.4153 109.9721 109.1761 108.1672 108.2534 106.4959 107.5755 113.6636 112.2441 109.0692 107.0019 107.5537 106.3316 105.4279 106.0646 105.9700 104.9159 105.3005 105.1809 103.8663 104.7843 104.9635 105.4244 105.7699 105.2294 105.1485 105.9400 105.3702 106.0342 106.3231 106.2823 106.3613 105.1500
114.6900 114.9771 114.3787 111.6277 114.6086 111.2670 110.3988 109.2194 110.3615 109.0696 108.1288 107.3809 108.5435 107.3500 108.0232 108.1920 106.2737 107.3607 107.3447 107.3402 106.6511 105.8700 105.0979 105.6781 103.8769 104.3405 104.4764 104.5192 103.7202 103.8101 104.0626 103.8035 105.6862 104.9757 106.1253 105.5474 106.9352 106.5453 106.1707 106.7700
109.3500 110.3191 114.1884 114.5885 115.9526 112.0167 109.9384 108.4730 108.0632 108.1122 108.1100 108.2447 108.1343 108.1704 107.3911 107.4778 108.4654 107.6839 106.7929 106.3838 105.9875 106.6302 104.5067 106.1354 104.8415 104.8637 105.1536 104.7574 103.4708 103.1487 102.7794 104.1657 103.4112 103.7731 104.1906 105.0708 104.9243 106.2912 106.5488 106.7200
109.9100 110.1421 111.9082 114.5333 115.2295 114.9875 115.5149 108.7599 107.7777 107.7191 107.8671 108.3103 106.5848 112.7595 107.8297 106.6904 106.4388 107.5492 109.1652 106.8678 106.9492 106.1901 104.5104 104.9246 104.2190 102.7803 102.8298 102.2712 102.1841 102.3612 102.2360 102.4013 102.6108 102.8169 103.0110 104.4091 104.5052 105.6754 105.5282 105.9800
114.3600 112.9241 115.5312 108.2855 109.5862 108.4683 109.3998 111.6640 108.6876 109.5089 107.9717 108.6114 107.6331 107.3469 112.2794 105.7637 107.3815 106.4132 105.0118 105.8039 104.4480 105.2789 103.6015 102.9639 102.4061 102.3043 101.7434 101.9511 101.9242 101.7427 101.7779 101.8462 101.8821 102.2459 102.5134 102.8011 103.1719 103.8759 105.3015 105.9800
112.4600 112.2498 112.8766 108.8743 113.3583 111.9240 109.1087 108.0137 108.3081 107.3346 113.2153 107.8648 107.7078 107.8376 107.2234 106.5890 107.0055 106.0221 106.2606 106.2628 103.9754 104.4945 102.6194 102.3871 101.8736 101.4559 101.1815 101.1148 100.6411 100.5583 100.5781 101.0626 101.2083 101.5341 101.4803 102.1163 102.5172 103.0957 105.0245 104.0000
112.7900 110.0408 110.5184 114.2331 114.5870 107.6268 109.7633 108.7718 106.4789 110.0505 109.8921 107.2021 108.4663 109.6804 106.8492 105.8479 106.2841 105.5116 106.2231 105.6220 104.6457 102.6881 102.4341 101.8846 101.3106 100.6130 100.0654 100.0515 99.9694 99.7044 99.2994 99.9209 99.9143 100.6844 100.6231 101.2963 101.8840 102.3181 103.8471 104.0000
111.8400 108.1185 109.7064 107.7035 108.9630 108.8490 108.1672 110.4244 108.4279 114.1278 112.4062 108.0218 113.6977 111.3726 106.4390 107.5683 106.9362 106.3323 104.9441 104.1559 102.6055 102.2028 101.7527 101.1579 100.3124 99.3249 98.6664 98.8136 98.9031 98.3768 97.6337 98.2416 98.0970 99.8581 100.0942 100.2803 101.3314 102.1754 102.7495 102.9100
114.5800 110.6063 111.3595 108.7177 108.9751 108.5648 110.4853 107.2561 110.7352 113.2472 113.6525 107.6250 108.7838 108.3327 104.7579 107.7945 106.5762 105.8544 104.4269 102.9689 102.4807 101.9903 100.9685 100.1143 99.1447 98.8357 97.6403 97.8277 96.6970 96.4319 95.9655 96.5617 97.7580 98.7927 99.4605 100.0473 100.7636 101.0337 101.6760 101.9100
113.9400 115.3816 109.0636 108.4736 108.3464 109.0469 107.6500 109.2293 112.7482 112.7227 109.3103 106.9587 106.2498 105.5312 104.9178 106.0056 104.9220 104.3587 103.6466 102.7811 102.0196 101.2477 100.5553 99.0944 98.6389 97.8835 96.0973 94.5534 96.2504 94.5822 94.1195 94.4228 96.1341 97.9956 97.7442 98.6154 99.3419 100.0209 101.0957 101.4500
110.4400 109.0661 114.0817 109.7515 104.2145 107.5726 112.8733 110.1237 109.1989 109.8684 107.9575 107.8529 106.0128 107.2039 106.0650 106.5226 104.3927 104.2745 103.0746 102.4367 101.6328 100.8026 99.8281 98.4067 97.3311 96.3560 94.0967 92.4239 102.8620 93.1097 92.0787 91.7236 94.1112 94.6116 96.0548 97.6491 99.1311 99.9799 100.7782 101.1600
108.4400 110.1795 107.8496 111.0754 108.1328 107.7384 108.9308 110.8674 108.8982 108.2309 107.4121 106.8998 106.2519 105.5784 107.2320 104.8700 104.7234 103.7066 102.8812 102.1781 101.4026 100.6439 99.4302 98.1695 95.8522 96.1391 91.6927 88.7353 90.2002 89.9436 87.1519 87.5480 91.0206 93.4962 95.1920 97.0130 98.3767 99.6177 100.8275 101.3700
109.9000 110.0816 109.4827 109.7912 109.5207 108.6699 106.9062 109.0415 108.6548 108.2308 107.8370 107.4975 107.3959 105.8217 106.0090 104.4969 105.2941 104.6595 102.5414 101.9862 101.2090 100.5138 99.2211 98.1743 95.4823 92.7227 90.2708 87.2536 85.7706 81.6167 82.3494 87.5722 88.0363 92.3553 94.1049 96.2378 97.4883 99.3300 100.4910 101.1700
115.3200 110.9533 110.7658 108.9157 109.7628 109.1974 109.2379 108.9998 107.8433 109.0687 107.4650 110.8613 106.7364 105.3432 105.2062 105.8828 104.7111 103.2247 102.6797 101.9607 101.1965 100.2239 98.9358 97.2804 95.1474 91.3025 89.5126 81.9521 75.0150 69.8567 71.1538 82.8400 84.7649 91.0174 93.6868 95.3182 96.8336 98.6856 100.0468 100.8600
113.7000 112.1638 110.5024 113.7732 115.3272 112.4618 108.7221 108.1796 108.6639 111.8530 107.8909 107.4974 106.5040 106.4659 105.7578 104.1270 103.9180 103.3620 102.7067 101.9603 101.0487 100.1210 98.8186 96.3259 93.9482 91.5798 86.1889 80.0789 66.0464 60.2655 64.6689 78.7869 86.7463 88.4189 93.5928 94.7333 96.3673 98.3555 99.3741 100.8200
110.8500 113.7884 111.2857 114.4680 113.2842 112.4394 110.2528 108.2627 110.5433 111.5709 107.8213 107.3753 106.4068 106.1249 105.8864 104.9661 104.4554 103.3492 102.7481 101.9837 101.1661 100.1915 99.0127 96.9332 94.8757 91.7372 87.2037 81.2795 72.5970 68.3711 69.6519 79.8885 84.9393 89.1124 92.8492 94.6875 97.1390 98.4587 99.6339 100.8200
116.9200 117.7949 112.6805 111.1001 111.9791 111.8377 111.0443 109.1670 110.9420 109.3225 108.0602 107.3956 109.0961 109.3706 104.8101 105.2501 105.1024 103.4621 102.8409 102.0782 101.2381 100.3271 99.1900 97.7686 95.6376 92.5903 89.2950 84.6337 81.5730 76.8060 77.5449 82.4081 87.6859 90.8419 93.7339 95.7890 98.0638 99.1355 100.0589 100.7100
115.4900 113.2938 113.5008 108.8699 111.4679 108.7395 108.5142 108.3528 107.7434 108.1057 107.7649 108.3591 111.5859 108.8666 104.8299 105.6512 105.9478 103.7760 102.8440 102.2637 101.5286 100.4509 99.1617 97.6448 96.0602 94.1726 91.5575 88.6326 88.2874 87.6236 85.6009 87.1518 90.6169 92.2455 94.8901 96.3104 98.4526 99.6746 100.6606 101.2400
107.6700 107.8105 109.2249 109.2066 115.5422 107.7614 111.4891 112.3229 111.3455 110.2566 110.0514 108.2253 106.5337 106.3372 106.3863 106.0049 109.0198 103.8680 103.1022 102.4785 101.7244 100.7818 99.6474 98.7841 97.6451 95.8726 94.1922 91.5767 90.8497 91.0230 90.0812 91.4841 92.6477 95.1117 96.8438 97.9989 99.3793 100.2372 101.1496 101.2700
109.7400 113.3572 113.4192 112.6738 105.7657 112.6440 113.5631 112.8190 114.4709 109.0463 108.2367 107.7062 106.7675 106.7322 106.8319 106.6254 106.8792 105.0241 103.3188 102.8080 102.1153 101.4172 100.6049 99.6456 98.8725 97.9231 96.4832 95.0582 93.8816 94.5130 94.4942 94.7901 95.5718 97.6803 98.1144 99.1638 99.7927 100.8779 101.3620 101.4100
109.8400 112.7796 113.8692 110.1291 109.7911 111.5623 111.1771 109.2748 109.1092 110.6728 109.1827 112.4164 109.6676 110.8734 106.3833 106.7086 104.8626 104.0536 103.6224 103.0771 102.5199 101.9068 101.2102 100.4296 99.4813 98.8019 97.5212 97.1402 96.7190 96.5574 96.4809 96.5419 97.7527 98.6289 98.3487 99.8554 100.5124 101.1721 101.6619 101.6900
115.0500 115.0500 116.8300 111.7900 111.7900 109.4600 114.0400 114.0400 112.4300 111.5700 109.3200 112.5300 107.5100 107.0400 107.2000 105.8200 105.3600 105.8000 105.6000 104.6500 102.5700 102.5700 101.6000 101.1900 100.4500 99.0600 99.0600 98.4400 98.4400 97.2400 96.9300 98.3300 98.3300 99.2400 100.2000 100.2000 100.8400 101.9400 102.3500 102.4200
