111.2300 110.9100 110.1200 111.0700 109.4500 109.3900 112.7500 121.6100 116.8700 117.8900 115.7600 117.9400 119.5800 118.1100 120.0200 120.6700 120.2000 118.7800 119.0200 115.8900 113.4500 109.5900 107.9700 106.7600 105.2800 108.7300 104.7500 103.6300 104.8800 106.7300 114.4400 114.4400 113.9700 110.7600 104.9700 100.0100 100.6900 100.6900 99.8800 99.8800
110.5200 111.9063 112.5738 109.8943 111.8919 113.9314 117.4428 120.2758 115.0126 116.3919 116.7744 118.4243 120.8358 120.8945 120.5974 120.4343 119.9799 116.2049 118.1623 114.4258 111.6365 109.1686 107.0678 105.3021 103.2495 104.1119 103.2811 105.0398 107.3322 112.1184 114.4578 112.9527 106.5565 102.6899 99.6973 100.0619 101.1583 100.0826 100.0795 99.8800
111.5100 109.9849 113.0380 113.0438 111.3502 121.1910 118.4941 116.3898 112.1195 113.4909 114.2511 119.3583 121.0116 121.0097 120.4580 120.3131 120.3029 115.4912 113.3663 113.2544 110.3012 107.9903 105.9899 104.2062 102.7511 103.0970 104.5784 106.9789 112.0089 114.7781 111.1093 104.7781 100.7264 99.3620 100.2275 101.0120 100.3645 100.1914 100.1857 100.4100
110.6900 111.6329 120.9175 108.5355 111.5247 112.2385 114.2386 118.9654 122.8024 121.0759 117.7391 119.2113 115.6925 121.8901 115.0610 120.6666 119.6168 119.3744 115.1623 111.7889 109.2163 106.9870 105.0601 103.2472 102.7416 103.9940 106.0799 110.4759 114.4765 111.7612 104.5133 99.8399 100.5926 100.4414 100.2577 99.5357 99.2074 98.9369 98.8306 99.3600
109.2900 117.7482 111.1850 110.5421 108.5591 114.4021 116.4600 121.5771 121.1678 119.8131 115.5492 120.5920 116.8328 121.1786 121.1396 120.2005 120.1544 117.9617 113.6696 110.6989 108.3082 106.1780 104.2692 102.5400 103.2741 105.0349 108.1889 113.9897 113.1961 105.7308 100.4787 99.6757 100.8696 99.7109 99.0618 98.4048 97.7988 97.4019 97.2591 96.4400
124.1600 117.0436 115.4362 116.6681 112.2883 113.2572 120.0772 118.8798 121.0016 117.5759 116.9966 119.2205 112.6443 117.5032 117.1054 117.1646 117.6309 116.5546 112.9696 110.1853 107.6285 105.3625 103.5192 102.4552 103.9680 106.2864 111.2727 114.8524 108.4887 101.1534 100.2117 100.5485 99.6833 98.8260 97.8473 96.8723 96.0002 95.3662 95.1416 94.2800
115.4300 110.5605 113.7006 121.3823 113.4369 115.6350 118.1679 117.5332 115.9499 117.1969 117.9265 119.7022 117.0757 111.4715 111.2031 113.3791 111.3221 115.3320 112.2903 109.9278 105.9877 103.6865 102.9836 103.0655 104.6445 107.9119 113.3737 113.1583 104.4060 99.0552 101.2452 99.9357 98.9053 97.7394 96.4159 94.9993 93.6295 92.6017 92.1919 91.1300
109.2400 110.4584 112.4045 120.1915 118.1374 118.2854 118.6054 114.7753 116.7802 115.0282 117.8081 112.9615 117.0389 114.0716 110.1994 118.3112 120.1531 114.2894 112.0545 107.8804 104.6910 104.3931 105.8774 103.6791 105.3686 109.8832 114.2787 110.3620 101.6528 99.4463 100.6133 99.3256 98.0913 96.5920 94.7992 92.7167 90.5326 88.7213 88.0306 87.1200
114.3000 111.6569 114.8433 116.2243 119.8583 114.3446 117.9854 116.5386 118.2366 119.7638 115.9433 117.9280 119.1024 113.5083 108.7083 115.9249 118.6217 114.5558 111.3352 105.0578 105.3504 103.4937 105.7133 106.0948 105.6183 111.4332 113.9683 107.3872 100.2266 100.2986 100.0063 98.8077 97.3121 95.4598 93.0646 90.0956 86.7240 83.9660 82.6978 82.3300
115.7900 116.2204 114.4654 116.4328 116.7120 112.1519 121.3233 120.4881 122.4515 122.3018 120.7574 120.8144 118.6880 116.9957 114.3493 110.7263 114.4416 111.1852 111.8035 108.8869 105.3269 103.0413 106.2387 104.2050 106.2927 114.3913 113.5895 105.3740 99.9094 100.5548 99.6605 98.3653 96.6848 94.4727 91.4699 87.5075 83.0921 77.0584 74.2960 74.5700
112.4500 112.3437 112.2610 114.9282 113.5436 119.0761 119.1251 114.5816 119.9452 119.5841 118.5679 118.9836 116.7958 111.0596 113.9985 116.4938 110.6217 107.7991 111.6277 106.4488 104.6414 105.4076 105.0668 107.4286 106.5751 114.4649 107.0216 104.1635 99.6758 100.5260 99.4829 98.1004 96.2925 93.8391 90.3879 85.6981 79.6699 70.2460 68.3448 74.5700
108.7300 113.9461 115.7068 114.6452 111.1760 109.8855 110.4156 108.7084 118.0726 117.3527 116.6395 117.7740 111.3159 113.2207 110.2959 111.5458 111.1607 107.1487 109.0470 110.7790 110.0639 106.6397 111.1958 104.6846 107.1113 114.1946 107.2853 105.1373 107.1047 100.5964 99.3755 98.0502 96.2074 93.6999 90.1571 85.3138 78.7602 68.6429 67.3683 74.5600
108.8600 113.8052 115.8858 114.4608 110.9614 113.9809 114.5709 109.4174 114.9230 111.7690 113.9359 112.1178 112.6990 112.2479 115.3830 107.9270 110.3531 107.0828 106.5831 106.1338 107.7162 106.1366 108.6523 103.4234 104.3291 105.1357 106.1440 104.5586 105.4116 100.7983 99.6691 98.2080 96.4632 94.1111 90.8550 86.4988 81.1763 73.4231 70.8811 74.5600
111.1300 111.3649 115.1694 114.8115 112.2186 114.3376 108.9066 118.4240 114.9765 110.9299 113.4327 109.8520 111.4032 112.5845 114.6014 109.0868 105.4599 110.2389 107.1382 106.3283 107.9875 110.8737 109.7787 104.4525 107.3240 113.9598 103.3048 109.3980 100.9718 100.5157 99.8923 98.5316 96.9881 94.9521 92.3190 88.9570 84.9503 80.9170 79.5676 83.5700
118.4000 113.9126 111.5102 112.8869 111.7393 110.3499 111.5926 116.2208 114.9599 112.2619 111.4039 108.5059 114.8108 113.0322 114.5346 106.1244 105.6239 106.2784 113.6723 106.7469 108.1344 112.0863 111.1965 105.5822 109.1624 107.1993 112.5221 105.6421 103.9961 105.3194 100.0275 99.0577 97.7092 96.0415 94.2024 92.1477 89.9970 87.9264 86.5600 87.8700
113.2300 112.5516 112.8342 111.3424 109.9924 108.8036 113.3969 114.1076 113.8256 114.2198 109.4702 107.7867 107.9720 106.4222 105.8057 106.5929 111.4372 107.1860 109.2409 111.6168 106.5060 106.0925 104.9489 105.4478 113.8527 103.9263 110.4998 105.3313 105.5409 106.4985 100.7327 99.6521 98.5127 97.1445 95.7343 93.9328 92.3251 91.3664 91.2613 92.2800
113.3300 113.0728 112.2922 110.9982 112.3260 113.9977 112.1224 112.7467 114.9256 113.8874 111.1781 114.5544 110.8062 107.9079 110.6201 111.8664 107.0686 107.1123 107.7583 103.9823 106.9613 107.6005 106.5303 104.1843 111.7532 106.1625 107.6828 103.7542 106.0970 103.7238 101.0562 100.5445 99.3615 98.3796 97.5238 95.9727 94.9404 94.1478 94.3903 94.6600
113.9300 109.8988 112.4715 111.6515 115.9041 116.8808 115.0727 112.5690 113.2450 113.4847 112.3529 105.8431 111.9935 111.9326 112.1427 117.4687 111.6053 110.5194 105.5236 107.4010 105.5146 106.0753 108.6545 109.5916 105.4570 105.7676 106.3925 103.9801 103.4836 106.2310 108.5204 99.7598 100.0254 99.4538 99.1190 98.5034 97.8180 96.5113 96.6344 96.7300
115.9500 115.4765 112.9828 113.4238 113.4249 115.6870 114.0431 110.1780 115.3110 111.3271 110.5238 113.6164 111.3673 111.6330 112.5178 111.7205 115.3070 108.5818 107.0385 106.5594 109.6564 111.5313 108.5932 109.7068 104.3363 106.4172 105.3295 104.0419 102.9411 104.7050 110.2119 104.9835 100.8469 100.4412 100.0273 99.5794 99.2457 98.8375 99.0122 98.9200
114.0000 114.9855 113.6183 113.2721 116.2845 110.8421 115.3011 111.9147 109.9023 110.6739 110.8968 110.3229 108.1775 108.6882 111.7410 113.3901 116.4454 108.3561 112.2747 106.5298 107.5181 112.6603 110.6746 108.8620 108.8647 103.5281 102.9853 103.4590 105.2030 103.3852 109.4087 107.8232 101.7300 101.0820 101.5033 100.8909 100.6184 100.1527 99.9050 99.8500
115.1000 114.9231 114.1832 112.8896 114.1066 112.3196 108.4987 112.7519 110.6209 112.2340 111.3519 111.2682 113.3596 110.2613 110.0235 110.6523 114.0097 114.2301 116.2673 109.3971 110.0326 114.3917 111.1863 112.4121 106.3994 105.5406 104.3088 106.0862 105.2684 105.1884 108.1717 103.1958 103.1712 96.8742 96.5297 99.9073 96.2687 101.1672 101.0276 100.8800
114.2000 114.5432 109.8722 110.6891 111.0921 114.1167 108.2265 116.1004 108.8428 108.5211 108.9833 111.1072 110.9145 109.1618 112.2944 115.5221 110.8960 112.7014 116.5569 113.2464 110.9953 107.9721 105.1525 106.1666 105.9928 112.0501 109.4321 105.1921 109.1007 111.8505 110.9044 100.6102 95.4210 98.9041 98.5874 96.4769 94.7722 101.7980 101.6190 101.6800
114.3200 114.4932 113.9245 112.4892 108.5280 113.4030 116.2837 109.7383 110.0207 108.8054 107.5474 110.7234 107.7410 110.6315 113.6658 117.3685 113.5358 115.1330 114.9256 114.2143 112.8112 108.1118 108.1359 105.3866 106.2171 108.7168 106.6120 106.1929 109.6910 104.5193 100.5429 104.0996 100.0769 105.0018 101.5827 98.8694 99.9250 104.2802 103.3529 102.3600
115.3200 113.8471 118.9530 109.0966 110.5132 112.3890 114.8078 116.9117 109.2806 109.2633 107.9787 110.8761 111.2519 111.0953 111.7755 110.6869 109.5941 111.9281 112.4201 115.3498 113.4321 108.9003 112.1041 105.8121 105.6705 106.1500 106.7416 103.0083 106.4780 101.6725 101.8717 101.2722 101.8476 103.3200 101.3463 99.4650 99.2049 105.0358 105.1592 103.9200
115.1800 114.1545 109.6814 112.2674 111.0066 110.0764 116.8710 109.3110 108.8150 109.9166 107.7805 107.3951 109.9187 109.8824 110.7222 107.3490 108.0177 108.3218 107.7003 112.2026 111.0068 114.1758 113.1406 106.8308 109.7458 107.2813 105.9139 105.5859 104.6352 104.9442 104.9771 103.7249 103.0828 102.8778 101.3017 103.2614 100.2472 105.9863 103.9153 105.8000
116.2000 110.8745 111.2866 114.0088 109.7443 111.0618 108.3577 109.7557 109.7219 109.9319 109.7738 112.3083 109.4332 109.8892 106.8407 107.5562 109.4702 108.3496 107.6642 110.8132 109.9001 112.5251 109.8169 107.3594 110.3611 108.1759 106.0504 105.5576 109.2474 106.6360 107.0204 105.8164 103.7347 107.8155 107.3573 106.9228 103.1326 104.5466 104.4267 105.7000
116.5900 114.3921 115.0352 113.3496 112.1044 109.3593 112.7127 111.8354 110.2362 109.1357 109.4235 112.5559 109.6984 111.9344 109.8772 109.7791 106.8901 109.2367 108.1195 110.1814 110.0250 103.8177 111.4257 107.3843 107.1303 106.2388 107.7895 108.7807 104.6587 105.7888 105.7785 106.2018 104.0013 103.9191 106.1705 105.3932 104.4319 105.1303 105.3091 105.2500
118.0800 117.3923 115.0498 114.6637 117.8160 109.1014 111.7791 110.8816 110.0400 110.4938 110.3098 110.7359 113.3832 108.6481 113.4145 111.9681 106.8252 106.2026 107.4452 107.3094 103.5052 106.8172 114.3152 108.9917 110.6907 107.3337 108.5118 111.0580 106.7253 106.7173 106.4325 107.5292 105.9075 104.5566 105.5050 105.0986 104.7132 103.5140 104.0001 107.0500
117.6900 117.1934 118.4386 109.8835 116.4721 109.5656 113.1322 108.5848 110.4036 109.8961 109.7730 109.3058 111.8003 111.9594 112.5850 109.9652 108.3060 108.5689 110.5373 108.9483 107.8820 114.8211 109.6332 110.2438 108.9294 107.9931 107.6682 109.3930 106.7758 107.2307 108.3989 111.2387 106.0670 105.8014 105.9605 105.6953 108.4087 107.3517 107.2555 106.8000
122.0600 117.7267 117.5393 113.9949 118.9585 111.0060 114.6599 110.4245 112.0604 110.5609 110.2879 109.0154 115.7887 114.7195 113.2135 114.6570 112.4379 111.2701 112.0494 112.4101 112.2480 113.7664 109.0008 109.7991 108.2190 110.1216 112.0829 107.0619 108.9123 108.3413 107.3578 107.9682 107.3190 106.5981 106.8320 106.7091 107.9125 110.1779 112.4423 111.1200
123.6100 120.5095 119.8856 116.4031 117.0572 113.4334 110.2107 109.2663 110.0639 112.0926 110.0724 110.0844 109.6092 115.5863 117.1544 106.3149 107.8808 113.1310 108.3220 112.3238 112.8510 108.0705 104.7579 106.6184 109.9036 106.8518 109.0166 109.7305 109.1165 109.2891 108.4220 108.4742 108.1155 107.1721 107.0376 106.9701 107.0181 106.8740 111.7668 112.7700
120.6600 119.6648 119.6409 120.7300 116.6982 114.0399 111.6940 111.5911 113.4418 111.6441 110.8444 110.8169 109.7144 110.4761 112.2955 109.3870 111.9361 108.4909 108.5491 109.7589 112.6807 107.2506 105.7594 105.1571 105.8980 109.1553 105.8305 105.5444 105.1139 109.7037 108.5455 108.9827 108.9315 107.4886 107.3297 107.0379 107.5440 107.3978 107.7285 107.8200
118.0000 118.1995 118.2035 117.7768 117.4865 116.9513 114.8706 114.0949 115.2243 112.0567 112.2307 110.3724 110.1192 112.0819 108.7999 109.2258 109.0691 110.4857 109.1520 106.4065 110.0205 107.3391 105.5049 105.2435 105.0820 108.0740 106.0836 106.4480 102.9452 103.9869 107.9395 107.7812 109.3107 109.4404 107.4793 107.3977 107.4755 108.0422 108.6000 108.4600
120.3000 119.4817 117.5962 118.0271 118.2102 117.2873 116.3984 115.9465 114.7029 114.3191 112.4569 112.5538 110.2062 112.1360 111.4422 110.1331 112.7432 111.1626 107.1248 107.6486 107.9077 107.7369 107.0407 104.9807 108.4228 107.5120 107.3577 109.1477 107.6224 105.6678 103.9058 103.3429 107.3618 104.1259 108.7021 108.0516 107.5310 107.8057 110.3246 108.1100
120.3000 118.5147 121.1641 119.0747 118.0699 116.4328 116.6911 117.2455 114.0995 113.7638 110.7152 112.8912 112.1055 111.8283 114.6196 113.2221 113.8913 109.0989 108.2016 108.1908 107.8740 106.3302 106.7485 106.3081 105.9167 107.2322 105.0221 104.9350 105.7257 105.4332 112.9404 106.7991 108.0585 107.8900 108.0677 108.3466 107.6921 107.8120 109.5562 108.1100
120.1400 119.9897 120.6891 117.6782 116.8053 117.0321 116.0775 117.4202 115.0156 113.3080 110.6042 113.9612 112.3742 110.9886 114.1269 112.4670 114.4728 109.0514 108.6017 108.2602 110.3127 107.7861 108.2177 107.2047 105.3519 106.7736 106.5599 106.4296 104.9970 107.9433 109.3980 104.6390 109.3071 108.0878 108.1955 109.0832 108.0843 110.3904 109.3925 107.9100
119.6000 121.0134 119.9238 118.4234 117.6216 118.1482 118.5112 116.6349 115.0655 114.9705 113.6034 113.7122 114.2527 111.6385 110.9716 109.8786 110.2649 109.6274 109.1909 108.3519 111.5357 108.7963 109.6851 107.8694 107.2925 107.5114 107.4918 107.5279 105.9058 107.2241 109.6106 107.0362 109.0011 108.3814 106.5243 107.5920 108.8573 109.2239 111.7129 108.1100
121.8200 121.2331 120.1547 119.9970 120.1121 119.1087 118.1125 117.8595 116.1586 116.1173 115.7818 114.4802 112.9525 113.2263 113.4706 113.0397 113.5978 111.9429 110.1815 108.9739 111.4127 110.2831 109.2880 109.0077 108.0772 107.8783 107.4873 106.1448 106.5414 107.3625 107.0801 107.4585 106.4399 106.2300 105.2242 106.7069 108.1498 107.6528 107.8054 111.0600
123.3300 122.4148 120.8779 119.8801 119.5344 117.9195 119.6167 117.0539 116.4737 115.4698 115.4497 113.6414 112.8678 113.2176 114.5551 116.0275 115.1494 113.4602 110.6824 109.6471 109.2340 110.5779 110.2523 110.1983 109.5334 109.2466 113.8445 109.0783 106.8768 107.5290 107.5710 107.7205 107.7585 107.7561 107.6012 107.6562 107.8794 108.7334 112.8138 110.7700
120.8700 120.8700 121.4200 119.8700 119.0300 120.3100 120.3100 116.6700 116.4200 116.4200 115.6200 113.7700 114.1600 114.1600 118.9400 115.2800 112.4100 112.9200 110.8000 111.5300 110.7600 110.7900 110.3100 111.9600 110.2900 109.8000 114.4500 114.2900 106.8100 107.7100 107.6400 108.6100 108.0000 107.0500 106.9800 106.3200 115.4300 115.7500 108.6800 109.1500
