112.2600 109.3200 109.3200 109.0700 108.8300 109.4700 114.4000 122.3600 119.1200 118.8200 117.7100 120.4000 120.9400 120.7100 120.2600 120.0100 116.7500 114.7000 114.7300 112.4900 110.6100 108.9800 107.5100 106.1700 104.9500 103.1100 103.6900 102.7200 103.6600 103.4600 104.5600 106.6200 106.3600 106.1800 106.0600 106.1100 106.6200 112.2300 104.9900 104.9900
111.4600 110.9143 109.8380 109.4505 110.3526 109.6147 120.2163 119.4336 116.7914 118.6237 118.2120 118.6389 119.9059 120.7997 117.2688 119.0617 119.2314 112.7682 114.3293 111.2845 109.3074 107.3616 105.8626 104.5358 103.3168 104.1100 103.1220 103.6548 104.6072 105.5178 106.5193 108.2897 109.5084 110.0137 110.2176 110.0675 110.8904 112.4315 106.6948 108.0700
108.8200 108.9227 108.7273 111.4272 110.0842 113.6913 116.7468 118.0635 114.0704 115.6081 116.6460 120.5660 117.1375 117.9194 118.0244 114.6092 119.2857 110.3691 110.9400 109.7736 107.9765 105.9589 104.3805 102.9323 102.7081 103.2741 104.3953 105.6713 107.6478 109.8947 113.5866 114.2400 114.1955 114.1400 114.1368 114.1340 113.7855 115.2902 113.3911 114.4600
109.3400 109.6274 115.7771 109.7282 108.3787 113.1093 113.9495 115.9279 119.8476 120.5672 117.8568 119.3210 117.7982 116.1058 116.8753 116.5295 117.7076 118.9251 109.8876 108.5516 106.6060 105.0833 103.2633 102.4914 103.5896 104.8685 106.7570 110.0843 112.7041 114.5590 114.6657 111.8118 109.5237 108.2899 107.8861 108.2089 109.4352 111.2465 114.2276 112.0800
109.5800 109.2800 108.2570 108.1261 107.9117 114.3633 110.9925 118.1540 117.2589 115.8628 118.8505 118.3233 115.9179 115.9541 114.6437 113.6704 111.9243 115.0268 108.3587 107.3912 105.7835 104.0217 103.6822 103.8666 105.0876 107.5558 111.1089 114.9137 113.2350 110.3599 106.4122 102.8580 101.5316 100.9436 100.6433 101.6702 102.0011 103.0617 105.7642 112.0800
113.1600 114.3574 113.0667 111.1239 107.3854 115.0064 114.9989 109.4617 114.9540 117.7530 118.6317 115.1021 114.0818 120.1095 113.0437 113.8152 113.2589 113.4107 108.7814 106.4571 104.7485 104.2241 104.0165 105.7848 107.7542 111.9362 114.3141 113.0571 106.2658 102.4205 99.3163 99.9809 100.4794 100.1800 100.0053 100.7546 101.2316 100.7173 100.1032 103.8300
113.1700 110.8810 116.0971 118.6144 112.6222 113.8706 118.0298 113.7132 112.6915 113.6234 113.1766 110.8465 111.2770 112.7704 111.3574 114.2375 110.5982 114.0782 108.6087 105.7575 104.3721 107.6298 106.8558 107.9541 110.9687 114.4111 110.7399 104.7755 100.5202 99.6097 100.2911 100.8402 100.2932 100.1345 100.1007 100.0441 100.2198 100.6922 100.5901 100.7200
108.5400 110.4514 113.2317 116.2942 117.1975 115.0172 115.4008 117.3368 117.9533 112.9226 113.0744 111.7596 113.3606 111.0980 108.4679 117.9204 107.4624 119.1059 105.9419 105.0878 105.9709 106.6281 109.4194 109.7829 111.4804 110.8991 105.1326 99.6375 100.3878 100.4791 100.2528 99.4523 99.1073 98.7974 98.6668 98.7762 99.0544 99.4245 100.0208 100.7200
118.7500 108.9682 115.9136 114.2744 113.7121 112.4907 111.6990 117.9955 111.1812 117.7396 113.5630 115.4979 116.2423 112.8338 109.5731 109.0855 108.6415 105.7687 106.2983 106.8089 104.9974 104.2473 105.0964 107.7733 107.7915 105.8153 101.9141 100.1208 100.6959 99.7061 98.9911 98.3207 97.6784 97.2366 97.0625 97.1790 97.5855 98.1831 98.8749 99.3800
117.9800 111.9007 110.9247 117.7525 115.5733 113.8375 115.6508 119.8742 113.5307 109.4942 110.1642 110.0142 108.6983 113.9204 111.4094 112.4225 112.3248 105.5124 105.6754 105.8048 104.6617 103.0936 104.1767 105.1052 103.0187 101.9305 102.7717 100.6383 99.7729 98.8154 97.8249 96.8027 95.8609 95.1645 94.8674 95.0707 95.7133 96.5988 97.6118 98.1300
117.6200 116.1878 115.0216 113.7328 113.0352 114.7750 107.5240 109.0406 110.1780 109.9965 112.0820 113.1626 113.4557 114.5104 111.7994 111.3136 109.8304 106.7060 104.7050 106.2483 105.7597 105.8939 105.1914 102.9117 105.1238 104.3536 101.1427 99.9490 98.9175 97.7358 96.3916 94.9265 93.4773 92.3137 91.8070 92.1863 93.2281 94.6535 96.1234 96.5900
116.4900 115.5453 112.1333 116.9948 116.4839 112.5255 108.3947 110.1547 105.9204 110.8094 107.8551 109.3235 108.9467 108.1740 114.9779 113.1183 111.1371 105.0809 107.1321 108.4984 104.5831 104.4811 105.3139 103.2398 106.0611 104.3066 100.4494 99.8344 98.8159 97.1803 95.2560 92.6924 90.3830 88.4117 87.5272 88.0410 89.9203 92.1028 94.4461 96.1000
116.8000 114.1148 113.4049 110.2281 108.3480 108.1590 109.5380 108.7747 108.2433 106.3813 108.7971 108.7519 109.2500 108.3348 107.5276 110.5529 106.5171 105.9140 105.2861 106.4894 104.0587 104.9972 105.0447 103.6008 102.9429 102.9900 100.1858 99.3552 97.9114 95.5407 93.4564 90.0739 86.6919 83.5715 81.7863 84.3269 86.4679 89.7176 93.0086 94.3800
118.0800 115.2050 108.9196 108.7606 109.5906 107.9984 110.1194 106.7048 110.8006 108.7995 103.0230 104.8229 114.1085 109.9434 111.1456 107.8881 106.7822 106.7614 104.0882 106.4046 104.2057 104.9242 104.5029 105.1846 101.5767 101.1267 100.0441 98.4233 97.2944 95.0238 91.6473 87.8448 83.1024 76.9879 73.2093 75.7915 82.7809 87.8702 91.9462 93.9300
119.3300 111.4268 109.1447 107.8843 108.7782 108.2647 109.7877 111.6886 114.5125 106.9656 104.7812 109.4407 114.0325 112.1500 110.4469 108.0346 105.2799 106.1759 106.7705 108.5907 103.7212 105.2729 103.1406 104.2581 101.7752 101.2359 99.7733 98.4278 97.3358 95.2848 91.0767 86.4887 80.2605 70.5809 66.6266 69.3879 79.1382 85.1416 90.2776 94.0600
117.8700 112.3712 110.2040 108.7316 108.5082 107.8175 110.1027 112.7273 111.0288 112.7967 103.4537 110.2228 112.3607 110.2404 108.6753 106.9726 106.1582 103.7918 106.3600 105.4241 104.4453 104.9753 103.3913 103.3141 101.7481 101.1677 99.8190 98.5028 97.7292 95.9211 91.7393 85.8787 79.8337 69.3223 64.0016 67.7285 79.8464 84.8031 89.8002 93.5000
115.5000 112.8278 111.4882 108.2110 107.8279 110.0240 108.9668 110.0737 111.5002 110.8242 110.4645 109.4474 112.3559 109.3921 110.1777 110.6012 106.4028 104.3647 104.7558 106.1449 104.3825 105.4025 104.6568 103.9084 101.8628 101.2439 100.2082 98.7941 97.9719 96.1055 92.0362 87.1425 82.2003 75.4112 71.0321 74.4266 83.3632 86.9051 90.7832 93.8100
114.1200 113.0860 111.8090 108.5576 107.0727 106.8724 107.0425 108.8626 110.6534 114.4519 113.9345 112.9830 109.8819 109.8100 111.8608 110.6823 106.4600 105.1393 100.6022 106.4678 104.8422 102.7358 105.7968 103.5460 102.7093 101.1571 100.2290 99.2124 97.9100 96.3006 93.9819 89.6421 85.7475 83.3377 82.2450 86.7927 88.5846 90.2440 93.1786 95.7400
110.8500 111.1523 110.4590 109.2502 107.6876 108.1065 106.4035 109.6429 112.5930 107.6012 110.0724 109.2051 109.6435 108.8689 107.6974 106.4063 107.5803 106.7189 106.1443 107.1297 105.4536 102.9838 104.3828 103.5807 103.8697 101.9437 101.3465 100.0722 98.5385 97.2417 95.8967 92.2929 89.7126 87.8721 90.0324 89.6520 92.5279 94.0737 95.2786 96.8500
111.4900 110.2311 109.5972 109.7099 108.4950 109.7767 110.0138 109.8686 114.3047 107.1128 111.6895 114.6665 106.9450 108.5612 111.9992 107.6486 107.9055 106.2830 105.9595 105.8832 105.8440 106.5828 111.9375 109.8059 101.9222 97.0303 94.7753 96.7614 99.7440 98.2979 97.2944 97.4405 93.5518 97.3465 102.1212 92.4586 96.0396 97.1913 96.5884 97.5300
116.8600 115.2825 111.8941 110.1963 108.9254 107.9977 107.7803 109.0221 111.6138 112.1436 112.6750 111.2666 105.5261 107.8550 112.4335 107.4428 107.7766 106.4025 108.2662 110.6983 107.5448 108.3400 106.9461 103.9815 104.5748 100.4083 100.3032 100.8925 99.7258 99.1476 97.9248 97.3127 93.4822 104.8348 104.8378 90.7405 92.7337 91.8633 99.2876 98.9800
111.1400 110.2498 107.7985 111.6669 109.3201 108.6413 107.6367 111.7441 109.7409 110.0207 112.0842 109.8415 110.1711 109.5178 113.4317 115.1259 107.4411 105.5488 110.6710 111.1417 108.1812 103.8613 102.0418 102.4004 105.2834 104.2829 102.0315 101.3282 100.7478 100.1093 99.1307 93.9184 88.3045 89.2391 99.4573 86.4142 89.0264 92.3645 99.4401 99.1800
110.5200 110.7922 110.7912 111.8581 110.1236 111.1132 108.6965 109.9316 108.3388 111.1732 110.5333 111.3120 108.6775 114.5075 112.9554 111.6233 110.8154 111.5700 110.5160 109.2435 107.3661 103.1222 102.6830 102.1355 105.6628 97.6495 102.2637 103.3064 101.2716 99.5798 92.2482 98.3857 90.5062 95.6068 99.0217 90.8578 91.6857 99.6767 100.8438 100.2000
112.4700 113.6455 110.6335 108.7715 109.1488 108.5672 111.2881 108.9606 109.4617 112.0207 113.4407 107.9975 110.9919 108.9346 114.7715 107.8927 106.5902 107.1418 106.9753 106.8889 105.9075 107.5963 106.9292 106.8005 101.6762 101.2507 103.7834 104.2019 96.2243 96.5903 94.1650 96.9022 92.8998 96.3909 91.6408 92.2573 93.3528 94.0956 100.3035 101.7200
112.7700 110.6061 111.1864 107.9690 112.6058 108.5869 108.6281 109.8670 107.3122 107.7968 114.6325 108.9357 110.3925 104.4136 112.7319 108.2273 107.7313 107.4435 106.2666 107.7541 107.3904 106.7388 105.0386 104.3263 104.4636 105.9062 100.3569 98.4409 97.8127 98.0581 95.2724 97.2339 94.4405 93.8275 96.9662 96.1446 94.5562 95.0965 103.7227 101.7200
112.7700 109.0200 112.5680 108.3139 109.9785 107.9563 109.2911 109.6220 107.3272 108.8993 112.6801 107.0089 105.9204 105.9558 108.0597 109.1906 108.2110 107.7750 109.1404 108.6397 107.9719 105.7235 104.4022 102.8229 102.9674 106.8829 102.6537 99.1548 102.2914 105.4825 97.8492 101.2017 95.4695 101.5241 103.5532 103.1046 102.9283 98.3639 104.5314 104.4100
113.4500 110.8113 109.0975 109.9808 110.3338 109.3406 108.3822 110.4748 110.4546 110.4743 111.3756 104.4772 108.2602 107.4144 106.7659 112.7009 108.6210 107.7943 112.9839 107.6378 108.4335 106.7821 105.3454 106.4746 104.9871 105.7771 106.4633 101.1373 100.2319 102.5260 98.9449 104.1180 97.0869 104.1442 99.1561 103.5685 100.7165 104.1318 103.0656 104.0100
113.2000 112.8000 111.1970 112.8867 112.9696 109.4915 111.5300 109.1884 111.4745 107.9850 110.4623 104.8568 105.0336 107.3076 106.1692 104.9298 114.7133 111.8180 109.2278 105.6196 109.7952 105.9207 110.5507 108.1546 104.7005 104.0796 104.5370 100.9775 101.5813 102.5424 106.1806 103.8705 99.9781 100.4646 99.0789 105.5274 102.4626 101.5199 101.3465 105.7200
114.2400 114.8117 111.4290 111.2932 112.3951 110.0760 111.0208 109.6897 113.5598 109.2383 111.0336 105.9764 104.5027 108.6059 107.2126 107.8339 110.3229 109.9007 108.7054 112.3836 112.8829 113.1249 108.2756 107.2284 106.9155 104.6532 103.7652 102.3402 101.7314 102.5735 102.8873 103.0658 100.5401 101.6972 105.6490 104.8444 104.1966 104.6855 104.4940 105.7200
113.5700 116.2392 113.6107 113.8010 112.0592 110.9125 109.8596 109.1110 108.3702 111.7058 107.4002 107.5848 108.6221 110.2344 111.5145 105.3238 107.8144 112.5027 109.6964 110.2537 112.7617 109.5989 106.0446 107.5686 107.2193 105.3713 107.0170 106.0800 103.1094 104.3609 102.8902 105.5431 102.2280 103.0392 105.4159 106.3647 105.9008 104.2444 106.1587 104.6100
118.2100 114.5200 115.5141 113.9248 110.6840 109.9670 110.0473 111.3713 108.7314 109.1494 107.9715 109.4052 109.4878 111.1730 105.3341 108.4845 108.2451 108.5183 109.8219 115.7714 111.8513 109.0072 107.2344 107.0586 107.5649 106.3894 107.2705 105.8875 103.5706 103.0033 106.5873 103.8757 106.6395 105.6205 106.2573 106.6596 106.8220 105.6147 106.6593 106.8900
115.0900 113.3538 112.0811 115.2555 110.4523 114.8607 112.9357 111.9125 110.4757 110.5568 108.9245 109.6351 108.7438 110.1687 106.5407 109.5342 110.1066 108.1231 110.0738 113.3798 110.4107 108.6855 108.4398 106.9135 108.0109 107.4845 107.7065 105.3631 106.0922 105.3006 107.2588 104.7654 106.1926 105.0979 105.9988 107.0341 107.0097 106.2870 106.7077 106.8900
113.4200 114.8508 112.1226 111.6123 112.3868 112.1672 113.6880 112.6051 114.6618 110.3033 109.6662 108.5193 108.6293 110.6749 110.4466 104.8321 109.9349 106.8856 109.7333 104.1727 108.7006 109.2330 108.4145 107.6511 107.9879 107.5655 107.6264 106.8663 106.4271 105.7430 105.9186 106.2596 105.5727 105.2117 106.7812 107.0823 107.2362 106.6406 107.4196 107.6400
113.8300 113.3851 113.3883 113.4691 112.6212 115.3729 115.7129 114.4683 112.1420 111.7804 109.3600 113.1381 111.6121 106.6610 105.3541 103.6108 107.9057 109.3739 111.3126 103.0459 104.0948 107.1286 109.0936 107.5692 107.1665 107.5867 107.9882 107.7761 107.4656 107.4731 107.0332 106.5987 107.3500 105.9659 107.0638 107.1480 107.6383 106.4707 107.0566 107.6400
115.2800 114.2461 113.8840 113.3764 111.8022 114.8425 113.9379 116.3654 109.7200 111.5083 111.2139 107.1983 107.1591 110.9145 110.9258 105.2585 108.5517 108.3146 104.7521 104.3364 104.5135 103.3484 103.7067 106.4045 108.7004 108.4908 108.6984 108.2752 107.6588 107.7252 108.0380 107.5553 108.0383 106.6949 106.7627 107.6285 107.6818 106.8454 106.6180 106.7700
117.1100 114.8657 113.7208 113.7355 112.7470 113.5299 114.0029 113.4324 111.6153 111.0469 110.5848 110.3631 108.3960 107.6087 108.2862 106.1481 114.2148 108.8860 106.0189 105.4313 104.7222 104.7150 103.4988 107.3652 106.8172 106.2865 110.0638 109.0172 107.6945 107.7404 108.1193 108.5262 107.8689 107.3764 106.7465 108.7366 108.0664 106.8147 106.8892 107.9000
115.2700 114.7233 114.6680 114.0520 112.9730 116.1523 112.9601 110.1897 110.8212 110.3255 108.6442 108.1056 108.2636 107.4668 111.2315 107.9081 111.7796 110.9002 106.2977 109.6248 105.4712 104.6833 107.0790 107.0125 108.0891 103.2018 107.1482 109.9565 107.4585 109.0505 109.0088 107.8294 106.6220 110.0815 106.9487 111.7862 110.0559 108.2489 108.5189 107.9000
115.9100 115.2206 115.3453 114.2438 114.4327 114.0459 112.2789 111.4462 111.8724 110.3873 109.5734 109.4941 109.5007 113.7365 112.2086 113.3562 110.3043 107.9879 110.0155 108.4103 106.3618 105.1768 104.8537 103.9305 104.8503 104.1018 103.4563 106.7907 102.7710 103.2938 106.4921 107.8783 111.9554 111.7338 113.7057 115.4913 111.4404 112.1124 108.7100 107.4500
115.8800 116.2217 116.6355 114.7251 114.1770 113.9062 113.5091 113.7274 112.0137 110.8375 110.6669 109.9852 109.3706 113.3551 115.8610 115.4557 109.8427 109.3192 108.2766 108.5547 106.6348 105.8306 104.9921 106.2040 105.0224 105.2810 105.0720 105.3600 104.0956 104.0172 102.6840 105.3073 103.6277 109.4092 109.9733 108.4874 104.9431 111.2201 107.8314 108.1600
115.8800 117.5500 115.7300 115.4000 114.4200 114.2500 113.5900 113.2400 112.3500 113.2400 113.2400 110.1300 110.1300 113.5400 113.5400 113.7200 111.5600 108.2100 107.9800 106.5000 106.6700 106.9500 109.8500 107.9900 105.2900 105.2900 105.0900 105.3500 104.6800 104.7600 103.1500 106.0600 106.8900 109.5100 109.0800 109.1800 112.9100 112.1700 109.0100 108.1600
