111.4000 111.3100 109.5700 112.6900 110.1800 110.4100 117.3100 114.2400 115.1200 111.1300 111.9900 111.7800 111.1100 110.0900 111.3700 110.1900 107.6600 112.1000 110.1000 108.8700 106.3700 105.2900 104.3100 104.8400 104.8300 106.4900 105.7400 105.8600 105.7300 105.7400 105.7400 105.0500 105.2100 105.3800 104.8300 105.7900 105.7900 106.7800 107.4400 107.4400
108.9200 110.4162 110.4060 114.8127 109.9020 108.7866 111.1807 115.1218 115.9687 116.6044 112.4522 114.9842 111.3051 110.0824 110.3273 108.8263 108.4183 109.1699 110.7620 111.6443 106.9210 105.0996 104.6130 105.4753 105.3390 106.9877 106.3030 106.4273 106.4157 106.3767 106.2582 106.1089 105.8703 105.7195 105.4956 104.8451 105.4210 106.1456 106.2645 105.8400
111.4700 110.1990 109.9264 115.6241 116.9169 110.3286 114.8590 110.5073 108.4484 114.3795 113.5617 112.5092 109.1257 108.2007 108.8744 110.6418 107.5247 107.2969 105.0575 112.8559 105.0568 105.4317 106.1278 106.3278 106.9428 107.3002 107.6168 106.7003 107.7319 107.6581 107.7297 107.4636 107.1238 106.6450 106.3072 105.9951 105.5789 105.3173 104.9494 105.4700
112.2800 111.0050 110.6722 110.9395 111.6146 115.2116 110.1231 111.6824 110.0788 112.8682 109.9827 110.5417 108.1045 107.7041 107.6175 109.9000 105.4949 107.1153 105.9224 110.3669 104.5271 104.3187 105.9752 108.2874 108.8892 109.5389 110.5056 107.5819 109.4998 109.9043 110.1814 109.2860 109.1043 108.8426 108.1433 106.6874 106.3189 105.7921 105.1777 104.6600
110.1700 114.0247 116.4692 114.6869 114.9667 111.9800 113.4461 109.8941 113.2764 106.9071 108.3194 107.0010 108.6568 107.6231 106.2922 106.3672 105.1065 105.5154 105.0026 104.2227 104.4368 104.8758 107.6960 111.8836 108.1595 112.2287 111.9124 106.1064 106.1465 107.5185 110.8014 110.5377 107.0337 107.7622 107.5618 106.0409 106.8676 106.9468 106.1460 105.5400
117.8700 116.2355 114.6110 114.7256 111.7207 108.9902 108.4301 106.9922 108.3550 111.7493 109.5902 111.4970 110.2151 107.4792 107.0853 106.8705 106.6637 104.3731 104.5770 107.6817 106.3957 108.5894 111.8847 112.5843 105.1774 107.5992 107.1439 105.0949 105.1961 106.1160 108.5989 106.2539 105.5605 106.7886 107.8207 105.8477 107.8684 108.9448 107.5456 107.3800
110.5900 109.8495 109.6580 115.3112 111.0673 115.3227 112.0596 108.3873 107.3272 108.3338 107.9655 112.4522 108.3335 106.3110 108.1011 107.3109 106.4849 105.8125 103.5007 105.8033 108.3093 106.6857 107.8578 107.8830 109.9630 105.2566 103.5661 103.7757 103.6197 103.5840 103.8248 103.7210 104.4646 105.8131 105.1044 106.4968 110.6514 111.1190 109.4836 107.3800
113.5300 108.8737 113.4094 111.7101 108.6666 114.0631 115.0009 111.3271 108.4691 107.7733 106.9552 108.0646 107.6694 110.5289 110.2828 111.0636 105.5252 105.9991 107.6432 103.9925 105.3540 105.2740 103.5750 103.5906 107.1120 103.8526 104.1869 104.3595 103.0538 103.6168 104.2650 103.8171 103.9871 103.7046 104.3124 107.6447 110.8879 112.8909 111.2508 111.3100
116.0300 112.8730 114.0747 115.6137 108.4533 114.6282 110.1445 113.2845 107.9640 110.5860 107.4737 107.6548 107.2743 108.3930 108.0839 109.5886 107.0873 105.0286 106.2771 104.0841 106.2779 104.7754 102.7417 102.9325 103.0691 102.2361 102.8135 102.5780 102.5720 102.3141 102.4942 102.7422 102.3160 102.5277 102.4091 103.9764 106.9347 108.9580 110.9802 111.5700
109.4400 111.0085 111.7966 114.0539 113.2478 110.1173 109.9207 111.5816 112.4748 108.1662 105.8944 107.1353 106.4630 106.9512 106.8767 111.8839 106.0606 104.7820 103.4533 103.9387 104.6465 104.5489 102.5361 102.7552 101.1466 100.8682 100.5561 100.1896 99.9380 100.0822 100.3350 100.6945 100.9183 102.0605 102.9544 101.9506 102.6479 105.7638 106.7767 105.5700
109.4900 109.3205 109.3485 109.8315 113.2194 108.4271 108.8528 111.7158 109.1205 109.5957 107.8532 109.4207 107.2753 106.8316 107.0049 106.6662 103.3617 105.6918 104.8138 103.7786 103.3171 102.5708 101.8112 101.1807 100.3198 99.9083 99.7495 99.3164 99.4860 99.5231 99.3389 99.7650 100.0630 100.3897 101.6380 101.8895 102.3691 103.0319 105.1996 105.3200
109.8600 108.4779 110.0053 109.6828 109.5879 108.9954 108.0060 108.6735 108.6995 108.5124 107.3864 108.0373 107.0404 105.9596 106.0088 106.1789 104.1559 107.7977 105.4685 104.4275 102.2202 101.8017 101.0320 100.0194 99.2861 98.6402 98.4479 98.3688 97.9315 97.8767 98.2242 98.4716 98.9118 99.6092 100.3226 100.8830 102.8048 102.5540 104.5477 105.0000
108.4100 108.9543 109.8168 109.6194 109.3680 108.4499 107.9517 108.6437 108.6611 107.8412 107.7532 107.4652 107.3140 109.0429 105.3160 105.9999 104.5890 103.5619 102.9588 102.5994 101.6698 101.1468 100.4824 99.4088 98.0526 97.6909 96.8497 96.1233 95.9967 96.1545 96.1756 96.7258 97.5690 98.4657 99.3736 100.1592 101.8087 102.5015 102.5019 102.9500
111.8200 113.5434 109.6731 109.5588 108.4270 108.4642 107.5841 108.7702 108.4255 108.0416 107.6813 106.1134 106.8498 106.2826 105.7678 105.1794 105.2501 105.7573 103.0152 102.2323 101.3097 100.2615 99.9325 99.0942 97.3022 96.5665 94.5599 93.2619 93.4849 93.6978 94.1354 94.7664 95.9959 97.2224 98.3718 99.5909 100.3323 101.7520 103.3436 102.6200
114.1400 115.6783 109.5356 109.4104 107.7674 107.8122 108.4017 108.1546 108.0404 107.8234 107.8999 107.1130 107.4792 106.5384 105.1107 106.3773 105.5527 104.8566 102.8307 101.5752 100.9661 100.0217 98.9591 97.9615 96.4794 94.7962 92.3404 90.5933 91.3377 91.6634 91.8277 92.8640 94.2261 95.8452 97.3313 98.6706 99.8141 100.6255 102.6528 104.5100
114.8900 114.5300 112.5684 111.4148 107.9381 109.6122 109.5446 108.7253 107.8238 108.0686 107.9523 107.5054 106.8620 105.9368 105.2606 105.8344 105.6043 102.7191 102.1646 101.3774 100.5783 99.4990 98.0977 96.7541 95.1244 92.5946 90.3444 86.9468 87.3986 87.8515 89.2646 90.3946 92.2061 94.3893 96.2554 98.2940 99.5920 100.3878 102.6399 103.9300
115.1000 109.1212 112.5326 109.9661 109.7055 112.6337 109.9887 108.5362 108.5515 107.7078 107.5588 107.0493 106.7079 105.4467 106.2915 105.1108 105.4950 102.8472 102.1805 101.0632 100.1856 99.4590 97.7271 96.1937 93.5804 90.5363 86.6803 82.7064 79.9078 80.7689 84.0378 87.8915 90.7354 93.0161 95.6207 97.9535 99.5179 100.3449 101.8441 103.9300
116.2900 112.5702 111.6709 108.1518 112.6573 109.6724 111.8591 106.3179 106.4688 108.5555 110.5032 105.8851 106.4365 106.1394 105.8266 104.0034 105.4784 102.5069 102.0005 100.6715 99.9588 99.1333 97.2823 95.4067 91.7423 88.9037 82.5950 76.8711 72.2153 72.6783 79.1765 85.3201 88.8441 92.0320 95.5270 97.5609 99.2522 100.4594 101.1434 101.6100
112.4800 112.7292 109.0560 108.5461 108.8776 112.9088 110.8318 110.5839 109.4955 107.5788 109.5598 113.1992 109.2642 105.3837 103.5353 106.4738 103.8887 102.5465 101.8830 101.0418 100.0047 98.7510 97.3355 94.7207 91.9291 89.5783 84.8823 68.3721 62.3103 67.5423 76.0899 84.0420 87.8201 92.7790 96.6873 98.1117 99.2541 100.2019 101.3205 101.6800
116.3100 111.7364 107.6309 107.3431 114.4521 109.7188 114.0728 114.1810 110.6962 106.2184 111.2566 105.9399 110.2381 107.3244 108.0901 106.3565 104.9750 102.4389 101.8534 100.9770 100.0720 98.7563 97.3640 94.6656 92.2446 89.8572 85.9609 67.6052 62.8882 67.6040 76.1370 84.3258 87.7727 92.8941 96.8411 98.1763 99.2499 100.1446 101.3665 101.6800
116.8900 115.1345 111.5970 109.7101 113.4780 108.6052 112.7132 112.5074 111.7409 107.9365 107.6918 105.7534 105.5194 105.8698 106.3425 105.5624 105.2594 102.5072 101.9292 101.0938 99.8938 98.9854 97.4048 94.6873 92.5121 89.1618 88.2188 75.9223 67.4569 69.6456 80.5461 83.7072 90.5544 96.0123 97.4133 98.8584 99.8027 100.9509 101.5225 101.9500
110.9800 115.6372 114.1855 111.3588 108.1558 110.8420 112.8998 112.3823 106.6469 108.2026 107.7384 106.3136 105.6015 105.8259 106.3333 105.7114 105.7195 102.7447 101.9359 101.1554 100.3215 99.6998 98.5343 96.8326 93.0327 90.6241 88.0286 82.5084 78.8238 80.6007 84.0166 87.9633 92.1266 96.5748 97.7203 98.7165 100.1874 101.0783 101.5677 102.0000
117.5300 113.4316 115.3011 110.6882 109.9860 111.7507 109.2347 114.3225 107.7965 108.4160 107.7856 105.9868 106.6466 106.4538 106.4093 105.9769 104.7248 103.3005 102.2635 101.4347 100.5465 99.9261 99.0779 97.4096 96.3882 95.1787 91.4557 87.9259 87.0530 88.1748 89.0041 93.1483 95.3819 97.0091 97.9452 99.2485 100.4720 101.2570 102.6256 102.4400
112.2100 113.2501 111.8079 114.9522 111.9618 113.2781 114.9381 112.9764 113.2925 107.8513 107.7485 106.8889 106.8286 105.0171 106.0083 106.1831 105.0629 103.3039 102.6206 101.7983 101.1425 100.2861 99.2904 98.1642 97.4415 95.5459 94.1627 94.2133 92.7606 93.2850 93.7897 95.9005 96.1818 97.9011 99.1153 100.1632 100.9394 101.6000 103.3542 102.4500
114.2200 110.9741 111.1897 108.9628 110.3694 110.3193 112.4837 108.1332 110.6304 106.1037 107.5641 107.4459 106.6524 105.7713 105.7986 106.0598 106.4193 104.6762 102.9939 102.2485 101.6106 100.8770 100.0702 99.1844 98.0664 97.1047 95.6217 96.2995 96.4769 96.4641 96.7398 97.4493 98.0096 99.0104 99.6695 100.5735 101.2050 102.0142 102.6343 105.0600
111.0600 109.7011 109.1827 109.9752 115.3434 108.9308 108.7220 108.0358 107.5142 107.0833 106.9076 107.0328 106.7909 106.2792 105.7610 106.5336 104.8688 104.9308 102.5002 102.4587 102.0163 101.3267 100.9870 100.2978 99.1524 98.6817 98.1423 98.0930 97.3449 97.3769 97.8183 98.5322 99.1301 99.5828 100.0549 101.0558 101.6212 102.3431 102.8421 105.0600
112.9000 109.4951 108.4427 109.4485 108.5111 112.0262 108.8613 108.8568 107.5023 106.8644 107.7476 107.2861 107.6698 106.6366 105.5158 106.4079 104.8206 105.8703 107.8434 103.1135 102.5896 101.9060 101.4969 101.0781 100.0844 99.4661 99.1746 99.2522 99.3273 99.4375 98.8332 99.5767 99.9041 100.8368 101.0670 101.5560 102.1461 102.8186 103.4009 104.8100
109.9800 112.9247 113.4829 110.5049 109.8237 110.4628 108.1412 108.2545 108.0133 107.6754 108.2148 107.5629 107.8354 106.4275 106.1524 106.3695 106.7846 106.9532 106.9863 105.1806 103.7238 102.6174 102.0310 101.6301 101.1098 100.7462 100.1509 100.4362 100.4837 100.3043 100.1424 100.5349 100.6634 101.4536 102.0355 102.1626 102.6415 103.4255 104.6731 104.9700
115.1500 114.3243 113.9030 109.2882 106.6696 110.2248 111.7929 107.7452 109.7191 108.5763 108.3000 107.7600 107.9352 105.8921 106.1300 105.7371 104.5117 106.2837 104.5910 104.5219 103.5033 102.9253 102.6734 102.3140 101.8434 101.7682 101.2975 100.0302 101.5402 101.2197 101.2091 101.3609 101.9236 102.0430 102.5217 103.2620 104.6959 103.7109 105.4517 105.6500
109.1600 109.1920 109.5448 112.7867 107.1598 110.7277 114.3832 113.0404 107.5061 108.2306 108.2617 108.1205 107.9973 106.9817 107.6064 107.0010 107.2501 105.2907 105.9644 105.3029 104.6377 105.5925 104.0080 103.9276 102.5973 102.3694 102.0919 100.4059 97.6469 100.4191 102.2921 102.1271 102.3618 103.6399 104.8709 103.7543 104.3276 104.2922 105.4215 104.7000
109.4400 110.3460 112.1555 115.2344 115.3092 114.4415 109.1116 108.1627 107.6018 107.7641 108.6050 108.1885 108.4488 106.4157 107.9335 106.0060 105.7133 106.8212 105.8230 106.3660 105.4904 104.7021 105.0993 105.6443 104.3781 103.8868 102.9292 102.9228 101.3973 98.6395 102.2854 103.3924 103.9159 104.1398 103.6067 103.9934 105.9461 105.3532 105.8908 106.3900
112.3200 111.5445 113.8581 109.2693 111.5408 108.2434 108.6943 108.7561 108.5497 108.7392 107.8797 109.9256 113.4486 108.7703 108.0015 111.1006 106.8245 106.2691 105.4025 105.8161 105.0841 106.8167 106.0153 105.5974 105.8273 104.6004 105.7161 104.5110 103.4207 101.2604 103.7261 105.2210 103.7662 104.3584 104.9681 106.2084 106.3755 106.8045 105.5337 104.9600
112.8300 111.9603 112.6096 108.9415 110.7950 110.5869 107.8242 105.9657 105.5416 108.6688 108.8698 112.4297 107.2997 109.7180 111.3552 109.0733 108.8722 105.9518 105.8312 106.1981 105.8290 106.4286 105.4394 105.2959 106.1750 105.5795 105.7158 105.3125 104.0326 105.5337 105.2141 105.6680 105.3320 106.0441 105.8643 106.5589 106.6665 106.6649 107.0675 107.0500
112.8300 109.2776 110.1810 112.0956 113.1531 111.0430 106.8274 111.6102 112.3619 113.0455 114.7371 111.5882 110.5852 113.4619 111.0784 112.6307 111.1198 106.7047 106.5959 108.1312 107.2391 107.0950 105.6621 108.1266 105.9748 104.8998 105.3279 106.1556 105.1362 104.8551 105.0895 106.2529 105.2441 105.8726 106.3963 105.3566 106.3308 106.8566 106.9066 105.6800
110.7400 112.8204 111.2349 114.0253 110.3018 109.5877 109.7575 111.0443 109.2289 109.6012 110.1059 109.0646 112.6738 113.4953 107.3660 109.2515 107.8144 106.2629 107.5515 107.3791 106.3489 107.0622 106.3457 106.8270 105.1658 105.2632 105.1762 105.7008 106.7800 106.3096 106.3160 105.6460 106.3844 106.2349 107.0435 106.6943 106.1668 106.8353 107.5664 107.2400
113.2500 116.5262 113.2890 113.6380 112.9949 113.2703 107.0906 114.6980 108.3322 113.5338 109.9277 109.2186 113.1957 112.1836 107.8019 106.9367 107.9688 106.7727 111.1942 107.9347 106.5105 106.2188 106.9107 107.1402 107.4663 105.8055 105.5178 106.0474 106.6052 106.9373 106.4005 107.0853 105.9443 105.7983 106.8589 107.1722 106.0086 107.6197 106.7421 108.0000
117.8400 116.5012 114.8862 110.4339 114.1265 110.1204 108.2921 111.1889 109.2308 111.8994 109.4816 107.5187 115.1108 115.0452 112.4411 115.5516 112.7524 111.1624 110.3329 106.1052 109.1293 106.1504 106.6690 107.3229 107.3608 106.3821 105.9296 107.7911 105.5873 106.7969 107.5183 107.5638 107.7263 106.9547 106.7554 107.7600 106.5734 107.6585 106.5345 108.0700
115.8600 114.0837 109.8916 108.7843 112.0088 110.1194 107.9834 108.9974 108.6878 111.1332 109.4698 106.7661 112.1832 110.8814 112.2898 112.5879 111.4027 114.2893 108.7292 106.9986 107.1902 107.5196 108.1585 109.7878 107.4488 105.8934 106.5391 107.4064 107.0542 107.1632 107.9874 106.9923 107.7280 106.4597 107.7576 107.7946 106.6953 108.3605 108.4196 107.9100
111.7700 111.8719 110.3858 110.2280 110.4408 113.1896 114.0587 108.4592 115.7958 110.0806 112.6898 108.8575 114.0108 114.0130 110.8349 105.7357 110.1148 112.9233 111.7403 109.6430 109.9580 107.8712 106.3301 107.4687 108.0551 106.2176 107.9499 107.9730 108.2252 108.1313 107.5932 107.9751 107.7476 107.8481 109.2341 108.1928 108.2664 108.6256 108.2508 108.6500
118.4400 111.8100 110.6100 108.8600 108.7000 108.7000 115.9700 115.9700 110.8000 112.0100 115.2500 114.2600 114.2600 115.6300 116.4000 114.0900 116.8500 114.4200 110.1900 108.7800 111.5600 111.5600 106.5900 107.5700 109.2400 107.0600 107.0600 108.1100 108.2700 108.3600 107.2900 108.4300 106.9300 107.7000 108.2200 108.4900 108.4900 108.7300 108.6800 108.6500
