112.0100 110.0600 110.4800 114.5000 111.9300 116.5800 120.0700 115.1000 121.5700 121.3600 121.1400 120.6800 120.4300 119.9300 119.6800 115.6100 109.7500 108.1900 107.4800 105.9800 103.4900 103.1500 104.9900 106.8300 109.5700 101.3800 103.7000 103.1800 100.3800 100.5800 99.8900 99.1200 98.2400 97.2200 96.0500 94.1000 94.6700 94.5500 95.8900 95.8900
111.3600 110.5204 110.6413 113.3343 111.0934 120.4877 120.7505 120.6560 119.6489 122.0561 121.0290 120.5880 118.9532 120.0053 119.3942 115.7718 111.6534 106.7003 107.2446 104.9669 103.1601 102.8463 104.4383 107.5840 113.6743 107.3041 105.9974 99.0567 101.1175 100.0091 99.0895 97.9517 96.6971 95.3526 94.0620 93.0475 92.7140 93.3907 93.8942 93.4300
110.8800 111.0264 108.5180 113.5830 111.5257 118.0479 122.2518 120.9983 116.6055 117.3057 119.6196 120.5441 120.2744 117.6725 116.5521 115.0562 111.8668 107.0785 105.2234 104.5938 102.7883 103.1895 105.1074 109.2048 113.9909 111.6916 102.2887 99.2426 100.8236 99.4443 98.2701 96.8362 95.1345 93.1574 91.1145 89.3949 88.6609 89.5272 90.8646 92.9300
113.2600 114.9268 120.8768 118.0256 112.2510 112.0961 118.6006 119.8334 120.3013 121.1293 120.8774 120.0100 119.6576 116.9805 109.0219 110.4905 111.1835 108.5386 106.2978 104.1570 102.6378 103.5518 105.6903 111.0161 114.1537 108.3931 100.5501 100.0766 100.1835 98.9506 97.4988 95.7137 93.4443 90.6206 87.4469 84.7363 83.4775 84.5168 87.2267 89.6200
112.6100 116.8673 119.6800 113.6038 112.6132 117.2977 111.4274 119.5193 119.3687 117.0115 120.5117 120.4066 118.4025 117.4300 116.7948 110.8271 110.5270 108.0889 105.8632 103.8952 102.5984 103.7153 106.2586 112.5283 113.6010 106.1181 99.8898 100.4831 99.7630 98.4995 96.8603 94.7189 91.8439 88.0679 83.7690 78.4858 75.3663 78.0841 83.3698 84.4500
123.6200 120.2812 118.2652 120.1176 111.0906 115.7065 117.1757 108.9306 114.1032 119.1635 118.8710 114.6949 115.0823 118.2859 112.4803 109.1421 109.3347 108.0168 105.8216 103.7978 101.9056 104.7494 106.1738 113.4530 113.0389 104.9337 99.7198 100.6103 99.5628 98.2180 96.4436 94.0469 90.7109 86.1608 80.3862 71.3619 67.8522 70.6783 79.7844 84.4500
114.5200 110.7936 114.6972 116.9650 113.9375 115.2810 118.8993 115.8938 108.0486 115.6398 113.0345 114.6819 112.9046 112.7548 109.2206 107.1603 107.2649 108.0864 105.8455 103.9767 104.2430 109.5468 106.5068 113.6006 112.9126 104.5965 99.6779 100.6402 99.5110 98.1314 96.3196 93.8462 90.3646 85.5760 79.3099 68.8592 64.6954 68.1936 78.4112 83.9700
112.7200 110.2640 112.6096 120.6577 120.0315 118.8773 119.2759 120.0929 113.0336 113.4765 115.8248 113.6946 111.0182 107.2683 106.4904 110.5056 111.1610 108.0911 106.3674 103.8592 106.6525 107.6361 112.4030 114.0729 113.3805 105.1141 99.7326 100.6003 99.5958 98.2679 96.5177 94.1722 90.9315 86.5289 80.5701 72.8250 69.4057 72.2039 80.6205 84.2300
109.2100 109.4617 110.1127 120.6175 115.5963 116.0946 118.9077 115.6648 115.2472 117.1936 116.6347 118.8147 112.3381 116.7268 106.7615 114.5793 117.6722 108.6552 106.8635 103.4656 105.6693 102.9573 116.4943 113.0544 113.7193 106.4769 99.9660 100.4513 99.8319 98.5781 96.9994 94.9447 92.2014 88.6606 84.4109 80.1959 77.6275 79.8407 84.3250 88.7800
114.4700 108.7199 112.1357 119.6890 118.0611 115.5188 114.7466 118.1697 116.5298 116.5886 113.6283 116.2974 117.5248 117.6580 112.0638 106.2120 119.7738 108.9037 106.9181 105.1713 103.8559 106.5101 110.6914 114.7968 114.1894 109.2574 100.7767 99.8618 100.3217 99.0547 97.6761 95.9779 93.8511 91.2606 88.4767 85.9757 84.8968 85.8514 88.1303 89.8900
109.3500 117.3455 111.0040 120.7893 118.9354 118.1712 116.6384 116.8944 117.6011 109.4567 116.0153 117.1739 116.8627 120.4417 116.4567 110.5653 115.1825 111.2699 105.1915 104.9341 104.1476 102.9986 115.1009 107.9414 114.5305 105.8588 103.5303 99.0293 100.8810 99.5969 98.4666 97.1202 95.5201 93.7097 91.8983 90.3808 89.7553 90.2907 91.7811 93.0600
109.2700 110.6791 109.3573 119.8278 118.8401 118.4437 116.3537 117.7550 108.5741 114.3938 110.2450 114.8060 114.6323 108.8481 112.5216 114.0835 107.0731 105.7098 106.0722 107.8764 106.1102 111.0185 107.5699 112.4904 112.6105 108.7282 100.3694 100.0456 100.6793 100.1584 99.3187 98.2077 97.0484 95.8292 94.6744 93.7863 93.4278 93.7296 94.5700 95.5000
109.6300 117.8143 120.7878 120.8194 116.8599 115.2264 119.4163 119.0086 109.1851 109.7152 118.6486 116.1748 112.2030 110.3287 117.9537 112.7768 109.0961 106.5617 104.9601 115.3639 113.0898 115.8288 114.9280 107.5198 110.4723 112.8047 101.4457 107.4459 107.7697 101.6798 100.1340 99.2334 98.3848 97.5389 96.7606 96.2275 96.0363 96.1998 96.7061 97.6800
109.2500 113.9433 121.3319 120.3150 118.2822 117.7319 121.3239 113.9096 113.1804 117.0625 113.1438 116.9255 112.6603 110.9911 111.9672 108.2968 110.5430 108.1990 110.0079 112.9786 105.6880 111.0754 113.3048 107.6317 111.4060 109.9206 102.7007 107.0963 101.0410 109.0477 100.2309 100.1656 99.4938 98.8751 98.4375 98.0316 97.8830 98.0265 98.4377 99.2500
112.8700 115.5695 116.8562 112.9888 120.5948 111.0583 120.6017 118.1082 116.8886 109.2553 106.2618 108.8201 116.9453 108.5698 109.3279 109.9464 108.1748 106.3057 108.3093 106.1632 105.8354 108.2857 110.2900 106.0778 110.6123 105.3793 107.3115 107.5262 101.2716 104.7071 100.3309 99.8206 100.4851 100.0865 99.7407 99.4485 99.6795 99.7353 99.8590 100.3300
118.5000 118.0958 117.6045 114.0097 118.0655 116.9839 115.2680 114.3878 112.4902 110.6076 112.0084 112.4222 115.1353 111.6467 106.3338 105.9420 109.7154 107.8680 105.8183 105.8509 106.2929 104.6684 110.6512 108.7168 107.9435 108.8353 105.2547 110.5954 103.1279 106.9865 99.5218 98.4539 99.3467 101.0066 100.3113 100.7867 100.3589 100.6970 100.9270 101.3200
109.8000 113.4962 115.5600 116.3337 117.1778 110.6613 110.8275 108.8369 112.3220 112.3482 113.4473 114.0445 114.3271 110.4545 112.4148 110.3062 108.7556 108.3847 106.9873 110.6731 105.9263 105.6994 107.4361 108.0097 109.4857 109.5517 106.3435 113.0300 103.4355 106.6194 101.1435 103.0422 101.6725 99.8212 104.9428 106.4178 100.9945 101.5032 100.5700 101.4300
112.5000 119.0879 116.2793 113.1815 117.2103 111.4511 111.5668 109.2854 110.8933 113.3060 114.3695 110.4185 113.3622 114.4848 115.6076 110.7974 107.8499 109.0257 111.5503 116.3789 110.2949 105.0055 108.6173 110.8937 108.1189 111.2517 114.7922 108.8827 105.1311 104.5676 105.6291 110.7949 107.7144 106.5619 106.8388 106.8774 105.9062 105.3922 107.3568 110.9600
115.4700 114.6324 112.9614 111.3116 111.7535 110.8299 110.0124 108.2936 111.3567 113.0293 116.2020 110.2288 112.6439 113.1896 109.6133 106.8512 110.1246 103.9739 114.1967 114.1642 109.8047 108.6353 108.9706 106.3033 103.9033 113.9892 110.6358 106.1270 105.8623 112.9633 104.7129 111.6697 113.2624 114.3142 105.0295 104.4731 107.2673 108.1127 111.6159 111.6400
115.1100 114.3633 111.7483 113.0238 112.0621 110.9825 109.5741 113.5645 113.2333 115.5562 117.4283 110.2202 111.0035 108.7106 109.3803 110.9557 114.0449 111.8534 115.9407 107.8963 108.0871 106.9179 106.2831 105.1213 104.9264 113.5727 102.9891 105.5855 107.9506 114.4635 106.3258 117.7353 109.5074 102.6463 106.6192 103.7234 104.8181 110.7620 107.1417 111.8200
114.3300 114.3208 113.0626 111.9718 110.4389 109.9949 111.7877 115.3520 112.3169 113.8475 112.9742 113.0287 112.1656 108.3249 107.8655 111.8200 113.1404 108.1716 114.7036 106.6794 107.4738 109.4782 108.1369 105.3303 105.3890 106.9168 110.0508 108.3883 107.9245 112.5718 104.6578 109.3745 105.8182 101.4557 103.1835 102.6626 102.1085 104.3759 106.5893 109.0200
114.7200 113.4907 110.5845 112.4611 110.0397 110.1392 108.7137 115.9763 113.6219 109.6769 114.2684 113.6212 110.8630 108.4557 114.7897 113.6387 111.6506 114.2196 114.0000 109.9700 110.1419 106.5767 108.4481 106.5114 112.6380 108.9674 111.0057 107.3645 110.5081 109.6288 109.0135 107.4774 106.0693 105.4911 103.0443 103.4790 102.3936 101.6406 108.1442 106.7600
114.6100 114.0217 115.8068 112.3842 109.8450 111.3789 115.6160 113.8148 110.7313 110.0377 112.7854 111.6477 112.4979 109.2108 113.1953 115.5695 114.1573 115.3447 114.5396 113.9726 109.8939 107.3351 110.0966 108.4475 112.8959 109.7537 105.2892 104.6485 112.9739 115.4505 110.3001 109.0368 102.7273 105.6960 105.0981 102.9860 102.9556 106.9759 110.9529 106.7600
114.2000 116.9110 116.1937 108.9133 111.1337 111.3815 109.9103 112.0892 110.9163 113.8636 108.9180 116.4173 110.0414 109.6819 113.3286 113.1484 111.8947 112.1308 110.0688 115.7106 108.0380 108.3824 110.6638 114.1635 108.6116 109.6574 106.4478 109.7837 111.9002 112.0161 108.2381 106.1611 105.9338 105.9307 105.2199 105.3714 104.4563 105.3298 111.0309 112.0800
115.2700 114.6017 111.6642 112.5643 109.2395 110.5830 113.8603 109.5347 109.5472 113.7617 108.0646 110.4735 112.1670 110.5460 113.4049 110.0249 113.8954 108.9478 101.4111 115.4079 107.5772 109.8220 112.3859 115.3479 114.5364 115.4852 113.3934 110.7257 109.0975 112.7933 107.5180 107.1449 106.7246 104.9684 105.8764 105.5384 105.9024 106.4323 108.2756 107.5000
115.4600 112.2992 110.5982 112.8700 112.8703 110.1263 110.8130 110.6633 108.4478 108.8914 109.6511 110.6911 106.8925 110.4269 108.7649 111.4598 115.1936 113.0065 105.1189 115.8742 113.2631 117.0608 106.3206 109.3882 107.6116 112.5698 113.8330 112.3816 109.7584 108.1909 108.0141 107.5289 106.9043 111.1192 107.2106 107.5675 107.8834 106.7655 107.2991 108.0500
115.9000 115.7767 109.5976 111.9910 114.3172 113.3381 111.5651 110.9490 112.6436 108.8776 110.6439 114.9067 107.4415 110.4644 112.4389 113.1230 113.9154 114.3284 114.5110 115.8860 111.8286 114.8869 106.7207 106.6287 108.7074 112.5472 113.3503 108.5096 109.5399 107.3571 108.1594 107.8121 107.1264 108.8198 107.8036 109.3037 107.4079 106.9666 107.4845 107.4700
115.9500 116.0877 114.1778 116.8666 116.2345 110.5960 114.0428 112.3348 116.3071 111.8827 109.3931 110.2858 110.4206 111.2786 112.5229 116.2898 115.0546 112.4597 109.5010 110.7124 112.1443 110.9474 115.5844 111.3569 117.0614 112.2944 114.8646 103.9067 108.9513 109.0312 107.1385 109.0626 108.5587 107.7257 108.9488 110.9169 108.3492 107.5089 106.8775 107.4700
118.0200 116.2418 113.6535 111.1582 120.2869 112.5117 111.9910 109.3711 114.6612 109.5107 110.8373 109.8821 113.7888 110.9931 113.8274 113.8609 108.9174 107.8173 112.9946 115.0793 107.2456 113.9870 112.4026 114.0174 109.9519 105.0635 113.0432 102.3045 102.0601 105.5766 109.0787 108.3828 108.6076 110.5453 111.3489 107.1185 108.6980 109.5571 107.1482 106.9100
119.4600 119.1402 115.9016 115.4928 121.2017 112.5239 112.9491 109.6810 112.7661 112.4293 112.5197 112.1267 112.2602 116.1062 118.1900 116.7076 110.5852 108.8379 115.4975 105.8088 107.3020 116.0574 112.8859 115.6552 113.3501 111.0655 112.2270 106.8105 103.9744 105.9160 104.5088 108.2209 103.7793 108.7613 109.5273 107.6815 107.7506 109.8334 108.5402 107.5000
118.4300 119.4594 117.9825 117.2135 116.1337 115.1770 111.8926 109.3678 110.1810 113.5367 114.0847 112.0935 111.1465 114.0209 118.7134 109.7034 111.2784 109.5541 108.3312 107.1913 111.4609 116.7227 113.9090 113.5749 113.1771 112.1821 107.7411 107.5532 104.7356 103.9793 108.3850 105.4551 107.4048 108.1100 108.1624 108.3291 108.0290 108.4601 110.2737 110.1000
121.1400 119.9364 118.7209 120.0950 119.1249 111.4931 110.0303 110.4440 116.4533 109.7088 111.4814 112.7198 112.8375 116.5557 115.1141 113.1182 110.2779 110.2824 108.8614 109.2817 113.5373 117.2676 111.8892 112.3973 112.1802 115.6618 111.3349 107.2623 109.4915 105.1619 108.1595 106.1757 109.4070 108.9819 109.0765 108.2234 108.6049 108.3295 108.2499 108.8300
118.7000 119.5153 118.9553 117.3651 116.4507 116.0946 118.5433 116.9789 118.4996 113.4076 114.0606 112.8989 110.8006 115.3223 113.0575 115.4970 113.4238 110.8623 109.0550 115.0368 111.5154 112.1417 110.2267 112.6729 112.5620 113.7205 113.5157 111.3824 106.2765 105.3207 104.9192 106.5357 108.1275 104.6590 108.6192 108.7820 108.7790 108.9952 115.1149 111.7700
119.3700 121.9015 119.0684 118.2868 119.4841 119.0065 119.9232 118.2040 115.6289 114.5367 114.1828 113.9986 111.6227 115.8929 112.2143 111.5114 111.8843 109.5907 115.2732 117.9154 115.8292 119.2042 112.1048 111.8110 108.8095 110.2536 110.2770 109.4321 108.5529 106.4978 106.3240 106.9432 109.0913 107.3362 109.2173 108.8324 109.0694 108.9185 110.7683 110.8800
120.5200 121.9854 118.9033 120.0152 119.8812 119.5320 118.0925 117.2172 115.8638 115.4798 113.4391 114.1548 112.0413 118.6864 118.7676 116.2391 110.1069 112.8678 118.6214 117.3800 109.6248 116.7100 112.4666 113.6564 114.3260 110.1397 107.7498 108.9482 106.3504 107.5369 108.1251 109.0176 108.6690 109.5563 109.5451 106.2126 108.4506 109.2359 107.6881 111.6400
122.2500 119.9076 122.6829 121.7227 120.4722 120.4297 118.2131 118.6165 116.5266 115.5613 112.2907 112.8731 113.2448 116.3514 115.2959 114.1708 111.4387 111.4474 111.5198 117.0260 115.7314 115.0056 110.2526 108.5007 109.8451 107.4496 108.3449 109.6743 107.5510 107.7604 108.0844 107.8820 106.7002 108.2159 108.8906 109.4377 109.3657 109.2126 108.6578 114.0100
122.2500 123.8700 121.0557 121.6939 120.9683 120.1073 118.8497 117.8606 116.4965 115.2182 113.3725 111.3585 114.0864 112.8801 111.9504 112.7912 111.8732 111.7679 113.0151 114.2730 116.9344 111.9913 109.9376 109.9591 109.4425 109.2009 109.1329 110.0276 109.5899 109.2307 108.6957 108.2856 110.0315 108.0598 109.2514 108.8088 108.0647 109.3175 108.9104 111.6700
126.2100 121.2971 120.5811 120.6515 121.9638 121.2953 120.5085 118.1183 117.1145 115.7568 115.3809 112.8839 115.4057 114.5765 113.5725 113.2143 112.3518 112.7430 113.0154 111.3430 110.8017 112.4253 111.1550 110.2048 110.8064 110.1246 110.4774 110.2451 109.6896 110.7546 109.8782 109.6246 109.7340 108.9618 108.5400 109.8301 108.9548 109.7139 108.9125 112.6500
125.1000 122.5569 120.2751 121.3059 121.2325 121.4365 119.6940 118.8985 117.6306 116.7172 116.2112 115.4954 115.4499 115.9954 114.1011 114.0075 112.3976 116.1728 114.7534 112.0900 111.2262 112.5258 111.5387 111.0293 111.5064 111.1501 111.1608 110.0511 110.6452 110.7169 109.9202 109.2854 110.3198 109.8400 110.1278 110.7961 110.1724 109.4712 110.0120 112.2500
125.1600 125.1600 122.7900 121.9100 121.2200 121.8500 119.9600 118.3800 117.6100 116.6700 116.0700 116.2900 115.7800 118.2200 116.1500 115.3100 116.0200 115.6800 117.1300 112.6800 112.4700 112.4700 112.7200 111.9800 111.3000 111.3000 111.5500 112.4700 111.6700 110.3400 110.4200 109.5900 109.8800 109.8800 110.4100 110.4200 110.7100 109.7300 109.7300 112.2500
