120.2100 115.1000 113.2400 116.2100 116.3200 111.0800 112.2100 104.4000 104.5700 106.4500 103.3800 109.2000 113.2200 114.5500 113.1900 106.9400 103.4500 101.1700 99.5800 98.6600 96.2800 94.6800 90.2000 87.1100 79.2800 71.6100 71.6100 68.5800 68.5800 83.3300 87.1100 92.6900 94.6800 97.8100 98.6600 100.3700 101.0600 102.6500 106.9900 113.5700
117.0600 115.0692 115.0046 117.7126 118.5470 115.7520 105.9038 105.3584 104.6275 106.0099 105.7049 105.1960 109.9895 107.3347 112.5633 104.4411 103.5019 100.8262 99.7877 98.4259 96.7179 94.4617 91.3553 87.1703 82.0959 74.4717 68.4595 68.1470 76.4998 83.9176 88.9187 92.6624 95.4015 97.4196 98.9716 100.1397 100.8056 100.4345 107.4556 114.0600
120.8300 119.8825 118.1378 116.3951 119.6517 108.4397 105.3814 104.8469 105.0127 104.7429 105.6703 108.1492 109.5830 107.2313 112.5726 105.6926 100.6556 101.2915 99.9595 98.7017 97.1335 95.0992 92.4205 88.9309 84.6396 80.4851 76.2286 77.2100 81.7314 86.3339 90.3527 93.5103 95.9345 97.7703 99.2100 100.4060 101.4994 99.5593 109.2329 114.0900
120.8400 119.0674 110.1921 112.7869 118.6430 109.1081 105.9858 105.5815 106.6786 104.8590 103.6358 107.9982 106.5293 108.8500 113.4779 106.5332 101.3646 101.3707 100.2764 99.1258 97.7376 96.0231 93.8581 91.2000 88.1805 85.6736 83.4309 83.9189 86.2818 89.3321 92.2723 94.7503 96.7272 98.3120 99.5928 100.7275 100.1933 100.1284 111.0096 114.1300
118.4900 114.4486 109.3869 115.1451 119.6615 114.7291 111.3872 108.3212 108.2048 106.9950 106.9664 108.6621 106.3786 110.0565 107.8535 104.1803 102.9815 101.3025 100.6203 99.6553 98.4814 97.0782 95.4091 93.5126 91.4861 89.6622 88.6835 88.9312 90.3017 92.2361 94.2612 96.0803 97.6400 98.9495 100.0819 100.7304 99.6962 105.0337 112.8567 114.6800
120.8700 113.6487 113.2587 115.3719 117.9005 112.5513 112.7288 108.7458 105.0735 106.5919 106.7977 111.3097 106.6987 114.5635 114.4497 108.5958 105.9667 100.9218 100.8126 100.2388 99.2856 98.1229 96.9157 95.5630 94.2263 93.1372 92.5487 92.6987 93.5055 94.7188 96.0626 97.3819 98.5831 99.6028 100.8102 99.9881 100.9293 108.3380 114.2468 114.7900
117.0600 112.6092 113.8536 115.2136 117.7645 109.9554 105.5429 109.3655 107.2552 103.7800 106.6255 114.9894 114.4377 112.0362 111.8498 109.3316 103.7570 103.2977 100.1295 101.5292 99.7620 99.1812 98.1699 97.2528 96.3770 95.7021 95.3586 95.4381 95.9241 96.7050 97.6132 98.5892 99.4741 100.4311 101.1998 99.6709 104.1338 113.1085 114.0921 113.9000
113.6100 111.1104 109.7112 109.1298 111.6364 106.8410 108.4100 107.8091 109.5399 112.4634 111.6474 112.7907 114.7616 108.6572 109.7808 110.8048 105.1123 106.9279 101.0852 103.5881 101.0170 100.1246 99.3661 98.6734 98.0631 97.6252 97.3871 97.4470 97.7797 98.2943 98.9488 99.5700 100.5321 100.5745 100.1095 102.2468 108.8463 115.3536 111.9431 107.1900
116.5300 111.7153 114.5700 112.6466 110.9789 112.9186 110.5152 105.7094 108.2642 108.5962 110.7188 106.6714 113.4740 108.2657 106.6693 116.3783 114.0319 111.7618 105.3263 101.9236 103.3108 101.7973 100.7886 99.8359 99.4123 99.1119 99.0219 99.0285 99.1852 99.5233 100.1063 100.7441 100.9718 99.4640 101.6229 108.0041 113.2784 115.0583 108.7354 106.4700
116.3600 116.2127 114.6923 116.6655 109.7308 113.2516 109.8401 105.5681 107.2793 105.3513 111.6264 106.9782 107.9174 112.8169 108.8769 111.3051 111.9778 114.2246 110.8957 100.9285 103.6251 101.9477 102.8610 101.2065 100.6840 100.3623 100.1040 100.2124 100.5459 100.8962 100.5636 100.8674 99.5133 102.3332 107.2488 114.3170 114.0996 110.4270 106.2669 104.3100
118.3200 117.7227 112.8273 117.7342 114.6727 113.1745 110.1111 110.6109 109.2295 108.3983 110.5735 108.7490 104.0505 110.9558 107.1088 115.8317 113.0159 111.6306 107.5173 110.3648 109.7300 107.1853 102.7067 100.6896 100.5800 101.5719 102.1007 102.1607 100.5162 99.6234 99.9477 101.4678 103.8500 109.4412 113.4249 115.1472 110.4285 106.7388 104.7099 103.9100
113.5300 112.1538 110.8349 114.9446 113.7371 110.6651 109.5635 108.4581 110.2570 107.4143 111.5835 108.9517 109.9225 116.3582 110.4123 112.1649 108.7043 112.1593 105.3304 102.8007 107.9075 110.3379 103.0764 102.0847 102.0622 101.2257 100.8646 101.1076 102.2429 102.9794 105.7492 107.8159 112.4423 114.7833 113.7950 110.5803 106.6328 104.8288 103.5273 102.7900
112.1500 108.6997 118.6774 116.5083 115.2363 109.3250 112.9779 109.2006 109.8097 109.8635 106.5546 107.4947 112.4750 108.9681 103.4240 112.8827 105.8102 106.2375 109.8965 103.6760 107.3655 105.1408 103.5370 111.3200 111.1155 106.9047 101.4474 102.6096 103.3449 102.3332 108.5600 112.4959 115.7211 112.4996 108.8701 106.1517 104.7470 103.3546 102.7822 102.5900
113.1300 114.7842 114.6780 114.2859 109.9707 113.7277 114.2428 111.3414 107.7297 108.9689 107.2416 108.4455 107.6771 108.7966 106.3759 110.6798 105.8783 106.3549 102.5905 109.7011 109.8269 106.1487 102.7238 106.8738 114.9940 112.0723 103.9380 106.2511 100.6959 111.9824 107.1547 115.7730 109.8191 106.9928 105.4795 104.3504 103.8428 103.5412 103.0822 103.1800
111.0200 116.2400 112.6208 114.5914 109.3689 115.2591 113.7434 107.5929 108.2341 113.1270 112.8470 113.4821 108.2332 108.6350 110.2855 111.4287 110.3004 109.2846 103.7606 109.6947 112.3327 111.7490 106.5929 104.0776 115.8487 115.5012 104.9657 107.1972 109.8795 110.1682 117.2998 107.3483 105.4102 104.7538 103.6692 105.2496 105.6915 105.2394 103.1712 103.0900
115.1800 118.0741 116.1930 116.7454 115.1489 114.0829 112.3077 110.2982 106.7767 111.1186 109.6845 110.5026 107.5279 106.5566 111.6994 111.2139 106.1497 107.4217 107.1432 110.6388 109.9883 110.0607 113.6842 108.0229 107.7558 108.4701 108.4016 111.8223 107.0674 112.6513 113.7561 105.0842 105.1220 103.1475 102.5291 103.3387 103.7264 104.6452 104.5504 106.6100
115.1800 115.1742 113.6454 114.8025 114.7110 115.1065 110.4273 114.6316 106.6912 107.6079 107.8620 106.6743 105.9571 107.0106 110.7714 107.3529 107.8207 107.6147 107.4838 114.2218 110.9553 106.0483 108.6766 106.5868 113.6512 113.3077 110.8644 106.7671 108.4674 111.5700 114.7475 105.7827 103.4528 103.0251 103.5807 106.5436 105.4675 105.5917 107.6613 110.8800
108.4500 110.8257 115.5564 113.2175 115.6782 113.8781 109.5400 113.4851 112.4201 108.6231 110.9381 112.4912 110.8049 110.5026 108.8026 107.3820 107.6080 107.5172 106.9006 108.4958 104.9423 107.2412 106.6153 106.7439 112.5519 110.4294 114.2033 111.9685 109.4057 112.4762 110.6871 105.3841 104.0156 105.1873 103.8701 106.1792 106.3069 104.3826 109.0709 110.8800
110.7800 111.8135 116.8038 112.9395 111.8656 110.1091 115.1036 114.7588 109.3418 107.8495 112.1602 116.4469 118.2617 111.6297 107.6427 109.3156 107.1829 105.3883 109.3788 107.6759 114.3902 110.4007 105.9690 108.0702 107.4634 109.2815 116.5222 105.3508 109.9881 107.4179 111.1737 108.0570 111.5076 107.1118 105.8953 104.0649 107.5748 105.2507 105.8526 106.7100
116.0000 112.9653 115.5160 111.8079 111.0655 116.2336 111.3315 113.8774 113.2972 109.5112 111.4756 115.4257 114.1514 110.9761 107.3946 110.8936 113.4075 105.4427 109.9758 107.4026 113.7983 106.9057 107.5762 110.3235 108.8689 109.4948 107.4641 106.6039 110.1048 108.3363 112.6295 106.7251 110.6694 110.7297 117.0383 106.1225 107.3457 105.8810 105.9339 107.1700
113.8800 112.5559 111.4982 113.8448 114.1035 111.0752 116.0992 114.4855 112.5067 109.9508 116.3934 116.9213 112.0667 112.4364 105.5596 109.5421 116.8758 107.6322 115.0741 109.0051 112.6916 109.9905 107.5125 106.8673 110.9179 110.1038 107.9236 112.5713 109.9458 109.0363 109.2251 112.5507 105.4718 119.5901 119.1059 113.3926 109.4977 113.6314 106.3857 107.8300
115.0700 112.5079 112.6851 112.1162 112.1510 118.8415 117.0148 110.7291 114.8052 116.0736 113.1248 110.0368 107.6256 108.6301 108.9867 113.1048 114.8832 105.4570 114.6126 112.7334 112.7511 107.2120 115.6717 107.5351 108.1252 105.8849 107.9069 107.6199 109.7069 109.6724 111.5022 115.4139 108.1022 117.8685 109.1818 113.4689 111.6518 107.9479 106.5318 107.1200
113.2600 112.8052 108.7973 113.6311 110.0462 115.1768 119.0313 116.1935 115.3566 118.7352 108.5271 109.2749 109.2336 112.6256 112.1018 114.6266 114.6578 108.5959 110.6230 113.8920 114.9078 107.9735 114.1812 111.1209 107.3097 109.1039 107.8754 112.6761 108.3633 113.1873 110.5476 106.9504 109.0296 107.2620 105.8762 106.0381 105.1009 107.3792 109.6138 107.1200
119.4800 118.0231 113.8625 111.8881 110.6877 115.1234 115.6718 114.9398 111.6632 109.9505 108.0123 109.4035 105.1285 107.9732 109.4037 112.3600 101.8488 109.6976 108.5342 111.3806 112.6885 107.2229 112.2938 108.8091 102.5928 108.3154 106.6391 112.0174 102.8522 111.8426 102.7494 106.5645 107.2125 107.4640 103.0210 103.3695 104.6475 106.0501 113.4738 113.7900
109.9900 115.8196 112.9475 109.8452 108.3050 114.4332 118.9058 116.9564 107.0870 107.7748 110.1765 108.2467 106.7132 114.6640 117.9629 119.0393 102.7112 105.5646 105.6277 114.0072 113.7471 114.1404 112.5459 109.3164 113.0591 109.7387 108.7480 107.0161 102.7591 105.6490 104.1531 104.8716 110.4779 104.4559 104.4074 106.2428 106.8974 103.8015 112.1675 114.3200
109.9900 109.2045 109.1092 113.2814 111.7658 108.4506 111.8614 112.9907 110.2050 108.1848 108.7860 107.9293 107.9915 113.3174 115.3730 119.3204 110.5613 112.4304 105.6210 115.4787 116.7611 113.5764 112.2535 101.7882 115.8236 117.5856 109.4514 107.1702 104.6549 108.4849 112.6188 106.1798 105.0326 105.3869 110.7838 109.3094 109.2611 109.8418 111.2509 111.3700
116.1300 113.9274 109.3424 109.6140 117.8155 115.5122 110.6447 107.7722 109.1770 109.1026 109.3571 109.3479 110.5432 118.0019 119.6075 116.0173 107.9321 110.8694 109.3193 114.4896 115.6300 111.6673 110.0064 110.9764 112.9193 119.2431 109.4066 110.9665 105.8913 102.8601 113.0159 107.7376 117.4554 106.2971 110.7065 112.2409 108.2075 107.1652 109.4167 107.2800
109.2300 116.4503 113.0979 117.4455 117.2966 113.4891 111.7847 110.5421 110.4912 109.7785 108.4754 109.7674 113.1537 113.9403 114.0279 112.7722 116.7104 111.3702 112.7207 114.8751 110.8249 112.2666 115.4951 114.9013 114.3790 111.0966 116.1090 112.7606 105.3184 105.7838 109.4199 112.3448 115.2788 106.7088 105.8727 108.4351 107.2559 112.2762 107.5002 112.3800
118.1500 119.4150 119.9444 112.5979 114.1949 110.2820 110.4178 109.4884 110.0867 109.6018 109.4420 111.1374 108.7665 109.7263 113.6422 117.0152 117.1151 113.2780 112.8550 115.6229 111.8103 116.4818 113.0262 110.3524 110.9619 113.0847 110.2079 112.0280 105.6467 111.9199 111.5550 115.0791 112.9499 115.7400 110.0849 112.6504 113.0498 111.7116 109.8408 114.3900
118.3900 121.6098 117.7937 110.9589 114.4882 117.8585 112.3959 109.4777 112.0381 109.9096 110.3494 110.2988 111.9216 115.2475 115.9752 115.6506 114.6823 110.1192 115.6758 108.8787 112.2807 110.6767 115.5064 111.3926 112.9803 116.4334 112.2007 117.0085 107.4250 108.6431 112.5746 113.5550 115.2925 114.3530 114.9892 115.9256 114.6069 112.3560 111.1322 109.2100
123.7100 120.2781 118.1083 120.5398 118.8411 110.3630 109.9844 108.4425 111.0530 112.2266 110.7569 109.8210 108.2886 115.5671 120.4389 117.7657 119.2490 112.0611 114.4696 107.8475 114.0707 110.8391 111.0386 112.7070 113.5245 116.3692 115.6100 116.8843 114.7002 109.2723 115.8662 112.4745 115.8254 114.9856 113.0893 116.5376 116.1351 116.6471 115.4085 111.2000
122.5100 121.8664 122.1303 121.8761 118.7841 115.0827 110.3819 115.4864 116.2749 113.2158 109.6236 110.3669 110.7454 111.6246 122.1424 112.2905 117.9234 111.7221 109.7128 109.0015 113.1439 117.2403 110.9239 115.9865 113.3559 114.1569 115.1532 117.0330 116.8691 113.4063 116.5501 112.1209 116.5418 117.0748 115.9535 116.2580 114.2775 113.0443 114.8222 114.8200
124.8800 120.4838 121.3050 122.1620 116.9503 116.1815 115.6314 113.9448 116.0355 111.3523 110.5494 109.2653 112.1206 117.2198 120.7806 119.9647 113.5116 113.1612 110.1789 109.4861 116.1695 113.0189 113.3063 118.0321 117.6414 108.3697 115.2397 117.0300 113.0964 116.3026 118.2922 116.0702 114.3971 117.3360 114.1678 113.5471 112.6660 111.5411 112.3996 111.3400
117.4700 123.0583 123.1087 121.6357 116.0533 119.2702 119.3586 116.9064 116.5211 114.9635 115.9496 112.7378 114.1169 118.3957 112.6928 120.4818 111.0284 113.3092 112.3575 111.3372 113.6772 113.8236 113.8141 109.8126 108.6133 107.8114 111.3665 114.4485 107.6876 114.6554 117.5604 116.9656 115.7054 116.5559 113.1330 113.5092 112.5549 112.9418 111.4959 110.2100
124.1200 125.2286 124.4954 118.3926 119.2865 119.8162 122.6853 122.1549 117.2495 116.3927 112.9551 116.7949 115.4304 113.2700 120.1029 113.0265 113.6551 113.8167 114.3713 114.8319 111.9901 113.7678 120.4680 115.9816 115.0626 109.4477 109.5259 107.9119 110.1338 116.0667 119.7462 109.4050 115.3067 113.0684 108.5000 110.9847 108.9996 110.4424 111.2695 109.9900
124.1200 124.7274 124.6211 118.8261 119.3096 119.9501 120.3259 119.6366 116.7899 118.0024 111.2377 115.8897 114.8355 111.3983 121.4009 116.7693 115.2295 113.5570 113.2094 114.2919 113.7846 115.3718 113.9417 113.0307 110.6541 109.3916 109.1603 111.6526 111.5841 119.3866 122.2697 111.7176 114.1212 114.7105 112.5167 110.2707 111.1786 113.5332 111.1454 113.4600
125.4700 123.2552 125.8707 121.4876 120.0519 122.4617 117.0223 116.6423 117.5202 117.5254 111.0649 108.9163 112.9985 112.7403 114.2961 114.8891 115.5394 114.8431 113.7646 114.8546 115.0769 113.7341 108.1651 113.4630 110.9321 112.1002 111.4600 111.9257 112.1711 120.2715 122.5418 114.1351 113.6675 110.3236 120.1487 116.6883 111.4503 111.1760 109.6962 109.4200
125.7200 125.4860 124.8041 122.9847 117.8869 121.6401 117.1171 119.3683 117.5972 115.4921 116.7113 113.0601 115.6617 115.8742 116.3671 110.8975 118.5298 114.3460 116.2544 114.1090 115.9255 116.9953 113.6328 118.2020 115.1752 113.7450 111.6909 114.4814 117.2822 120.1378 121.6700 121.4157 119.0228 120.5155 116.6393 117.5823 115.9153 111.2751 112.8417 111.3400
125.9200 121.0653 114.1548 121.3908 119.6231 119.6803 118.1073 119.1759 116.8916 116.6822 116.2690 115.2760 115.4908 117.1128 117.5147 119.2073 119.0801 114.7768 116.2366 116.8584 114.7961 123.0225 116.5487 119.0249 116.3910 115.1125 115.3508 117.0309 109.3817 121.4886 119.9396 117.3601 120.0974 121.3914 112.1090 115.7143 111.8297 110.9128 112.3581 111.6000
125.1100 125.1100 120.0400 119.5500 119.0800 120.2400 121.0200 119.8700 119.8700 118.7200 117.0700 116.0800 116.0800 116.9000 119.6600 120.7100 115.9500 115.3500 114.5600 114.3600 114.5500 121.1800 117.5100 117.3400 114.2100 115.0200 115.9500 119.0400 118.8400 121.2900 115.6400 114.1100 122.0800 122.0800 112.8300 110.4100 110.4100 112.6800 112.6700 111.1000
