110.5100 110.5800 111.0300 109.4300 109.0000 109.9200 112.3000 115.8100 116.1400 116.7300 115.3500 114.2600 112.3100 111.2000 111.4700 113.6900 113.8800 116.6500 117.5000 117.6400 117.8500 117.0200 116.2800 114.9300 112.3100 108.5700 112.6300 111.5900 111.5900 110.6900 109.8600 109.9700 109.0700 107.9400 108.0800 108.2000 105.6300 107.0500 107.0200 107.0200
110.8200 110.0936 109.1496 111.2459 114.0803 111.4374 116.8444 118.9801 115.2842 115.9026 115.1519 113.7184 115.5260 115.0261 112.1348 112.0281 114.1205 116.1084 116.1009 117.3485 116.7046 116.4406 115.3951 113.8758 112.2349 111.1203 111.9751 110.8835 110.2230 109.5877 108.9874 108.4740 107.9392 107.5080 107.1792 106.7821 105.3387 106.5802 106.5087 107.0200
109.5500 110.4221 110.0975 109.9493 108.6718 111.3953 117.6928 116.0741 113.4898 114.1016 114.4973 116.9219 115.1779 114.4653 116.7247 114.1829 112.0032 115.5083 115.7338 116.1955 115.3023 114.5918 114.1128 112.7061 111.7646 111.0463 110.2024 109.5913 108.8856 108.2423 107.6162 107.1352 106.5896 105.9666 105.6907 105.5360 105.2806 105.3097 105.1285 105.7400
112.3000 113.9030 116.0500 111.8299 111.0978 113.8143 115.0076 115.0144 116.9396 115.7368 115.3789 115.2353 116.8981 115.2232 116.3945 115.5551 115.0340 114.5357 114.9484 114.5934 114.3902 112.2363 112.8101 111.8281 110.8632 109.8649 108.9923 108.1285 107.6299 107.0342 106.3218 105.6900 105.3318 104.9950 105.0361 105.2227 105.2399 105.2034 105.1219 105.6500
113.5500 111.8181 113.6151 114.0689 112.0236 113.2479 110.8344 114.3588 112.0405 112.0752 114.2728 117.8121 116.4103 115.0056 113.2558 115.9344 115.5082 115.8445 115.2559 114.3952 112.5600 108.3852 109.6517 110.4345 109.6396 108.8336 107.4391 107.1598 106.5191 105.7257 105.9347 104.9426 105.4356 105.6257 105.8368 106.2472 106.4374 106.6256 106.4345 106.8400
118.4700 111.5179 113.3033 115.9914 108.5158 113.0071 113.8258 113.3459 116.7001 111.3233 109.9263 114.1139 112.6129 113.0874 112.8541 114.9724 114.3336 114.8857 111.9763 114.0942 108.9824 109.1180 108.1949 108.1752 108.2500 107.6090 106.7056 106.3879 106.0632 105.4627 105.4865 106.0486 106.3964 106.9268 107.1540 107.2922 108.0932 106.3517 108.3822 108.5500
118.8600 110.0228 114.4159 115.2982 111.1323 112.6296 112.3622 110.8625 116.1973 113.6224 111.1122 114.8883 109.8447 111.3156 115.3435 114.6632 112.7107 114.7725 110.6341 111.2046 108.3934 108.5544 108.6236 108.0326 107.5767 107.2534 106.6562 105.8578 106.0557 106.0955 106.1663 106.2037 107.8443 107.4146 108.8223 109.0210 106.3159 106.3725 110.7998 110.4600
117.6000 109.1945 111.8193 115.2858 114.1424 110.9944 111.8102 110.0668 112.5312 111.8633 113.1046 112.5805 111.9091 109.6707 109.7517 114.5834 114.6510 114.0094 110.5837 110.5834 108.5267 111.3968 108.3686 108.1857 107.9673 107.4046 106.9150 105.8931 105.9824 106.1385 106.1721 106.0842 108.7852 108.0924 110.5537 110.0465 105.8141 106.1325 110.6660 110.2100
118.8800 115.2024 114.4030 110.5239 112.1950 108.9811 110.8322 108.6707 109.4326 108.2704 111.2556 109.4264 110.9619 109.3415 109.2590 110.8172 111.3693 110.6382 110.4277 109.5428 108.4557 109.3414 107.9604 107.8155 107.0479 106.7084 105.9486 105.4999 106.2096 106.1919 106.2179 106.3331 106.0123 110.3771 109.6243 108.3119 104.9248 105.0901 105.3362 105.4400
119.4000 114.0276 111.2461 109.8083 110.4607 109.9837 114.6063 113.2967 112.3918 111.6371 109.9114 110.1141 110.0041 109.6820 108.9429 107.6524 107.7884 108.3553 109.5398 108.8399 108.4069 107.7836 107.1190 107.2172 107.1998 106.6329 105.3510 106.1075 106.2340 106.1415 106.0888 105.9070 105.3144 107.3349 105.6369 105.0184 104.8941 104.7129 104.7529 104.7900
118.3200 116.5387 110.5622 109.3148 109.4379 111.0962 117.7110 108.8843 113.5803 113.9515 113.1911 109.9708 109.8413 110.0084 109.6079 109.1411 108.7818 109.0746 108.3466 107.3004 107.4097 107.1371 106.8283 106.5561 106.6916 105.6344 105.9214 105.8272 105.9623 106.0970 105.6373 105.0967 104.1416 104.1986 102.6154 102.6063 103.2440 102.8683 104.0794 104.3300
117.4500 111.8720 110.3780 110.2458 109.3373 110.7579 116.5600 115.5918 113.9523 114.4456 110.1322 109.7599 109.9632 109.5523 108.8610 109.2282 108.5000 109.0386 108.7811 107.3752 107.4043 106.5874 106.6487 106.1536 106.7339 106.4885 105.8961 105.3943 104.6171 104.2703 104.1940 103.8416 103.4618 103.2614 102.3403 101.7544 101.3293 100.9743 102.0303 102.9100
117.3200 111.3151 111.2700 109.0972 109.2948 109.9456 109.7328 109.8006 114.8874 114.4181 110.4570 109.8543 110.4596 109.6637 108.7314 109.0094 108.4990 107.9180 108.0743 108.2554 107.6906 107.3470 106.1569 107.0421 106.7308 106.4727 106.5236 104.5338 105.0303 103.1250 102.7498 104.6366 102.5953 102.6702 101.0160 100.6656 100.6030 100.3929 100.2017 99.8200
114.7100 112.0581 111.3479 109.3602 110.9512 109.8350 111.5788 111.0089 110.4492 109.5236 108.5842 109.5151 109.5220 109.1701 108.4139 109.2671 109.1363 108.5442 107.7338 107.4448 107.8379 107.4865 106.4410 107.5299 106.7181 104.9884 105.3693 104.8955 104.5354 102.8877 102.2961 102.7017 102.2444 100.5522 100.2121 99.5721 99.4504 99.2630 99.2377 98.8100
111.1400 111.8581 109.0499 110.8997 110.3350 110.2667 110.1243 110.5256 110.2864 110.0708 110.3291 109.1201 108.5312 108.4141 108.0118 108.9999 108.3141 108.7711 108.0277 108.2034 107.0259 106.4464 106.4598 106.9677 106.7702 106.4130 104.1182 105.1968 105.0430 102.7813 102.7997 101.3591 100.3176 99.6707 99.1005 98.4438 97.8479 97.5332 97.6301 97.1400
115.8300 116.3761 113.6387 112.2602 112.3830 110.1888 111.5228 110.2531 110.8665 110.7993 110.1725 109.6801 109.1915 108.2471 108.6017 108.8741 108.0251 108.8675 108.4877 107.8530 106.3025 106.0072 105.7383 105.3969 106.7370 106.1638 104.3593 103.9271 104.0962 102.2569 101.1196 100.2336 99.5323 98.5980 98.4822 97.2814 96.4415 95.3430 95.5184 95.2800
109.7300 111.6524 113.2474 112.0941 113.2013 113.8641 111.2798 111.6693 111.0239 113.6204 110.4034 109.7163 109.5272 108.9882 109.0118 109.3517 108.6575 108.7807 108.5300 107.2388 107.4614 106.7702 106.2536 105.7403 105.7311 105.8605 104.3896 103.3417 102.3116 101.7571 101.0475 99.7730 98.5109 97.5913 96.9964 95.9089 95.4023 93.8186 94.4336 94.2800
110.1700 110.0173 112.9724 112.7186 111.2822 113.8434 112.5238 112.1171 111.7562 111.1084 110.5395 109.3509 110.3306 108.7291 109.0888 108.5355 108.9456 108.7021 108.4436 107.8712 107.5148 107.5514 106.6010 105.4569 104.8156 106.1467 105.0017 103.9775 102.4343 101.2769 100.4766 99.0634 97.7879 96.9270 95.5326 94.4701 92.7316 90.7791 90.2260 90.5300
109.9500 109.4587 111.0117 111.0998 110.8922 112.8876 112.9369 112.3141 114.5751 114.4657 114.7319 112.2200 109.0611 108.8924 109.1424 108.9474 108.8395 108.6243 108.3180 108.0444 107.2446 107.4057 106.0384 104.9844 104.4593 104.9927 105.1594 103.1625 102.1497 101.1653 100.3538 98.5827 97.9761 97.0890 94.5752 91.9880 90.1278 87.2779 86.6963 86.9300
111.3200 111.0288 110.5101 109.7000 109.9883 110.1991 110.4095 115.4646 113.4469 110.1802 110.4308 108.9068 109.3158 108.1327 108.4124 108.4019 108.4237 108.3629 108.3735 107.3642 106.4147 107.5826 106.7528 106.4505 105.8794 104.0445 103.3208 104.3210 101.2324 100.7801 99.0913 98.4234 98.1969 96.7774 95.1660 93.1604 90.4226 83.5032 83.0786 85.9800
112.1200 111.5042 111.1036 111.3539 109.2384 112.2146 110.3441 117.3212 115.5755 113.1373 112.1470 108.4851 108.8058 108.8201 108.3655 108.6934 107.8481 108.4468 108.1690 107.7190 107.5404 106.1584 107.0089 106.5579 105.6988 103.9886 104.3414 102.4572 101.3782 100.4841 99.3053 98.8617 97.8745 95.1852 93.0081 91.8935 86.8581 75.8615 72.4301 74.7100
110.0300 110.0860 110.9184 112.0745 110.8736 111.1960 111.0211 113.9364 117.9432 115.4178 114.0752 108.1316 107.4276 111.4219 113.4279 114.1787 110.4074 107.9575 107.3456 107.7298 107.2091 106.2716 106.1265 105.2179 105.8253 105.9767 103.1008 102.3299 101.7549 100.6203 99.8821 98.8316 97.1776 94.0794 91.9161 90.3579 80.0279 64.4656 62.4517 74.7100
112.5600 111.3696 113.6780 109.0517 110.9690 110.8353 110.9367 115.8471 116.3626 115.2060 112.2296 109.7046 108.5320 107.5294 113.2802 112.1471 109.4131 109.7097 108.4996 108.5995 108.1942 106.6654 105.7424 105.3729 105.7535 105.2280 104.2298 102.3445 101.7349 100.9933 99.8416 98.7908 97.1653 94.3454 92.2605 90.4742 80.9672 64.5684 62.2842 69.7900
109.3800 114.1084 108.3050 111.4281 110.0015 109.2813 111.2934 110.9418 110.2505 113.5271 114.4946 115.2509 114.2448 111.8928 116.1947 113.4616 113.5432 113.5711 108.2916 111.5579 114.7438 112.9887 106.7855 107.9197 105.6998 104.0518 104.5631 102.6342 101.9041 101.0945 100.1612 98.8580 97.5555 96.0428 93.9563 90.7324 87.4987 74.4247 70.9866 69.7900
109.8000 108.6382 108.9881 109.8488 111.3862 112.8784 111.0403 107.5262 108.3129 110.0669 107.8828 112.7838 112.8306 115.1889 116.8001 111.5236 112.0404 106.5764 106.2528 107.2622 110.3150 109.6243 106.3473 106.2355 106.3007 106.0628 103.8556 102.6938 102.0302 101.2377 100.4969 99.1784 97.9984 96.1649 94.2695 90.6862 89.3527 85.5183 80.0254 81.1700
110.0300 109.5841 109.8989 110.6848 108.9270 108.4081 112.7976 111.9216 110.2214 109.8569 110.1346 108.9510 110.8629 111.6822 111.7477 110.1939 108.7962 109.2829 109.3082 107.7431 107.6781 108.4337 106.0401 106.5166 106.0741 105.3413 104.6792 102.8376 102.2305 101.3442 100.6689 99.6629 98.3405 96.2493 94.5970 92.3216 90.9505 88.0549 87.1218 87.3700
110.8700 110.0726 108.6194 108.8904 110.2561 109.5199 108.7478 114.1564 112.9628 112.1502 112.7722 111.9738 110.6340 108.0207 110.2927 112.2444 109.9999 110.2353 109.3251 107.9843 110.5867 109.5134 105.3686 105.6936 105.9194 104.4044 105.8682 102.9844 102.6201 101.6187 100.8962 99.7190 99.3826 98.3308 96.2414 95.3487 94.9022 92.8353 92.0684 91.8000
110.3400 110.7923 109.4687 109.3925 113.7912 111.0934 110.8926 111.4134 109.9952 110.9330 112.2639 116.5044 109.2466 107.4739 111.5315 111.8108 111.5696 114.1180 106.1175 109.0615 112.5509 108.7308 106.5110 106.1532 104.9007 105.6082 105.9052 103.7839 102.7483 102.0654 101.5076 100.5911 100.0660 99.5059 98.2555 97.7619 95.3387 95.7023 95.3067 95.4100
109.2800 112.7700 108.9666 111.9217 111.5877 110.2349 110.0117 110.8428 111.2173 107.6157 114.3045 109.4965 113.6141 109.6216 110.8661 113.7521 110.1990 110.7020 107.8262 108.6550 109.4160 107.0458 108.3095 110.9554 105.5253 105.7364 106.3186 101.9882 103.3652 102.5000 101.9966 101.2950 100.8171 100.1658 99.2788 98.2467 96.9533 95.9675 95.2405 97.3000
115.6300 112.5415 116.8629 110.9005 112.9612 109.6853 109.6307 108.6643 108.6218 115.7712 108.5283 115.3340 111.9642 109.9792 107.5639 107.4664 108.3679 107.9848 108.1826 107.9875 111.9889 109.9639 107.3949 107.5451 105.8682 105.8178 104.5090 105.2178 99.3887 103.6490 102.2020 101.9372 101.2867 100.7151 100.1323 99.1229 98.4382 97.9492 97.7827 97.3000
116.9800 113.9112 111.7534 108.9955 108.5975 109.3648 109.3965 110.4530 108.4921 110.3981 114.5093 115.0027 114.2245 111.9979 104.6889 114.7672 113.7183 107.5162 110.1150 114.4144 107.6214 107.7104 107.6744 106.4642 106.3479 106.0044 105.7300 105.7598 101.2600 102.6227 102.8091 102.5132 101.9269 101.2812 100.9738 100.6500 100.1791 99.7405 99.9939 100.4900
118.1300 117.8019 115.3486 116.2434 113.3745 108.4879 109.7132 110.5618 110.9884 109.6400 108.6541 109.9352 112.7272 112.6231 112.9325 114.5320 115.1768 112.8107 110.1927 108.2457 108.5361 107.2180 107.0413 106.6481 105.9020 105.9744 105.9605 104.2472 105.7409 102.2436 103.5262 103.0067 102.4751 102.2102 101.8394 101.1912 101.2213 101.1928 101.1599 101.3600
113.1300 111.1495 113.1057 108.3610 109.1033 110.2818 113.6517 115.1859 112.0979 114.1560 113.0519 111.3067 110.0572 112.3990 115.2012 115.1145 114.3469 108.3357 108.8163 108.4871 108.0927 107.8339 107.9974 106.3830 106.6577 106.5795 107.0828 105.9139 105.9991 105.3410 104.5773 105.0326 104.2127 102.6495 102.1922 103.2927 101.8292 101.8042 101.6438 102.0400
119.3000 115.8120 111.0723 115.1945 111.1632 115.6432 115.4077 116.8370 115.1835 114.0370 112.9497 112.0988 114.1459 116.8240 113.7707 113.6007 112.8831 109.7627 108.7301 108.2384 107.6207 107.6868 108.4337 107.0203 107.5528 106.9312 106.3778 106.0476 106.4686 104.9230 104.5193 105.6320 105.5941 104.6864 103.2643 103.4829 104.0133 102.4056 103.9716 103.5200
119.3000 117.2461 116.6828 116.3986 114.6432 116.0744 116.8540 119.3396 115.0535 115.0639 113.2582 114.3152 114.9419 114.7471 112.0324 112.2295 111.3726 110.3461 110.4808 108.5521 108.6039 107.5168 107.9743 108.0543 108.0978 106.8234 106.6797 106.5467 106.1029 107.0645 105.3275 105.4377 105.7700 103.8641 104.1648 104.8007 104.0345 103.2735 103.8595 104.3900
115.9500 116.5435 112.6854 116.6028 116.0727 116.9896 116.8313 115.4736 113.6370 112.8044 109.8199 110.4881 110.7839 111.5539 114.9297 117.5578 113.4633 108.1821 111.7689 111.0871 108.9623 108.5531 107.5883 107.3843 107.8624 106.5060 107.1985 107.6997 106.5625 106.8920 105.0039 104.8652 105.5789 105.7934 105.4621 105.5215 106.0629 103.9519 103.9710 103.9200
111.6900 116.1625 110.8382 118.0010 118.5214 117.9788 115.9309 111.9058 109.6232 109.1630 107.7305 109.0711 111.5473 110.3754 111.0445 107.9606 110.6636 114.1437 109.6947 110.3999 109.0651 108.3357 107.9057 107.6978 108.6524 106.4142 107.2945 109.5041 106.3797 106.2008 106.7768 105.9547 105.1271 106.8819 104.9633 106.4715 105.7474 105.3650 104.3345 104.5000
117.4200 118.3128 118.4571 118.0021 120.5717 117.8224 116.5141 112.6007 109.5857 108.8771 108.2562 107.9971 110.4328 112.6960 114.9564 115.0538 113.9951 112.1020 109.8174 108.9567 109.0826 108.6122 108.2116 107.7604 107.9365 108.4714 112.5765 111.2512 106.3376 106.0061 106.1871 106.3982 106.8205 107.4310 107.2716 105.9808 105.8337 106.1092 105.6432 105.8200
124.9000 113.7676 113.6140 120.4848 118.0674 114.9187 114.8258 112.7478 110.1349 110.2186 108.4179 109.3696 110.3696 110.6183 116.3087 112.0716 110.6455 109.8759 110.8957 115.1264 109.8528 109.1916 108.5391 109.0823 108.1251 112.4113 112.1477 108.9573 107.8454 107.2156 108.8029 107.3770 106.0851 106.3038 107.2464 106.1892 106.2064 105.3214 106.6513 105.8200
124.9000 110.6400 117.0100 117.0100 117.7100 117.4300 111.1300 113.2100 108.7500 110.4400 110.4400 109.2400 110.1200 110.1200 117.1700 110.3800 110.1300 109.9900 112.0000 114.5700 109.4100 109.2900 109.2800 109.2800 114.6500 113.3800 107.7000 108.0000 107.9500 107.7300 107.7300 107.7400 107.8900 106.5700 107.4500 107.4500 105.6400 105.6400 106.7300 106.9400
