121.3400 121.1100 118.8500 120.4100 113.5900 117.7000 106.1700 107.9500 106.7900 104.6300 104.7200 104.5800 103.2700 103.2000 107.2900 110.4300 107.6400 102.7800 99.4100 100.9900 100.3000 99.6000 97.7900 96.6600 95.1400 94.8800 94.8800 91.2900 91.2200 93.7200 95.3400 96.6900 96.6900 98.7900 99.6300 100.3700 98.7900 102.3100 107.4700 113.7500
118.4200 116.9871 117.3269 116.4874 114.0113 119.5631 105.1864 107.5708 107.3017 105.3118 103.8424 104.3797 103.7911 104.9284 108.1236 112.9262 113.8336 100.2220 99.0880 100.8846 99.7064 98.6065 97.2350 95.5747 93.9574 91.9186 89.7586 88.7781 89.0969 90.5625 92.5511 94.5609 96.3445 97.8582 99.1153 100.1908 101.8865 99.8260 108.1302 113.7500
119.8900 117.8989 119.8305 118.6931 116.7894 113.1809 116.0696 116.1655 117.0259 111.3059 106.3158 104.0747 105.4389 109.4799 108.5671 113.8776 110.4222 99.6584 99.7379 100.5660 99.2298 97.8946 96.2206 94.0841 91.4187 88.3086 85.4641 83.7604 84.3031 86.5890 89.6796 92.6308 95.0590 96.9910 98.5074 99.7252 100.6173 99.1505 104.8871 112.5100
118.5400 120.8547 109.1369 114.1008 113.8283 116.6903 117.6950 117.3313 106.2669 105.1235 104.2906 105.0488 107.6520 109.2992 111.8014 110.0582 108.0689 100.6352 100.2883 100.1367 98.8501 97.3099 95.3252 92.6622 89.1394 84.8682 79.9858 75.8685 77.1362 82.2704 86.7400 90.7698 93.9131 96.2510 98.0150 99.3754 100.6131 99.8547 103.0579 111.3700
116.0700 115.2114 114.6766 117.8766 112.1649 112.4667 112.2243 106.3232 105.6873 105.7309 105.8824 107.9067 106.3013 107.2557 115.4536 110.7510 103.9928 99.9632 100.6251 99.8845 98.5840 96.9286 94.7159 91.6347 87.4161 82.0565 73.2511 68.4264 69.6801 77.6730 84.4992 89.3983 93.1046 95.7507 97.6942 99.1527 100.3901 100.0853 102.1747 110.5900
114.8300 116.1142 114.5268 117.1058 109.4622 116.1554 105.4066 113.7541 111.1426 106.1449 106.4505 107.2603 114.8796 111.0236 116.7084 108.7548 108.6894 99.7032 100.8145 99.8254 98.4887 96.7948 94.5192 91.3226 86.8627 81.1105 71.2531 65.3920 66.3789 75.7572 83.7913 88.9626 92.8521 95.6064 97.5974 99.1067 100.3301 100.2009 101.9178 110.2200
115.5100 113.5954 112.3389 112.1955 110.3022 114.5278 109.6595 106.9043 110.4101 112.7146 110.3072 110.6852 114.7156 110.0956 113.5809 103.9746 103.1232 99.7842 100.3945 99.8670 98.6054 97.0328 94.7760 91.7844 87.6741 82.5055 75.0432 69.6386 70.7785 78.4881 84.8517 89.6108 93.2257 95.8304 97.7391 99.1884 100.4156 100.0691 102.2556 110.5600
110.9400 110.7810 108.0708 112.5508 110.5480 111.5940 113.6486 111.9350 106.0290 118.6088 110.9869 110.5049 112.7529 107.8675 109.5309 111.0249 104.5000 105.5512 104.2436 99.4479 99.0633 97.7780 95.6704 92.8883 89.5361 85.5371 81.0543 77.5526 78.6518 83.2185 87.2791 91.1054 94.1217 96.3977 98.1047 99.4100 100.6004 99.8165 103.3487 111.3000
108.4300 107.7075 110.5258 113.8271 110.5564 110.5108 113.1790 108.8353 106.1335 103.3012 107.4100 106.8715 112.6658 106.6064 109.9757 112.5802 109.2937 107.9232 109.4723 100.1158 99.7053 98.1018 97.0226 94.3896 91.8737 89.0091 86.3038 84.8282 85.3049 87.3700 90.2494 93.0081 95.3152 97.1397 98.6381 99.7765 100.4353 99.9488 105.2831 112.5400
115.2700 115.6452 113.8731 110.4889 108.1396 111.4340 113.5436 106.1229 107.0844 106.1554 107.7429 106.0886 107.3222 110.4209 109.7014 108.4610 108.1070 111.1370 101.6861 100.3295 99.6589 98.9244 97.7222 96.1100 94.1134 92.2012 90.6015 89.6875 89.9478 91.2580 93.0593 94.9140 96.5870 98.0231 99.2558 100.4352 99.5462 101.0964 108.5848 113.7400
115.0000 117.1802 113.2602 109.9772 108.1155 110.4978 107.4826 105.9566 107.2012 107.9504 107.1986 106.2929 105.4184 109.2999 106.7170 114.3328 110.7567 109.6355 100.7434 108.6541 100.7872 99.7055 98.5416 97.6381 96.0613 94.8904 93.8685 93.3499 93.5394 94.2680 95.3769 96.6156 97.8183 98.9302 99.8876 101.1432 98.8473 103.8018 112.1651 114.3400
116.9000 116.9168 117.1677 114.1116 112.5932 114.5872 111.7356 113.4792 108.1825 110.0027 111.3770 113.3389 112.8419 110.8356 112.8896 111.7113 107.8224 105.6932 105.9928 106.5835 100.6024 100.5710 99.4653 98.4931 97.6528 97.0552 96.8626 95.8744 95.9978 96.4996 97.2062 98.0272 98.9608 99.7616 100.6312 100.0179 100.9967 108.1579 114.2003 114.4600
111.7400 116.6904 113.0824 113.6775 113.6971 112.1442 113.1644 110.4046 110.5389 112.5678 109.5859 106.3248 111.2566 111.9673 101.8020 106.4841 109.6539 106.7963 102.9575 104.2249 101.5590 101.3748 100.7466 99.6746 99.0151 98.5268 98.4902 98.2216 98.4897 98.8567 99.0198 99.3524 99.8620 100.8902 99.3974 100.6315 105.6372 113.4681 113.3398 112.8600
111.6700 115.3676 110.8750 113.0402 114.0066 112.3526 108.4780 106.4705 109.2889 106.5598 107.3522 107.5706 106.7504 107.3904 106.6244 111.0024 111.6088 103.9250 103.5119 106.5282 101.8298 102.4228 101.5439 100.9413 100.2157 99.8258 99.9321 99.5776 99.8932 99.6840 99.8776 100.6983 100.1225 100.1814 99.9846 103.6489 112.4160 113.1860 111.7321 113.5900
109.4100 112.9776 108.3653 110.6303 103.4726 110.7135 113.0587 106.5320 106.2870 114.0876 114.0260 109.9374 108.4483 110.1217 109.8430 110.4589 103.9118 105.4031 101.9807 104.0679 105.6294 101.8040 103.0466 101.8918 101.1293 100.9515 101.1601 100.5324 100.6973 100.6885 101.1560 99.6995 101.2825 101.1644 106.3926 105.6956 113.7861 110.8221 112.5932 112.0100
110.9400 110.1304 115.1328 112.3088 111.0504 112.3927 110.3463 106.4945 107.6539 108.3294 109.8293 105.3358 107.5042 107.2461 109.0638 104.7353 103.5477 102.9021 109.9933 104.1033 104.7143 104.1263 103.6194 105.6730 102.6652 102.1425 104.0284 105.3111 103.8767 103.3586 104.0645 104.1055 112.5942 107.5962 113.3728 115.4955 113.4464 113.4237 107.8857 112.0100
110.9800 112.2858 113.9579 113.1250 109.3577 110.3869 109.3485 109.6523 106.8092 110.2671 106.4669 110.3303 105.9626 106.5420 111.8949 107.0524 103.8083 104.9889 108.7291 104.2121 107.0688 103.5863 103.7992 104.5800 104.9343 104.2517 103.3328 109.5656 104.3790 107.1277 106.4534 111.1459 109.1473 110.0151 114.8337 109.6828 110.2906 109.2679 104.1858 105.0000
112.0000 113.6425 114.2445 114.2410 106.2492 109.7326 114.5816 112.7194 112.9264 109.6193 108.6014 108.0355 109.9246 112.0556 111.5236 105.2430 107.4524 107.1152 104.8668 105.5449 104.3043 105.3788 103.0928 104.8881 103.7183 107.7453 103.5848 110.7479 104.3145 106.1350 104.5568 111.0902 106.9308 107.7822 114.2293 111.8619 114.5695 113.5766 106.8119 105.0000
111.2200 113.0794 113.6021 110.8408 108.7576 110.7282 114.7779 116.0899 106.8609 106.0473 108.5194 107.1626 108.1998 108.0057 110.2575 112.5803 108.1069 106.1147 105.9607 106.7475 106.3606 105.4136 101.8650 104.5659 105.9101 108.8775 106.3619 109.3275 105.3282 107.5924 108.6725 112.3205 109.0411 108.2101 110.2529 117.4048 112.0017 110.4001 109.2384 107.1400
113.9500 112.6278 113.0389 110.9471 108.6317 109.7214 117.6178 105.9769 107.7666 103.1741 109.0888 108.2040 106.1880 109.9598 112.7338 107.3004 106.3179 105.2809 105.2613 110.8959 108.1501 106.4888 104.9243 109.9568 110.4558 105.4879 103.1249 103.8827 105.0253 109.4546 104.4718 108.1294 108.4081 105.7952 109.9787 113.2268 115.2552 107.6870 109.5407 107.8700
107.9500 107.9994 113.6137 111.3870 115.2514 117.9760 117.9338 109.5206 108.7040 105.6540 109.7454 107.4134 109.3046 115.4013 113.9059 106.9811 106.9482 108.2230 107.1743 109.5258 110.4900 106.9999 106.8076 108.3714 105.6288 110.1921 104.6494 104.4569 110.4046 105.6432 108.6580 104.6858 111.5156 106.6312 104.2057 104.3069 109.2274 107.5297 111.1788 107.6700
112.6300 111.9354 110.9438 120.2632 112.1445 111.7858 113.1383 106.5440 107.0890 108.4789 108.4449 103.1784 109.1174 108.9929 109.0882 110.3682 107.7289 107.7788 107.3471 109.5350 107.1176 105.3820 109.5604 109.8761 106.0424 105.8414 111.6278 107.9025 104.9982 109.9270 109.7716 105.8695 105.3955 102.5046 107.9333 108.2165 106.1990 108.0465 110.3954 111.6100
110.3500 111.4570 115.9265 111.6047 117.3622 111.5472 110.0941 109.0551 105.5268 109.2671 108.9264 108.4491 111.7080 108.8001 112.8111 111.4948 110.4439 109.2643 108.2351 108.5342 107.3335 105.5467 105.4825 104.5467 107.1509 105.6355 107.5180 109.3887 105.9961 107.3700 112.6159 106.2487 110.2718 110.9968 109.1769 106.9442 107.0656 107.5117 105.9953 107.0500
118.2500 113.0954 113.7144 108.8568 110.1703 113.7607 108.9410 109.1400 108.7423 108.0299 106.8774 109.0066 113.4613 111.5042 116.2249 107.8305 107.4892 107.5944 110.2049 108.0158 112.4701 111.3338 108.0768 109.7330 104.5140 108.7960 107.2547 111.7430 107.3385 103.9558 110.0951 109.1864 106.6973 108.0227 106.8262 107.8103 108.1660 108.3534 108.2368 112.8600
115.1300 112.3856 112.3772 112.5970 109.2351 113.4686 111.1664 107.6891 109.8063 108.3575 108.0314 109.6449 108.2694 111.5650 116.9323 111.6608 113.8028 107.0958 107.9998 108.4028 109.5439 109.3918 113.1909 110.9577 108.6027 109.3249 111.8656 111.1269 109.2392 108.6536 106.6545 108.7248 106.8309 107.3986 107.9896 108.4705 108.5529 108.9404 107.7920 108.6600
113.1300 114.3301 112.4801 113.8192 111.3862 107.8832 108.6683 107.0655 111.4681 108.3772 108.0817 110.5737 111.5143 110.7126 117.4610 109.5001 108.8009 110.7477 108.3859 112.4870 112.4992 111.6284 112.0065 107.8328 114.7585 112.4626 109.2882 108.1781 109.4083 109.5860 106.8303 109.6806 109.5198 108.5512 107.4583 107.7911 107.6877 108.6505 108.2498 108.6200
117.1800 115.2361 109.2071 112.2272 113.8496 108.7638 108.9091 108.8199 110.6230 107.3495 108.4156 110.1372 111.1559 110.4197 111.9914 111.0331 107.0804 106.9890 104.2065 107.3579 113.2770 109.8454 114.1444 111.9899 115.6576 109.8872 112.6705 109.4183 107.2344 106.9181 113.6257 106.8670 114.6722 110.2859 110.3409 107.3522 105.1638 105.4010 105.3211 103.9800
110.2900 116.0785 114.8389 113.4703 114.0035 109.4791 108.4732 109.3420 110.4873 108.0672 107.1087 111.0837 109.2549 116.0319 109.0560 110.0380 110.6479 107.2037 105.7050 107.8640 110.8807 105.7487 118.2198 114.6274 112.6785 113.4219 114.5869 109.8793 109.6803 110.5034 114.6768 109.1708 110.5167 106.0978 104.1298 107.7570 107.6838 104.9986 106.0382 108.4000
118.9800 118.3413 114.2677 113.5275 112.8557 109.5932 109.1031 108.4495 110.0095 110.2363 106.1025 111.0830 114.2351 112.4745 111.8063 111.1736 110.0370 107.6655 106.5335 110.9852 109.5963 109.3951 112.4507 113.7919 108.4781 108.1286 108.1416 114.0265 104.4663 106.9270 115.9046 109.4387 102.0724 105.3290 107.6175 111.2962 107.6654 110.9972 112.2046 109.1700
120.7100 119.3729 116.3106 111.4550 113.8453 113.5948 110.2374 108.6055 109.5421 109.0368 113.7918 109.7804 109.4124 113.8211 106.9293 110.0381 110.7058 108.4659 108.2173 110.3961 109.4783 117.1570 110.9515 113.6344 109.0414 107.7411 108.1726 112.0693 107.4536 102.4801 106.7476 109.1015 105.3518 113.0540 113.8732 113.3626 109.4915 109.6589 107.2927 110.9700
119.3300 116.4414 118.3608 114.6778 114.2659 110.7105 110.1592 110.5106 110.0419 110.6334 113.9961 112.8624 110.4522 110.3494 113.6138 109.2085 108.6812 109.5943 109.1473 108.5444 111.6117 114.9604 109.2837 107.7854 110.6322 108.0806 107.9841 110.8426 107.9818 106.8632 109.1822 111.1866 104.9363 117.1138 117.7962 109.3961 108.9662 109.0393 108.8989 109.0400
120.5900 117.1430 115.7850 115.1031 114.6842 111.8369 109.3036 110.8840 111.9023 108.5237 110.5077 111.1348 110.4417 109.3011 114.4422 111.0746 110.4842 109.0681 110.8395 110.2198 110.4440 112.4966 109.3033 110.9764 110.9445 108.8421 107.5971 109.9011 108.9974 106.1742 112.2692 111.8305 111.1219 110.5252 116.8823 107.9829 109.4669 109.1100 109.1086 109.2900
118.8400 116.9237 117.8095 117.7067 111.6093 111.6658 114.1580 115.0410 120.7802 110.2194 112.8836 111.8772 109.5217 110.3215 113.5242 112.2426 112.0401 108.8930 111.5830 111.7952 114.2584 111.6123 111.4491 111.9471 108.3160 111.0488 111.8789 107.9583 115.9624 107.8705 112.3030 115.6767 106.3278 112.7419 108.0153 109.4428 112.1230 109.0080 108.7552 109.2400
114.3800 118.8930 120.9141 117.9619 112.3894 113.3056 119.8810 113.3391 112.4187 116.0226 110.0610 112.4659 115.4300 114.7879 112.7577 112.4416 109.2662 111.1372 113.4726 111.1567 107.4433 111.7761 113.6123 111.2934 108.0294 108.5769 108.9509 108.7223 111.9656 110.7864 112.4710 114.9814 114.5820 114.1712 109.9460 109.1115 109.5614 110.8654 110.7386 109.1300
115.9900 123.5338 115.1705 113.0063 114.6171 115.0619 114.1397 114.7003 110.6305 110.7273 112.8116 117.0768 111.6916 112.4798 116.0269 110.8895 108.7889 110.9690 112.2878 107.8417 108.3415 113.4781 113.5215 113.1605 110.1036 108.9240 110.2712 107.5059 113.8086 110.8675 107.9514 111.2051 114.4672 106.8987 107.3604 109.3120 108.2276 111.8503 110.9398 108.7700
123.1200 117.9179 117.5233 114.9576 116.9780 118.2011 116.4552 113.8897 113.1968 113.9641 112.0866 110.2694 113.6631 110.6268 117.7492 111.5149 109.6461 107.6728 108.0793 108.4719 108.2240 113.5898 107.7545 109.5304 107.6957 108.3189 109.1302 108.7773 110.7498 113.2503 108.4019 111.4414 116.1941 107.8138 108.2875 108.2916 108.3568 109.6177 109.8739 111.0000
120.3300 119.4439 116.6964 115.8964 115.9309 118.0123 115.2934 115.2647 114.1356 112.6651 111.9575 110.5891 114.8185 111.1140 114.1722 112.2340 110.8433 109.6174 109.7959 110.0244 110.9074 109.6217 107.9983 108.5305 109.6207 108.8885 110.1379 109.2217 107.6093 113.7654 108.8129 108.4659 108.2822 109.9179 110.3217 109.6390 109.4672 109.6345 110.4477 110.3000
120.3300 119.0229 116.6055 115.4388 121.1530 117.1286 116.0851 115.8039 113.1789 112.7182 112.6250 111.5813 116.5166 114.6782 115.9989 113.9643 111.2044 111.1618 110.1478 111.0694 110.7381 112.0053 110.2762 109.3615 109.2726 110.4755 111.1177 110.4756 109.2496 109.7575 110.5089 109.1189 109.1902 112.1240 110.5042 110.8926 110.3162 109.4945 114.4999 110.0100
120.1600 119.2756 116.2059 117.7244 117.8330 116.4057 114.6164 114.1652 113.4621 113.7137 114.3394 113.4400 113.5496 115.5554 115.8875 116.3706 113.9485 113.0693 113.1589 112.1697 112.8077 113.3360 112.7098 111.8486 110.3620 113.7238 112.6048 110.1947 109.9833 110.6224 110.3442 109.6427 108.5794 115.3347 108.5886 110.8743 111.9051 111.8684 115.0352 111.1300
121.6400 121.6400 119.1100 118.0700 118.0700 115.0800 115.3000 114.9000 114.1600 114.5900 116.8400 113.4600 113.4600 112.9800 117.5900 117.5900 112.9200 113.2700 113.3500 113.8100 113.8100 111.7100 113.6600 112.2900 111.7000 115.1400 113.0700 109.9700 110.1700 109.8200 111.0200 111.0200 110.5500 110.1100 110.9300 111.1800 112.3100 111.3700 111.7600 113.3300
