109.7800 110.5000 112.9300 109.9500 113.6900 112.4900 112.8700 110.0700 110.5700 112.5300 110.1700 109.9200 111.0500 110.4800 111.1000 109.2000 109.2000 109.2200 111.6000 113.8100 113.8000 114.0800 112.4000 112.4000 111.0600 110.7900 112.8000 111.0700 111.0700 112.8200 114.3500 114.4600 114.3000 114.2900 114.5500 114.4600 114.4100 115.6200 114.4000 114.1400
110.0200 110.0000 110.2612 110.3852 110.2531 113.0020 110.7413 110.5628 109.9463 110.5409 112.4439 116.4678 110.4080 110.8243 109.9337 109.7710 108.6813 109.0621 111.3663 113.2091 114.1574 114.6756 111.8154 109.8318 111.5146 108.6888 112.9644 111.0041 112.0858 113.5252 114.3731 114.7069 114.6772 114.4231 114.5689 114.5372 115.5979 112.7582 114.9784 114.6500
113.2400 110.3879 110.8891 111.5928 110.8754 112.3785 109.8285 109.7944 109.3344 109.8699 112.2229 113.6754 111.3179 111.0526 109.2739 109.3149 110.3739 108.8722 110.3265 112.1594 114.2195 113.0972 111.3785 112.5963 110.6998 108.8298 112.3087 111.2358 115.2560 114.3748 115.0362 114.7163 114.8248 114.6338 114.6672 115.0125 115.2426 111.6409 111.7182 114.6500
114.2800 110.7436 115.2379 111.8150 110.7494 112.6259 113.7867 109.7196 111.4459 110.2071 111.6002 113.0000 110.6268 111.1720 109.9702 109.5088 111.4534 110.1279 110.6083 110.8925 110.9954 111.4200 108.0795 110.6200 114.1230 113.6908 111.8160 111.9695 113.9982 115.6432 115.3579 111.3647 115.5830 114.4010 115.2500 114.5367 115.7506 112.1560 109.9628 110.2900
110.5900 111.2088 110.9540 109.5951 110.3402 114.9122 112.2160 110.3322 111.6271 110.5502 110.2873 111.6152 109.3045 111.9595 108.9255 109.4842 110.2411 109.2682 109.3763 108.4459 108.5083 108.1603 109.9761 114.0176 114.9012 115.8920 112.2847 110.3416 113.5048 116.2462 114.1222 110.7702 114.1074 110.1814 113.0503 114.5884 111.2782 114.4742 109.9224 110.4200
117.8700 111.8873 111.4070 111.4954 110.2279 114.0838 109.9545 111.0165 109.9957 110.4589 109.8100 114.1616 111.6222 109.8584 109.4798 109.4786 109.4546 109.0845 108.9066 109.4219 108.3622 110.0485 109.5270 112.4899 114.2239 114.9164 110.1240 112.8209 110.9926 114.7539 115.5772 110.0493 110.1195 110.3840 109.9136 114.4986 114.9096 109.8350 110.5881 110.4500
112.4200 111.7703 110.2051 111.1765 109.4219 113.9893 109.4451 110.5040 111.6635 113.1696 109.9866 113.6665 112.1245 111.0425 110.7375 109.6854 109.6353 108.6490 109.3480 109.0451 108.2183 108.6073 110.3414 110.5477 112.3731 112.5149 107.5990 108.3460 108.9855 113.9009 113.8737 109.9414 110.4028 110.3476 110.3209 111.5706 112.1465 109.9287 110.2453 110.3200
109.5600 113.3682 110.2557 114.0249 110.2259 111.8722 111.5537 110.5317 109.5786 111.1487 109.2012 111.6198 114.0616 111.2428 110.5901 109.2026 110.2180 107.9562 108.2521 109.7557 109.0579 108.2499 111.9900 109.0368 111.1637 111.3802 110.8016 111.7507 108.9752 114.3130 110.1334 110.0293 110.1225 110.0551 109.9780 109.2986 109.5473 109.5678 110.0650 110.1800
109.5600 110.6822 113.6808 110.5288 110.2765 110.2205 109.7085 109.8203 111.2784 111.3089 110.1043 109.7049 109.4003 110.0220 110.3038 108.8976 109.8724 110.8681 107.8760 111.3602 109.2195 108.7761 108.6110 111.2217 110.2879 110.6629 111.9466 112.8261 108.9564 111.8522 110.3815 110.1201 109.9286 109.8874 109.8064 109.5540 109.3971 108.7650 109.4280 109.6400
109.7800 114.4239 115.2908 112.3184 110.0590 108.8613 110.0866 109.6123 110.2450 112.5205 110.5892 109.9205 109.2955 108.9160 109.9774 109.0512 108.9250 108.5612 109.2162 108.3419 108.6481 109.7465 108.7445 110.2083 110.3193 110.2998 109.6200 110.6012 112.5881 110.4205 110.4960 109.8419 109.7549 109.6880 109.6988 109.4518 109.0565 108.6385 109.2239 109.5500
110.0400 110.7326 112.5087 111.1901 110.2486 109.8911 111.1162 109.2909 112.1573 112.5084 115.7749 113.2312 109.2087 110.5672 108.5664 108.1668 109.0233 111.0515 107.9939 111.0347 110.6657 109.2680 108.3452 108.0672 108.9360 110.3522 109.2156 109.0589 109.3820 110.3309 109.7389 109.5040 109.4265 109.2068 108.6670 109.0561 108.7920 108.1924 109.3781 109.4600
109.6500 109.3278 110.7598 110.5365 111.0825 110.7585 112.9215 109.1576 113.7379 117.5562 115.5769 113.0884 115.0147 112.3235 109.4290 108.6916 109.3837 110.2437 112.1108 110.5501 113.6742 110.6792 111.3889 109.4861 107.1552 115.3925 109.8671 109.5744 109.2889 110.0487 110.4575 108.3446 108.8353 108.2183 108.5842 108.2015 108.1784 109.0651 108.7394 108.6100
109.2900 109.1946 110.9812 110.1069 109.3162 110.4880 110.2497 111.1388 112.3773 113.1310 114.5001 114.0521 113.2254 110.5734 108.0304 108.8113 109.3337 109.6760 111.6227 112.0652 115.5338 110.6196 114.0449 114.5792 111.7046 115.3428 109.3993 109.9711 109.2042 112.6950 108.5768 108.6478 108.8282 108.8330 108.5821 108.5076 107.9531 108.3971 108.5403 108.5800
112.4400 110.5637 110.6373 109.3101 109.4394 109.0181 110.6234 110.1503 110.5359 116.6335 117.3441 117.3093 113.9056 111.3379 107.8057 109.8576 112.6746 109.9187 109.9862 108.5992 107.4859 110.3541 112.8390 112.6965 111.1414 115.0947 114.4238 110.7515 109.1838 107.8451 108.4511 108.1485 108.6827 108.1227 107.8802 107.5678 110.1176 107.9785 108.5925 108.6900
111.8900 112.9653 112.7854 110.8290 109.7483 109.9832 110.7262 110.2816 109.5964 113.5601 115.6335 113.9602 114.4799 110.3618 108.7565 115.1771 113.7615 112.6824 109.5467 108.4800 109.1651 108.0225 111.3665 109.9617 106.9006 112.2968 111.4254 107.3663 108.0592 108.2698 107.9879 107.7774 107.9752 107.8194 108.3948 107.2840 107.6219 107.7434 108.4062 108.7800
111.7500 113.0481 111.2008 111.5327 110.1735 110.4816 109.2468 110.5299 108.8517 112.6898 114.2358 111.3163 109.1041 109.6372 109.0918 111.0581 110.5606 109.7795 109.7446 109.6208 108.7387 113.0800 112.9132 110.5900 110.7183 112.4427 108.2803 107.3457 107.8193 107.8035 108.2193 107.4106 107.3186 107.0984 107.7832 108.6872 107.8612 107.1704 107.1607 107.0900
109.7800 111.9197 112.6166 110.7167 110.6500 109.8153 108.4097 109.6208 108.9344 109.6349 112.7652 109.5604 110.2701 108.1338 113.8720 112.4662 113.9888 109.8534 109.6604 109.3291 108.5697 108.5829 109.6705 109.5157 108.7954 111.7575 107.2646 108.1662 107.2846 107.1423 107.3715 107.4039 106.7067 106.3006 106.5590 107.9356 110.0953 106.6084 108.0007 108.1900
112.1300 112.7531 111.6877 111.4503 111.0998 110.2741 110.5931 109.0021 108.2168 111.2154 108.9291 111.1576 111.2566 108.6358 118.3926 113.8043 110.0402 109.7466 109.5188 109.3509 108.9972 109.0934 109.8151 109.8040 107.0657 109.5675 108.7185 108.0523 107.4466 107.7701 107.5815 106.2704 106.6291 107.2896 106.2122 112.3952 107.5580 109.8440 107.2817 107.3800
112.1300 111.6025 110.3970 110.8745 110.5280 110.2705 109.9154 109.4273 108.5807 111.2662 109.9518 108.5142 110.2323 109.2778 117.8867 108.8423 107.2548 108.2037 108.4263 108.6714 108.8525 108.4909 108.4659 108.6435 109.1041 107.9118 107.9904 109.3006 108.5712 107.0769 108.0080 106.8572 107.1995 108.1295 107.8942 106.8765 108.0653 108.4076 107.8606 108.0500
112.4800 109.9069 110.6878 109.6465 108.7938 109.6185 108.3859 107.9062 108.3564 110.3323 109.7363 107.8429 115.4551 105.8126 112.7228 114.0981 111.7452 109.8081 108.6008 108.4680 108.6156 108.3164 108.1225 108.3432 109.3111 107.3687 106.7209 108.4513 107.7495 109.5374 106.8670 107.5556 106.7332 106.0297 107.1971 108.0561 109.2738 106.5718 107.3996 107.3200
113.6500 112.4409 110.1863 109.0068 108.4957 108.8470 110.0398 111.0295 111.7503 108.4578 108.7264 112.0437 113.3112 108.0590 115.8214 114.2570 111.2288 110.9447 109.1186 108.6834 107.8993 107.4446 108.4254 108.1816 106.7728 107.6729 107.8063 108.5596 106.3513 108.1981 105.6673 107.3640 106.1611 106.2624 107.5089 106.3974 106.1622 105.7338 106.7706 107.0000
112.7600 113.3008 109.2574 110.5328 109.5019 108.5867 110.5493 109.2740 112.5787 107.1179 109.3090 112.5478 107.7501 111.9775 110.4036 111.6587 112.6650 110.0808 111.7049 108.4089 108.3680 107.4750 107.7386 107.2697 107.8889 106.8792 107.2619 105.6197 108.3043 107.3324 106.6450 107.1512 105.8845 106.2249 106.8968 105.6441 106.2907 106.8080 106.0920 106.9700
111.4900 110.2177 110.5884 110.4646 109.8521 111.3687 114.9271 113.4198 110.9006 109.9204 108.6237 115.9414 112.5930 112.9890 110.3551 109.0014 107.0415 107.3350 109.1026 111.2271 107.8654 107.7370 107.1527 106.6882 106.9288 107.4058 106.6873 105.3380 104.7253 105.9977 105.6712 106.2329 105.9055 104.9854 105.9077 105.4293 106.1415 105.7939 106.0514 105.7100
108.9100 110.5773 108.6171 109.7661 109.8678 108.8994 108.4924 112.7850 109.5547 107.6669 110.6811 116.4318 115.2954 114.9036 115.5798 110.4140 107.4566 106.9532 107.1359 107.9027 108.1574 107.4840 106.4812 106.7932 106.1606 106.1059 106.0800 105.7346 104.7628 106.2984 106.4635 104.8835 104.8862 104.9245 105.4858 106.0036 105.5225 105.6688 104.5729 105.1300
110.4400 109.5416 111.3146 114.1869 109.1566 112.8203 109.7678 108.8253 108.4850 106.5851 111.0002 117.3450 112.1084 115.1212 113.6511 113.5311 107.2058 108.6276 107.6492 107.8838 107.9178 107.6508 105.7261 105.9441 107.3118 105.9341 106.2531 105.8867 104.6504 106.9608 106.2684 103.9351 104.5522 105.2400 103.8973 105.5425 104.2126 105.6098 105.0817 103.8600
108.8900 109.9624 108.4557 114.6831 111.7168 108.5605 111.3009 110.1941 107.8376 111.6456 115.2764 115.8854 114.4088 112.6459 114.0780 112.9988 112.1063 107.8752 106.3974 107.0503 107.3331 106.5427 106.4200 104.9116 105.9247 106.4183 104.7856 104.9028 104.4279 103.6008 104.1846 103.5001 103.1618 103.3925 102.9713 103.4973 103.1479 103.1787 103.5709 103.6000
109.4500 109.3904 113.0352 115.9920 114.2816 110.4861 112.9781 107.4273 110.3696 116.7172 113.8435 114.2595 113.1356 110.5692 113.2835 111.4063 113.5435 109.9576 109.1454 106.0507 106.4985 106.9825 106.4399 106.3014 105.7218 106.2075 105.9444 104.2633 103.3830 103.0787 102.5897 102.6065 102.4931 102.2807 102.3732 102.0719 102.0215 101.9024 102.1175 102.3000
109.4500 112.3871 114.9201 109.9734 113.2463 110.6831 111.1032 107.9854 113.7352 111.1715 115.3741 113.5017 110.6099 110.4127 112.8027 114.0880 111.8427 112.9594 107.8708 106.6105 105.4187 106.6980 105.9237 105.3008 105.3252 104.2202 104.7326 103.4872 102.8937 102.3475 102.0771 101.5906 101.5470 101.4891 101.0388 101.0575 101.0858 100.9792 101.4095 101.6300
117.5400 118.1013 109.6932 111.4451 111.2158 112.6504 109.9198 108.9444 113.0999 112.3060 114.6550 111.6232 116.7482 112.5090 112.1322 108.9475 108.2416 108.5888 109.3090 106.1349 105.6776 106.6312 105.1401 104.4773 105.7362 103.3741 103.1954 102.5663 102.3779 101.9745 101.2294 100.7066 100.5537 100.1370 99.7370 100.1706 100.2884 100.1667 101.0822 100.9000
119.3900 116.6528 116.0489 115.8238 113.6151 112.4740 110.9191 108.5275 107.5208 114.6183 114.5200 114.4425 114.0664 114.3370 110.0383 111.7691 107.2601 107.3045 106.7998 105.9861 105.2769 106.5970 106.1534 106.0330 105.2717 103.2089 102.4778 102.0238 101.7427 101.2065 100.2549 99.9725 99.6615 99.0728 98.8358 98.8650 98.8956 99.4650 100.2253 100.5900
115.3000 115.5463 114.7364 116.7392 113.8836 108.6726 110.1114 108.9166 114.1629 109.1284 110.0751 114.6442 109.4535 113.7315 107.9832 110.7696 112.6547 112.3850 110.4071 105.3400 106.4316 106.7974 104.9815 105.8997 102.9771 102.5040 102.0708 101.5246 101.1166 100.4835 99.2215 98.4335 98.6254 97.7332 97.1386 97.2355 97.2599 98.2195 98.9159 99.3200
110.3700 109.9525 111.7345 113.4794 112.1175 113.0398 113.1279 117.8434 109.1251 110.8295 116.0454 110.6401 110.4681 109.1323 107.8269 108.4288 107.2669 110.0247 107.9861 105.8932 106.5963 106.6594 105.9027 103.6884 102.6564 102.2006 101.6539 100.5648 100.1747 99.3361 98.7811 97.4643 96.2817 95.7885 94.7754 94.7454 94.9424 95.7253 96.9731 97.4400
117.7700 110.6216 111.8822 109.7474 109.3620 114.2803 114.7078 115.2141 113.5629 112.8542 111.2138 111.7798 112.1346 110.6062 110.5389 107.6296 107.2005 107.2004 106.3264 106.9057 105.9242 106.0617 105.5239 103.3835 102.4403 101.8051 100.9217 100.0135 98.9722 97.9356 96.1493 95.3239 93.6184 92.0409 91.8790 91.7022 93.6778 93.6345 95.1002 97.1000
112.9000 113.9242 116.4322 114.5668 111.8689 112.6347 115.2307 113.5013 111.5289 112.7552 112.2093 108.9321 110.6579 107.2415 105.7855 107.5746 106.6915 107.9786 106.4749 106.5460 108.9381 106.4058 103.5106 102.8204 102.2377 101.4249 100.6186 99.6315 98.5635 97.1763 94.4736 94.3064 91.3975 88.9174 87.6429 88.5679 90.6965 91.9963 93.5035 95.0700
111.3700 114.2274 116.4480 114.4149 111.9494 114.1701 114.7937 107.3980 112.3506 115.1028 113.7431 110.2889 112.7235 110.7127 108.6028 106.6476 107.0701 106.3713 106.9656 106.0055 109.6112 106.4383 102.3381 102.6911 101.9140 101.0787 100.0826 99.0900 98.0638 95.9971 93.2752 91.6705 86.7316 85.4042 85.5783 84.6942 86.1768 89.5722 92.5007 95.0700
111.8400 116.0633 116.9705 115.4158 112.7607 115.0685 111.1278 110.7488 108.5980 112.7155 109.1175 110.0609 110.5610 111.7542 106.7333 105.3462 106.9774 105.9421 106.3896 105.7686 104.6031 104.3423 103.8655 102.6084 101.8681 101.0236 99.9713 98.7280 97.3802 95.4780 92.3657 87.9681 85.3449 81.1272 78.0248 81.4675 84.6424 86.9208 91.5333 92.3300
113.3800 114.5794 113.6526 113.0036 115.2570 115.0430 113.1936 111.6111 110.4544 109.6287 111.5432 108.5192 112.0383 113.4878 111.1246 109.7650 107.2351 108.6432 105.4882 105.8638 105.9442 104.0749 103.4015 102.5227 101.8952 100.9677 99.8938 98.1308 96.8312 95.4863 91.8799 87.0734 84.6312 72.9833 68.5615 71.9528 78.7737 86.1425 89.5416 90.5800
116.8400 112.5522 109.4192 116.0428 116.0822 115.6391 113.4806 113.0229 112.4806 111.2403 108.9855 109.3641 112.2777 110.8888 113.3989 109.1526 106.4168 108.4515 105.8955 106.0471 106.3941 104.2025 103.3123 102.5552 101.7365 100.9474 99.5936 98.4504 97.1602 95.2430 91.6045 86.7425 82.7016 68.8172 65.3506 69.0304 76.3760 85.9271 88.7797 90.4900
110.4500 111.9606 108.8207 109.4204 112.9301 112.9244 113.8516 113.8233 111.9358 111.3354 110.1517 110.6013 111.8281 109.5799 115.3770 108.1021 108.0222 105.4092 105.5943 105.3250 105.7103 103.8812 103.2697 102.5920 101.7493 100.9933 99.6582 98.7067 97.3714 94.8661 90.9769 88.3492 85.5970 68.9578 66.3716 71.7673 78.9864 85.0256 89.5771 90.8600
110.4500 110.9200 114.0400 113.1200 112.4500 115.2700 115.2700 110.8900 110.8900 112.6600 112.6600 115.2700 115.2700 114.6300 107.8600 107.6500 107.6500 110.6200 105.2900 108.9100 104.7000 105.5000 103.3400 102.5400 101.9100 100.8900 99.9800 99.3100 97.5500 95.6600 92.7000 90.5100 84.5500 70.5400 70.8500 80.3100 84.1100 87.9600 90.4000 91.1800
