109.4200 109.1600 109.3600 110.2400 110.8900 113.8000 119.5000 115.2200 115.8800 117.4600 115.5400 113.7800 118.6300 120.3100 118.6600 120.5100 120.9400 120.7100 120.2600 120.0300 119.5900 114.7200 112.7000 110.9900 109.4800 104.8000 105.1200 105.4300 104.3900 103.4100 103.2800 104.1600 105.2100 106.8000 106.4300 109.4000 114.0400 108.5100 108.4300 108.4300
110.9400 109.8868 110.9499 109.0504 110.8893 114.4751 116.3773 121.5910 114.3161 114.9812 116.1597 117.5226 117.1015 113.1638 118.4968 121.0944 120.6614 120.6859 118.8527 119.7792 116.8421 113.9684 111.6163 109.8675 106.8422 104.7241 105.2609 104.2169 102.9589 103.6579 104.4836 105.5073 106.6117 108.0172 109.5053 111.0019 115.0859 113.2238 113.2305 113.6300
109.7900 110.4641 109.9094 110.0055 109.9717 120.5473 118.0107 116.2358 112.5538 113.6510 114.3620 111.0267 111.6406 115.7480 120.0893 121.0502 120.5673 119.5244 118.9345 117.9354 114.6563 112.1594 110.1953 108.2172 106.6676 105.2905 104.0669 103.6353 104.3681 105.0176 106.3932 108.1431 110.8755 112.8668 114.2482 113.5444 114.4504 114.1534 114.0539 114.1300
110.0700 111.9336 118.8423 112.9996 111.4501 111.4361 113.5030 118.1880 117.4943 118.6789 116.9753 113.7880 112.3956 113.5116 120.5692 120.5900 120.3905 120.1171 119.5900 115.6427 112.8975 110.5402 108.6430 107.2110 105.4628 104.0738 103.2998 104.5351 105.8843 107.1992 109.5644 113.2025 114.4016 113.2098 109.9685 107.9059 106.6848 105.6280 105.2810 106.1600
109.5500 114.6335 117.5109 112.2056 113.6303 113.8965 113.1273 118.0362 118.2253 119.3551 115.1717 114.9878 113.3043 113.6298 108.5572 119.0846 120.4686 119.4759 117.2003 113.9995 111.4232 109.2735 107.3081 105.6679 104.3710 103.4855 104.3592 105.7764 107.5163 109.8399 113.2891 113.5305 110.1614 106.4559 104.0733 102.4271 100.9816 100.9990 101.3436 101.1000
124.4000 117.2970 117.7380 117.1853 111.0486 114.0727 117.4148 118.6695 117.9435 118.1473 118.0584 114.9216 120.1022 120.9084 114.9490 120.1639 118.7106 117.8079 115.3050 112.4369 110.5596 107.6136 106.4464 104.7382 103.2605 104.2512 105.4633 107.4744 110.0397 112.1383 111.2547 108.0140 103.8274 101.8003 101.1899 100.4784 100.9014 102.4973 102.0149 102.5300
112.1300 108.0231 115.0089 118.3333 112.9642 116.2294 117.5493 116.9021 116.5600 116.4985 117.0277 114.8809 119.6534 113.9008 115.6994 118.0871 112.8592 116.5155 113.2980 114.2812 107.9528 105.0925 104.0847 104.0148 103.4510 104.8920 106.7448 109.3076 113.1736 110.9496 106.8348 103.1137 100.8091 101.9257 100.8106 100.5769 100.1037 99.7017 99.6667 100.2700
108.8900 109.3242 111.3602 115.0372 112.1008 118.1510 117.9529 115.9049 112.5242 114.8187 117.5084 115.2331 116.8899 109.6885 110.5749 115.1312 116.0907 114.1481 112.3664 115.9678 105.6815 105.1090 105.5275 103.3633 104.2501 105.9049 108.6094 113.2104 113.7796 107.6060 102.6441 101.3859 100.8761 100.8595 99.7724 99.3091 98.8890 98.6289 98.5556 97.8400
109.5400 111.4437 113.2002 111.6420 119.2523 110.2049 116.1122 110.3944 113.5203 110.7400 117.2719 115.7166 117.5475 110.0207 109.0536 118.3136 117.0540 115.3161 111.6891 114.6835 105.8116 105.0684 105.0021 104.8603 105.1520 107.7339 111.6943 114.8502 109.6560 103.6126 101.0790 101.6155 100.3336 99.4614 98.7712 98.0086 97.3770 96.9375 96.7871 96.1500
116.3100 116.6610 113.7329 113.0948 114.5238 110.0793 111.1535 113.7442 107.9554 113.1678 113.7507 112.4217 110.9106 109.9487 115.4046 112.1455 113.6418 112.3993 109.6587 112.1236 111.0943 109.5517 107.2067 110.0559 104.9483 103.8524 110.7793 112.9112 105.4493 101.2228 100.9807 100.4588 99.4814 98.4979 97.4631 96.3984 95.4526 94.7710 94.5453 93.9200
109.5700 110.6263 112.0003 110.9593 109.6384 110.9815 115.8394 110.7392 114.7837 118.8436 114.2272 112.9411 110.5815 113.0205 114.4995 111.6004 110.3143 107.9995 108.7313 112.4388 107.6183 106.6821 109.1402 111.3616 104.8255 105.4003 108.0644 110.9231 102.3556 101.0782 100.6964 99.6972 98.6251 97.3647 95.9480 94.4200 92.9373 91.8100 91.3414 90.9200
109.1700 111.5620 110.5448 113.0619 112.3467 109.8532 109.0038 111.7438 114.5097 113.9235 115.2538 111.6638 112.5312 118.2209 109.6574 108.9523 112.6085 109.2602 107.3665 105.8348 105.6498 107.8572 107.9238 103.4386 103.5920 108.9026 104.9403 104.0895 106.4248 100.9431 100.3257 99.0903 97.7647 96.1706 94.2509 92.0403 89.6955 87.7617 87.5724 87.3800
109.8500 109.6401 110.4143 110.3984 110.6504 110.7802 108.5767 112.9090 114.1829 112.1539 115.0588 113.0083 109.2876 109.6846 107.4489 112.8112 115.9212 107.3252 107.5790 114.0434 106.7555 107.3904 106.3384 104.3764 106.7606 107.4690 102.9227 107.5723 101.9874 100.6997 99.9307 98.5250 96.9779 95.0017 92.5595 89.3646 86.0675 84.0308 81.8976 82.3300
110.4600 110.0298 113.2028 109.7843 118.6968 111.5836 111.0515 115.6818 115.0012 114.2474 113.1661 112.3814 109.7714 110.8312 107.7626 113.3934 110.7331 112.2503 112.4264 111.0129 108.7118 107.4550 110.6096 108.9080 108.0455 102.9853 105.1261 102.7614 106.2916 100.5711 99.4920 98.1083 96.3393 93.9802 91.2040 86.8506 83.9291 77.8008 74.4565 75.6900
109.6500 110.1494 108.8894 107.7511 118.8643 114.2463 115.5147 114.8045 115.0543 113.3027 112.4604 114.0885 113.2361 108.3504 108.5402 111.9220 110.1900 108.7577 106.1265 106.5457 106.7936 110.0296 107.7329 109.0044 111.0574 103.1133 106.4474 106.6509 104.8224 100.5712 99.3174 97.9238 95.9685 93.4091 90.0384 85.0376 78.7452 67.7410 65.9057 75.6900
109.1400 112.5184 111.3569 109.8431 119.6858 114.3853 112.3577 110.2947 115.4791 112.4343 114.3828 115.0316 113.8117 110.1945 110.5690 111.3756 108.8232 106.2689 109.2895 106.3990 107.6477 105.9260 106.0972 105.1827 104.6521 105.4112 105.2386 102.9379 101.5659 100.9614 99.4890 97.7933 95.9303 93.2824 90.1048 84.9210 77.9186 64.7601 62.9718 74.5600
109.3200 113.4146 112.7472 109.9952 117.4668 110.9449 112.1313 111.9868 111.9963 109.7145 112.0869 112.7668 111.1249 110.3675 111.0619 115.1017 110.1151 108.5411 107.1262 109.6709 106.1791 106.7026 106.5961 106.2397 105.5361 105.8031 103.6306 103.7909 101.6059 101.0486 99.6334 98.0587 96.1912 93.8778 91.9150 87.1675 80.6941 72.5042 69.7288 74.5600
109.6000 109.9157 111.6334 109.2668 113.4288 110.6069 108.9145 112.7643 112.6507 111.0304 108.4589 111.1827 111.5457 108.8547 114.2007 114.3505 112.7605 109.8143 108.3987 114.0258 107.9840 106.8925 104.1917 104.7931 103.8477 104.5292 106.1659 103.8393 103.4106 100.8861 100.1652 98.5886 96.9436 94.7128 93.6190 90.8984 85.3989 81.2808 83.6227 87.4400
109.1100 109.1982 111.1633 109.2957 111.9277 109.0175 113.1255 111.4773 111.9212 110.0601 108.2982 109.8813 110.4420 108.5849 111.1766 108.5104 112.9657 112.6847 107.3182 108.6536 112.6794 106.3420 111.6439 109.9008 104.5727 106.1181 105.5317 104.3373 104.4878 101.2349 100.5122 99.0495 97.7426 97.3448 95.5686 94.8300 91.1472 88.4735 88.8888 88.6900
113.6000 110.1120 111.7434 110.2031 112.9291 109.1890 110.0375 113.9354 110.9852 109.3895 107.9911 108.1094 106.8657 107.0902 112.7137 113.1611 114.3404 116.6788 110.5442 105.8046 106.4362 106.5580 106.7169 108.5549 106.4221 104.1741 103.4641 104.8090 103.4339 101.6441 100.8502 100.0211 99.0504 97.9764 90.6807 97.1233 94.8717 92.2471 92.1056 92.8000
112.0300 110.0831 114.5116 109.1504 109.2955 109.6835 107.9260 118.4843 117.9457 109.0170 109.7787 108.0988 112.2787 111.1233 111.7710 117.4772 114.6922 110.4411 110.8291 109.6657 109.1413 106.4241 105.5184 105.5826 105.8283 105.5212 102.3930 104.2107 104.4046 104.2148 101.1716 99.1767 91.9217 91.2471 92.6013 93.1829 89.4032 95.8862 96.1004 96.2900
115.6000 112.6957 110.2623 109.0756 108.5723 110.4425 109.4630 108.3385 108.8627 109.9766 110.4752 112.3076 108.7108 113.8745 109.1168 109.8124 113.2207 109.8055 107.5300 107.7677 106.9661 105.1981 105.6818 106.3854 105.0261 105.7209 105.9293 106.8654 104.7773 103.5336 103.1020 97.1597 93.2130 92.6494 101.0807 95.9727 87.6936 98.0580 97.5907 97.7800
115.0100 110.3796 109.8454 109.2157 108.7306 110.5174 109.9323 109.1767 110.7728 109.3242 110.3425 112.3859 108.1044 114.0466 112.4678 108.8107 107.2971 108.6157 107.5815 109.1206 107.0542 106.2576 105.7299 105.9770 105.1329 105.8052 105.7662 104.1444 104.7090 104.3400 102.3653 102.5062 94.5062 96.7441 101.8532 90.6949 93.6656 99.8150 98.7802 98.8000
114.0800 115.7646 111.6701 109.5673 110.6069 109.9939 111.3379 111.8864 111.3991 110.2750 109.0243 113.4764 111.9240 112.5147 109.4955 106.6529 102.6409 108.1728 108.7151 109.2434 107.2246 109.3645 106.9586 105.8185 106.1125 103.5921 105.0656 102.1849 104.2685 98.0218 96.9395 103.0456 98.7803 94.2974 93.6555 95.1027 94.6574 99.5205 99.9616 100.6100
114.3500 116.1050 111.7669 112.8425 108.9071 109.5696 112.5421 112.0508 109.8309 107.8085 110.8006 108.8920 112.7508 112.1200 113.8060 113.6264 105.3565 105.1344 109.9860 108.6717 106.8944 107.4915 107.3087 107.1489 107.0484 106.0014 103.4431 101.5181 103.0226 101.5690 98.6208 103.7472 101.0800 96.0884 95.0033 100.4515 93.1437 101.3120 100.9016 100.6100
114.5300 109.8971 110.1264 114.1523 110.4032 110.3090 110.3082 110.1821 109.2152 108.4040 109.1081 109.7302 106.9991 108.3358 116.3704 113.8104 107.4333 105.9482 105.8299 109.8098 107.1619 106.3824 106.1308 106.1385 106.3077 105.4501 106.3688 103.5082 104.6614 104.9836 100.1181 99.6992 98.9710 104.8387 103.5216 103.6781 97.3183 102.3659 101.8788 96.5200
117.3300 113.0136 108.2120 112.8686 114.3471 109.2003 112.1356 111.2505 111.0363 110.2731 108.9395 107.5499 108.2341 107.8516 111.4480 109.2174 103.9232 104.1068 105.2190 110.4822 110.4452 108.6792 111.3139 107.0518 107.1139 106.8184 107.3139 105.3574 103.8277 102.9895 101.7665 104.4110 100.3855 102.7576 105.1945 104.9552 105.3673 100.3121 103.6776 104.8500
116.0700 114.4313 113.7874 116.8935 116.5090 108.7313 111.1968 110.6583 110.8699 110.0776 109.2082 108.7436 107.2779 108.9949 110.4276 106.6182 110.5912 112.5891 106.0672 106.9238 114.7693 112.2565 108.9824 107.1287 107.9008 107.9847 106.8429 105.3280 106.3159 104.8371 107.0395 102.7030 102.0419 99.9332 104.4088 104.2189 100.1647 102.9068 103.8001 104.8500
116.6300 118.7379 114.9925 112.7896 118.0753 111.9109 110.0682 111.2824 110.7702 110.5982 110.8980 110.4583 109.6246 107.2813 108.1001 106.2143 108.2554 113.4516 108.2820 105.2563 106.8224 111.6481 109.0355 108.1097 107.2856 106.7888 107.4727 104.9148 105.0732 105.2083 106.0370 102.4709 101.6333 101.2697 105.7170 105.1493 104.7812 105.6813 103.6610 104.2700
117.7500 119.7831 114.9592 114.6493 118.8492 111.4465 110.6540 108.8107 111.4444 111.6822 111.8039 110.2874 110.5561 108.1617 109.8540 111.6013 110.6421 109.8214 112.4665 109.5645 108.1581 107.9485 107.9102 107.0650 107.2339 107.1195 108.2268 106.8297 104.1420 106.2583 107.5517 105.3909 106.1062 105.8900 106.6423 105.6192 105.3919 106.0894 105.3067 105.4500
117.6900 118.6868 116.5983 113.9939 113.2277 109.3268 110.1170 110.8201 108.6789 112.1484 111.3902 110.8191 110.5821 110.8953 111.6097 110.2321 113.9294 111.7070 107.8866 109.0961 108.5670 102.8408 109.5985 108.6125 107.7275 107.2109 107.7358 107.6662 105.9908 106.9421 107.1865 107.0489 107.0740 106.2957 106.4324 107.1886 107.4538 105.4307 105.8003 105.5200
116.6400 116.0637 116.9704 116.3824 114.7325 112.7694 113.1994 109.7838 112.6177 110.1689 110.3660 108.1538 108.7673 110.1463 115.6652 109.2709 112.9685 109.7084 108.8142 108.4321 107.5377 102.8167 106.0498 109.7939 107.8952 107.5363 108.4117 107.8173 107.3289 106.8312 106.7756 106.6716 105.3097 106.1779 106.1359 106.5848 106.9276 106.4253 105.7213 105.6200
118.5000 117.4497 117.0917 116.4953 116.1964 115.0323 116.1274 115.9175 118.0033 111.3362 110.5917 109.2060 109.4059 112.9443 110.7642 108.1166 109.5362 108.3197 104.9491 104.6874 104.7025 104.8660 103.7822 103.0686 109.5416 107.8561 108.6748 107.7919 107.8987 107.0552 106.7034 107.8373 105.5048 106.7273 107.4782 106.9160 107.2655 107.2470 107.0775 106.8300
121.0600 117.0341 116.7545 116.5241 116.3814 115.2389 117.3167 116.3026 115.1913 112.2775 110.4985 109.1113 108.3701 109.7071 109.8298 109.5351 109.7563 109.8571 105.8534 105.5526 106.3839 105.8773 104.6337 108.8892 110.3049 107.8964 108.8052 108.5456 107.7378 108.3594 106.7389 107.9768 108.0595 107.8544 106.4641 106.5349 106.5709 106.7194 106.5826 107.1800
117.6200 117.1332 119.1231 116.6963 116.9313 115.6475 116.7497 116.8479 113.9696 111.1698 111.4776 109.8598 109.2679 109.0803 114.7185 111.3365 112.2132 109.4287 106.8377 105.7111 105.4570 108.1212 107.5732 106.9385 107.3555 108.7330 108.5219 108.5089 108.3097 108.5868 106.9177 108.2158 108.3299 107.9556 106.8708 108.0513 106.7123 107.0625 106.6156 107.6000
119.6000 116.5065 118.1539 117.2621 115.2333 117.0007 120.6370 113.8550 113.8583 113.0063 111.5012 110.6278 110.3743 109.9844 114.6205 113.8857 113.4845 111.7193 109.7146 106.4968 105.7394 107.1881 108.9928 112.3665 112.3697 108.8625 108.7584 109.0025 103.7388 108.0461 108.0465 108.3835 108.6563 107.9714 107.2899 107.2814 107.4655 107.2018 108.3983 111.7700
118.6300 118.3676 116.2636 116.2635 116.9222 115.6895 114.9652 113.7707 113.2234 112.9130 111.9563 110.5192 112.6611 114.4004 114.3670 110.3706 114.0029 112.6350 111.7750 106.8452 106.5960 109.7162 108.6295 107.7752 110.8425 108.6595 108.9251 109.2186 102.8515 103.2748 106.2608 108.2917 108.7383 109.0273 108.9816 108.5216 106.7838 106.9472 107.1151 111.7700
118.3900 118.4979 117.2013 116.4133 118.4304 115.0498 115.0785 113.5605 113.4307 113.0205 114.8196 111.4565 112.3630 113.8097 110.3215 109.9641 113.2736 109.5216 109.8177 106.7808 108.8607 109.2308 108.5250 110.0865 106.6798 105.9393 108.3259 104.2284 104.2348 104.4713 102.7395 105.2152 103.4490 104.7964 108.8280 109.4628 111.9863 107.7858 108.7261 106.5800
119.7200 118.1670 114.4984 118.3115 117.4027 115.7015 114.9046 115.9603 115.2776 116.3769 112.2124 111.6240 114.3499 111.6922 112.3785 113.3791 114.0469 110.1827 112.0424 107.4624 111.4192 111.3883 114.6684 111.8007 107.5495 107.0430 107.2632 106.7200 105.6765 104.3320 105.3844 103.9695 104.6472 109.6975 104.3349 107.1053 105.8808 108.5613 110.8781 106.4700
119.7200 118.1400 112.9800 118.1100 117.2300 116.1200 117.6300 116.2100 113.7700 113.4000 112.5900 112.3000 115.5100 111.1100 111.2500 111.0100 110.1300 112.1000 110.0600 110.0600 108.2100 108.0800 107.3900 113.3700 109.0000 109.0000 105.8000 105.8800 105.8800 106.9700 109.6000 105.4200 104.8200 109.4600 104.6000 108.6800 113.6600 112.1500 106.3500 106.4700
