111.9500 110.7000 112.1700 109.6600 109.9500 110.4900 110.9400 112.3900 110.8100 112.3600 111.5500 113.2600 113.5100 111.9800 111.1200 112.8900 111.4500 114.8200 115.3900 114.0400 114.3600 114.7000 114.6200 114.7900 114.7800 115.3900 115.3900 114.8300 115.2800 115.2900 115.4900 116.3200 116.2400 116.1100 116.2900 117.8700 116.1900 117.0700 118.4600 118.4600
111.9500 111.5046 110.2182 110.2320 109.5308 111.6380 110.0282 111.0858 110.2061 110.4686 108.6529 111.3972 112.8843 110.9719 112.5452 113.5546 110.2193 115.4378 115.2226 114.4462 112.5697 110.8362 115.7725 115.1642 114.8812 115.2848 115.4776 114.8107 114.5471 111.1725 115.9764 115.7533 116.4894 116.3108 116.3455 117.7831 116.3897 117.7923 118.3286 118.2500
110.1100 111.7542 112.6296 110.2375 109.8621 110.9043 111.3164 109.7610 109.7559 109.2679 110.8684 108.8520 110.6354 110.8780 110.4434 109.6725 110.4422 115.7994 114.7619 115.0431 111.7450 110.6594 116.2989 115.2578 115.6412 113.5231 114.6622 114.7774 115.6201 115.6886 115.7085 115.4083 116.2075 115.5354 116.0929 117.4009 116.2968 117.1485 117.1748 117.1000
113.4100 113.1796 110.0432 110.1992 110.4702 112.1167 109.9977 115.6642 109.2272 109.6381 109.6707 111.3142 109.3351 108.7222 109.0346 111.1281 111.9711 115.1755 114.9905 113.7850 112.1714 111.3276 111.0327 110.3264 114.1842 111.2491 112.0321 112.8493 114.6506 114.0090 115.1313 115.0007 114.6306 114.6008 114.6340 115.7080 115.0635 115.5513 115.4732 115.4600
113.5700 111.3782 110.6987 110.2000 109.7689 110.6445 111.1364 115.0068 110.6295 110.5374 110.5959 109.8713 111.6391 108.5948 107.9310 108.8915 110.7008 114.4584 114.4467 113.3693 112.3238 111.1210 111.8045 108.6749 109.7276 112.4637 109.4076 112.2970 114.5777 115.3790 113.0396 113.7594 114.2896 113.5628 113.2344 113.4381 113.5332 113.7984 116.4981 116.2700
110.2600 111.2808 110.2602 109.9602 109.9079 109.8633 114.4245 114.6541 112.4102 109.5921 109.7235 111.0677 109.1329 109.4741 109.3483 109.6270 110.6385 110.7710 112.4439 113.3738 113.3143 110.1786 113.4968 109.2580 115.5582 112.1494 113.8923 108.8215 111.3608 108.5140 108.8931 112.9975 109.9140 108.4264 111.7929 114.3940 114.5691 114.9541 114.8955 115.4000
111.3900 112.4400 112.1182 111.8045 110.5272 108.9507 113.0228 113.1621 110.8274 113.9107 112.0646 111.4620 110.4352 112.8236 110.6855 108.7943 109.4618 108.8063 114.8610 113.1916 110.8372 116.4959 115.5281 114.1711 113.4029 111.2548 114.1827 108.6700 108.7791 108.9735 108.6582 111.0217 108.4894 109.3465 108.3875 109.4880 114.9552 113.9206 113.8527 113.7200
111.3900 109.8608 110.9973 110.8263 111.5505 111.5264 109.9758 111.7031 111.0220 112.5464 110.6496 109.8845 110.4920 111.3396 112.5624 109.0869 108.3832 107.5118 109.4971 110.0253 114.5074 115.8975 114.6809 115.8019 113.8276 112.0553 113.0494 108.4045 108.7690 108.5174 108.2914 108.5358 107.8784 110.8819 107.7596 107.9323 110.6684 110.0177 112.9213 114.2300
110.7800 111.2905 109.7822 110.4424 109.8373 111.5936 109.6399 110.6448 111.7122 109.1400 110.1885 109.6798 110.5119 111.1221 113.2719 112.0251 107.8281 107.8607 107.8945 108.1887 113.7531 112.8668 115.4067 111.2241 110.0472 109.8930 109.6412 108.2784 108.4855 108.0859 107.8894 107.7112 107.6642 107.2479 107.6796 107.0970 106.9816 107.1819 109.5966 108.8900
109.6000 109.4367 109.4994 109.7511 111.5686 110.8908 112.5027 112.5481 112.0725 111.8179 110.9565 109.8177 109.7157 108.0899 108.8303 109.7314 109.5410 106.8884 107.7455 110.2852 109.6916 112.0588 114.4369 109.3653 107.9978 109.6919 109.0299 108.5878 107.9531 107.5891 107.4113 107.4323 107.9219 107.6453 107.2410 106.6875 107.0504 106.1986 108.0818 107.4200
109.3700 110.3209 109.3246 109.8131 109.3603 109.2063 111.2994 111.5373 111.5277 111.1972 109.5098 109.5180 108.6607 113.0490 112.7971 107.7163 111.8744 113.1570 108.9341 108.7248 111.6423 113.7646 109.1444 107.9277 107.6772 108.3902 108.4686 108.0676 107.8532 106.9460 107.0422 106.9129 107.4461 107.5931 107.5179 107.2614 107.2996 107.0270 107.3119 107.2400
109.5800 111.9005 110.3598 110.1719 109.3482 109.2036 110.2651 109.4797 116.4013 112.3497 109.6662 108.9726 113.0380 109.2334 109.5975 110.6791 107.4671 110.8149 112.9936 114.4117 114.8948 110.1715 110.7045 108.6835 108.5141 108.3969 108.2889 107.2425 106.9819 106.3021 107.0865 106.2527 106.9009 107.3516 107.2610 107.0690 107.1620 106.7464 106.4474 106.3500
109.7500 109.9121 111.7824 110.3141 109.1919 110.0966 109.9418 110.1235 111.5803 110.6212 112.0376 111.9090 107.7019 107.8626 109.5172 110.0763 109.0732 108.3358 108.2310 109.1189 113.9737 109.5610 111.8830 108.3976 108.1737 108.1892 108.1774 106.8451 106.2121 105.8087 106.4398 107.2017 107.1155 106.7218 106.8537 106.3830 105.2055 106.5136 105.4834 105.6100
109.1900 109.5104 109.7545 109.9230 113.5151 108.8342 111.6554 113.8170 113.5050 116.2332 117.1504 113.1821 110.5561 109.2965 109.1800 112.4855 112.6396 111.0318 109.6116 110.3143 107.9508 107.1062 107.3459 108.2483 108.0352 107.8701 107.6837 107.3869 106.1085 106.7246 105.5917 105.5339 105.8675 106.0768 106.0929 106.1443 104.5790 106.1780 105.0302 105.0500
109.4700 109.9591 109.5597 109.1684 112.6947 114.2373 114.6543 114.4141 112.8750 108.5874 110.0562 112.7908 111.3536 107.6282 108.1889 115.2502 115.8431 113.5209 108.1099 107.4599 108.6646 108.1761 107.3484 108.0241 107.7125 107.1200 107.6561 106.3594 106.0492 105.6226 106.2613 105.3937 104.5793 105.5480 106.0132 104.6581 103.9781 105.9231 105.8898 105.9800
110.6300 112.3969 110.5280 109.0568 112.6682 109.9484 115.0083 112.6319 115.0301 113.9540 109.4012 107.2279 110.4314 110.1500 107.9622 110.8987 112.7245 115.3378 112.1730 110.8333 108.2294 107.5809 106.8506 107.5217 106.5938 106.2321 106.5368 106.7414 107.1651 105.6373 105.2599 104.8859 104.4012 104.3401 104.6428 104.1935 103.7626 105.2427 105.5029 105.5900
110.5000 112.8801 110.4152 110.1053 112.0784 110.2453 113.2051 111.1134 113.1023 113.2352 111.3293 108.8585 108.7433 108.4870 108.0974 113.9062 111.0188 110.8281 111.3957 113.4388 108.6256 108.3796 107.4939 107.8839 106.7907 106.4812 106.4434 106.4575 105.4027 106.0641 106.4267 105.5005 104.9116 104.8569 104.9407 105.0926 104.5839 104.0745 105.1046 105.3700
110.3800 109.3907 110.7290 110.2501 110.5670 109.2195 111.8025 113.1710 113.9915 113.6020 111.0201 108.8066 109.2090 108.8596 107.9701 109.5977 111.3936 109.6708 108.4886 109.3790 107.7904 108.1946 107.6516 107.7053 107.1129 106.3575 107.4765 106.5255 105.8428 106.0850 105.2117 105.1609 105.0390 104.5984 104.2249 104.5545 103.2063 103.2670 103.0753 102.0600
110.1600 110.2695 110.7281 110.9169 110.9462 109.6777 111.8551 115.1122 115.3869 112.9942 111.7855 109.5669 108.4982 110.8112 110.3294 107.6136 108.1633 110.0692 109.2510 112.4482 107.9130 107.9294 108.1239 107.8398 107.4476 107.2076 105.1604 105.6570 105.4213 105.5672 105.3106 105.0242 104.9488 102.7247 102.4321 102.6708 101.7316 101.5709 101.6989 101.5400
111.5400 111.3820 109.1411 108.8626 109.2364 110.5699 108.4970 111.2498 109.7790 110.8415 110.6154 110.6286 109.8060 109.5416 109.8390 109.4749 111.9322 108.4402 108.2362 109.4685 107.7471 107.9671 106.3125 107.2819 107.3010 106.9122 106.5549 105.9530 105.8065 105.4213 104.6899 103.9998 98.5657 101.7832 101.7892 95.5607 101.8498 101.0426 101.0064 100.7300
109.6400 109.2632 110.7200 111.9305 110.2927 108.9440 110.8470 110.4267 109.4032 109.5705 111.8258 112.5690 112.6328 108.8465 110.1912 109.0424 109.3216 109.0001 108.6456 108.3064 107.5890 106.7986 106.4318 107.3477 106.3942 106.7027 105.9677 105.1127 105.5168 104.9085 104.3226 102.0830 100.6243 101.9220 101.5485 99.9306 100.8047 99.6092 99.7418 99.5200
109.1300 109.0124 109.0712 108.9615 109.3200 110.7301 111.9161 110.5375 113.5465 112.1968 112.3266 114.6669 107.4034 108.7237 114.2559 113.4684 108.9984 109.0039 108.2643 107.9375 107.1777 106.9411 106.1297 105.6094 105.5376 106.3022 105.3305 103.8877 104.7935 103.8913 102.5700 101.8289 101.2398 100.5821 100.1687 99.8122 99.2377 97.2337 98.2741 98.0700
111.5000 110.3240 112.1108 111.2655 109.9657 110.9846 108.5882 111.4261 110.7484 110.6401 113.7349 109.5043 110.8742 109.1236 109.8678 110.4765 108.3501 108.6711 108.5388 107.5366 107.4475 107.2066 107.5151 105.3698 106.0480 106.0971 105.9282 104.5118 103.4380 102.5260 101.8373 101.2193 100.5828 99.9469 99.3729 98.4745 98.2077 97.1641 96.0067 96.1500
111.6600 112.3328 111.6383 109.2265 111.1800 113.5205 111.8785 108.7655 109.5466 109.9251 112.3784 109.8684 108.1515 108.1913 108.3421 109.1240 104.3348 108.2948 107.6614 107.9016 107.9158 107.0998 106.4394 106.7060 105.9149 105.9240 105.3648 104.2645 98.0954 102.5293 101.5047 100.7575 99.9162 98.8276 98.0051 96.9277 96.8575 94.8448 94.2013 94.6600
110.8500 110.0864 111.1434 109.9163 110.8733 112.2694 111.5636 108.4778 109.1468 111.8123 109.3854 109.5421 110.3574 110.3359 108.9925 108.6348 108.1463 107.1078 107.6541 107.4144 107.7796 107.3102 107.4347 106.8247 106.7799 105.6353 105.3456 103.2666 102.6255 101.6531 100.9409 100.2554 99.5290 97.7470 96.1359 94.9021 93.5643 91.9583 92.1159 92.2800
110.2100 110.8342 111.8079 111.3529 109.3613 109.7051 110.6757 109.1098 108.9201 109.1454 108.3866 107.7309 111.0589 110.3015 109.6921 108.9285 106.3079 107.5665 108.2712 108.1212 107.4969 105.5050 106.0314 106.0085 105.6237 105.3012 104.0632 103.5650 102.2516 101.2378 100.4751 99.0307 98.4070 88.0449 94.7812 93.2870 92.8327 90.6609 87.4743 90.8500
113.5200 109.5870 109.5908 109.9864 111.5968 108.5852 109.3467 109.3042 108.8692 108.8482 108.2822 112.4241 109.1865 109.1603 108.5406 109.2991 109.3331 108.3967 107.7694 108.2684 108.0483 105.2534 106.7886 105.8400 104.4675 105.4688 103.7412 103.5030 102.2899 101.0877 100.1447 98.9508 98.3509 98.7342 94.0400 92.4297 89.0183 79.0241 75.4187 80.4600
116.8100 114.2862 110.1410 110.5780 112.8494 107.6983 108.4872 109.0214 113.9880 109.5002 109.8100 112.0046 111.0090 112.3925 113.6294 108.7067 108.4863 108.3922 107.5226 107.4536 106.6932 106.1272 106.4985 106.6800 104.5917 105.3545 104.4814 97.9699 99.5799 100.9633 99.9269 99.0837 97.8658 94.7030 91.4187 86.4312 80.1459 69.8213 66.9207 70.6900
115.7700 118.5635 112.6403 109.6789 116.8401 108.9470 110.2500 109.7046 111.1939 113.7796 112.8967 111.8634 114.7555 107.5907 106.0721 109.8128 108.9426 108.3723 107.9181 107.5126 107.3473 107.1995 105.5370 105.5641 105.3660 105.1149 104.3055 102.0466 94.4812 100.7916 99.6224 98.8193 96.7777 93.8581 91.1508 86.1940 77.4682 64.6555 64.2720 70.6900
119.6200 113.6418 118.5926 114.0095 111.3329 109.7765 110.0833 108.6738 110.0619 114.6127 113.2109 110.2468 110.3066 106.8748 104.3335 110.1184 108.9602 108.0851 107.9125 107.4855 107.7144 105.5562 106.2270 105.3020 105.7198 105.1848 104.4363 102.8632 94.5379 100.1893 99.6136 98.8978 96.7676 93.8064 91.4163 86.8295 78.8137 66.7788 66.7892 75.6000
114.7800 113.4149 116.8634 116.6862 111.3571 110.3938 108.9085 109.9838 111.0053 111.4733 109.1965 109.3349 109.2330 110.0975 104.2179 109.6680 107.7342 107.5526 108.1332 107.4974 107.5529 107.4449 106.5715 104.7126 104.7361 101.7984 104.3710 102.7408 100.0826 99.2710 99.8242 99.1312 97.4755 95.1923 92.4323 88.2716 85.0409 78.2358 75.2212 75.6000
115.6300 113.8162 111.3032 113.4638 111.1057 110.9128 110.7531 111.8300 109.4778 110.2388 109.7649 109.1440 109.0726 104.9788 104.9950 109.8657 108.9040 108.2758 108.3337 108.2280 107.5617 107.5310 106.1934 105.4738 104.3822 105.9584 103.5359 102.4021 101.4099 99.1371 100.3320 99.4942 98.3559 96.2690 93.3597 90.2725 88.0689 86.7685 85.2214 85.0400
109.3000 114.9949 113.8556 116.2105 114.2792 114.7775 112.0641 110.7344 108.9146 108.4758 110.4822 110.3874 108.4842 112.3457 113.2197 113.9225 112.7460 111.6191 111.5352 112.5404 107.6022 107.4427 106.8591 105.9259 105.3435 105.0795 104.2200 103.4073 102.5828 102.0318 100.6922 99.8315 98.8529 97.1048 95.2385 92.5482 90.0225 89.5431 87.7619 90.7600
117.8500 116.6710 115.3746 116.8152 114.4888 114.6324 111.7495 111.3595 109.5147 108.7884 108.5229 110.5993 109.5671 112.2994 113.0760 112.4879 114.7071 108.9510 111.7283 108.5783 107.1667 107.5052 107.1222 106.7434 106.2152 105.4715 105.5451 104.2699 102.3264 101.8719 101.1740 100.2386 99.2082 98.3342 96.0612 94.7546 93.0421 92.6538 92.0600 90.7600
114.9700 114.9384 117.2021 113.6145 113.2756 113.3097 111.5101 113.5777 109.2203 110.4485 107.8341 110.2606 108.9583 108.6177 111.4505 110.4208 110.6247 109.1155 109.2036 108.3745 106.8511 106.5988 107.0115 106.6795 106.6447 106.1831 104.3427 103.9745 103.0299 102.3303 101.4655 100.9447 100.0003 98.9288 97.9892 97.6176 95.7617 95.1284 94.9526 94.1600
115.8700 114.0842 114.6390 114.1322 113.3172 111.2002 111.9960 111.7786 110.3276 110.5520 108.1268 108.8309 108.2880 109.7560 109.9776 111.7580 112.2156 111.6094 109.4301 106.7532 106.5393 105.5637 106.0600 107.2991 106.7199 106.1867 104.6975 105.9023 103.4968 102.6636 102.0532 101.5728 100.7585 100.2191 99.2298 98.8602 98.0232 97.7258 97.6872 96.7300
115.2300 114.2941 112.3593 115.0730 114.0115 114.5563 112.8042 111.0406 108.4567 109.5621 107.9725 107.3843 110.5764 113.6772 111.4576 110.4911 109.7320 108.4022 107.4861 112.3546 104.5309 110.4948 107.1994 106.8117 106.7172 106.8086 105.8109 104.7044 104.8680 103.0042 102.6697 102.0741 101.3423 101.0688 100.2425 100.1521 99.5633 99.4865 99.1845 99.5200
114.9500 114.2615 113.4159 113.7346 116.6548 114.0173 111.0332 110.6833 109.6700 108.9133 108.4909 107.5335 109.3424 108.9956 111.6241 113.3885 112.9950 113.2073 108.9457 111.8772 109.1657 109.3447 111.2267 105.4669 110.3267 106.6077 106.5073 105.2739 105.9551 103.8801 102.9937 102.6536 102.3101 101.8179 101.4267 100.9740 100.4649 100.3186 99.6409 99.7800
117.0800 114.4339 111.5939 114.5682 114.9079 113.6621 110.3770 113.2028 111.4630 113.3964 111.1465 112.7440 112.2129 115.0833 111.0955 109.2476 113.2354 113.6474 112.1282 112.4961 107.8788 110.8034 110.8323 109.5537 107.7144 110.8691 105.7852 105.6223 106.7260 103.8835 105.5142 103.0835 102.8115 102.3990 102.1240 101.7943 101.5992 101.2873 100.6113 100.7900
117.0800 116.1200 113.7800 114.1300 112.8000 114.5500 110.6500 108.7300 108.7300 114.3800 113.0900 113.0900 112.4400 116.1700 116.1700 113.9200 113.9200 113.6100 112.4100 115.5400 112.2600 114.3200 105.9600 105.3100 105.3100 107.5000 111.5400 105.2200 106.5900 105.3600 105.3600 103.2400 102.9300 103.0200 102.6400 102.1200 102.1300 102.1300 100.9500 100.7900
