109.5100 109.5100 109.1000 109.2300 108.5100 111.7800 114.2000 110.5800 112.4900 110.8700 109.9100 114.7000 114.7000 115.0200 116.6500 116.6500 116.0100 115.4500 113.2900 117.5200 114.6600 115.8100 116.4000 116.3600 113.4800 111.3900 111.4500 113.4200 112.9900 113.1400 114.8000 114.8000 114.6700 115.8300 115.3400 115.7200 115.9900 113.7400 115.7200 115.1100
112.3700 111.9100 108.6255 111.6167 112.8080 113.8056 112.1941 114.8432 114.0944 109.7860 111.4328 112.3607 113.9896 114.7518 115.4416 115.7732 117.6450 114.9734 111.9527 116.2284 116.4886 114.7632 116.5504 112.9780 112.3636 111.7659 115.0633 111.8625 112.1337 112.6167 113.0924 113.5493 114.1325 113.8625 114.9503 114.9141 113.1055 113.7465 115.5921 114.2200
109.0300 110.7413 107.6954 109.9983 109.4928 111.7784 114.8787 111.9715 114.3357 111.1192 117.7520 114.1220 111.1066 110.9344 113.4900 116.7607 116.5052 115.1251 112.2491 116.2066 113.8126 110.5174 116.6704 110.2681 110.8181 110.3781 113.5650 110.4641 111.0063 111.3226 111.5231 111.9355 112.3458 112.5476 113.1045 113.3651 113.9199 112.3442 114.4877 114.7300
109.3700 112.0803 113.9923 115.0676 110.3006 108.5477 107.9045 114.6384 115.9905 113.8772 111.4949 115.6121 116.1639 109.3091 110.3227 115.4569 113.2561 113.8803 114.4468 116.9018 113.1048 112.8187 111.2654 112.4754 109.3510 109.2116 111.9583 112.3465 109.1858 109.1283 109.6957 110.2992 110.5087 111.2012 111.6168 111.8920 112.5117 112.9553 113.4808 113.6600
108.5500 113.5648 113.7066 109.1201 111.2455 111.2325 115.4148 113.4620 115.2797 112.8690 110.8429 112.4334 110.7342 112.0775 108.9233 114.2737 112.1041 109.5712 114.4902 114.0635 114.7247 114.7772 111.4024 107.9987 108.0613 108.4030 110.4173 113.1630 112.6201 112.9449 110.6392 110.3215 111.7407 109.6880 110.0787 110.7156 111.1818 111.7051 112.3313 112.6300
108.9100 108.4541 114.4901 110.8464 110.6698 112.0686 113.3409 108.4381 110.3067 110.3705 113.5074 111.0248 111.7936 113.6316 108.4409 112.9401 113.2543 108.2633 108.8315 111.1120 114.0770 113.1515 111.9098 112.6917 106.9070 109.4613 108.7018 111.5398 111.2766 113.0262 112.1952 112.3649 108.8824 110.8311 108.7549 109.4403 109.9685 110.5812 111.1704 111.0700
108.9200 108.8438 108.9446 108.9749 110.2302 108.3364 111.9531 111.5512 111.4284 110.7995 112.8767 109.0385 112.1317 111.6030 108.3250 107.5029 108.7058 107.1095 114.9315 114.1310 113.9874 113.3942 108.8662 109.6969 106.8405 108.3768 110.1472 107.4382 109.6692 111.8962 107.0509 111.4757 107.8465 109.1533 107.5884 108.3194 108.8267 109.4392 109.9233 111.0700
108.9200 107.8582 110.7504 109.5260 108.1530 114.3289 114.9285 114.4144 110.4618 108.4285 111.9947 109.2618 108.8725 114.3625 107.6727 107.8542 106.9428 109.9987 113.6180 108.8553 108.4512 110.2110 110.7718 108.2048 109.1487 109.3556 110.4334 106.2961 105.4924 107.4217 108.2396 111.7138 106.6401 106.4864 107.2703 107.0169 107.6872 108.3679 109.9943 111.1000
111.2100 110.3739 111.0049 111.4685 110.6731 108.7329 111.0703 109.2612 108.1246 107.6456 109.1980 108.5042 107.6167 112.7478 111.1315 107.1827 107.8943 109.5742 109.3768 112.5708 113.8348 113.2285 111.6897 108.4626 107.3497 109.1060 107.3812 106.2438 106.3322 107.0493 107.4048 107.8206 106.6188 106.7630 107.8093 105.8553 106.6310 107.2901 108.0731 107.5900
111.2100 110.9451 109.9946 112.5516 113.0586 109.4489 108.4777 108.1884 108.9426 111.2521 112.7158 112.3986 107.8002 107.6405 107.5377 107.9384 108.3397 107.5182 111.7905 110.1488 108.8216 109.3452 109.9457 110.3361 107.1941 107.3113 106.8947 106.6132 105.9816 105.5471 109.4575 109.7723 108.6542 106.5882 106.7996 105.9438 106.5179 106.9141 107.3158 107.4900
111.5900 109.3971 109.0214 113.7734 112.3743 111.7034 108.5604 108.1202 108.0172 111.3897 109.7950 109.2422 108.3495 107.3680 111.0236 109.2643 107.9753 105.8683 106.7083 106.7993 106.7608 106.6912 105.9685 107.7408 107.0374 106.8541 105.8978 106.0103 106.1273 108.0363 110.0841 109.1932 107.1222 106.2223 106.8732 106.4868 106.5926 106.5673 107.2681 107.5900
112.0600 110.2318 115.3013 110.4774 108.2901 108.7531 109.4661 109.0563 108.0818 108.7328 109.2596 112.3402 107.8391 110.7760 107.2350 108.2621 110.6113 107.0671 107.5220 105.7185 106.2668 105.3148 105.3726 108.7081 106.0117 105.9060 106.4750 105.7979 106.4286 107.3558 106.9339 106.4710 107.3066 106.3873 105.9346 106.7774 106.6424 106.5328 107.7587 108.1500
108.0200 108.8633 114.9007 111.4077 111.9808 109.5226 107.9284 109.1864 108.4026 108.6125 107.2642 107.2825 108.1384 107.7623 107.0724 107.5793 106.5969 105.9733 106.5452 105.5241 107.0586 106.4670 106.5226 106.5504 104.9919 105.2270 104.9768 104.8336 105.0946 103.8825 105.4573 105.6198 105.5414 106.1833 105.0843 106.6271 106.1670 106.6947 106.7808 107.6200
108.9700 112.2314 111.3811 107.7264 109.6493 108.7665 109.0433 108.5634 108.4151 107.4963 107.5370 107.1839 106.9621 107.4281 107.8374 107.6336 105.6604 105.3595 106.7565 105.9227 104.4250 105.5424 105.8559 105.1584 104.6115 104.9078 104.9772 104.4296 103.4110 104.7821 103.9652 105.7204 104.6443 105.4939 105.6795 106.0145 106.0271 106.1831 106.3516 107.6100
112.9300 113.3353 114.7676 110.7882 112.5891 107.7932 108.1686 108.3950 108.3574 106.9082 107.5727 106.5416 106.9007 107.0349 110.0815 107.0348 106.5302 106.5554 105.9005 104.2742 104.4058 105.3244 104.6766 105.6271 105.4446 105.2029 104.6368 105.2094 104.9289 104.5881 104.8104 104.7079 104.2912 105.3106 105.5863 105.8512 105.9333 106.8209 106.1626 107.2600
114.8500 114.5283 111.2875 113.6587 108.7861 109.8619 108.2652 107.3473 112.8941 107.1369 106.7985 107.1498 107.1635 107.1884 105.6765 105.4834 105.0706 104.7595 106.3985 104.3473 104.9393 104.6691 103.8244 104.3565 103.3296 102.7948 103.3527 103.3976 103.4623 103.2250 104.9847 103.8409 104.5764 105.0648 105.3693 105.8793 106.1184 105.5279 106.2138 107.2600
111.8100 111.5842 108.5203 114.2036 108.7528 110.1932 108.8422 107.7378 108.0026 107.4230 106.6632 107.1690 107.3807 106.9107 105.4857 105.4449 105.4901 104.1915 105.8538 105.0579 102.9847 102.8903 102.3954 102.3084 101.9367 101.9554 102.1653 101.9082 102.1963 102.5239 104.3966 104.4910 105.3740 103.9475 105.7441 105.2758 106.0360 105.7517 106.7652 106.4200
114.4400 113.7442 111.7773 108.6362 107.8228 107.8954 108.4327 108.2070 107.2711 106.8588 106.5363 106.7596 105.5300 109.7594 105.5151 105.5859 105.5336 104.0250 104.7153 103.2561 101.9571 102.1657 101.8663 101.4817 101.3185 101.3310 101.4940 101.3745 101.5080 101.6716 102.0804 102.2684 104.2936 105.5522 105.7411 103.7440 106.4616 106.3029 106.8417 106.6300
111.6500 114.6085 113.7219 108.9589 108.6981 107.3285 108.1685 107.8962 107.8678 106.4346 107.4177 106.7054 106.4043 107.7111 104.5341 105.7660 105.3221 103.0679 102.4708 102.4264 101.7408 101.4418 100.9351 100.5197 100.5200 100.3357 100.4998 100.8900 100.3215 100.7328 101.1518 101.6856 102.0468 102.6383 103.7208 104.9932 104.7224 105.1874 105.1297 105.2100
115.1900 110.7127 112.9497 113.3541 111.0047 108.1124 107.7446 106.6366 106.4900 107.2074 107.5192 107.1678 105.4266 105.8864 105.9927 105.5037 103.5774 102.7821 102.0704 101.6206 100.7871 100.4936 100.1380 99.3291 98.8109 98.7916 99.1812 99.3461 99.1354 99.5438 100.1005 100.3877 101.3222 102.4283 103.0528 103.4256 105.9120 105.7448 104.5111 105.2800
110.5500 112.9847 114.6627 108.7320 108.6281 108.4201 107.3519 107.2168 107.0782 106.7831 106.2816 107.0344 106.7077 105.7548 105.4818 105.5987 102.7187 102.3503 101.2601 100.6350 100.1548 99.8859 99.5430 98.6886 97.7454 98.1204 98.3944 97.5707 97.6929 98.5079 99.1301 100.0289 101.2344 102.1455 102.5225 103.1116 103.4835 105.6742 105.3233 105.9200
109.2400 109.4407 108.7585 108.9386 108.6589 108.0906 108.2280 106.9306 106.2772 106.3787 106.5903 106.7252 104.8819 104.0837 103.9366 102.9020 102.2242 101.6755 100.9046 99.8492 98.9264 98.5146 98.0551 96.7737 96.6906 95.9989 96.4536 96.3664 97.4957 97.8487 98.5457 99.7679 100.3942 101.3587 101.8485 102.5869 103.2599 104.1062 105.4588 106.4400
108.4200 108.6964 108.9136 108.5238 108.3222 107.4607 108.2211 106.7445 106.2640 106.5531 106.5127 104.5942 105.0544 105.4285 104.2942 102.7270 102.2408 101.3115 100.3418 99.2328 98.0551 97.1567 95.7977 94.6569 93.5385 93.0526 92.9508 93.5998 95.6352 96.7420 98.0274 99.2966 99.8290 100.7915 101.6826 102.3846 102.9772 103.5140 104.3461 105.7000
108.0700 109.1493 108.1742 108.9680 108.1340 107.8935 107.7110 107.0783 107.1356 106.8939 106.7714 106.0126 105.7316 104.1865 103.4772 102.4230 101.8544 100.9927 100.1494 98.5280 97.3050 95.7065 94.1315 92.6339 90.0986 90.1982 89.9347 91.6740 93.8208 95.5008 96.6668 98.4633 99.3503 100.4808 101.0439 101.9306 102.5362 103.2235 104.8619 105.0000
108.0700 108.4938 108.2714 108.7472 108.1396 107.3049 107.2505 106.6572 107.3695 106.8514 106.2578 105.7854 105.9928 103.4137 102.6563 102.2923 101.5637 100.7196 99.7635 97.6085 95.9066 93.3655 92.9567 90.3584 87.1684 84.6684 85.0961 87.4161 91.5585 93.3702 94.6999 97.3431 98.1878 100.0019 100.3153 101.3111 102.1745 102.9197 104.9645 106.0000
109.4200 113.1398 111.5046 108.0455 108.1459 108.2503 107.6009 107.2826 106.5547 106.7502 106.1587 104.7879 105.7656 103.8078 102.6523 102.1243 101.4341 100.5017 98.9824 97.5806 95.1208 93.1751 90.6052 86.1751 81.2185 77.6209 78.6769 81.9415 87.8190 92.2714 93.9285 95.7908 96.7672 98.9652 100.5775 101.4325 101.9101 102.9645 103.6023 103.8600
109.2300 111.4179 110.8685 108.2823 108.1857 107.6218 107.1761 107.1324 106.8251 107.0500 105.9999 104.3232 105.3505 103.3232 102.7253 102.0921 101.0451 99.9057 98.9523 97.0303 94.9218 92.3478 87.0930 81.8857 74.6839 70.5252 72.3520 77.6929 84.4146 90.1792 92.9035 94.8162 97.0745 99.1129 100.4513 101.4642 101.9004 102.6863 104.6712 103.8600
109.6200 108.9183 110.2609 107.1862 107.4796 111.3624 107.4900 110.3172 106.3856 106.4936 106.6403 105.8814 105.2595 103.2532 102.5789 101.5680 100.8377 99.9292 98.7713 96.6973 94.1133 91.3874 86.7730 79.8168 71.2756 64.4402 63.9870 72.3431 87.4291 89.6785 91.9999 94.9566 97.5323 98.9865 99.8557 101.0700 101.6352 103.9743 104.2325 103.2000
109.3700 108.8975 108.7534 106.7962 107.2558 112.2773 107.4036 111.1319 105.7171 106.2186 107.0594 106.4318 105.2570 103.2466 102.7249 101.4022 100.7367 99.9903 98.7800 96.8016 94.0332 91.4046 87.5092 80.4530 73.2694 68.4849 69.2653 75.6333 83.2829 92.2268 92.8224 95.0868 96.5835 99.3852 100.4050 100.7993 101.4444 104.0469 104.4323 104.3200
104.1500 108.1898 111.7281 112.3925 108.3645 108.6568 107.9586 106.3152 107.5591 106.9353 104.7746 104.6133 105.0441 103.4441 102.8137 102.1296 101.1312 100.2890 98.6373 97.0902 94.6547 92.0094 87.9817 82.8091 77.8543 74.3251 75.1880 79.8529 85.4210 92.7929 94.6901 95.9992 96.9050 99.2305 99.8503 100.8045 102.0302 102.9241 104.7439 105.6900
104.5400 108.6470 108.1559 108.3268 108.6513 108.3889 108.1515 106.1475 107.1359 107.0446 106.0277 105.4468 103.8306 103.5340 103.0127 102.0197 101.1849 100.5790 99.0676 97.6434 95.7993 93.9735 91.0510 87.0465 83.1768 81.9874 83.6855 84.1142 88.9081 93.1232 95.4725 95.9289 98.2077 99.4975 100.3040 101.2678 102.0151 103.5489 105.0122 105.0100
109.6500 109.1108 109.5326 107.8919 108.1076 107.8557 108.1374 106.9751 106.2857 105.9011 105.0436 105.9297 104.5258 103.4931 103.1694 102.1762 101.6653 100.5685 99.3047 98.2709 96.9740 95.6071 94.3080 91.0676 88.2218 87.9971 89.3646 89.3741 91.9942 94.6017 96.1707 97.2935 98.9475 100.0780 100.6638 101.5487 102.0843 103.6262 105.5197 106.0200
109.0600 109.2994 110.0697 108.6526 107.4920 108.3215 108.4878 107.4288 107.9425 106.1148 106.1079 105.9167 107.0648 103.8024 104.0182 102.5097 101.9375 101.2019 100.2945 99.4194 98.4949 97.1098 96.1339 94.0873 92.7912 91.2483 91.7763 92.8451 93.9818 95.9777 97.6954 98.8553 99.1141 100.6096 101.0502 101.6932 102.9055 103.3847 104.8291 104.7900
109.3100 108.5981 108.6570 108.5827 107.9025 108.7919 108.5489 107.8593 107.1087 106.4224 105.3383 105.4704 109.2370 104.5001 104.7385 102.8232 102.2063 101.7929 100.9221 100.1620 99.0772 98.2951 97.5202 95.6632 94.7181 94.3954 94.8110 95.1524 95.8386 96.8922 98.2869 99.2843 100.0460 100.6452 101.6316 101.9010 103.6867 104.5441 104.7574 104.8700
108.3200 108.5075 107.2879 107.8626 108.6676 108.2120 108.1529 107.9860 108.7974 106.0715 107.5631 105.4480 104.8559 105.3783 103.6755 103.2850 102.7231 102.1898 101.5744 100.8374 100.0735 99.7729 98.9126 98.1137 97.4633 96.6303 96.9157 97.1316 98.1393 98.7982 99.3170 99.6166 100.9096 101.3973 101.8649 102.5407 103.5771 104.7412 104.8539 104.8700
113.7900 111.4143 110.6692 107.9279 108.6228 113.2652 105.9342 107.7399 107.9780 106.0599 108.1275 105.4013 106.5049 104.9697 105.3510 103.8604 103.1683 102.6898 101.9046 101.5688 101.0898 100.4218 99.5823 99.0762 98.7166 98.5478 98.5309 98.9057 99.2588 100.0022 100.3980 100.9690 101.6123 101.9334 102.5832 104.0720 105.8858 106.1508 105.2631 106.2200
111.0400 110.8045 112.4355 109.8447 108.8931 110.9438 105.6764 106.1863 106.0060 105.8979 106.9117 106.2688 106.2821 105.1886 106.2272 104.2670 103.3895 102.9902 102.6267 102.1672 101.7118 101.0746 100.4913 100.2027 99.8739 100.0376 100.1515 99.9980 100.4387 101.0582 101.3654 101.7686 102.0563 102.6383 103.2000 104.2931 105.5246 106.0610 105.3615 106.7800
115.2200 114.0563 115.1059 111.1735 109.2586 107.9834 111.0030 110.8455 107.9134 107.3999 106.5027 106.6893 105.9717 105.1538 105.3831 105.6417 105.9096 104.0691 103.1047 102.9987 102.4646 102.0445 101.7570 101.4314 101.2756 101.2654 101.2309 101.2428 101.3486 101.8093 102.2076 102.5047 102.8415 103.3305 103.4176 105.4913 104.9802 106.7260 106.4762 106.4800
110.0500 110.4897 112.4210 110.1096 110.3280 107.8091 109.4104 109.0306 107.3962 106.5025 107.4315 107.6527 106.8313 106.1569 105.8553 106.2317 106.3644 106.2775 103.6957 102.9978 103.0446 102.8078 102.5557 102.2583 102.1787 102.0461 102.0643 102.0847 102.1535 102.5903 102.7718 103.0836 103.2752 104.3634 105.6822 106.4617 105.4722 105.0541 105.8855 106.0600
113.8600 114.3500 114.3500 110.3700 108.3400 108.3400 108.5900 108.7200 108.1200 107.7600 108.1000 107.8100 106.4000 105.5900 105.4600 105.5700 105.7100 104.2900 106.3600 103.7800 103.5200 103.1700 102.6900 102.7000 102.6900 102.8400 102.8400 102.6200 102.6400 103.0800 103.4400 103.3300 103.8600 105.1500 106.1600 106.0200 105.4800 106.6700 106.0700 106.0700
