110.0700 109.4400 111.9600 114.2400 116.3300 111.4200 112.9300 111.1500 107.9800 111.8600 107.8600 108.5300 106.2600 106.7500 105.8200 106.2300 109.2400 110.4500 109.2300 109.2300 109.9900 106.3500 106.2100 111.2700 111.2600 111.2500 111.2200 111.8800 111.1100 111.3600 109.3300 107.9100 107.9100 106.9400 106.1800 105.6100 104.8500 105.2400 106.2900 107.2100
108.6700 108.5299 111.9122 114.9262 113.5600 114.3115 111.7928 113.4740 108.4634 110.2416 109.9789 108.0561 107.4852 107.5525 106.7035 107.3756 107.0544 111.4543 112.4850 109.7706 106.3386 106.0751 106.8269 108.2752 106.5634 106.2428 110.4194 111.5585 112.8275 112.4579 111.7490 109.8617 108.9225 107.9112 107.0968 106.1143 106.2813 106.2601 105.3739 106.1200
108.9000 108.4351 107.9763 111.5438 109.4083 112.0638 115.1831 113.4758 110.3275 110.3317 107.3002 107.4744 106.4981 107.9664 108.2306 109.2951 109.2047 112.2626 109.1003 104.6863 104.9317 105.7689 106.2782 107.1077 104.9226 104.7507 105.9412 107.2121 109.7476 110.9314 110.8157 110.5280 110.1988 109.4939 108.4829 107.5272 106.2490 107.2962 105.3172 105.1300
108.2100 110.6447 110.3464 109.1699 106.0957 107.5969 112.3234 114.9304 111.5159 107.8406 107.2130 106.1615 106.5568 106.1592 108.1309 112.4679 108.8550 106.1889 110.2102 106.2640 104.6688 105.1552 104.7843 104.1525 103.2873 103.2590 103.2424 103.9291 105.1188 106.5601 108.1114 109.2419 110.4755 110.8324 110.5716 108.5652 107.3901 106.4925 105.2509 104.8400
115.9400 115.3008 110.2174 110.1268 110.1204 108.4837 110.5324 112.4227 110.5129 109.8806 108.6207 106.2539 106.2087 106.3612 108.6497 110.9513 109.2722 106.5176 109.1628 105.1721 103.4181 103.4397 103.0997 102.7951 102.7173 102.5872 102.6763 102.7032 102.5621 102.7684 104.0720 104.9966 108.2604 111.1506 112.0551 108.0886 107.5695 107.6224 106.2139 105.0000
109.4800 110.1122 109.9976 113.2254 108.7836 108.1393 107.3753 106.9723 107.7219 109.0804 109.3353 106.5767 106.9856 106.5621 105.5164 103.8592 107.2140 108.2887 101.4653 103.6179 102.4301 101.7931 101.5195 101.1405 102.7434 101.8299 101.3420 101.8712 102.7540 102.7125 102.6899 102.8503 105.1799 108.0501 108.1019 109.6143 111.1188 109.0339 107.2849 106.3200
114.1700 111.0206 110.9302 108.1053 110.9579 108.3023 107.9186 108.1790 107.4926 107.1587 106.1202 105.9564 105.8695 105.8179 105.1771 104.1585 103.7379 104.5560 103.5535 101.8544 101.0953 101.0041 100.6281 100.3805 100.0463 100.1451 100.3564 100.5052 100.8203 102.3730 102.1565 102.3817 102.4862 104.6875 105.0432 111.3487 112.0037 110.5242 108.5984 106.3200
110.6500 112.0451 112.0860 109.8546 109.0145 107.2503 107.7813 107.3143 107.1766 106.1901 107.2519 106.2077 106.1915 105.7996 103.8911 104.0485 103.5870 103.7963 101.4537 100.8625 100.4795 99.8774 99.8601 99.1873 98.9537 98.9650 99.1429 99.5076 99.9493 100.4072 100.8181 102.2291 102.9032 102.7048 104.0516 108.0442 111.5738 113.4018 110.3905 108.4500
108.4900 109.1680 111.2413 110.1446 111.3039 109.1760 106.9934 107.1360 107.0948 106.2601 107.0742 106.2801 105.6600 104.6850 104.3550 104.0196 102.1011 101.9297 100.4515 100.2566 99.2694 98.7833 98.2413 97.7082 97.4015 97.4072 97.7383 98.1291 98.7590 99.4118 100.1749 100.6814 103.1634 102.6886 102.6221 105.5004 109.5672 111.2711 110.6495 110.4200
111.4600 110.9977 109.9782 107.9666 109.4739 109.1298 106.8850 106.9106 106.2262 105.7236 105.5126 105.5884 105.7152 105.2049 104.8923 104.5598 101.7099 100.8010 99.9134 99.1506 98.0460 97.3777 96.3519 96.1222 95.3954 95.4733 96.1210 96.4879 97.3768 98.2785 99.1923 100.0345 101.0637 101.8062 101.9232 103.3332 106.4633 110.7847 111.1088 110.7800
110.2100 108.7722 108.3523 112.1357 107.3929 107.3759 107.2793 107.6723 106.9129 105.4450 105.8838 105.3997 104.5509 104.2357 104.7299 101.9816 101.1447 100.2918 99.1181 98.6758 97.2247 95.9681 95.2207 93.3787 92.9528 92.9591 93.8983 95.0057 95.7412 97.0330 98.1280 99.2325 100.2164 101.0946 101.7924 102.8149 104.2123 109.3722 113.2117 112.0600
108.4500 108.0466 107.6429 109.1448 108.3733 107.5489 106.4980 106.3912 106.3806 107.0744 105.9150 105.5812 105.1423 103.9142 104.0423 101.4136 100.5795 99.8226 98.6128 97.8486 96.2695 94.5325 93.0838 90.8817 89.6209 89.8883 90.9998 93.4245 94.5584 96.1832 97.5126 98.5961 99.5732 100.4219 103.0430 102.2022 103.2583 107.5759 112.1038 112.9000
108.4400 107.9588 107.8122 108.8933 108.3777 107.8259 106.8613 106.1915 106.6421 106.8678 106.6307 105.0757 104.4370 104.4053 102.2981 101.3081 100.2351 100.4233 98.6454 97.2539 94.3094 92.1537 90.4279 88.4612 85.8395 86.1017 87.6401 89.9865 92.8173 94.3285 96.3761 97.6483 98.9690 100.1315 100.9823 102.7923 102.2494 106.0040 109.3658 110.0400
108.0100 107.8610 109.1386 108.6854 107.2334 107.0613 107.7893 107.3600 105.8485 105.7083 106.1420 104.5765 104.1096 104.2064 102.2272 101.1521 100.4044 99.0534 98.0901 95.6113 93.1609 89.6124 87.6913 84.3883 81.1832 81.6412 84.3828 86.8809 89.6034 93.1305 95.2482 96.8251 98.5006 99.7383 100.7225 102.3619 102.6971 103.2661 103.9475 105.7500
108.2000 109.0348 108.9385 108.4730 107.3679 106.5401 107.5965 106.0163 105.8019 105.9375 105.1753 104.4364 104.3948 103.9714 101.1613 101.3657 100.4638 99.1479 97.0122 94.4174 91.7785 88.1995 83.7351 77.8633 72.3484 73.1470 79.5258 83.6454 87.9046 92.3075 95.2440 96.5429 98.1182 99.4346 100.5420 102.5533 102.9051 103.5069 105.1772 105.0900
107.8600 108.6446 108.6365 108.3722 107.6815 106.9786 107.3882 105.7442 106.4239 106.6949 105.9782 104.8830 105.1344 102.3430 101.6673 101.1700 100.2546 99.0418 96.7441 94.2810 91.4248 87.8149 81.5579 71.1314 66.8839 67.9620 75.2377 82.4756 87.2728 92.4426 95.2291 96.7426 97.9080 99.2700 100.4139 102.6891 104.1058 103.3770 105.2332 105.6000
108.9400 108.6745 108.6648 107.7624 108.4128 107.6754 106.5721 106.9776 107.1567 107.1340 106.0209 105.2811 105.1637 103.1719 101.5551 100.8237 100.2119 99.1545 97.2280 94.3911 90.9855 87.8805 81.5563 68.3730 63.1166 66.3805 74.5194 83.1523 87.3515 92.6587 95.1633 96.6542 97.9899 99.2567 100.5266 101.5666 104.7695 103.3520 105.2820 105.6000
108.9900 110.1916 108.8775 107.6059 108.3739 106.9996 106.1492 106.5575 106.7662 105.7911 104.8834 105.1185 104.1247 102.6661 101.8403 101.1545 100.2758 99.1995 97.5571 94.6919 91.3112 88.7544 87.0984 77.0609 70.0989 72.1697 79.0328 83.9272 88.6987 92.2751 94.7024 97.1992 98.1890 99.5238 100.5757 101.7278 104.3217 103.7215 104.5587 105.5000
112.5600 111.5423 107.7197 107.0393 108.5688 106.9651 106.5332 106.1198 106.3687 105.7199 104.5062 104.0751 103.6862 102.3991 101.9969 100.9371 100.1407 99.3121 97.7193 94.8073 93.3588 90.9260 89.2444 85.4499 79.0453 79.3814 84.3667 86.9669 90.5405 93.7553 95.8684 97.6609 98.5978 99.7402 101.1904 101.9322 103.9056 105.0227 104.0532 104.4100
113.4800 113.1138 112.0785 107.7235 108.2937 107.7142 107.8219 106.2159 106.3069 106.4187 105.7835 105.8329 104.8320 104.9430 102.0941 101.5665 100.4954 99.5813 98.3115 97.0065 95.3305 93.1746 91.0685 88.0200 86.6883 87.3127 89.1546 92.1051 92.7611 95.0508 97.1816 98.4274 99.2272 100.8327 101.9343 102.5620 105.1539 103.5157 105.0785 106.3000
113.0400 111.0891 107.6866 107.0836 107.8431 106.7445 107.3878 107.3544 106.0521 105.7610 104.7324 104.4378 105.9331 103.4271 102.7061 101.9279 101.0897 100.3789 98.8889 98.0890 96.1514 95.2851 93.9310 91.3528 91.0728 91.0907 92.9725 94.9691 95.1458 95.8049 97.7346 98.2098 99.8813 101.5425 102.2876 102.8257 105.0820 104.5843 105.7158 105.7800
109.4200 109.1953 108.9497 108.9356 107.5874 106.9239 107.6198 105.3244 105.2866 105.4434 105.2218 106.5379 105.2890 104.4392 103.2515 102.1658 101.4308 101.0311 99.4846 98.6458 97.6049 97.3786 96.6752 94.4696 93.5418 93.8007 95.1162 95.8333 96.2389 97.1321 98.7161 99.7301 101.1170 101.9946 102.4306 103.2798 103.6478 105.1494 106.4915 105.3900
109.4500 113.9347 109.0284 111.7642 114.3682 107.1026 107.1254 107.6328 107.5840 106.7989 105.1482 105.2670 104.6148 103.5975 103.5330 102.6308 101.9812 101.3619 100.5805 99.6343 98.7970 98.4914 98.4701 97.6557 96.9585 97.2644 97.6296 97.7892 98.1855 99.3732 99.8664 100.9604 101.5229 102.3297 102.6104 104.4701 104.6523 105.1412 105.1635 106.2700
111.5000 113.7402 111.7722 109.5802 112.3703 108.3871 107.1166 106.8251 107.3101 106.8416 105.6520 106.3193 104.4232 105.2709 103.7641 103.2120 102.6494 101.9912 101.3977 100.6504 99.9583 99.4748 99.1218 98.6846 98.8701 98.7355 99.2783 99.1888 99.9459 100.5433 101.1049 101.6715 102.1482 102.6955 103.5131 105.6816 106.0360 106.0182 105.9057 107.0100
115.6000 112.5705 113.0492 111.8528 108.0494 109.8944 108.0569 107.3752 109.3283 106.6971 106.0087 106.7523 104.7178 105.4850 104.9969 103.5978 102.9859 102.5821 102.2194 101.5177 101.0768 100.5798 100.2249 100.0129 99.6169 99.8000 99.9918 100.2280 100.9624 101.3651 101.7973 102.2262 102.5613 102.9631 103.5925 105.7157 106.0498 105.7571 106.3914 107.0100
109.6900 106.4271 108.1163 110.6700 108.8032 108.7292 107.9008 107.9371 111.5033 108.7831 106.3934 106.5398 105.0627 105.6355 105.2979 104.8396 103.7164 103.0449 102.6774 102.2750 101.7671 101.3247 101.2994 101.2401 100.8857 100.9326 101.0073 101.4001 101.7061 101.9677 102.0946 103.2054 104.4959 103.9455 104.7951 104.4265 105.5072 106.1717 107.1330 105.8400
109.6900 111.9201 113.2147 109.7904 107.8846 107.6282 107.9063 107.5327 109.2217 108.6021 106.9356 107.1509 106.4181 106.0549 105.9383 105.7002 104.7383 104.2532 103.0603 102.6920 102.4609 102.2097 102.1978 102.0765 101.9441 101.7164 101.8967 101.9999 102.4563 102.6649 103.2000 104.8745 105.5319 104.6471 104.6589 104.6663 105.8892 106.5209 107.6362 106.9100
111.0400 110.3279 111.3618 109.4999 107.5710 111.1332 109.0989 109.0463 108.0903 111.9504 109.6775 107.4277 106.9481 107.0990 105.7231 105.2166 104.6448 105.7867 103.8311 104.9940 103.4913 102.7924 102.8476 102.4434 102.2679 102.4488 102.5920 102.6722 103.1060 103.1649 104.9498 105.3199 104.6784 104.5778 104.6372 106.4707 106.9210 106.0792 105.8874 106.9100
110.0800 110.3330 109.0800 111.2526 107.7136 112.3976 112.0312 113.3098 110.0600 111.6031 108.6467 107.6808 106.9813 106.9716 106.4631 106.8250 105.8501 105.2285 103.6551 106.1599 105.7991 104.5577 105.7423 104.5170 104.7613 104.8078 103.2634 104.0323 103.5527 104.3707 105.4472 106.2702 106.0120 105.4143 105.8995 106.8889 107.1678 105.6286 107.2161 107.5400
107.1900 106.0731 114.9229 108.9775 111.9149 113.7649 109.2130 114.5701 113.8218 108.0908 108.4061 107.4809 107.3691 106.3018 105.9081 106.8047 106.3106 105.2765 106.3193 106.4347 105.8184 105.2889 106.0063 105.5396 105.0324 105.8598 106.0449 106.2722 104.3924 106.3633 105.1567 105.4057 105.9040 106.0281 106.3596 107.0137 107.2889 106.2649 107.7238 107.9700
109.6700 106.5221 111.4127 111.0552 112.5974 114.5270 112.7466 114.0482 108.1467 108.2323 108.5226 108.0685 107.8345 107.6885 105.0341 107.2479 107.0295 107.0618 105.7389 105.9130 106.0588 104.9686 105.7788 104.7982 106.0613 104.7163 106.4868 105.5485 105.3698 103.4641 106.4115 105.3015 106.3073 105.4724 107.4471 107.4710 107.7835 107.8363 107.9037 108.0400
108.2800 107.8594 115.0033 107.4803 111.9682 107.5730 115.4500 110.5616 108.4128 108.3570 107.5086 107.2710 107.2667 107.8637 105.9208 107.8042 106.7529 106.1308 106.0808 106.5342 106.4474 105.3489 106.0026 105.3200 105.4516 105.3340 104.9344 104.8056 105.1944 104.9719 107.1007 106.5428 106.9421 105.7870 106.5624 107.7378 107.6081 108.0872 108.0780 108.4900
108.6200 109.2177 113.2084 113.7415 113.2035 108.6237 110.1807 107.9403 102.8564 109.5940 110.7341 107.4475 107.9102 108.7163 107.2178 110.3729 107.9116 106.5329 106.0251 106.9339 107.0426 106.0615 106.7279 106.2854 105.8669 106.5010 106.5786 105.5184 105.4402 105.2152 111.0034 106.9809 107.8049 106.8054 107.6680 106.5124 107.6609 107.1741 107.0142 107.7000
110.4200 114.3584 115.3551 115.0134 114.5336 109.1852 111.5238 108.7905 112.0802 111.7036 108.3668 108.7903 108.5313 108.3202 110.5307 115.3154 110.8323 105.9877 105.5158 107.2323 107.3968 107.5917 107.4062 106.4992 106.3926 106.6936 107.2012 106.1422 105.7907 106.8336 111.6094 107.2838 107.8003 106.7145 107.8085 107.3131 107.3597 107.1479 107.5047 108.8700
117.2200 114.5013 111.7782 114.8676 112.3650 112.5535 110.8849 107.5010 115.5629 108.3386 108.5265 108.7548 108.9951 108.9905 110.3887 110.8787 112.9769 111.6933 105.9883 107.6714 107.6536 106.1829 107.1242 106.2264 106.1869 108.3332 107.7067 107.3308 107.1493 106.4251 107.2364 111.2570 109.2604 107.4529 108.6445 107.7779 108.6310 107.8674 107.8313 108.8700
117.2200 114.5183 112.8916 112.0690 112.9780 108.9208 113.4670 111.0658 113.1890 108.8082 111.9784 108.8591 110.8134 114.3320 110.1126 108.8333 110.8919 108.1003 109.5575 108.2530 108.0262 107.0820 106.3666 106.8131 108.4941 110.9627 108.0956 111.8036 107.0364 111.7827 107.8357 111.1818 108.0842 109.2885 109.2531 108.4977 108.3239 108.1419 107.7202 109.0300
110.8000 114.7337 116.4180 112.2085 115.9036 108.5878 115.0724 112.7367 111.3080 109.0603 109.8183 110.2457 115.5444 114.7300 113.7726 110.0010 114.3101 109.7908 109.8641 108.8595 107.5542 109.6260 112.2467 106.5898 109.8187 111.7833 110.5869 111.4431 108.0969 111.9742 107.6136 107.9876 110.1436 108.7193 112.1826 108.9900 109.0095 108.6596 108.0997 109.4200
116.9800 115.1071 114.8406 115.6465 111.5727 115.3689 114.9369 109.9410 109.8073 109.3934 109.0070 108.6948 115.0444 114.7449 114.0381 111.4976 115.3198 113.3724 107.8459 107.8203 109.4338 113.9742 108.0603 107.0058 107.7301 109.6617 112.5815 112.5135 109.8568 109.2129 109.1475 108.4169 107.6288 109.7052 114.8482 109.6393 108.1041 109.7111 112.6785 108.2400
117.9200 114.1735 109.4486 110.8058 115.8839 114.0983 108.6027 109.1767 110.2698 109.1809 109.0727 109.1760 110.0468 110.9573 114.8822 112.8182 108.7920 113.3289 109.1275 108.3824 112.4011 109.8032 107.0777 107.6201 108.0201 112.5131 114.7845 113.3209 113.8143 109.2561 114.0680 108.4590 108.2075 109.1896 114.1654 114.8923 110.4179 111.0650 108.5130 108.7200
115.2800 112.7700 115.9100 115.8500 112.9100 112.9100 108.4100 109.4000 109.4100 109.2700 115.0800 115.1900 110.1700 111.9200 111.9200 111.9700 114.1700 115.3200 110.6000 112.8900 113.3800 109.1000 107.1700 107.9400 108.0800 114.6700 107.8400 107.8400 111.2000 109.7500 115.0200 109.2400 108.9000 113.6800 112.6300 115.4200 111.1500 109.4400 109.3900 108.7200
