114.9100 110.4100 109.6200 115.2600 112.1300 117.8500 115.8700 121.9400 117.3900 121.3000 120.8400 120.6000 119.8200 117.2500 117.0000 114.5900 107.9300 106.5200 105.2500 107.5900 106.0100 104.3700 105.9400 111.4000 114.1500 103.6500 100.0600 99.7400 99.9600 99.1400 97.0400 95.6800 94.0000 89.3500 86.0700 83.5400 83.6100 83.2100 86.4100 89.3900
111.2600 115.0973 113.0375 113.3765 114.9777 118.4883 117.1914 118.8742 114.7810 122.4524 120.8657 120.9109 115.9185 118.3309 118.0644 114.0524 111.0139 105.8560 105.1049 107.6949 105.1101 104.4306 106.7712 111.8556 112.0627 101.3076 100.0521 100.4937 99.7886 98.5310 96.9122 94.7977 91.9847 88.2658 84.0035 79.0799 76.1660 79.4484 83.5148 85.1800
112.5000 110.4772 115.4935 115.8374 114.0228 119.7936 120.8369 115.8383 112.1624 115.5330 120.2000 120.5398 120.1904 116.5415 116.3469 113.7588 110.8358 105.7063 104.9959 103.6075 102.5483 103.9641 106.4621 113.4178 113.2281 105.1950 99.6946 100.6171 99.5789 98.2259 96.4647 94.0937 90.7732 86.2646 80.7427 71.9181 68.9412 72.0281 80.0664 84.2900
111.4200 108.4391 124.0673 119.4075 108.5774 115.8656 118.5364 120.4159 120.4912 121.5957 120.8539 119.3557 119.9686 115.1800 107.5352 110.8138 110.6463 108.0515 105.7191 103.7124 102.6684 104.0515 106.5795 113.7547 112.8120 104.5284 99.5397 100.6124 99.5167 98.1285 96.3172 93.8496 90.3592 85.5661 79.1962 68.6170 64.4922 68.0035 78.3444 83.9100
110.8900 111.1067 120.8411 111.9604 115.4814 116.8328 113.6004 123.0142 119.6162 118.5422 120.5189 118.4903 119.0270 117.6022 116.8228 110.2993 109.7856 107.8972 105.7319 103.7319 102.6059 103.9767 106.4418 113.3887 113.1260 105.0797 99.7176 100.5974 99.5948 98.2495 96.4942 94.1321 90.8431 86.3843 80.7366 72.4312 69.0893 71.6869 80.3305 84.2400
122.9200 117.7736 116.1709 117.6286 111.0708 115.4720 117.6673 112.2245 114.3292 121.1109 119.3501 117.5227 112.9155 116.5904 113.6944 110.6685 111.6211 108.1768 105.9369 103.9156 102.6119 103.6792 105.9802 112.3597 113.7132 106.4103 99.9031 100.4415 99.8099 98.5590 96.9557 94.8761 92.0935 88.4662 84.2670 79.5569 76.9278 79.2710 84.0096 88.9900
117.4100 110.5641 115.2907 120.6348 110.9750 117.3942 119.1178 112.0999 108.6700 115.5867 114.7654 116.4845 111.2943 117.6865 109.7920 109.3419 107.9970 108.6355 106.2869 104.3359 102.5921 104.1124 105.3677 110.7646 114.1474 108.9691 100.7231 100.0043 100.2969 99.0278 97.6171 95.8943 93.7240 91.0267 88.1838 85.5737 84.4268 85.4388 87.8004 88.9900
111.1700 110.1464 112.6393 121.8133 117.1559 118.2548 119.3418 117.1168 110.5770 110.6374 115.5152 109.8932 115.6663 110.8835 109.6954 112.1710 108.5100 109.4188 107.2019 104.5723 104.5865 106.6717 106.7156 108.8072 113.9852 111.9268 102.5592 99.0775 100.9007 99.5127 98.4012 97.0194 95.3791 93.5318 91.6410 90.0542 89.3964 89.9495 91.4902 93.3900
111.5500 110.8810 110.5522 120.0714 112.6997 120.2883 118.6075 116.1199 113.5949 114.1715 112.8296 116.4655 108.8215 107.4372 107.8788 115.9633 111.6009 110.0778 107.7831 103.6958 105.0291 104.8186 111.5578 106.4401 112.3238 114.1656 105.8631 99.7931 101.0821 100.1928 99.1969 98.1424 96.9288 95.6811 94.4686 93.5502 93.1745 93.5073 94.3808 95.6500
112.3100 110.2076 118.5525 118.8655 115.6608 115.7578 118.1909 115.4080 116.1380 119.9903 117.0496 117.7064 114.5330 109.6959 106.3390 113.2733 114.0602 111.0111 108.6688 103.8082 104.3113 104.4809 106.4693 110.1485 109.7785 115.3752 110.2594 102.5844 99.8658 100.4886 100.0543 99.1635 98.2927 97.3964 96.6192 96.0610 95.8378 96.0231 96.5625 97.4500
112.8800 113.8122 115.2919 116.6307 115.1934 117.0405 113.6389 117.0393 117.9074 116.9536 120.4718 120.3338 119.3688 117.5084 112.7506 110.9106 113.6981 109.2672 107.1830 105.1638 105.2249 103.2149 108.1885 104.4786 107.0288 114.8757 113.7165 108.5524 101.4280 99.1211 101.0657 100.0443 99.4519 98.8024 98.2862 97.9064 97.7811 97.8945 98.2378 97.6800
112.8600 113.5449 115.3781 119.8597 119.0587 117.9672 116.3549 118.0233 113.0242 118.2775 106.4650 111.4317 117.7398 108.9874 109.6022 116.8325 108.6760 107.6235 107.8880 105.1807 104.7604 106.1219 105.1156 106.5228 105.0672 111.5823 114.5258 113.0919 107.2635 101.1690 99.7947 100.3126 100.2465 99.9519 99.5307 99.3448 99.2128 99.3259 99.5707 100.2000
108.6200 109.1167 123.9074 120.9742 119.2837 117.4024 117.4424 118.7225 113.9210 108.1724 116.7086 119.5859 117.1255 119.9766 115.0945 116.1709 114.5440 105.8663 106.8814 110.8896 109.4009 109.5180 111.8139 104.7419 104.4913 111.6259 114.2867 105.5280 102.0754 100.2789 100.2979 99.5393 99.6985 101.0511 100.6973 100.3957 100.4203 100.3735 100.5610 100.7600
108.7000 108.2598 123.0046 121.4178 118.6910 118.0831 118.7717 116.9506 112.0924 118.7436 117.1711 116.2959 119.3903 114.2877 119.7501 111.9190 113.3449 111.5291 111.5117 111.5440 105.5578 109.1174 108.4213 108.4012 103.4343 108.7230 113.6316 105.0632 112.7787 105.1367 111.7386 105.1469 101.0518 99.9485 100.3619 100.0812 99.9219 100.3548 100.0217 99.9500
114.3000 117.6402 121.5809 121.1382 119.1909 116.3427 120.1724 113.1561 115.2684 107.5924 105.9674 106.3686 115.6455 111.4893 112.3354 110.8597 106.2859 111.3708 109.9892 108.3158 105.7866 104.4760 115.1585 115.0607 109.4779 113.8136 106.0826 106.7400 114.3498 108.5729 113.1758 113.0172 110.2092 106.4189 102.3889 103.3860 103.7502 102.3451 101.4887 102.9900
116.8300 120.4809 118.7639 120.4763 122.0772 118.3623 117.2518 114.2983 110.2082 113.7278 113.2464 109.2897 114.7250 111.6468 110.0212 101.0747 102.1575 104.8267 108.3681 109.2663 106.7991 107.9338 107.9878 111.0342 112.9002 114.8388 106.0339 107.7518 109.8851 115.0247 110.7694 112.4875 115.5626 114.2241 110.5619 110.7044 111.8929 107.8860 103.0291 108.7600
118.6700 117.0128 118.6540 116.4359 120.5509 113.1692 119.1719 114.9923 121.5624 118.7963 117.0160 116.2219 113.0951 110.6199 113.3096 107.9676 104.0537 100.0154 106.7895 109.4073 109.9879 106.3769 107.6985 107.9874 112.1811 113.0920 114.1127 107.8697 107.1254 110.9344 114.6638 108.5682 110.4523 111.9125 115.2680 109.5539 114.8185 113.5571 112.5264 114.6200
109.1400 119.5652 114.6167 117.4492 119.1746 118.2594 112.5415 110.0301 113.0250 113.7598 112.9794 111.7266 109.4018 111.7310 114.0917 108.0583 105.5769 101.8222 103.0776 110.8169 109.8146 108.8985 113.8175 107.0145 107.4831 104.1518 108.9956 107.3328 109.6588 108.2409 115.6537 106.9867 107.1814 108.3725 112.2452 108.1580 109.0577 113.3614 111.5135 111.0700
120.8900 122.0559 116.0756 117.5573 116.7576 112.0951 117.3376 107.6075 110.9962 113.4669 112.4057 113.5264 110.2246 111.1305 117.1834 114.2930 108.7885 107.4794 108.3254 112.9481 111.6218 106.2800 111.4547 109.1615 105.3178 105.7725 106.0521 104.7371 109.4713 112.6860 116.8434 105.8677 104.4829 106.9472 114.7987 113.4032 105.7191 112.2848 112.8021 110.0200
118.2100 117.6482 118.4346 113.6287 114.5349 112.7623 113.1246 111.3928 113.8889 114.7465 116.7114 110.0757 110.9736 116.5623 117.3966 110.3971 110.4279 109.7415 111.3568 109.5760 111.7046 112.6292 108.1799 107.1683 105.4583 106.1085 112.1051 105.9083 109.0036 111.6583 115.2433 104.1343 112.6015 113.3163 113.4760 112.0848 109.0344 105.6248 114.1496 111.1600
116.3900 115.8487 114.2756 113.8071 112.5469 110.3645 109.0853 109.6487 111.1540 117.7016 112.5739 116.5935 114.8955 108.1401 106.9275 105.7891 108.7104 107.8322 117.9265 112.2388 112.7277 114.2042 114.6420 111.8904 109.1896 108.0842 109.7583 105.5542 108.6155 109.0324 108.2030 108.4841 110.4674 103.0779 109.7929 107.1096 104.6566 103.9964 109.6774 115.1800
115.9500 115.1490 109.2179 111.7376 109.3885 113.0152 109.7868 115.1944 113.1221 112.6203 117.7318 109.8644 109.7104 108.3506 109.6453 113.4266 112.0740 114.3197 110.7441 115.4939 113.9605 103.6780 103.5444 109.4410 111.4228 106.8641 108.0994 107.3256 108.2834 105.9947 104.5343 106.4024 105.0226 109.3676 105.9523 104.3961 105.2407 105.4908 108.0495 115.1800
116.4300 115.6326 116.1801 112.7444 109.2282 112.7771 110.2236 111.4016 115.0900 113.2976 115.0739 114.1340 109.6225 110.1296 112.6570 114.7800 111.3462 114.9071 116.9181 113.7695 112.8560 106.4847 103.1680 102.0797 108.5003 111.8215 106.9751 107.8908 106.1656 108.0693 111.7110 111.0021 109.0584 109.5515 107.3473 111.0188 106.4675 107.8831 107.3150 106.8500
118.2100 116.9486 116.1530 110.3718 110.5701 114.7519 112.3980 116.1581 113.6601 110.7172 110.4812 113.2941 113.0812 110.7490 111.8610 112.8671 116.1417 114.8304 111.2494 112.7998 109.8962 107.3239 113.5171 113.4754 102.4160 103.3070 107.3823 106.7850 110.8735 113.4826 117.2855 107.7901 108.1460 107.6076 108.0997 107.7002 107.7107 107.8840 108.0835 106.8500
116.3900 115.3970 116.9354 111.3176 111.4153 112.4990 115.4647 114.3595 110.7328 109.5967 110.3709 114.2666 112.2636 113.4998 110.2913 113.7469 113.9525 110.7358 104.5816 114.6607 108.0701 113.3974 111.8228 113.9697 108.9643 113.7349 103.6240 103.8689 115.8160 113.4738 117.3973 107.7021 109.1828 108.9078 108.2936 108.5287 108.5979 108.3329 108.4344 110.1600
116.8200 112.7701 117.5072 112.8327 113.5020 111.4405 109.7786 112.2357 110.1653 109.7893 113.6162 116.5105 109.0103 111.5413 112.4419 113.0992 112.6597 111.2661 108.4878 110.2073 115.0063 116.2044 112.5071 110.6593 112.5484 116.9470 107.4397 104.5036 106.2516 105.1683 105.7547 108.1600 109.1626 108.8209 109.4747 107.9652 108.0876 109.6982 107.2401 107.4800
116.8200 114.9107 112.6962 118.8743 115.1587 111.9003 112.6528 112.2822 112.6769 113.0648 112.5348 116.2711 111.1133 112.0725 113.5340 111.4719 114.2965 109.6108 110.8225 110.1234 113.7494 117.1295 113.3025 112.7136 113.6939 116.2668 114.2551 103.5215 105.7066 105.5658 103.3059 107.1062 103.2216 110.1610 113.5082 110.7376 106.7777 103.8120 111.7156 103.7400
118.9300 118.9168 115.2689 119.0755 118.2205 110.9529 112.9146 111.2462 117.9344 112.3188 111.3390 112.2212 111.8091 110.6625 114.5069 115.4931 117.3234 114.3959 108.9516 114.6199 117.5212 115.2378 112.8022 112.4909 115.8412 110.3736 115.7133 109.2645 105.2386 107.4389 109.4496 105.5809 104.2555 102.8769 111.1272 113.4964 104.7157 108.2416 106.0800 108.7700
118.5000 117.4885 117.9439 111.7256 120.2631 109.6790 115.5999 110.7484 116.5506 112.8320 112.7477 112.2372 114.1011 110.6253 114.5260 112.6520 112.2709 111.1165 114.9339 118.7730 117.6776 114.7790 115.6005 115.0125 114.8538 110.1476 114.3422 109.5946 105.1688 107.7181 109.6489 107.8003 104.2985 108.2026 111.1419 108.6913 107.0966 112.4467 107.3228 115.0200
118.5700 120.5278 114.5383 114.3633 124.2532 117.6478 114.1723 112.1248 119.7816 113.4549 113.4344 112.3377 113.5997 114.0234 118.5931 119.6740 113.6179 110.2408 110.4433 115.0906 114.6451 113.1755 114.4926 111.6373 112.6787 113.3737 112.4403 110.4577 106.0812 107.2903 105.2277 109.1592 106.0450 109.4332 112.5642 113.4172 107.8643 108.7843 107.2989 110.0900
122.9900 119.7256 120.0716 117.8452 116.7556 117.0776 110.1810 110.1258 110.5112 114.3058 113.1088 111.8338 112.5378 112.9747 120.9330 114.1087 112.6924 112.2421 120.1943 107.5801 114.7107 117.2095 115.7511 112.5117 109.4047 114.6076 111.9571 112.8108 105.8482 106.4703 107.6687 108.2659 113.1113 109.8945 111.6713 111.8271 108.3805 115.2132 117.2609 110.9300
120.0500 120.5079 119.1010 123.7009 121.2873 113.5328 109.3691 112.9464 115.3561 110.1929 113.1014 113.7210 112.1846 114.8277 118.2183 110.9815 111.5138 110.4375 109.7098 107.5435 110.1631 118.3995 116.1353 116.3409 110.3164 114.8274 111.6750 113.1968 108.6936 108.5495 109.6622 107.7885 110.9052 106.6725 108.8373 108.3529 109.5557 108.5844 109.5796 114.3500
119.7700 119.4752 119.8004 119.2461 117.3445 116.8481 117.9117 117.8543 116.0095 114.6690 114.5173 112.5817 110.1899 118.8558 114.5869 112.4616 111.5397 111.1797 109.9219 111.8220 118.5494 121.7984 113.2625 112.3170 114.3925 114.8575 114.4473 115.7067 114.1570 110.2268 109.2918 108.6762 112.7288 107.7393 111.3754 111.1644 109.5108 109.9910 108.9684 109.1300
120.9800 122.1119 119.6159 119.7036 118.5982 118.1996 119.0491 117.4812 116.9000 115.5815 114.3593 116.1735 114.4310 119.4982 114.0786 113.2233 112.6981 112.4769 111.3596 110.6149 120.1482 116.5583 116.4492 116.9998 112.2855 116.9482 114.4175 113.6121 109.8908 108.6725 108.8277 109.3404 111.0722 108.5228 111.1993 110.6011 109.8901 109.0670 116.0492 108.3500
122.2600 123.2575 121.1644 120.3909 118.9911 118.3678 118.6221 118.6014 116.9992 116.1371 117.1500 115.4613 116.0715 117.1982 115.1832 114.0313 114.2494 112.6506 111.4417 112.0939 118.4389 119.3065 118.0216 117.2282 113.4252 115.8840 116.2391 115.2648 109.9654 111.5274 110.3269 108.4018 108.8795 108.6512 110.9564 109.5642 109.7659 111.6228 114.8703 110.5400
122.2600 122.7263 121.4960 120.6796 120.9049 120.5198 119.5040 119.4929 118.0115 119.1542 113.2358 111.6550 116.7741 116.3424 116.8490 114.1117 115.1258 113.9693 112.5933 113.0633 119.5542 118.9422 111.6779 114.6762 111.0119 112.6045 113.2634 113.8888 109.6412 111.3497 110.0100 109.1529 109.4656 110.0275 110.2723 109.6684 110.2124 109.3648 117.4457 110.7400
124.3600 123.2632 123.7489 122.2950 122.1264 123.2283 121.5106 119.3735 117.2854 117.4226 116.6403 111.8455 117.1633 114.3977 114.7157 114.5109 114.9409 113.9141 115.0946 117.1500 123.0792 117.6021 113.2103 110.6873 116.6322 116.4255 113.5150 115.2173 110.2229 111.5939 110.2889 109.8591 110.0609 111.0415 110.3782 109.8754 110.8193 110.2730 108.8730 112.4400
124.9700 123.3492 123.0373 123.5214 123.8713 122.6606 121.8284 119.5416 119.7352 118.3147 121.7642 117.4887 116.6193 120.9797 118.5563 115.0524 115.5562 115.6480 121.5759 113.5390 118.6314 116.8808 111.0914 112.4118 115.2657 113.3650 115.1902 111.2237 111.8612 111.6467 110.8585 111.8270 112.4787 110.9926 110.7775 109.7831 111.6816 111.1371 113.1942 112.9800
125.0500 123.1964 125.0238 123.7593 123.1016 122.5987 121.2933 120.5085 120.0059 120.4476 119.6733 117.4818 116.9672 117.1174 116.6983 116.4346 118.0734 116.2232 116.2010 115.3944 116.3490 117.3360 116.3020 114.1763 115.3944 113.2261 112.7443 113.3435 112.0538 112.0933 111.4441 113.1669 115.0724 112.5245 110.2992 111.2963 112.9218 110.6882 112.5030 113.4000
126.6700 126.6700 126.4100 123.9600 123.1500 122.8200 121.7900 120.6400 120.6400 121.1300 121.1300 117.4800 117.4800 117.8000 117.0500 117.6400 116.5900 117.4500 117.4500 115.8400 115.8200 116.8600 114.0900 115.0200 113.6200 113.3500 114.2200 113.9600 112.4600 112.5000 112.4900 115.0000 115.0200 113.6100 111.9300 111.3100 113.1100 110.6600 113.9800 111.2000
