110.3400 114.0300 114.6500 109.8700 113.2500 111.1700 112.1200 110.9400 113.0800 110.9200 110.1400 110.3000 111.1600 109.3500 109.7400 110.0300 110.9500 113.9100 113.9100 112.8800 113.0100 110.4100 110.5400 110.5400 113.4800 111.7400 111.7200 112.2300 112.2300 114.1800 113.9400 114.1800 114.2200 114.1900 113.7400 113.7400 115.3000 116.5500 115.0200 115.1400
110.6000 112.2290 112.5055 111.1831 110.3457 111.2735 110.5015 110.7164 113.4374 112.5236 110.6719 111.4059 110.3516 109.3051 109.7511 109.4994 109.5858 112.6723 111.4189 113.1664 113.5195 109.3164 111.0885 109.4497 110.1062 111.4505 110.9324 111.6934 112.6466 114.1405 114.1214 114.2048 111.2823 114.9902 111.5725 110.9333 115.2444 116.4743 114.6590 115.1400
110.8400 111.9157 111.0997 112.6856 109.7284 110.7202 111.0017 111.8290 109.8759 114.9186 118.2390 111.0043 108.8396 109.6318 110.4672 109.3370 110.3803 111.1554 111.3047 112.3757 111.4278 111.8680 109.7579 111.1633 111.8487 112.1844 111.1746 112.7078 113.1879 114.5147 114.4919 114.4862 113.6998 113.9113 110.2125 111.2390 114.9577 116.2398 114.4955 113.2000
111.1400 111.1915 111.7991 114.1021 111.5290 113.0015 110.2661 111.1359 112.5278 113.0113 112.3990 111.6471 109.4065 109.1156 109.7596 111.1572 111.2809 110.5692 110.3659 110.8520 111.0947 111.8781 111.8256 113.1207 112.7933 111.2299 110.1256 112.3316 114.3071 114.0404 114.7420 112.2801 114.4232 114.2710 110.0935 110.4094 112.4112 113.7698 113.0775 113.5500
110.1300 115.3297 112.1543 112.5327 112.2130 113.0417 110.1744 112.5732 109.8547 112.0483 110.0386 110.1348 112.2261 109.1122 109.8999 109.0808 109.9523 109.3334 109.4596 110.7183 109.3944 110.8440 113.0769 113.7485 114.2617 111.3700 111.4590 111.4400 113.2999 113.4827 115.6364 109.5015 113.8222 113.9489 109.8517 110.3068 109.3917 112.8875 113.3074 112.2900
111.1100 110.4486 111.0364 111.3337 111.9324 112.2536 111.2183 110.6527 110.6375 109.7648 111.1357 109.4180 110.0929 109.3654 109.6037 109.6107 109.8927 109.8724 108.8356 109.2271 107.8493 112.8299 112.9979 114.4614 109.8930 110.5381 109.4669 112.8078 114.3181 112.7257 114.4943 110.1132 109.7606 113.8711 109.7476 110.1742 109.6283 114.6094 113.2608 112.6200
111.0000 110.6457 110.0476 108.9586 110.0874 109.8214 110.2736 111.3622 112.1570 114.7844 112.6121 109.6156 109.6820 109.9420 110.5461 109.7991 110.2038 108.7044 108.9698 108.9440 109.5853 111.1018 111.3452 111.5304 109.1414 108.5390 109.1864 109.8301 109.7272 113.3626 109.5174 109.8977 110.0996 109.7478 109.8459 109.9988 109.3011 115.1697 114.4049 114.5400
110.5700 111.8632 110.6624 112.5503 110.3744 110.7044 110.1233 109.6161 110.8833 113.0801 113.3653 113.9388 108.8165 109.1995 111.6057 109.4881 108.6958 108.9532 109.1415 109.0131 109.7294 110.5995 113.2884 111.0257 109.4596 108.4822 109.0694 109.3739 110.3613 110.7369 109.8958 109.9694 109.7085 109.5743 109.5980 109.5735 109.1282 115.5379 115.2337 115.0200
113.4600 110.0546 110.4033 113.5367 110.7326 110.7136 109.0043 109.5804 109.4997 110.8373 109.0141 110.9843 111.0163 109.0490 111.6540 110.9854 107.9901 109.2612 109.6617 108.3992 108.9013 108.5104 112.2613 110.8165 110.4330 110.3362 109.5191 109.5165 109.6339 109.7280 109.8044 109.7572 109.4543 109.4005 109.0201 108.6698 109.1055 109.1314 109.0108 108.6800
111.3400 111.5688 109.7417 109.4764 110.3857 110.6716 112.0193 110.5404 110.1895 109.8596 109.0453 113.5469 113.4895 109.1009 109.9137 108.6913 108.4368 108.4383 109.6316 108.9275 108.2388 110.2948 109.4327 108.6186 109.0261 109.9318 109.6522 109.1556 109.5166 109.5377 109.5900 109.2738 108.6985 108.7909 108.9378 108.8367 108.8266 109.2864 108.9828 108.5700
112.2700 109.5379 111.6406 109.4862 109.8212 110.0891 112.2371 114.3040 111.9993 110.3758 110.8650 112.5193 110.7441 111.3125 110.4795 109.3482 109.3843 108.7834 108.7295 109.2686 109.5644 108.9377 109.3287 110.9546 109.7195 108.8804 109.4993 109.0604 109.3838 109.5027 109.1931 109.3766 108.5999 108.2123 108.5733 108.6024 108.2633 108.8732 108.9454 108.7800
110.5700 111.4015 111.8831 110.3332 109.7797 109.9643 110.4482 111.8774 113.7267 115.2828 112.9259 111.4992 109.5516 108.9877 109.7366 108.7701 109.0962 110.9143 109.7574 110.4313 107.9421 109.5587 110.3120 109.3888 108.9584 108.7618 109.3837 108.9899 109.2594 108.4037 108.5423 108.2671 108.1948 108.6154 108.4188 107.5305 108.4846 108.2411 108.4475 108.6800
113.8500 111.1939 110.1232 110.1056 111.2152 110.1428 110.6251 110.8882 114.2408 112.3921 112.9420 110.4353 109.8292 109.9515 108.6728 108.0804 109.1191 110.6120 114.1341 114.3767 108.1115 113.0846 112.9370 109.3895 109.2430 108.9651 109.3202 109.0943 109.0122 107.6103 108.5115 108.5312 108.3597 108.3562 107.5742 108.0450 107.8369 108.1402 107.9373 107.8100
109.9900 110.0347 110.5420 110.2627 112.2890 108.8256 110.4386 111.5359 113.6225 115.0657 116.5484 111.8831 110.9159 107.9609 110.5167 109.8468 109.8200 108.8212 110.7762 113.7217 110.8112 109.2045 114.6239 108.8785 109.1868 109.2581 109.1187 108.9767 108.7395 107.6178 108.4282 107.5389 107.8491 107.4956 107.4316 107.3975 107.7405 107.7356 107.7233 107.8700
110.9500 111.0803 109.8678 110.6118 109.6635 110.3537 109.7018 112.8166 113.8851 113.4424 112.4820 112.5113 109.2451 108.3081 111.1388 113.2312 113.0864 111.4530 108.2231 107.2848 110.4623 109.9566 109.4005 108.8967 108.8202 108.3921 109.2659 108.1790 108.7393 108.3987 107.9449 107.9842 107.1267 105.8200 107.6904 107.6170 107.8498 107.1636 107.4498 108.1000
111.2900 109.3276 109.8283 111.2320 109.4616 109.5911 109.3141 110.2841 112.5786 111.4708 110.9172 109.9522 109.9232 108.3331 107.9897 110.1704 115.6734 114.1702 111.8168 109.7757 110.2967 110.4723 108.6670 108.1531 108.7060 108.1299 107.4428 107.0853 108.2394 108.1323 107.3642 107.3868 108.7012 108.0695 106.3892 106.5981 106.7831 107.0763 107.9633 107.9100
111.2900 110.2027 109.2482 110.0366 109.1942 109.9414 111.2055 110.1272 109.8268 111.6796 109.2735 107.9920 108.7484 109.5653 109.2506 110.5490 115.4384 113.0040 115.0033 109.3938 109.2033 108.6490 108.5331 109.5103 107.8130 108.5674 107.6656 106.9895 106.8655 107.3079 107.0751 106.3926 105.6075 105.8231 109.4515 106.5117 107.0022 107.7529 107.4523 106.6500
110.3100 109.7247 109.3437 109.4593 109.7971 109.2752 110.9347 110.9027 111.2309 113.5520 110.7432 109.6129 109.0550 110.1754 108.9171 109.1483 110.2477 109.2114 111.2117 114.1353 108.7293 108.3142 108.2467 114.7019 109.7046 108.7524 107.4421 107.1066 108.2952 107.4260 107.3386 105.9030 105.0585 112.3232 107.6408 106.6843 106.9549 106.8782 106.8221 105.7100
111.9000 110.4948 110.2069 111.4634 109.9376 110.2968 110.2056 112.9190 112.0747 111.7800 110.6255 110.1322 108.9878 108.2123 107.5584 108.7818 108.8377 109.6668 109.3792 113.4981 113.2041 111.2299 107.0170 111.0008 109.5264 108.2082 106.9617 106.9638 107.8159 107.1284 106.5702 107.1652 105.0608 106.7848 106.5773 105.4468 106.7240 106.7726 105.8559 105.9000
111.2200 111.6204 109.9478 110.6354 110.7523 113.6740 110.3127 109.3157 110.7365 109.7333 110.5181 109.8132 109.1602 110.7997 113.4937 111.1391 109.3903 108.8575 108.8765 109.5293 112.6178 112.0125 107.7515 106.7007 108.3789 106.6746 107.0190 106.8566 107.0892 105.9746 106.0573 107.4927 106.9326 106.8842 106.7043 106.6320 106.0696 105.2685 105.5087 105.7500
109.4600 109.4603 109.5223 109.3714 111.3650 110.1228 110.7447 109.8946 109.1989 108.3914 111.7706 108.7380 109.6162 107.6851 109.7367 111.0691 114.5479 107.9270 109.2898 109.0478 109.3310 108.6528 108.4646 108.2270 107.9771 106.5467 107.6302 112.9586 106.9485 106.3895 106.8758 106.7242 106.3636 105.6502 105.8942 106.7612 106.2555 106.3935 105.7142 105.1000
109.6600 109.8998 110.7492 110.4819 110.8717 110.2280 110.5519 109.2191 110.2534 109.2845 109.3817 109.5198 110.4654 110.7343 113.7740 113.1715 112.1079 109.8464 108.8555 108.4248 108.4892 108.3812 108.4365 108.1503 107.5004 106.7538 105.9573 106.6393 107.0358 106.2322 105.4963 105.9445 105.6966 105.0754 105.9616 106.2907 105.2640 104.5917 104.9341 105.2600
116.0900 113.9953 113.4875 112.1461 110.2260 109.7104 109.7261 109.0031 109.2984 108.4873 109.4339 110.1754 108.2456 107.3803 110.8937 109.7477 109.1332 108.8216 108.9363 108.9008 108.5828 107.5780 107.0685 107.7605 107.4858 106.6184 106.9153 106.5340 106.4384 106.4944 104.8191 105.4592 104.4494 104.4328 105.4069 105.4899 104.3364 106.0713 105.3413 104.9900
109.3800 111.3072 113.0539 110.6599 110.9952 109.0648 108.9346 108.3730 109.1657 108.7864 110.4121 110.8579 110.6891 109.2981 108.8248 113.2582 109.2058 109.2201 108.6744 108.5728 107.5815 107.0913 106.7656 107.3395 107.4734 106.5829 106.8034 105.8238 105.8171 106.2828 104.5581 105.5144 103.7570 105.6311 106.1548 103.8008 102.9679 103.9161 103.7131 104.9900
111.1300 112.2482 109.3799 110.2130 110.2856 110.4503 108.7599 110.1465 109.9729 110.5719 110.5146 113.8903 112.3024 110.2980 109.9846 108.8105 109.2486 108.7991 107.8988 108.3228 108.2210 108.1129 107.3427 107.4782 107.5639 106.4194 105.8816 105.6240 105.1850 105.2380 103.8601 104.8978 103.0821 104.2222 102.5985 102.1930 102.2645 102.1127 102.0606 102.6600
112.4400 111.4959 109.6928 112.3065 110.1800 109.4362 111.5493 110.2379 110.8369 108.6959 112.4068 113.5968 111.1797 110.9270 111.9104 108.8630 108.9259 108.2114 108.1594 107.8623 107.8040 107.8467 107.9583 107.3774 106.6410 105.1922 105.9041 105.6319 105.8413 104.8790 104.6692 105.2462 103.0153 102.2824 101.9456 101.7146 101.8077 101.7216 101.7130 101.4300
112.4400 111.4634 110.6512 110.7896 103.3712 108.0985 108.6323 110.2240 109.5813 111.1683 112.2759 109.3838 110.7974 110.6048 114.6294 111.6917 109.1118 108.0277 107.3748 107.9541 107.5199 107.8776 107.6851 106.1946 105.6104 105.8148 105.8133 105.5674 106.1514 103.8577 102.5472 102.8183 101.8036 101.6565 101.1082 100.6291 100.2718 99.8841 99.9265 99.4100
112.6700 111.2299 109.7681 113.3448 122.1470 110.1506 109.9644 107.8848 113.8618 110.1946 110.3160 108.8358 112.5920 109.3896 111.4068 108.4399 114.6412 109.6515 107.0298 107.1985 107.0480 107.7552 107.3236 105.7283 106.0399 106.1489 105.1084 103.6776 102.9879 102.3162 101.9425 101.5424 101.1814 100.5923 99.8722 99.2089 98.5278 98.5303 98.4102 98.1200
115.3300 118.0755 110.6571 109.0981 118.6797 109.4575 110.2424 109.3032 111.1728 109.4186 111.5364 109.9231 112.9929 112.6719 113.0965 113.2408 107.5870 106.9183 110.4304 112.2056 108.1770 106.9706 105.5149 106.8985 105.7757 104.5448 105.6373 104.6909 103.5002 102.3680 101.5646 100.8340 100.2120 99.2921 98.8011 98.2038 97.4488 96.7255 97.1172 97.4900
116.9700 114.0878 111.7888 109.4551 111.3911 109.0339 108.6335 108.2051 108.8755 110.0396 110.6265 111.7588 110.7237 111.4137 103.2915 115.5961 110.5537 108.2123 106.4960 112.7304 106.7542 106.6947 106.3045 105.7438 106.4157 105.3723 104.0246 102.9909 101.7465 102.1150 100.7259 100.2562 99.3147 98.2473 97.4136 96.1782 96.0093 96.0568 96.2480 96.5700
118.2200 113.4388 109.8331 116.6696 111.2704 107.9636 110.0900 108.5545 114.0478 107.9155 110.1529 109.9678 109.2878 112.8218 102.5898 112.4668 107.6986 110.8382 113.4993 107.0774 106.0369 107.4996 106.8368 106.6747 105.5587 103.5336 103.3993 102.6207 102.1098 101.2557 100.3106 99.6505 98.6982 97.0806 95.6826 93.6528 93.3309 93.1806 93.5505 94.0400
111.3000 111.2939 110.8982 108.7802 108.6958 109.0350 113.9733 111.4088 114.4650 109.9942 110.6754 108.3900 111.1240 116.0250 115.7550 110.3671 108.3206 108.0416 107.4074 105.9617 105.9987 106.9107 105.0133 105.1152 105.9047 103.5450 103.0456 102.1905 101.6425 101.0005 100.0055 98.7347 97.6983 95.6305 92.6510 90.1470 88.7626 88.3501 88.9678 90.1200
110.4700 113.2580 110.8709 109.0856 109.3714 112.4897 115.2243 111.7241 110.7261 109.1924 110.3760 111.1886 112.2468 111.7010 110.7440 111.8889 111.1713 107.6052 109.1914 105.2755 106.6400 105.5934 105.0287 105.3854 105.5304 103.5521 102.6977 101.9814 101.1845 100.3448 99.3119 97.9959 95.6531 94.1346 89.5173 87.5482 84.7190 82.9226 84.3229 85.5200
115.9000 115.1840 111.4376 111.4358 110.9236 112.5986 113.9866 116.0197 111.2079 111.7326 111.3127 117.3076 116.4205 108.1833 110.5440 109.8699 107.2787 107.0790 106.7400 106.7187 106.0179 105.6775 105.3060 105.0198 104.5153 104.2758 102.5259 101.9515 101.1687 99.9426 98.7155 97.7658 94.7333 91.1949 87.7034 84.8276 78.3208 73.9533 77.6672 79.7200
109.9900 115.0906 111.4519 115.5693 112.8315 113.3631 113.2524 112.4135 110.7248 112.7949 106.3403 114.1522 114.3020 107.4343 110.2709 109.1609 107.7163 108.3467 109.0790 106.3993 105.9975 105.9621 105.8858 105.5919 104.7599 104.2411 102.4235 101.7855 101.0331 99.7870 98.6306 96.7603 94.2218 91.3335 86.1398 81.6399 71.3802 68.1163 70.6359 79.7200
111.4100 114.3418 109.8226 119.0196 115.2083 112.1931 111.4148 108.6383 109.0199 107.6978 110.2277 112.1769 114.9331 113.7534 112.6956 110.5709 108.0984 107.9182 107.7737 106.8563 105.9040 105.6281 106.6887 105.3231 105.8745 103.3101 102.4627 101.7602 100.9790 99.7866 98.3884 96.1936 93.5989 91.6512 84.2875 80.1735 68.3725 65.0664 68.8928 71.6800
115.9500 115.7078 110.9091 114.1707 116.3222 112.8978 112.3025 111.2015 111.9802 111.2313 109.6108 111.3345 111.8694 113.0415 114.0549 110.6966 111.8689 108.1355 107.5368 106.2195 105.6318 105.9164 105.1426 104.8504 104.1656 103.1548 102.5143 101.8226 101.0483 99.9701 98.7734 96.5849 95.0479 92.0477 88.0794 84.0647 68.7228 68.5891 72.1272 78.6700
116.1400 110.2779 112.0192 112.4933 112.2522 109.5115 109.4798 111.3419 111.1090 110.6030 108.8977 107.8853 114.0398 115.5420 114.2880 112.4455 114.3450 111.9158 105.3270 105.9181 107.8436 105.2462 105.4207 105.0090 105.0384 103.2637 102.6636 101.7986 101.1862 100.2990 99.1527 97.4954 96.4133 92.8436 90.4788 83.4327 76.7746 77.0775 77.7629 78.8300
115.9000 112.7814 112.3920 110.3804 110.5254 109.3322 112.0310 110.6708 110.0248 109.4576 108.6124 107.0644 110.2268 113.2132 115.3934 114.7735 115.6913 111.7538 108.0487 106.0245 109.9114 105.2863 105.7479 105.7466 104.1277 103.4737 102.7762 102.1325 101.4128 100.4662 99.3195 98.3965 97.1216 93.6603 90.2534 87.3765 86.2169 83.0669 83.6666 84.8600
115.9000 110.1100 110.1100 110.3600 110.3600 109.6100 111.6500 110.3500 109.7000 109.4700 108.8800 108.8800 106.7300 106.7300 115.3100 114.5900 113.1800 113.3500 108.6200 110.7200 110.7200 109.7100 104.9000 104.0100 106.2100 103.5900 103.1200 102.2500 101.7700 100.4800 100.4800 99.2200 97.6400 95.0100 95.0100 90.5500 87.2100 87.4200 87.2600 88.4300
