111.4500 108.6400 109.1700 108.6700 108.4800 108.3100 112.5200 110.0800 112.0700 112.1300 114.9600 115.0900 109.6800 110.6300 110.6300 109.9400 107.3500 108.8300 109.0100 113.5400 113.2900 114.6200 109.1700 106.9700 105.9900 106.3400 106.3400 105.9200 107.0800 107.0000 106.7600 107.7700 107.6200 108.4900 108.2000 109.0200 108.2100 108.2100 111.6700 111.6700
110.6000 110.9225 114.3971 111.5457 111.0704 113.5728 113.1948 114.4100 109.8904 110.9230 112.8167 115.2238 110.2251 108.8618 108.5334 108.7731 108.1771 108.0971 108.0509 109.8588 107.5779 115.4319 107.4873 105.9155 105.8783 106.1304 105.9430 105.7104 106.0009 106.0835 106.3161 106.8710 107.3136 107.5453 107.8317 108.4113 108.5716 108.2234 110.3131 110.1800
110.3500 108.7407 111.6097 113.6636 110.6579 110.0464 111.2472 114.8728 108.4018 110.2331 110.2245 113.3152 108.1157 107.7244 107.7779 106.6077 106.2758 108.3461 106.1082 107.8421 106.0757 110.0772 106.5738 105.7335 105.9427 105.9163 105.8721 105.8883 105.9750 105.9687 105.9834 106.1392 106.2979 106.1146 106.6114 107.2323 108.0283 108.3960 109.2138 109.8900
109.4600 110.0669 110.2792 112.4879 112.7636 113.9746 111.5624 111.4615 113.0199 110.9387 108.4305 112.3590 107.5476 107.8206 107.5099 106.9372 107.0946 109.7440 105.4446 105.8763 106.0306 106.1991 107.2114 105.5882 106.9723 106.0591 105.5669 106.8630 106.7869 106.7484 106.7905 106.7978 106.0874 105.5374 105.6469 105.9893 106.7781 107.2571 107.9839 108.6400
114.2800 115.6213 116.6561 109.8701 110.9842 109.0056 110.6932 108.4182 108.7882 108.4454 108.0864 109.1428 109.0154 108.0660 107.5305 107.1599 106.3030 107.7136 105.5545 106.2850 105.4495 108.0692 107.7793 108.3223 108.1975 106.7246 105.0638 109.0449 108.0015 106.5609 106.7013 106.6270 106.8726 106.2106 106.0340 105.5507 105.7521 106.2715 106.8158 107.3800
109.8200 114.1145 114.7658 111.6523 108.8642 110.5727 109.7419 108.3955 108.7951 109.0882 111.1450 107.7835 106.8906 107.5175 107.8571 107.2851 106.8629 111.0860 107.7890 109.4423 105.7588 106.5251 109.3785 107.8719 110.2157 108.0162 106.8945 106.4851 110.3865 106.4220 106.8023 106.6249 106.5765 107.7002 106.8349 106.4114 105.8992 105.6310 105.7591 106.0300
109.8200 107.6045 108.2943 114.5798 108.7669 110.8537 108.5899 109.4696 108.3670 106.2908 110.2433 107.1033 107.5476 107.7019 106.7274 107.4188 106.6003 107.0053 110.8646 109.8172 106.2065 105.1704 105.9774 107.6771 107.7340 110.0588 108.5530 105.9905 108.4834 105.2309 106.4912 105.8952 104.1121 106.8012 107.9387 107.2989 106.7053 106.0204 105.5853 106.0300
109.3800 107.9488 109.6919 110.4472 112.5171 115.0420 109.2961 108.7795 107.7878 107.2998 108.3703 107.6427 108.3647 107.8483 107.0241 107.4704 107.3329 106.2457 109.5756 108.5486 104.9305 105.6376 106.7748 105.9582 105.9866 108.9819 111.0816 105.3398 105.1565 105.2077 105.9844 107.3469 106.9451 105.8352 108.5603 108.4739 107.6446 106.9200 106.3139 106.3900
110.3800 109.0571 109.3204 110.6095 108.6388 110.5541 107.9330 108.2423 108.6037 107.5978 107.3253 107.9403 107.5453 106.8149 106.2335 107.4780 106.2633 106.5412 104.7243 105.2373 105.7490 106.1324 105.6603 105.7163 104.9157 108.3240 111.2493 103.2239 105.1516 105.1191 106.2361 105.4206 106.0237 108.0504 111.4453 110.3133 109.2504 107.9785 107.0423 105.2500
108.9700 108.5898 108.5206 110.0322 108.2630 108.2574 107.9335 110.5423 107.3024 108.3942 108.0719 107.5322 107.5229 107.2731 106.8654 106.5063 105.2810 106.4636 104.4277 105.6470 107.3333 105.4148 105.1458 104.6892 105.1444 104.5423 105.6374 105.1673 104.7545 104.9148 105.6881 105.0964 105.9862 106.3214 107.5673 112.1774 110.2558 109.2729 106.7425 105.3200
108.7100 108.2902 108.4909 109.4264 108.5897 108.9524 108.0255 107.1354 108.6713 108.3574 107.0660 107.1301 107.0643 106.1691 106.6902 105.7328 104.7237 106.2568 104.5809 105.6425 103.6352 105.4318 104.6379 102.7759 102.3222 101.8439 108.0435 102.7798 104.6557 103.1900 104.0238 105.3056 104.7148 106.4756 108.5434 111.0269 110.9133 110.2277 109.2030 108.0900
109.6200 108.8177 109.5699 109.3397 109.1818 108.9836 108.0456 107.6140 108.0829 107.2432 107.6516 107.5493 106.5398 106.9728 105.7423 105.4591 105.6837 105.0709 104.9079 105.1164 104.2608 103.8379 102.4119 102.0286 102.3349 102.0073 106.2263 101.6955 102.8311 103.1068 102.6553 103.1362 105.1125 105.1456 106.6007 105.7448 106.1839 106.4680 106.3972 106.7600
108.9700 108.9577 109.3844 108.9805 108.8652 107.4499 107.1486 108.3098 107.6315 106.8358 106.3224 106.4280 106.6345 106.1364 106.2107 105.3245 105.5503 104.9907 103.4452 102.7659 102.9983 102.4971 101.8748 101.8422 100.7168 100.6176 100.4886 101.0981 101.0478 101.4661 101.9459 102.4636 102.9574 104.7667 103.7346 104.6388 105.7554 106.1443 106.7939 106.7500
112.4900 110.7843 109.7447 108.6646 108.3840 107.7233 106.8049 107.5354 106.4416 107.9614 107.7074 105.5433 106.5334 105.8767 105.3509 104.8700 105.2823 105.0792 102.8250 102.4057 101.6061 101.0822 101.1009 100.6321 100.1182 100.1483 100.2390 99.8187 99.9798 100.6429 100.9481 101.4373 102.9133 103.7970 103.6030 103.1038 105.1323 104.6350 106.2515 105.3400
115.2700 113.0587 111.3272 107.9026 108.7900 108.6008 107.5320 106.9397 106.6030 107.3443 107.2841 107.1579 105.0919 105.7074 105.2968 104.6973 103.5248 102.6747 101.9815 101.3232 100.9761 100.4999 99.7234 99.4968 99.2022 99.0240 99.0203 98.5413 99.0223 99.9950 100.3413 100.6582 100.7203 102.6017 103.9288 102.7380 104.9243 104.8163 105.8559 105.8200
109.5400 108.9981 108.3468 108.0284 108.6425 108.0865 107.4221 107.4968 107.4008 106.0906 107.0345 105.9430 105.2133 104.3352 104.1241 104.3235 102.7441 102.4106 101.5541 100.7753 100.0185 99.4439 98.9950 98.0850 97.8524 97.7601 97.3270 97.5774 97.7873 98.9894 99.5099 99.7702 100.3427 100.9317 102.2958 102.7698 104.3135 104.7850 105.1935 104.2900
113.3900 108.9388 107.6034 108.1455 108.6041 108.6427 108.3351 107.7805 106.3151 105.8095 106.1754 106.2716 105.7586 104.2062 104.3667 104.0064 102.3153 101.8497 101.0871 99.7494 99.0272 98.5559 98.0333 96.7670 95.9437 95.2291 95.7757 95.6545 96.4135 96.7251 98.0324 99.0858 99.5211 100.4806 101.2217 102.1358 104.8601 105.2920 105.2292 105.8700
115.0500 112.2365 110.1113 108.6503 108.0856 108.7257 107.2661 107.4627 106.6782 105.9027 105.1572 105.3533 105.1930 104.1255 103.7182 102.2335 102.0189 101.2301 100.5017 99.0755 97.6274 97.3356 96.2319 94.4304 93.1352 93.2702 93.7206 93.2785 94.7495 95.6139 96.6336 98.1897 98.7219 99.7409 100.8261 101.7465 102.7582 105.2631 105.3218 105.9000
114.7700 113.0524 110.5514 108.0125 107.8602 107.9462 107.4709 107.4033 107.1754 106.0704 105.3241 104.9749 104.9248 104.4612 103.0757 102.2772 101.3100 100.7420 99.5023 98.5204 97.2535 95.8402 93.8930 92.0886 90.6035 90.2407 90.7841 92.1751 91.7115 94.3395 95.9284 97.3113 98.0810 99.8801 101.1389 101.8270 102.3227 104.3816 105.8331 105.9400
116.5100 113.9012 114.4120 111.6806 111.8024 112.9510 108.7549 106.3155 107.3494 106.4593 106.7651 104.6229 104.8788 104.8140 102.8979 102.1692 101.2382 100.4526 98.9071 97.8860 95.6297 94.1535 91.6105 88.4038 86.1670 85.4453 85.8623 87.7497 89.6984 91.8715 93.7327 95.1266 97.5982 100.0345 101.0799 101.8743 102.3840 103.3414 103.4751 104.0900
112.9900 117.4334 117.7509 113.9031 109.4687 108.1228 110.4979 106.9485 107.4811 105.6016 106.2835 106.4582 105.6045 105.4008 102.5257 101.6958 101.1512 100.0619 98.1098 96.6879 95.0238 94.0139 90.6692 86.5479 81.6356 79.2923 80.1225 82.4339 86.0348 89.1277 92.6777 94.7655 97.3453 99.8985 100.6037 101.3236 102.4526 103.0895 103.8903 105.9700
113.7700 113.8847 109.2453 112.7333 114.8662 106.8773 105.1975 109.7211 104.6493 104.2528 108.4612 106.3688 105.2204 103.3941 102.5748 101.7637 100.7295 99.7523 97.9480 96.1386 94.1286 92.6443 88.4368 83.0352 75.7994 72.6594 74.0285 78.0488 84.3295 88.8965 92.7056 95.1559 97.3322 99.3587 100.1431 101.0576 102.1516 102.9337 103.3364 105.5800
108.3000 108.7342 108.9848 108.3059 106.6359 106.4731 106.8708 106.6598 107.2065 107.1908 105.7689 105.4158 104.5993 104.9613 102.4538 101.9522 101.0772 99.6049 98.1824 95.8367 93.7348 90.6932 86.2526 81.5401 68.5699 62.8033 66.5993 74.6591 82.5246 86.6636 92.6585 95.7426 97.0038 98.8618 100.2589 101.3041 102.2801 102.9950 106.2671 104.5600
110.0300 110.7366 109.0739 110.0006 107.5836 107.3086 106.4205 106.6745 105.8838 106.7664 106.2460 105.7823 103.7104 104.5973 102.3568 101.9098 101.2013 99.6639 98.4832 96.0316 94.0296 90.8660 86.4381 81.4911 69.4464 62.0639 66.6080 74.6516 83.2819 93.4128 93.0897 95.9314 97.4101 98.9344 100.3904 101.3768 102.1723 102.7821 105.0684 105.6500
108.8800 111.0157 109.1977 109.5196 107.8709 107.3089 107.2262 106.3944 106.7851 106.5439 106.7466 105.7029 104.1669 103.9010 102.5450 102.0019 101.1208 100.2304 98.9317 96.7626 94.7758 91.5243 88.2813 83.4152 75.3507 69.1178 70.4501 78.9479 86.1143 89.1301 92.9505 96.3016 97.9172 99.2869 100.2128 101.3075 101.9520 102.8596 103.7039 105.6500
108.6100 108.1086 110.1246 108.5598 107.9527 108.0255 107.6620 107.5035 107.0247 106.8915 105.6987 104.8113 105.2383 103.5504 102.6298 102.0599 101.4438 100.5860 99.3758 97.0384 95.4419 92.5025 91.4896 87.9137 83.6573 80.9800 81.1084 85.0402 89.6273 92.0464 93.8556 96.7229 97.2967 99.7069 100.2096 101.0032 102.1053 102.6452 104.2152 105.6800
109.2700 109.0108 111.1118 109.6027 107.0074 107.8441 106.8755 106.9449 105.9627 106.2690 106.8595 105.7744 105.5766 104.3352 102.8543 102.3685 101.7279 100.8935 99.7783 98.3266 97.1530 94.8266 92.5231 90.4281 88.3073 86.3863 86.7263 88.2309 92.1599 94.6735 95.6263 96.9176 97.7003 100.2244 100.9495 101.6568 102.2147 103.1893 105.6615 106.2000
109.3000 108.8102 108.1825 108.6008 108.2245 108.3141 107.6817 107.1531 106.1331 106.8147 106.9768 106.5234 105.1307 105.2494 103.3284 102.6572 102.0038 101.0330 100.4008 99.1093 97.9524 97.2361 94.4964 92.2909 91.2115 90.2266 90.8011 92.1148 94.6420 96.0697 96.6232 97.7385 99.2651 100.5105 101.4786 101.9302 102.4381 104.1450 104.0814 105.2700
109.4700 109.2917 109.2950 108.5317 108.4582 108.0260 107.0846 107.3857 106.2634 107.2339 106.7020 105.0911 105.3414 104.1866 103.5959 102.6959 102.0635 101.4606 100.9110 99.9543 98.6251 97.6220 96.5586 95.0859 94.4741 94.5209 94.9633 94.6569 96.9066 97.6755 98.1367 98.6949 100.1262 101.2350 101.7530 101.9171 104.3518 104.9728 103.8413 103.8500
109.4900 108.2679 109.3074 108.4380 108.1556 107.8392 106.8976 107.1103 106.5671 107.1836 106.7297 105.9910 105.6806 105.3269 103.7633 103.2666 102.7422 102.0271 101.2522 100.5409 99.7079 98.8064 98.3113 96.8188 96.6049 97.0562 96.9863 96.6998 98.5737 99.2205 99.5560 99.8240 100.4764 101.4636 101.7521 102.5694 103.1623 105.0850 104.6859 106.3600
104.7600 107.7745 109.3431 108.6620 108.9199 108.6517 108.0358 108.0391 107.3848 107.5617 107.2214 106.2953 104.7033 106.3398 104.9855 103.4148 102.9873 102.5916 101.9982 101.2236 100.5976 100.2460 99.4857 99.0127 98.0520 98.4846 98.9047 98.3798 99.2835 100.2357 100.3044 100.5752 101.4328 101.9533 102.4101 103.2426 103.3943 105.9590 104.7522 105.0400
109.7900 109.3644 109.3658 107.8820 108.8118 108.1379 111.5914 109.4713 106.6139 107.3666 107.1367 106.2485 104.8822 105.9493 105.3736 104.5924 104.3953 102.7765 102.2750 101.8738 101.6079 101.2467 100.6148 100.4070 99.7178 99.4977 99.9732 99.9281 100.3828 101.1061 101.2151 101.7458 102.1587 102.6241 102.8750 104.2174 105.8246 106.2579 105.9802 106.6700
109.9400 109.7556 109.3859 110.2548 110.4340 111.6097 107.1564 106.9400 107.4892 107.9145 107.7481 107.3501 105.6551 106.2161 106.0817 106.2275 104.4816 103.5810 103.0652 102.6088 102.3417 101.9255 101.5213 101.2445 101.0846 100.6260 100.7286 101.1457 100.9295 101.7534 102.0641 102.2849 102.5127 103.4077 104.5181 105.0218 105.3849 104.8927 106.3747 106.2800
109.7700 110.5833 110.0438 113.8026 112.8633 108.3974 108.5901 107.5991 108.6227 107.7456 107.6436 106.9930 106.1817 108.3113 106.0071 105.6619 105.9030 103.3632 103.6728 103.2488 102.7867 102.6390 102.3011 101.8650 101.6261 101.6102 101.7321 101.7322 101.9550 102.1528 102.4838 103.2499 103.1213 104.3007 105.4582 105.2874 105.4526 105.9787 106.3838 106.6000
114.7200 114.5124 111.1223 110.4601 108.3018 109.2827 109.1532 108.5773 108.5218 107.1953 107.5600 106.9857 107.9693 106.5209 107.2247 106.4947 106.4542 105.9002 105.4858 105.9684 103.4349 103.0843 103.0881 102.8361 102.7259 102.5001 102.6025 102.5561 102.6258 102.9779 103.2110 105.0107 104.5262 104.1106 105.1084 109.3409 104.6543 105.8035 106.2141 107.1700
116.0700 111.5626 109.8882 108.7302 108.5703 109.0434 109.0675 108.0297 107.7156 106.7145 107.5663 109.4868 108.1876 106.7407 107.5120 106.7505 106.4341 106.8982 106.4529 104.5410 105.9011 104.2644 103.6904 103.4131 103.2600 103.0843 103.1332 103.5179 104.6952 104.7928 104.1479 105.7859 105.9856 106.1106 106.3161 106.2163 106.1290 106.1553 106.8093 107.1700
109.9100 109.5584 110.6594 109.0785 109.4451 109.4175 108.8531 108.5027 107.7023 108.8304 109.6715 108.7557 106.5922 106.6128 107.8861 106.8826 106.5634 105.7564 107.1057 105.0191 106.3245 105.0899 104.5576 105.1458 105.5901 105.9067 105.8603 106.2421 107.2170 105.7963 104.7626 106.1450 105.5741 105.7123 106.4940 106.5625 105.8517 107.2855 107.4586 106.5000
110.1300 112.9540 109.9142 109.6828 109.5421 109.0570 108.9590 109.2157 106.8851 109.6053 112.4071 110.4638 106.6831 105.8850 106.6880 106.1388 106.2607 105.1228 105.3128 105.5553 106.2607 104.4798 105.2759 106.3342 106.4908 106.1094 105.9046 105.1054 104.6736 107.3885 106.8919 105.6045 106.3286 106.9699 106.4813 106.6763 105.9070 107.5714 107.6331 107.7700
108.1000 109.1696 109.1794 109.4428 113.6776 112.8904 109.4537 113.3889 109.7709 108.8892 111.1513 109.2612 109.1084 108.0625 106.3162 107.0616 105.4753 106.6084 106.2615 106.0691 106.7575 106.5115 106.8919 105.9352 106.5336 105.3288 106.8875 104.1094 107.5690 110.4784 105.9735 105.8909 106.2894 107.1515 107.2470 107.1481 105.9151 106.3829 108.8989 109.7400
108.1000 107.4300 115.1600 115.0500 114.2800 109.6100 109.8000 111.3600 111.5600 109.5000 108.4100 113.1100 113.1100 108.0800 112.8700 106.4500 105.3700 106.2000 107.3300 106.7100 106.2600 107.3800 107.3000 105.7800 107.1100 106.9800 107.1500 106.2900 110.9400 110.9400 104.5700 111.0900 107.1800 106.1500 107.0700 107.6100 108.0800 106.5900 108.4000 109.7500
