120.6200 120.1000 119.8700 117.0500 119.0500 116.3500 112.3500 104.5400 104.5300 106.2700 105.3400 109.1000 106.1400 108.6200 110.8400 106.3000 103.6600 100.9300 100.2600 98.4400 97.3400 96.1300 92.7700 90.2300 87.7400 87.9200 87.7500 90.5300 90.2800 94.6600 96.1700 97.4200 99.3700 100.1600 100.8500 101.3300 106.0500 114.2500 111.2900 107.2100
118.6300 115.0621 115.5001 120.4152 110.6143 114.9278 107.0395 106.6289 103.9112 104.6078 106.1449 109.0716 110.1896 107.4245 111.1565 102.7601 100.6434 100.6001 99.3421 97.9974 96.3397 94.2534 91.6421 88.5650 85.7061 84.0363 84.4958 86.4928 89.5996 92.5350 94.9846 96.9164 98.4616 99.6524 100.6934 99.5727 104.7658 107.4047 112.7879 108.0700
114.5400 116.4515 113.6210 115.4883 116.4335 105.3804 107.4842 106.5638 107.1271 103.3491 104.9472 110.0073 107.2520 112.3824 110.0978 101.4335 101.0152 100.2886 98.9175 97.4201 95.4706 92.8619 89.4019 85.1792 80.4873 76.2301 77.1174 82.1223 86.5650 90.6167 93.7984 96.1580 97.9437 99.3053 100.5695 99.8562 102.8094 111.8179 112.9119 108.2000
116.0900 116.3332 108.5927 118.9748 113.0277 112.9939 109.5462 110.1757 104.6334 104.2705 106.4110 113.3253 113.7981 106.0061 100.3825 99.8274 100.5028 99.9505 98.6515 97.0350 94.8654 91.8483 87.7153 82.4900 73.9800 68.6925 69.5239 77.3410 84.2634 89.1916 92.9513 95.6437 97.6056 99.1004 100.3622 100.2095 101.6315 110.7724 114.3306 113.5900
111.6600 113.1666 116.5314 114.0428 114.2854 107.4952 106.5182 107.2784 105.5826 107.8616 106.4836 109.8442 111.4136 111.1713 106.6936 100.7728 100.5700 99.9203 98.5819 96.9112 94.6693 91.5198 87.1367 81.5326 71.5326 65.0573 66.1405 75.1702 83.4783 88.7135 92.6748 95.4779 97.5074 99.0332 100.2717 100.3434 101.4942 110.3823 114.3981 113.9000
105.2000 113.6774 116.1599 111.2784 112.3867 107.5811 108.3859 110.6508 104.1420 105.9141 104.6085 108.9723 116.4058 108.3575 102.7551 99.8182 99.8675 100.1187 98.6955 97.0663 94.9365 91.9462 87.8902 82.7830 75.4228 69.5700 70.4337 77.8477 84.5220 89.3601 93.0395 95.6993 97.6431 99.1131 100.3675 100.2078 101.7692 110.8298 114.4417 108.2200
113.0400 113.5843 113.2434 112.1436 114.4061 107.9708 108.5444 111.6638 110.2525 104.6184 111.2463 106.8874 113.1908 108.1680 102.2867 103.8992 99.9373 100.2906 98.9617 97.4865 95.5122 93.2063 89.6117 85.6757 81.2180 77.4261 78.2639 82.8380 86.9560 90.8263 93.9540 96.2648 98.0173 99.3383 100.5671 99.9037 102.7925 111.9947 114.0334 107.9800
116.7800 113.5198 109.6587 110.9857 115.1024 106.1236 105.5258 110.8148 110.4574 107.9737 113.3061 107.5537 107.0285 106.3485 100.1251 106.1735 101.9824 100.4473 99.4086 98.0581 96.6916 95.1242 92.0106 89.0481 86.3284 84.6905 85.1000 87.1127 90.0046 92.8234 95.1821 97.0312 98.5435 99.6943 100.5617 99.9060 104.7121 113.5667 112.9607 107.6300
114.0500 108.3075 111.4250 114.1875 112.7363 110.9759 110.7041 106.4751 104.7485 107.6109 107.3899 107.2199 104.3025 103.3490 105.3366 99.2347 100.7238 100.7550 99.8599 98.9342 97.7348 96.1727 95.1619 92.4065 90.5633 89.5862 89.7925 91.0657 92.8849 94.7701 96.4663 97.9327 99.1832 100.2752 99.9327 100.7906 108.1636 114.6313 111.1913 107.2100
114.7000 107.0882 110.4077 114.1818 114.2561 113.1849 114.4946 108.4941 105.7557 109.1709 106.7514 106.0079 106.1622 103.3580 105.1149 107.2624 102.0024 100.6388 100.4654 99.7922 98.5567 97.4085 96.4879 95.0436 93.8477 93.2959 93.3988 94.1434 95.2537 96.5024 97.7184 98.8527 99.8120 101.2578 98.9856 103.3747 111.5369 114.3778 108.9677 106.7300
113.5600 113.4590 111.3612 112.6803 112.9213 109.9138 107.8860 111.6952 106.6945 109.2925 106.8341 106.5691 105.7047 104.7771 113.9770 102.4144 106.4782 102.6517 100.2146 100.5122 99.5142 98.7687 98.0845 97.2693 96.2456 95.9094 96.2064 96.3849 97.1509 97.9705 98.8894 99.6701 100.6290 100.0777 100.6824 107.6474 113.9988 112.8184 106.8237 104.4000
114.2600 111.8289 111.4624 112.7530 114.2571 111.8582 110.9034 113.6717 107.7078 107.0883 105.6482 109.4832 112.9364 103.0797 106.8782 111.4673 109.2070 101.3634 100.9197 101.1865 100.6676 99.8775 99.2111 98.4542 98.0482 97.8246 98.1066 98.3924 98.5573 99.2481 99.7380 100.9513 99.6161 100.2839 104.9182 113.1791 113.9858 109.1328 105.3939 104.0700
115.2200 110.9814 106.8696 111.0858 112.1912 113.9288 114.4497 113.3607 107.0486 109.6591 109.5778 107.3090 105.5511 110.3559 109.4645 108.8422 111.3987 104.2596 104.1532 101.4048 101.5657 100.9250 100.5563 99.8869 99.4251 99.2679 99.4739 99.8275 100.2048 100.6837 100.8816 101.0831 99.6659 104.6000 111.3493 114.6535 110.6533 106.0145 104.0720 103.7100
112.3000 112.3349 111.8585 110.0221 109.4232 111.2492 112.9050 110.5378 111.9011 111.5136 104.5848 112.2798 109.6974 109.9248 109.0614 113.4788 109.8703 100.9577 99.4780 106.8278 102.4930 101.4353 101.4562 100.9546 100.4923 100.4939 100.5312 100.6557 101.0315 102.3158 100.1421 100.7455 105.2747 111.7659 114.2416 114.5258 106.3900 107.0951 104.1048 104.4100
111.5000 116.2751 108.7940 107.4092 103.0913 111.9770 109.1855 107.2549 106.9981 109.5384 107.4386 112.0518 108.8540 110.3239 111.3320 109.6091 104.8848 104.7858 99.0822 106.0014 108.6743 101.6024 103.2042 101.0389 103.2779 102.5069 102.2113 105.0381 101.6409 105.2760 102.5715 107.5250 112.8646 115.7113 110.0087 114.9415 104.9715 110.3964 105.4312 104.9500
108.9300 114.6901 112.2559 112.8602 107.5062 114.8021 110.8402 107.8074 107.7358 110.7073 107.6858 110.4837 106.8517 103.3449 108.1706 102.3246 101.4779 103.6360 104.9000 106.8711 109.9920 105.7732 109.0132 105.9225 109.7862 109.7302 105.0967 110.7653 106.4157 105.1944 103.5433 109.4380 105.2393 107.2035 104.9375 105.8514 104.1935 104.8140 103.5087 104.9500
108.9300 113.5276 113.4524 115.1564 110.4719 110.2396 113.0241 107.8512 106.7036 106.9719 107.1257 109.1581 108.0886 105.9985 109.2323 104.1287 105.5398 102.7590 105.4628 100.7026 106.5877 104.3258 103.6494 104.5399 107.1334 107.8190 103.9487 107.5363 105.2017 104.4723 105.3243 103.0330 104.6317 103.4998 102.5363 111.8495 105.1296 102.7684 103.9711 104.7400
112.9500 112.2160 112.7285 107.7953 110.6235 112.0991 109.6589 108.5408 109.1907 105.9196 110.6949 113.6036 109.2946 107.0510 107.1987 105.7088 106.0137 103.8429 106.0211 103.9884 107.4984 105.5430 103.7842 104.6005 103.8986 105.0920 104.6764 103.4832 109.1599 104.6889 109.3517 107.2175 105.6278 104.8257 104.8481 115.3080 112.8468 107.9895 107.4355 104.7400
109.2800 111.8265 112.8472 114.1523 109.9072 110.0588 107.9896 111.6213 108.4070 107.2904 107.6374 108.8471 106.8237 106.8568 107.7167 110.8438 108.5167 109.5302 106.3059 104.0243 110.6706 109.1736 101.8385 105.1144 105.4740 106.1900 105.0408 102.9663 109.7374 105.9491 108.0885 107.9024 103.5266 103.2397 104.4380 106.6211 110.5580 111.5074 105.4629 104.2900
112.0100 111.9237 111.6769 112.0547 111.4101 109.5704 111.1952 109.0420 116.1666 110.5310 107.1816 107.5659 107.3016 107.8166 107.7663 107.8066 104.7233 109.2554 106.6859 105.1673 107.1788 107.5460 103.4752 106.6494 105.5861 106.3355 104.5948 103.5563 110.4623 106.1323 104.0118 107.3115 105.3813 106.3396 107.0652 111.2065 114.8585 105.2992 107.1064 110.0800
107.5200 108.2842 113.5620 110.6006 112.6474 114.3740 114.0914 117.1622 117.9149 102.5113 109.4366 108.3849 107.7711 106.6620 106.3836 112.8511 107.1652 104.4551 107.5483 109.0638 110.0450 107.8005 110.4127 107.3225 106.4448 109.0127 104.7336 109.2220 109.3766 108.3542 104.6994 108.1846 108.9035 114.2549 108.0046 112.9065 113.8322 114.8702 110.1336 109.4100
108.1500 106.2955 108.3593 110.5971 112.7817 116.3084 118.9784 116.0280 108.1153 108.7299 108.8023 109.8293 107.9029 107.3393 113.1483 108.7170 106.3243 104.3951 108.4595 107.5708 113.4352 107.3248 111.4748 108.0249 111.2542 110.0350 104.3196 110.3293 104.8499 106.5151 106.5475 108.9067 105.0796 114.9393 112.3830 113.0897 111.3383 111.2898 108.0868 108.3100
107.8800 107.9865 110.5964 114.6431 117.9304 118.8372 109.7088 107.7532 105.5246 108.5037 108.5866 108.6341 108.0609 108.4689 110.3951 107.9934 111.9112 106.2518 110.0339 112.6585 111.2227 107.1715 107.7138 104.0512 107.5109 104.1349 105.6715 110.1152 105.2076 110.9027 110.5166 108.9887 110.2259 105.9164 106.3183 110.6550 107.6138 107.7231 108.3782 106.9600
112.9100 113.1798 112.1949 106.9192 112.9896 112.6799 114.2217 111.0744 109.2047 109.0707 107.5849 103.3618 106.2731 110.8776 112.1800 108.6455 107.0829 107.9984 109.8814 112.7181 112.5879 110.7979 109.8964 111.0753 107.1316 108.7792 105.2146 107.3679 110.1897 110.2107 114.3118 109.0668 109.7499 105.9015 107.6952 108.5582 109.1728 108.0677 109.9134 108.4400
113.0100 114.0642 108.9322 112.0761 112.5735 110.2800 113.9344 109.5212 107.8666 108.0025 109.1047 104.9351 111.5560 108.7666 113.7748 110.9375 107.8184 109.0804 109.4807 110.7652 110.4211 109.4883 113.2937 110.5506 113.8370 111.5635 113.7588 111.8612 111.6919 114.3155 113.1151 112.1467 113.0019 107.1862 108.9323 108.1459 109.6486 102.8036 109.4975 108.9600
112.4200 108.3945 111.8557 119.3594 113.0561 109.2135 112.6737 110.2797 108.7808 107.9570 108.6924 105.1500 107.2457 105.3193 114.4114 109.9110 108.5141 107.5977 112.5624 111.3134 112.8959 113.9957 114.1806 108.9263 114.1163 112.8590 110.7980 109.0750 106.0042 106.8553 107.4425 113.1786 115.0657 114.8273 112.1340 108.7562 107.2900 102.7712 109.2881 104.2800
112.4200 116.9280 112.6837 116.8754 114.7269 113.3821 110.9482 108.3626 107.3808 108.6390 107.9399 110.9926 107.9577 107.4382 112.9568 112.6358 108.6423 103.8848 111.2093 115.2484 106.3345 111.3111 113.9314 111.4003 114.9441 114.4461 113.7679 116.6701 108.5692 109.7118 112.1925 112.5068 114.0339 114.5380 108.8021 114.7507 106.1450 105.6930 106.9311 104.2800
109.1100 119.8570 117.1844 117.1809 111.4518 114.4844 108.6692 109.1071 107.5519 107.6010 108.2956 107.2572 104.8957 107.2947 112.8550 110.3521 109.7442 106.7015 107.4324 109.9610 105.3617 104.2637 114.5265 112.9980 114.8406 112.9183 111.8751 112.2003 103.6329 102.1597 113.1769 113.4168 109.5913 106.0108 108.1734 114.4933 106.0708 106.6267 108.5441 108.8800
118.3400 119.1013 113.8954 109.5154 111.1160 115.2266 111.2497 110.2938 110.0749 112.8304 109.2163 107.6166 106.0238 111.1462 114.3355 113.0122 108.0127 110.5857 110.0857 105.2731 104.7856 111.2158 110.9416 115.8531 116.9145 108.3001 110.6131 118.1920 103.6206 108.3074 114.8993 108.0651 103.8498 104.1125 113.0445 115.0712 113.0845 109.1657 111.2119 108.8800
120.4700 119.6661 116.2319 114.9163 115.9773 111.7651 109.7103 112.3361 114.3166 113.0670 110.3125 109.3531 106.6249 112.7773 110.6557 111.0597 109.7569 110.2579 110.8958 107.6061 106.9420 114.9155 109.0668 110.6195 109.1923 110.3339 108.9545 109.0218 105.2447 105.5575 111.7144 111.6221 106.5951 113.3519 111.0552 113.6259 115.2479 112.6140 111.3891 108.2500
121.9200 118.4005 118.0569 117.4520 117.8851 114.7350 109.9035 109.9421 109.3974 109.9484 112.1930 109.7265 108.4720 110.0489 108.7129 107.9237 108.1637 110.8911 110.3448 106.9695 107.3883 113.6933 111.1799 110.7357 110.1761 110.5395 111.6739 106.9744 111.3617 103.8667 111.3601 112.2197 107.8143 115.6482 111.3597 113.3009 116.2960 110.3449 110.1010 108.2700
120.1500 119.4290 119.3105 118.0928 112.9552 110.3581 112.3641 110.6988 113.1887 109.5197 108.3085 109.5447 111.2172 111.7221 116.0114 108.1874 109.6538 112.7207 111.2679 109.5757 110.3435 113.5774 113.2097 111.2060 107.9625 110.4833 110.1879 106.2875 108.2253 110.1167 112.1485 112.1162 111.1413 111.6884 113.7876 116.1264 109.6841 107.4783 109.5497 109.8000
119.6400 120.1228 118.4335 118.8867 113.9805 113.7643 112.8298 114.5154 118.2592 113.8876 109.7377 109.0490 110.4686 113.2114 114.2030 108.3652 109.8917 114.1072 112.0227 108.9706 112.3595 111.1070 114.5956 112.7870 111.8183 112.4128 107.3727 107.0193 115.2521 109.7605 112.9975 114.6538 112.7006 112.3527 114.1391 109.9812 108.8877 111.6402 112.7436 109.7400
115.2000 116.5072 114.2248 119.5164 116.1397 111.7320 113.6029 112.3451 116.4465 112.1650 111.4678 108.1741 111.1363 115.5003 111.4586 111.7824 112.1406 116.3698 110.2944 112.2775 111.1552 109.8508 115.9133 111.8078 113.5390 111.6016 108.7276 109.5200 114.9496 110.8766 115.9144 114.5888 112.1480 115.0700 114.8327 108.8342 111.3017 111.3257 110.5314 108.6300
117.4200 120.3153 121.9848 121.0033 118.5036 112.3388 113.4180 114.0981 113.6973 111.1323 110.8729 112.1076 112.3712 116.4065 112.8865 114.3145 113.8522 114.5921 109.9474 109.7075 111.2997 113.0919 110.4910 109.9898 111.5934 110.6029 108.7844 110.5931 112.2280 111.5942 115.7540 109.0359 117.0658 109.5024 109.3845 108.9337 110.5186 110.6607 110.9899 110.9200
117.4200 115.7718 119.0040 122.2756 119.3612 114.2731 115.6064 117.9964 117.8058 111.7390 111.8932 109.7103 110.3081 108.9951 113.7287 113.9514 115.5735 111.1479 108.1561 107.6111 110.0392 110.1795 108.4846 108.8532 108.0279 107.2479 108.2679 110.0330 109.1922 113.3592 116.6839 109.5770 116.0327 110.3873 110.8486 108.8176 108.8395 110.7590 109.8958 110.7200
117.1500 121.1320 118.5423 119.6691 113.8920 117.0048 117.3237 116.7559 113.2098 113.5037 113.3186 111.3447 111.7564 116.2005 116.2540 111.9223 114.0717 113.3863 109.0481 109.6624 109.4423 108.6561 109.3567 109.6734 109.7058 108.2000 108.9875 110.8280 110.4961 114.5516 113.2234 111.2616 109.8521 110.2818 111.1480 111.9314 110.5879 110.3190 110.4731 110.3400
123.6100 124.8687 118.7565 116.3497 114.5655 117.6002 115.1213 116.2296 114.0071 114.2177 113.2419 111.9900 112.6638 117.7096 114.4181 113.7988 114.7685 114.0230 110.2938 110.3826 109.9118 109.6205 108.6619 110.6385 112.2353 109.6481 109.3788 111.8641 110.1271 113.2167 115.6157 113.7004 110.6919 112.1659 111.0364 110.8913 112.1268 112.3720 112.5033 110.6100
120.1100 124.3274 116.7959 117.3898 116.1701 116.5241 115.4062 115.3811 115.6983 115.9244 114.2235 113.2448 115.4111 112.8866 117.1966 118.7784 115.6193 114.3051 111.6970 111.0968 111.0156 111.6294 113.2882 111.3028 110.8659 111.3098 110.5902 112.3486 112.1927 109.5747 114.1489 112.6202 112.9935 114.1679 111.5147 112.2693 113.4950 111.6594 115.5893 112.8000
120.1100 119.1800 119.1800 117.0500 119.2700 116.1100 114.7200 115.2500 114.5700 114.5700 114.5700 113.9600 113.7500 113.7500 115.3300 118.8700 117.9100 114.8300 113.5600 113.5200 111.1500 114.0300 114.0500 114.0700 110.3800 111.2100 110.4400 113.4000 110.9900 113.4100 111.8500 113.8600 111.5500 111.3500 111.2600 112.3400 113.6600 111.8300 115.0000 112.8000
