112.1400 111.4300 109.4500 110.3800 110.7300 110.0100 110.0100 121.0300 109.0800 110.5000 112.5200 112.7300 112.4700 111.8300 111.8300 113.9000 109.4200 111.6800 112.2900 112.2700 118.0000 114.8500 114.8500 117.5800 117.9800 117.3900 117.3900 116.7800 117.0300 117.0300 118.6000 117.1300 116.5300 116.7800 116.2900 116.3000 116.3000 115.7700 115.7700 115.7100
112.6500 113.4433 111.6173 109.2627 110.1956 112.2465 110.6646 119.6146 109.9568 116.2588 109.8820 112.0426 113.3198 110.5765 110.8269 113.4504 107.9114 107.9795 112.1991 109.4813 111.4669 118.5769 115.7666 118.1947 117.8050 115.2934 112.9077 115.7918 113.9827 114.2952 117.3411 117.5067 117.0228 116.6895 116.2535 116.4266 116.6041 116.6529 115.6816 115.7000
111.3800 113.2130 109.5781 109.2837 109.6285 110.7721 112.3923 112.6734 111.2183 114.1778 110.1053 111.4162 112.5351 110.6737 111.0909 109.1597 108.7191 109.5774 110.0360 109.7392 110.0997 113.5354 118.2673 117.1853 116.6774 114.4737 112.7709 111.7963 111.2830 112.9146 113.6791 114.7282 116.8131 116.9426 116.4728 116.7918 116.6792 116.4834 116.7091 115.6900
111.3800 114.1443 111.5116 110.6949 109.9146 109.4605 109.6005 115.8826 118.3941 110.4064 110.1621 112.8666 113.0029 108.5759 112.3591 109.0276 109.4212 109.9007 110.7924 109.8813 109.0925 114.5752 112.3636 115.1067 114.1147 113.4351 109.6576 111.6757 116.2496 115.0961 118.1611 118.1027 116.8975 116.3271 115.9695 117.0628 116.7801 115.6249 116.3337 113.0900
112.3900 111.8984 109.4182 111.2240 111.9633 109.8990 113.5052 118.1568 110.6295 110.1238 109.1567 109.9144 111.0385 108.4080 110.1603 110.1309 108.8168 110.2364 112.5695 114.8203 108.1646 108.6551 108.5684 114.8138 114.1126 114.8468 112.1997 115.4059 114.4701 113.9523 116.1385 118.0875 116.7743 115.9100 115.9144 116.7304 116.3560 114.7975 112.6725 113.0900
112.1800 112.0376 111.9523 110.2801 111.8364 108.4144 120.8030 119.6290 112.7692 117.4099 108.9707 109.7149 109.0971 108.4987 113.1513 114.2995 113.1799 110.1775 110.6094 108.8843 108.1763 110.2522 108.7442 109.9670 108.9075 113.2971 115.5211 115.9535 114.3505 113.6763 115.9625 116.0510 116.3531 114.7882 115.7458 116.2183 112.2267 116.2818 115.6462 115.7200
110.7300 113.1738 115.4281 112.6713 112.3213 111.8107 117.6201 115.5805 115.9373 114.5905 110.9246 111.5648 108.2017 108.5173 113.6166 112.9038 109.3685 107.9938 110.8397 110.8455 112.5147 111.1251 109.3565 109.8956 109.4570 113.6296 115.5302 114.7794 114.5104 115.0631 116.1469 115.7422 114.4637 110.2836 115.2914 115.2149 111.8375 112.1205 110.6611 110.1400
110.2100 110.9111 112.9836 115.9257 117.2766 112.5716 114.4367 116.0516 112.0946 111.7799 110.5411 111.1714 109.1933 112.2668 114.3499 113.9755 109.8775 107.9633 110.2041 108.1056 111.1647 109.0317 110.9948 109.3908 109.1728 113.1544 115.4407 115.1991 109.5171 109.1117 111.9412 112.9479 113.3770 109.0094 112.6362 113.5932 109.4525 110.1523 113.1405 109.7300
110.2100 109.3600 111.9774 112.5012 113.7238 111.3521 116.8332 112.2446 118.3145 116.0644 116.8479 110.0293 108.1774 113.4447 113.6000 115.1114 110.3826 111.0447 108.4747 108.1890 110.3173 111.4921 112.3613 112.6200 109.7112 110.7822 110.4044 113.9105 108.9003 109.1027 110.0468 111.1676 112.8921 110.4123 113.0820 110.5740 109.5840 109.0170 109.7255 109.3700
109.7800 116.0989 111.1067 112.8284 110.7759 112.8797 115.8653 112.5717 114.3649 111.4798 115.4539 112.1761 107.6229 112.2969 109.2176 113.0345 113.4412 110.3375 108.7085 109.6369 109.2934 109.4570 116.4211 113.7138 110.9256 108.4007 109.3342 113.3118 109.5078 111.7385 114.6871 112.8626 111.2214 109.3643 114.0821 109.0804 109.6040 109.4964 109.5076 109.2800
109.2900 109.7321 113.9261 117.4093 115.9168 115.0594 110.9464 111.1042 112.9277 113.3605 112.2757 112.2977 113.2707 116.5653 110.7811 111.1503 110.3099 111.1412 110.3651 113.6034 111.2518 112.2358 113.7602 112.2674 110.5919 111.1549 109.2747 108.9278 109.1090 110.7383 113.8099 112.1353 108.8358 109.9377 110.1622 108.9409 108.8740 109.3101 109.1693 109.1700
109.4800 112.0400 115.1697 114.9073 110.1118 110.3592 110.7957 110.4010 115.6740 113.7695 112.8091 110.0490 110.8459 116.1487 112.5367 113.7036 110.5517 109.6192 112.4315 115.1324 115.2050 115.5965 115.4776 110.7435 107.7611 108.0425 108.0173 108.1550 109.1200 108.2940 112.7389 108.2244 109.0288 109.5984 108.9045 109.0352 108.0788 108.5701 109.1963 109.0300
109.5500 111.2647 112.8092 112.9994 112.3870 112.3763 111.7116 110.5279 109.9790 116.0632 117.2463 111.9380 109.8489 114.4488 110.9472 113.2587 114.4741 109.8848 108.2925 110.7370 110.7429 110.3262 109.0482 114.6316 111.6058 109.3178 108.7859 108.1361 108.1570 107.8949 108.2866 108.7194 108.5184 108.5902 108.4269 107.8304 107.6665 107.5986 108.0963 108.0200
110.5500 112.3905 114.6018 113.0908 118.0220 111.0803 112.6841 110.1130 110.2858 108.8613 113.6622 115.7794 115.9784 111.1667 114.3732 110.9876 113.3047 109.4110 108.2544 112.8468 109.1837 110.5792 108.0363 114.2530 109.9068 109.2693 108.2389 107.9029 107.1734 107.6055 107.9108 108.1569 108.2922 108.2132 107.9032 108.1033 108.0076 107.9145 107.5004 107.6100
112.8900 114.5655 111.9609 114.4864 115.6599 114.2496 113.6915 112.2424 109.8861 110.0068 110.0820 112.1951 114.3134 112.7634 109.2567 105.7244 108.5897 111.0071 108.2501 106.9470 112.2110 111.6961 114.8522 115.4836 112.0472 112.0216 108.1882 108.2928 107.9180 107.8387 107.6336 107.9726 108.1770 107.2240 107.8501 106.6608 107.3629 107.3857 107.7916 108.1800
116.4800 115.9502 110.1383 115.2550 116.5700 115.3905 115.0037 115.6629 112.3734 109.3099 109.8133 109.3281 108.5673 112.2513 111.0211 115.4963 110.0174 110.2566 107.9849 108.9475 111.0484 111.2753 113.3511 114.6385 107.2940 108.1198 107.9714 107.4364 107.9544 108.0325 107.9573 107.5479 107.1239 107.0850 106.6976 111.9457 108.2331 107.6809 107.0763 108.1200
114.4200 114.4143 114.4436 113.5200 114.9157 116.9541 114.8055 112.1743 113.3797 108.2186 107.6879 107.6722 108.3881 113.3159 114.9918 111.4484 114.0120 108.4873 108.0213 108.7433 110.0369 106.2884 109.9173 108.7169 107.5840 108.3813 107.4607 107.5406 107.7383 107.4844 107.3868 107.1568 106.6514 107.3460 107.3543 107.2586 108.0665 107.8992 107.4725 108.0400
114.5600 111.0976 116.8785 116.0773 113.9351 113.7512 115.2632 112.8107 110.0849 112.3132 111.3544 107.6005 107.6655 106.5548 113.5336 113.0968 115.1697 108.5041 109.1446 108.3537 109.6474 107.9606 106.7550 108.3072 107.7794 106.8231 107.6661 107.6490 106.1465 106.6309 106.8470 107.2245 105.6990 106.0916 108.0409 107.1743 106.6918 107.4242 107.9529 107.5800
114.8000 114.4814 111.6808 112.1754 114.3370 113.2935 115.0064 115.5784 109.6292 109.5826 109.7100 108.6619 107.0677 106.5208 109.7390 108.1679 111.9406 106.6730 106.2664 107.8080 107.7234 108.9458 106.5036 107.5050 104.7176 106.3196 106.2786 105.9185 106.0178 105.7057 106.2763 105.3033 106.2329 106.4078 106.9905 107.0900 106.6863 107.4990 108.1855 107.0200
113.8700 111.7994 109.1748 111.1941 115.6681 112.4106 111.9499 115.1279 110.6006 107.8184 107.4560 107.8092 108.3246 105.4838 111.8748 106.7067 107.7036 107.9045 111.4572 108.9898 107.3043 106.6450 105.2782 106.7561 104.3859 106.4162 106.3237 105.3441 106.4395 106.3452 106.5401 105.8718 105.7897 106.7172 106.3230 106.3737 106.6020 107.1134 107.7262 107.0900
111.7900 111.0539 110.6607 109.0040 112.0393 115.6157 111.3723 112.9905 112.8044 108.8780 109.5556 108.2238 108.3573 106.4298 111.1620 113.5887 108.5578 106.3389 108.6588 108.2970 106.3289 106.6544 106.4834 105.6537 105.3191 107.6605 105.3743 105.6895 104.9310 105.6563 104.2412 105.9252 106.1549 106.6987 106.1301 105.9231 105.9740 106.3451 106.4443 106.4500
110.3900 111.1269 112.9780 114.9299 113.1692 108.7195 108.0279 112.8271 109.0327 108.2346 111.8243 108.1330 107.5112 111.0778 107.9209 108.9971 111.2043 108.4840 108.8234 106.1138 106.7772 107.0065 106.4899 105.0500 103.7890 107.2637 105.9903 105.4169 106.2547 105.5343 105.2168 104.5197 105.3740 105.7829 105.4454 105.1633 105.6984 106.6329 106.2340 106.8900
115.0100 111.2933 112.7120 110.0486 113.1476 109.8424 109.7283 109.0140 108.5559 108.0864 108.7877 110.0108 113.2511 108.2282 106.8679 107.1958 104.8899 106.4640 106.7746 106.0399 106.2629 105.7529 105.5639 105.3622 105.8185 105.8315 103.6111 103.7657 104.5223 104.7031 105.2698 103.6698 104.4281 105.7697 105.0888 105.1613 105.6603 105.9595 106.2973 106.4100
110.0400 110.3531 110.4154 110.5721 107.2059 109.6091 109.4244 108.9899 109.1044 107.2795 108.2361 110.5036 110.1920 112.0515 108.0623 106.8096 106.9036 111.6687 107.1294 104.1794 106.3001 105.9800 105.4705 103.8246 103.2122 103.3930 102.8679 102.9884 102.6735 102.5847 102.7880 103.1174 103.0616 103.7371 105.0785 104.2803 104.6838 104.8956 106.5764 106.2000
112.1200 109.2771 113.1197 114.0700 109.6079 107.9837 107.8012 108.4358 109.2360 106.3868 109.1654 107.5029 107.8848 109.4227 107.7814 105.1123 108.0322 106.5570 107.2970 105.8009 104.2694 104.8004 103.8592 103.0188 102.7834 102.3661 102.0443 102.3292 102.2502 102.2429 102.0682 102.2884 102.6171 102.8873 102.8429 103.9945 104.1979 104.1132 105.9186 106.2000
110.3900 108.6844 110.7130 109.0558 110.5384 108.8810 106.3934 111.3810 109.5807 106.7054 111.1889 109.9141 107.6933 107.1130 107.2378 105.8515 107.2585 107.9569 106.5438 105.5299 103.5125 103.6666 102.5616 102.4592 101.8056 101.4070 101.1284 101.3226 101.5300 101.5440 100.9559 101.2942 101.2983 102.4003 102.6855 102.7435 103.4414 103.9038 104.9864 106.2400
114.3600 113.7858 111.6082 109.8845 109.7212 109.9079 107.8104 112.0373 113.8449 111.0919 108.5043 110.0617 108.6035 107.0775 105.8569 107.3923 107.0650 106.6352 105.6271 103.3046 103.0925 102.7412 101.9520 101.3822 100.9617 100.8608 100.4215 100.5048 100.1965 100.2334 100.1200 100.5085 101.2292 101.4472 102.0262 102.2182 102.6846 103.5695 103.8226 103.6100
110.3500 112.0498 112.8742 108.1644 112.7646 113.5957 107.4047 108.7150 109.6161 111.3861 107.5447 106.6534 107.8692 107.0665 105.6919 105.4009 104.9812 104.1917 104.0111 103.0451 102.5397 101.9769 101.5660 100.7489 100.1984 100.0311 99.1493 99.3818 99.6533 99.4690 99.3722 99.4117 100.0713 100.9071 101.3494 101.4104 101.7421 102.4293 102.6969 102.6200
109.1600 109.8186 109.6380 107.3503 110.3648 110.0200 106.9334 107.7271 108.4268 108.5518 107.3899 106.4226 106.0746 106.3966 106.5733 105.5509 106.3861 103.8836 103.2836 102.6304 101.9516 101.2427 100.7163 99.4162 98.9507 98.7446 97.7088 97.5296 98.5854 98.5802 97.9680 97.8617 98.7646 99.1690 99.7194 100.6165 101.4073 101.8472 102.2528 103.4300
108.2800 110.9778 110.0541 111.4482 109.1285 107.9683 107.6712 107.1689 108.2158 108.1149 107.5403 106.4574 106.2924 106.5760 106.6252 104.5858 104.3281 103.5145 102.9165 102.1936 101.4767 100.8334 99.8900 99.2564 97.3463 97.7999 96.0410 95.9276 96.1114 96.5930 96.3297 96.3477 97.9106 98.2357 99.1035 100.0457 100.7468 101.6162 102.2852 102.9600
114.1200 113.6920 109.6429 108.9770 109.0121 107.0984 112.9579 107.1797 106.9580 107.7136 107.2298 107.7878 107.5942 105.4228 106.4910 104.9951 105.7462 102.9605 102.3202 101.8215 101.1685 100.5042 99.3309 98.4069 96.5246 94.9536 94.1693 93.0217 93.4544 94.0711 94.4048 94.3771 95.8561 97.5904 98.2547 99.2682 100.1239 101.1575 101.9521 102.3500
116.5900 116.0028 115.3450 113.6716 112.0015 112.5246 109.8114 106.5439 106.7589 107.1857 107.9178 107.5900 106.9298 106.1934 106.2777 105.0398 104.6715 102.9407 102.2671 101.5194 100.8508 99.7083 98.6311 96.9385 95.1901 92.9453 91.8108 88.6385 88.4389 89.2930 91.0352 93.0147 93.5856 95.9900 97.2452 98.2643 99.1244 100.3473 101.3836 102.0300
114.3800 113.2099 113.9085 115.2340 113.7441 114.5736 107.3281 107.4253 108.6243 108.6643 109.2160 106.7122 105.5496 106.1368 105.5946 105.7577 103.1798 102.9271 102.0867 101.3258 100.3017 99.2861 97.9818 95.2099 93.4543 90.9251 87.4513 84.8478 83.2196 83.8455 86.2043 88.5424 91.7926 94.2191 96.3297 97.2808 98.5021 99.7506 100.7320 101.9300
111.1000 109.2551 107.8691 109.1725 108.9024 108.4193 109.7034 108.2470 112.2631 110.1819 112.5578 105.5094 106.8032 105.6663 110.0726 105.8026 103.2408 102.7202 101.9633 100.9990 100.1578 98.7649 97.2613 95.3249 92.3827 88.2152 84.3155 79.8029 76.3826 78.2590 82.7304 85.9044 90.4524 93.3587 94.7802 96.8970 98.8206 99.5649 100.7074 101.1000
110.1900 109.7181 109.1087 109.5778 109.4038 111.0221 107.6531 107.6159 107.8590 107.2197 106.8770 107.6298 106.8500 106.9294 105.2991 104.2070 103.3704 102.5447 101.6244 100.9350 100.0173 98.1225 96.1538 93.7330 90.5703 86.4256 81.1811 71.1497 66.7283 70.0899 78.1723 84.2007 89.1884 91.7653 94.8784 96.7207 98.6032 99.8069 100.8268 101.3600
109.4300 108.9035 108.9959 109.5254 108.5827 110.2175 107.4626 108.2590 108.0899 108.2723 107.7667 106.7162 106.5538 105.2124 105.1514 103.6585 103.2035 102.4991 101.6625 100.9148 99.7697 97.8026 95.8659 93.2995 90.2808 85.8230 79.3464 67.0531 63.7577 66.8980 74.9404 82.2360 87.8620 91.0517 95.1657 96.1273 98.4599 99.7843 100.8207 101.3500
110.2300 109.4298 109.5456 108.8805 108.4740 107.6541 107.2816 107.3028 107.5149 107.7638 107.3424 106.5637 106.1112 106.0903 104.9890 105.6745 103.3379 102.6046 101.9001 100.9371 99.6674 98.0313 96.2065 94.0924 91.0845 87.0967 81.1758 71.5985 67.8369 70.3858 78.3354 84.6838 88.2105 92.5566 95.2726 97.2908 99.0372 99.5294 101.1192 101.2500
114.3500 111.4007 109.2901 113.5174 109.1128 112.6588 108.1244 108.3266 108.1389 109.5520 111.5758 111.7838 106.8220 104.8407 105.0407 104.9923 103.2890 102.6784 102.0292 101.2113 100.0804 98.9975 97.4621 95.2567 93.0288 89.1766 84.7180 78.4353 74.9378 77.3032 83.6829 87.0606 90.9164 94.8279 96.2007 98.0084 99.0542 100.1004 100.7052 100.6400
116.2500 112.0990 111.8654 113.9393 113.5896 114.9508 108.3503 108.5186 108.1063 107.3624 107.9561 110.0303 106.8017 109.2330 107.1169 103.8150 103.5229 102.8613 102.1705 101.4676 100.5667 99.5593 98.2617 96.3063 93.7213 91.3058 87.7906 85.1552 83.5331 84.3314 86.7206 89.2056 93.0213 95.5405 96.2361 97.8439 99.4504 100.4042 101.3049 101.5100
116.2500 109.4100 110.0000 110.0000 109.4800 109.2800 109.2800 108.4900 108.4000 107.5500 109.1600 109.1600 106.7600 106.7600 107.2400 103.8500 103.4100 102.9800 101.6100 101.2300 100.8300 99.1800 98.8200 97.6400 95.8400 95.0100 90.1300 90.1300 87.9000 87.8200 90.1300 92.4000 94.9900 95.2400 96.8700 98.9800 99.6600 101.1000 101.5900 101.6100
