121.0500 117.0800 115.1500 119.4800 118.8900 119.4700 116.0500 104.9700 105.2000 104.8600 105.4900 103.4100 107.3900 109.9800 112.4200 114.0500 101.6000 101.7000 101.2700 99.7300 98.8500 96.5600 95.0200 90.6200 87.5600 80.8500 72.0100 72.0100 72.0100 79.2800 83.8900 87.5600 93.0900 95.0200 97.8100 98.8500 100.5000 101.4100 104.3200 110.2300
118.8800 117.3175 120.2607 118.5911 119.9482 112.0198 108.9209 106.1371 105.4262 105.2385 103.9128 104.1366 103.4976 105.1486 107.8682 112.7921 105.1288 102.0406 101.0007 99.8511 98.5735 96.9428 94.7394 91.7058 87.5132 84.7929 74.4565 67.7628 69.7000 77.9124 84.6085 89.4550 93.1410 95.7802 97.7141 99.1822 100.3777 100.1479 102.2026 110.3000
119.4000 117.3203 120.5858 118.1462 120.2024 108.4361 106.7578 106.8476 108.5915 105.5210 104.7806 104.6274 103.3009 104.9893 107.3140 112.2405 107.4878 101.8996 104.2498 99.8231 98.8345 97.3384 95.3685 92.7150 89.6043 85.5792 80.1487 76.3463 77.6128 82.5601 86.8864 90.8704 93.9648 96.2890 98.0420 99.4159 100.5036 100.9465 103.7015 110.2400
118.8400 119.1284 120.3435 114.9156 118.5872 114.3183 115.5299 107.0451 109.9734 104.1974 104.4916 104.5001 103.4606 105.5472 109.6243 112.5553 107.8946 101.7110 100.8836 100.4333 99.2651 97.9309 96.2664 94.1652 91.5495 88.4588 85.5771 84.0633 84.5659 86.7970 89.8761 92.7364 95.1477 97.0403 98.5586 99.7294 100.5100 99.7054 105.0407 111.6900
121.3100 115.8244 119.9006 119.5620 118.3683 115.7386 118.2497 106.1372 104.6854 105.2147 104.4992 104.3458 103.0512 111.1085 109.8944 114.7509 111.3131 104.6419 101.0453 100.8034 99.6982 98.6403 97.2879 95.7009 93.8534 91.8151 90.0622 89.0773 89.3642 90.7742 92.7102 94.6699 96.4200 97.9077 99.1784 100.2713 99.9816 100.8336 107.9499 113.1900
121.3300 116.5497 116.8035 118.9621 118.0635 117.8211 114.3383 108.6981 105.6022 106.1946 104.3855 104.6342 104.8945 107.0014 108.4217 113.0906 111.9819 107.1539 101.8335 100.7272 100.5047 99.4745 98.3175 97.1235 95.8217 94.5662 93.4977 92.9405 93.1072 93.9047 95.0968 96.4018 97.6538 98.8009 99.8048 100.9352 99.0012 103.3346 111.4955 114.3800
109.6600 114.5599 115.0150 112.7805 116.6404 116.5500 106.9235 109.5273 108.2333 106.4183 105.4308 107.4813 110.7573 106.6663 111.7663 111.0627 112.2190 111.3580 104.6206 100.7518 100.2188 99.9046 99.3063 98.3432 97.4955 96.6484 95.9974 95.6645 95.7658 96.2401 96.9844 97.8831 98.7905 99.6376 100.6161 100.2722 100.3338 107.5025 114.0884 114.3800
115.7100 112.1656 115.4667 109.3656 112.8342 111.2013 107.0688 109.2084 109.7416 110.5749 108.9034 109.4000 112.7984 109.4364 115.1135 112.5350 113.0031 113.9002 109.6620 102.5794 104.0910 101.8242 100.2613 99.4939 98.8498 98.2778 97.8506 97.6485 97.6999 98.0146 98.5314 99.0940 99.8642 100.7116 99.5012 100.2851 104.7366 112.9196 113.8882 114.5000
117.6600 113.0608 106.7027 110.9232 114.8763 111.5817 110.3533 107.3675 107.6826 108.3100 108.1906 106.4027 111.2695 114.9952 114.0456 114.2297 109.1732 113.2466 114.3443 105.0799 102.5709 100.8101 101.2549 100.4859 99.9990 99.5285 99.2853 99.1128 99.1711 99.3742 99.6380 100.3837 100.5238 100.4285 99.7289 104.2649 111.0592 114.9359 110.9535 107.0000
120.5700 113.4130 118.7983 115.9542 111.3613 115.1182 109.9592 107.9185 106.2510 105.7046 108.6974 106.4540 109.0534 114.9790 116.6524 113.0347 105.0630 109.6199 107.4246 106.0342 106.9158 100.9303 100.8777 101.3907 100.9233 100.9138 100.3811 100.3870 100.3796 100.5447 101.1422 100.0816 99.2435 100.8965 104.6690 111.2869 114.4471 112.9015 107.2822 106.1600
116.4400 112.1774 112.5238 116.7048 115.3396 114.6107 110.8091 110.5518 113.9735 105.9830 107.4096 105.9282 106.0746 107.7326 106.2046 112.8414 106.9092 109.4175 107.0465 115.1597 110.8021 105.0353 102.0316 102.1185 99.6983 100.0437 100.2237 99.8679 99.8532 99.8590 99.6673 100.0303 103.1070 107.0411 112.6705 114.6046 112.0289 107.7132 105.1587 103.9800
108.0300 110.9664 110.1601 112.9805 112.0070 115.4314 104.2313 113.7462 108.9139 106.8915 111.0377 108.5404 107.1427 114.2355 109.5082 105.6744 102.9655 112.3312 103.6531 111.8474 112.0625 113.3790 108.2187 108.9691 106.3063 102.6538 100.9376 102.8356 103.1124 104.2440 105.7266 107.7613 112.1609 113.5140 114.9904 111.5909 107.3262 105.1336 103.7094 103.5500
108.0300 111.9892 112.1033 114.1631 111.6756 109.9978 113.4633 109.6561 106.5479 111.7534 108.6546 106.5099 111.5276 106.1312 105.3655 105.4298 104.6796 104.0973 107.1611 108.8832 102.8722 105.5727 103.6412 109.5354 114.0114 110.0467 102.5387 108.6058 107.1378 106.0727 103.8104 111.2875 114.6245 112.0878 109.4384 106.2591 104.8809 103.4116 102.6268 102.4600
109.3600 119.0384 109.4484 112.8000 112.6622 113.8255 112.8085 111.5508 101.5502 107.5986 107.3736 107.0850 106.0369 108.5688 104.8048 107.4037 106.8367 112.3345 101.9938 111.6804 113.1842 110.1048 107.1038 116.7000 113.7245 114.9575 104.8328 109.4643 102.1913 107.3524 111.7971 113.6985 108.9135 107.0146 105.1614 104.5333 103.9280 103.3545 102.7428 103.0500
110.3200 117.2568 112.5008 110.0884 112.1362 110.7850 112.2682 102.3414 107.6387 103.3076 110.5140 111.5308 106.2166 107.0568 109.8376 107.7978 108.1758 114.6923 106.6918 108.3467 110.7912 106.8500 105.6872 105.3573 114.2229 112.8168 109.8540 112.2088 108.3517 116.0737 112.6808 105.5829 105.1763 104.3850 103.5766 104.9695 105.6672 105.1476 102.9798 103.3300
117.8100 117.5874 117.7708 110.7674 112.3827 113.0623 115.3264 104.5809 103.1476 106.9663 108.5526 111.0774 105.4896 106.6148 112.8629 109.7569 106.9828 109.9428 105.6684 106.6173 106.2369 106.6146 112.9277 108.2835 110.3061 112.8081 109.4235 106.4698 106.6779 111.1163 112.5812 105.4641 103.8174 102.7262 102.3719 102.8911 103.8508 104.4715 104.1828 106.4900
118.0000 115.5150 116.3634 112.8473 112.8895 113.0563 111.4844 112.6741 104.7192 105.7925 106.2225 106.2548 106.6985 109.1570 109.6550 107.4153 107.9988 106.9743 106.8818 103.3592 104.3071 108.0801 112.0742 111.8062 116.3013 116.6959 107.0047 106.7403 106.6589 112.5301 116.1789 106.3862 102.7971 102.8818 103.9050 102.0744 105.6098 105.6124 108.0723 106.4900
108.8400 117.2227 116.1856 114.7164 114.2325 110.9544 110.3776 114.7428 110.8426 108.2064 112.0271 113.3813 110.8174 109.6848 109.1445 106.9887 106.4267 107.2878 112.8915 109.7894 105.8452 112.7787 109.1053 108.2002 110.1895 110.5159 113.4498 107.3908 107.9880 115.6830 113.8567 105.1018 107.9347 105.2638 103.2621 104.8064 105.4863 103.5680 108.5165 105.7600
111.8700 114.1968 116.5541 110.8398 114.2409 112.8366 113.4617 116.7250 109.0315 104.0020 117.0832 114.7846 113.9116 110.3961 112.6300 112.4852 109.2652 106.5131 113.7591 107.7285 111.8092 112.0138 109.1609 109.4824 105.8142 110.3584 105.3598 106.6159 108.5055 105.9300 105.9695 108.2646 111.1860 104.1095 103.7781 104.6440 107.1974 105.3935 106.0866 106.3700
113.0500 112.2240 113.3552 109.7553 113.8549 112.9644 113.1215 112.7260 111.2918 108.8148 114.5745 117.0666 112.5461 113.3778 113.7063 110.7107 108.4768 109.7031 109.6837 113.0419 108.9918 107.5687 109.9896 108.1329 106.9740 107.1839 106.8019 106.6128 108.7975 107.6279 108.0434 107.9689 111.3261 106.7165 111.2199 107.4422 106.3311 105.5593 106.2284 106.5700
109.9900 109.5324 111.8929 113.4954 115.4797 116.5975 116.3345 116.7774 116.0035 114.6782 116.5769 112.1305 107.1135 107.4827 109.6114 110.5320 115.6193 114.4830 117.4693 108.0249 108.4335 107.3755 107.2940 107.4142 106.5685 106.4513 108.1206 113.8409 113.7454 112.1656 110.8821 110.6452 109.1359 114.3227 117.7672 115.4150 110.7162 109.6878 106.4961 102.2500
111.7100 110.5821 112.5968 111.1599 117.0106 118.0529 114.7510 115.2385 116.8333 115.4283 110.2172 109.5230 112.8987 108.0977 108.7789 114.2131 114.8682 105.1709 117.2487 113.8844 110.0489 108.3381 110.9002 109.7612 107.9181 105.9327 108.5154 104.2693 114.7713 111.2729 114.5023 112.2721 104.6538 116.6244 110.3956 114.8865 112.5136 105.8674 106.7911 106.2900
112.7400 113.7962 113.8468 113.5917 119.1627 120.4315 114.8565 110.2007 115.6027 106.1509 107.6047 109.4623 109.3425 110.4252 116.7019 116.1920 119.5139 116.0441 115.4038 111.1075 110.1678 104.2866 109.1892 108.3865 107.2247 108.5425 115.4063 109.7646 115.7062 111.6227 112.3584 108.1237 106.7114 106.0728 105.5769 103.2135 104.3102 107.7966 110.8149 110.3000
119.1000 116.0082 113.1798 116.1513 112.9996 116.0938 114.0413 111.7957 118.3620 108.2072 108.6454 106.8405 106.4630 107.5992 110.6892 110.8469 109.1821 116.5301 113.8208 110.3202 110.3481 111.1749 108.2333 108.3378 101.1325 102.6660 115.0132 107.3674 111.5185 104.2505 103.9940 103.3761 101.0279 101.0275 103.1942 103.5752 104.3652 104.0789 115.2238 114.9800
113.2400 113.6162 107.6605 111.2712 108.9974 112.9888 117.8693 107.4537 111.2569 108.6569 108.7003 107.8680 108.3997 111.8002 120.2830 116.3982 110.4368 112.2767 111.9548 111.2812 106.1351 112.7087 113.7545 109.1628 117.1066 112.6543 113.1887 111.1223 107.0026 103.4325 101.7662 102.9759 102.4933 104.0596 105.5482 102.8975 104.8216 104.8684 113.2643 114.5300
113.2400 110.7939 114.3943 117.8448 115.8016 114.9856 115.9653 109.9942 110.5026 109.9743 110.4424 109.7246 111.2007 115.0337 118.1249 116.4190 112.3534 110.2888 113.7804 113.3378 111.6692 112.9760 111.0580 101.6436 117.3324 111.1811 108.1074 103.4224 105.0554 111.0939 111.8813 108.5057 106.6022 105.6720 110.3583 108.2750 109.0252 105.8352 113.2642 111.4200
114.4000 115.1782 109.5235 116.8949 118.3070 122.6290 111.4672 109.5654 108.6670 110.1102 107.8611 112.4553 116.4339 110.5596 114.5919 110.2079 106.4879 109.4212 113.9816 113.8111 111.1880 110.3777 112.3363 108.4584 114.1832 114.1936 109.4872 108.7233 103.0885 105.8922 115.1822 106.9835 116.6959 105.9205 110.0452 109.6884 107.1499 107.0982 112.1608 106.9800
108.8900 120.5482 112.9267 125.9029 119.1614 117.0184 110.6931 110.5399 110.9364 110.1975 107.5040 112.8374 118.7250 112.6463 111.7476 118.0610 117.4547 114.8016 115.2775 112.8111 112.5681 112.4886 111.8110 112.1279 114.2482 114.4241 117.6832 113.9945 104.3412 106.5578 109.6248 112.3999 114.4572 104.1325 104.7266 108.4699 109.2963 107.4104 107.7006 110.5600
119.3200 123.4698 114.7284 110.8410 114.1657 110.2600 112.6844 108.9983 111.1597 108.8588 109.4019 119.7179 115.7991 117.4486 109.2019 117.3078 112.8180 107.9707 117.3809 114.7536 113.5067 114.3356 109.1797 111.0878 115.0656 111.0834 114.3731 110.0075 105.2749 112.9917 112.4157 113.2208 116.4776 111.7126 113.1371 112.5664 111.2390 110.7049 110.7964 112.6000
121.8200 123.4192 116.7364 109.4395 116.5552 115.3220 113.4586 109.1215 112.3548 110.4781 110.7255 110.2554 115.7995 113.0599 115.7128 117.0564 114.7902 110.6094 116.9475 114.7095 110.5540 112.0595 110.5380 111.6449 112.5747 114.6105 113.0849 115.8760 107.5845 109.8469 112.3197 112.3473 114.1719 115.8605 114.2320 114.2334 115.8481 110.2244 111.8839 109.0800
120.7700 120.3403 123.6418 117.1053 117.7990 114.3389 111.7662 109.6840 111.3488 111.4043 111.4836 112.2909 110.4321 114.3540 119.4724 119.5734 112.2429 112.9291 114.9389 110.2050 109.7755 108.6770 111.8516 112.1507 109.9208 113.4941 111.2492 115.7437 113.4707 112.0869 117.9656 115.6974 116.2956 113.7713 115.8840 115.2952 116.5871 112.8060 115.3844 109.6800
124.8300 124.9694 124.3456 116.0369 117.7219 111.1601 109.8078 112.4425 113.9647 109.9599 109.0795 111.6789 108.8215 117.8257 120.6228 119.1868 110.7105 110.5938 108.7521 112.0123 111.9987 114.1296 113.7265 116.4416 109.8125 110.9989 113.0211 115.6630 115.8546 115.6544 118.1761 115.0282 116.5780 115.6892 116.3344 116.1258 111.9159 115.5007 111.2814 110.7500
120.2400 119.8898 120.0933 117.0632 116.0716 115.6458 115.5009 114.1609 115.8877 114.0029 111.5286 111.5734 109.5948 121.1203 119.6236 114.8955 112.7193 110.1478 109.9292 113.9576 113.9045 115.3803 114.8356 118.0486 111.7895 111.4178 113.8834 116.8170 115.1876 117.5916 119.9230 114.4050 115.4749 116.0851 114.4064 113.9145 108.5022 113.0753 110.4042 110.6100
120.5300 122.9271 118.5331 116.7165 119.3596 119.3873 116.2976 115.6635 114.2822 114.1522 113.5164 113.5524 113.0219 120.8792 116.8992 110.5613 111.6949 111.5374 109.8508 114.4011 111.4236 117.2980 118.1471 109.3033 108.5097 110.7754 111.6697 111.6484 112.9524 113.0439 116.2461 117.4734 113.5721 111.9642 114.5233 111.1795 114.4480 112.1835 112.0104 113.7400
124.4400 121.8393 120.6157 118.9349 120.8140 120.2546 117.2837 116.7993 114.7963 114.3750 113.8281 112.1123 114.5345 112.7468 122.9619 114.5296 112.9627 112.0983 113.4147 116.1120 114.4087 114.3066 115.8426 115.4445 111.9327 109.8134 109.6424 108.8318 116.2244 115.0774 111.3874 110.7536 116.0119 119.4805 108.8826 112.5744 113.8390 110.7963 111.1910 112.5800
124.4400 122.7902 119.4134 120.3054 120.2047 122.7044 118.9671 117.5564 116.1117 115.0081 112.2510 114.7320 113.7411 108.9500 116.2561 114.6017 114.4515 114.4708 114.5142 114.2101 114.4983 115.7989 113.4168 112.7150 110.8808 111.4154 111.4385 110.7228 117.0460 117.0535 113.7242 112.7162 114.3523 114.7191 108.7769 111.3008 111.7479 111.6129 109.8970 111.7200
125.6400 124.3162 120.3398 119.3585 118.3481 120.6616 117.1516 119.1094 115.9825 116.0696 112.5218 112.2056 115.2041 114.8967 115.7664 114.4712 114.9039 114.7641 114.4080 113.6956 118.0425 113.9998 111.0486 113.8593 111.5717 111.9607 112.1266 112.5654 116.6410 117.7651 114.0947 117.1898 115.2267 116.1976 119.6891 113.6374 115.9938 113.6949 110.7947 110.2000
122.3300 121.2968 120.9712 119.7064 118.8262 120.0472 118.8033 117.7912 116.2923 117.1579 117.3183 112.3913 116.6683 116.1515 117.2680 116.5306 113.7527 114.9675 116.5006 116.3901 115.5746 111.4921 113.8632 114.4344 113.7392 112.7395 112.2215 116.0495 118.5516 117.5992 116.9477 118.8464 118.1525 122.3608 115.4142 114.6876 113.4217 112.7202 111.8981 111.3800
123.4800 124.3012 119.7140 120.2126 119.4901 120.2170 118.7172 117.8668 117.2847 116.7435 116.3493 116.2544 117.1900 116.4870 118.3452 119.2324 115.4900 115.3837 116.2615 115.1872 113.1774 116.5082 116.8304 116.2082 114.3262 113.6487 113.3592 117.6035 114.5499 120.8631 124.3818 117.5187 121.2778 121.1794 114.4365 116.8256 115.9043 115.3308 111.1723 113.5700
123.4800 125.1200 125.1200 120.2300 119.4200 119.3700 119.1200 119.1800 117.8200 118.1700 116.9800 116.4500 118.1000 116.5800 118.4300 119.7500 115.7900 115.4200 110.0900 110.0800 114.8500 114.2700 116.7800 116.7300 114.0400 115.4800 114.2500 113.8000 119.6800 120.5900 117.4000 113.4300 121.2500 114.9000 113.2200 117.0100 111.1800 112.0200 111.3800 111.9400
