116.0400 119.3500 118.9500 117.3800 119.1500 118.9800 113.2500 105.2900 105.2900 104.7700 103.8700 105.3500 106.9600 103.9800 105.6700 114.1100 110.9500 100.3400 99.3300 100.8400 100.2000 99.4900 98.7000 97.7700 97.7700 96.7400 96.6900 97.8100 97.5300 98.7300 99.5100 100.8700 100.8700 99.2200 101.0000 112.3300 114.1300 108.1400 105.8400 104.7300
115.5800 117.8486 118.1975 118.5722 116.2784 113.0426 108.1418 109.3079 116.1674 111.1970 104.5394 106.1844 110.1608 109.1453 114.6735 111.5251 104.4598 100.6530 101.5869 100.0459 99.2612 98.3184 97.3757 96.4937 95.7821 95.5466 95.6022 95.9846 96.7504 97.6826 98.6140 99.5150 100.4754 100.2453 100.0819 106.5522 113.4614 114.7375 110.7692 106.3600
111.6100 109.2342 118.5375 116.1564 118.7076 107.9774 107.1686 106.7381 115.9252 111.3613 105.2004 105.5370 110.0074 114.4320 113.6409 107.3317 101.4519 101.0293 100.3532 99.4061 98.2661 97.0511 95.7004 94.3669 93.2231 92.5957 92.7321 93.5558 94.7834 96.1425 97.4641 98.6463 99.6840 101.0332 99.2128 102.6459 110.4512 114.5687 109.0568 106.8700
110.2300 116.8792 107.5147 112.6285 111.3840 110.4408 107.2661 105.3676 104.4925 104.5416 104.1363 109.2190 110.9189 111.9327 101.5131 101.5114 99.8828 100.9922 99.6741 98.6329 97.2608 95.6242 93.7079 91.6200 89.7083 88.6284 88.8438 90.2755 92.2960 94.3510 96.1844 97.7256 99.0364 100.0643 100.1562 100.4465 106.9625 114.8167 111.5442 107.1100
114.0700 112.9516 116.0173 112.0554 112.8832 116.2541 113.0199 105.0741 105.5199 112.0692 108.1073 110.4711 109.5364 110.2222 110.5152 100.2734 100.5454 100.5474 99.2658 97.9510 96.2608 94.1207 91.4424 88.2843 85.3707 83.4498 83.9230 86.2049 89.3419 92.3739 94.8832 96.8509 98.4169 99.5958 100.7027 99.7886 104.1124 113.5216 113.0484 107.5500
111.7600 115.5192 113.4337 111.1089 112.2441 111.8942 105.4636 106.6223 104.6477 105.7853 108.8921 108.7651 114.9746 107.9994 102.3849 104.6270 100.5958 100.1466 98.9042 97.3368 95.3629 92.7802 89.1948 84.9298 79.8817 75.4769 76.4058 81.7744 86.3574 90.4764 93.7109 96.1095 97.9057 99.2701 100.5501 99.9290 102.4535 111.8214 114.0310 107.9100
115.6200 111.5094 112.6074 113.0216 109.7706 110.4906 109.5706 109.3372 107.5285 107.1136 109.7907 106.4777 105.8382 107.1782 102.1297 105.8573 100.9727 100.0318 98.6408 97.1276 95.2100 92.2647 87.8488 82.3392 73.6179 67.8292 68.9998 76.8724 84.1292 89.1113 92.9055 95.6206 97.6113 99.0853 100.3443 100.2341 101.6882 110.7140 114.4095 108.1800
112.8800 106.3856 114.2709 114.4290 111.1469 115.0489 110.7756 107.1042 107.4411 107.1726 105.8226 105.0459 104.2419 104.5280 102.1296 101.4079 100.7445 99.8533 98.5663 97.0924 95.5248 92.1449 87.5794 81.4487 71.2947 65.1105 66.3173 75.1003 83.5075 88.7246 92.6780 95.4832 97.4990 99.0300 100.2707 100.3550 101.5302 110.4161 114.4595 113.9300
113.0100 109.4680 113.8449 111.4395 111.2235 113.8402 112.2501 105.4120 105.4167 106.3896 107.0299 106.1385 104.7784 104.9055 106.7715 102.1439 101.4654 99.9302 98.7024 97.3518 95.4154 92.5810 88.5836 82.9228 75.5583 70.0101 70.8613 78.2896 84.6707 89.4504 93.0935 95.7318 97.6643 99.1379 100.3808 100.1776 101.8868 110.9022 114.5239 108.2600
113.2600 111.2523 112.8682 113.4831 112.9750 111.8148 113.8345 105.8317 108.2516 105.7896 106.4960 105.7538 104.8311 103.7642 106.6636 102.7776 102.6350 99.9929 98.9652 97.8421 95.8804 93.6725 90.3167 86.5249 81.7597 78.1777 78.9768 83.1830 87.2286 91.0185 94.0395 96.3210 98.0411 99.3677 100.5831 99.8493 102.9510 112.1315 113.9951 108.0500
115.2800 113.2442 112.6011 111.6097 113.6588 113.2692 109.6277 107.7128 107.3362 106.9906 107.8658 111.5803 109.7366 105.9825 106.0598 107.0445 104.4464 100.1894 99.6548 98.3305 96.6711 94.9356 92.1331 89.3410 86.6768 85.1458 85.7695 87.4010 90.2741 92.9956 95.2644 97.1071 98.5951 99.7475 100.5546 99.8752 104.9329 113.7430 112.8527 107.7200
110.8400 113.4358 115.3371 107.7702 107.5490 111.3238 106.8275 106.3855 106.8881 107.3158 103.6688 106.6110 106.0748 105.3824 103.4597 104.2825 106.2283 101.4638 100.2582 99.3470 98.0630 96.7600 95.1913 92.8811 90.8519 90.0296 90.6483 91.9304 93.1151 94.9288 96.5996 98.0155 99.2462 100.3189 99.9865 100.9186 108.2360 114.7550 111.0119 107.3100
110.7800 113.9211 108.2966 107.5119 107.9211 109.6154 107.4679 106.9810 110.4775 105.4386 106.4475 106.7700 104.9252 110.2875 106.6085 104.1964 103.7640 103.3600 100.1879 100.2620 99.3665 98.2711 97.2146 95.5047 94.0797 93.6316 94.0436 94.9450 96.3214 97.4455 98.2872 99.1089 99.7742 100.8716 98.7496 103.7867 111.9839 114.3246 108.5596 106.8400
107.0400 109.2923 114.6317 112.9288 113.5075 112.8832 113.1322 108.6501 107.2172 108.1300 108.5101 105.6386 103.2458 109.4465 107.5825 104.4417 104.3339 94.9878 96.7986 101.2794 99.8392 99.2165 98.5151 97.2458 96.4606 96.3560 96.4328 97.4700 98.1309 98.4373 99.0093 99.6676 100.8396 100.7457 100.9863 106.2673 113.8769 113.7512 109.1581 107.6500
107.7200 112.3169 109.7358 110.9144 113.0032 115.0306 110.6133 106.3022 108.3068 108.5140 109.2311 104.9207 104.3519 110.9639 108.8200 104.5037 103.8832 100.8153 94.2510 101.4696 100.5326 100.0364 99.8021 99.2426 98.6345 98.3380 98.7349 98.3318 99.0149 99.6992 100.3431 100.8048 103.4667 110.2332 108.1520 107.6960 113.3691 114.5829 115.1144 107.0700
115.9100 117.4876 114.5421 109.3205 107.2522 114.3690 109.3334 108.0051 109.3098 106.3674 108.8746 105.6395 104.8868 104.5861 104.6502 100.4720 100.6573 104.8657 99.3222 103.9717 101.4254 100.9637 100.6983 100.4084 100.1552 100.0018 99.9427 99.7218 99.9389 100.6663 101.0445 102.5443 103.9343 108.6595 112.4789 115.6382 112.2915 109.7234 107.6164 105.1600
116.4200 115.1026 111.9853 112.9144 108.5699 109.1131 109.4460 107.6471 105.0525 107.4700 107.7796 106.2588 106.6223 104.9350 106.3455 102.1140 103.3344 100.7543 105.2463 104.0779 102.0831 101.5359 101.6210 101.1502 101.0246 100.9614 101.0561 100.8158 101.0355 101.4975 102.2856 103.0709 104.5955 109.4275 113.1544 110.1449 115.0340 109.1888 101.0073 105.1600
110.8300 109.4904 113.1300 111.2921 102.4257 105.7059 107.4796 112.3296 108.9909 107.9527 106.1887 106.9670 107.0553 105.8256 105.1976 106.8888 104.4748 99.1230 102.4079 107.3429 103.8269 104.4900 100.7938 102.2247 102.2121 101.7154 101.4610 101.6906 103.9140 102.4476 104.6069 104.1753 103.2953 108.8384 111.6050 109.8299 112.0000 112.4019 106.7002 116.5400
106.3200 109.2232 111.4140 112.2151 109.3311 108.3372 111.2699 115.2590 110.4952 107.9674 108.1561 107.6466 107.1712 105.6208 108.0798 107.2537 106.0254 103.8257 105.3424 105.0091 104.8966 103.6046 97.6762 103.4456 103.4022 102.2141 104.2073 102.9037 104.3222 102.7247 103.9657 105.2377 104.5207 107.7867 106.8192 111.3643 112.8209 111.9891 108.8977 107.3300
105.9600 108.9475 111.8407 113.4910 107.0676 107.0781 106.4363 109.7674 108.2647 107.9199 108.0673 106.6885 106.1767 106.8772 106.3646 106.4638 104.5663 106.7864 108.6161 107.4032 105.5671 103.7731 101.5082 104.4690 104.9259 104.0442 103.9656 100.6627 103.1153 103.7778 105.1265 105.1717 104.9011 106.0411 100.7659 106.2953 110.0559 108.1252 110.2783 107.9000
105.4400 107.0688 113.3931 113.4850 110.7737 112.3293 108.0379 108.3328 107.9408 108.4033 107.4136 107.7304 107.2455 106.9771 105.5395 103.7913 105.3220 106.5574 104.9917 104.7687 105.6738 105.5155 105.3796 104.5224 104.9878 105.1030 108.0461 100.9545 106.1134 104.5617 105.7868 107.5703 109.1686 105.2657 102.5843 103.5546 104.3030 107.6909 110.6791 107.8300
110.3400 109.1965 110.5125 111.8262 113.7528 107.3856 108.8840 102.8524 108.0461 108.5834 107.7073 108.1811 108.2897 105.6373 105.9921 106.6768 112.5637 105.3504 110.0519 107.3705 104.1654 104.0870 103.8553 102.5556 105.5027 103.6002 107.4020 107.1724 110.6579 103.7244 107.9614 107.9198 107.3881 103.7522 104.7170 104.6277 104.3802 106.6869 107.6798 111.6600
109.2700 109.5689 111.4171 112.0425 109.5142 108.6580 108.6652 106.5696 105.6198 108.2992 107.6455 108.0547 110.1141 111.2352 104.7937 107.2045 112.1471 107.9763 106.3977 107.1514 105.7223 103.7852 102.6591 102.4052 104.4198 104.2797 106.1643 107.0306 105.3092 108.0058 108.4790 104.6220 104.0292 104.9032 107.0629 106.0211 106.5520 107.5869 106.5105 106.5400
116.3400 111.7907 111.8685 110.1494 110.4781 109.7612 108.4892 109.5893 109.0333 109.0908 108.7583 109.1655 108.3595 112.4435 109.5584 107.6205 108.0792 106.7548 107.4370 106.6112 106.7940 105.7954 104.1224 106.8227 103.2267 103.1489 103.1097 105.3695 103.4902 107.8402 106.8665 104.4948 104.3615 105.4642 106.2303 106.7369 107.5091 107.7917 107.1495 107.6200
110.5100 113.2956 110.7404 112.7587 110.0121 109.1411 106.8302 109.0493 110.1442 107.6382 108.8032 107.4575 110.2273 108.3350 112.3474 109.2537 108.0199 105.7729 106.2080 107.5798 105.8001 106.1508 109.4342 107.2161 108.1579 108.4130 111.5698 104.1695 105.5747 108.3938 109.6528 104.7865 105.3120 106.2828 106.1054 107.2079 107.8447 108.3153 107.6785 107.6200
111.3900 112.5105 109.5722 111.2459 112.4365 110.1636 113.1363 108.7031 112.9138 108.6974 110.7668 103.7383 110.4900 116.0904 114.5461 109.4359 107.9097 106.9395 107.2416 107.0960 106.3966 109.4477 111.3793 103.6811 108.7371 102.2874 111.8029 102.6469 106.0044 107.9863 106.5815 105.6639 106.2875 109.3371 107.3635 109.6823 107.4350 108.7247 107.5290 107.9300
110.8200 112.5836 109.2520 108.2994 110.4600 107.3068 112.2569 110.8516 114.7121 109.0657 111.3108 107.9112 112.7032 115.5359 111.6315 111.3393 108.3690 107.7283 108.4319 108.4327 108.2812 112.3216 107.7641 106.6349 107.0302 109.8600 115.2877 107.5701 105.8907 107.0694 107.4755 108.3693 107.3574 109.9028 111.6384 111.6781 107.6836 105.8425 104.3545 102.7700
110.8200 111.7734 109.2057 111.5672 109.7720 114.0839 109.7781 109.4923 111.4729 112.0125 114.5946 107.0380 111.3629 112.5596 108.1935 105.4826 107.1742 108.9900 109.0138 108.7298 107.8831 106.6779 112.4546 110.2681 110.3254 109.9536 112.4779 106.9047 105.5737 107.2288 109.9739 111.5132 108.6188 108.5798 106.7189 108.9981 108.2287 102.8948 106.2406 108.5200
114.3300 111.9214 114.3023 110.5305 109.6322 112.5625 109.0810 108.2537 109.5176 110.5975 115.8034 108.9817 111.4394 110.4946 110.3481 103.4477 108.4107 109.9349 114.5213 109.2246 113.6560 108.6790 113.9341 112.2480 112.6080 113.3714 113.2127 108.3093 107.0162 111.0336 112.2147 113.0065 109.9011 109.3230 106.9744 113.4473 107.3543 112.8730 108.9851 108.8200
116.6300 111.8882 111.5672 108.5207 110.8572 113.0928 110.4499 106.9797 107.5577 112.2162 112.9631 105.9507 109.5490 110.6033 111.9437 110.2688 109.8023 107.3659 108.8695 102.6230 109.1980 113.5082 113.3432 114.2942 112.9275 114.3041 113.5977 107.1913 114.5482 118.9410 104.5265 111.4908 108.2682 110.8601 113.6163 113.0643 111.7951 109.1036 108.9394 108.8200
117.3700 111.7261 111.6439 110.8190 115.6036 115.5557 110.7169 108.3284 110.1595 109.2825 108.7141 106.3294 112.0838 112.5503 111.4653 108.8457 110.7356 110.6161 103.9074 104.1728 109.0709 112.1747 105.5806 109.1664 115.3416 113.6516 110.0050 108.1637 110.0768 107.4237 103.8509 100.6778 109.8729 110.8670 110.1899 109.0740 113.2356 108.8723 108.4219 108.8200
113.3000 113.6053 116.6215 116.8263 110.3251 115.1767 107.6351 109.2495 110.7783 112.0791 107.7385 105.9546 109.9570 114.4274 112.6747 112.6688 111.4310 110.0168 107.1947 108.6688 109.2359 110.3045 107.1410 108.1315 110.5558 116.4852 110.9016 107.9733 109.6580 111.2951 107.7653 109.2796 106.0694 107.9061 115.5401 114.6714 108.4627 108.2284 108.4349 108.6600
114.8100 112.9278 115.9469 118.2009 116.1907 111.3978 110.2507 113.8067 115.2446 108.9599 108.2341 107.9811 109.4764 113.2680 112.7371 112.5727 113.6265 109.5780 104.7786 104.0442 110.7979 107.5370 107.4167 108.9646 110.2105 110.6816 107.7490 111.2074 109.8073 109.1545 107.2918 106.5844 113.7439 106.1309 109.8038 107.7145 108.3475 108.7936 108.7873 109.0400
113.2000 115.2025 117.8500 120.1792 114.4743 110.8049 115.2418 119.2809 115.4225 111.2399 111.0978 106.9449 109.0132 114.4510 111.9911 111.2171 112.0660 111.7448 105.3815 105.6339 104.9555 106.2175 108.4294 108.5528 109.3230 108.2065 104.1493 112.9603 109.4006 107.7719 111.9900 106.4598 108.6355 107.5054 108.0088 107.7143 109.2045 108.4286 111.5922 110.0600
115.2500 120.4994 119.1992 116.1628 112.3286 111.5305 115.4477 119.3652 111.9067 111.6182 111.2694 112.7949 110.4298 113.3156 114.3764 113.8608 113.3034 113.2500 106.5221 106.4042 105.7589 107.0289 108.8487 109.3524 109.2421 108.2906 104.5296 110.6174 108.9260 111.6883 106.0925 108.9599 109.5007 108.4338 111.0836 110.3424 108.8436 110.7724 111.0469 110.2400
115.2500 117.8177 117.9145 113.4257 114.2401 113.6773 116.2233 115.6573 112.4681 108.4691 111.1863 112.3334 109.4979 109.5498 114.0938 111.6409 112.8282 112.7068 107.3638 106.1357 107.7042 109.9652 108.0244 106.2843 105.8352 106.8288 106.1385 109.6042 107.5376 108.9890 106.6719 108.6763 108.6353 106.4609 110.3299 109.0594 108.8925 108.2403 110.4379 109.0300
121.7000 117.1430 117.5126 116.8757 113.3313 115.4576 111.9547 109.9735 109.7194 110.3709 110.9897 110.8000 109.8361 109.3163 112.4993 109.7523 113.8495 111.9466 109.0803 108.1269 108.7670 109.9586 107.7833 110.0606 108.8405 108.6606 109.8946 113.0422 106.6972 108.2394 106.7057 107.4680 107.9514 108.3463 107.3547 107.8395 108.9579 109.1530 110.5939 110.1400
118.5700 118.8384 118.7400 117.3529 115.5797 117.3492 112.6278 112.0232 111.0404 112.7303 112.8891 110.1488 111.9794 112.9347 111.2178 112.7065 109.2432 109.4981 113.0015 112.5160 111.3845 109.6075 111.0506 111.8210 109.7003 110.8876 109.5435 113.0398 108.0208 108.3374 108.5179 109.6559 107.5883 107.8786 108.6036 108.5501 108.9117 110.9464 110.0568 115.6900
122.3200 120.1500 116.1341 118.5601 114.6266 114.2544 113.0134 112.2477 112.2324 112.5855 111.5835 111.2274 111.5143 112.8066 112.6737 117.2823 110.9202 110.5437 112.1387 112.7151 112.2286 112.7301 112.6415 112.9017 112.6133 110.8705 112.2910 112.3475 108.6364 109.5266 109.5358 109.6445 108.5364 111.0673 108.4261 109.5392 110.0045 110.1900 112.9423 114.6600
120.7000 120.7000 117.9300 117.9300 114.4700 114.4700 113.5700 114.3200 112.2800 113.3800 112.0100 113.4400 110.7400 113.0800 112.8800 117.6300 113.5100 111.1000 112.4300 113.0500 113.0900 113.1200 113.1200 113.8600 111.8600 109.8700 111.2200 108.7500 108.1700 109.0700 109.0600 110.2000 108.9900 108.9900 110.6500 109.9700 109.3600 109.3100 113.2800 113.2800
