115.3700 115.3700 111.1700 113.1800 112.3600 116.1100 120.8200 117.0300 120.0800 115.2000 119.1600 119.0000 108.1000 106.7600 107.3700 104.7400 103.6100 107.4200 109.7200 111.4200 111.5200 108.7200 104.6200 100.5200 99.7600 98.0700 96.6200 95.1000 90.7700 87.7600 79.7400 72.6000 72.6000 72.6400 79.7700 84.2000 90.7900 93.2100 96.6300 97.8600
113.4600 113.9345 109.8606 118.3240 117.3150 118.4848 118.9836 111.8158 118.9431 116.7327 119.1674 115.8726 107.0840 106.7422 106.7633 104.6309 103.2944 106.7699 109.5759 111.7793 112.8981 111.0946 104.8112 100.7569 99.6583 98.5521 96.5313 94.1698 90.7877 86.1354 80.1584 69.5038 64.9296 67.6885 77.0736 84.5147 89.5474 93.2819 95.9083 97.8100
112.5900 113.6046 113.8799 122.3100 118.2726 118.4071 114.1287 111.4939 119.7904 119.7748 119.4852 115.8278 108.3779 106.7018 106.8826 104.6777 103.1852 106.5730 109.6433 111.5382 113.1049 111.4806 104.9271 100.7664 99.8694 98.4779 96.6909 94.4021 91.2131 86.8573 81.5260 73.0158 68.5859 70.8207 79.2776 85.3590 90.0218 94.0332 96.2072 97.8400
113.0300 119.1800 118.6987 114.2045 115.8484 120.0138 120.0358 116.0916 118.0191 119.6638 115.1019 110.4613 109.0939 105.1315 105.9727 104.5492 103.9751 103.8165 105.6581 111.7038 113.9306 107.1549 99.3730 100.4227 99.9470 98.6844 97.1097 95.0798 92.3571 88.7639 84.5729 79.8586 76.3724 78.3517 83.2612 87.5440 91.3859 94.3557 96.6239 97.9400
114.7200 118.2376 116.2216 120.9118 117.2138 117.3380 117.6993 116.4166 113.1064 116.8308 112.1164 109.1061 112.0380 105.4419 104.7288 103.8381 102.5467 103.3816 105.4384 110.1710 114.1535 109.9061 101.1470 99.8902 100.4045 99.1222 97.7462 96.0457 93.8888 91.2116 88.1743 85.5414 84.1940 84.9886 87.2912 90.3477 93.1507 95.4779 97.2911 98.1100
114.7100 113.9301 114.6409 113.3718 111.2818 118.1377 105.4989 110.9081 111.8119 108.6089 111.6354 111.1855 111.2378 107.1246 106.3952 103.2892 102.9663 102.9988 104.8009 108.4509 113.5393 113.3107 103.3220 99.2185 100.9411 99.5773 98.4931 97.1142 95.5043 93.6394 91.6072 89.9791 89.1530 89.5994 91.1143 93.0374 94.9722 96.6600 98.1124 99.5000
117.1200 116.7846 117.4452 120.3341 115.0899 120.3244 107.8536 105.5735 107.6374 111.6744 110.7568 106.5566 106.6198 106.9130 104.9854 104.0419 104.0143 102.7361 104.1865 106.5003 112.3695 112.6501 106.7597 99.8857 100.6700 100.2604 99.2661 98.2076 96.9891 95.7032 94.4574 93.4654 93.0093 93.2657 94.1176 95.3147 96.6204 97.8474 98.9740 99.5000
112.2200 113.3500 113.7230 119.6491 118.4440 115.7542 113.9063 109.4163 107.6930 106.7391 107.5852 106.3489 106.2038 106.9416 105.0542 103.6010 104.2693 102.2877 103.5943 106.6295 112.7971 108.7527 107.8389 103.2839 99.9644 100.4000 100.1188 99.1754 98.3375 97.4104 96.6047 95.9926 95.7180 95.8711 96.3843 97.1509 98.0412 98.9477 99.7934 100.7000
116.3300 109.0663 115.5707 119.2578 118.1736 111.8313 116.1422 112.8868 109.0997 110.0981 109.1211 106.1929 105.6225 106.0072 106.1644 103.3386 107.4446 103.1721 103.6622 108.0282 113.1172 112.1958 101.7429 105.8981 102.0634 99.1497 101.0129 100.1430 99.5628 98.7966 98.2581 97.8491 97.6989 97.7776 98.1190 98.6503 99.2084 99.9557 100.7303 100.7000
117.0400 114.7776 117.6088 118.4623 111.7815 114.1016 114.9305 110.5905 110.3282 113.3743 107.6787 110.4695 108.8500 104.6396 103.2647 105.8885 108.0774 104.5405 102.9550 109.2416 109.8428 113.2755 113.0614 107.9473 107.0974 101.0681 99.7606 100.3581 100.7245 99.9436 99.5311 99.2871 99.1372 99.2345 99.4274 99.7339 100.6859 100.3476 100.0075 99.5500
119.1300 117.3334 112.7323 113.9831 110.3807 114.6410 108.9930 111.8405 111.7829 111.0552 108.8931 110.0645 112.1522 113.4082 113.8277 104.5634 109.3279 106.3773 103.8729 105.0282 106.2078 111.1546 109.5584 114.2621 113.3759 106.7759 100.2040 101.0521 98.9464 101.1299 100.6204 100.3729 100.4123 100.3899 100.5477 101.3365 99.6094 99.3290 101.4911 105.0400
109.5000 109.0245 110.8435 117.6922 116.5743 115.1380 106.9781 115.7766 104.6706 110.4537 102.8945 109.1261 111.8231 108.8064 112.9579 113.8496 107.4572 104.3010 103.8762 111.2218 112.6318 113.3983 111.3072 111.9170 114.6140 110.3686 101.3158 101.9538 102.6288 99.7696 100.7702 100.0891 99.8418 99.9234 100.0704 100.0007 100.3214 103.8960 107.8537 106.8200
108.8400 108.4191 117.5711 118.3664 118.0841 117.7452 113.8802 112.6228 107.4341 104.4886 113.7741 112.2051 110.5968 111.8665 118.9363 103.9568 114.2765 109.0836 106.7295 119.5332 114.0655 116.6993 115.2297 106.6121 109.4440 114.9199 108.5563 102.0321 102.4870 99.1922 100.5656 103.0257 102.5390 102.7049 103.5770 105.1675 109.1333 112.5362 114.1246 114.0500
108.2500 108.7542 118.9443 119.0020 117.7462 117.3167 115.2846 108.3385 106.7548 111.3530 109.3879 111.0479 110.0785 110.5216 115.5464 107.3123 109.1869 112.0194 110.3157 114.8570 105.1637 115.6833 115.8824 108.0619 106.6198 112.8944 103.8875 103.7620 108.2143 107.7199 108.4317 111.7287 110.8594 111.0848 111.8835 113.4624 114.4684 114.2271 111.4113 114.7400
109.4000 112.9617 117.3651 117.2971 111.1868 115.9800 114.3996 107.3249 110.6569 104.9996 104.6253 102.8690 105.8302 116.6303 112.9186 108.2507 107.9294 106.9589 113.6504 111.7296 108.5537 112.7918 113.8244 107.7608 110.2298 114.4443 113.4721 110.9648 114.9883 109.4232 112.5586 113.3261 113.2949 113.5942 113.0841 114.7977 114.8130 114.9883 111.5252 106.5900
112.7600 114.5150 111.5891 116.2379 114.5170 115.0403 113.7306 108.0585 109.0369 105.4195 106.3400 108.9043 112.8073 111.1998 116.4216 108.6183 109.6678 106.7228 111.0601 106.0059 109.3236 108.0805 114.5004 117.5686 114.6611 112.2631 107.4816 105.6946 112.5588 113.9656 108.2889 111.0974 107.9927 108.1752 107.6093 106.6744 106.5870 108.5999 109.4023 107.3100
115.4800 117.1128 117.0937 115.9100 115.4902 117.7160 114.2652 114.0801 110.7944 108.0708 108.8190 110.5802 111.3437 111.0534 113.3691 107.0445 110.0947 109.3899 108.7007 105.5605 108.0515 107.9644 108.8895 116.3554 114.2643 113.9358 107.3184 108.2403 109.8246 111.8869 112.3229 104.6185 104.6303 104.4984 103.2889 108.2660 106.8001 103.5772 104.3574 104.9200
108.4600 112.4939 116.5157 117.2450 116.7382 116.1768 116.0299 113.4886 114.9661 114.6663 118.4816 114.4930 111.1049 116.2500 115.1871 109.8733 108.4234 111.2688 110.8341 106.0036 106.2640 109.6933 109.2469 109.1298 108.1002 110.5146 112.4305 108.9385 109.7751 114.1967 108.7940 103.8003 102.6332 102.6527 105.2544 116.5107 115.5086 106.2674 109.7096 104.4400
114.7000 112.1780 117.5724 118.4670 117.7442 116.0777 113.9483 115.6382 114.9637 117.8282 109.7861 108.8595 108.5598 109.4055 114.4788 109.9051 108.2237 107.1960 108.9266 105.8583 108.4031 106.4200 110.0761 108.6437 110.3029 110.3388 108.3561 104.0042 105.3481 108.1313 111.6260 103.8234 103.3175 103.0852 104.5549 107.2498 116.0041 105.6390 107.5959 104.6200
123.5700 121.4002 116.6715 120.8326 119.4147 117.5246 116.1666 117.1774 113.8001 112.5546 108.8397 109.1962 106.9218 111.4499 115.3879 115.7348 114.0837 106.1255 107.8180 106.9674 106.1747 106.5388 108.9968 107.6997 109.1086 109.2088 113.6575 105.8932 104.8216 106.8096 108.1477 103.4961 103.3368 103.5931 110.7317 109.9527 114.2971 109.1272 106.3287 106.2300
116.5900 122.2203 114.3169 114.3135 118.3885 108.8114 114.1783 112.6372 111.5781 110.3531 109.7659 109.3703 113.4033 116.3760 112.1247 108.9666 112.3269 107.0338 108.6338 107.9208 109.0999 109.3396 108.5791 109.5608 107.4919 112.4663 108.5670 107.0958 110.1593 105.0314 109.5092 102.8907 115.3693 109.2849 117.4204 112.9804 111.4073 106.0188 109.3263 111.3000
120.0000 120.4736 112.6030 109.3328 112.8240 118.1250 109.4672 111.9008 111.3807 110.7291 108.1576 114.3474 113.6601 111.2149 112.1264 110.8723 109.3953 105.2741 107.2685 110.9738 109.9764 110.3142 109.1061 107.3091 108.0486 112.6510 104.9292 113.4584 110.5790 107.5798 108.9619 106.6513 117.8712 113.3478 113.9217 112.0360 115.1695 112.5033 108.9328 111.3500
118.7200 116.2447 114.3975 115.3491 110.0686 110.1231 109.3886 110.5332 110.5955 110.1257 108.7283 115.4579 113.8836 112.5968 112.9025 115.0230 109.3753 110.1367 109.6168 115.6693 115.1236 113.4560 99.8828 102.2572 111.8286 109.6190 108.8082 112.3246 106.2869 105.6093 107.0687 105.1077 116.2739 113.2044 109.1332 112.0881 114.5407 105.8784 109.6496 105.6800
118.2000 117.4019 122.3571 115.0091 110.2720 111.9996 109.8600 110.7608 108.6288 109.3492 110.4292 114.1433 112.9840 112.3983 111.8146 110.3948 106.9074 110.2398 113.5060 113.3687 116.5214 117.4603 111.8178 107.6786 105.7941 106.1611 111.3916 111.8593 107.6714 107.9045 112.3304 109.7396 110.2018 108.6087 108.9569 110.2686 111.6839 108.5764 110.4089 112.5900
118.2000 118.3215 114.1690 111.5118 109.5478 109.4220 111.4313 108.9749 110.6519 110.1251 116.6989 113.6338 115.5246 113.7423 111.5394 110.5972 110.1059 106.6142 108.2434 113.0630 116.5332 118.0969 110.3260 106.5348 108.1186 109.8429 113.5505 102.1214 109.1616 104.6027 109.0604 105.1381 106.0531 106.5317 105.3373 103.8971 103.1806 101.0948 111.1748 111.3200
124.7000 116.6606 115.1422 112.6053 110.9738 109.0283 109.7285 109.8279 110.8329 112.5963 114.1009 114.2538 110.8348 111.7118 111.0167 111.8901 112.2443 113.0503 106.6636 109.8626 113.3185 115.0295 103.7126 103.5406 107.8731 108.2398 105.5999 102.0613 109.8061 106.2699 104.7071 107.0487 102.9518 104.1023 106.7574 107.2329 110.4764 106.8212 110.2216 103.2600
124.7000 111.3638 116.7319 112.9629 114.2494 112.4214 111.5427 110.5495 109.7290 115.7288 111.7851 113.1946 113.7393 110.4294 114.5461 114.2419 110.0384 116.6386 117.6783 112.5187 112.3841 113.7387 109.8169 106.0651 105.4925 115.7538 113.6860 106.1719 102.3607 108.6201 104.9010 110.8117 108.5263 105.4223 109.5669 109.1892 104.4970 106.9011 112.7276 103.2600
116.9300 116.1868 116.9672 115.3968 112.0003 111.7555 111.0963 112.3501 109.8673 113.1024 115.0594 116.6689 114.2297 110.4390 113.5583 115.4822 114.6702 114.6846 116.8339 114.7512 114.3941 106.9931 110.9680 110.6704 115.7253 110.3005 109.9599 111.4839 108.5604 112.4735 109.3271 108.6080 105.6129 104.9859 105.1918 109.7408 112.8247 108.0598 103.8201 114.6600
116.8700 117.5196 113.0740 111.7001 114.3060 112.7316 112.0732 108.3335 114.1032 111.9872 114.4954 114.6263 114.3226 109.9488 111.8709 112.4786 112.9604 110.9798 113.8363 113.4760 115.7396 110.9904 114.4286 115.2508 116.3394 113.2252 111.6148 111.2277 113.1608 112.6843 114.1399 104.6485 105.1162 105.4071 104.5872 113.9594 109.3013 108.9795 110.4443 110.9900
118.5000 116.7802 115.9700 114.9368 117.8013 111.2990 113.3819 114.5210 113.4042 114.1949 117.2551 113.6973 112.5474 116.3832 119.3060 113.7168 115.0056 116.0924 111.6127 112.1749 113.8185 109.5837 116.0608 113.6862 115.4678 114.9229 115.7482 114.1095 109.6945 111.4070 109.7148 123.9961 102.7399 108.6762 111.4435 116.1056 111.0240 108.8335 111.1766 111.7100
119.5100 117.8996 117.1203 115.8958 115.8654 115.0076 109.1341 109.7474 111.3540 116.9030 119.2480 111.9848 112.6832 111.3104 117.2450 113.3559 113.3341 114.8282 113.2196 114.3381 110.7694 113.9281 116.5186 115.8135 112.5243 115.0695 115.0076 116.1814 112.9329 109.6703 113.6194 112.9179 111.0693 109.0584 113.5014 114.3586 113.6865 112.0467 110.0480 110.0800
120.1200 117.9593 117.4016 116.8942 115.9852 114.3748 111.2155 110.0078 118.3815 111.6328 111.5682 118.4071 113.8451 115.2531 121.4795 113.1076 111.2083 111.1388 113.5059 112.7430 109.6067 116.7703 116.3927 117.0364 111.6418 115.1485 111.9961 116.2996 115.4060 111.5138 116.2695 113.1241 113.2594 109.8644 115.2889 110.7160 108.8237 113.0973 110.8917 109.5500
120.4800 118.8667 118.9337 117.5731 116.5919 115.9248 117.9737 123.0892 124.3453 117.5563 120.4226 111.7643 113.3878 110.8940 116.0172 113.9486 114.6820 114.7674 114.4152 114.5427 111.6550 117.5555 112.7252 118.0890 115.9818 112.5479 112.5925 109.8791 115.8600 116.3942 114.7805 116.4581 113.2082 113.0074 112.1508 111.0430 108.5554 110.1508 109.6363 111.6500
122.2000 121.3576 120.2088 118.8947 117.2732 116.8764 118.3678 120.1693 115.9622 117.9168 119.2022 113.9699 113.7157 114.1533 114.1882 111.5657 112.3844 118.9537 113.8017 114.6709 110.4330 109.6980 112.6470 108.1072 114.9399 113.3842 116.7525 109.7192 116.0895 113.5800 116.6816 114.5967 110.7462 110.4416 112.2560 109.7069 111.0566 114.9055 112.4443 111.6500
120.8400 120.5432 120.4349 119.1754 118.7101 118.1966 117.9969 120.4420 117.1786 115.7088 112.9400 115.0424 115.9331 113.5844 117.7504 112.8322 116.5657 114.8882 112.6089 112.7455 110.9441 110.8021 114.1604 109.6949 115.6604 117.5682 119.1871 114.0174 114.7939 116.0433 112.3554 116.1990 114.8932 112.5076 110.8395 109.5327 111.6107 111.6146 111.8569 111.9700
120.5300 120.8232 121.8714 119.7292 118.8365 119.8582 118.4240 120.4278 118.5525 116.8524 110.3455 115.6458 115.6937 108.6439 119.5757 113.8149 118.3414 113.3263 114.9329 113.5485 112.1337 111.7246 111.9712 110.7730 115.9688 116.5003 118.6054 115.9583 120.4020 115.8538 117.9023 112.6192 110.8544 110.7563 110.8009 108.6638 109.9035 110.7093 110.9162 110.5800
122.4900 122.7700 122.9013 120.6108 119.6242 120.8292 120.1119 117.9355 116.6550 117.5236 112.8812 111.3032 115.8265 117.0888 117.3226 114.5091 117.9727 115.4830 116.9670 115.0398 113.4868 113.5804 110.4268 114.2541 118.2143 118.9598 115.7048 115.3374 120.0676 117.5699 113.7167 112.0884 112.4535 112.2797 112.5761 108.7038 111.3056 111.3508 112.7796 110.7800
125.5100 121.8613 120.5078 119.6144 121.8349 121.9047 120.3726 119.0383 118.9741 118.3652 118.7435 113.1979 115.8311 116.9011 115.4910 118.5497 116.0639 117.6111 116.9210 114.6191 114.3871 114.3530 113.4488 116.9282 121.2455 122.3858 116.5168 116.8636 117.6536 118.8493 121.5414 118.9127 112.7549 112.3429 112.3322 112.9326 112.7819 112.1919 113.4753 113.4500
125.5900 122.6319 124.4303 123.1876 122.6502 120.7735 121.9542 119.4180 119.8870 119.4227 118.2963 118.0121 117.0812 117.2487 116.1619 121.9032 116.9753 117.0178 119.3087 116.1719 116.0142 116.4648 119.6595 118.6731 117.8438 121.0625 113.4716 116.6303 119.7121 120.4104 115.9945 115.3263 112.8964 114.2819 112.8808 113.3995 112.6125 112.5936 112.3422 112.8900
124.2800 123.4600 122.4700 121.4700 123.5300 121.8400 120.3700 121.2300 120.2100 120.4700 119.4500 118.1000 118.1000 119.0900 119.0900 116.4200 115.6900 116.0100 119.0400 116.2700 117.2300 115.2700 119.3400 121.2900 115.8600 115.4800 114.2100 119.6600 120.8900 120.2300 113.0200 116.3800 113.9500 115.7000 112.7600 114.5000 115.5700 112.1900 111.3800 115.6100
