118.3300 114.5200 113.1400 116.0000 115.5600 120.2300 119.7100 110.9800 109.5800 107.0100 107.4400 107.7900 106.6100 103.0700 103.5700 104.6700 115.0200 114.5700 111.0700 104.9900 100.8400 99.3300 100.8400 100.1300 99.4900 98.8100 97.7100 96.3700 96.4500 96.4300 97.8300 97.6100 98.5000 99.5100 100.2300 100.8700 101.0000 105.2700 112.0800 114.1300
116.8100 116.3740 116.1036 114.3966 117.8656 118.0487 120.8044 108.4369 115.4185 108.0548 106.6142 104.9502 103.9986 102.6933 103.9918 106.1429 109.5137 112.9076 109.4170 103.4220 99.6537 100.5183 100.0574 99.1776 98.2492 97.5524 96.4493 95.7486 95.3928 95.5259 96.0483 96.8339 97.7495 98.7033 99.5787 100.5760 100.1728 100.2490 105.4720 109.7300
115.3500 111.8027 118.8357 117.6733 119.8819 112.0565 108.4341 111.2588 118.2193 113.8118 108.1535 104.5923 103.7671 104.7172 105.8173 106.5024 112.1730 110.0405 107.1169 99.8956 100.5833 100.2449 99.2920 98.1870 96.9484 95.5874 94.2535 93.1711 92.5981 92.7916 93.6443 94.8876 96.2578 97.5604 98.7373 99.7800 100.8391 101.5609 103.3374 107.7200
113.0900 118.9913 110.8024 113.8591 118.0079 116.7239 112.4513 111.3536 106.1063 105.9771 105.3431 104.2428 104.4298 105.9763 114.1031 113.9539 112.9219 113.8842 103.6822 99.2652 100.8590 99.6374 98.5268 97.1388 95.4759 93.5489 91.4428 89.5970 88.5974 88.9278 90.4325 92.4804 94.4996 96.3173 97.8401 99.1215 100.2146 99.8083 100.6968 106.3100
119.3400 119.2619 118.3104 116.3382 119.2063 118.7231 112.6916 107.1003 104.9495 105.6418 103.7354 105.2963 103.7350 105.9491 104.9108 114.8396 114.1612 110.2048 101.3555 99.7633 100.5244 99.1723 97.8146 96.1092 93.9453 91.2072 88.0406 85.1192 83.3893 84.0405 86.4361 89.5921 92.5933 95.0561 96.9900 98.5296 99.7263 100.6336 99.8419 105.2800
115.6300 115.5524 113.6681 115.1530 113.2686 116.5140 109.0493 109.8659 106.8904 105.0878 104.8082 110.4560 106.7431 107.7379 113.3632 112.4621 114.7691 111.3896 100.0580 100.4717 100.0602 98.8209 97.2131 95.2244 92.5094 88.9050 84.5756 79.4949 75.3739 76.7329 82.1685 86.7096 90.7753 93.9317 96.2762 98.0387 99.3919 100.5926 99.9617 100.2700
112.0400 109.9116 110.5878 114.3882 113.9915 112.5793 112.9534 109.0333 109.4626 109.1508 106.8233 110.8000 111.0770 107.9784 114.4815 108.3712 110.2687 108.8665 103.8875 101.1906 99.9585 98.7631 97.0091 94.6138 91.5074 87.2225 81.8319 72.8302 67.7238 69.3936 77.6718 84.5550 89.4692 93.1597 95.8039 97.7329 99.1759 100.4359 100.2696 99.7300
111.5600 107.3825 111.9712 112.1668 110.0782 111.0805 114.3666 107.2105 106.5063 108.4713 107.9138 106.6907 113.2053 110.0587 112.5785 108.0474 105.5440 105.7225 106.1880 100.9718 100.0881 98.7701 97.0340 94.4380 91.2249 86.7303 80.9563 70.5431 65.1557 66.8554 76.0809 83.9490 89.0941 92.9428 95.6724 97.6496 99.1324 100.3773 100.3700 99.7100
117.5800 113.8959 111.4301 109.9753 110.2934 112.9569 113.4694 106.6391 107.4307 106.0881 107.6063 105.4873 108.6941 112.2523 112.2998 109.8710 107.4734 108.9675 104.6177 100.5125 100.0935 98.6935 97.3650 94.7163 91.7261 87.6210 82.4737 75.1498 70.0298 71.2476 79.0142 85.0847 89.7909 93.3459 95.9102 97.7987 99.2330 100.4583 100.2430 99.8400
117.1500 113.2122 110.4300 111.8631 110.2973 111.1072 110.6429 107.8021 108.4891 106.9952 107.7105 106.4326 106.3159 111.2956 113.5399 108.0643 107.3764 109.9537 107.6396 100.9402 100.2746 99.0989 97.6276 95.7721 92.8878 89.5408 85.5268 81.4414 77.9882 79.2277 83.4622 87.5408 91.3022 94.2503 96.4822 98.1650 99.4775 100.5946 99.9424 100.1300
116.9000 116.1274 114.1379 112.9616 110.9677 110.8086 108.1646 107.3553 106.2798 107.2300 108.8362 107.6117 105.1995 106.9714 103.1734 113.0715 113.0293 113.3822 105.8635 99.8506 100.6394 99.5023 98.0935 96.7454 94.3549 92.3544 89.1995 86.5086 85.1879 85.6722 87.6969 90.5074 93.1781 95.4350 97.2355 98.7086 99.8515 100.4358 99.9365 104.9900
113.5400 114.0265 112.7374 115.0651 114.0012 114.7960 102.7325 108.7063 110.8519 105.6817 112.1525 108.5242 106.5238 115.2779 109.8262 114.9928 114.4022 102.8163 104.0727 101.3032 100.9834 100.2747 98.8015 97.6777 95.8835 94.3879 92.9053 90.7273 89.6576 90.1013 91.3721 93.2998 95.0628 96.7049 98.1088 99.3251 100.4846 99.7030 101.3175 105.9200
113.2600 115.7790 112.0133 115.2259 115.5440 113.4989 113.5801 106.5713 107.7160 110.7212 106.1235 105.1803 113.8558 108.1591 105.6451 109.2220 110.4862 103.8848 105.6118 104.2002 101.6739 100.7287 100.0174 98.6607 97.3168 96.3782 95.6954 94.8919 94.8306 94.7084 95.1121 95.8959 96.7614 97.9167 98.9895 99.9755 101.0657 98.8686 104.6075 107.2700
109.8600 113.1115 111.1420 111.8018 111.2709 117.1658 111.9429 108.4494 107.4030 109.6853 113.9609 105.8441 105.5769 108.3210 108.9054 104.8064 104.8631 99.6737 102.7500 103.3519 103.6248 102.4403 100.5820 99.8906 98.6776 97.8730 97.6810 97.1746 96.5949 96.7866 96.6182 97.5121 98.1392 99.0172 99.8172 100.6631 100.7649 100.6103 106.2574 113.9600
111.1000 109.6024 109.9805 113.5050 108.7549 115.1434 107.4013 108.1264 108.0174 110.5364 109.6612 109.8555 109.0722 107.5410 104.6707 105.3103 105.6783 106.5943 100.9705 107.1366 103.7750 107.0827 101.1213 100.9423 100.1082 99.6048 99.0886 98.1722 98.3684 98.5020 98.6546 98.7927 99.3180 100.1021 100.8396 99.3499 102.4852 100.5074 102.9331 111.0200
111.1000 106.7262 115.8056 118.2236 102.5333 108.9548 106.0829 105.4757 108.3270 109.0772 107.4796 105.2307 109.8008 106.4825 111.0086 103.7775 102.8652 106.0313 106.3423 107.0892 104.0792 103.9537 101.7674 102.3553 101.0171 100.7101 99.9395 99.5754 99.6765 99.7420 100.0415 99.9438 100.3425 100.4253 100.5040 99.4949 106.5325 111.8522 110.9666 112.8800
111.2600 107.9258 110.2989 115.4507 109.0347 111.2096 107.9373 111.7909 109.1112 109.0357 107.6372 106.9760 107.6091 109.5885 107.1643 105.3577 105.7918 106.4695 109.5730 110.4091 104.7122 104.9876 104.2842 103.7490 101.6364 101.0808 101.0421 100.6367 100.9454 100.8027 100.7822 101.0599 103.1482 100.4988 100.8597 101.2224 105.7846 111.5533 115.1971 112.8800
113.3700 109.3235 107.5166 113.4364 111.6235 112.9573 113.5625 115.0866 109.6810 108.1077 107.7697 107.4543 107.3371 108.4065 107.3512 104.8247 105.7275 102.9841 103.0944 109.4560 105.4167 105.1378 104.3281 105.2470 108.2937 103.3324 103.6871 102.4946 101.8123 102.1086 105.5830 100.1505 105.0015 105.3508 103.9390 100.0505 103.9534 105.2219 113.0639 107.6200
111.3000 110.5677 110.8967 108.9477 114.0905 118.1555 110.4823 113.8861 104.2096 110.2090 108.6499 107.6312 107.2231 110.5906 108.0894 106.7032 108.8443 109.2029 105.7310 105.9271 105.8316 104.8258 104.5150 108.1216 107.8534 104.4616 104.5512 103.8287 102.7759 103.3149 107.6927 101.8461 105.4827 106.6555 104.0291 103.0662 103.8867 105.8936 114.2045 110.9300
112.4400 111.1633 113.8877 110.4277 106.9994 110.4909 109.0781 104.8051 108.6105 104.1613 108.4060 107.1160 107.3658 112.8001 108.4556 106.2140 106.4146 108.5499 107.2119 106.1978 105.3765 104.5155 105.1503 109.3337 108.5831 104.4464 100.8581 102.0345 104.7691 103.8846 108.7169 106.9772 109.7210 112.9726 111.8046 104.5606 104.7655 108.7658 113.3082 113.6700
111.4000 110.7411 113.9153 113.4874 114.5168 109.7792 108.6644 108.2254 108.3435 103.8461 108.3984 112.6173 107.5433 111.4446 109.2104 105.8651 105.9450 104.2466 106.7626 105.3205 106.7417 105.5081 103.8919 104.2842 108.0479 102.4809 100.8837 104.7849 105.2996 104.8845 105.6242 107.6113 106.4140 105.4156 102.3041 102.1127 102.2493 106.3974 108.1077 110.3200
112.6900 111.3058 112.2783 114.2479 111.5047 107.4673 108.6700 108.7059 105.8417 108.6701 109.1484 109.3107 106.9383 113.8666 107.1852 110.5747 109.5187 104.8047 107.3847 107.5102 111.2836 106.9801 106.9699 106.1693 106.8795 106.7865 105.6274 106.0196 105.3774 108.5179 109.7181 104.6508 105.2336 103.2954 105.2869 103.8578 103.4823 104.2999 107.4191 109.3400
111.6600 112.9989 111.7385 108.8658 109.8144 112.0852 108.0086 109.3258 105.0941 108.7239 111.0071 108.1912 110.4147 113.8384 113.6815 107.0306 108.4057 106.8779 109.8580 108.3075 107.3032 102.1754 106.1982 101.8574 104.2336 105.6599 106.4757 106.3401 106.4622 106.4269 105.7097 103.6931 107.1097 102.0079 106.8537 103.5030 104.5837 107.5840 106.0713 106.6800
111.6400 112.7054 111.0236 110.8684 111.3312 107.9173 112.0837 111.4791 109.6455 106.0508 106.7078 109.4632 108.8856 116.3376 112.9945 109.1921 105.8872 106.6201 108.3630 109.3381 110.4224 108.3006 109.6374 107.0328 103.1230 103.1431 106.4674 105.4170 103.5716 103.0807 102.4103 107.6414 108.3678 104.6374 105.5153 104.7155 105.6164 106.5921 107.0453 107.9600
115.9800 111.2151 112.4184 111.5986 111.3557 108.5676 110.0420 107.2586 108.7007 110.5085 108.1710 111.0253 114.6284 113.8547 111.2268 112.8882 109.5920 109.6319 106.9743 110.6250 112.6378 111.2277 107.6829 105.1824 106.5608 105.3310 105.2898 107.0346 104.4992 104.9501 104.6704 104.4646 104.1321 105.8900 106.0456 107.0966 106.7578 107.5576 107.5526 107.9600
115.1900 110.1264 114.3677 116.0526 110.1229 107.2368 110.4370 109.0731 108.5458 108.1994 106.8916 109.8060 110.6869 103.6790 110.3562 113.1308 107.4340 108.4954 108.8415 112.8752 115.0467 113.6280 105.0594 104.1586 112.6502 105.4280 105.8049 106.0863 105.3646 107.1290 107.3460 104.9804 105.3687 107.0334 106.5303 107.5970 106.2897 108.4820 107.2198 107.2700
115.1900 113.8615 115.8257 111.7729 111.8640 109.6092 114.5392 113.1505 108.4590 108.2184 110.5672 107.2887 109.8349 113.8506 110.3698 111.1894 107.3079 111.5737 112.1254 113.6218 114.7326 108.2594 105.4295 105.7275 109.8901 106.9716 108.0015 106.0140 106.9001 107.1309 109.4552 106.8397 106.6565 106.2382 106.8331 106.8507 108.2386 108.3439 108.6563 107.9100
112.8800 119.5003 116.0505 111.9957 114.6862 108.5180 111.5439 109.7193 110.6431 107.3078 111.3479 109.4352 112.5384 111.0054 111.2651 109.2974 103.7619 105.1093 106.8923 114.3731 116.7582 109.1147 115.3424 111.8071 111.6005 106.1917 110.0264 107.6839 107.1391 108.0715 112.6756 106.4061 113.9778 107.0042 108.5954 107.9070 109.0156 108.3128 108.5761 108.5100
118.3800 116.6072 114.6893 111.7274 117.5021 111.4542 108.4982 108.7398 110.9397 108.8348 111.0670 110.0803 109.5937 107.9932 107.8660 109.1589 105.7474 109.9385 108.9580 108.9873 114.0112 112.3863 113.2586 110.0433 110.0428 109.3153 110.5646 108.3365 107.0896 110.1450 113.6916 107.3222 110.8219 108.5495 108.3191 107.8025 107.8607 107.5228 108.0709 108.2400
120.4300 118.8177 111.4388 114.0433 113.0398 110.2205 108.7275 108.6827 107.4959 110.8647 113.2145 110.4284 108.4873 109.4662 111.4213 109.5457 112.7282 114.3386 110.9303 111.0760 110.8849 115.0919 110.7367 111.1745 112.1192 111.2532 111.9420 110.2297 109.9261 110.3087 114.5634 108.1833 108.4465 110.9607 108.8594 108.7718 108.3151 107.5280 108.1309 108.2100
120.2400 117.4241 115.8458 111.3768 111.4978 110.1305 110.5105 108.4896 108.7194 107.3853 112.9292 111.2114 113.6718 113.0693 112.5331 109.0103 107.1083 111.2302 112.2482 109.7717 110.8964 111.3001 110.2183 108.2642 108.8560 107.0428 111.1607 109.4078 104.9112 106.4156 109.4990 109.8101 101.9454 112.5361 110.3185 109.4431 108.5043 107.9762 108.6985 108.5500
121.5300 117.0096 111.8749 113.4392 113.0580 109.2376 109.3533 108.2879 109.4181 107.4827 108.6776 113.1385 112.7644 111.3122 113.8544 107.9148 110.6186 111.1043 106.0876 113.0839 110.2045 112.4116 110.7166 104.4679 107.2378 113.7734 115.4588 104.3470 101.4463 105.1693 109.8989 111.2497 103.0971 112.8160 109.9613 107.3249 108.5973 108.2586 109.2310 108.4400
120.5900 120.3019 113.4526 112.0636 113.7879 114.4848 115.9148 111.3984 111.0023 110.1871 109.5694 112.1600 111.6029 114.8465 114.0875 109.5769 110.0050 105.5508 105.3101 106.1200 106.9692 111.4997 111.7632 109.4191 105.1723 112.9212 108.1365 110.6534 110.5812 106.9895 108.7847 107.5962 105.8604 108.6315 109.4607 108.5534 108.1740 108.7260 108.8571 108.9800
120.6800 115.8828 112.7552 113.2938 113.7439 116.7765 113.2882 111.4509 114.6404 113.9681 109.8128 114.3100 113.0574 114.7971 111.4054 110.9851 108.8852 106.4889 107.5155 108.0611 108.2808 111.8499 112.6909 109.2293 107.4469 110.3985 110.4705 111.2246 111.0639 110.7765 109.2496 108.6628 108.2814 110.1860 109.8095 109.5513 109.9632 109.2758 109.2035 109.2500
115.6500 114.2382 116.6189 115.5293 115.5605 116.6730 115.9558 113.3721 112.5482 111.8697 111.2733 113.7383 113.3717 111.0348 115.0026 107.9717 106.8093 106.5121 107.7329 108.3440 109.3033 112.0230 110.1865 107.9888 111.4886 108.6760 107.8474 111.4367 109.5129 110.3156 107.7270 109.7987 107.3110 109.0851 107.3668 108.2383 108.0171 109.4091 109.4826 109.3700
117.7200 115.3488 116.3906 115.5950 115.3465 113.4957 115.9959 113.7789 114.1020 110.6291 113.1073 110.3237 111.4931 109.7248 116.9345 110.3444 109.7402 111.5168 108.8235 110.0411 111.3605 108.3916 106.4067 106.5576 109.3652 109.7931 107.8241 105.6492 106.9095 108.7157 105.9213 108.0677 107.4370 107.2022 108.3237 109.7079 109.0627 109.6693 109.6943 108.7900
117.7200 117.9106 115.5819 114.4799 115.6048 116.0190 112.7529 112.5455 110.8992 111.6193 111.8152 110.3548 111.7806 115.4363 113.9780 108.8841 111.7096 112.1142 108.9808 110.5063 111.1530 109.8151 107.8710 109.0461 109.4714 113.2887 108.0375 106.1998 107.6751 108.0896 106.8202 106.4687 107.8052 107.9441 108.8279 109.1712 108.5336 108.7362 109.6937 108.3800
117.2100 116.7382 115.9944 114.2767 118.1799 120.0952 112.8122 113.9544 112.3056 112.9510 112.1778 111.4662 113.9108 115.0109 109.8678 110.6640 110.6550 111.3395 112.3419 111.3507 111.9077 111.9537 109.7427 110.9765 112.5652 112.6776 109.2235 107.6731 108.4304 108.1627 107.9724 107.6258 108.1573 107.5378 108.5695 109.0462 109.0089 109.7325 110.2031 112.0600
118.6900 117.8180 116.5284 115.8705 114.2396 115.9596 114.1090 114.4992 112.8190 112.2682 112.5645 112.7553 111.9213 112.0342 112.2246 114.2535 114.6145 111.7374 112.7964 113.3447 113.4538 112.2204 111.1697 110.8865 115.3820 108.8781 107.7119 108.1939 109.2782 109.6563 109.0313 109.7429 108.5282 109.5553 109.3595 110.1167 109.4587 109.3231 110.6449 108.8000
118.6900 118.4000 116.8000 116.0800 116.3400 115.2600 114.5800 113.8200 114.3200 112.9700 115.5700 113.8200 111.7400 111.0100 112.1300 114.6500 114.5400 112.7800 112.5100 111.1500 114.8900 112.2900 112.1100 111.4500 110.7200 109.7800 107.8200 108.3700 110.0000 109.2300 110.4100 109.7500 109.1500 109.1500 109.1100 109.8900 109.8900 110.5800 110.9200 110.9200
