113.0900 110.7400 110.0200 109.4700 107.6300 120.0400 117.4100 121.4200 121.2100 119.1000 120.5100 120.2700 116.7700 114.3900 116.6400 111.9400 107.5200 104.7600 105.2100 103.9000 102.8300 103.7600 105.1400 111.1800 114.2400 100.6200 102.6300 99.0500 100.8300 100.5300 99.7400 99.8800 99.1700 97.9700 98.0800 98.0300 99.2900 99.1000 99.9000 100.6600
111.6800 113.2868 110.4055 108.0342 114.7367 116.5671 120.8489 120.2431 121.1726 120.7697 120.4778 120.3003 112.9535 115.0420 114.5832 111.3724 108.8608 104.6952 103.5533 102.6159 103.1047 104.7096 107.4378 113.8040 110.6390 102.0483 100.9664 99.3564 100.9510 99.8739 99.2395 98.5635 97.9767 97.5627 97.3881 97.5038 97.8736 98.5956 99.0632 99.5400
115.9500 112.2754 116.6952 116.2956 112.2679 120.8829 121.7520 121.4957 117.7200 120.6141 120.4958 119.0844 115.6374 111.9972 113.1266 110.3225 108.0085 103.7838 103.3134 102.4690 103.7500 105.8529 110.3159 114.7954 109.9987 102.3899 99.8738 100.5635 99.8912 99.0022 98.0550 97.1079 96.2426 95.6118 95.3456 95.5308 96.0895 97.1520 97.8985 98.3300
110.4200 116.2972 121.5225 113.8687 116.8949 116.2811 120.1770 120.9659 115.8975 120.1438 120.2412 114.8096 115.8659 110.1559 105.4863 108.1200 107.1838 105.1524 103.2427 102.7137 104.3761 107.2579 112.6686 114.1078 105.3559 99.3013 101.0579 100.0512 99.0819 97.9566 96.6852 95.3253 93.9933 92.9308 92.4775 92.8012 93.7544 95.0420 96.4310 97.9100
113.6900 113.2081 111.3731 113.9814 111.9792 113.1672 117.8172 115.2360 114.6827 113.0078 116.9299 117.6618 117.4311 112.0461 112.6355 110.7894 106.8215 104.6471 102.7960 103.1569 105.0789 108.8410 113.8753 111.9048 102.3646 99.2553 100.8883 99.4606 98.3018 96.8546 95.1310 93.1412 91.0413 89.2309 88.4267 88.9786 90.6365 92.7383 94.7790 96.3100
119.9700 116.5651 113.1392 116.3947 108.7878 110.9506 112.7178 104.3981 110.1847 114.3995 112.9446 115.1631 109.1895 110.3176 106.8458 106.7838 105.6332 104.2019 102.7094 103.4597 105.2249 111.5985 114.2843 108.9308 100.7021 100.0017 100.2569 98.9807 97.5402 95.7645 93.4975 90.6352 87.3890 84.6201 83.1389 84.1904 86.7967 90.0320 92.9747 93.7300
113.3900 111.4610 110.5564 116.5878 112.8201 117.9373 115.7754 111.6016 108.4536 107.9051 111.6210 110.1099 113.2527 112.1610 115.2434 107.9766 105.5725 106.0465 103.1955 104.0616 109.4102 111.7140 111.8438 106.3737 99.8807 100.4657 99.8215 98.5565 96.9280 94.8225 91.9506 88.1753 83.8199 78.2543 74.9168 77.3456 82.8946 87.3649 91.3046 93.3400
108.8500 109.0135 108.9139 118.7642 119.2590 113.0454 116.3085 114.8238 110.7511 110.3256 112.0588 110.3691 109.3748 106.2606 107.4619 114.3496 113.7039 107.5934 103.1117 105.9437 112.1439 113.7364 104.3286 103.5685 99.4873 100.6254 99.6246 98.2862 96.5364 94.1744 90.8762 86.3529 80.6446 71.4898 67.5188 70.2678 79.1992 85.3762 90.1402 93.1200
109.5400 109.2249 110.4233 118.8388 113.0449 114.8248 115.9202 112.8586 111.3035 112.2646 111.4308 113.8130 113.7838 107.4253 111.3609 114.2520 120.4634 107.6001 102.3519 109.9490 108.2610 113.8588 107.1122 104.5468 99.6239 100.7547 99.6051 98.2110 96.4322 94.0054 90.5880 85.8685 79.7468 69.3350 65.1002 68.0233 77.8066 84.8496 89.8173 93.1000
110.3200 110.0465 108.2233 116.0369 118.0722 118.9693 111.1981 111.4324 110.3110 114.5025 109.9750 110.1753 113.4114 106.2802 111.5879 105.4193 111.5314 105.2367 105.0741 111.7505 108.3217 115.4108 108.9174 101.5395 99.6239 100.5545 99.7325 98.3383 96.6372 94.3480 91.1662 86.8781 81.6265 73.6857 69.5785 72.2365 80.4153 85.9718 90.4851 93.2600
110.6700 109.4227 115.9728 115.8986 119.4568 113.4319 109.3618 112.2166 110.7070 117.4532 110.1191 108.5445 111.4643 110.7505 110.4853 105.2606 107.9897 109.3479 104.0257 107.0076 106.0132 108.3244 112.6762 102.4480 100.5489 103.3638 99.8403 98.6482 97.1343 95.1298 92.4554 89.0058 84.9519 80.5766 78.1329 80.0989 84.2641 88.2775 91.8774 93.6200
109.7600 109.1196 115.5660 114.5137 119.1410 119.1230 111.4239 116.3190 107.8092 110.0303 101.0455 109.0770 108.9030 105.4755 115.9633 106.1006 105.6650 106.4986 106.6970 115.6793 114.6486 106.9854 114.0328 105.6957 102.0699 103.7635 100.1112 99.1657 97.8317 96.1603 94.0695 91.5705 88.7444 86.3165 85.2051 86.0041 88.2367 91.0284 93.6332 94.1200
108.4400 113.0074 119.7512 117.9003 117.4778 114.0088 116.2195 113.4377 112.2220 116.5703 116.1953 117.7612 110.8370 113.3967 113.6346 114.9362 104.3204 109.0806 107.0812 111.6493 107.9637 108.9441 105.2011 110.9594 103.7948 103.3302 100.5990 100.0308 99.2551 97.7184 96.0315 93.8712 92.1706 90.6635 90.0000 90.4621 91.8439 93.6268 95.3877 96.2100
108.3200 113.3410 120.9356 118.6127 119.4760 112.6967 119.0950 111.2620 115.9851 102.7157 116.4457 112.8888 114.7245 109.5722 112.3895 105.7347 110.0490 108.5383 111.5500 111.7341 107.4134 109.1646 108.0072 104.1436 105.4550 102.1563 102.1187 100.6427 99.6414 98.3925 97.3808 96.0851 94.8452 93.9742 93.5871 93.8493 94.5785 95.8065 96.9269 97.8300
112.5800 112.1498 122.4688 118.6730 117.3545 115.9808 113.5326 109.9705 112.0673 105.6940 104.4653 106.6791 114.7524 111.9148 112.5669 108.6148 106.8887 111.4063 108.8619 111.7904 108.2390 104.5444 104.0710 107.5485 106.0368 104.3770 106.9839 102.5351 100.1994 99.7995 98.5384 97.7117 96.8983 96.3663 96.1214 96.5665 96.9409 97.9707 98.6043 99.7700
112.6600 112.3018 118.5990 116.8239 111.7813 112.0122 112.6142 110.0581 109.9545 112.4003 104.8376 109.7092 113.0039 113.5693 108.7473 106.9029 110.3228 113.7252 108.9276 107.1661 107.2172 104.9905 108.6525 108.8244 105.9157 103.3587 107.7011 103.7850 101.6536 100.5609 99.8508 99.1325 98.4891 98.1306 98.0045 98.1003 98.2655 99.0790 99.6877 100.6100
112.7800 112.2934 117.8310 117.0647 108.3197 107.9361 108.5978 109.3763 109.2826 108.2478 107.4135 112.2628 112.5040 113.6322 109.2288 106.3753 115.4211 111.3588 107.4097 105.4185 109.2656 108.3991 104.8849 104.7377 103.8051 107.5251 109.1404 104.0449 103.5405 101.6158 100.9765 100.0720 99.7324 99.5760 99.4540 99.7229 100.0170 100.0664 100.4641 100.6100
112.9400 112.7168 115.5161 113.1168 111.1628 110.1826 108.2003 109.1780 109.8581 107.7145 108.4453 110.6631 113.2713 113.5043 111.9724 110.0108 115.2060 107.7091 109.9800 108.7783 105.5586 109.9732 104.5246 106.3609 110.5852 105.7225 105.5901 104.1369 102.6635 101.8427 101.0726 101.5170 101.1013 100.0687 100.4146 101.0116 100.4555 101.1541 101.9196 105.9000
120.9900 111.6567 111.9366 109.4296 110.7125 109.1808 108.4567 108.7488 107.4053 109.0231 113.7730 112.7628 113.8794 111.9453 114.9070 113.5404 108.9938 109.3104 106.7209 110.7551 112.0503 107.3792 105.5644 109.9446 108.8298 110.3442 108.7604 104.5088 104.0822 101.6618 108.5550 103.7397 99.2692 103.6720 103.8563 102.3974 101.0740 111.5094 101.2276 102.5400
111.6000 111.2240 110.3103 109.6346 110.1801 109.1088 107.6206 114.8594 111.9954 113.2762 114.4855 108.9259 107.2741 112.5338 116.1082 116.2739 113.6595 112.6660 113.0385 108.9071 110.7194 111.3384 109.9278 108.9551 110.9695 106.5607 101.3844 103.1886 103.9633 103.1890 106.8794 98.8140 107.9950 104.6567 104.2246 105.5833 104.5347 108.6286 102.9917 102.5400
117.7300 113.1240 111.9440 110.4174 110.3718 109.8347 108.5470 117.3122 114.8697 109.0429 112.0301 114.9146 111.9962 109.3475 108.3093 116.6859 113.9366 113.0513 114.5815 107.8979 104.9468 108.7219 113.0950 105.6760 109.9645 106.1716 101.7652 104.5552 104.4057 103.2328 109.4948 109.7707 103.3038 97.2182 96.9107 101.6788 99.7631 103.1158 105.0335 103.9400
112.5200 112.1781 108.9950 109.0325 108.8423 108.2415 112.6850 113.5717 112.3235 110.4309 113.2019 110.4055 112.2864 117.0742 109.7668 116.9330 115.0574 112.9223 113.6758 113.7803 107.7210 112.8100 111.8846 108.6190 109.2382 106.1026 105.1183 107.5324 105.4536 106.6199 111.3328 106.3168 101.2639 101.6000 103.6413 99.9504 101.2091 102.6219 105.2400 100.6000
113.9200 113.3170 112.0039 111.1000 109.8805 109.4208 109.5240 109.0496 111.8545 111.3600 113.2674 114.3061 109.6939 112.8698 109.5024 115.4089 113.2236 113.0916 113.2085 113.5912 112.6754 111.9403 111.2330 103.5364 104.5667 104.3102 107.1263 110.9637 111.2348 111.0555 103.5807 103.6564 102.1739 105.0895 106.9206 100.8258 101.3924 106.3877 107.5905 110.1300
114.6300 113.1457 112.3925 109.8480 108.7747 108.9441 108.2113 110.1035 110.0146 111.4842 112.4547 111.0732 107.9426 108.0106 109.2920 110.9170 109.0188 108.7377 116.1699 114.7935 111.9808 107.2321 105.3418 105.8863 105.6916 105.2236 105.2053 105.9183 108.0260 105.1214 101.2936 105.3961 101.7392 102.8992 103.8700 103.5639 103.8578 103.3648 106.7645 105.2900
113.5500 111.8837 112.4525 110.8516 109.5569 109.1456 108.5383 109.5407 109.0167 109.7518 114.3336 108.9299 108.0943 106.3883 111.1076 107.9780 111.2043 109.5299 111.6599 115.0415 110.2409 108.6759 107.3452 106.0098 107.9988 107.6388 106.0364 108.7167 104.3064 106.1456 103.2692 105.3045 103.4038 103.3127 104.3104 104.0571 104.5501 104.3178 106.7321 106.6200
113.5500 109.4834 114.0430 110.6656 109.7522 110.1624 109.2243 109.2287 109.1582 106.8130 116.3764 108.5984 110.5948 106.0817 111.5363 110.6723 107.7545 108.8435 108.9656 111.5776 111.7548 109.6819 109.5360 106.4535 110.2888 111.8712 106.3646 106.1373 106.1613 107.7975 105.1976 106.4242 104.5116 106.1656 107.0919 106.2935 106.3568 105.5815 107.3042 104.9700
118.8800 112.5205 113.5870 111.7747 112.0595 109.5209 111.8290 109.8406 109.2153 108.5131 112.5410 110.0234 107.0231 110.7217 112.9217 111.0606 107.9483 109.0046 110.2626 109.2637 106.6197 110.4207 111.8407 107.2133 113.6486 109.3812 109.6628 106.2121 107.3487 106.5013 106.8391 107.2780 106.3230 106.4928 107.2726 107.0927 105.0026 106.8364 107.1411 110.4100
114.9600 115.2608 112.7261 113.4819 114.2218 108.8271 111.3406 109.9981 109.6917 108.1943 108.2939 109.3254 108.7352 109.0689 108.6053 110.6751 111.0949 108.3118 107.8376 106.8044 104.3929 106.6149 111.5996 113.3069 115.7998 106.1923 112.6937 106.4616 107.8695 106.9285 106.7437 107.2590 107.1464 106.5592 105.6471 107.9071 108.7425 106.4394 106.6240 110.4100
117.8100 116.0794 116.3756 110.9043 116.1212 110.7570 112.8610 109.8846 110.0711 111.4950 110.0421 110.1061 110.4198 110.9442 108.3380 114.4817 113.1025 108.5944 108.3437 107.0837 105.0697 108.4815 108.8962 115.1137 107.8479 114.2251 111.2660 107.4555 107.3934 107.1891 108.2657 106.8589 108.3948 108.2586 107.1133 107.9599 109.4567 107.6986 107.4950 111.4300
119.7300 117.0561 114.0166 111.8651 121.1159 113.4632 109.6314 111.5282 111.1377 114.4078 112.4104 112.5131 111.6390 113.2596 114.2970 111.7507 113.3029 110.2984 108.1381 107.9473 107.5404 110.5828 110.1820 115.2545 106.9235 104.7686 108.3586 109.1642 108.9643 109.6725 109.4912 107.0731 108.0530 107.9489 107.4591 107.1692 107.8805 107.7353 107.5714 107.7100
122.4700 117.4040 120.1821 114.1030 115.6063 113.7271 110.2732 110.0023 109.4442 114.6568 113.6871 110.5821 110.2565 112.5979 115.9592 115.3149 115.3472 113.3295 111.0299 108.0449 109.6328 108.7198 109.2502 113.2805 112.3738 105.5425 113.1067 110.9434 102.0114 105.2819 108.1552 108.4179 108.5201 108.0413 108.2044 107.8600 107.7992 107.6494 107.7993 107.7700
117.1900 114.9455 116.9427 118.4985 116.2972 112.4046 109.8939 115.9167 116.8312 112.6106 109.9126 109.8132 109.7601 107.7212 114.8258 106.7156 116.0378 110.6937 111.9762 106.5556 110.3278 111.1582 107.7775 104.4260 108.6007 112.3652 112.0504 104.8173 103.3147 102.6026 107.1803 102.0546 103.5110 109.0412 109.1005 107.9836 107.7535 107.6382 107.8842 107.7700
116.1500 116.1166 115.0729 115.2849 114.6680 115.1145 119.5540 118.3676 114.7979 113.2887 113.0968 111.0279 109.2976 111.1368 113.6183 112.1643 112.4742 114.5115 110.2219 110.1774 112.5996 111.8460 111.2452 109.0728 109.5475 110.9324 106.0866 110.2145 105.6150 102.8135 107.0327 106.4509 103.6916 104.9818 107.3305 108.0848 107.8641 108.4175 108.3289 108.9800
116.9200 116.6029 117.3738 115.9940 116.1504 116.9105 118.2366 116.5315 116.6461 113.7228 113.0086 110.2234 110.8115 110.8899 108.7718 109.6328 108.8929 110.3143 106.9523 110.4436 111.2439 109.8915 112.1961 109.2512 109.7629 108.5007 107.8161 108.1047 109.0316 108.4911 103.4559 106.8723 108.6338 104.5171 107.3162 108.3589 108.1424 108.7696 108.4779 108.4600
117.2200 117.0351 117.6123 116.9965 118.8640 118.8398 118.4931 119.4443 116.3202 115.5195 112.3541 110.4651 111.8270 110.3486 112.7595 110.6617 110.6790 109.3487 108.3457 110.9536 113.0550 110.6475 113.8514 111.1039 106.8180 105.5546 105.8138 108.0633 106.7156 109.3481 107.7336 107.1612 107.9330 108.3926 108.8625 108.3142 108.4360 108.7018 108.7596 108.8900
119.3400 118.0687 117.7240 116.8451 118.1035 117.2368 119.2975 117.1150 115.6218 115.4630 110.5790 110.1906 111.5135 109.0875 113.7822 112.1885 110.6732 110.4137 109.0970 107.5246 112.5522 107.5417 106.9523 106.3361 107.6097 106.0289 105.2428 105.5148 107.3665 107.0187 107.1151 105.9359 108.7902 108.4668 108.7076 108.6978 108.3937 109.3775 109.0679 108.8100
118.9400 117.7748 117.2319 117.7457 116.7635 117.9791 117.9956 116.2371 113.1368 115.0235 112.5735 111.9469 112.4845 112.1655 111.9722 111.5098 112.1935 111.2498 113.3837 111.7972 114.7599 108.6676 107.7095 107.8827 108.4447 107.3243 106.9751 107.3533 109.2100 106.9334 107.2626 107.3912 108.9650 106.1384 106.1338 108.7129 107.5903 109.3656 108.9249 109.3100
118.5200 118.2557 118.3557 118.3771 120.7048 120.8732 116.2125 116.7521 114.6482 113.8232 114.0287 113.2118 113.8236 114.5093 113.7342 113.3983 114.1812 110.7138 115.9305 118.1729 112.4130 109.2752 109.3345 109.4669 108.6384 108.8079 108.8007 108.8094 106.7667 108.0915 108.2497 107.2443 107.3428 107.8365 107.6225 107.7244 107.9049 108.8218 109.3663 109.4500
119.6400 119.6278 119.6630 118.3588 118.1385 117.7832 117.4065 116.8492 116.5482 114.8457 114.6390 114.7674 113.6626 113.2114 112.4237 113.0197 113.7287 111.6292 116.3061 112.6636 110.1784 110.8608 110.5352 111.0168 109.7621 110.2346 109.5111 108.8796 107.6253 109.7112 108.5577 108.2828 108.9106 109.3886 109.2597 108.8859 109.3626 109.0366 109.7509 109.5500
119.6100 119.6100 120.1700 120.9500 116.9900 117.1400 118.9800 118.9800 117.1100 116.8500 115.8500 116.0100 116.0100 114.6400 114.6400 116.7600 115.1700 114.0500 114.0500 111.0400 112.2800 110.1400 109.5900 112.4600 110.3500 109.6400 110.0700 109.5200 108.5800 109.4300 109.4800 108.6800 109.7800 109.8000 110.1100 109.3300 108.8600 109.2700 110.0600 109.8800
