115.5200 111.0400 109.9700 113.8800 115.5500 113.5000 111.5700 108.0300 109.4900 105.8100 106.7400 105.2600 107.5000 106.0700 107.0500 108.6500 113.5500 112.1400 112.9400 111.3700 109.8700 113.4700 108.3400 109.4500 109.8400 104.6400 104.4100 108.7500 115.0000 113.3600 115.5200 113.9200 114.5200 108.3600 106.7200 105.5800 105.5800 104.2400 104.8700 105.1700
110.4000 115.2485 113.8127 112.7441 114.8912 112.4968 111.5683 110.1920 108.9264 107.3349 107.7933 104.9927 110.6114 108.6631 107.8027 110.0360 113.6815 111.4698 109.6169 109.1874 109.7092 106.1417 105.1378 104.5603 103.7606 103.7352 104.0154 105.7844 107.1479 109.6800 112.2015 114.6654 114.0669 111.8880 109.7455 107.6877 106.0667 107.4359 104.4531 104.5200
110.1800 108.9720 109.7539 112.7470 113.2758 113.5328 110.3278 109.1523 108.3204 107.6435 110.7160 106.3413 106.9576 110.7064 109.6354 112.0269 111.8656 107.2894 109.4391 103.7169 107.1361 104.0134 103.6076 102.0641 100.4851 100.4292 100.3621 101.1665 102.2250 103.3490 106.1442 108.9691 111.7894 115.6828 113.8389 110.2189 107.5413 107.8527 105.7688 105.1100
108.4500 109.0251 109.3855 108.6182 110.5277 113.3076 110.7415 108.2271 107.9579 107.5110 108.1059 106.0175 110.6779 105.9543 105.2544 108.8067 108.1106 105.9893 109.3028 109.5275 103.3065 102.4757 101.2060 103.0029 104.4582 104.6694 105.0893 104.0115 101.9334 101.7268 101.3291 104.3371 107.0974 111.8615 115.8980 112.8985 109.8440 107.5511 106.3590 105.5900
108.6400 116.3428 112.1977 109.1601 108.2797 107.3025 107.9298 107.8116 107.5635 106.8726 105.6273 105.5358 105.4193 105.3781 105.6808 105.7551 104.6129 102.8054 104.9276 102.6242 101.3540 101.0119 100.4828 100.4231 99.8923 99.8949 100.4049 101.0098 101.0423 102.8739 102.8929 101.5780 102.7302 106.3314 111.6452 112.5774 111.6462 109.1832 107.3450 107.0600
111.5000 114.2381 113.8632 114.4965 111.9748 109.9178 107.4375 106.6082 106.5489 107.2051 105.5349 105.6478 105.6503 105.5472 104.7634 105.1112 102.4973 105.2270 101.8330 100.6129 100.7004 100.0816 99.6014 99.3474 99.2929 99.3862 99.4680 99.7191 100.1694 100.2581 103.2725 102.0843 101.8773 102.7958 106.2679 110.5128 111.3743 110.1174 108.3159 107.3800
112.6000 108.9590 111.4141 108.2612 112.0227 111.9959 106.6927 106.6794 106.2695 106.9985 105.6683 105.7857 104.5353 104.7394 105.4246 105.4828 102.8695 103.8482 100.5063 100.1834 99.7329 99.1422 98.4840 97.9733 97.6851 97.6842 97.9660 98.4212 99.0032 99.6592 100.3610 100.6838 103.9095 101.7697 103.3945 106.7708 109.8785 110.8652 109.3565 107.3800
111.7700 108.2028 109.7061 111.2566 109.8909 108.2642 107.3672 109.3142 107.9162 107.9300 106.4873 105.0398 104.4341 105.2677 105.9215 100.9267 101.4060 100.8515 100.0071 99.2190 98.5154 97.5507 97.2885 96.3006 95.7826 95.8631 96.2260 96.8684 97.6641 98.5429 99.4224 100.1923 101.7848 102.0876 101.8245 104.2115 108.2225 110.9106 111.5573 110.0000
109.0300 108.7332 110.4424 110.1489 108.8035 108.3343 107.8246 107.2429 106.6576 105.9163 106.4726 105.8450 105.6084 105.0955 104.2324 101.9604 101.0647 100.1529 99.1612 98.5372 96.9905 95.9920 95.0083 93.9207 93.3819 93.4075 94.0842 94.9300 96.0906 97.2642 98.3899 99.4632 100.4155 101.2697 102.4614 102.8378 106.5604 111.2911 113.1563 110.4600
109.0300 108.9827 108.8448 108.2903 108.1333 107.4630 106.6187 106.0789 106.4388 105.2206 105.8753 106.1979 105.4503 105.0818 103.6932 101.6235 100.5917 99.5862 98.4722 97.1489 95.6275 94.0863 93.1620 91.3399 90.1324 90.2613 91.5254 92.5879 94.2919 95.8700 97.3335 98.6353 99.7887 100.5005 103.8937 101.3939 104.6257 109.7622 112.6108 112.5500
108.2900 108.3778 108.2881 108.0400 108.2572 108.0103 107.3579 107.0852 106.0158 105.5654 105.8339 104.9530 104.4269 104.0937 102.1123 101.2553 100.3595 99.4055 97.5732 96.7344 94.6140 92.0618 89.5690 87.0265 85.9142 86.0822 87.9239 90.0697 92.1787 94.3745 96.2411 97.8332 99.1479 100.0699 103.7629 102.1434 103.2312 107.5794 113.0766 114.3400
108.3500 108.6317 108.6553 107.7175 107.8768 108.0828 106.2308 106.4433 106.4531 107.2103 104.8164 105.5466 104.1340 103.2479 101.9827 101.3063 99.7305 98.8405 97.5567 96.4430 93.5701 90.7022 87.0735 83.1270 80.1090 80.7213 83.8095 87.5490 90.8804 93.9893 95.7889 97.3322 98.6195 99.9483 101.6204 102.6610 102.1361 106.5535 111.6331 112.2000
108.9700 111.9520 108.2860 107.9015 107.7620 107.0783 106.1818 105.9214 106.5648 106.6375 106.1588 105.4723 102.9862 103.3764 102.1369 101.1418 99.6604 99.4456 98.2089 96.0691 91.8919 88.2098 84.4522 77.5182 69.9508 71.1772 78.8206 84.8511 89.2672 91.9370 94.8309 96.7835 98.2381 99.6554 100.6958 102.3043 102.4808 105.4539 108.9810 110.2500
108.6200 107.3307 109.0985 108.7370 106.9428 107.4869 106.5138 107.0246 106.9801 105.8353 106.0204 105.4697 104.0590 104.6687 101.6646 101.0087 100.2693 98.9500 97.6292 95.2166 91.3397 86.5105 83.5881 74.2109 65.4096 64.5567 74.8065 82.2409 87.0175 91.5503 94.6806 96.2675 98.0326 99.4537 100.5808 103.1110 102.1030 103.1640 103.6191 109.1000
108.1100 109.0374 108.5976 108.2944 107.5328 106.8098 107.6388 106.1998 105.4143 105.9895 104.3625 104.4163 104.3515 103.9393 101.2703 101.3489 100.3711 99.0254 96.9732 94.0082 91.1980 86.9021 81.6546 71.6452 65.3737 66.5393 74.7184 81.7977 86.7756 91.1978 94.3874 96.2333 98.0778 99.4174 100.5539 102.3832 101.2848 103.5884 104.7603 109.2900
108.1100 108.8455 108.6743 108.4351 107.2095 107.0916 107.0819 106.8017 106.3169 106.4215 105.1037 104.5360 104.8343 103.3470 101.4872 101.4169 100.4469 99.2300 97.1225 94.5572 92.3024 88.2563 83.4065 77.3991 71.3901 72.2682 78.7129 83.2760 88.1191 92.6992 95.2530 96.7860 98.2950 99.5515 100.6393 102.8106 102.1579 105.6146 109.3987 106.9500
107.8700 108.6396 108.8014 108.5865 106.7382 107.1973 106.5354 105.6326 106.1558 106.0867 105.2978 104.5984 105.6129 102.8296 102.4331 101.3280 100.5848 99.6262 97.5012 95.6318 93.5712 91.0472 86.1620 84.2071 79.8651 80.4930 83.6779 87.0143 90.2176 94.0523 96.5935 97.4059 98.5271 99.7660 100.8808 102.0790 104.2756 103.9592 108.0867 105.4000
109.9900 109.0833 107.5225 108.0519 107.0352 107.5697 106.8329 106.4936 106.3585 106.6320 105.3180 104.2799 104.7239 104.2247 102.2749 101.6202 100.8414 100.0819 98.5518 96.3806 94.5045 93.6877 90.0839 86.9509 86.4965 87.6881 88.1986 90.5250 92.7867 94.8394 96.6926 98.1983 99.2835 100.3155 101.2803 104.1028 105.1139 103.7481 104.2421 105.0500
109.3200 109.9791 115.6305 107.6873 107.7833 107.7250 106.2897 106.4335 107.3788 106.9808 105.6845 104.1353 104.9480 104.3587 102.4688 101.6870 101.0828 100.3890 99.2239 97.7859 96.1776 95.5021 93.3651 92.2284 90.6682 90.5041 92.4040 92.8380 94.9209 96.5617 97.6507 99.1544 99.8750 100.6379 101.6671 103.0603 105.0895 105.6134 104.4808 105.0600
114.4100 112.8965 105.1003 107.3540 108.6111 108.0008 106.9157 106.1792 106.1969 105.4903 104.9743 105.6950 105.4355 104.1300 102.9078 102.2604 101.5392 100.6373 99.9031 99.1447 98.2431 97.0969 95.7606 95.0722 93.7441 94.5736 95.7664 96.3673 96.3489 98.0315 99.1102 99.7689 100.4162 101.6208 102.5363 103.1795 103.8478 105.3630 104.8103 106.7000
111.8600 113.5603 110.2511 108.7126 107.2464 107.4943 106.7737 107.1861 105.8334 107.5481 106.5049 106.0508 105.6394 103.8856 103.9931 102.6256 102.0495 101.5130 100.4975 99.8243 98.9807 98.3455 97.6398 96.8491 97.0852 96.9028 97.6278 98.5118 97.9439 98.9659 99.5700 99.9931 101.1935 102.3394 102.9148 103.4240 104.2643 106.4949 104.4640 104.8800
113.9300 114.8178 108.5521 110.5799 112.6529 106.9096 106.6440 107.1369 105.9698 107.1285 109.6982 106.0310 105.5471 104.0856 105.6093 104.6191 102.1941 101.9989 101.1202 100.5304 100.1518 99.7860 99.4589 98.4410 98.4024 98.1764 98.8868 98.7069 99.3770 99.8779 100.5546 101.3077 102.2182 102.7982 103.4877 103.9517 105.8344 106.4316 105.0351 105.1100
114.0600 114.3794 108.5267 108.4345 107.1436 107.5229 107.6536 107.6394 106.0353 106.9655 105.7887 105.9298 105.3347 104.9130 106.0319 105.8665 103.3067 102.8062 102.0539 101.3790 100.9087 100.7096 100.5997 100.2914 99.5390 99.9751 100.1906 100.3343 100.4450 101.1831 101.7157 102.2658 102.6353 103.3827 105.2996 105.4813 106.2447 105.8009 106.8246 107.1300
107.7300 110.8934 108.9233 112.1386 106.8985 114.7957 105.7749 108.6946 108.5546 107.9405 107.0254 106.7990 106.9717 106.1030 105.8822 105.8496 103.3194 102.9011 102.6312 102.2130 101.7200 101.4566 101.2266 101.0963 101.0156 101.0942 101.2996 101.2784 101.6296 102.0337 102.3891 102.7667 103.4902 105.2357 105.4833 105.0496 106.3506 105.1210 105.7024 105.9300
114.0900 111.1973 112.2095 110.5685 110.8905 110.5843 108.5243 107.4553 112.7782 107.2943 108.0816 105.4591 106.7023 106.3487 105.8047 106.1595 107.0549 103.5702 103.1916 102.6308 102.6970 102.1647 102.0350 101.8890 101.8939 101.7945 101.9125 102.0322 102.4710 102.5964 103.0754 103.1238 105.0803 104.1880 106.2401 106.1681 106.6274 105.6498 106.9823 105.7100
114.1000 113.2361 112.1507 111.4339 115.1273 108.2498 110.5697 107.9976 111.7491 109.6326 106.4715 105.1734 107.2988 106.2671 105.6078 105.7753 104.4925 104.0225 105.7182 104.2420 104.1103 103.2968 102.7944 102.6455 102.3277 102.4549 102.5453 103.0479 102.9155 104.1273 104.4878 105.6655 105.6246 105.3265 106.7175 106.5432 107.0874 106.5572 106.4730 107.5900
116.7100 115.3352 110.4941 114.5432 108.8965 110.1188 107.8542 108.9588 112.6831 112.8804 107.9913 106.0892 106.6655 106.8108 105.9112 106.8244 105.2530 104.5811 109.8267 105.2989 104.3953 105.8262 103.2771 104.3999 104.7327 104.8104 104.2955 105.1247 104.2158 105.5897 104.4444 105.3402 105.7149 105.2198 105.9098 106.5871 106.4173 107.4097 107.3277 107.3100
115.0800 116.4324 115.7145 111.6801 107.6155 107.5463 111.6118 109.4950 114.0597 109.6783 108.5445 106.4495 106.0108 106.7548 106.8076 107.1038 107.2956 105.7387 106.3937 104.8954 105.3196 105.9543 104.4766 105.2495 105.1096 108.7886 105.6276 106.4513 105.5831 105.7782 105.3995 105.7325 105.7681 105.3137 106.4994 106.5264 107.4368 107.2298 107.0174 106.6600
110.0000 108.9777 108.5922 108.0024 105.4737 111.4645 111.8323 113.2611 109.2122 110.1491 107.3295 106.9598 107.5470 107.4567 106.4235 105.7492 105.7718 106.8182 109.4225 105.5587 105.2797 104.9170 105.2260 104.6753 105.3111 105.1865 104.1994 105.9077 102.7455 105.5660 106.4597 106.3664 105.7278 106.0549 107.1856 107.3031 107.6404 107.2306 107.0066 107.7000
108.3100 107.2975 110.5059 112.2350 109.0246 111.1779 114.4094 113.3216 112.3539 109.9261 114.1475 108.4908 108.1509 106.6427 107.1085 106.5050 106.1151 109.7255 108.2914 105.4732 105.2122 105.0627 105.1231 105.1511 104.9940 105.2019 105.2801 105.8816 105.7282 108.3398 106.7450 106.0950 106.0376 107.3002 107.0188 107.1038 107.7927 106.0609 108.1156 107.1600
109.0300 107.5394 109.2252 109.9031 115.2579 114.0782 114.5658 111.3148 111.7808 114.5923 108.0666 108.0323 108.0324 107.7985 106.7104 107.7540 106.3362 105.9655 106.4635 105.7139 105.6430 105.4980 105.4649 106.2623 106.5044 105.5480 104.6652 106.2735 106.9054 104.3435 107.5554 107.3060 107.5057 107.6469 107.1988 107.0600 107.7783 107.3781 107.8442 107.8300
109.1300 108.5481 112.5150 111.2612 113.4441 111.9221 109.5523 115.1081 114.0984 112.3234 110.0254 109.7118 108.2007 107.6351 106.7708 108.1175 108.1328 106.3973 109.1014 106.9574 106.2593 106.2688 105.7053 105.6403 105.3770 106.8942 107.2555 105.9446 108.8189 104.6356 112.1099 107.0395 107.3125 108.2194 108.2609 107.7344 107.7413 107.5944 107.9837 107.9500
110.5900 111.2750 113.5319 114.7620 112.6079 110.5781 111.7891 110.4986 105.5167 112.8707 114.1573 107.0788 108.3969 108.7981 108.3923 107.3518 106.9544 106.1478 107.6334 106.2607 106.4748 106.6331 107.4432 106.7206 107.7629 109.6514 110.2196 106.9396 108.4592 107.5980 111.5547 108.5954 107.3884 107.6294 107.8329 108.0720 108.4665 107.8896 108.3794 108.5600
115.6800 113.7182 113.4030 110.7928 111.0605 114.4192 111.0706 111.9441 108.5097 115.5097 110.7485 107.9054 109.0080 108.8374 109.8164 112.6549 111.6342 106.5972 108.4745 107.4266 106.8732 108.3174 108.0258 107.4142 111.8515 111.9518 111.4592 108.1842 109.8321 112.4874 111.2272 110.2189 108.5984 107.8673 108.6029 108.1180 107.3583 107.8620 107.8880 108.3900
110.7700 114.4447 112.8274 108.6718 110.1804 110.3562 112.8643 111.0939 112.4781 115.7311 106.7502 108.5554 111.0993 109.8446 113.3290 114.9963 113.8583 111.1322 108.9001 107.4902 109.3714 109.8305 112.6626 109.0957 111.2779 108.9322 110.9864 109.9493 106.8958 112.5628 110.6366 105.8145 110.8672 109.1230 108.0582 108.3876 108.6188 107.6610 107.9969 107.9500
110.1200 111.5025 111.5387 111.7709 114.3400 112.6238 108.2393 111.4944 112.2359 109.0451 108.7079 108.5362 108.5269 107.1042 112.3088 112.1589 113.2885 113.4088 111.6282 108.3258 109.9159 110.9822 113.4946 112.3906 112.3347 109.0319 108.2801 109.4945 107.6368 109.5759 108.3920 109.0262 114.1371 108.2834 109.7608 113.7729 108.2530 108.2774 108.4509 108.5200
110.1200 114.1710 115.2319 116.2574 113.4312 111.3017 108.0739 114.9084 113.5384 108.6201 107.7004 108.3807 108.7608 115.2338 118.4911 111.1899 113.6241 114.4954 113.5601 112.6977 109.2758 113.3742 113.0400 112.3408 110.3019 108.1512 106.7528 114.5586 110.8874 109.4670 110.8065 106.7814 114.1262 112.5545 108.3596 109.8410 110.0884 108.6592 109.1262 108.9300
117.4100 115.9318 115.7404 116.5233 112.6975 112.8897 116.5050 116.8071 110.5197 109.7241 110.1323 110.0047 113.0335 116.0677 112.6687 109.8180 115.8490 115.5196 115.9363 112.7520 114.1569 113.3767 109.4417 108.8567 112.2297 112.0980 114.3162 115.5624 114.3635 115.1027 111.2477 108.7867 110.1341 111.5450 113.1237 113.6230 113.9592 108.1503 108.4503 108.9300
119.3900 116.4945 113.9749 116.0446 115.4833 115.1094 114.1539 114.7257 108.7356 109.8826 110.3876 110.2478 115.7347 113.4102 111.2440 113.0055 114.3247 118.1540 115.3839 114.8316 112.1239 109.3063 109.8818 108.0990 114.4713 114.6900 116.1293 113.9086 115.7762 114.8213 109.9648 108.1883 113.3149 109.3295 114.4148 114.0664 110.2254 110.4520 108.8628 108.7400
119.3900 120.0600 113.8300 113.4400 113.6100 117.2500 115.8700 108.7900 110.3000 110.3600 109.1300 110.0000 113.2400 110.8000 111.2600 114.1700 115.7300 116.8400 113.9600 115.3200 112.0500 109.8900 109.9400 109.2100 114.4200 114.4000 114.4800 111.7800 115.6000 115.2100 110.7400 108.7900 113.9200 109.4200 109.4200 112.2900 108.8800 111.2400 111.2400 108.1200
