109.5200 108.8200 108.0200 115.8500 115.8400 112.2900 110.8600 115.7300 113.9800 115.2200 113.4300 112.1500 106.8400 105.8900 106.4700 105.7700 106.8800 105.3200 107.6400 105.5200 106.6700 106.6700 107.9500 107.8300 109.1400 112.4200 109.0600 109.0700 109.1700 109.2100 107.8800 108.0500 106.9900 106.0900 106.0900 105.7500 105.2100 105.5700 105.4800 105.4100
108.7000 109.2486 109.4432 108.4612 110.0116 114.9585 115.7297 114.0041 111.6696 112.4769 115.2798 109.6564 105.7810 106.3260 105.8140 105.6721 105.8929 105.2427 108.8925 106.4360 105.2608 105.8701 106.8733 109.4178 109.5100 111.8577 110.2893 110.1520 110.1948 109.6461 109.2898 108.8364 108.3477 107.7037 107.0607 106.5627 108.0824 107.2433 105.3327 105.4100
115.3300 109.6247 109.9795 109.4351 111.4276 109.7625 114.9820 113.6580 111.6009 109.9021 116.4050 109.7229 107.1263 106.6390 108.0812 105.7442 107.3019 109.0555 105.1201 108.4469 106.5162 106.1151 107.0528 111.0514 110.9892 112.7000 112.1505 112.3987 112.1586 111.2364 111.6093 107.7671 110.7097 109.7628 108.8164 107.7642 106.8905 108.5215 106.0891 106.6000
111.1200 117.3437 115.7233 110.4283 109.2247 108.8066 111.6696 111.7655 114.5432 113.1045 109.9781 107.2375 106.5409 107.4646 110.8943 109.1196 107.6243 105.8742 106.1428 110.1407 105.2068 105.9626 106.0854 109.7103 110.4908 111.9147 110.4968 110.8467 111.0306 110.5092 111.7063 108.1970 114.4320 112.9868 110.9494 109.6855 108.3923 107.6227 106.5539 106.6200
112.9400 115.0497 114.5550 111.2234 109.2300 110.6197 108.5284 108.0592 111.0395 113.8520 115.2053 108.8728 106.3348 108.6178 107.3663 110.1339 107.7209 110.1247 104.8676 109.3295 105.3114 106.2789 106.0067 107.3170 106.7189 107.4065 106.8195 107.1478 106.1415 106.4145 105.5148 109.5257 113.2248 114.9545 113.3385 112.3306 110.2075 106.9558 106.7721 107.5200
113.7800 117.5457 116.4293 117.6386 110.3548 114.3461 108.4460 107.7214 107.5818 106.0515 109.8734 105.1681 106.9421 106.3760 109.4016 110.3218 106.4721 106.9824 107.0918 110.3471 106.4221 105.6288 104.7751 104.5574 103.5405 105.9861 103.5860 103.6248 103.5647 104.1446 104.2881 106.3970 108.3427 109.9891 112.0792 112.8020 109.6888 106.8255 106.7041 107.5200
115.6500 109.9608 113.8852 112.9207 112.7951 110.5539 111.2897 111.5409 106.9591 108.2580 107.2511 109.3079 108.4138 108.9567 109.6851 109.0878 105.5534 106.5317 105.4575 105.1785 106.7540 104.0269 102.9794 103.0481 102.7368 102.9415 104.3714 103.7335 102.9288 102.8604 102.9965 101.9775 104.0909 106.0634 108.8359 107.6170 106.0872 106.3852 106.2319 106.7500
108.8100 107.5536 109.4495 113.2891 111.9740 115.7332 112.2949 110.4710 110.2413 107.4972 107.5218 107.2145 106.9077 108.7013 106.5357 108.3901 105.3989 104.3621 105.5721 105.4155 104.8167 103.0681 104.2258 103.2802 106.1881 102.3607 102.3992 102.8367 103.5795 103.6885 105.8181 104.0466 103.0258 102.5657 104.3073 105.2282 105.9268 106.3852 109.6479 110.9700
109.1400 108.4998 108.8376 110.2611 108.1362 110.5497 108.8612 107.3080 111.7940 107.9965 108.3404 107.0667 106.6192 106.9081 107.4717 105.9054 106.7038 105.0046 104.6900 104.4493 103.6847 102.6411 102.0913 100.9875 101.4704 100.5920 100.6532 100.5955 100.7916 101.6017 101.0878 103.2079 103.5785 102.3376 102.9208 103.9476 104.9130 106.3234 112.1923 106.4800
109.6700 113.0912 113.2904 112.0441 108.8889 108.5034 107.9321 108.4879 108.6721 107.4540 106.4920 107.0416 106.0033 106.2657 104.5172 104.8807 109.2294 104.6605 103.3592 104.6098 102.6958 101.4186 101.0467 100.5488 99.9508 99.8770 99.8081 99.8387 99.8423 100.0859 100.5532 100.6035 103.4585 102.5379 103.3740 102.8532 104.2675 105.1861 106.4309 106.3600
108.6700 109.1460 108.9676 109.6343 108.9460 108.4944 108.3758 108.3532 108.0538 106.1674 106.9767 106.4116 106.3166 106.0982 106.4172 105.6840 104.6547 106.9123 106.1716 101.9078 101.2481 100.5455 100.1519 99.1702 98.7304 98.4671 98.6106 98.4651 98.5781 98.9171 99.4236 100.0221 100.5166 101.0358 102.8698 103.2778 102.7336 104.0368 105.9442 108.5500
109.0000 109.2483 109.1608 109.1867 108.5764 108.7378 108.0584 108.1421 107.5631 106.6296 107.3106 107.1078 105.5153 104.7905 105.7356 105.4461 103.4883 103.6569 101.6597 101.4725 100.8385 99.9344 99.3417 98.0614 97.2416 96.8351 97.3263 97.3580 97.7217 97.4752 98.4876 99.0768 99.6048 100.4289 101.0738 103.5656 102.9545 102.8271 105.1739 105.4300
109.3000 108.5055 109.3433 108.7549 108.8763 108.3329 107.8614 107.5361 107.1917 107.3712 106.8700 107.0949 105.7107 105.8790 105.5377 103.8038 103.1459 102.7463 101.8610 101.0694 99.7359 98.9330 98.4785 97.6432 95.8781 95.4928 95.1217 95.0043 95.7193 96.1884 96.7582 97.7386 98.6168 99.5627 100.3913 101.1056 103.3503 103.1841 103.5340 103.4400
108.3900 108.8273 109.1668 109.0329 107.8074 108.5145 107.3993 107.3402 107.9437 107.8843 105.7871 106.7307 105.6002 105.7184 104.0179 104.0721 102.5013 101.8569 101.4673 100.4601 99.0874 97.5712 97.1558 96.0553 94.5583 93.3336 92.1723 92.2250 92.7195 94.3350 95.4479 96.1985 97.5262 98.6853 99.7572 100.8012 101.2855 104.6701 104.6571 104.3900
113.3400 112.4059 109.0892 108.5674 108.1974 107.8434 107.3623 108.4321 107.5848 107.3738 105.9629 105.1063 106.2486 105.6103 104.7894 103.0844 102.5575 101.6148 100.2303 99.1472 98.0125 96.7280 95.2989 93.5769 92.0581 90.7596 89.0530 89.1460 89.9313 92.4266 93.7502 94.9858 96.3487 97.8180 99.0371 100.1537 101.3062 103.5503 103.7191 103.3300
114.1800 113.2946 108.6137 108.8665 108.2424 107.4810 108.1525 107.6407 107.0557 106.5738 105.8280 105.8155 105.3375 105.1347 104.7481 102.8079 102.1994 101.3752 99.8519 98.9936 97.3529 96.1306 93.6878 91.0124 89.1511 86.5102 85.5352 85.5930 87.0106 90.1992 92.3180 93.8805 95.3786 96.9561 98.5654 100.0943 100.8849 101.9974 103.9653 105.2400
115.0400 110.2761 107.4403 108.6260 107.9345 107.5067 106.8820 106.7242 106.0465 105.6519 105.5403 105.4862 105.1063 104.3324 105.0211 102.4120 101.8882 101.2159 100.0158 98.2004 96.4793 94.9833 93.3417 89.3385 85.4427 82.0772 78.9360 79.5898 82.9125 86.6914 89.9104 92.7644 94.3995 96.3882 98.0839 99.8496 100.9573 101.7276 103.2597 105.1900
113.9300 113.0000 108.3643 110.4849 108.2179 107.4063 108.1063 107.0338 107.3583 106.9644 106.7722 106.8883 104.4851 105.0746 105.0057 102.0697 101.6572 100.7844 99.7345 97.5977 95.9748 94.5264 91.6575 87.3291 81.9740 74.9896 68.5722 69.8932 78.3096 83.7669 88.0929 91.6823 93.6734 95.8372 98.0034 99.6025 100.8257 101.8291 102.5867 104.4900
114.2100 114.4876 108.3857 109.2048 108.6639 108.2132 109.1370 107.2641 106.5490 106.5246 106.0242 104.9159 103.0148 107.4622 103.4805 102.3461 101.4224 100.5769 99.3607 98.0741 96.1639 93.8647 90.6814 85.6356 80.3536 68.7562 61.8592 63.4527 73.3507 82.0641 87.4155 91.3407 93.3786 96.2996 98.9024 100.0656 100.8333 101.7374 102.6004 103.6700
114.2100 114.3051 107.3005 107.2417 108.3062 106.9869 107.0845 106.3745 105.7972 105.6101 105.0289 108.9691 110.9326 109.0109 103.1746 102.5534 101.3946 100.7589 99.3143 98.1548 96.3672 93.8770 90.6707 85.6279 80.6991 68.7359 62.3739 63.7106 73.2724 82.1898 87.5711 91.4504 93.3363 96.3779 98.9936 100.1217 100.8308 101.6663 102.5952 103.6700
112.8100 113.3864 112.7817 113.3436 113.5695 114.5834 112.5814 108.1250 110.5350 105.3225 105.4859 105.2144 104.5783 105.5838 103.3726 102.5892 101.6570 100.8815 99.4295 98.2697 95.9866 94.4081 91.1539 86.5771 82.0880 73.9065 70.4803 70.2562 77.6281 83.0875 88.0249 90.6640 94.5764 98.2465 99.4907 100.6525 101.2934 102.3540 102.6727 103.1500
116.4200 117.1598 115.6111 113.2538 114.1629 112.4055 108.6289 106.7402 110.2287 104.0453 107.1333 105.1737 104.4321 106.0486 103.6945 102.5187 101.8512 101.1718 99.5454 98.2869 96.8266 96.1904 93.8887 89.6409 85.3298 82.3768 79.5138 79.8680 82.4579 86.0301 89.9606 92.7438 96.5735 98.7784 99.2704 100.5633 101.7762 102.4205 103.0536 103.1800
117.1000 115.7294 113.2742 112.1070 114.9966 111.1744 109.6228 107.4080 106.6679 105.2821 106.8779 105.0124 105.9765 105.7104 103.9822 102.8603 102.0489 101.2555 100.2590 98.8388 97.6578 97.0273 95.0130 92.4284 89.9484 88.5908 85.5300 86.1875 87.1490 90.3855 92.8487 95.5363 96.9280 98.9174 99.7296 100.6287 101.7433 102.2588 104.0171 104.8700
113.2700 115.5606 114.6195 114.7116 115.5667 108.5153 111.2134 108.5841 107.4963 107.8711 105.5825 107.2994 105.1257 104.6221 103.8866 103.1241 102.6337 101.6914 100.8613 99.6368 98.5348 97.3390 95.7672 94.2141 93.3077 91.9726 90.4714 90.7192 92.0274 93.7541 95.8243 97.2710 98.0736 99.3729 100.5310 101.4165 102.0765 102.7188 105.1361 103.8200
113.8100 115.6179 114.4969 112.4425 112.0442 109.1540 108.1344 106.8953 109.9539 109.7299 105.8454 106.8179 105.6830 105.7410 104.6865 103.5907 102.9160 102.1881 101.6140 100.3720 99.6486 98.5413 97.2737 96.6462 94.8054 94.1956 93.1601 93.7992 95.4917 96.6738 97.1254 98.6609 99.4255 100.3519 100.9577 101.5902 102.2121 102.9629 104.7867 104.0500
113.8100 112.1948 115.4146 112.7230 107.5948 108.8383 107.3775 107.0840 108.0140 106.9030 107.5419 106.8494 105.9187 106.3543 105.2015 103.8118 103.2277 102.6284 102.0532 100.8786 100.3197 99.1727 99.2136 98.4446 96.7807 96.5962 96.4790 96.7047 97.4847 97.3091 98.1532 99.0286 99.9442 100.8532 101.0143 101.7586 102.5745 103.2194 104.2837 104.8100
112.6600 110.2511 112.5480 111.0665 108.1256 108.5466 107.2668 107.9835 107.9613 107.5673 107.5096 105.9427 106.0997 106.5794 104.6580 104.9875 103.5660 103.0308 102.5601 101.7809 101.2467 100.1031 100.0343 99.7638 98.9319 97.8886 97.6803 97.8380 98.9952 99.4301 99.1924 100.0338 100.2676 101.5558 101.9548 102.6036 102.9063 104.7560 104.6057 104.7400
109.9800 109.7371 109.1935 108.3947 108.3022 108.9259 108.3387 107.7310 107.9807 107.5450 107.5797 106.7964 106.6459 106.8683 106.1753 105.1935 105.3155 104.2292 102.7819 102.4706 101.9368 101.2703 100.6855 100.1429 99.8537 99.6360 99.2542 99.4089 100.1818 100.4915 100.2279 101.0534 101.2356 102.2015 102.6571 103.0073 103.8655 104.6541 104.7362 105.2300
110.0700 109.5718 109.0089 108.5200 108.9910 109.0796 108.2413 108.1504 107.4557 107.6269 107.2344 106.7136 107.0588 106.8298 106.5670 105.7485 105.1391 105.7440 103.5287 102.7679 102.4659 102.0737 101.6870 101.0958 100.8126 101.0397 100.6430 100.6591 101.3229 101.0851 101.3165 101.5356 102.2539 102.5936 103.6501 103.9928 104.5573 103.9089 104.4720 105.9700
109.7300 108.7717 108.2817 109.2033 108.3419 108.3159 107.4541 108.3878 106.8766 107.9242 108.1808 107.9512 107.5259 106.4719 106.1729 105.4431 111.1908 105.7927 105.9326 105.0708 102.9908 102.6343 102.3596 101.8929 101.8011 101.8663 101.5326 101.5677 101.9488 102.2494 102.3573 102.4839 102.6777 103.2802 105.0999 104.7573 104.8031 105.7259 105.3760 105.4700
107.2100 110.0819 108.9008 108.9245 109.1128 110.1177 108.6616 106.7809 108.7253 108.2422 107.7967 108.1253 107.8041 106.9944 106.6510 108.6795 106.0396 106.2572 105.0725 103.9109 104.1096 103.2759 102.9584 102.7273 102.5362 102.6208 102.5064 102.3900 102.6168 103.0334 102.9270 102.9460 103.5691 105.9058 105.4616 105.3432 106.4186 106.7169 106.8745 107.0800
110.3100 109.5694 110.3821 108.7114 109.3863 108.7501 112.9634 108.1340 108.9212 108.2407 107.3132 108.2927 107.7298 107.2768 108.5555 108.5377 104.5695 108.2706 107.5127 105.6845 106.2237 105.3931 104.1427 103.2852 104.3184 103.0238 102.5805 103.1993 103.2691 103.5765 103.4660 104.9854 104.1996 106.3078 104.7946 105.7332 106.6462 106.7842 107.2974 106.8400
110.4100 111.4714 113.4659 114.0049 109.6577 108.5017 109.2626 108.6862 108.7172 108.5315 108.8833 108.3119 107.5585 106.9448 105.5348 106.7515 105.5319 105.0342 106.1937 106.7901 106.3136 104.1277 105.8916 104.8773 105.5845 103.4400 110.5801 104.0374 103.8222 104.0329 104.0284 105.8158 105.6011 105.5159 106.5230 106.4684 107.0040 107.1113 106.7625 106.5600
115.9000 112.8628 111.4926 113.4443 110.0719 109.0977 108.8863 109.2251 109.1080 108.8766 108.1439 107.1320 107.3363 109.0502 107.8724 108.8875 105.3327 106.3161 105.8635 107.0312 106.3919 105.0786 104.8006 105.7841 104.7890 103.8643 108.8041 107.7829 106.0708 108.3383 106.4842 106.8279 105.5187 105.7429 106.4147 106.6610 106.0224 106.7119 107.0039 106.5600
110.4900 112.4121 112.0193 109.1191 106.6916 109.1001 109.1583 109.2741 109.0883 108.2074 106.9816 109.8682 110.6674 108.1147 105.9429 106.8750 106.3473 106.4866 106.7602 105.7782 106.1353 106.7166 105.6827 106.8379 106.1243 104.7018 106.5500 106.7728 106.7311 106.7578 107.1050 106.5984 107.0459 105.6138 105.2555 107.2934 107.4219 107.1195 106.5699 106.4700
110.6200 116.0247 112.9898 111.2292 113.9757 110.5971 109.4330 109.0578 108.9173 108.9199 110.2707 111.7097 112.0957 110.3555 105.8742 107.1347 107.1295 107.0495 106.8195 106.0546 106.5227 106.6418 106.7903 106.7881 105.4818 105.9626 107.2302 107.0956 106.3555 106.0333 107.2739 107.1852 106.3087 106.8970 107.1419 107.9206 106.9407 106.6881 106.9124 108.2700
114.1500 111.7358 116.4183 114.3643 113.5244 108.1280 109.7502 111.1270 109.5487 112.9260 114.4830 113.7041 111.4799 109.2807 107.5695 108.6016 108.9393 106.6050 106.9644 106.2487 107.5982 107.6227 107.1797 106.6461 106.5428 105.9942 107.1402 105.3607 105.7952 106.7219 106.2427 107.6777 107.3282 107.6099 107.2809 107.9366 107.4697 108.0563 107.4124 108.3700
115.6600 114.5516 116.0687 113.2378 110.9689 108.5356 109.3102 110.1544 109.4499 111.8725 113.6744 111.8793 114.5440 110.8154 107.6263 107.7460 108.0616 110.1277 107.1739 106.8744 105.8646 108.1158 107.2653 107.7810 107.5061 110.8736 107.5601 106.8857 109.7663 106.7317 107.3082 108.2078 107.5721 107.2367 107.1754 107.5868 107.9134 108.3783 107.8231 108.3700
116.7600 114.6708 111.7813 110.7904 109.8609 110.4629 109.1202 109.9326 110.8905 114.6377 111.0110 112.4908 112.9702 109.7948 108.1030 106.8736 106.1336 111.8031 107.6614 107.2531 106.2694 106.9676 106.9803 107.1781 106.8960 109.6977 105.6688 106.2273 108.9672 107.2267 108.1411 107.9852 108.0042 107.6173 108.1287 108.5866 108.7034 108.9185 108.7330 108.6900
116.7600 114.6400 111.8300 110.6400 110.9600 110.9600 109.4600 113.2600 113.2600 113.7400 109.7900 116.7700 116.7700 108.0300 108.0300 108.1400 110.2000 112.2100 112.7400 111.7800 108.4600 108.4600 106.9600 107.1800 107.1800 106.5400 106.1400 106.3000 108.0200 107.8100 108.4400 107.5100 107.7600 109.2500 109.2500 108.7400 108.7400 108.8600 108.4600 108.9400
