109.5200 109.5200 110.1900 112.5800 110.5000 110.3400 109.6600 116.1700 115.3300 114.2000 115.3000 113.3100 115.9500 116.1100 114.6000 112.9400 114.7400 112.9000 113.8000 116.9200 116.9600 116.9600 118.1600 117.7400 118.4200 117.1600 115.7800 115.0200 109.7000 109.7200 109.5700 114.2500 109.6000 114.6400 114.6500 115.0800 113.9700 114.2100 114.8900 115.0900
109.9900 109.8786 111.6678 110.9741 112.4189 113.0168 112.5627 112.0288 112.6396 113.3156 113.3853 113.8087 112.6074 112.1960 113.3737 113.1108 113.2039 118.3321 115.9900 117.3335 117.6339 116.5169 115.7800 117.8256 117.9931 115.6264 115.8825 114.8603 109.6361 109.7779 109.3537 114.4594 113.5552 114.1708 114.2718 114.2579 114.3119 113.3937 114.5615 115.0900
109.5300 110.8101 109.4963 109.6720 110.6472 110.4356 115.9224 111.8533 110.5501 111.8562 112.1922 113.9948 112.8643 109.9486 112.3566 113.0951 111.0382 116.0043 114.7685 114.7306 117.8475 117.6776 115.1136 116.0722 117.4250 115.0286 115.1155 114.0999 112.9595 109.0200 109.0231 110.7108 109.8436 109.9276 113.2544 113.2454 113.2803 113.2746 113.6988 114.0800
109.8100 109.6188 115.9709 112.7795 111.0364 109.4601 113.0851 112.4736 112.4608 112.1426 111.3926 110.7567 108.4532 107.8438 110.8103 109.9575 110.9838 111.3682 116.7002 116.0458 117.1546 116.8166 114.7643 114.3395 115.1581 110.4286 113.8631 114.0421 110.3601 108.9305 108.9654 108.7055 108.8729 109.4531 112.1990 112.2261 112.1524 112.3759 110.6815 109.0500
109.1700 113.4596 119.2054 116.3838 111.0418 109.5107 109.7776 114.8676 109.1235 112.6730 110.2958 109.1550 109.4520 107.4860 108.8041 110.0603 109.1666 109.4563 113.1437 116.9738 116.4630 116.2705 116.5487 114.5754 115.3193 112.7283 111.4400 113.7097 108.9172 108.9477 108.5896 108.5259 108.5031 108.6173 110.5604 110.2405 110.7392 110.7718 111.2839 108.7400
118.6000 117.5696 116.5088 114.9708 111.5905 110.1571 109.5935 109.9833 113.6394 111.3756 113.8262 109.8760 108.6974 109.0798 114.6397 114.4409 108.8349 107.5724 113.6667 114.9305 117.1693 115.7616 112.1610 109.9527 115.1655 113.4261 112.2391 113.3621 110.2566 108.4757 108.1328 108.0760 108.0209 108.0182 107.6223 109.0801 109.5663 108.0550 108.8082 107.9900
115.8500 111.0643 115.0283 113.5639 110.4862 113.9941 109.7091 110.2625 108.8680 116.9500 109.2103 112.9776 111.0865 112.3330 115.8258 117.1476 108.4353 108.7504 108.7315 112.7414 115.5692 113.9093 111.8746 112.3896 115.0547 114.1328 114.9736 112.1836 108.8360 107.9449 107.6540 107.5657 107.5009 107.4655 107.4644 109.5028 107.4845 108.3490 108.1580 108.2800
109.8400 110.7339 107.3030 112.7178 110.3040 107.0916 109.1397 109.2662 110.1815 111.5828 113.5740 111.6237 112.8704 114.4308 112.1123 113.7658 107.9050 107.1857 106.8982 108.7112 111.7410 115.7187 112.8742 111.9718 112.4750 111.3441 113.5171 107.4305 108.1320 107.3772 107.0806 106.9935 106.9034 106.8644 106.7566 106.7034 106.8357 106.9108 107.7658 107.5100
109.8400 109.5934 111.9137 114.4765 111.7615 116.0554 109.5195 110.0590 110.7836 108.2314 114.7181 113.5185 112.5846 110.2698 111.3459 114.6992 109.4735 109.2663 108.6668 109.3885 107.8332 113.8637 112.9696 111.7742 110.9850 111.2174 111.1212 107.7528 107.8634 106.8442 107.1284 106.3080 106.2589 106.1851 106.1087 106.4776 106.4308 106.3518 107.1058 106.9600
113.0000 115.8363 114.6791 112.5126 117.4556 110.0643 109.5914 109.0169 108.5782 109.9544 110.8110 111.3205 111.1843 111.0882 111.1059 109.7875 111.0119 111.5333 110.7163 108.8175 107.5092 108.7509 109.9424 113.3481 106.9253 107.6303 111.3500 108.6778 107.7600 106.9005 106.0816 105.9684 106.0165 106.1373 106.3633 107.2191 106.8457 106.1611 106.0765 106.0400
112.0900 111.6807 111.0581 109.7645 109.0183 109.8578 110.3250 108.3114 111.8526 109.4299 110.2845 110.1584 110.1885 111.9245 109.7867 107.8785 109.9291 112.8326 112.7903 114.0464 108.0493 108.5277 109.2081 114.1396 113.1405 106.6979 110.2149 109.1082 107.3342 106.6595 105.6967 106.1288 106.1549 106.1007 105.8964 107.1343 106.7231 106.1084 106.3437 106.3100
111.3800 111.2197 113.4591 116.8806 111.7221 108.2271 110.3324 111.8106 112.6982 111.2098 112.6851 109.6639 109.8815 109.9734 109.1339 109.3162 108.6103 112.5798 108.2721 110.7406 109.7195 108.1710 108.1842 106.6251 115.6883 108.7307 105.3069 106.1256 106.7835 105.9572 106.5698 105.9731 105.5626 106.0824 104.9174 105.9415 106.4965 106.2132 105.6884 105.8300
112.8000 114.9674 112.4914 112.8434 116.6621 114.5800 111.8791 111.7973 115.0203 110.1479 113.8787 111.6030 109.4665 109.6746 108.8803 108.7349 110.6824 112.4135 108.3001 108.5305 113.4298 110.1068 107.4469 106.4464 111.2296 109.7192 106.6303 106.5284 105.7872 105.8127 105.0256 105.8004 105.5812 105.1906 106.4544 105.2877 105.1958 106.2441 105.1941 105.0000
118.8300 110.3493 112.5689 110.0648 115.9709 113.7431 113.5803 113.7736 114.7577 113.0761 112.0238 111.7266 110.8986 111.0947 110.0077 108.9688 111.1553 111.6354 109.9728 108.4846 107.6660 109.2675 108.0510 107.2619 106.9005 105.7982 108.2371 105.4846 105.6404 105.8314 105.7193 105.4798 105.7350 104.0431 105.5571 104.9326 105.3483 106.0473 104.9581 105.1900
116.4800 111.8762 110.0051 109.5089 112.3753 110.1537 115.1289 111.3284 114.5847 113.8125 115.4786 114.0547 113.1296 109.5541 105.9478 109.1378 107.6802 110.7952 112.3023 111.1324 107.2189 107.3448 107.2527 106.7903 106.8033 106.6079 113.6486 104.1387 105.2437 105.2087 105.6722 105.1138 104.6984 104.7540 104.0813 105.3561 104.2619 105.4593 104.3070 104.5600
120.3100 110.3339 111.3136 110.4290 113.1776 111.1861 111.6910 110.0307 110.3428 112.5500 114.0542 113.7848 114.1997 113.4084 108.6373 108.7674 109.0492 106.8749 109.4622 111.4480 107.9569 107.0018 106.5250 106.4038 106.8745 104.5935 105.3385 105.4189 104.9170 105.6018 105.1206 104.2093 103.1076 103.1617 104.1399 104.9671 104.9090 103.9305 103.8159 104.7000
108.7900 111.4303 110.8986 112.8242 116.7635 110.2994 110.4956 108.3362 109.6803 115.5631 110.4897 113.3732 110.9244 109.3124 110.0948 107.8018 112.6188 108.8589 106.5346 106.6693 108.1839 105.9373 105.8864 106.1692 105.5509 104.5735 105.4427 104.7855 104.5508 104.1064 104.7555 104.0528 103.6132 103.0814 102.5911 103.3765 102.5692 104.1064 104.7714 103.6200
110.5400 110.8367 109.1627 113.0180 111.8611 110.9656 112.7523 110.0562 112.2463 111.7520 109.5830 111.1275 112.0534 108.3853 107.3396 107.2926 109.9349 109.3100 107.8306 108.7496 106.7771 105.8031 105.5349 105.9785 104.2815 104.9499 104.4339 105.3175 103.7878 103.3465 101.8815 102.0862 101.2531 101.4518 101.7058 101.5455 101.6700 102.1876 103.2658 102.1900
114.8700 110.4705 109.8159 109.2176 109.3436 110.1523 111.2307 115.2960 113.1276 116.1079 113.0891 112.8979 111.1891 108.5373 108.3022 108.3895 107.6817 107.9448 107.9969 107.8139 110.0117 105.0903 104.6848 106.0163 103.9454 104.8074 103.6545 103.9632 103.0162 101.9154 101.4632 100.7360 100.9919 101.2148 101.1264 101.1161 101.1495 100.8345 101.3959 101.5000
113.6600 110.4592 109.3738 108.1194 108.6575 108.9514 108.8372 111.4609 112.5934 116.2487 115.0946 115.7286 114.3076 108.2209 108.1825 108.3717 108.0733 107.0840 107.7466 107.1067 108.0713 104.7777 104.8069 106.4950 103.9150 103.2719 102.9466 102.6862 101.1361 101.1850 99.9541 100.2909 100.4374 100.1502 99.8529 100.1525 100.4626 100.6189 100.8413 100.9300
114.5300 109.8841 109.3313 108.5508 108.8844 109.6344 108.8865 109.1011 109.7092 111.2504 112.2654 113.9624 113.0034 113.3011 112.7342 113.3242 107.4682 107.3075 107.3992 106.7138 105.5086 106.2530 104.3824 103.8262 105.2080 103.6412 102.1168 101.4338 100.6181 100.5144 99.3924 99.5254 99.4198 98.6496 98.3176 98.8416 99.3275 99.6159 99.7348 100.0000
113.6900 109.5660 110.1122 110.1047 109.5724 109.1150 109.9439 108.0661 110.6567 108.8717 109.6218 113.4309 109.0553 114.0689 112.1074 111.0200 110.3081 106.3392 106.3855 106.6151 105.0078 105.3609 104.5053 104.0157 102.9392 102.5621 101.8277 101.0698 100.4527 99.5218 99.0806 98.4607 97.8685 97.5117 97.4181 97.6801 97.9906 98.3032 98.0446 99.3800
113.4000 111.5310 111.8826 108.7241 109.3426 109.2867 108.7521 108.2395 108.2429 107.9320 109.2911 109.0187 108.6540 107.9096 113.1761 107.5725 106.3177 105.9565 106.4658 106.4612 105.4250 104.4276 105.5051 104.3050 102.8192 102.1897 101.3473 100.8538 99.9324 99.1587 98.1816 96.8857 96.4928 96.1164 95.5907 95.5983 96.3568 96.8515 95.8754 97.9100
110.9600 114.2559 109.9595 109.0570 109.5066 108.9438 110.6291 107.8999 112.4968 108.7189 109.3878 109.5750 108.9744 108.4319 107.9743 107.8327 107.3250 106.7503 105.7407 105.6242 106.0846 105.6898 104.3695 104.2530 102.2623 101.6553 100.8137 100.2607 99.4781 98.1052 97.4435 96.1829 94.7701 90.8548 89.9718 91.6170 93.0728 95.9045 95.3854 96.0900
111.8000 110.5618 110.2283 109.3225 109.3506 108.9442 109.1634 108.2341 105.7473 111.3151 108.6903 107.1092 108.7768 108.1853 106.9305 107.8481 107.3303 106.4422 106.8816 105.9198 105.5019 104.2278 103.3599 102.7462 102.1998 101.4214 100.7275 99.9361 98.5246 96.5854 95.9182 92.4087 92.3734 87.9881 87.8256 86.9546 89.4622 92.1544 94.1603 96.0900
110.2600 109.9946 109.7488 108.3874 109.7476 108.8543 108.7445 107.6646 108.0435 108.8019 109.7721 106.7357 109.5445 108.4115 106.9034 110.1381 105.8327 106.6002 106.7428 106.9986 105.9779 105.2496 104.3057 102.8214 101.9600 101.0658 99.9806 99.3110 98.0111 95.3630 92.8240 88.6740 90.3040 86.4127 83.6736 81.2483 87.6993 92.1580 93.8069 94.7600
112.2300 109.9678 110.5777 109.0808 109.6154 108.3182 109.3622 109.5478 109.5020 110.6039 110.4556 109.6875 110.9320 109.8459 107.4241 109.3123 106.9519 106.1206 106.0072 105.7346 106.0004 105.9824 103.7444 102.4147 101.8129 101.0308 99.8954 99.5617 97.7027 94.8015 91.5354 89.6854 87.0693 75.3246 71.2833 73.8209 84.5783 88.7352 90.4634 91.4600
113.3900 111.7749 110.6172 107.1013 113.3490 112.5540 112.1113 109.7529 112.2734 108.2256 113.5180 113.6591 109.3608 108.8550 110.8876 107.7430 107.0628 105.9971 105.8412 105.1120 105.0863 105.3462 104.4279 102.4561 101.7795 101.1474 100.1721 93.4098 98.3673 94.7226 91.8522 89.0775 83.2031 69.1107 64.9647 68.3480 77.7509 83.5153 88.4738 91.3200
114.8400 118.3616 111.2183 110.8427 116.0764 115.6023 113.0184 109.0426 109.4169 110.8426 115.2082 115.7859 109.8769 108.0948 108.9915 107.2840 106.8834 105.5306 105.4312 105.5772 104.8408 105.0443 104.9664 102.3457 101.8454 101.1698 100.1528 92.4926 98.4228 95.1519 92.4441 88.2789 84.4101 70.8223 65.8889 69.5794 77.6269 83.8584 88.8596 91.3900
116.0100 112.6658 109.5656 111.0062 110.6752 109.5831 108.3308 109.9837 111.8667 113.0005 109.4502 109.5989 108.8344 108.2939 107.9489 107.6669 106.9432 106.4171 105.7729 105.8533 104.9057 105.0297 105.5173 103.0434 101.8679 101.2420 100.0957 99.0812 89.4905 97.5675 91.6103 91.1153 83.7031 77.4195 72.6341 77.0833 83.0831 86.5423 89.6674 93.0100
116.0400 112.4005 110.1297 109.8081 109.3972 109.1937 108.1058 107.5721 109.5399 108.9135 109.1190 109.1029 109.1197 108.2927 107.8024 106.6435 106.7347 107.1093 105.7173 106.0560 105.2965 106.0848 105.3171 102.5079 102.0630 101.3984 100.3915 100.1544 91.8861 96.3225 93.5837 92.3649 88.2382 84.4144 83.8109 84.8232 86.3009 89.9091 93.4292 94.6300
110.2200 110.5942 111.2398 113.1598 113.3377 109.8429 109.7972 107.5288 113.1676 107.8653 109.7013 109.2571 111.5777 111.1481 107.0163 111.4705 107.2450 106.9274 106.4315 106.9699 106.5452 106.3427 103.9358 103.1320 102.2906 101.5174 100.9183 99.6961 97.0711 93.9051 95.9666 94.1712 93.0984 89.3643 88.3083 88.8123 90.1075 92.9282 94.8864 96.2700
110.0300 115.1223 111.5148 112.4873 112.4713 109.7355 110.4266 108.1263 111.2938 109.6709 109.4566 108.3949 110.2779 108.1446 108.0589 107.8627 107.4533 106.1939 105.5995 106.7631 106.5130 106.0305 105.5900 103.1985 102.6147 101.8879 101.2573 100.1669 100.0105 99.3326 97.6933 95.8495 95.6293 93.4025 92.0015 92.9314 93.0141 94.6501 95.8628 97.7900
116.8800 116.4229 113.3254 111.8397 113.9568 114.0828 108.9050 111.6461 115.3630 110.3327 109.5643 109.6528 108.4250 108.8547 108.6567 108.1501 108.0807 106.3507 105.8672 106.2153 105.5799 104.6755 105.2301 103.8967 102.7239 102.2548 101.5477 100.8166 100.0542 99.2689 98.6382 97.6955 96.2963 96.1771 95.1662 94.8579 95.1931 95.5872 97.0246 97.7900
118.0400 115.7175 114.1567 114.9555 112.7213 114.1843 114.0771 109.5947 113.2391 110.6540 109.4264 110.2638 109.4159 108.6721 108.8870 108.4877 107.6290 106.9045 106.5855 106.1381 106.3748 105.3996 105.3604 105.3516 104.2104 102.9240 102.1028 101.5111 101.0590 100.2444 99.3401 98.9743 98.1556 97.2396 97.0181 97.2823 98.0562 97.9460 98.7652 99.6400
112.9300 114.6556 114.6775 115.1756 111.0487 113.4558 112.2663 113.6741 110.6602 114.3192 108.6912 110.3832 110.8102 108.1707 107.9276 108.2323 107.8550 107.1799 106.4437 105.8386 105.5970 105.4272 105.2272 105.9700 105.5763 104.8577 102.5043 102.0593 101.5993 101.1388 100.3292 100.2318 99.5961 99.0616 99.1950 98.8776 99.3766 99.6268 100.0208 100.8000
119.2000 117.7989 116.0044 114.5301 109.9437 114.1999 113.1690 112.6690 110.8358 110.6432 108.8015 110.3781 112.4445 111.6114 111.4307 107.9765 107.2251 106.0260 106.7153 106.1450 106.5718 106.0479 106.1908 106.4288 105.4754 105.1797 103.0281 102.4354 102.2469 101.8478 101.2949 100.9563 100.3576 100.3609 100.5490 100.3252 100.5203 100.6933 100.9926 101.4800
117.6200 116.0158 114.1450 113.9142 114.6246 111.9689 110.7071 110.8768 112.0077 109.4341 112.9759 110.4663 113.4887 109.4249 109.4212 105.9314 108.5639 107.8622 106.4198 105.4344 105.9094 107.0155 106.7729 105.5830 106.2695 106.0169 105.2825 104.6642 103.6021 102.4956 102.1627 101.8675 101.4181 101.7436 101.3268 101.4718 101.6484 101.4906 101.6552 103.8700
117.7700 111.2377 113.3591 112.9506 111.7964 109.6838 110.0978 111.3466 111.9835 112.0237 110.4064 109.2285 109.8532 112.6174 113.5907 113.5176 113.3858 106.2066 107.0063 106.1405 106.1780 107.2674 105.9579 104.7461 105.1225 104.5739 105.1383 105.5390 103.7284 102.9849 102.8215 102.6961 97.0687 102.8223 101.8344 102.2522 102.2333 102.4344 102.2637 102.9000
117.7700 111.4400 112.0600 112.0600 111.3500 111.5000 111.5000 111.6100 110.8400 113.4300 109.5400 109.2400 108.6000 113.4800 113.5300 113.5300 108.0400 108.0400 108.2300 106.3700 107.9300 106.8900 105.9900 105.9400 105.6600 104.5000 104.5000 105.5800 104.4600 104.4600 104.0800 102.8400 102.9000 102.8100 102.8800 102.8800 102.7500 102.6300 103.4400 103.4400
