116.9400 113.1600 114.3800 118.0000 114.2000 118.4500 110.1400 113.3600 116.9700 112.7500 114.1700 110.2300 105.5800 104.6800 103.4600 104.7100 109.7700 114.5900 114.1000 104.9000 101.2500 101.3200 99.8300 98.9800 97.0500 96.3000 91.2200 88.3900 85.0200 81.0000 74.7100 74.2500 81.0300 88.4300 91.2600 93.5300 96.8000 97.9900 99.8500 100.5900
114.5600 113.3929 118.2029 110.7238 114.4815 121.1553 109.5086 113.6667 113.7552 110.9415 113.1538 110.4341 103.5582 104.7414 103.4078 104.6718 107.8233 114.8601 113.7249 106.6292 101.0057 101.1799 99.7833 98.4505 97.0435 94.8039 91.3957 87.1200 81.9006 73.1695 68.7148 70.6132 78.7103 85.0467 89.8163 93.3972 96.1109 98.0722 99.2563 99.7700
117.1200 113.3270 119.5820 117.4142 118.0852 110.4228 115.1457 113.8001 118.6651 114.5772 116.0672 110.1404 104.2231 103.6184 103.2654 104.3804 107.9963 115.2207 113.7161 106.1449 99.5599 100.7191 99.7218 98.3771 96.6365 94.2965 91.0006 86.4290 80.5572 70.0927 64.9642 67.0428 76.5154 84.2228 89.3249 93.1090 95.7537 97.9655 99.1798 99.7400
114.6100 119.6002 120.4178 119.6453 117.6547 119.6382 118.5520 112.1350 108.8659 111.9115 113.0326 105.3885 104.8109 103.2345 109.4437 104.4432 106.9998 113.7517 113.9006 106.5627 99.7273 100.6493 99.7930 98.4863 96.8091 94.5614 91.4328 87.1516 81.9902 73.2826 68.8845 70.5404 78.9409 85.1078 89.8589 93.4158 95.9617 98.0394 99.2599 99.7500
113.5000 122.2800 120.6729 116.4749 113.3476 109.0118 109.9946 110.3688 108.0607 105.6123 107.1643 106.9668 105.8860 102.7517 106.8565 104.2377 105.7996 111.2417 114.0510 107.9592 100.2261 100.4132 100.0874 98.7768 97.2232 95.2264 92.5649 89.0392 84.7733 79.5553 76.7487 78.3032 83.2365 87.4017 91.2414 94.2545 96.4934 98.1802 99.5254 100.5600
113.4600 119.2035 118.5994 117.9719 118.2437 113.7465 104.7932 106.1465 108.0700 106.4993 107.4916 106.9982 105.9548 103.6676 102.6531 105.5989 104.7484 109.9413 114.0845 110.4558 101.2163 99.5017 100.3183 99.1744 97.8448 96.1720 94.0566 91.4365 88.4295 85.7943 84.3232 85.0457 87.2528 90.2563 93.0538 95.3850 97.2073 98.6759 99.8863 100.6400
115.3400 111.9984 118.7574 117.6224 116.6430 116.4473 106.6662 101.3342 107.1431 107.2940 106.7551 105.7605 104.2115 104.3727 105.3190 105.6211 107.8074 107.7749 113.2856 113.7966 104.5398 100.6929 101.0632 99.8724 98.5843 97.2306 95.6448 93.7951 91.8458 90.1554 89.3034 89.6682 91.0972 93.0044 94.9151 96.6065 98.0696 99.2855 100.3964 100.7600
109.8000 110.8402 110.0257 115.3629 115.4045 115.6384 109.3907 106.9343 106.7329 109.6548 104.8762 109.5321 106.4747 107.9450 110.7731 109.1517 104.9139 107.3434 111.9474 112.9991 102.2684 101.9699 100.4847 100.1368 99.3524 98.2825 97.0800 95.8431 94.5849 93.5891 93.1048 93.3221 94.1304 95.3121 96.5879 97.8165 98.9322 99.9528 101.0519 99.0600
112.4800 108.7131 112.3578 117.1708 115.9633 114.4407 115.0336 109.1472 107.3669 109.1827 106.0996 107.3703 109.2479 110.7247 111.0128 103.6615 103.4328 103.4199 109.2626 112.3834 104.6085 103.5376 110.9137 101.8935 100.0577 99.2675 98.3883 97.5021 96.6967 96.0690 95.7887 95.9113 96.4031 97.1588 98.0212 98.9319 99.7325 100.6376 100.1780 100.0600
113.6400 111.5358 118.1787 117.2480 112.2161 114.7312 116.6579 107.2037 107.2511 109.3666 106.1873 107.3720 107.0125 109.0594 111.9289 109.6328 107.7943 102.9016 103.4834 110.8147 112.8317 103.9688 102.4235 102.1471 101.0052 100.2371 99.6125 98.8985 98.2540 97.9263 97.7231 97.7991 98.1376 98.6496 99.2067 99.8500 101.1031 99.3560 100.6093 105.6400
110.8100 110.8649 111.2342 111.1202 107.7718 113.1816 109.6391 111.1179 110.5687 108.0744 106.0081 106.6434 108.1872 106.5329 107.8316 105.6540 107.5499 103.8030 104.3968 107.3131 113.5487 108.2978 107.6819 102.0184 99.5049 100.5699 99.9862 99.9746 99.8963 99.3680 99.2410 99.2950 99.4594 99.7603 100.4785 100.5101 99.9491 99.9802 105.1594 108.4600
109.9800 109.1185 109.2723 111.6956 116.0964 116.9714 104.8373 112.9192 102.1108 107.4411 109.5489 106.4927 106.4202 105.1826 106.9224 104.5493 105.8976 108.2711 104.4224 108.4533 109.2207 107.5021 105.2955 108.4196 101.9213 100.7303 106.8061 100.8842 99.3675 100.1720 100.3004 100.3724 100.5493 101.1547 99.6526 99.2735 101.2946 105.6781 111.7750 114.0400
116.9900 110.3434 112.1228 110.6933 118.6735 116.3560 111.0129 110.2302 103.8150 103.9202 108.3690 107.6796 107.0002 105.5865 118.1699 108.7099 105.7458 107.1325 104.9442 106.5913 105.1796 105.5982 104.5707 113.0282 110.4375 101.8443 103.3691 108.0707 108.3756 101.3780 101.3093 103.6065 99.8195 100.0753 100.3667 103.8781 107.7281 113.5468 114.4657 114.2500
114.0500 110.5067 111.4652 112.7825 112.9290 112.2036 111.7824 107.2871 102.3460 107.7066 106.2231 107.7865 111.1341 111.8337 113.8887 104.2455 106.2170 114.1882 108.1371 110.3447 111.7029 109.8990 102.6264 108.7406 114.0014 108.1433 101.1477 105.0785 108.1203 101.5274 102.7837 101.1584 103.6766 105.2726 108.9845 112.6925 114.0875 113.7478 115.0742 114.9100
115.0800 110.9278 112.8799 111.6748 109.4620 111.3852 112.0673 103.2238 109.1006 103.3842 104.4268 107.9414 108.2627 114.2377 107.3692 106.8499 107.4414 107.8495 106.8837 112.6062 111.5996 112.6239 103.9041 103.9607 106.5368 103.4167 107.0320 109.1237 104.3247 102.3140 106.8439 111.4588 112.2402 113.5948 115.1645 114.1885 113.8962 113.5271 112.5139 110.0300
119.8100 112.5329 114.6029 114.9978 114.9447 113.5119 112.2707 105.9243 108.3008 106.2125 101.2683 108.0505 105.5319 114.7828 110.5222 107.8266 108.4463 107.1505 110.8082 109.7442 111.0001 111.5063 112.0401 107.9399 106.2224 105.2026 111.5764 108.2594 108.8185 108.3790 110.1612 115.5511 113.1586 112.6784 110.8034 108.5003 106.8761 108.6729 106.8064 105.9100
111.7400 112.9291 114.0743 113.7518 115.5228 115.0300 110.2352 115.1029 106.8885 104.4101 106.3085 109.3280 110.0829 115.5142 112.3516 108.2843 108.2798 111.1523 108.5803 107.0296 109.8345 106.7061 107.7401 106.7185 109.5058 107.4997 108.1517 112.5902 107.3014 104.2875 104.1111 109.5903 108.0655 106.5154 110.0055 108.4713 106.0429 105.1670 103.1370 104.7900
108.6500 111.1737 109.9438 116.0347 115.0782 115.5299 115.8774 117.4749 110.6512 113.8604 115.3059 111.1703 115.3245 114.1000 107.8816 107.8509 107.3653 113.3468 113.1888 108.2754 106.5638 107.8719 108.7803 107.2409 108.9255 111.4605 113.7291 112.5703 107.2330 109.0563 107.4435 115.0474 103.3882 103.3141 107.3584 116.7778 116.0282 107.3603 109.1726 113.2700
113.9700 114.2296 115.7136 116.7241 112.0498 112.3340 116.1328 119.1747 111.9642 109.2972 109.8802 111.4635 109.9125 107.9943 115.3204 112.6402 113.8923 109.3177 109.6331 107.3992 107.1665 111.1429 110.5255 107.6370 111.3228 106.6933 106.1621 111.4712 104.6407 106.4327 107.0685 110.2843 102.9418 104.6530 112.5264 109.0204 116.5951 108.1070 109.0392 107.4200
115.2200 114.4429 116.2524 112.9181 111.9119 110.6633 114.6902 117.9972 117.4664 107.4402 112.7581 108.8566 107.3958 110.7786 118.0916 114.1484 115.2854 108.0923 108.8996 109.8579 109.3926 107.2764 108.5808 108.3064 107.6180 106.5991 107.4352 104.8490 104.8503 108.3675 107.3689 108.4748 103.4265 106.1975 110.0295 109.4284 115.1546 110.1457 107.0829 105.5800
114.2900 113.9983 118.4494 119.3506 113.7941 110.6670 115.5093 112.0901 108.0029 111.3619 109.0676 109.5689 111.0058 113.5202 108.3650 108.9398 115.1568 107.0990 110.0562 108.4237 106.9602 107.8908 107.6808 109.4912 104.7653 105.3130 106.1637 106.8451 106.4169 106.2286 105.4478 106.2104 104.4544 111.1370 111.1131 118.9492 109.3409 106.1106 112.1345 106.1300
115.3000 114.1718 115.4905 112.3643 113.7427 113.3447 109.7295 108.2092 108.3863 108.6196 106.6405 107.8108 115.5747 108.2877 115.1023 117.0908 108.8102 106.1220 110.5561 107.7203 108.5179 110.2604 111.5213 111.9148 108.1938 107.4928 107.7647 108.4155 116.6327 107.4909 105.8358 106.2884 117.4262 109.4268 111.7083 113.4980 112.3947 111.7234 109.7520 110.7700
113.1900 123.9657 121.7360 113.8032 112.9867 111.5502 108.8634 109.4447 108.1621 107.4470 106.6055 107.6150 109.3665 113.5439 112.4083 111.0218 111.5872 111.7550 110.5118 112.4435 113.4301 109.4280 112.4591 108.2157 108.9605 107.1480 106.3404 107.0400 113.6207 106.2603 112.2487 111.3611 118.2043 110.2419 109.6958 107.4764 113.3788 107.3596 107.5493 110.7700
120.3300 120.2284 120.4204 110.5924 116.4121 110.0415 109.0525 109.8831 108.2542 107.4803 108.8433 113.9712 114.1240 113.7517 108.3162 113.2311 105.1975 108.9155 110.6428 115.5976 113.0200 114.0713 112.5822 107.0160 111.5163 108.5424 106.6060 106.9191 108.4154 107.2058 112.0505 112.8054 110.8277 110.5621 108.7409 109.6457 112.1970 109.2794 107.8112 113.3700
119.9600 119.6687 120.1748 114.7142 109.5629 110.2421 109.3208 109.2988 109.5089 109.5347 112.5410 115.6954 113.6645 110.6280 109.4109 113.0688 112.9915 112.2980 109.3448 113.4747 108.5891 117.7077 116.0119 108.4803 110.3065 106.6811 106.2136 107.8331 108.0312 110.3140 112.5951 112.8520 109.2946 109.1435 109.5478 107.7618 103.4200 107.3357 111.4412 113.3700
124.2100 114.1891 120.4470 111.4409 109.6541 109.2368 109.8790 110.2127 110.9062 111.8898 113.6215 115.7452 112.6458 113.3635 113.3550 109.4125 112.5916 111.9390 111.0367 111.3603 114.0333 113.7658 108.5563 100.9571 108.8180 105.0763 103.1847 101.0829 108.0311 108.5534 108.9617 109.4380 105.1288 105.7171 108.1108 107.5756 108.4974 105.5016 109.7745 103.6900
124.2100 115.5841 119.8718 112.6779 112.2230 111.1183 110.1237 110.1384 109.8578 108.4775 112.0112 117.6452 109.5803 111.7887 114.5873 112.3964 113.1979 113.0406 111.4015 114.7498 114.2681 107.9844 109.9672 103.7147 104.4108 114.3425 115.2046 106.5855 102.9301 109.6446 113.8011 108.4779 104.6916 104.8380 108.1292 109.1670 104.5230 107.2532 107.9994 109.7000
122.1400 121.6490 119.9618 115.6933 112.9822 110.3979 109.4154 109.1082 110.7276 109.2795 109.7241 113.5885 112.5832 115.2158 109.8040 117.1715 113.6605 114.3890 114.7056 114.8295 111.6221 114.1944 117.3333 110.5944 116.0679 113.1659 117.3931 111.3775 109.3140 113.6925 114.4598 109.0978 115.2646 103.2593 104.0991 107.9085 104.5868 105.5671 107.5942 109.4500
117.4200 119.7962 113.1794 111.6813 112.3067 111.2498 111.5418 109.7500 108.6198 109.6205 112.0269 114.9592 114.1197 114.5969 109.9442 109.9768 110.0298 111.4064 113.5456 112.2271 110.9018 114.2244 116.5182 114.9706 114.1651 109.8283 117.3304 110.3428 112.0911 107.3149 115.8112 113.9892 106.6178 104.4509 105.8928 109.3339 109.5941 110.2988 108.4029 108.2200
121.2700 121.2389 114.6851 112.3844 116.4972 111.9826 108.8175 111.0995 110.8695 113.1173 114.9111 120.1887 119.7133 113.3941 115.0023 112.6134 109.9957 112.7277 116.5891 112.0572 114.5272 114.8827 112.1421 110.3929 112.8662 114.7607 116.5728 114.0907 111.9041 112.0267 111.6101 114.2340 109.4417 106.3359 110.9665 110.6076 112.0771 111.1919 109.9619 109.0900
118.2700 119.6275 117.6200 116.2450 114.5421 115.6242 111.2450 110.6344 108.3528 112.6860 117.6537 114.6185 119.4390 112.5809 113.1212 117.0705 111.6019 114.5688 111.0586 112.5111 114.8827 111.9621 110.9022 113.4407 112.1503 113.3029 111.6042 113.5742 110.9053 107.4332 112.6949 111.9196 111.2814 110.2427 114.4676 112.7515 107.9911 108.7859 113.5456 112.7000
118.0000 117.8501 116.5633 115.7656 116.0490 113.6356 109.6820 110.2023 115.0951 112.6288 112.7457 114.5597 117.9567 111.1584 111.0929 109.1054 114.7128 113.8866 110.5624 114.7018 113.7712 114.4159 111.9950 116.7788 108.4451 112.5377 110.6544 115.5094 116.3992 112.7657 114.5157 110.9638 113.7631 112.0130 111.5565 109.2220 110.4117 108.6843 111.6060 109.9900
118.4300 119.5274 119.7482 119.8813 117.7965 116.8446 115.7670 115.8856 119.9917 114.8128 112.7244 109.7139 109.3671 115.3319 112.8925 110.6196 111.4732 111.6075 113.0612 110.9051 111.5827 113.7998 109.5642 108.9480 106.9791 113.5567 114.4242 113.2857 110.8534 113.8980 115.2186 115.8312 117.6594 112.1843 111.9037 110.9078 109.8172 110.3289 110.1582 109.6200
124.6000 120.0985 118.5324 117.0783 116.5291 116.5804 117.2910 117.6882 116.4219 114.3014 113.9015 113.5583 112.0005 113.0513 113.1771 110.8001 112.0836 113.9386 114.2362 112.0586 111.5293 111.1634 111.2887 109.5152 109.0640 114.3641 115.1198 115.9065 112.2293 116.1835 114.4524 112.7441 113.9683 111.8245 112.7949 110.6893 108.6666 111.0344 111.3415 112.1200
124.6000 121.4490 120.5050 120.8834 119.5094 118.2352 114.9510 119.8517 116.9225 115.5244 114.5715 113.3228 116.1289 114.1727 115.1928 112.8588 113.1698 115.8041 116.2708 113.7717 112.6107 111.3432 110.4961 109.3848 110.2244 115.4856 117.1265 117.3815 113.7079 115.1385 117.1025 113.0286 115.8118 109.0907 113.5925 109.5099 109.6138 112.9345 111.4570 110.2800
120.0300 119.1470 120.0549 119.3157 120.0225 118.3293 118.9332 118.8883 116.1114 115.6055 111.4871 110.1772 115.4273 113.2953 114.5968 113.8713 115.4998 114.7761 115.9168 113.3356 113.6194 112.0374 110.5663 111.3817 113.4867 115.1416 117.0576 117.3746 116.2475 117.9041 117.6555 109.2604 116.9982 110.7785 110.2481 111.7504 109.9874 109.6980 110.9760 112.6100
120.3100 120.3115 119.1647 119.6604 119.4332 118.7012 117.2012 118.6313 116.0602 118.3485 116.2318 115.7958 114.4232 114.6001 114.8238 113.8640 112.6120 117.7775 118.3876 117.2749 114.9138 114.2771 111.3061 111.1272 117.2240 116.7844 117.4522 118.0386 112.1206 115.8229 119.3440 113.4399 109.3152 111.8023 112.1336 111.3885 110.1241 109.3334 110.5049 110.5100
121.3300 120.2760 119.3571 119.5974 118.2486 122.2888 116.4677 118.7020 117.4836 117.4245 117.3581 114.5483 116.0304 115.2738 114.4889 114.4338 114.0821 111.6524 115.2002 118.3868 115.6733 113.2471 113.1581 112.5168 118.8066 120.3345 118.4604 116.4342 111.9870 121.2209 121.6232 113.1944 110.9499 111.7622 113.1100 112.6951 112.0432 112.4040 112.3060 113.4700
121.4300 120.3441 121.1651 121.0821 118.3791 119.8611 119.5418 119.3437 119.1496 120.4154 117.7087 117.5363 117.3395 115.0634 114.8773 114.4645 114.4364 113.6028 115.6539 120.4775 118.1538 115.7755 113.6434 114.6955 113.4269 117.0117 114.0055 112.9615 113.8760 113.8421 112.9504 112.6923 114.0293 112.7414 112.6858 112.4401 113.0669 113.3664 110.9681 113.4700
121.3200 121.3200 119.9900 122.0500 118.8600 119.2200 119.2200 118.1200 117.5400 119.8300 116.8100 117.5500 117.3700 116.5100 115.0600 114.5700 114.2100 113.9200 114.8000 114.6800 118.1400 113.9800 115.5500 114.8700 114.8700 116.0000 114.0400 114.7700 114.3000 114.2500 111.9200 114.2000 114.2000 112.9600 112.4300 112.7600 113.8600 112.1100 111.2800 109.7800
