114.5900 111.5900 112.4000 115.1000 111.5900 121.3600 121.1400 120.3700 120.4300 119.9300 119.6800 119.4000 109.9900 108.5000 107.7400 106.4700 103.4300 104.1900 105.5200 106.2900 109.5800 113.9600 109.0900 104.1000 100.5400 100.8800 100.0200 99.1100 98.2400 97.1600 96.0100 94.2400 94.3000 94.2300 96.0500 97.2400 98.2600 99.1400 99.9200 99.9200
112.9300 114.8178 112.8887 111.4042 117.4321 115.2538 116.9435 119.6992 119.9249 120.1306 114.7302 112.6588 107.4706 109.0393 107.6035 105.6263 103.3370 104.8801 105.0085 106.9349 112.3125 114.3981 106.0311 99.3636 101.0197 100.2031 99.2081 98.0739 96.8407 95.5016 94.2001 93.1346 92.6307 92.9237 93.8441 95.0801 96.6666 97.9641 98.8619 99.6500
114.6900 112.3621 112.9333 111.9091 109.2478 114.8637 119.0717 120.0719 120.2220 119.5724 117.6203 111.3414 108.8960 106.5023 106.9664 105.0907 103.0426 105.4764 105.0948 108.6099 113.6719 112.7725 102.7821 99.2044 100.9435 99.5405 98.4065 97.0036 95.3226 93.3763 91.3282 89.5549 88.6940 89.1573 90.7205 92.7682 94.7649 96.5811 98.1325 98.5100
115.7500 120.1433 122.0975 118.9521 119.4033 115.4846 119.0811 114.7105 110.8896 113.1851 113.9446 109.0867 109.6323 105.1809 104.2254 103.8447 102.6459 103.2242 105.3463 110.2552 114.1432 109.6128 100.9407 99.8650 100.3701 99.0791 97.6634 95.9317 93.7237 90.9435 87.7958 85.0192 83.4949 84.4365 86.8587 90.0192 92.9576 95.3098 97.1773 98.2500
109.2100 118.6609 119.6767 118.6491 113.5798 119.7776 116.1157 110.9026 110.0683 108.8795 110.0442 111.4287 110.7020 106.8097 105.7643 102.6931 102.5517 103.6419 105.9179 111.6998 113.8921 107.4181 100.0244 100.4077 99.9227 98.6596 97.0545 94.9901 92.2001 88.5296 84.2190 78.9635 75.4531 77.3410 82.8612 87.2611 91.2021 94.2460 96.5125 98.0400
118.8100 117.9913 117.0329 118.7694 111.9852 115.7010 111.9573 103.2738 106.3159 110.8856 110.4461 109.5006 103.8875 105.9718 104.1509 103.3015 104.6695 103.7948 106.2453 112.5299 113.9162 104.8170 99.6952 100.6346 99.7053 98.3841 96.6580 94.3424 91.1199 86.7129 81.2036 72.1457 68.0004 70.1547 78.8438 85.1691 89.9448 93.5016 96.0506 97.9000
118.4300 112.4589 113.3151 116.8073 114.5386 112.2402 113.1168 110.0570 104.7743 104.7319 108.5206 107.3589 106.4488 107.7549 106.0187 102.5929 107.9352 104.0535 106.6445 112.7764 112.0881 102.4547 100.2633 100.5377 99.6364 98.3052 96.5411 94.1637 90.7876 86.1362 80.1177 69.6451 65.0487 67.5359 77.1707 84.5357 89.5690 93.2826 95.9132 97.8200
111.8400 108.3183 107.0399 116.2829 123.1600 115.7331 115.0366 113.8078 110.6601 105.5573 107.2210 110.0181 105.7193 106.8478 108.0194 109.3789 106.2558 103.2581 106.9492 112.8994 105.8986 100.0910 100.4668 100.5133 99.7596 98.4276 96.7284 94.4656 91.3282 87.0543 81.7656 73.7537 69.4424 71.5221 79.8132 85.5917 90.2054 93.6493 96.1431 97.8900
108.5400 108.0960 115.3823 115.4567 103.3538 116.3919 113.0158 109.9731 110.3786 109.6826 105.5326 112.0780 106.5529 105.4615 104.8504 105.9115 114.5228 104.8854 106.7470 115.0656 108.6224 106.9769 100.5752 100.1866 99.9629 98.7351 97.1861 95.1972 92.5416 89.0696 85.2093 80.8358 77.6885 79.4536 83.8243 87.9125 91.6062 94.4945 96.6165 98.0400
110.5900 107.8259 117.1101 117.5355 113.7405 117.7557 110.5068 109.4769 108.0503 110.4912 107.1331 111.3625 108.4301 106.5004 108.2522 104.2430 117.5584 107.5439 106.4161 115.1820 111.7359 104.7567 99.8199 103.4771 100.1342 99.1831 97.8333 96.1853 94.1080 91.5315 88.7284 86.1540 84.9122 85.6403 87.8644 90.7137 93.4040 95.6287 97.4048 98.2500
109.8000 108.9602 110.3125 112.3055 113.3005 117.2188 106.7480 110.8190 109.7983 109.0669 112.6718 113.7194 116.8879 105.4509 109.3161 104.3803 106.0231 103.3746 103.8178 113.2452 112.3868 106.6004 104.9625 99.4824 100.9531 99.7337 98.6178 97.2705 95.7014 93.8964 92.0587 90.5237 89.7684 90.1891 91.5594 93.3853 95.2035 96.8256 98.2256 99.4100
109.7900 109.5108 110.7287 113.4726 114.2429 113.1343 104.6200 112.1369 102.3835 109.2763 102.7338 105.9795 104.6916 105.7853 104.3567 105.6438 102.8566 108.7753 104.3767 107.9639 108.1533 104.3264 102.5267 101.2834 100.8433 100.4449 99.6083 98.2918 97.1789 96.1150 94.7990 93.8660 93.4373 93.6704 94.4710 95.5965 96.8230 98.0098 99.0878 99.6600
115.6100 111.5317 116.2926 115.2711 117.8962 118.0445 113.7381 113.8742 104.1464 101.2478 112.2071 108.3488 105.5818 106.4753 112.1065 109.7653 106.4329 103.4215 113.7216 104.1779 106.4384 106.3116 106.0444 104.2022 100.9287 100.9937 100.4295 99.8107 98.8951 98.1216 97.0139 96.2736 96.0239 96.1625 96.6454 97.3723 98.2149 99.0845 99.9430 100.6100
115.9100 110.8522 117.6354 115.9224 115.4380 116.6600 116.4881 112.8859 104.8829 107.0399 107.6622 110.2141 107.4541 106.7086 111.1577 106.9637 105.6195 105.4015 106.9533 105.9042 111.7221 109.1576 107.3704 108.1633 100.4900 103.9053 101.2113 100.3491 99.7265 99.1842 98.6159 98.0490 97.9233 97.9958 98.3230 98.8093 99.3926 99.9620 100.7735 100.9700
108.6200 111.1522 118.4399 119.1233 110.8287 116.4876 115.5125 109.2520 107.1628 106.3264 106.2290 109.4527 113.6106 106.0793 110.6355 106.6662 107.5556 110.0017 102.7790 105.5100 106.5526 110.8141 109.2997 110.7083 102.0296 103.5057 101.3341 101.4792 100.5778 100.3710 99.8552 99.4821 99.3444 99.4320 99.6021 100.0531 100.3543 101.9407 102.6383 101.7100
116.0300 117.3766 118.3366 115.9678 114.6622 117.8019 110.3432 113.4491 112.2046 107.0470 109.5785 109.4550 113.7877 112.6233 109.7508 105.4890 106.4377 108.9663 105.7391 112.5280 105.9208 110.1420 110.9708 106.6170 107.5171 105.5377 107.1727 109.4785 103.0564 101.1630 100.7129 100.5212 100.3799 100.3417 100.4244 101.8527 99.1972 102.8142 102.3395 103.5400
116.0300 114.4747 115.7861 110.6356 114.6782 116.2176 115.8025 112.5942 107.9386 105.2519 110.3069 110.3264 112.0629 113.6038 110.7757 109.3199 110.4234 112.4731 108.8617 109.9710 107.8586 111.5466 107.8469 110.8598 110.6353 104.7041 109.8116 108.4871 104.0951 104.5338 103.2496 100.1072 99.9841 99.9930 101.7779 100.0973 100.2580 104.3426 107.9263 108.2200
110.7600 116.5640 113.5344 112.4423 117.8131 109.2904 110.5353 109.3311 109.6733 109.8345 109.9726 107.5196 111.4672 112.4050 114.2537 112.8652 107.2517 110.2418 109.7037 107.2160 106.0474 109.0775 103.2656 107.7002 104.9895 107.0715 112.2442 112.2367 103.2619 105.8011 105.7896 100.8452 104.1729 103.4827 101.2774 107.2201 105.5051 101.7346 106.8423 107.1700
116.0800 117.2843 113.4373 113.1425 114.9812 108.1172 108.8939 109.8596 107.8856 107.0820 108.4513 108.5831 114.3206 114.9560 111.2330 112.8567 105.7811 107.2826 104.9730 106.3452 109.8728 106.8829 103.3757 105.1332 104.5721 107.6560 109.0501 106.4729 105.5409 106.9591 103.2993 105.8304 111.0077 105.4509 105.4155 102.2608 104.3186 104.7150 104.7819 102.7300
117.1200 115.6156 114.2826 112.8662 109.8072 108.9868 109.4838 106.8031 106.1298 108.2919 109.8856 113.4196 111.0845 110.8735 111.9691 112.5323 112.3074 112.8538 106.9481 105.7119 107.7062 108.6029 108.1456 106.8356 105.4111 107.0362 109.8923 106.5809 105.8014 106.0557 102.5669 112.3654 113.9934 106.3461 107.0439 104.2478 104.6012 108.0438 109.5231 106.7200
117.9600 120.4185 110.0306 111.0003 108.2191 108.5979 108.6376 109.0846 109.3462 114.4042 115.4373 116.2476 106.5938 113.3941 109.6719 114.7099 114.7147 107.9965 113.8796 111.5560 112.7158 108.3472 105.9157 109.3300 111.5874 113.8946 111.0762 109.0223 103.4967 106.5608 106.0350 114.7073 105.3144 109.1563 104.2664 103.4597 104.1111 105.3800 106.8034 105.6400
119.9900 120.4649 118.7953 112.8762 109.0055 108.8749 110.4719 107.5754 112.4150 116.4355 116.0757 114.9310 113.7237 111.0831 110.5356 114.9476 114.5808 112.3825 115.8562 115.6405 110.3691 110.9238 113.3893 107.9490 108.7740 112.4642 106.4088 110.4773 109.7881 104.4304 110.6495 108.4328 102.6014 108.4240 104.6004 103.5131 102.6817 103.6242 109.2763 105.1100
121.6400 118.4498 116.5335 110.9142 108.8868 107.9671 109.9573 110.3666 110.9614 117.4887 111.4212 112.0034 110.3642 112.5888 110.3349 116.0198 114.4977 116.1709 113.7032 115.3342 115.5397 107.3019 109.6047 108.1464 108.6612 104.7387 110.8661 109.7027 106.0931 107.3122 102.7360 107.5708 101.8469 104.2380 107.0701 103.3735 103.6475 107.2879 108.5988 105.1100
119.3900 113.2269 110.6820 109.7316 109.3973 109.0111 107.9366 109.1744 107.0616 112.3158 110.0890 113.3952 112.1541 112.0187 109.4505 111.2136 109.5232 111.3604 113.8507 116.1093 112.0088 110.3745 105.9518 105.0841 108.7332 107.1653 111.0108 107.7700 103.4940 110.7014 104.4327 111.1464 104.6334 104.9384 104.8150 105.7083 104.9956 106.1941 105.9678 106.8800
112.5900 113.7617 110.1238 109.9522 108.1941 108.6402 108.1687 108.2638 109.2274 109.0703 113.1391 115.4505 114.3601 110.6739 113.1417 112.4224 110.4278 109.9810 107.8429 114.6119 113.6722 112.3309 110.0782 106.5905 107.6521 109.1877 108.1926 105.7070 107.3138 112.3584 105.3326 106.7668 106.4649 105.7751 106.0266 106.5507 106.7057 106.7835 109.9882 108.4400
115.9300 111.5604 110.4209 109.9333 109.2950 109.1707 108.7720 108.9995 109.3344 109.3040 111.9879 116.4757 115.5396 108.4411 109.3488 112.2395 109.7397 111.3520 108.6587 112.9893 108.8065 114.1577 108.1801 106.4866 108.9399 110.4448 110.1000 106.3491 110.8150 108.0110 107.8588 107.1354 107.2172 107.1872 107.4489 107.5907 107.6511 106.3815 107.7384 110.1800
114.8400 112.9179 111.7404 111.8752 111.4479 109.8375 109.2422 109.4621 109.3406 108.1364 113.6574 113.4188 109.1668 110.3583 105.8578 113.8680 110.7445 110.7526 108.4357 113.2952 108.9744 110.1789 107.7501 108.4162 109.0202 110.6695 112.5414 106.3244 106.9896 108.5806 106.8611 109.1532 107.6694 108.0672 108.1299 108.3961 107.9218 107.3471 108.2636 110.1800
120.0600 113.8105 115.2960 114.0071 112.1296 109.2955 109.7820 108.9055 109.2818 109.6414 112.4364 116.3081 109.4426 109.7652 105.9066 111.3257 112.5665 111.4543 107.3410 108.6281 107.6934 103.9406 113.8892 105.4387 114.9135 113.5845 113.4321 106.1692 107.6827 108.7886 107.4486 108.2015 107.5202 108.5610 108.1538 108.4470 107.3158 108.4660 108.8702 108.0500
115.7000 119.9131 115.3323 110.0817 112.8443 111.7337 110.6683 109.0375 114.4423 108.9504 115.5951 115.1867 110.4900 108.1899 109.7858 112.2215 108.4948 112.3232 113.0779 111.5743 107.0377 106.4432 107.9663 108.8718 114.5128 106.9534 115.1184 110.6021 108.3307 113.7944 108.6038 110.6602 109.3853 108.9746 107.8573 107.9826 109.1785 108.4759 107.6228 108.0500
121.2700 120.1432 113.5520 110.5491 115.7736 110.5745 113.3563 109.5299 112.4047 115.7700 114.9753 109.8361 110.2143 108.6875 115.7852 114.9988 114.0094 113.6128 114.0799 111.8055 109.4445 109.0105 104.5169 107.5329 112.8581 109.7192 113.7661 108.3737 100.2946 107.0872 103.8011 105.5643 105.6268 108.8613 108.3234 107.5044 109.0386 107.5974 112.7236 108.5400
116.7700 120.6085 116.1322 116.6053 114.0667 111.2029 109.6632 111.5716 109.5904 111.7750 111.0706 110.8687 113.2372 111.2018 115.9274 108.6364 111.1708 111.3521 111.2122 108.4029 109.6115 106.6547 105.3353 107.6093 119.5252 109.7758 109.6631 112.5744 105.3409 104.6992 109.9572 104.3369 103.9048 108.3790 108.0651 107.8585 108.0274 107.6036 108.6173 108.5000
117.3400 116.7941 118.7430 115.4203 114.9997 111.8705 110.4866 113.2102 113.2856 110.4754 110.3185 113.1699 109.3508 113.3363 115.6935 110.7127 115.3812 114.1587 110.2861 111.7543 107.8265 107.4629 106.6703 109.6349 116.7843 113.9420 110.9776 111.0747 105.5617 104.0489 114.4999 103.3931 105.1944 105.8253 108.4634 108.9292 108.4384 108.7333 108.6810 108.8200
116.2500 116.7034 116.0811 115.5980 114.3832 113.8541 118.1760 115.4545 113.6345 113.5881 113.3454 110.9335 110.3047 114.9294 113.2843 107.8171 114.1260 110.4680 111.9389 113.0341 110.4369 108.1970 109.7666 112.2244 112.3902 113.7921 112.2801 113.4032 109.0396 105.1116 106.0607 112.0670 104.8685 104.6256 107.9867 109.0935 108.5369 108.8193 109.0870 108.9700
117.2800 117.5388 118.8313 116.8936 114.1781 114.5550 118.0036 115.4802 114.2528 117.1202 114.2392 111.9426 111.6502 115.2484 108.8053 109.8896 106.6114 112.9060 114.3121 114.7130 109.9508 112.5191 115.2114 111.5916 112.0292 110.8561 111.0063 109.3688 108.9379 110.4246 112.4264 109.1330 107.8002 107.7915 108.0903 108.6146 108.7442 109.1582 109.3885 109.4200
118.2400 118.2187 117.8756 115.1429 114.3123 117.1274 120.7080 117.5432 116.5940 115.9693 112.0212 113.0166 112.4653 109.1997 110.8444 108.7346 112.2945 118.9390 111.0429 111.4625 109.3224 112.7155 113.8094 116.0130 111.9153 110.4658 109.4973 111.4427 107.0182 109.4711 107.5054 107.5213 106.1535 109.0725 109.0076 109.8897 108.3477 109.2075 109.4046 109.3500
118.0000 117.4573 116.8357 117.0460 116.6412 118.5035 119.7778 120.8035 115.7361 117.3638 110.8699 113.7269 112.8843 111.8058 111.7988 111.0070 111.7938 111.6555 109.3969 108.6951 109.3502 113.4813 108.4803 109.8888 106.7392 108.0077 108.2942 111.0938 106.6348 108.7557 108.6616 109.3535 106.7721 107.3667 108.8908 109.2575 109.2432 109.4986 109.2401 109.6600
120.4400 118.8262 118.0339 118.2649 117.1379 120.0085 118.7505 117.5822 114.1316 115.6949 110.7020 111.5554 112.4932 112.2420 112.0524 110.5621 112.1789 112.9324 109.8019 110.0834 110.8549 110.6898 109.4463 108.5476 108.1306 108.4935 108.4614 107.1672 108.3680 107.6064 108.9358 108.9713 107.9690 109.8750 107.8929 108.9543 108.4294 109.6203 109.2416 109.8700
120.4400 119.1225 119.0147 117.2774 119.7525 122.8535 117.0170 117.3881 115.9967 114.7289 114.6645 111.6226 113.0507 114.0059 113.6631 112.7179 111.8439 110.7561 111.6875 111.5458 110.4763 113.8694 111.8226 109.9248 108.8363 110.1261 108.9145 108.3179 109.1785 108.4024 109.6260 108.6316 108.6025 109.2144 109.1590 109.1636 109.3223 109.6446 111.5391 110.3500
121.5200 119.0149 119.6623 118.0910 118.8771 118.3592 117.0732 117.4870 117.0642 114.7999 114.6280 113.8200 113.7263 114.5519 114.6224 115.7390 115.0321 114.7073 112.3805 112.7881 115.2264 113.9197 113.5775 110.1462 110.2130 111.0834 109.8818 109.9133 109.3781 109.5786 108.5543 109.3724 110.4138 110.9374 109.0748 110.0864 110.2264 109.8725 112.5334 109.7200
120.2200 119.4600 121.1300 118.5000 118.5000 118.1800 116.8200 118.0400 116.3500 114.5000 114.6600 113.6300 114.5200 114.5800 114.4600 114.3100 113.8400 113.8400 114.9700 111.9200 117.8600 110.9300 111.0600 111.0600 110.4200 111.3600 110.3800 111.8700 109.8800 110.0200 109.1700 109.1600 111.1100 110.1100 108.6900 109.9700 112.2300 110.7300 110.7300 110.5700
