114.3700 111.5800 110.6500 112.3700 109.5900 110.4400 117.4800 121.0200 120.7900 117.2800 120.0700 114.8200 112.8300 111.0500 110.5000 108.9000 104.0000 102.8100 103.5000 103.4200 104.6100 106.4300 109.5000 113.9600 104.9200 103.9700 100.2600 99.3700 100.7500 100.8700 100.2500 99.3400 99.3600 99.3400 100.2500 100.1100 100.8600 100.8600 101.6300 101.6300
115.5400 118.6977 114.4699 115.2947 113.1205 118.1711 120.7786 113.7628 120.7774 119.6593 117.9149 114.6489 109.3045 111.7440 109.9761 107.6471 105.5369 103.0393 103.1361 103.6497 105.4756 109.4678 113.9246 113.3942 104.8621 100.4180 101.4565 100.5088 100.3493 99.7368 99.3341 99.0423 98.9094 98.9822 99.2309 99.6126 100.1450 100.7034 101.1015 101.1100
112.1300 113.9239 117.1561 115.6474 114.1369 116.9816 117.2140 120.8914 120.6059 119.8310 120.1370 113.2210 111.1067 108.4415 107.4917 106.5952 104.5416 103.4995 103.0406 104.6920 107.2684 113.4579 113.8209 107.4708 101.1547 99.3864 100.7581 99.9727 99.2266 98.5672 97.9687 97.5402 97.3624 97.4584 97.8169 98.3729 99.0278 99.7469 100.4832 100.9000
110.9900 115.5663 121.2320 117.4792 110.6913 114.7710 121.8869 117.5033 111.2035 112.4860 115.0087 111.7459 110.4371 107.9769 104.5222 104.2319 104.0682 102.3775 103.5788 105.7272 109.9614 115.1036 109.9832 102.3867 99.8857 100.5650 99.9154 99.0260 98.0746 97.1124 96.2320 95.5752 95.2772 95.4475 96.0081 96.8332 97.7844 98.7423 99.6480 99.7100
110.5700 117.7098 114.7232 113.7938 109.1691 113.4772 109.9197 112.8549 111.7615 109.4347 112.5491 109.6720 112.2757 108.1929 107.3400 107.3582 103.3568 102.7633 104.3264 106.9783 112.5125 114.6631 105.7294 99.3828 101.0724 100.0922 99.1289 97.9909 96.7203 95.3356 93.9856 92.9050 92.3869 92.6785 93.6194 94.9368 96.3066 97.6284 98.8093 99.7100
117.0700 112.6282 114.9376 112.8087 110.9414 114.7816 107.6448 104.9267 109.9980 112.5938 111.3618 107.4170 108.7704 108.1529 106.6323 106.4288 104.0491 103.3565 105.4177 108.9191 114.7063 110.7160 102.6058 99.2693 100.9236 99.4763 98.3491 96.9081 95.1925 93.1933 91.0484 89.1944 88.3093 88.7938 90.4354 92.5533 94.6235 96.4314 97.9429 98.3100
110.6900 107.0254 113.9005 110.6643 110.1830 116.0571 112.7547 106.7245 104.9845 110.3694 106.6441 107.8637 107.9893 110.4938 106.9589 105.5961 108.0139 103.2131 106.2054 111.8555 109.5644 102.0028 101.0442 99.9608 100.3377 99.0408 97.6089 95.8454 93.5841 90.7356 87.4657 84.5799 82.9858 83.9113 86.5219 89.7857 92.7953 95.2294 97.1271 98.0900
114.4100 111.7447 108.9174 110.0322 116.0889 109.8786 116.3185 111.3956 105.9167 109.0366 107.5584 107.6384 104.9424 104.1059 105.1555 105.3815 106.3627 108.3663 105.9661 113.8679 107.5360 104.0561 100.0953 100.4259 99.9035 98.6270 97.0161 94.9264 92.0918 88.3434 83.9586 78.3569 74.7038 76.8323 82.5297 87.0461 91.0771 94.1755 96.4588 97.9300
109.9300 111.0004 108.7182 111.7846 110.5766 111.7926 113.1683 111.6167 108.5176 109.6581 108.8276 109.9837 111.3045 105.9181 106.8243 106.1493 104.6016 104.7664 104.7428 111.5960 111.9477 104.3403 101.3461 100.7455 99.6889 98.3699 96.6332 94.3154 91.0665 86.6115 81.0298 71.6935 67.2087 69.8250 78.6018 85.0616 89.8873 93.4619 96.0290 97.8300
110.8400 110.1418 109.0671 110.0849 110.9095 108.3445 110.4077 109.1530 109.9302 107.0603 106.6032 111.8434 113.2542 113.3116 105.5340 105.1075 104.1937 102.9600 104.5965 108.7538 112.5327 101.6144 100.6664 101.1240 99.6573 98.2968 96.5510 94.1619 90.7990 86.1566 80.1604 69.6015 64.8963 67.5881 77.1974 84.5681 89.5838 93.2922 95.9245 97.8100
120.2500 119.7149 110.1304 120.3189 113.7778 116.9519 108.2731 107.0931 106.1916 107.9171 108.2239 105.3022 111.5446 107.8881 107.8975 103.7610 104.0322 107.3082 102.7183 111.5369 109.1782 104.8453 100.3084 100.7497 99.7777 98.5319 96.7513 94.5221 91.4062 87.1994 82.0273 74.4022 70.0039 72.2059 80.1504 85.7469 90.2907 93.6989 96.1696 97.8700
108.1900 108.1622 116.1555 118.0290 118.5972 116.0534 108.3269 114.1073 105.2456 108.2154 109.7761 112.9343 105.3685 104.6638 113.8166 109.8670 108.5740 107.2571 105.4762 106.3908 106.1001 105.7529 109.4757 102.9522 99.8763 99.0060 97.3707 95.3187 92.7256 89.2977 85.2992 80.9736 78.3902 80.0430 84.1653 88.1431 91.7579 94.5836 96.7144 98.0000
108.1500 111.9657 117.9567 118.3680 118.0639 118.4786 114.4002 114.7963 106.0093 109.8347 117.5485 113.1661 106.3193 113.7517 112.6119 107.7803 108.3711 106.8419 107.1479 103.5109 105.2157 102.0048 103.9809 107.1037 99.8639 99.3811 98.4051 97.0728 95.7968 92.5595 89.2855 86.5141 85.3654 86.0617 88.1866 90.9589 93.5614 95.7280 97.4818 98.2000
111.0500 114.0350 110.7238 116.4530 114.7024 119.1585 117.8656 117.5678 111.4648 114.6601 109.5804 112.2839 111.6798 106.7283 112.7392 107.2635 106.8740 103.4633 104.3027 104.0136 106.3936 103.3571 104.0170 101.8531 100.9073 99.8939 99.2246 97.6478 96.2853 94.8063 92.7981 90.8282 90.1238 90.5209 91.7741 93.6207 95.4694 97.0410 98.4864 99.7400
111.0100 117.6419 110.6695 115.2905 113.4114 114.9702 112.1202 107.4534 111.1093 103.0882 103.1734 109.3649 108.1747 110.0668 112.3258 107.2854 106.4179 108.4013 101.7889 105.8571 105.2668 105.0743 103.2631 102.1492 101.4097 100.8275 99.5372 98.5225 97.7828 96.5475 95.1658 94.0681 93.6791 93.9059 94.6900 96.0787 97.3663 98.4866 99.5544 99.7400
117.3300 116.9518 110.7830 114.7775 112.1267 111.3331 107.3057 108.1720 109.0886 106.3464 102.8800 110.7893 108.7996 113.0026 112.1640 107.1733 108.2833 110.7333 104.5634 106.0711 105.9520 103.6688 105.0920 103.3709 102.5077 101.0586 100.4869 99.4706 99.1197 98.3027 97.2476 96.6635 96.1891 96.3325 96.7734 97.5010 98.3699 99.1817 100.0223 100.9100
118.1000 116.6596 112.0455 111.9012 111.3206 114.7342 106.7866 108.2963 107.7508 105.6112 105.9545 108.4550 108.3625 113.3875 112.7437 109.7074 108.3180 105.4905 106.3926 107.7128 106.6467 104.7486 105.0132 103.8991 105.4837 103.0490 101.1485 100.3676 100.1427 99.7816 98.9216 98.1618 98.0410 98.1221 98.5541 99.0753 99.5752 100.2811 100.9431 107.9100
117.4200 116.6421 114.5382 112.0465 109.2680 108.2307 109.8876 108.9647 107.0664 107.8414 109.4760 109.2505 113.9196 113.4769 111.1536 108.6332 111.0224 107.9683 109.2078 111.2878 106.8241 105.6334 103.1667 105.0735 103.9429 104.7083 102.6583 101.2605 100.9283 100.6323 100.2211 99.7006 99.3723 99.4482 99.9643 100.5615 100.8217 101.3049 101.8886 107.9100
117.5500 115.2302 109.0076 109.3832 108.4521 108.1765 107.3154 109.4952 106.5976 105.7112 113.2786 113.2160 111.6315 109.3940 113.7746 112.7159 111.6301 108.5388 107.0797 109.1800 105.7609 105.2802 104.9405 104.1860 102.4956 103.6915 104.4098 102.9929 101.7291 101.3715 101.2634 100.7716 101.3411 101.2821 101.2338 101.1736 101.4908 102.5287 101.6867 103.7700
117.3800 116.3606 112.6880 108.2434 109.0120 109.1752 106.0927 106.4726 110.9688 111.3693 107.9813 113.2754 109.4894 111.1620 114.9326 110.6447 110.9216 111.5002 110.8851 105.9064 105.5040 105.7904 105.8847 104.7453 104.5185 101.7303 103.2843 103.5974 102.5729 101.9277 102.7408 103.3358 103.7756 104.7812 98.0127 110.5828 103.6317 105.0718 103.2826 110.6600
118.1900 118.5783 108.3361 108.3688 108.0471 108.9023 108.5604 108.9575 108.7470 109.6157 110.0952 112.3613 107.4701 115.1039 109.3997 108.8898 109.0959 111.7680 107.8669 107.3876 107.6156 108.6692 107.6793 106.0139 108.7178 102.6006 104.0650 104.3282 103.1331 107.2590 105.4686 105.1715 105.3463 103.6081 96.5941 98.6508 100.3837 102.8739 103.3633 102.8400
114.8200 114.4446 111.0292 110.1925 108.0226 108.6521 107.9681 106.3193 109.5404 112.1928 115.2966 112.0015 117.4304 112.2644 112.0078 114.9655 113.4592 108.0602 112.9248 112.3774 108.3660 105.1674 102.8537 103.7387 105.1514 105.6739 103.9897 104.1551 104.3325 109.7439 105.9724 104.7765 104.6995 97.0194 103.9755 99.9752 101.8236 102.6317 108.3503 109.2100
117.7500 113.4802 112.4768 110.2680 109.2251 107.3244 108.5791 107.0733 108.9838 111.9950 113.4804 116.3604 113.5143 113.4553 114.2496 114.2842 112.6764 111.6318 113.1135 112.0893 113.1042 104.4209 106.0332 110.0659 106.2634 102.3001 104.7230 104.3710 103.8797 108.3958 101.0538 101.1309 100.7991 101.9119 104.9693 99.5642 100.1028 105.5237 104.2842 109.6600
115.4700 112.4525 110.4660 108.4383 109.7303 109.7112 108.6861 106.9812 107.5486 107.1285 114.5662 112.7754 110.8180 111.0553 107.4817 114.8622 107.8773 108.5825 111.8672 110.1681 110.7309 110.1671 104.4200 107.3402 104.5758 105.8100 106.6420 104.4704 109.0540 104.1511 102.0099 108.3993 101.5054 102.0841 102.4641 102.9233 102.6187 103.6397 105.5589 111.8000
112.9700 112.2395 111.4901 113.0302 112.2690 110.7454 108.0147 109.9678 109.3343 107.4968 111.4599 113.9877 112.4537 110.7317 104.6261 106.2264 112.0526 113.0757 107.2322 109.0434 110.4901 112.4758 106.1906 105.6442 107.6735 105.2091 105.2010 104.3433 105.4111 105.7541 102.1135 102.6498 101.8018 102.0394 103.1409 103.2891 103.3094 104.2539 105.8431 111.8000
112.9700 108.3381 113.2425 113.2486 110.4217 108.5133 109.0354 109.1325 107.8551 109.4275 107.5642 113.7460 110.9524 108.1426 109.3963 108.0024 108.6980 111.2082 108.3221 112.9942 114.7080 112.9034 103.8714 102.7839 106.2515 106.3274 104.0572 107.4736 107.3675 106.4446 104.8091 106.1912 102.7186 103.9422 105.8553 105.8381 106.7907 105.4345 106.3340 107.1100
114.9200 113.0329 110.2410 111.1572 112.8952 108.9351 109.7418 110.4382 110.1056 110.5179 107.1321 110.2248 109.2456 108.7626 110.5197 111.6735 105.4745 103.4502 108.9652 114.8475 113.6946 109.1175 105.6377 105.1771 107.2462 108.2535 107.5031 109.7238 106.5646 105.4084 105.9051 106.0349 105.7537 105.6100 106.8079 106.8127 106.0752 105.6708 106.6809 107.9800
113.7200 113.9823 111.8038 113.1346 113.9709 108.1508 108.3628 110.3528 110.4321 109.4716 109.0957 108.0801 108.7047 112.0484 110.3569 109.5777 109.2375 107.8949 106.4788 117.5087 112.9441 112.0639 109.6793 112.1809 108.7594 110.8832 106.5601 108.6959 106.0411 106.8882 106.9294 106.9892 107.4387 106.1166 106.5216 107.0249 106.6387 105.6194 106.0836 106.9300
113.3800 114.1055 112.6869 111.1101 113.5406 109.2568 109.0731 109.4532 110.3816 109.0746 112.6115 112.0457 110.8272 109.2725 110.1724 111.2724 108.1282 109.5504 110.1988 111.4380 108.8604 113.5306 114.1069 112.2394 110.3808 106.0249 108.2424 109.3837 106.7149 111.1447 106.3733 106.8724 106.7062 106.2456 107.2882 107.5841 106.9752 107.1502 108.4137 107.6000
116.0400 119.8389 111.4379 112.1269 118.7768 108.8834 112.0294 110.7459 111.6952 114.3382 114.9042 109.7093 109.6562 112.7165 113.2665 111.3223 108.4014 110.7674 110.8806 111.0755 107.7938 111.9880 116.3344 117.5344 110.7217 108.8728 112.7565 111.2001 111.9738 110.4448 106.5955 110.4542 107.9419 106.7643 106.9068 108.2494 107.2506 107.5598 107.6477 107.5400
120.8500 116.7996 116.1908 114.1073 111.3562 110.7918 109.6443 111.7423 109.2020 114.1314 113.5610 109.5528 108.2755 109.6784 112.3528 105.5730 105.8570 109.5893 111.8514 113.6067 108.4921 109.9287 110.1917 107.6890 110.8585 107.5770 108.1932 110.7308 113.7109 108.0369 109.4755 109.6969 108.4347 107.3004 107.9328 108.5368 108.1542 107.3997 107.4822 107.5400
118.4900 115.7437 113.3274 119.3590 112.2073 112.1494 109.7139 115.0073 116.7826 112.2133 110.2117 112.7933 110.9668 105.6603 114.4065 106.9192 108.6009 106.6817 107.8240 105.6867 106.1704 110.4809 111.1699 104.9055 109.8394 111.1391 111.8452 106.8502 105.4449 109.5380 111.9107 108.8797 109.4283 108.4678 108.6501 108.5478 107.6283 108.0202 107.7286 107.7100
115.5700 117.2868 114.6068 114.3135 114.2451 113.2126 115.9060 118.5019 116.5180 111.4768 113.2302 111.5412 110.4047 109.2445 108.4214 107.6266 106.7508 109.2982 109.1127 105.2320 109.4451 112.0097 111.4951 108.1021 109.5630 109.6882 106.5318 107.4683 104.5531 102.8960 108.1741 110.3075 104.5000 104.7188 107.3441 107.6827 107.7683 107.7313 108.0090 108.1600
115.5300 115.7332 116.2976 115.4843 113.4519 111.6052 118.2273 118.2749 115.2637 116.6810 113.4297 112.1380 110.8252 108.7781 109.1612 108.7997 108.1570 110.0250 110.6398 107.6950 105.2774 110.5724 109.3718 109.8507 106.3598 107.3773 108.7205 107.5944 109.9547 105.2454 109.4631 104.0643 107.1629 105.7148 106.8391 108.3014 108.1519 108.2965 108.3713 108.4900
117.7500 116.8634 114.9008 115.0568 114.0364 114.6569 117.9615 119.5544 112.8461 115.2125 112.0426 109.2457 110.2717 109.7603 112.0069 110.8908 111.7313 109.5050 110.0047 109.4210 106.8273 111.1845 112.1556 107.2127 106.8649 106.6964 105.9055 106.2928 103.5580 106.0321 107.8083 107.1766 104.9486 108.7762 108.9823 108.5646 108.1501 108.3411 108.8567 109.1300
116.7600 115.8768 117.0388 114.3112 113.7484 115.6596 117.3670 116.8767 114.4363 114.8949 109.8948 110.3894 109.8459 108.9412 112.4814 110.0839 111.2226 108.0080 109.1391 109.9064 109.4850 114.3990 111.1654 104.6544 107.9316 107.2353 104.9269 104.7677 105.4242 104.2885 107.5655 105.7214 105.5970 108.6834 108.6871 108.8331 109.1006 108.7138 109.2240 109.4400
116.7300 115.9494 116.6349 114.9571 114.1802 116.7318 113.3788 111.2292 112.2180 113.1970 112.1870 111.8214 111.4810 111.1928 110.2600 109.0233 110.3808 112.1365 110.9678 111.1783 112.6651 107.4659 107.7654 105.6417 106.2597 105.9275 105.9376 107.3112 106.6270 105.1389 109.3983 106.1143 108.7045 109.1036 106.7501 108.6211 107.6578 109.2164 109.0892 109.3100
117.9100 118.0439 118.1282 115.9125 115.4226 116.1453 114.1252 115.7284 115.4420 114.0151 114.0212 111.7162 113.7363 112.2843 111.9183 109.7413 110.1490 113.5409 113.0305 113.2511 111.5730 109.4149 107.6578 107.0073 107.5957 106.8263 107.4704 108.3828 107.6699 106.0857 106.7734 106.6589 106.3893 106.7521 107.6213 108.2829 107.5290 109.6374 108.0608 109.4200
118.0300 117.8656 116.9064 115.8594 115.1998 117.0742 115.3042 116.8969 116.0613 116.1506 112.7866 112.6825 112.3196 113.6463 112.1214 111.8532 110.4655 112.6259 111.6898 114.1787 112.5646 116.1438 109.4928 109.5281 108.8789 110.3795 108.3561 108.7937 108.6767 107.0720 111.2219 107.9360 107.4395 108.0208 108.5829 108.5607 108.8533 108.6899 109.9597 109.7500
118.0300 117.7400 116.6200 116.1500 116.6600 116.6600 116.0600 117.9500 114.2800 114.1100 112.7900 112.8500 111.2100 111.2100 110.7600 111.4800 110.4700 110.0200 108.1600 113.3000 111.5300 112.0100 110.6000 110.6000 108.5500 108.2000 108.3900 109.3500 109.3500 107.4700 113.0200 108.8300 108.0600 108.0600 109.5700 108.9800 108.6000 109.7200 110.1700 109.7500
