110.8600 111.7300 112.2000 111.9300 109.0200 108.9200 111.4000 112.7600 113.0200 114.5600 113.5600 111.2500 111.3700 111.5600 108.4500 108.6400 114.0200 114.0800 113.1600 113.1700 113.6100 113.7900 114.3000 114.4100 115.0500 113.2400 115.9300 115.9300 114.5000 108.9200 108.9200 114.1300 114.2800 113.5600 114.0800 114.1600 111.0800 111.2500 113.2900 113.2400
110.5900 111.2214 111.5904 111.6573 110.6836 111.6546 112.1620 110.6719 112.2774 110.1403 112.7789 112.5933 112.2294 111.2753 110.8607 111.1945 112.3447 114.3713 113.8738 114.5088 113.7898 114.2903 113.6701 114.3097 114.4830 115.2426 115.5652 114.8287 109.2169 110.6561 108.2776 113.6691 112.7904 112.4984 112.6896 112.5855 110.4018 110.7512 113.0241 113.2400
109.9400 110.7208 109.3764 111.6393 110.0256 112.5852 112.6618 111.4822 109.9103 111.1739 109.9888 111.5842 111.7598 112.4590 114.0813 110.3524 111.5137 110.0297 114.1754 108.9035 111.1895 112.7155 108.0394 112.2944 114.6586 114.6016 114.3027 114.4438 108.7966 108.4554 108.0339 110.1428 111.5085 111.1753 110.8426 110.7173 110.3028 109.6269 110.9137 111.4000
111.9500 109.9522 113.3042 110.9194 109.6397 110.7348 110.0352 109.7443 108.9753 108.5287 111.3428 112.8609 111.5771 112.3107 117.8959 110.8052 111.9675 114.1330 109.8568 109.1832 109.2336 108.9450 109.2804 110.4322 113.5097 112.2548 112.9580 112.6014 111.7357 107.9175 107.9177 108.3753 109.4566 108.1968 107.1477 108.7815 108.9496 109.1707 109.0040 109.7600
112.6900 113.2781 112.1063 110.8628 109.9001 110.2295 111.0227 112.3069 108.6259 108.3794 108.8875 109.3627 109.4434 109.3785 107.7324 116.1925 113.0843 114.1382 112.6676 109.1467 108.7927 109.0844 109.0133 108.8722 108.4783 108.4671 111.7133 109.5509 110.8199 107.5086 107.4666 107.2574 106.9564 106.8169 106.9085 106.6511 107.1069 107.1979 107.2807 106.6100
118.8400 111.9102 112.3624 111.8610 110.7049 110.6241 108.6823 115.2390 109.5273 109.0714 110.8576 110.0043 110.0181 108.5424 110.2587 113.1227 116.0394 113.2933 114.8088 111.2678 109.1392 108.8991 108.6846 108.0763 108.5263 108.0560 108.2283 107.3682 108.0210 108.2038 106.8720 106.6890 106.5072 106.3172 106.1065 106.0208 105.9719 105.6015 105.6041 105.1800
109.7200 109.4261 112.3404 112.0350 110.7671 111.7785 110.8292 112.4565 115.0027 114.2157 109.8417 110.5870 109.4690 108.1476 110.1460 113.2479 114.0190 116.3917 115.1529 115.0184 108.3050 108.8587 108.3740 108.3701 108.1727 107.9612 107.7310 107.7810 106.9262 106.5896 106.3442 106.0066 105.6711 105.4909 105.3952 105.2925 105.3214 104.5056 105.0004 105.7200
110.3700 111.2412 110.1544 111.5037 108.5847 111.4816 112.7524 112.0576 110.2564 115.0364 111.8130 110.5185 108.8886 110.6065 108.3585 109.9390 113.2636 113.1637 114.1540 116.2261 112.4899 107.6781 108.2117 108.0531 107.9874 107.8396 107.0582 106.8820 106.2741 105.9362 105.5863 105.2675 105.2439 105.3956 105.3051 105.3135 105.2498 105.1962 105.1623 104.8000
111.6400 111.9860 110.5190 111.5404 115.8928 110.3784 110.9765 109.3876 110.8518 109.7054 110.2527 110.4681 112.6490 111.6689 111.0294 108.8110 108.5649 111.3477 112.5532 110.0883 115.0414 108.0065 107.8033 107.9244 107.9300 107.5959 106.6576 106.3685 105.8264 105.2889 105.1875 105.1922 105.2198 104.4132 105.1717 104.6614 104.7112 104.6899 104.4187 103.9200
111.6400 110.5965 112.5276 111.8580 115.2661 110.2687 113.5219 110.9499 112.3645 111.5128 112.3576 108.6881 110.0445 109.1307 111.7638 108.8416 108.1095 108.7752 108.7667 109.6700 110.6343 110.2338 108.9876 107.7330 107.7026 107.2486 106.9757 105.6321 105.4239 105.2118 105.2518 105.2884 105.4301 105.3838 104.7847 105.4103 104.9382 104.6379 103.8051 102.8300
110.5600 110.4175 110.6955 111.1996 109.2917 110.2997 115.0687 112.9528 112.0763 111.9285 109.0142 111.8024 111.4654 109.3772 109.4937 109.9308 107.8809 109.2940 107.6871 108.6830 109.9933 107.8809 108.3324 109.9719 106.9282 106.8584 105.7971 105.1650 105.2084 105.2624 105.3292 105.4242 105.3832 104.7759 107.2084 104.9899 104.8826 104.7193 104.3785 103.8000
109.6700 109.2867 114.1292 113.0570 109.8075 110.8645 111.2151 110.3526 110.1328 108.5343 109.2642 110.8518 108.8890 111.2257 108.1227 109.6348 107.9876 109.6867 112.8917 108.1799 107.8238 107.7893 107.0061 106.9692 106.8636 106.5575 105.6358 105.7258 105.9021 106.0256 105.6196 104.7314 104.7594 104.5105 103.4637 104.1818 104.3218 103.8071 106.4944 108.9900
109.6400 109.7979 112.9470 112.0065 110.5713 109.9998 109.9131 109.9995 110.6523 109.0519 109.4830 108.3156 110.8334 108.8140 106.8995 110.8348 106.9128 105.5451 113.1126 110.0655 110.4795 107.8995 106.7956 106.9061 106.6680 106.6207 105.5468 104.8741 105.4193 105.5314 105.1679 104.7185 104.3309 102.3666 102.4036 103.9224 103.1264 102.0298 101.9389 103.1500
110.3100 110.8345 112.3503 111.9047 112.6982 109.8411 113.6065 111.8996 114.2809 108.0489 108.0616 106.0236 108.4735 108.2944 107.3709 110.2363 108.9760 112.1576 107.6366 108.9281 109.4238 110.5750 106.2955 106.9041 105.4123 104.9981 105.0283 104.3312 105.3193 104.8371 104.5750 103.8680 103.5430 103.2715 102.0642 102.6408 100.7141 100.9043 100.8793 101.2600
115.3600 113.8063 111.6499 109.4860 110.9650 108.5362 115.7927 116.9670 113.1369 108.6705 107.1887 108.7484 108.6084 108.3217 107.7410 104.6809 109.7366 108.1864 108.0304 113.1158 107.3943 107.4971 106.6896 106.1649 105.7261 105.0925 104.7885 105.0920 103.2677 104.5200 104.0594 101.7313 101.1460 100.7721 100.3228 100.0060 99.7212 99.7765 99.8898 100.5800
115.2700 114.5493 112.0048 110.8260 111.5904 109.7427 113.3036 113.1740 111.3035 109.2068 107.3832 108.9851 108.2184 108.2761 107.7965 108.0853 110.1265 108.7325 107.6276 106.8056 107.5146 106.4651 106.3328 105.7475 105.4610 104.7002 105.5024 105.1594 103.7197 104.7623 102.0706 101.2196 100.4479 99.8006 99.6817 99.2972 98.7723 98.3015 98.4729 98.1700
109.3500 114.6786 111.9801 112.1530 112.3499 110.9122 108.5276 107.8394 108.7234 108.6846 107.8720 109.6125 109.1964 108.2201 108.7435 108.9006 108.4153 108.7321 107.5713 106.8208 106.4760 106.9914 107.9479 106.0587 105.8319 104.6580 104.4070 104.8077 104.5181 103.0144 101.4442 100.2623 99.6397 98.6499 98.5075 98.2681 97.5373 97.3719 97.5237 97.5300
112.4100 112.4094 111.5109 112.9716 111.0128 109.9429 108.4538 109.9093 110.8080 108.8524 109.3440 109.6997 107.7788 108.4787 108.2461 108.2134 108.6893 108.2431 107.8379 106.8884 105.5147 107.3358 102.6420 104.8907 105.3201 106.1156 104.1634 102.8137 102.3827 101.3785 100.8075 99.5085 100.3057 97.9575 97.2645 96.1850 96.4123 95.4037 95.6767 95.2100
112.5400 112.2032 112.4715 112.2658 113.4762 111.6079 110.5282 109.4174 109.3318 106.5672 107.0964 108.1015 107.2577 107.8201 114.0955 113.3383 108.2606 108.0430 107.7046 106.7341 105.9763 106.9984 105.4486 104.9024 106.3160 101.1134 100.4794 102.6983 101.7738 101.1697 100.1343 98.7140 95.7253 93.2148 104.3805 97.8832 95.9310 93.8066 92.9235 94.3700
113.8600 112.7863 113.3458 112.7744 112.0143 111.4728 110.2311 111.0386 108.6288 105.8913 108.2356 108.1194 106.1706 107.6374 109.0123 112.9283 111.6162 109.2782 112.8346 106.4750 106.0796 107.3154 105.8443 104.9240 106.0772 103.7553 101.7617 103.1534 102.0231 100.5709 99.1859 100.1202 87.6573 105.6526 105.3237 102.7368 102.8515 91.5181 92.2884 91.8800
113.2700 111.3088 108.5166 108.7257 110.9226 110.1221 110.1380 110.4697 109.8723 105.6257 105.0981 107.7953 108.9735 109.4821 105.9602 110.2682 108.4482 108.4417 106.5791 107.6504 106.4317 102.1670 102.3597 103.8817 104.4504 103.8780 102.9144 102.5526 101.0793 100.2631 100.2679 90.5033 90.5565 100.8820 100.7871 99.9761 97.7678 84.8951 87.3992 86.0500
111.8200 111.8143 110.9756 109.6811 107.5616 111.6254 111.7186 110.0360 109.5554 110.1269 106.5655 107.7700 109.4975 109.7290 107.5087 108.9906 108.0211 111.8507 113.1028 109.6672 106.8628 103.4908 102.9419 104.3481 99.3378 103.1956 104.9438 101.0557 100.3375 98.3763 96.9279 89.5031 104.3487 94.4429 102.2689 97.9862 79.2133 68.2837 75.8294 84.6200
112.4600 112.4009 113.0869 110.9502 109.2819 108.7204 111.3652 111.2481 109.0897 109.3177 107.9842 109.1430 108.9451 109.1626 106.2976 113.8611 117.1341 115.4792 115.5737 115.0877 108.1252 114.3645 113.1550 106.5896 105.9213 103.7005 105.9946 94.4052 93.6202 91.3617 98.3693 90.6487 107.6881 104.3345 100.2697 95.3272 86.5370 75.5668 71.6915 72.2500
114.2000 113.7869 112.2631 112.6323 113.3375 109.4141 109.7209 110.7105 108.7314 109.0024 108.9420 109.3019 110.3161 109.4806 107.9589 115.0102 112.4861 114.4668 113.4306 110.7468 109.6419 110.0645 109.9575 105.2853 105.9770 110.7150 104.3492 95.3384 93.9452 91.2051 97.1602 90.2313 108.1519 103.9356 101.0043 95.8764 86.5040 74.0190 70.0751 83.0700
116.0900 112.6769 112.3440 109.8125 113.8975 111.9869 109.1252 107.5554 111.0120 108.5788 109.0538 109.2509 107.5183 108.3117 113.6557 112.6130 109.3371 111.6112 111.5903 108.2222 109.5477 105.1413 105.3830 104.5807 104.1447 106.8947 96.6737 96.2504 97.6745 96.0805 90.8608 90.0591 98.5419 100.2322 97.5499 94.2232 94.9539 78.2922 77.5808 83.7700
113.9500 111.2206 111.8823 111.9978 112.2666 112.7142 110.7179 109.5326 109.5295 108.5341 110.1056 106.8072 107.2436 107.4740 111.6651 107.9368 113.1857 113.1547 110.6525 106.2233 108.7336 107.6171 102.8644 102.8681 102.2544 104.3782 98.9519 96.4378 98.4029 100.9900 94.2532 90.9577 87.4923 94.2077 91.0775 94.3662 99.9568 87.0402 88.2208 85.9700
114.5500 114.2117 111.7205 111.1643 112.2697 112.1547 109.2661 108.5588 108.5867 108.9000 108.3018 103.6002 106.1616 108.5936 110.1495 112.9351 114.5268 110.1664 111.7995 108.9703 108.2369 103.3410 104.0753 100.7243 105.2185 106.0549 103.7007 97.4133 94.2093 98.7255 97.4366 97.2154 87.2820 100.6178 103.3880 101.7478 96.0740 91.6462 95.4464 94.1400
113.9100 113.0602 113.8310 110.2971 112.7386 111.8685 112.6575 108.7195 108.2469 110.4324 110.3172 103.4003 103.4643 108.4182 104.7418 112.6604 113.9325 112.5436 109.4549 106.9047 105.8941 104.7649 106.2375 105.6209 104.2820 101.6028 105.4514 97.0995 95.6204 100.9891 98.1580 92.7268 89.5026 93.0902 101.9417 95.9639 102.3756 103.5049 102.5645 95.2700
113.5900 112.6823 114.2227 112.2395 112.2646 111.8359 109.8016 110.4284 107.5933 108.8938 107.4647 105.5975 106.9101 106.3871 107.5236 107.1260 113.0204 108.5201 107.7652 106.7322 106.1487 106.5564 104.8925 105.6904 102.7916 100.9824 105.0367 97.3482 96.0575 101.8255 94.3225 99.4286 90.5085 91.3266 96.9840 96.3475 94.5981 94.7968 94.1045 95.2700
115.7300 114.3870 113.7252 114.0252 109.8451 109.3173 108.6554 108.6273 108.8360 108.8204 107.6203 105.8811 106.1281 109.3455 104.0102 103.6557 110.6230 110.6388 110.7416 107.2618 107.0972 106.0808 105.7129 106.9735 104.2672 100.6380 105.0831 100.0460 97.1694 96.1223 97.4078 98.7716 96.2581 100.2464 98.9869 98.5754 97.9029 97.3196 97.9030 98.7000
113.3400 113.0106 113.0125 111.1663 110.3279 111.9001 109.1478 109.8704 108.7943 107.1310 109.5542 110.0845 108.5138 105.0115 107.3033 105.7242 110.8830 110.7487 113.3896 108.7275 106.0493 106.2507 105.4447 103.7636 106.3341 102.0847 105.5377 99.1060 98.7821 96.4692 101.0640 95.6485 98.0715 100.4438 99.9910 99.6952 99.3681 98.9622 99.1444 99.8400
113.1300 113.2888 112.2969 112.3878 112.5441 109.9360 111.0848 108.8538 107.8059 110.0569 106.9104 108.1039 112.0546 107.5043 109.6087 108.5651 111.2148 109.9052 110.0888 107.5681 106.9167 106.3583 105.7640 103.2296 105.7375 105.3308 104.4995 100.5217 99.4335 97.9273 103.3718 95.5852 95.6231 100.4261 101.2353 100.6335 100.5658 100.5614 100.6418 100.8400
114.2700 113.1896 112.6983 111.4658 111.2001 110.4124 111.1000 113.5770 113.8005 108.9928 107.3615 107.1216 104.9859 112.2676 106.9993 106.0070 103.7789 115.5354 114.4760 107.5288 107.0082 106.2886 106.5136 105.1648 105.2208 106.6663 103.6392 105.4606 100.8554 98.7328 101.6360 104.2713 96.5992 97.2297 102.3930 101.4609 101.2668 101.1583 101.2376 101.5300
113.6900 113.0415 113.1297 112.4757 111.6249 112.1408 113.8127 113.5576 110.8788 110.3467 109.3031 109.5210 111.8206 111.0038 106.6309 104.2687 104.2453 112.2719 112.5315 107.0231 106.8326 106.5551 106.6675 105.8968 106.9273 103.8466 104.9177 104.7213 105.5053 103.0764 98.9410 101.4275 102.9516 98.9575 102.9687 102.7554 103.6598 102.1809 103.6007 104.3700
114.0600 113.7279 114.7570 113.3747 112.8332 112.7099 113.9078 114.4034 110.1936 110.4329 108.5289 113.5223 110.4479 108.8119 107.7571 105.6417 107.9874 109.3720 113.7551 108.7136 108.1275 107.1082 106.0439 105.5302 106.8734 106.4061 103.3781 103.4535 102.4939 104.7061 103.9943 99.4148 103.9159 103.4607 103.8474 105.1449 103.8058 103.2672 103.7857 104.2700
116.1800 114.9720 114.8150 114.1327 113.8339 113.5307 113.3703 112.1392 109.4261 109.1638 107.8622 105.9975 106.2170 107.0577 112.1400 108.9032 105.8899 109.5934 114.0288 111.2321 108.4942 107.3095 106.4359 106.2950 107.5161 106.9655 104.5347 105.5100 102.4445 103.2347 104.6888 100.5411 104.3312 103.8590 104.7853 103.8350 104.2327 103.3630 104.1212 105.1100
116.7400 115.8455 113.8730 114.3986 114.2652 112.7646 112.2150 109.9508 108.2460 108.6216 107.9453 109.3218 106.9711 108.5587 113.2767 109.4932 108.5515 111.8195 106.3811 107.0307 109.0240 108.0512 106.7721 106.8745 107.6149 106.0329 105.3288 104.7142 105.3173 102.5319 105.2151 103.7060 102.9552 103.4651 102.7199 103.0098 104.5242 103.8717 104.4705 105.2000
116.1900 117.7360 115.8973 113.9302 115.0597 113.0703 110.9518 109.7050 109.2776 109.2364 108.0592 107.2834 106.9997 112.0336 112.0537 111.4849 110.1257 103.9056 103.4231 108.0441 113.8613 108.1967 107.2905 107.5166 107.4458 107.0632 105.8586 111.4298 108.7875 103.6302 103.3615 103.3959 104.2946 102.5628 102.8641 102.9893 104.6806 105.6049 103.2045 105.9000
117.4300 115.6485 116.7415 114.5624 114.6050 112.5411 110.5751 110.1404 109.9706 109.7799 107.6925 107.1599 107.8084 111.3572 113.0421 110.8613 105.8834 110.3527 107.4263 105.3711 103.6962 108.1597 109.3855 108.8275 108.9559 108.1523 110.9667 111.5824 108.2436 105.6526 109.6999 103.5933 103.6914 104.9376 104.3156 104.9475 104.9077 105.4193 106.3351 106.4000
119.6500 119.6500 115.0500 115.0500 114.0200 112.6700 110.9800 110.1000 109.8900 108.2200 108.2200 107.4400 106.8800 106.8800 113.0700 106.7800 109.9900 109.9900 107.1800 104.7700 103.3000 103.3000 109.5900 111.5300 112.3100 108.7700 110.6000 110.6000 106.7000 106.8900 106.3400 104.1100 104.1100 105.9600 106.3000 105.4000 105.9200 105.9100 105.9000 106.7700
