110.6500 111.7900 112.2600 110.2200 112.8400 112.6900 112.3800 112.3800 112.0800 117.0500 109.3000 110.4800 109.2400 108.7400 108.7400 108.9600 110.0600 110.9600 111.3900 111.3900 113.3200 113.5300 110.4700 110.4700 110.6600 110.2900 114.5200 114.3300 110.9900 114.0300 114.0600 114.0200 113.9900 114.1100 114.2000 114.3200 114.4500 114.2900 114.0300 114.0300
111.0800 110.7146 110.1280 113.5327 112.4210 112.3926 109.8041 110.2212 111.0008 110.8480 112.1783 108.8675 110.2337 108.7732 109.7404 108.6872 108.8519 108.6678 110.5390 112.8729 113.4541 114.0232 111.3300 110.5482 110.5317 111.6369 110.5876 111.4005 112.2001 113.2358 114.4009 114.2577 114.0027 114.1527 114.2601 114.4552 115.1793 115.7407 114.2577 114.4600
113.5600 111.2839 110.7919 110.2529 111.5500 111.7510 112.2096 110.0613 109.0582 110.4030 113.3171 110.1840 111.3184 111.0598 110.4510 110.8918 108.3344 110.1345 111.3428 111.1630 114.0650 112.0099 111.8825 109.8410 110.6392 110.5925 111.2716 113.7787 115.5433 113.2703 114.4780 114.6323 114.8670 114.4803 114.5465 114.9996 114.5184 115.9717 114.4651 114.3100
113.5300 110.0382 117.7045 111.7426 110.9797 112.9431 108.9178 111.2526 110.0553 107.9971 114.6647 111.7698 111.2713 110.9641 109.7333 109.8894 109.7828 109.9038 110.5976 110.6635 110.8399 112.3691 112.0895 109.1028 113.4494 114.0416 113.6698 111.0387 114.0987 114.5867 114.7075 115.0369 112.7480 113.3556 115.3037 114.0625 114.9366 113.8214 114.3783 114.5800
116.2700 112.2095 115.7635 112.4019 113.4235 114.2156 109.4524 111.1363 109.6464 110.8011 112.7273 111.5979 110.4195 110.3196 108.9060 109.8247 111.6079 109.3528 110.2157 110.2273 111.3430 109.1954 108.6373 113.3932 116.8545 113.1896 112.5318 111.5704 113.1358 114.7833 113.6644 114.6921 111.0451 109.9162 111.2385 115.5247 115.5401 112.9638 110.4596 110.0400
113.1600 111.1839 112.2623 113.2627 111.4171 114.3387 110.7960 109.7494 109.8718 111.0791 109.7665 111.1302 111.5263 109.0009 109.6254 108.9180 110.1804 107.9596 108.1114 107.8719 108.5837 107.9885 109.0284 114.5112 115.3337 113.6153 109.3853 112.0528 109.9333 114.1893 110.6106 109.8698 111.0295 110.1181 109.7964 110.5276 113.0925 114.8633 109.3401 110.0600
109.6700 112.2407 111.4664 112.1076 111.4709 111.6628 109.0233 109.3228 110.1353 112.7395 110.7297 118.4421 110.0823 109.5602 109.2213 108.3686 109.2590 108.5965 108.4110 108.7047 108.5159 109.9448 108.8920 110.6668 114.5394 109.8888 107.4841 108.4133 109.3636 113.7995 110.5875 109.9501 109.7113 109.8715 109.2196 113.8210 112.1720 115.0736 109.4906 109.9100
109.6700 111.2771 111.0435 111.7405 109.2022 109.8712 110.6646 109.8057 110.4639 112.2416 109.4947 111.4955 109.9060 109.8897 108.7196 108.8829 108.6722 108.1814 108.0939 108.2061 107.9235 108.8147 111.9219 109.6821 112.1500 109.7067 107.2166 107.6849 108.4242 109.5463 109.4838 109.6491 109.6366 109.5974 109.3374 108.8711 109.6748 110.3711 109.3535 109.5400
112.3100 110.9151 111.7351 109.5636 109.2675 111.0125 110.0282 109.5137 109.8035 109.8404 111.5270 109.3895 110.4351 111.1040 109.1295 108.3832 110.2603 112.1569 108.1713 109.9374 109.2683 108.2727 108.3035 112.3567 111.2620 112.2556 110.2466 109.5387 111.0147 109.6813 109.4652 109.4347 109.3927 109.3734 109.4377 108.9200 109.0854 109.3358 109.3100 109.2000
110.0400 112.2817 112.5759 109.7009 109.4335 110.1167 109.3224 109.3141 108.6515 111.2098 111.3474 110.4847 108.0068 108.9371 108.3811 107.8484 109.5076 109.8508 107.8461 109.1412 108.5789 109.3754 108.2252 109.7950 110.3385 111.0621 110.5772 113.4980 111.8847 109.6222 109.1695 109.1523 109.2514 109.0214 109.0477 108.8659 108.7066 108.4631 108.9860 108.3700
110.5000 114.2297 108.6463 110.0901 108.8368 109.4538 109.6599 110.8184 111.5393 110.1950 114.7714 112.4865 109.3019 113.4868 109.9982 108.9848 107.8285 108.6758 109.6426 108.7799 108.2055 107.3065 107.8327 110.8659 109.1253 109.4128 108.7262 109.0030 109.1312 109.9122 109.1629 108.9996 109.0228 108.7518 108.1052 108.6669 108.6890 107.9116 108.6256 108.8600
110.7600 111.7754 111.2293 111.2458 110.3372 109.6809 109.3280 108.9880 116.4571 115.0120 111.9183 110.8713 110.3106 111.4244 112.0282 110.7805 107.7470 110.8227 114.7544 113.6668 111.2800 110.0304 112.0862 108.0406 107.3807 111.4158 108.9539 108.6706 108.8518 108.7386 107.8295 108.8240 108.5392 108.2187 107.9450 107.9625 108.0144 107.7836 108.2134 107.9700
109.7900 114.6042 109.3995 110.4943 111.0594 110.1656 109.0554 110.2939 115.8829 111.8894 113.6585 110.8358 112.0744 109.9245 109.3654 108.3216 108.5166 112.5913 115.3251 114.6345 112.9748 111.5745 111.6000 110.7396 111.1052 112.0323 108.6895 108.3940 107.6258 107.9712 108.6079 108.4579 107.9824 107.4707 107.6441 107.6311 107.7082 107.2461 107.7040 107.9600
109.1400 110.0392 110.5275 109.8174 113.6705 111.2701 110.7383 112.3331 110.7475 115.6421 117.0867 114.2492 112.4157 110.8199 108.0480 108.7645 109.7569 113.3104 112.8959 109.0791 106.6426 108.9608 113.7079 109.0850 114.5204 109.6964 108.5396 108.7824 108.5229 108.1322 107.9757 107.4018 107.9650 107.4085 107.2735 107.1688 107.9829 107.4253 107.7219 108.1200
109.8800 112.3667 109.0949 109.2476 108.8907 109.5083 110.8477 112.9295 111.1626 116.0563 115.3770 116.1130 112.5147 109.9038 108.3001 110.0091 111.6312 111.9421 110.1328 108.9389 106.8972 112.6879 115.1057 109.5836 108.2094 110.8666 107.6048 107.7026 108.3165 107.8405 106.8808 107.4163 107.9193 106.6127 106.8170 106.8604 107.1243 107.1720 107.6051 107.6900
112.1300 112.2418 109.5174 109.6278 109.2927 109.5941 110.2938 109.9068 111.4780 113.1414 114.7141 114.1880 112.4783 110.2503 109.7301 109.8706 109.0803 109.1520 108.8308 110.9060 108.7810 108.3227 111.1501 107.5890 107.6357 110.3373 108.2589 107.1944 107.4791 107.8231 107.1794 106.5208 106.6018 106.6824 106.5029 106.8158 106.9336 105.7077 107.1366 106.2600
109.8400 110.2964 110.4265 108.9480 109.6573 109.9775 110.9358 108.4590 109.4057 109.1207 108.7840 109.1822 109.6997 109.5307 111.4826 108.9522 109.6954 109.3704 109.3372 109.9792 108.3581 110.1163 108.3596 107.4293 107.9828 108.0476 106.9628 106.9741 106.3612 106.5881 107.3375 106.7169 106.4071 105.8332 106.4316 106.2022 107.2902 106.9458 107.1183 107.5200
109.3300 109.9532 110.3919 109.3018 109.0431 108.7142 109.0363 109.4871 108.4856 112.2330 110.6120 110.9603 107.6110 106.9178 112.4083 107.9820 109.0555 109.1934 109.1647 109.1500 110.9174 108.9382 108.3156 107.0317 108.5931 107.1013 106.7555 107.0844 106.4651 106.4811 106.5115 105.5998 104.6575 106.1633 105.3637 110.3441 106.1336 106.3350 106.8916 106.6800
110.9400 110.5358 111.9128 110.0263 110.3134 107.9766 110.0544 108.1913 108.6814 112.9899 111.9878 112.6382 108.0344 110.8704 114.9383 108.8773 108.3526 108.4481 108.7576 108.7616 108.6293 107.7966 112.4044 107.2468 107.8568 107.7075 106.4502 106.1896 106.6311 106.9130 107.0218 106.2822 105.4295 105.5827 107.0668 106.8961 104.7221 105.7730 107.0245 105.8800
110.1800 110.3059 110.1472 109.9161 110.0758 109.6010 111.8052 108.2323 109.5920 109.0588 111.4085 109.6611 113.2582 110.2101 111.0691 109.7121 108.1039 108.8417 108.2007 108.7416 108.3621 107.7064 108.7171 106.4513 106.4433 107.1717 106.7377 105.8559 107.3660 105.1321 106.1903 106.3010 105.3378 105.3265 106.7203 106.4779 105.0214 104.9136 106.8563 106.7200
110.1400 110.5092 109.2280 110.1925 108.8067 110.2567 111.6210 108.0953 108.0902 108.8831 109.8826 108.4457 112.9705 106.1890 112.1057 108.3791 108.4973 108.4510 107.1854 107.8453 107.2714 107.2769 107.8521 107.5953 106.8029 105.7702 107.2420 105.6742 106.4056 104.9277 105.5391 105.4904 105.8835 105.4265 105.9880 107.3360 105.3371 106.0667 106.1198 106.4300
110.4300 109.2538 109.8996 108.3968 108.7305 107.9583 110.1245 109.8404 108.3680 109.2759 109.6324 108.6382 108.5430 108.9108 109.3047 108.7857 108.6728 108.3655 108.5377 107.3017 107.5001 106.6294 106.8369 107.4611 106.3331 105.1982 106.2024 105.5432 105.1567 104.6561 104.2024 104.0566 104.0618 104.9435 104.4518 107.9352 105.7423 106.0352 104.3084 106.0800
111.7100 112.6613 111.7021 112.5521 109.8111 108.8627 109.6781 110.8924 108.7085 108.1376 108.9934 109.8658 109.9117 108.4849 108.8090 108.7750 107.9630 107.6715 107.7627 108.1755 107.7507 106.9528 107.0244 106.7881 106.9692 105.2420 104.9207 105.6176 105.2465 104.2188 103.9324 103.6346 103.6943 103.8711 103.0183 104.4655 103.1301 105.2832 104.5239 103.9700
109.2900 113.3648 108.7091 107.7381 108.1322 108.8404 111.4558 109.3694 109.1924 107.5772 109.6441 113.5183 112.5524 112.2385 108.7214 109.8923 107.1549 107.8011 108.0393 107.9568 107.6571 106.3704 106.1096 106.0346 106.1164 105.7184 104.2502 105.1605 104.5206 103.6974 103.0128 102.7210 102.6278 102.2536 102.2679 102.3391 102.4055 102.7158 103.0354 103.0700
109.2900 108.0419 109.6821 109.6911 109.0200 109.7073 110.6641 109.9014 108.1714 109.3466 107.8477 115.6008 111.8939 114.0014 109.8964 108.8228 107.6688 107.0923 107.5280 107.6790 107.5667 106.6583 106.2470 105.5058 105.1202 105.8645 104.4257 103.4450 103.1061 102.4745 102.4009 101.8876 101.9307 101.5462 101.4108 101.4932 101.8219 101.9658 102.1091 102.4300
111.5200 110.7418 111.3584 111.6118 110.6148 110.5619 108.4997 107.9737 107.4041 110.4028 113.2762 114.8851 112.4944 114.6294 115.1900 110.2420 109.6579 106.7007 107.0445 106.6528 107.1811 105.2966 105.2987 104.6763 105.4196 104.0694 103.8482 102.7068 102.4514 101.8987 101.5290 100.7304 101.0400 100.9493 100.9676 100.5940 100.8191 101.3086 101.6136 101.8300
110.8500 110.9346 111.7042 110.8122 112.0229 109.9030 108.9887 108.6722 109.2908 111.1801 111.7783 114.2538 113.4543 111.7868 113.4608 111.4715 113.0210 107.5899 106.5116 105.7143 106.4931 107.1789 104.5792 105.0926 105.8831 103.6306 103.7418 102.5687 102.1759 101.1896 100.6937 100.4435 100.3172 99.9356 99.9577 99.6760 99.7851 99.3922 99.8648 100.4400
114.6200 113.8360 111.6954 113.5042 113.4451 108.2915 108.7835 107.9099 114.3926 111.4217 114.6867 112.1151 110.8937 109.5631 113.4652 112.2973 110.4466 111.2047 105.4417 105.4551 105.4078 104.9902 104.2471 104.7495 103.8843 102.6824 102.0163 95.2453 101.6769 100.9409 99.9516 99.0594 98.8004 98.6696 97.7046 97.8921 97.8341 98.0402 98.5877 98.7700
112.6900 114.7367 115.5352 111.9624 116.1371 108.9756 111.5291 110.5651 116.0179 114.7581 112.4379 110.7345 110.2157 113.3695 111.3245 107.8645 106.7920 107.4888 105.9187 105.4035 104.6581 104.8430 103.9674 104.0426 102.9084 102.5349 101.6221 101.9820 93.6246 99.7354 98.8921 98.2684 97.3638 96.1410 95.7033 96.4721 96.9367 96.8809 97.8562 98.1400
117.8700 116.4768 112.0335 111.8201 110.6265 108.2131 109.1777 107.1838 111.1900 111.8109 110.2850 109.9413 109.1030 114.7991 108.0107 110.9299 112.0955 106.8915 106.1416 105.1177 105.9568 105.1949 105.6824 103.3918 104.5289 101.9587 101.2042 101.0553 95.4195 96.4777 97.3879 96.6340 95.9507 94.1718 93.8134 93.9644 94.4204 95.6034 97.1063 98.1600
116.1500 115.7124 114.9688 116.6059 110.3822 107.8508 107.5484 111.2794 112.8447 106.8116 111.4951 110.3075 109.0452 109.2567 107.7143 108.7878 106.2969 105.9073 105.7184 105.5584 105.1054 105.6211 103.9340 103.0682 102.4337 101.6650 100.9516 99.7856 99.6841 91.2450 97.3329 95.0275 94.0568 90.9772 89.8162 90.3425 91.1247 93.1763 95.6335 96.6400
113.3800 113.1052 115.0854 113.4096 113.9037 111.5286 109.9884 113.5906 109.8178 110.9124 111.8663 111.1313 111.8808 114.2381 109.8953 108.7450 107.5598 106.5651 106.4119 105.5239 106.5980 106.3287 104.0190 102.9596 102.1330 101.4140 100.5742 99.2524 98.8869 97.3637 95.6521 91.4954 91.6923 87.9915 84.7616 85.0395 86.9621 89.9090 92.9355 95.8900
108.5600 113.3522 112.1411 111.8293 111.3675 110.8277 111.5137 111.2112 113.3472 113.4390 110.4412 113.1767 111.5708 113.8272 112.2416 113.8716 113.8118 109.1131 106.4672 105.5689 105.1510 105.7565 104.4208 102.5982 101.8765 101.1903 100.0558 98.9605 97.4089 96.2273 93.8353 91.1233 84.6503 79.3453 76.9098 77.9725 85.1294 86.8953 90.5001 93.3800
116.2700 114.4274 114.0047 113.1824 109.6991 110.3543 109.5561 113.2416 111.7435 112.6953 111.2432 110.8470 112.6753 110.9444 110.6665 112.5918 110.9048 107.2774 106.4336 106.0020 105.6610 106.1358 103.2911 102.6784 101.9625 100.9836 100.1003 98.8704 97.5539 95.9453 90.9490 88.4433 82.5440 72.3853 64.2450 68.5628 82.5495 85.8032 89.8093 92.6000
112.4000 109.3517 110.6251 110.3025 111.4351 112.1082 110.7321 111.8274 110.8941 113.9311 107.9559 110.8956 109.1649 109.6364 108.0305 109.4065 105.7335 106.2580 105.9067 106.5514 106.2813 105.2856 104.1991 102.5220 101.7787 100.8926 99.9874 98.7442 97.4781 95.6394 91.1001 91.8472 83.8136 69.2214 64.1764 67.5045 79.1627 85.3803 89.3741 93.0900
116.6800 112.6756 111.2234 110.8065 110.3376 112.1267 111.7219 112.0494 113.7860 112.0649 109.6197 110.6466 109.3352 110.4730 108.7654 109.5834 106.5597 106.3632 105.2080 105.7792 106.3658 105.2357 103.5584 102.5588 101.8190 100.9876 100.0212 98.7363 97.6733 95.7412 91.6750 89.7138 81.5596 72.2337 66.3078 69.2640 81.1522 87.0740 90.5094 93.6500
115.6500 115.6185 113.9926 110.2811 114.4638 112.4880 110.0598 115.6174 114.7696 110.6602 110.5288 108.0204 111.4891 107.5053 106.5406 106.9686 107.4962 106.0070 106.7708 105.6419 106.6331 103.9613 104.1416 102.6956 102.0315 101.2297 100.2031 99.1785 98.1302 96.4104 93.7439 89.3904 88.1102 82.8529 77.7468 80.6075 86.4413 87.9374 92.7472 93.3800
114.3000 116.6095 109.7604 111.7027 113.6432 108.8688 107.1464 112.2772 113.1988 112.5550 110.8806 107.9976 104.6954 106.4808 110.2307 109.0255 109.3833 107.9018 104.5395 104.7928 103.2618 108.1990 103.6417 103.0541 102.2481 101.4793 100.5857 99.3504 98.5714 97.3575 95.5199 93.3333 97.6602 88.5775 88.4247 89.0059 88.9906 91.6231 92.7648 92.3900
112.9300 110.4229 110.6903 113.0910 112.1801 110.1821 109.0425 109.8286 109.9831 108.8658 108.3807 111.2972 111.9800 113.0850 111.1648 110.5028 114.5842 112.6184 106.6596 104.7822 110.2875 106.0338 104.8166 103.0442 102.4595 101.7608 100.9143 100.0994 99.2122 97.9872 96.6818 98.1329 104.8073 91.5539 90.1566 92.1087 92.0908 93.4224 95.0235 94.9900
112.9300 110.8900 111.3300 111.4400 112.4300 110.1500 110.1500 109.2500 111.0100 111.3000 109.6300 109.8700 106.6400 112.5500 112.5500 112.9800 112.9800 112.7800 107.1900 104.9800 104.8000 104.3000 103.6800 103.2800 102.8200 101.9300 101.9300 100.7400 99.5400 98.5800 98.5800 96.6900 94.4800 91.2900 91.3700 93.8400 94.3000 94.3000 96.9500 96.9500
