120.5500 115.1900 117.0700 116.6500 112.1700 113.4300 114.7000 108.9100 107.5600 105.2600 105.6100 105.4500 104.4400 105.5900 105.9600 108.1900 111.8300 105.3800 100.5000 99.7200 99.9600 99.1300 98.1700 95.6800 93.9700 93.3200 89.8200 86.2800 82.3700 82.2500 86.3100 91.9600 91.9600 95.7100 97.0700 98.2000 99.9800 100.7000 100.6200 100.6200
117.2300 120.8541 117.0643 115.0645 111.5231 119.9181 107.2398 108.3766 109.1359 107.0945 105.8267 106.0707 103.7866 104.9519 106.2490 110.4355 114.1871 102.4348 100.1261 100.3089 100.0921 98.8223 97.2931 95.3025 92.8488 89.6510 84.9139 80.1916 76.2668 77.6920 82.7076 86.9703 90.9591 94.0502 96.3377 98.0832 99.5051 100.6945 101.0447 101.1500
119.8900 115.3674 120.7640 120.4834 121.1009 107.4110 109.2664 108.8700 111.8379 108.9773 107.0582 105.8893 104.0976 107.4177 106.5058 111.4420 113.8201 101.7698 99.7873 100.5713 99.8671 98.5564 96.8895 94.6710 91.5655 87.3250 82.0775 73.4927 68.5781 70.1589 78.1554 84.7216 89.5709 93.2177 95.8316 97.7473 99.1907 100.5163 100.5303 100.3700
116.7800 116.6664 112.4383 120.0191 117.9653 120.3777 115.2606 110.3047 104.1902 105.1369 105.0218 105.3945 104.5405 109.5202 115.2862 114.7662 113.9280 106.9352 99.7251 100.7444 99.7927 98.4613 96.7498 94.4506 91.2207 86.7220 80.9818 70.5738 64.9520 66.5464 76.0079 83.9336 89.0834 92.9337 95.6715 97.6481 99.1318 100.3828 100.3531 99.7100
119.4600 117.7285 113.1997 119.9211 119.4415 118.8286 113.6080 109.8745 105.1096 106.3276 103.7389 104.7342 103.0477 106.2788 106.3515 115.1897 113.9604 107.0165 99.8247 100.6016 99.8720 98.5679 96.9126 94.7087 91.6456 87.4513 82.3452 73.8154 68.8697 70.4724 78.5867 84.8852 89.6602 93.2745 95.8726 97.7720 99.2078 100.4474 100.2823 99.7300
108.1700 111.1900 111.9090 111.6069 113.8914 115.4726 110.1259 107.6938 106.5552 105.9872 103.7734 109.4673 103.6651 106.7064 110.1906 114.9137 114.2529 108.4826 100.4455 100.3920 100.1902 98.8447 97.3259 95.3743 92.7602 89.3281 85.1695 80.1885 77.0603 78.4066 83.0959 87.2422 91.0998 94.1344 96.4021 98.1216 99.4299 100.5754 100.0079 99.9100
115.7000 115.0909 114.1389 113.5634 114.7122 116.0665 107.2591 108.0634 107.6274 105.7826 105.2999 108.6439 107.7104 107.1145 111.1542 113.7159 111.9975 111.2481 101.3982 99.3646 100.3132 99.3134 97.9299 96.2970 94.2282 91.6601 88.6432 86.0634 84.5039 85.0822 87.2114 90.1711 92.9837 95.3016 97.1440 98.6533 99.7992 100.3966 99.9992 105.2600
117.8100 111.1336 112.3379 115.5223 113.6807 114.4516 112.6227 112.6818 109.6357 109.9577 107.7103 113.1122 111.5628 110.0197 114.9297 114.2697 112.1543 113.0631 108.1839 100.8304 100.9933 100.1129 98.7668 97.3401 95.7818 93.9556 92.0402 90.3495 89.4430 89.7352 91.0944 92.9721 94.8614 96.5626 98.0135 99.2520 100.4196 99.6656 101.0920 106.0900
109.7600 107.8751 109.7852 115.1028 114.4821 114.0554 116.5017 112.0316 107.4305 114.3771 106.1620 110.2322 109.5392 115.9196 113.1976 113.7666 112.1381 115.5836 112.9269 100.6814 101.6160 100.4751 99.8843 98.4180 97.1829 95.9195 94.7085 93.7109 93.2003 93.3763 94.1565 95.3026 96.5557 97.7900 98.9067 99.8818 101.2408 98.8704 103.9064 107.7700
112.8300 112.1342 110.1303 114.0353 110.9592 111.5842 116.0945 106.1809 106.8685 107.3157 108.3388 105.9182 107.5902 117.4936 116.3472 111.4069 103.5427 103.7965 110.2366 103.1339 105.7916 102.9199 100.1210 99.5816 98.4809 97.5802 96.7704 96.1530 95.8561 95.9577 96.4130 97.1532 98.0150 98.9180 99.7204 100.6663 100.0584 100.9563 108.2093 114.0000
113.6200 113.2000 111.0678 111.7569 107.9431 109.9621 109.5722 110.4507 106.1734 106.8832 107.4038 106.3089 105.1657 105.8891 104.6570 108.7005 103.7032 103.4740 113.2400 105.4682 105.7307 102.0621 100.8845 100.3292 99.9539 99.0659 98.3755 97.9721 97.7871 97.8422 98.1635 98.6573 99.2226 99.8587 100.9008 99.6270 100.5229 105.3937 113.4539 114.1500
110.5500 118.4905 113.5217 110.9130 110.5667 114.1925 102.3039 108.0725 109.7929 107.1305 111.7214 109.7440 108.7434 110.4167 109.3126 105.3365 107.1426 109.3008 106.4786 102.1851 102.5088 103.1758 110.6752 100.5499 101.4655 100.2321 99.8363 99.3873 99.2627 99.3068 99.4347 99.7801 100.6618 100.4578 100.2755 99.7078 104.8741 111.6007 114.7302 110.9500
111.0500 117.2702 108.1317 113.5499 113.0300 110.4232 110.3142 107.9870 108.4577 112.0944 107.3884 107.0574 108.8995 105.5620 103.1995 111.9547 105.2474 111.7626 109.9130 103.8591 106.7182 103.7065 108.9264 101.3825 98.6526 101.0343 100.4625 100.4791 100.8230 100.7490 100.9048 101.1493 99.7659 99.2825 101.2636 105.5293 111.7747 114.4873 112.2893 109.3100
115.1300 117.2701 111.0338 112.3830 113.1366 112.7803 114.5019 105.3479 106.0138 107.5353 108.9729 107.8561 107.7493 108.7742 108.1988 108.9926 105.6630 104.2365 104.3518 105.7718 111.1409 104.3267 101.9398 107.7686 110.2332 100.9377 106.4445 101.7753 104.2881 104.6369 101.1146 100.1200 100.5370 103.8630 107.7553 113.2586 115.0091 111.1466 108.6176 105.5800
114.0800 113.6672 113.0773 111.9161 110.6678 114.5184 113.3511 101.2483 107.1498 113.4450 115.9842 111.5958 108.5581 109.0353 106.0944 107.0046 106.6078 107.5661 101.7737 104.9512 105.3648 107.9791 111.5768 109.1156 110.6626 106.3010 104.2664 104.0497 101.1820 103.1750 103.4116 106.0481 109.0013 112.9217 113.9987 113.4903 114.4231 114.5172 110.9930 109.1400
116.5000 114.3708 114.0864 111.9568 108.5931 113.0218 110.5260 104.1624 104.2193 110.1730 107.3215 105.2336 104.0716 109.8119 116.6916 106.7558 105.3597 107.0157 103.3516 109.3569 105.6452 107.4723 106.8742 103.0686 104.7433 103.6324 105.8788 107.0380 103.7406 104.0693 103.6194 112.5654 114.0938 114.0760 111.1979 111.5942 106.0628 106.3130 107.3271 109.1400
115.7100 112.2917 113.1243 108.7129 110.2969 113.9760 109.1543 112.9652 106.5827 106.3569 105.0528 107.1853 111.4211 106.5986 108.4993 106.7450 106.3509 106.8080 105.1442 111.8914 107.3155 110.7167 105.4846 105.1517 106.8892 102.4996 109.6536 107.4981 105.4852 103.2772 111.6364 111.1432 108.9658 108.6377 106.4352 112.6645 105.7669 104.6834 102.1327 104.1000
109.9500 112.7328 112.0339 112.8358 109.8417 113.0497 113.9393 113.5556 111.9096 113.7856 114.6363 112.2658 111.5530 111.9430 111.8975 106.7083 106.4100 106.0984 107.8658 107.5291 108.3746 107.6955 106.2899 109.2464 110.6215 109.0494 106.0201 106.3307 102.8384 103.2830 113.1566 103.7119 102.9015 104.1208 111.2222 115.6401 115.0603 107.5694 106.2336 112.5400
109.1900 112.7907 114.8110 113.7980 112.0661 112.2950 112.4355 112.7280 108.9314 110.3661 110.4198 110.0586 109.2448 108.8362 113.9025 111.6703 107.2324 107.4443 108.3524 105.6282 104.5611 106.4690 103.4301 109.9664 108.6564 110.5841 107.2518 105.9310 108.8294 108.3984 105.8396 107.2556 102.7843 104.9370 113.4540 110.7926 114.5852 113.0520 107.2243 106.6600
114.9900 113.2013 115.8705 111.8845 115.3585 117.6611 111.9805 109.4731 112.9989 105.1660 107.7311 108.5723 110.0351 107.8175 110.2511 110.5886 112.0918 109.1085 109.3466 104.4469 107.8605 107.1564 106.4722 112.2080 112.4629 111.6297 105.7944 109.5228 110.9509 110.8601 105.6742 105.3985 102.4247 116.6037 106.9999 112.1642 112.0376 105.7292 105.9417 112.0000
113.6300 113.5221 113.3062 112.8652 116.1516 119.8815 114.5671 113.3321 116.3720 105.1265 109.6699 107.1841 107.6511 105.8423 107.5418 106.2690 110.9334 109.3769 114.2560 107.3943 111.7449 108.4263 111.6740 106.4545 109.9398 107.7489 110.3872 104.3301 105.3740 107.4638 104.7849 113.3106 109.6768 106.8898 107.7255 115.5730 107.6647 112.0342 110.7757 112.0000
114.1600 112.7109 111.1495 116.2305 119.0553 114.9955 116.8984 109.7745 109.5384 109.4211 108.8887 104.7720 111.0186 110.3371 115.4320 116.7084 115.5203 113.3416 113.9363 108.3609 110.1252 109.2070 112.7086 109.8400 111.8877 104.2785 108.6276 106.3767 106.7122 107.5965 106.1782 109.7790 112.6002 108.5926 111.5103 111.9670 110.1661 112.4772 109.7780 109.3900
112.4800 112.8335 119.9858 116.0754 120.0064 112.3783 115.2958 108.3916 107.1808 108.7613 107.2248 108.9879 110.3034 114.5882 113.3788 108.3638 114.5413 113.2707 115.0801 112.9127 113.8545 110.8584 110.7077 105.6194 108.2340 108.0381 107.5135 109.4868 105.9250 106.2692 105.7550 106.7862 113.7857 113.7108 110.3686 110.4344 112.4071 109.2574 106.5095 105.9700
121.4500 120.2474 121.5124 107.6154 114.8576 111.2382 107.4268 106.4052 106.8783 107.5684 107.5064 110.3229 112.5092 118.1838 114.4237 103.3143 104.5949 111.7033 111.2230 112.7675 113.8150 111.2880 114.6937 111.3366 107.0032 109.2498 107.0155 111.5469 107.6721 107.4608 108.3557 106.3262 111.5869 110.1569 107.3236 108.8064 109.0470 108.1447 108.1819 108.0300
113.6300 117.3155 115.0776 111.2770 110.7190 113.7318 108.2294 108.9072 107.6569 108.5817 107.8850 115.6934 119.0668 116.1102 112.9575 112.9137 109.9084 105.1955 107.7251 112.3541 114.0893 116.0532 115.6643 113.0038 117.4914 107.0131 107.7341 111.3839 108.4295 112.8626 111.4796 108.0013 110.0662 108.2705 108.7534 108.6689 110.1993 106.3332 108.1104 112.6600
116.5700 113.8995 112.3703 113.6678 113.4645 108.9137 108.4089 109.5605 108.1788 109.1801 108.5065 110.2789 115.2466 110.5532 113.9460 114.3728 110.5112 108.2744 106.0841 110.2723 112.2091 117.3689 108.6511 107.8962 115.4908 107.2214 108.7234 108.3578 110.7977 115.5112 115.7046 111.2325 113.1936 108.2243 107.7535 107.6933 108.3642 105.6608 109.3964 108.4600
116.5700 115.9678 113.9799 114.6331 110.1220 113.3857 109.8820 110.0880 108.9346 108.9535 106.7770 115.1647 111.8288 111.3246 113.0832 112.4612 112.0587 108.2772 108.0280 110.8627 112.4585 110.8381 109.6880 106.9889 110.4622 108.9545 112.2264 111.0963 110.4342 109.4199 113.6845 110.8569 105.6611 101.3389 107.7702 109.2780 104.7666 106.2002 108.5133 104.2800
117.6900 117.8407 115.2377 118.6497 110.1752 109.9466 109.9214 109.1804 109.2132 107.9756 107.0633 111.8841 111.0570 114.4955 114.3046 113.9313 114.3634 109.0591 111.6958 111.6337 114.0357 110.4693 117.6260 110.9229 114.9936 113.5295 114.7699 106.0141 109.6825 104.3292 111.8481 109.5954 114.1765 104.4759 104.0939 107.5747 104.3361 106.5968 105.0830 114.1300
116.4000 118.0789 115.0239 111.0060 114.4698 109.6426 110.2814 107.9581 110.0930 108.3361 107.8924 112.9001 116.3089 114.6005 113.0973 111.6844 108.4799 104.8074 113.9658 113.1706 111.2737 114.6884 118.1827 111.0172 112.2852 111.3557 115.9513 109.6905 108.9443 106.6316 114.3250 109.6520 105.2335 104.2462 104.5812 109.9092 110.8957 110.8050 109.3845 114.1300
122.2800 121.9615 118.9186 112.5420 113.7211 111.0821 111.0208 113.7494 112.6158 109.2059 111.7976 110.5017 113.5580 115.9225 113.6289 110.4154 107.8806 104.6258 114.8292 114.0425 105.1523 121.3248 113.5339 110.7115 111.2946 111.7173 116.7383 113.8010 108.0199 106.8644 105.5922 111.7206 110.7498 112.3104 114.9040 110.8196 114.1788 110.1225 112.5867 107.9900
120.0000 117.3950 117.6673 116.7851 115.9600 115.2030 110.3886 109.6095 110.1899 112.3670 112.0519 111.0134 111.6669 113.4128 115.6025 110.6674 108.7307 106.5278 116.6357 110.9308 110.5402 115.6222 113.3889 111.0443 108.1804 114.4411 107.8516 113.2015 111.1356 108.1929 111.0829 110.9446 113.3042 114.9611 115.7901 114.6976 109.8905 108.3508 108.9350 109.5600
120.6200 117.9667 117.4073 115.8068 119.6511 111.4618 109.7444 110.8281 113.4832 110.6095 109.9478 111.2843 109.6485 110.2440 114.4961 111.0374 109.2462 107.6820 111.0778 108.0433 112.1669 117.8467 113.2888 113.1482 107.6862 109.0771 106.2203 110.4375 113.1470 113.7672 111.3403 113.7138 111.1644 114.4864 115.0640 112.6773 110.3837 107.8087 109.4744 109.7800
122.2800 118.2695 118.4191 115.2331 114.5173 113.3662 114.5816 115.9174 116.1185 112.8097 112.2820 111.0558 109.1314 112.8701 113.8855 112.2274 110.3344 112.0367 110.0767 112.2506 112.8988 111.6514 110.0178 110.6914 107.8648 106.2757 107.5585 111.5043 117.0445 113.2373 112.9448 115.9044 110.5534 116.6775 109.5789 109.1033 111.1025 109.8374 109.3945 109.7100
116.6600 121.7707 116.6783 114.9019 115.1008 115.6281 117.1128 114.6438 115.0733 115.5977 114.1474 112.7677 112.7896 114.5665 113.6000 113.3459 109.8289 113.9197 110.6380 113.8023 114.5049 112.2804 111.5594 109.4388 108.7206 106.9842 110.6484 112.4653 116.1885 116.7815 113.3096 116.1527 116.0651 117.1633 111.7780 110.6732 110.3985 109.9360 111.6894 111.0900
121.2000 119.1143 118.4542 116.5858 115.8443 115.6454 119.0674 117.2368 115.3499 115.3966 112.1196 110.9492 113.7113 114.4128 115.5097 113.9753 111.6597 114.1625 113.3230 115.9335 112.6555 113.2822 113.7260 111.7069 110.9297 110.4699 115.3979 116.5042 114.4678 117.1336 114.8950 112.9234 112.9971 109.6887 109.5617 110.5634 110.4789 111.7237 110.9405 111.7000
121.2000 120.5336 118.3579 117.0064 115.9330 116.4602 116.7886 116.2885 114.0251 116.4044 112.2532 110.3782 113.5790 110.2003 116.6700 112.5671 113.7297 109.8762 111.3505 117.4023 109.2832 117.2337 113.7023 110.1615 109.4769 110.3953 111.8221 113.4281 113.0580 117.1669 112.6334 112.4546 115.5940 111.0609 111.8000 109.8065 110.5476 109.7826 109.7991 111.7300
117.7500 119.8606 116.7380 116.7392 117.1526 117.0876 116.0289 114.7256 113.8637 114.8472 111.0526 110.6387 115.2288 115.0207 114.8510 112.2016 111.3452 110.4330 110.7770 111.0993 114.1440 112.8052 109.2618 110.1795 111.1074 111.4035 110.8797 112.7395 111.8914 115.3969 112.0199 110.8971 109.5580 109.1201 111.3676 111.3595 110.4357 110.5065 109.8431 112.1200
119.3200 119.5632 117.4575 118.2062 121.2565 119.0733 115.9526 116.8959 116.3430 114.7505 112.5289 112.0160 115.4764 117.9323 115.7095 113.6230 111.7481 112.7090 111.4784 111.6676 111.6643 111.2823 115.0340 111.2301 112.8974 113.3752 112.4113 112.0562 111.0688 112.9432 113.6196 113.6697 109.5643 118.8214 110.6501 111.7739 111.3567 112.4342 111.6314 109.7700
119.7700 118.9541 118.4374 120.1726 121.3710 117.6539 117.5274 116.1456 116.4262 116.6010 114.8306 114.2368 115.9465 114.4719 116.5081 115.1752 113.2033 113.8221 111.9792 113.1804 113.1853 114.1973 112.3635 111.6015 114.6049 113.4396 111.4159 111.4631 111.6940 112.1651 111.1592 112.2004 110.7412 117.8566 109.9697 112.4059 112.3611 111.8044 111.8481 109.9900
119.3800 119.7900 118.4600 119.7300 118.4900 117.3300 118.3000 118.0900 116.9200 115.6800 115.6800 115.7800 115.9100 117.5100 117.5100 113.0000 114.3000 113.9000 112.1700 112.3700 114.5200 114.5700 114.5700 112.1400 111.9200 112.9400 111.7800 111.7200 112.1100 114.6400 112.6200 112.6200 112.8300 112.5500 113.5200 112.3800 114.3500 111.9800 111.9800 109.9900
