114.1000 109.5800 108.7900 118.8200 114.0800 121.5300 120.1600 120.8600 120.6200 120.3800 119.8700 119.6100 111.3700 109.7800 109.0400 107.3900 102.9500 103.5700 103.7200 105.2800 107.8200 107.3100 110.8300 102.1200 100.2400 101.1100 99.3500 98.4400 97.3800 94.6200 92.6500 90.5100 87.0800 87.3900 87.3500 90.5500 92.8100 94.6600 96.1700 97.4200
112.4800 114.7254 113.4583 111.0617 118.8062 119.9291 120.8114 120.2240 119.3865 120.3020 119.6097 114.1792 108.6680 110.1107 108.9151 106.7508 104.4035 103.9396 103.9998 105.4894 110.4407 113.9891 109.3411 101.8638 100.6844 100.3957 99.0565 97.6700 95.9422 93.7374 90.9953 87.9276 85.1942 83.8216 84.6749 87.1407 90.4338 93.5792 95.4927 97.0900
114.2000 111.5879 114.7129 118.9845 117.3800 116.4737 118.8936 121.0115 119.3852 117.3043 119.2858 113.1043 110.8722 108.3570 108.1877 106.4287 104.1313 104.1936 104.0186 105.9945 111.8100 113.8321 106.9850 99.9653 100.4262 99.8847 98.6260 97.0349 94.9763 92.1905 88.5352 84.2615 79.3785 75.9306 78.0774 83.1724 87.4401 91.7913 94.2960 95.3900
112.6100 115.2120 124.2145 111.0452 113.4469 114.3987 122.2966 118.1463 112.1334 114.2961 116.1862 110.9788 111.3415 107.3930 104.0240 104.7992 103.8711 102.4763 103.7731 106.2768 112.7971 113.4330 105.7830 99.6865 100.6542 99.6794 98.3496 96.6209 94.2962 91.0603 86.6497 81.1323 72.1153 68.0055 70.5536 79.2838 85.3633 90.0887 93.6109 95.1500
117.5100 119.0838 118.9908 119.0058 117.9195 116.2614 112.6471 114.1428 112.1138 109.6626 113.4307 111.1740 114.1523 109.4954 108.1800 104.2079 103.8133 102.5683 103.8984 106.3515 113.1896 113.2069 105.3969 99.6135 100.6477 99.6194 98.2550 96.4881 94.0805 90.6833 86.0038 79.9192 69.4632 64.7500 67.3919 77.5088 84.6886 89.7012 93.3567 95.0300
118.7200 116.8510 118.9951 118.4370 114.2913 118.1032 109.2844 105.4461 110.5476 113.3517 113.5593 109.6516 107.4000 107.4578 105.7833 104.7056 104.0354 102.5681 103.7870 106.2347 112.7783 113.6238 105.8655 99.6719 100.5949 99.7013 98.3741 96.6580 94.3650 91.1742 86.8284 81.4485 72.9785 69.1136 71.4493 79.7872 85.6179 90.1494 93.6853 95.0500
116.5000 112.5848 113.7154 117.5312 112.1454 117.0678 111.0471 106.5415 108.5249 112.9833 109.1296 106.6223 106.3923 109.6021 105.3767 103.9945 104.2003 102.8529 103.6877 105.9528 111.6697 112.7923 108.1685 100.2567 100.3746 99.9564 98.6918 97.1092 95.0849 92.3892 88.8808 84.6548 79.9135 77.1721 79.1364 83.7900 87.8750 91.5633 94.5055 96.9000
114.1400 111.2266 113.6588 115.4594 113.9082 112.7110 115.4933 110.1714 108.4626 103.9628 108.7657 107.0154 105.3738 106.8162 104.7622 105.6490 105.1369 102.8236 104.0806 105.7768 113.1287 108.3696 106.2598 100.4401 99.7769 100.4174 99.1278 97.7600 96.0711 93.9602 91.3394 88.3676 85.9319 84.6079 85.3845 87.6952 90.6592 93.3762 95.6134 97.2000
109.6500 108.2038 112.1585 116.6877 114.8117 115.5572 118.3400 112.7170 109.8149 112.2058 110.1315 109.8522 109.7151 104.4354 106.1161 110.6475 106.7673 105.9435 104.3359 107.7358 113.0684 106.5758 105.2464 103.8320 99.1263 100.9671 99.5788 98.5201 97.1675 95.5733 93.7664 91.8626 90.2616 89.5254 89.9855 91.4442 93.2958 95.1569 96.8068 97.5600
109.5900 112.5830 109.7704 118.5089 114.1179 116.4773 114.9269 113.4988 110.3105 111.0251 109.8706 108.5818 111.8524 107.9918 106.3404 105.2690 107.0026 107.2964 105.3463 107.7258 112.1108 113.6604 109.7951 102.8825 100.2227 100.9616 100.2136 99.3811 98.2370 97.0827 95.8304 94.6140 93.6881 93.2697 93.5281 94.3646 95.5169 96.7711 97.9712 98.8800
109.6400 111.4318 108.9292 116.6735 115.1886 114.1944 111.1744 111.1440 111.1746 111.7710 111.8780 112.9171 118.3274 108.6472 111.8516 103.3480 117.8406 109.3600 104.6012 105.4482 108.1926 115.0151 109.8564 108.4665 103.2710 100.1807 100.6955 99.9525 99.2806 98.3831 97.5090 96.7255 96.1520 95.8984 96.0545 96.5615 97.3134 98.1898 99.0469 99.2200
110.3300 107.5798 116.3665 116.7806 119.0097 113.8865 106.6839 114.8927 105.0815 111.0024 104.4300 109.6147 109.9815 105.5149 113.3060 114.2505 105.6975 108.1569 102.2936 116.2820 115.4486 115.3939 112.9304 112.1570 109.3232 99.8214 109.5328 100.2309 100.3206 99.5363 98.9005 98.3309 97.9739 97.8275 97.9184 98.2406 98.7546 99.2498 100.0472 100.3200
108.8100 109.7443 114.2758 115.6122 113.5602 110.8629 113.4705 112.7543 106.0639 106.2226 116.6354 110.2732 106.6300 109.3766 116.8381 104.0484 108.9258 105.0328 106.6004 112.5857 112.0960 111.6142 108.9209 114.4306 113.5336 102.8774 102.8113 104.6245 100.6736 100.7984 100.1555 99.6076 99.3919 99.2646 99.3499 99.6069 99.8515 100.9798 100.3181 100.5900
114.8700 110.6030 114.0489 115.9168 115.9836 117.6104 117.9137 109.8697 110.8440 108.3599 107.3964 108.5320 110.7683 109.4845 110.5238 105.1135 106.8255 110.0360 111.8391 110.8316 110.2225 111.0040 104.7904 113.0393 111.5574 108.0370 101.4751 102.1902 102.7318 106.7777 101.0834 100.7188 100.4230 100.4152 100.3613 100.5028 100.9055 97.7078 99.5851 100.6900
110.6200 118.3086 119.0816 119.2038 110.7478 116.9275 116.2299 108.9445 112.5521 102.7683 103.2779 102.0789 111.9736 111.9598 111.9942 106.5683 111.0298 110.8192 108.6225 109.9493 107.7937 108.8364 106.4296 103.0459 108.7806 101.9101 105.3333 106.0526 102.0413 104.5217 100.3524 100.1402 100.0520 99.7793 99.8966 99.4650 102.7273 103.4606 100.5459 99.3400
114.3400 115.4803 118.1364 119.4414 116.6721 117.7771 111.1740 112.6802 108.1096 107.8480 106.1984 112.8819 113.9803 114.7739 113.8809 106.5905 112.7470 112.5520 107.3574 106.7851 105.6615 109.5358 110.4008 111.0657 106.2065 104.1525 105.2059 113.5861 103.4244 102.6838 106.0923 101.7797 103.4044 103.3089 104.2456 102.1953 106.9748 105.5807 105.8150 101.7500
114.3400 119.2130 117.1669 118.5325 116.2849 116.3214 114.9347 114.7826 114.1886 114.0805 111.4842 117.4462 110.7013 113.0043 111.9782 109.0145 110.7300 112.6257 108.6459 107.3847 107.0273 105.5052 113.9742 110.0208 107.8564 106.5095 105.0818 107.5263 104.3631 104.1200 103.4058 112.9555 111.5599 111.7410 107.5548 103.5381 113.0920 112.5533 113.7536 109.3700
111.7100 121.5690 112.4436 115.3768 117.2700 115.9032 116.5382 114.1796 117.2475 112.2703 108.8147 108.9553 110.4907 113.9031 112.6911 108.8074 107.8674 112.4067 111.5572 108.1549 106.3301 107.0335 105.3135 109.3070 106.0843 105.5722 105.4151 107.8800 106.5443 106.7618 110.5733 114.7996 114.2057 112.2345 113.2188 104.7264 108.9652 110.1139 110.8890 115.4500
118.2900 117.9970 112.3620 113.0903 120.5526 111.5932 111.7788 110.9555 110.9285 107.9041 109.0949 109.3510 111.8163 114.3149 115.2081 110.2344 110.5104 107.3679 106.8865 106.0008 108.8225 107.2388 106.8972 105.6812 106.3198 105.3518 104.8402 108.6325 109.7632 111.6918 108.2673 114.7117 112.0001 112.8005 108.8461 109.3808 105.1333 110.9345 109.6920 116.0200
119.9300 113.0540 114.3052 119.8265 108.9747 107.9023 110.4616 110.8306 109.6857 107.6111 107.9781 107.4013 109.8581 110.0294 114.1831 109.9385 112.3104 107.5151 105.6563 106.8141 107.9442 107.2252 106.9110 106.6626 110.4399 108.6396 111.2162 104.7498 110.4039 111.4694 115.5887 110.8658 112.2216 101.8035 104.8300 107.1076 110.3284 111.2802 107.8114 109.3800
116.4200 114.1928 114.4722 113.7057 109.9203 108.6901 109.1164 109.8259 109.4612 108.5986 107.8548 114.2321 114.4317 111.8672 105.7689 107.9367 109.1171 105.5035 109.8325 110.4580 114.0665 107.3431 105.0982 105.6774 107.9962 106.6579 113.0227 108.2336 111.8040 107.8714 112.0904 107.5966 105.3903 102.5235 101.5736 105.1487 108.7436 106.9371 106.9677 109.3800
115.7600 122.7610 112.6637 109.9421 110.0216 109.8758 110.5586 108.9874 107.8499 115.5312 113.6910 112.7188 115.6075 107.0593 112.6334 114.3440 111.3284 101.7767 113.1769 112.0265 115.2657 108.7413 108.5333 108.8972 105.4548 104.8471 108.1298 109.1788 110.8668 107.0368 104.6287 105.4878 103.4133 104.2776 107.2601 105.2052 107.6260 104.2912 110.5198 108.9300
123.3500 119.5938 111.0031 112.0198 109.8881 110.8304 109.7222 108.9748 118.6599 116.2249 113.1525 113.1568 114.2872 115.8514 113.1356 114.4016 114.0088 117.2851 115.8875 116.9375 114.4619 107.9427 113.0839 108.5180 105.9394 107.4529 105.8875 108.5851 113.9221 110.7959 108.7936 111.6717 105.9189 107.7581 107.6986 106.9382 106.6095 106.8663 108.1579 108.3200
113.5800 113.2267 112.6471 110.2766 110.4544 109.8838 109.7925 111.3021 116.4740 113.9555 110.6142 113.1210 112.5461 109.1278 113.1415 113.1506 114.0278 113.6382 115.5257 117.2605 116.2935 109.7278 106.7139 107.3964 107.4208 109.3960 105.2182 108.8013 111.6025 113.5942 115.9485 110.7147 107.0736 107.1863 107.3544 107.2359 109.5933 108.4420 108.9087 108.3200
119.6000 113.1347 110.6443 110.9006 109.6489 109.7703 110.8605 110.5582 108.8281 110.4735 109.2348 113.9337 109.2366 108.4408 111.0930 113.6951 111.7213 112.4219 109.9245 115.5900 110.6197 108.1326 107.6352 103.0378 111.9519 115.6083 111.3604 108.3364 109.0425 111.8452 115.6478 109.3489 108.1481 107.9712 107.9274 107.7638 107.7038 108.2290 108.8456 112.1800
115.3700 113.4547 110.4595 112.2891 112.1776 110.1074 108.4263 109.9997 110.6305 110.4621 111.2151 115.0444 111.6128 108.0559 112.0786 109.7850 113.5086 114.6366 109.3792 111.0562 115.0485 115.9166 107.9911 101.2945 113.9326 114.9988 115.4879 108.5446 107.8078 107.0456 114.7897 106.8830 108.7635 107.5897 107.3813 107.1354 110.3180 108.2407 109.2021 112.1800
116.6800 116.5974 109.4020 111.4750 113.0721 109.4547 110.8266 111.4605 109.9637 107.8168 115.0611 113.2432 109.5423 109.1225 112.2532 113.3862 115.6466 113.5821 112.6102 112.0208 112.4422 117.8869 112.1809 102.4560 111.0887 115.0968 113.9946 104.4739 105.3501 108.2066 109.3919 110.3711 109.6041 109.3345 109.3042 109.6258 111.4704 107.8957 105.5340 101.5200
109.7400 115.4701 112.5487 113.9260 113.7540 109.2022 109.8522 110.0454 111.5692 112.9504 117.6458 110.0691 109.4055 109.0359 108.8068 115.5556 113.7159 111.5873 112.5769 111.2538 113.0871 108.1899 116.6165 112.6436 116.6435 114.0186 115.5910 106.3374 105.5934 107.6832 109.4090 103.7366 105.7367 106.2035 104.7998 108.1928 103.9910 102.8571 105.6581 110.1900
116.4500 116.0259 114.6935 111.1679 114.3451 109.6702 112.3485 108.4143 108.8027 110.6210 113.1634 111.9847 110.4461 108.7517 113.7399 112.8811 110.0817 115.0683 115.2610 111.0876 113.7528 116.6804 114.4973 111.6398 114.6005 105.7730 110.0763 104.7384 105.0013 111.2555 109.4246 107.0986 101.9539 102.5496 104.9418 107.5999 112.5132 109.5305 110.2573 111.3100
116.9500 118.1394 115.4484 115.3731 119.2830 112.3964 108.4805 112.7134 113.8265 113.3598 113.4059 111.9798 110.1874 111.7552 114.1280 115.5935 116.4390 115.6179 114.5840 110.8081 110.5003 114.3031 110.6461 113.6168 117.7935 112.7203 112.1904 113.7699 104.3814 108.7844 104.5264 108.4276 107.3131 107.7115 107.9953 108.3610 107.9638 107.9271 107.6804 110.1700
119.1700 117.9022 116.9036 116.5552 115.2840 114.3058 109.4851 112.7915 110.1104 115.2460 113.7833 111.9378 110.6148 109.1145 115.3640 111.8880 112.3106 115.2245 117.7366 108.8846 105.9025 111.3910 112.8773 106.1997 116.0755 113.7451 111.1617 112.0151 109.6583 104.2002 109.4733 105.2060 106.2735 109.4202 107.7079 108.5039 108.4886 109.0022 110.5959 115.4000
121.4600 119.0877 117.5977 116.2999 117.5501 114.1150 111.9665 114.0256 113.9648 109.3290 110.9886 111.3608 109.9189 112.0778 117.8762 110.2268 115.3198 109.2817 109.3564 107.6834 108.0223 115.0920 113.8792 115.6170 112.5780 110.6663 111.4798 114.7040 111.9528 106.1943 115.8013 108.2383 107.8454 109.1842 108.4462 108.8079 109.2832 110.2050 109.2641 108.9000
117.9500 119.5722 117.7570 117.4814 115.4864 116.2518 116.4835 119.2642 121.3479 113.4698 113.8396 112.9708 110.8294 114.7339 112.8719 112.2671 115.2317 111.4775 112.4554 109.5961 109.7878 110.2360 110.7565 114.8845 113.6345 112.3602 114.1440 116.5682 112.7445 110.9685 112.2538 107.4452 106.6818 106.8547 108.1315 109.2396 109.6647 110.7631 110.0656 109.4500
119.9300 121.7866 118.1095 116.6879 118.2386 118.0682 116.7824 115.8584 115.5163 115.2500 114.8822 113.6497 112.1161 111.7561 112.3279 110.5819 110.3009 113.6037 113.6734 111.4704 110.1805 108.5532 111.5490 115.8224 115.5593 115.9258 113.2202 115.1540 115.7361 111.2454 110.9460 108.2300 110.7700 108.2783 109.0039 108.3048 110.5321 111.7077 110.8625 108.7700
121.1800 120.4005 118.8765 118.3365 120.0711 118.4467 117.1986 117.2916 116.9275 116.5227 112.1745 112.0699 113.7620 112.3912 119.5599 111.7258 111.5099 115.2489 113.7765 111.7162 110.2602 111.0472 113.4749 120.8345 113.6998 115.2313 114.1387 113.4996 116.2778 110.1201 109.5447 107.9362 108.3607 109.2690 109.5981 109.9776 107.7596 111.2942 110.4252 108.7700
121.1800 119.4074 119.3509 119.1261 119.4879 118.9986 118.2790 118.4966 117.2629 116.7623 112.0921 111.1197 114.1443 111.1246 116.6474 112.2353 115.1111 117.3633 113.4438 111.9468 112.4181 111.4625 109.6834 115.0975 112.1256 110.0662 110.1416 113.7877 116.6726 114.2137 108.4146 108.6527 109.0726 108.8388 109.4216 110.2573 109.4253 109.9224 109.9268 110.7600
120.6900 119.8300 118.9014 120.2052 119.7789 120.8964 120.2803 118.5577 117.3673 115.6309 115.9527 114.4490 114.9089 113.2596 113.2195 112.6069 113.1719 113.4067 111.0346 110.7853 114.9747 112.7053 109.9414 111.9938 112.0705 110.5426 110.4420 112.5508 115.3792 114.1038 109.3699 108.9168 108.8028 110.2686 110.1237 111.7512 110.2638 109.8699 109.9510 111.4300
121.4900 119.8469 119.8843 118.5136 122.1499 121.9588 120.1721 119.6214 118.6343 117.5221 116.2224 114.9347 115.5524 114.3883 114.2093 112.9519 114.0209 113.3949 111.8777 111.0230 114.7021 112.8262 111.7784 115.6224 113.5143 112.5351 112.0350 111.2926 109.8615 114.2954 110.8212 110.4761 110.0135 110.9135 110.3196 110.4010 110.2712 110.2009 111.5375 114.3900
121.6500 121.8259 124.0417 120.3785 120.1576 121.4227 120.5456 121.3306 119.7810 119.0624 116.9666 115.8410 115.1774 114.3244 114.8497 116.0271 114.6893 112.5505 112.5993 112.5013 115.5702 114.6921 114.3145 115.7237 112.2676 111.2721 110.9696 110.7581 111.3124 112.3570 111.7185 111.4520 111.9584 111.9428 109.8993 111.2194 110.7221 110.7447 113.1759 114.4600
122.0900 122.0900 122.2900 120.4500 119.8400 119.2900 120.6800 121.3600 119.5500 119.5500 117.2100 117.2100 115.4900 115.0200 115.2900 115.3800 114.7100 113.2900 114.3700 112.7500 112.9500 115.3200 114.6100 112.3400 114.6100 111.4600 112.9700 111.0300 112.3600 111.3500 112.0800 111.4600 112.0700 111.2400 109.9800 111.5700 111.4800 110.4900 111.3400 114.4600
