111.0000 108.8000 109.1800 116.1900 113.1000 113.4000 111.2300 119.1800 118.8100 117.2300 118.3500 119.0800 117.9000 117.5300 117.3400 119.4800 112.7600 111.7500 110.7300 112.0200 111.0000 109.9200 108.9100 108.1100 107.0600 108.3200 105.5300 104.8600 104.8600 105.2500 105.2500 106.1600 106.0100 106.8100 106.7800 106.7900 108.9000 109.0500 105.8300 105.8300
110.0900 110.5123 110.0611 109.0181 111.7364 114.0074 118.1697 114.7100 118.8047 118.1493 118.4558 119.3455 116.0381 119.4454 120.0902 116.1204 118.4485 114.9673 111.8516 110.6813 109.6696 108.7089 107.8235 106.8385 105.9536 105.6090 105.1997 105.1139 105.4944 105.9562 106.3526 106.8046 107.0295 107.1913 107.3330 107.3352 108.0772 109.5332 106.8359 106.9500
116.2200 112.5494 109.6993 108.9636 107.6708 118.7556 118.3712 118.1397 118.5751 116.1464 119.0960 117.0464 116.3699 118.3536 117.2417 115.0165 117.8919 112.3864 111.3770 109.3525 108.6327 107.6397 106.8667 105.6582 105.1211 105.0831 105.5171 106.0827 106.6030 107.1967 107.7546 108.2094 108.4785 108.9240 109.0288 108.9131 108.5872 110.3471 108.4318 108.3800
109.3100 114.9131 112.9539 111.3708 109.1546 108.7268 111.0253 113.3727 113.6553 114.7419 116.2986 116.4077 118.7865 113.2831 112.0699 113.7791 114.7432 114.5222 112.8211 108.1945 107.5107 106.7678 105.8621 105.4466 105.6412 106.3563 106.6336 107.4214 108.2434 109.1369 109.7146 110.0510 110.4552 110.8744 111.1184 110.5717 110.4046 110.8440 109.9299 109.6900
114.5600 118.0628 113.5728 110.4292 112.4639 112.2305 109.7812 114.7714 114.7721 114.0264 114.5167 115.1665 114.3340 112.4915 115.3423 112.8995 112.5279 112.1122 112.2921 107.7131 106.5015 106.0258 105.6492 106.5875 106.6790 107.2424 108.3510 108.4289 110.4257 111.8316 111.3692 111.4137 110.1183 111.4196 111.4107 110.6460 110.7098 111.1944 110.6719 110.6500
113.7500 110.2669 117.6127 112.6417 110.5609 114.9722 114.6851 113.2940 111.2797 115.7279 114.0596 115.1065 113.0516 113.7354 112.1293 112.5362 111.3041 110.8432 111.2137 105.9909 105.4825 107.0255 106.1145 106.7033 107.1615 107.3515 108.4444 106.1518 112.5937 112.7570 111.1252 110.3686 106.0989 108.6058 108.3165 107.8327 108.3147 106.5607 106.4369 106.0100
111.6100 110.2129 110.1789 112.0684 116.1555 110.4781 115.6027 116.7535 116.3342 111.2504 111.6015 113.5833 116.4649 113.3490 112.8180 111.4661 111.5557 112.3685 107.2238 106.8862 105.9279 107.0479 105.3891 106.1773 106.6055 106.4885 106.5660 105.8884 106.3892 109.6907 108.0394 106.5676 104.7737 104.7334 104.3748 103.8217 104.2663 104.0679 105.2231 106.8700
110.1800 109.6080 119.2298 114.5581 113.1981 117.2444 117.1550 114.7819 117.0739 113.2858 112.8235 115.2359 111.2504 110.2707 114.2308 113.5279 113.3514 112.5443 106.2754 107.4968 107.1250 108.8720 106.8426 105.2692 105.9573 105.6935 105.7591 105.2881 105.9598 106.1054 104.2955 103.3898 102.9241 102.7183 102.7115 102.7132 102.2534 102.7302 102.8194 103.5700
114.0700 111.5068 109.8937 118.1286 115.2470 117.4062 114.9828 105.9177 110.8761 112.7832 113.7538 111.9660 109.3252 107.3526 108.7196 111.4522 113.4701 111.4629 107.2924 107.0038 106.5033 106.1716 106.5177 105.3632 104.8412 104.5483 105.0848 104.8317 105.2111 103.5902 102.8477 102.9850 103.3797 103.3705 103.0431 102.9874 103.0228 103.3346 103.4058 102.8200
113.6700 115.0319 114.9903 117.8587 118.4662 113.7633 115.9644 117.7353 108.4662 110.4667 111.6187 110.9028 108.1161 112.0973 113.3578 110.1771 109.4363 108.7993 106.8266 107.1069 105.8609 106.4531 105.2843 105.0846 104.8835 104.6761 105.6197 103.6033 103.2294 102.8281 102.8808 102.1620 102.1041 101.0700 100.7609 100.6059 100.7354 100.9983 101.8666 103.4300
112.4100 111.7504 112.9161 118.5831 117.7272 110.8944 113.3341 112.6552 112.5878 111.7038 110.2239 111.2343 109.1875 109.9810 107.1750 108.8120 106.7201 107.8576 107.3452 107.1219 106.4671 105.5932 106.8255 106.0645 105.9207 105.5837 105.2662 104.1839 102.8763 103.0809 101.0404 100.6993 100.2766 100.0342 99.8709 99.8195 99.8610 100.0321 100.2091 100.8800
110.2800 114.3519 111.0329 111.2877 112.6963 114.2778 109.3748 112.3624 112.1111 111.2148 110.3106 114.4149 109.1380 110.6512 112.9713 107.5941 112.3311 110.9008 106.8680 107.1369 105.8818 106.0532 106.3765 105.2310 105.2728 104.4732 103.4381 103.5623 101.8937 101.2435 100.4558 99.7138 99.2107 98.7703 98.4678 98.3794 98.4567 98.6947 99.1913 99.6700
111.6300 113.6294 115.6600 112.2082 109.3829 109.1336 111.5350 110.3605 111.4478 112.3707 108.4679 112.0931 111.9062 115.5382 113.5240 107.4538 112.4040 107.9170 107.6716 106.5997 105.0713 106.3814 104.6229 105.7449 103.7235 103.2183 104.0216 101.6362 101.1206 100.1459 99.4419 98.5371 97.8579 97.2759 97.0503 96.7246 96.9627 97.3746 98.1059 98.4600
112.7700 115.9116 114.0395 113.7359 113.2704 110.1941 107.6365 112.1219 114.8183 107.8689 108.3071 109.0432 111.8552 110.0841 112.5389 108.4401 108.0682 107.6547 107.0395 106.0069 105.3530 105.4419 105.3996 105.7125 104.5532 103.1960 101.8561 100.9721 100.2941 99.4439 98.1790 97.2166 96.2408 95.4417 94.8987 94.6531 94.9849 95.7840 96.3831 97.3200
117.1600 116.6286 116.0303 115.2193 115.0835 113.0159 111.1972 110.4055 113.2328 109.6433 108.6995 108.4043 109.7656 115.7985 110.7013 106.9082 108.9768 106.5615 106.7146 106.4919 105.3570 106.3251 105.3846 104.0696 104.5357 102.2883 101.2452 100.3809 99.6979 98.8815 97.1088 95.7620 94.3338 93.1565 92.4692 92.2548 92.3620 93.1583 94.2894 95.7300
117.3000 117.3265 113.7124 112.1001 114.8200 110.6755 114.0581 111.3184 112.8978 111.4770 108.2479 108.3883 109.1246 112.6831 108.9910 107.3697 106.1588 107.1295 106.6581 106.2449 105.3449 105.6822 104.9462 103.9031 103.3987 101.8176 101.0940 100.0246 99.3790 98.2894 96.0414 94.0448 92.1469 90.5146 90.0867 89.4736 89.5855 91.0177 91.8999 92.6100
116.0000 115.3829 115.1282 113.8204 116.1821 112.2142 114.6220 112.1327 110.8606 111.6979 110.6050 108.6203 107.9309 108.2466 108.3758 107.0896 106.6264 107.9357 106.8804 105.8935 105.2750 105.3556 104.6609 103.9236 102.5088 101.8549 100.8458 99.6670 98.7652 96.8604 95.0411 91.7757 89.7868 87.2764 85.8352 85.3205 86.0777 87.7811 90.3197 92.6100
115.9300 113.5293 116.1141 115.5930 114.5376 115.9368 110.9437 110.9136 111.9883 111.2317 110.4106 108.3310 108.0487 108.8407 108.6101 107.6479 106.1832 107.4166 105.8874 105.4022 104.8792 105.5526 104.6693 103.4062 102.2179 101.6991 100.3945 99.4789 97.8796 95.8065 94.1000 90.7804 87.2785 83.6736 80.7094 78.6569 81.1172 84.3894 87.5112 89.6600
114.4900 113.4688 114.1893 114.1854 112.1330 112.8596 109.8796 109.8432 109.4697 109.6125 109.3373 108.6154 108.1052 108.4785 108.1985 107.8933 107.4313 106.9149 105.9918 105.2800 105.3366 104.3517 105.3023 103.5213 102.3469 101.7043 100.8130 98.9136 97.9855 95.6483 93.0612 88.9809 85.9035 83.3163 75.1837 68.3971 71.1263 80.7865 84.9376 86.5000
116.2200 116.2005 112.3037 111.5381 112.7610 108.3691 110.7277 109.3101 109.9524 109.7082 109.3722 109.0334 108.1089 108.8190 107.1306 106.9876 107.3137 106.6596 105.5622 105.8608 104.7670 104.6578 105.3198 102.6736 102.2607 101.5902 100.6715 98.4919 97.3537 94.6066 91.7783 90.1482 88.8346 82.9506 69.1865 62.9135 67.3281 81.7447 83.7368 87.1600
116.8400 118.2169 110.7243 108.5735 112.4016 111.7913 110.4765 109.9597 109.8569 109.6678 109.4848 108.8248 108.4071 108.9245 107.0637 107.7603 107.7329 106.2006 106.2371 105.2917 104.6738 106.3389 105.8812 102.3656 102.2533 101.5808 100.6638 98.5282 97.2675 94.5955 91.6293 90.2342 89.1017 83.1467 69.7248 63.8616 67.6276 81.8700 83.4482 87.1500
115.5600 112.9384 109.4175 114.0470 110.0097 111.5396 109.7903 108.9433 109.8260 109.3389 109.1026 108.6715 108.9330 108.3131 108.6421 108.1771 107.9490 107.7516 105.9531 105.6482 106.4626 104.9384 106.0174 102.9114 102.2213 101.6218 100.3188 98.8307 97.4110 95.3786 93.1760 92.0202 90.0921 81.7669 76.0703 72.6874 76.0897 86.0424 87.6053 90.9700
113.4400 112.9948 111.0587 109.5811 112.1088 115.3077 112.3661 109.6241 109.8393 109.7073 109.3391 108.6562 108.9658 108.8032 108.3360 107.4508 107.6788 106.1780 106.6365 107.0760 106.7475 105.1050 106.0648 103.0968 102.6709 102.0032 100.8894 99.6451 98.6362 96.6959 95.5913 93.1467 90.4149 85.1105 82.5025 82.1148 84.8764 84.6678 86.8593 90.2700
112.8600 112.4496 111.0540 110.1212 109.1093 112.7885 112.5222 109.7775 109.3016 109.2803 109.2893 108.7093 108.8785 108.5063 108.2801 107.3933 106.5846 106.5516 106.6050 106.6074 106.3722 106.3347 105.1447 103.2668 102.7232 102.1032 101.0321 100.6143 99.4234 98.2271 97.1979 94.5195 92.3908 90.6011 88.9728 87.3465 88.7075 89.4032 90.3362 93.1400
115.6900 110.3531 112.6162 111.1120 109.5258 108.3071 108.7116 109.2617 108.6330 108.6076 109.1932 108.8579 108.9038 108.7714 108.2824 107.5932 106.5784 107.0432 105.9728 105.9957 106.1730 105.3274 105.6789 103.5683 102.9356 102.2703 101.4429 101.0585 99.9697 98.9923 98.1264 96.5967 95.2261 93.8605 92.0266 91.2724 91.8814 93.4966 93.5224 93.1400
111.1100 109.6916 110.0416 109.8251 109.7469 109.2334 108.9021 109.3168 108.0808 108.1887 108.8298 108.6179 109.2830 108.8929 108.7387 107.8648 107.3571 107.2463 106.2504 106.4863 106.3560 104.8384 106.4589 105.3872 103.3582 102.6097 102.0054 101.4415 100.4416 99.3506 98.9175 98.0398 96.7998 94.4707 94.1935 93.4570 93.7122 95.8718 95.6590 96.7600
111.0700 111.7423 110.3139 110.2351 109.5791 110.2833 109.7016 109.9548 107.7284 108.4805 109.2624 109.0960 108.8844 108.1156 108.5043 107.4056 107.3501 107.5791 106.0963 106.1902 106.1195 106.3058 105.6682 105.8143 104.9173 102.8940 102.2628 101.9273 101.3623 100.2598 99.4683 98.6470 98.4802 97.1076 96.5421 96.3989 97.1734 97.5740 97.6326 98.7500
115.0000 115.0476 110.5572 112.6483 109.7232 109.4703 108.5982 109.2658 108.6163 108.5814 109.5587 108.8682 113.0504 110.2643 108.7936 108.0918 107.6161 106.1433 107.1820 106.3918 106.0789 106.0182 105.9202 105.9162 105.8583 103.3157 102.8199 102.4521 101.8912 101.0382 99.9399 99.5804 99.7778 99.3759 98.5044 97.8488 98.3274 98.1667 98.9733 98.5900
115.8000 115.5553 111.4327 110.3344 111.3942 109.5562 108.4216 110.8796 109.2360 109.1527 113.4405 110.8788 109.5312 108.9829 108.4674 108.4668 108.8349 111.8877 106.1040 106.2915 105.7973 105.9970 105.6002 106.4795 105.7765 104.9412 103.2525 102.9599 102.5364 101.7382 101.2074 101.0174 100.6530 100.2091 99.6316 99.5108 99.4140 98.8728 99.2975 99.9900
115.2800 114.4391 111.6184 109.9887 113.9948 108.7749 108.5386 108.2032 111.8876 115.5987 114.0138 114.7436 110.2356 109.1654 110.4706 112.3843 112.0026 109.6608 106.8048 107.4079 105.7486 106.0731 104.9827 106.1695 105.6508 105.0356 105.3950 103.0870 103.0760 102.5203 102.0102 101.4564 101.5459 100.6627 100.5155 100.3664 100.3550 100.3908 100.5851 101.0900
116.2400 114.9244 110.7387 111.0014 110.8077 108.5252 108.3039 110.3423 107.3198 113.7360 110.5529 109.7338 108.8512 113.9376 111.4513 114.3899 113.1843 106.5774 108.4027 107.8131 106.4972 107.0475 106.2710 106.5872 106.2609 104.4734 104.6446 105.3348 104.0891 103.0299 102.5962 102.2513 102.0166 101.7878 101.6913 101.6004 101.6897 101.6161 101.6795 102.4300
111.5800 111.6325 111.0823 112.9854 110.9015 108.8616 108.7911 114.1133 111.3986 108.0582 112.1622 115.5978 111.9973 113.0046 107.6503 112.7939 108.6196 108.9581 108.4323 107.0956 106.9570 107.3346 107.0555 106.3174 106.9903 104.9315 106.2463 106.4952 104.6303 103.5607 103.6155 103.0909 102.8092 102.6062 102.3276 102.1852 102.2716 102.5765 102.7777 102.9200
113.7300 110.1078 110.0329 111.3848 110.2079 111.5642 114.6166 114.8581 109.9808 109.6734 115.2386 112.4870 113.3262 109.8661 111.2235 109.3768 107.4048 108.1028 111.5255 108.4002 106.5838 107.0663 107.3389 106.2682 105.7926 105.4673 106.2506 105.5741 104.8092 106.5192 105.5641 103.7928 104.5789 103.5948 104.8025 103.6538 104.7778 103.3997 104.4341 104.7700
112.7100 113.0618 113.2129 117.9284 112.7378 115.4619 111.9410 113.4799 113.9271 115.1046 113.6716 115.8278 114.4057 113.1690 113.7181 114.3836 110.4129 107.9544 110.6176 108.9475 107.3403 107.0166 108.6380 107.4034 106.2462 106.8033 105.3952 105.3447 104.9589 104.5703 105.0498 105.6263 106.3291 104.6134 104.4829 103.8373 104.3580 105.3666 104.9342 104.4400
117.3100 116.7373 117.4620 113.3411 117.1015 114.3307 114.4426 114.3704 113.2863 115.5543 112.2847 113.4719 115.4407 113.7112 114.3321 112.4653 108.8502 110.3679 111.0985 110.3379 107.5234 106.4581 108.3288 109.6559 106.6389 107.0425 105.6397 105.3977 107.0717 105.5809 105.7493 105.8822 106.0505 106.5010 104.6676 104.4273 106.8351 104.2644 105.2683 104.4900
109.1900 112.3498 113.9469 113.6866 115.3545 111.8139 116.3585 115.7751 115.1834 114.5161 109.9686 111.6868 114.6246 111.5787 113.3317 108.1240 107.5400 114.7952 113.9989 108.6122 108.2261 108.7975 107.7541 107.4577 106.7160 106.8041 107.0938 105.9549 107.2686 106.0062 106.2681 105.9198 106.4590 106.2789 106.8775 106.8577 106.1132 106.1703 105.3560 106.2900
115.9100 116.0715 111.3910 115.8298 112.1243 116.8779 115.6844 111.4834 113.5894 114.8908 112.3538 111.3217 113.4180 113.6747 113.9492 111.6717 111.3768 113.2599 111.4235 110.7353 107.2651 108.0783 108.4926 108.3500 107.9450 108.1010 107.4293 106.9664 107.7785 105.2246 107.4565 106.8015 107.1698 106.7023 105.6674 106.7925 106.6826 105.4986 106.4750 105.5600
116.5800 117.3699 114.1395 116.0025 118.0130 112.8337 111.8676 112.1248 116.4996 114.8333 113.3723 111.9580 112.2120 116.0297 115.7517 116.2706 113.5344 107.9717 110.8210 111.2957 107.7344 107.4842 108.0642 108.6109 108.4681 108.3681 106.8357 106.9220 106.8141 106.0215 106.8321 105.9983 107.4465 107.0469 109.6399 107.3450 107.7912 106.0466 106.3829 106.2400
123.2700 114.8150 113.8491 114.4651 117.5270 115.1243 114.7367 114.8270 116.0249 116.1717 111.1563 110.8571 110.0162 114.7411 113.9447 115.6083 109.7741 113.6116 110.6780 109.3662 107.9401 110.1202 108.5704 109.0021 108.7293 107.3032 109.4834 106.1181 107.8329 106.8469 107.0961 106.6594 107.0567 106.3443 107.4596 107.7398 107.0025 106.7495 106.4202 107.4000
123.2700 114.9600 111.1100 111.8700 111.8700 115.4100 114.6800 114.8200 112.4800 113.7600 112.3700 110.7100 110.7100 115.8000 113.9100 115.8600 115.8600 111.2800 110.7900 109.5300 109.4400 112.8700 108.8700 109.1900 108.2100 108.5000 113.3300 106.0800 107.6300 107.5600 107.5600 107.3800 107.8900 106.6700 107.4200 108.0300 106.6600 106.1600 107.2600 107.7700
