112.1300 109.9100 112.5800 120.0900 115.7000 121.3000 114.3100 120.0300 117.7200 119.8500 119.3100 111.1900 109.5800 108.9500 107.4100 104.7700 104.3100 106.9100 105.8400 111.6400 107.7800 111.3600 101.5800 101.2200 100.1000 99.5900 98.3800 95.6700 94.0000 91.9200 86.2900 86.2900 82.3900 82.1000 86.3100 89.3900 94.0400 95.7100 97.0700 98.2000
112.9000 111.7778 116.8003 110.1998 118.9361 121.6356 112.8769 120.5552 120.1384 117.0394 115.9326 110.1029 107.2005 108.7891 106.3781 104.4874 103.1418 106.3926 105.4046 112.4710 107.9431 113.5103 101.0952 101.1654 100.0420 98.7918 97.0972 95.0603 92.3180 88.7076 84.4621 79.6360 76.1332 77.9959 83.1434 87.4633 91.3334 94.7600 96.6113 98.0000
115.3800 113.5663 114.3039 118.0589 113.9942 119.3786 113.0796 119.2867 118.9980 119.7175 119.7643 116.0326 108.0130 106.2019 105.2953 104.3279 102.7194 105.9494 109.3667 112.3274 113.5281 105.8827 99.6327 100.6626 99.7249 98.3853 96.6811 94.3851 91.1916 86.8181 81.4426 72.5793 68.4980 70.5746 79.1576 85.2885 90.0135 93.5832 96.1910 97.8800
111.2400 114.0267 116.6284 116.0070 112.1316 109.8389 118.2324 118.5340 109.8507 109.9743 111.9696 110.3312 107.7824 106.4163 104.3909 103.1015 102.7689 103.4610 105.9370 112.9151 113.2911 105.6926 99.6470 100.7358 99.6568 98.2993 96.5370 94.1534 90.7920 86.1355 80.0627 69.4992 65.1518 67.5760 77.2041 84.5284 89.5693 93.2712 95.9059 97.8200
115.4400 117.0423 118.5909 114.1003 114.0950 111.9692 107.8221 114.5907 110.6718 108.6542 111.0493 109.0701 110.4898 108.1038 105.1201 103.1308 103.3631 103.8191 106.1773 112.6095 113.5748 106.0829 99.6418 100.6338 99.7332 98.4052 96.7082 94.4222 91.2531 86.9367 81.6922 73.2276 68.9739 71.1697 79.4936 85.4452 90.1083 93.5983 96.1100 97.8300
119.8900 119.8595 119.9499 117.0797 117.6060 120.1513 104.6834 108.7064 111.4988 109.3803 113.0230 109.3704 107.5820 104.4340 105.2245 103.0573 102.4831 103.5925 105.7605 111.5865 113.8638 107.7273 99.9967 100.3409 99.9737 98.7101 97.1404 95.1270 92.4287 88.8898 84.8979 80.2537 76.9398 78.6818 83.5900 87.6984 91.4607 94.4192 96.6059 97.9200
120.0200 112.6961 117.4316 118.6714 114.7867 116.2925 106.9832 106.0613 105.7393 112.6520 109.8516 105.3391 107.3135 105.8815 104.2087 104.5016 102.4651 103.3765 105.3986 110.1205 114.8441 107.1259 101.9499 99.9571 100.4892 99.1542 97.7781 96.0954 93.9699 91.3481 88.3726 85.8013 84.4582 85.2908 87.5133 90.4895 93.2461 95.5315 97.3207 98.1000
110.5900 108.9149 114.9967 119.3223 114.3217 111.9597 112.8985 114.0016 103.6598 108.7973 108.3356 106.0462 106.2594 107.2322 104.6078 106.5194 103.5841 103.2596 105.4951 108.5863 112.6786 102.3915 101.1257 98.8326 100.8278 99.5843 98.5372 97.1736 95.5779 93.7530 91.8326 90.1834 89.4105 89.8363 91.2906 93.1767 95.0666 96.7297 98.1579 99.4600
117.1800 108.6133 118.8671 114.0568 114.5314 113.3184 114.7648 110.6479 108.3259 108.9382 108.5060 107.8740 105.5866 105.6809 105.0984 106.8011 104.3912 103.2678 104.5707 110.4648 113.4883 111.4322 102.3320 100.8426 100.7109 100.3614 99.3471 98.2524 97.0610 95.8085 94.5795 93.6324 93.1824 93.4335 94.2541 95.4325 96.6985 97.9099 99.0193 99.7200
109.6800 108.7941 112.9193 117.0679 110.6777 117.2747 115.9667 112.5137 109.2709 110.4372 107.2671 109.4348 107.8893 106.4840 105.3990 104.9693 110.7433 105.1960 105.1522 110.0833 111.9059 114.1959 105.6990 100.8287 99.7913 100.2882 100.1206 99.2673 98.3165 97.4824 96.7094 96.1047 95.8392 95.9868 96.4874 97.2377 98.1073 99.0049 99.8419 100.6700
110.5100 114.0146 109.9030 116.7365 114.5355 113.5546 111.0498 110.9819 112.1581 108.4553 108.3600 108.1833 112.9980 109.8973 110.9467 106.3954 105.1155 109.6413 103.0236 106.8077 110.2650 114.6530 111.7824 102.1760 102.2637 102.4638 100.6836 100.2511 99.8168 98.8745 98.3248 97.9431 97.7882 97.8650 98.2022 98.7233 99.2899 99.9936 100.7233 100.9300
108.1700 108.3714 109.3878 114.4399 117.5593 117.3707 107.7986 105.3643 106.2903 109.7575 104.3382 108.9195 108.4398 106.7582 105.6269 105.7910 111.1963 105.6597 104.8900 113.3816 115.6748 110.7389 113.0014 107.7946 107.6018 103.2589 104.8852 99.7282 100.4818 99.9995 99.6134 99.3618 99.2209 99.3110 99.4953 99.8130 100.6095 100.5416 100.0356 99.3400
108.5200 110.0702 118.4914 118.1181 113.2903 110.3858 112.6721 112.0755 103.8562 103.6437 111.7223 112.4536 105.8789 106.5563 115.3752 105.0227 108.1944 109.3983 104.5496 112.2543 111.5693 109.8266 105.6438 111.5932 114.1851 104.9837 102.8361 107.9824 101.1163 101.5020 100.8024 100.3782 100.4090 100.3873 100.5378 101.2913 99.2636 99.5632 101.0328 104.7000
112.9900 109.7507 112.9276 112.7074 111.7969 115.3864 115.1343 110.5733 104.4149 107.8306 110.9559 112.8140 108.3445 109.5019 109.7101 106.0912 107.3899 109.3519 110.0230 110.0882 114.4047 110.5915 110.1782 113.6158 114.6310 108.0570 106.5954 111.1685 103.5004 103.9679 100.2962 100.1556 99.9019 99.9357 100.4021 100.2461 102.1688 103.5376 106.0034 102.7000
116.6700 113.0262 115.5313 114.0862 110.5334 111.9055 114.6717 106.4271 111.6200 106.9188 102.2618 101.5026 106.7735 115.0734 111.0588 107.2505 108.8119 109.2838 107.7725 109.7739 111.5961 106.6044 106.0945 101.5701 113.5758 105.4631 105.1236 103.7730 102.2033 103.5039 104.1453 101.4998 103.0955 103.0202 103.9882 101.8205 103.8493 102.8961 105.7547 111.9800
120.7200 119.9572 115.4311 117.8104 116.5155 121.0743 108.8277 110.9059 108.8617 107.1800 101.0258 97.7524 111.5252 112.1438 114.2266 108.6248 108.1302 111.8029 108.1753 107.3063 112.1118 108.6683 111.6194 108.5592 107.1474 105.3320 109.9563 108.0363 108.2111 103.8469 111.5449 109.4546 111.3653 111.5309 112.4809 113.8259 113.4608 114.7454 113.0114 112.1800
120.7200 121.3319 117.5871 119.0430 115.3055 116.1781 111.4020 112.3058 109.6728 114.4776 111.7473 124.4751 112.7559 109.8620 113.6453 112.1766 111.2046 114.2070 109.4674 109.2621 110.7716 106.4164 105.6012 106.3363 108.6114 107.5051 106.1329 108.5829 104.3083 103.3124 111.2981 114.5270 112.8984 113.0981 112.4591 114.8726 114.9389 108.4272 107.8670 112.1800
109.1200 120.6730 117.5333 114.4354 118.3778 118.5735 117.0598 116.8497 111.6293 113.5667 112.5501 107.3252 106.7465 113.6035 114.0882 111.8878 107.1766 109.8105 110.4956 106.7405 105.6014 110.0753 106.3579 105.5603 108.5202 107.2076 106.6741 107.5851 104.8701 104.7157 113.2968 113.4924 107.2048 109.1680 113.8566 108.1486 110.6279 115.6374 109.6196 107.0300
116.1800 117.6557 121.1587 112.5337 118.8904 115.5077 118.3075 111.8827 114.6855 111.7361 107.3204 110.1811 107.5591 112.3361 115.7817 112.9672 108.6734 107.5187 107.4142 108.1492 106.4333 109.5629 107.0609 109.4038 105.3400 104.7635 106.8391 105.0553 105.5378 108.0169 115.2972 109.5364 105.4838 109.8262 111.6886 116.4552 111.3887 114.7568 111.3963 111.3300
123.2800 120.9494 116.9766 118.3211 120.7010 119.4263 110.5012 109.2700 109.0555 106.2024 106.6446 108.3925 108.1083 114.5765 114.9458 110.5694 110.0482 110.2500 108.1181 109.0993 108.4749 106.0690 107.1934 106.2554 105.2717 104.3698 104.9590 106.9528 110.6475 109.7549 113.4063 106.6389 105.9575 112.1526 112.7164 114.8599 113.0300 114.8081 110.4575 111.3300
118.4800 118.5262 119.2242 117.8585 111.9923 110.1679 109.4207 110.2911 109.4060 109.4292 107.4837 113.3873 109.3319 113.6627 108.6601 108.3719 110.1813 102.6186 106.6027 106.2345 108.8941 107.3558 105.7864 105.9359 107.1149 106.9924 111.4365 107.9464 107.6225 107.2728 113.7421 106.8341 116.3556 101.9135 103.4385 109.3478 106.8883 107.3501 110.0896 114.1800
118.9600 114.9066 111.9660 120.3202 109.7468 109.5028 109.6549 109.8691 108.0030 108.0725 113.2811 113.2853 114.4256 115.1932 112.6240 111.7657 108.7924 101.8422 112.0814 111.9678 112.1122 106.8091 106.6037 107.0294 106.7249 107.2768 106.6157 106.8303 109.3104 105.8357 105.4922 112.2756 108.1459 104.2723 108.6965 106.1687 107.6284 107.2232 113.5802 113.2100
118.6400 116.1972 123.0216 111.8473 109.5526 110.3460 110.4973 109.2530 108.6195 112.7719 112.3513 114.0224 112.0978 116.2676 113.3918 110.0904 115.5034 112.6745 114.4028 113.4671 115.4458 113.4931 108.5599 107.8400 107.8455 106.2664 106.1565 106.4661 106.7657 109.1890 105.8568 109.8876 111.3100 111.0274 107.0778 111.6095 111.9483 107.2293 109.1158 107.0700
117.8800 119.1011 116.9942 111.5117 109.7384 110.4291 108.8306 108.6352 109.9291 112.1183 115.0258 114.3540 115.9582 114.1284 113.0711 110.6766 109.8843 112.3790 112.6119 117.1420 114.2219 115.7715 106.7835 106.6716 109.2123 109.0125 106.0021 110.0549 108.4917 112.5331 110.5888 109.8751 111.7442 107.3452 107.9733 107.7599 108.7702 107.8695 106.6837 106.9800
119.7600 116.7474 111.4106 110.6491 109.6481 109.5465 111.3630 109.3490 108.9526 111.0515 109.6311 114.3551 115.4110 113.3967 112.5009 114.7647 112.2722 113.2907 105.3566 115.9347 110.4274 110.9847 109.5143 106.7579 110.1035 109.6267 115.5394 105.9599 114.4994 114.8407 113.2257 109.7225 108.2889 108.3897 109.0586 108.9522 108.8902 108.7481 111.3998 108.2500
120.6700 112.1839 113.1459 111.6387 111.0370 109.3315 111.2390 109.8289 111.3886 109.8611 111.3917 117.4267 109.7382 109.8840 110.4023 114.1637 113.2511 112.3275 112.0268 111.3569 115.5720 113.9126 102.8067 102.9572 108.9016 110.0982 110.0931 107.1480 112.2339 108.7918 110.9721 108.4385 108.9654 109.4074 108.1288 108.1193 107.2457 109.5628 109.6900 110.0600
120.6700 113.4429 111.1956 112.1307 112.7469 109.5324 111.3984 110.4265 109.7013 109.8785 112.0587 116.6681 112.2394 109.7182 110.8093 114.1801 113.9209 114.2146 113.5680 111.6797 115.9332 115.8336 110.4178 105.2765 106.1609 115.4187 112.6919 101.8006 101.6342 106.0709 104.1629 113.1342 108.9779 106.2541 104.7034 108.9453 103.4131 102.3058 118.6325 115.2400
118.8200 117.4896 112.8523 114.5294 116.1253 109.6057 110.2920 110.4383 110.1182 112.7057 113.3893 117.2453 112.1310 108.8126 110.4633 117.8435 116.2063 115.8137 112.0985 111.3570 112.7052 105.3907 114.3807 114.7969 115.3285 112.1323 116.9017 107.6248 107.2702 108.3291 108.2696 103.8986 105.2645 103.0752 102.5193 112.8059 108.9894 107.1402 106.9732 115.2400
117.2200 115.7569 114.9094 111.0955 115.0814 110.1747 110.2273 109.2162 116.9653 108.6234 119.3647 117.3194 111.4295 109.0961 106.3140 110.3992 108.0464 108.4773 115.2311 113.7403 109.9039 113.4506 116.6937 115.3198 116.5104 107.4317 115.4400 110.0133 111.0598 111.2424 106.1754 112.1602 103.0256 103.6106 107.9497 108.5776 108.1113 109.4254 112.1019 109.3300
118.9000 116.6066 117.6116 113.4766 115.7893 110.4983 112.5368 108.6328 113.0006 114.8369 121.7080 113.5069 110.4865 115.5215 114.8121 116.7509 112.0473 112.0788 117.9272 115.1944 111.0111 112.1091 114.3876 110.8140 116.2967 113.7160 115.4483 111.2145 109.0459 113.6444 108.2800 115.9478 106.0210 108.9177 107.0958 108.5891 109.6364 108.4713 113.3010 110.1700
117.9000 117.4756 118.3604 115.9337 114.9955 114.5396 112.6142 111.6342 109.2537 119.7243 120.4392 113.0111 109.9273 110.8398 119.3339 114.4162 112.4344 117.1326 116.3857 110.7259 108.6204 115.5455 115.1841 113.0446 113.6769 114.6674 110.0029 111.4903 108.7049 108.7236 114.7407 112.9472 105.7224 109.7484 108.5454 107.7411 111.8370 111.4870 109.4509 110.1700
118.4200 118.3628 118.2307 116.6329 115.5200 112.1994 109.4064 115.3214 117.9492 111.9341 109.1400 111.2645 111.0426 112.6407 119.0792 109.6817 111.3637 111.3640 108.1776 109.2900 108.8267 116.0487 112.9219 116.1162 116.7688 113.2955 110.5010 114.3948 111.6253 111.1113 112.0853 109.5890 111.5576 106.8975 108.3621 109.0309 109.2265 109.2079 108.8266 110.0700
118.0900 120.7622 117.7723 117.7261 117.9759 115.2782 118.2554 120.4972 121.0083 112.4814 112.8606 111.6588 110.7846 111.6461 116.8522 112.6636 111.3898 110.8028 112.2689 110.9901 110.1129 109.6934 107.4183 109.3830 117.1644 114.7816 110.4551 110.7698 113.5018 114.2824 111.5502 111.2127 108.1958 112.2724 108.3235 109.1302 110.6988 112.4772 109.2184 110.9700
119.2600 120.0632 117.8430 116.9674 115.5948 116.4163 116.7683 117.5779 114.8654 113.4506 114.0211 114.8001 112.4140 112.6228 112.0558 111.5514 114.4809 112.8360 114.7077 112.1711 110.2662 109.2406 110.3382 109.4934 118.3790 115.0032 111.8338 114.4540 116.7005 113.6132 111.5199 112.1994 109.3518 110.4723 108.3461 109.5118 109.7732 111.2881 110.7665 110.0200
119.6200 120.8504 119.1807 117.7610 116.8509 119.4935 118.2518 117.9024 115.7019 115.7713 115.4195 114.4953 113.4858 111.3977 116.5635 115.1218 117.7591 113.1416 115.3942 113.1310 110.9425 109.5018 111.2072 111.3961 116.4445 116.7308 115.5874 115.0929 118.2136 110.2690 109.4799 109.1088 109.3058 110.5772 108.5595 110.7550 109.1540 111.4931 110.1853 111.3200
120.0900 119.9615 120.3097 118.1875 117.1677 119.8584 117.9425 118.5450 117.7185 116.4496 112.6559 110.0090 114.5393 109.9455 115.7023 117.9290 120.6020 115.3800 115.2380 112.1591 111.0749 112.4625 112.3485 115.4017 111.6159 111.0539 115.8509 113.2938 118.3339 110.4000 110.8721 108.9842 108.6124 108.6566 109.5267 110.0556 109.1663 109.9935 110.2505 110.2400
120.0900 120.2242 120.0085 119.5596 120.3027 119.6172 118.1855 118.2701 117.5221 116.9369 115.4001 109.2338 114.8392 114.9585 114.1437 113.0254 112.9115 116.9147 114.1896 116.0097 113.4603 113.3087 108.4312 109.8546 113.5583 111.6991 116.0566 112.9895 118.1627 114.4434 110.3075 111.1099 109.3767 110.3170 110.8300 110.9820 109.6517 109.5244 110.2465 110.4500
121.6500 122.9506 119.3884 119.2734 121.6835 121.8446 121.1592 118.7023 118.5870 117.6644 117.7563 114.7272 115.3227 114.4147 115.0025 114.3689 112.8008 115.0997 118.0640 116.3566 112.1742 112.9020 114.5783 114.3961 116.2673 113.3945 113.1414 112.6192 113.7951 115.9392 112.7845 111.6131 110.6283 111.0587 111.1647 111.8928 112.1614 111.0162 112.0915 111.9900
125.0300 120.4507 123.6323 119.3666 120.0476 120.0142 119.5900 121.2880 119.6418 119.3330 117.9870 116.8506 115.2527 114.6877 114.1699 114.1376 114.7749 113.0608 113.0375 114.5552 113.2795 116.1458 118.1511 114.0577 114.4668 114.3729 112.2076 112.4537 114.7115 111.9005 112.3209 112.3324 111.2193 112.5194 110.0561 112.2402 110.9689 112.1619 111.6348 114.9700
125.0300 122.9900 122.9900 120.0800 119.4700 123.0200 118.3100 120.0800 118.3700 119.4500 117.3400 116.4300 115.7100 116.7000 116.7100 115.6800 114.8400 114.8400 113.9100 113.6800 116.4000 113.2800 114.6900 114.1200 113.0300 112.6800 112.6800 115.6100 116.4700 112.3400 112.7900 112.7400 111.3600 111.8100 113.6500 112.9500 113.0000 110.8300 110.1300 109.4900
