116.1900 116.1900 111.7600 119.8800 116.7200 119.6500 121.1800 120.7300 119.4000 112.7100 114.3500 116.2900 111.0600 110.6800 109.1900 107.4300 103.3400 103.4700 102.5800 103.2300 104.2000 105.6600 107.6000 110.9000 114.6700 108.8000 109.7400 103.9800 104.6900 105.2200 105.5500 105.3100 104.8300 104.1800 110.8700 114.2700 114.2700 114.6800 111.9400 113.2000
108.8700 114.2703 109.3164 114.1538 115.5400 119.5200 121.2682 123.4562 118.6390 115.3419 112.9576 111.6600 107.5371 108.1334 108.2047 106.0096 104.2030 104.1811 104.0957 104.3575 106.2720 109.2642 113.9194 114.5505 113.5632 103.7011 103.7200 101.7426 100.0268 99.8037 100.0234 100.0431 99.9091 100.7886 103.2687 106.5130 106.9046 109.5907 114.4015 113.1800
111.3900 109.5121 108.7716 116.7111 114.6967 117.3020 117.3724 117.9594 119.1139 119.0214 116.0265 110.4435 108.7888 106.6853 106.8735 105.2352 103.4411 104.8050 106.2537 105.9947 109.3687 114.1045 114.4987 110.0937 105.2970 101.8932 100.7139 99.3068 100.6208 102.1334 101.7031 101.6837 101.2291 99.9016 99.4029 100.9016 103.9701 103.5112 111.7082 114.2700
110.5300 109.6571 111.5844 116.8895 112.5708 116.4675 112.2686 117.0372 111.1396 109.0354 110.4881 108.8442 107.4823 106.5812 105.1898 105.0601 104.0383 104.2939 105.2346 107.8582 113.6508 114.5195 109.7774 103.6730 100.1371 101.0043 100.8327 100.7735 100.3484 99.9104 99.7066 99.8399 100.1176 100.6802 100.6718 101.2199 99.9331 102.1516 106.2949 114.0700
110.2800 110.4796 111.2083 109.1825 107.0758 108.4001 113.1896 109.1452 112.4523 108.5557 109.4391 107.4834 108.7238 107.1101 107.3931 107.4440 107.2167 103.7637 103.6020 110.0479 115.1096 110.0993 103.1823 100.6570 100.3342 100.8880 99.9725 99.5289 99.0593 98.7934 98.6805 98.7121 98.9397 99.2885 99.8703 100.4492 101.4093 99.8210 101.3853 105.4300
111.2800 112.6511 109.6219 111.1816 107.6992 110.2482 110.0313 106.8403 105.9458 110.1111 107.9890 105.8634 105.2547 105.5425 103.4833 105.7131 105.2704 108.5328 104.1578 112.4807 111.6580 103.5706 99.7560 101.4745 100.6022 99.7336 99.0479 98.2757 97.6403 97.1598 96.9348 97.0369 97.4204 97.9987 98.7294 99.4269 100.3064 100.7823 100.6808 103.7200
111.7900 112.8025 110.9441 113.2854 108.8666 107.9226 111.7975 108.0725 108.4630 107.8779 106.7756 106.2814 105.0854 109.1758 107.2764 106.4892 103.9612 105.9817 105.4702 108.3461 105.6235 102.3911 100.7264 101.0817 99.7079 98.8081 97.7896 96.7695 95.8132 95.0753 94.7468 94.8962 95.4830 96.3698 97.3635 98.4089 99.3622 100.2812 101.4866 99.4500
115.9200 106.0771 114.3516 112.6552 109.7052 113.4559 112.5713 109.5952 108.3965 107.2192 107.1470 107.3590 104.9757 113.6102 111.5456 104.9647 103.8693 104.4238 107.3201 110.4072 104.0591 103.1022 101.4149 99.8681 98.9788 97.7482 96.3928 94.9308 93.4565 92.2733 91.6964 91.9569 92.9324 94.3195 95.8058 97.2075 98.4775 99.5349 100.6071 99.4500
119.5000 116.9268 116.9175 114.6670 115.3875 116.4777 112.6498 107.5074 107.0915 108.3803 106.4209 107.5049 106.2842 113.9084 111.8404 106.3242 104.2948 106.9101 105.5681 104.4540 103.6962 101.3760 100.5539 99.5826 98.1311 96.6338 94.8211 92.7043 90.4682 88.4863 87.5012 87.9305 89.6122 91.8080 94.0143 95.9394 97.5651 98.9238 100.0614 100.6700
113.9100 111.9899 111.1418 110.2789 108.2959 113.2227 109.9911 111.5510 109.1444 114.3902 105.8829 105.8779 109.6738 107.7665 109.7991 105.2689 103.8098 103.5977 107.4564 103.3560 102.7182 101.1162 100.3203 98.8694 97.3695 95.8096 93.1704 90.3385 86.9674 83.8455 81.8492 82.7434 85.5524 88.9466 92.0895 94.6758 96.7058 98.3138 99.6094 100.5400
112.5400 110.6524 108.9980 115.6088 114.5640 112.7272 108.3328 112.6035 107.0959 108.7293 108.1623 109.5329 106.7712 107.2618 105.8028 104.8638 105.0522 104.6179 104.7019 103.5801 103.7922 100.9770 99.7892 98.6166 96.7808 95.1034 92.0644 87.8729 83.1595 78.1481 72.6632 74.8087 81.2689 86.1191 90.3399 93.5819 96.0061 97.8457 99.2737 99.6700
109.9700 110.5799 108.8292 110.1968 111.4794 112.1962 110.3651 110.1688 108.4117 107.2631 108.2083 107.9352 107.5435 107.3710 105.8737 105.9067 104.8060 104.9088 105.2531 104.2014 101.9050 101.1353 99.9150 98.1973 96.4408 94.6190 91.7077 88.7609 83.7271 72.2019 65.3923 65.5447 76.3952 84.1099 89.1822 92.8766 95.5681 97.5573 99.0783 99.6000
109.9700 110.4135 112.6743 110.2567 112.1001 109.8654 111.1352 108.5572 107.2865 107.6575 108.3201 107.9249 107.6128 105.9788 106.4369 105.1707 105.1458 100.1122 105.6259 103.7702 103.7495 101.0175 99.8552 98.1473 96.6548 94.8182 91.6590 88.7211 82.3293 70.5892 62.7580 63.4524 75.2190 83.7351 88.9494 92.7396 95.4812 97.4783 99.0572 99.5700
112.4800 112.8172 112.2905 112.8362 111.6893 111.2701 113.9678 108.7905 108.0239 108.9000 108.2641 108.1053 107.3281 105.9829 106.6359 105.4332 105.4119 102.5031 104.6840 104.3986 103.2393 101.1322 100.0773 98.6957 96.9053 95.3221 91.9749 89.1543 83.3900 75.0512 70.2101 73.0812 79.6111 85.0643 89.7644 93.2801 95.7952 97.8505 99.3115 100.5700
112.5500 109.4318 108.2568 110.6852 109.1761 109.3695 107.3109 109.0741 108.3348 108.9244 108.1207 108.1260 107.6881 106.2306 106.4263 106.8070 103.5141 102.7188 104.6393 103.3761 101.8521 101.2448 100.6454 99.5244 97.7995 96.5561 92.6606 89.5492 86.4886 81.8168 78.8649 79.8495 83.6583 87.6937 91.3026 94.2242 96.4418 98.4167 99.7215 100.5700
112.6500 114.0109 111.6785 113.2534 109.7608 109.0602 103.7656 108.7707 108.7177 108.9422 107.9681 107.8578 107.2038 106.6098 106.8888 104.7639 101.7497 105.2744 104.5951 103.7532 103.4167 101.5256 100.6724 99.8614 98.7882 97.3716 94.5185 92.1656 90.9573 87.7866 85.2376 85.9827 88.2979 90.6360 93.1708 95.4838 97.1779 98.7035 99.9719 100.7300
111.7800 110.4654 111.9361 109.9172 107.6837 108.5389 107.8813 108.3141 105.2131 108.8497 107.6779 107.0856 106.7231 108.4263 107.7067 104.6631 104.6214 107.3274 105.1522 104.9592 104.6675 102.8814 101.5888 100.2704 99.4793 98.2030 96.7222 94.5312 94.7904 93.6196 90.8758 90.9593 91.5045 93.2839 95.2584 97.3592 98.3697 99.4057 100.3074 100.7900
110.8100 112.3658 111.1271 108.8973 109.0449 110.7522 109.4367 107.4665 106.2843 108.3542 108.2510 109.6573 109.0961 110.4783 109.3308 106.0381 106.7530 104.3452 105.9302 103.8551 104.6990 101.5897 98.9865 100.9382 100.1078 99.1688 98.3667 97.2072 96.1373 95.7517 94.4449 94.4451 94.5541 95.4987 97.0288 98.5757 99.6638 100.4476 101.0069 101.9700
114.6700 115.4702 112.5754 113.6444 108.8993 112.2319 107.8776 110.2770 112.4901 108.1478 107.6071 108.8094 111.5961 107.9293 107.1816 108.6156 106.7503 105.2470 105.0068 103.7776 105.1374 103.6165 101.5523 101.4866 100.6970 100.2773 99.2229 98.5016 97.7320 97.0132 97.1591 97.1938 96.7844 97.7006 98.8852 100.1313 100.3748 101.0322 102.4812 104.2300
114.6700 114.8216 115.5858 113.8209 113.8324 114.2864 107.9076 109.6255 109.4218 108.6682 108.0844 106.9229 107.6272 107.0221 107.0347 107.5163 106.3638 105.1996 105.4781 104.9314 104.8983 104.9681 103.1701 101.7906 101.4153 100.6364 98.3928 100.3211 99.3387 98.9651 98.7074 98.6549 98.9672 99.8821 93.6537 99.1881 101.3352 101.8099 103.7808 104.2200
114.4800 115.1842 116.0645 111.7991 113.1805 108.6200 108.0830 110.3650 108.6160 108.4646 107.5760 114.2809 108.5344 107.0927 106.4875 105.7245 106.0137 104.1479 105.6677 104.5342 104.2989 104.7682 104.5534 104.5637 101.8798 101.2724 94.3868 100.7111 100.0388 100.1714 99.8872 100.0750 100.8558 93.8863 95.2546 98.4165 98.9608 95.7416 101.0982 103.7200
115.5600 115.0635 114.3298 113.0745 112.4991 110.2793 108.7781 110.4782 109.0580 110.4046 114.8296 107.6356 106.7282 105.8834 107.4725 108.0325 107.5017 104.0186 105.3838 105.7785 105.6444 99.5318 98.3340 100.1662 104.4511 103.0820 101.8479 101.4892 100.9337 100.9224 100.4938 101.1196 97.5040 94.3973 99.5275 100.0658 95.9232 99.4866 104.8028 105.1700
117.0700 116.9649 115.1768 115.1194 116.6714 116.6286 114.7990 112.0056 113.4540 112.3640 110.2178 112.4158 112.7095 106.8674 111.8799 111.2711 107.4433 105.7031 105.9822 105.8213 105.1655 104.1544 101.0411 101.5717 104.7677 101.3980 104.6831 102.2371 102.0480 102.0243 102.8585 102.1303 96.0714 96.8548 103.7741 100.5581 98.6980 103.2684 104.2572 105.3500
117.2400 112.9177 113.5374 113.9952 114.8696 113.6942 114.5428 110.5936 112.7463 108.6705 116.4390 112.1368 109.0567 107.5186 109.6586 106.4651 105.6705 104.1350 106.2159 105.4855 105.5450 105.8485 106.1680 108.5420 105.5334 102.0765 103.0569 100.3903 103.9342 99.3946 100.9643 101.8086 104.3545 101.7789 103.3022 98.5376 99.6512 101.5231 104.4123 105.4900
117.2400 114.4106 116.5994 109.2085 108.0711 108.6815 111.6917 113.9750 111.4274 107.7868 109.3855 112.0810 112.5520 112.7619 110.2208 108.5230 105.9557 105.1135 104.4744 105.4301 106.6687 106.0793 108.2541 103.5482 106.1245 105.2326 105.7741 100.9508 98.9703 99.2442 98.2081 98.5713 104.9757 99.9541 100.4873 103.0215 101.5328 101.3592 106.2658 106.7300
117.0800 111.3175 115.2159 113.5859 108.8456 110.3043 108.4606 107.3778 107.7713 106.9897 113.6310 108.5873 110.9517 113.0787 112.8844 111.6320 106.5138 106.4963 106.1508 106.8953 106.5966 110.2625 108.2496 103.6457 104.8304 105.9748 105.5112 102.5031 104.7162 104.2951 104.8804 102.1553 101.8850 102.0240 105.4453 106.0867 105.6785 106.5439 105.9971 106.7300
119.4600 114.0114 112.9292 111.6992 109.0838 109.0531 109.8642 107.6073 107.5962 109.8617 113.1409 108.7366 113.2683 112.8256 113.7903 113.6427 107.3545 106.8397 106.2419 106.7497 104.8344 106.7334 104.0341 106.1386 102.8484 105.6705 106.3777 104.1908 102.6480 104.2350 104.9534 103.6511 106.1083 101.0493 104.6215 106.3233 106.6359 105.4024 106.4954 104.4400
118.5000 114.1886 109.0363 112.2311 108.7365 109.8406 109.0070 107.3702 107.9431 110.9492 114.0836 114.3696 114.6984 114.0344 110.3570 109.8218 110.1626 107.7957 106.5712 105.4752 105.6445 103.3327 103.4851 105.9515 105.9319 106.3626 105.7805 103.2829 104.3998 104.2011 105.9119 105.9031 106.2613 103.3028 103.9330 105.9115 105.4907 105.2667 105.8428 106.1500
111.3600 114.7896 109.9893 109.3308 114.0427 108.6884 110.5279 108.8135 111.8871 109.6805 112.0831 111.7259 110.6507 114.0931 112.7641 109.7695 107.9760 110.5183 110.7791 105.3283 104.9111 106.3587 106.8835 110.4008 105.2824 105.0164 105.7145 105.5964 106.5232 106.2290 106.2129 105.6415 103.5044 104.9177 106.5509 107.0082 107.3189 106.6080 106.5675 106.7100
112.8600 112.7130 112.0647 108.5190 113.9497 110.5170 110.6858 111.6102 108.6798 111.4199 111.5941 112.6928 110.7910 109.0880 108.5805 105.6806 107.0217 112.2168 112.7610 113.4194 108.1644 110.3247 106.6574 109.9010 108.0070 104.0036 106.5610 106.0598 105.4638 105.3460 107.1230 107.2822 105.3387 106.2515 107.0251 107.2930 108.1414 106.1352 106.4626 106.5900
118.1600 115.3017 117.7481 109.8102 111.1016 109.1293 109.1739 109.8745 108.4188 113.2569 109.9040 111.7285 112.6228 110.7413 109.6339 103.0172 107.5936 113.3256 117.3158 114.8095 111.8677 109.1471 107.2604 109.1665 114.2734 109.1564 107.3347 106.9031 106.4870 105.8222 106.3394 107.7021 106.6866 110.1670 107.4347 107.1610 107.3071 107.0706 107.1996 107.6100
117.5800 113.2096 113.6725 115.1155 112.4800 108.5186 110.8320 108.4186 112.3390 109.3590 110.3560 113.0369 114.6799 111.4029 105.5287 112.2714 113.2169 112.5715 113.7853 113.7147 114.2547 111.9933 112.1873 110.1171 113.2946 106.8373 107.5539 109.8720 108.4868 106.4479 107.8548 106.9829 110.6920 109.0320 107.3066 107.2275 107.6276 107.3480 107.7517 107.5300
117.0000 114.0718 111.2628 111.2259 109.7264 109.9140 110.8507 115.8834 111.9472 108.3704 107.8120 110.4331 109.1975 111.9429 111.5773 111.0100 109.9686 111.6478 107.6328 105.2951 112.7062 110.2520 115.0888 111.7992 113.0041 106.6912 108.2412 106.3905 110.8921 107.5953 107.8732 107.4065 108.6485 108.4965 107.3796 108.0517 107.5130 107.4935 108.6907 107.7800
113.0200 115.2712 112.6718 112.1213 110.6160 110.2283 110.7995 113.1153 108.6793 109.2958 106.7097 110.2108 110.6399 109.2894 112.1368 113.1847 112.8718 111.3642 105.6275 107.4965 108.9073 107.2146 110.6271 111.8206 112.8356 107.3806 108.0631 109.9248 112.4794 107.6408 108.7862 108.0953 110.4607 107.5050 107.5845 108.3065 108.4738 108.1551 107.9698 108.1100
113.5600 115.0200 114.2187 112.8068 110.9814 110.5371 111.8844 110.7376 109.4702 108.8029 110.0261 109.2522 113.0204 110.1563 114.0756 108.1783 109.4759 108.9471 109.5248 111.9857 109.8649 111.0227 109.6348 106.2595 105.9206 108.6454 108.0034 111.9164 114.3623 110.3454 108.3657 108.0881 115.1492 106.1432 107.8587 107.8715 109.1599 108.6347 108.5236 108.3400
115.9900 115.5404 113.5715 112.7171 112.8826 112.0223 111.5378 110.7435 110.0948 108.5585 109.4405 108.1596 109.5392 107.9871 113.1332 108.2714 113.3389 105.9969 105.4622 107.1936 108.4488 109.5710 112.8196 113.5128 109.0966 108.1041 108.2662 111.4325 104.6549 108.1887 108.8649 106.1215 107.5236 110.1375 106.6067 108.4723 108.5185 109.2148 109.0427 108.5100
117.1600 115.3509 114.1237 112.8571 113.4344 113.2664 110.8414 110.2050 110.2521 110.4767 109.5909 108.1670 110.5417 110.1291 113.4369 110.4697 102.9506 104.4617 108.3840 107.7970 110.1715 115.7877 111.5443 112.0819 108.1721 109.3405 105.7171 108.4995 104.8228 107.3525 109.2598 108.5064 112.7840 112.3494 104.7122 106.1117 107.5874 109.2645 109.1283 109.1200
116.5700 115.9933 114.9179 114.1192 114.3900 112.8100 111.1281 110.4802 110.4633 110.0851 111.6237 108.0038 109.4814 115.5101 116.3058 106.9297 107.8050 105.1301 109.5319 107.5265 112.0164 112.5891 111.5920 114.0750 105.0034 105.5186 104.5191 104.9194 105.0607 107.9049 105.6863 104.6309 112.0009 106.2205 106.5804 104.2523 104.4829 109.1657 108.9897 108.4100
118.2500 115.8268 111.2563 114.6829 113.4910 112.4726 111.9742 111.5271 111.2699 111.5071 110.7705 109.3010 110.1325 111.3415 108.6073 111.2181 109.0471 107.8956 110.3829 111.3022 113.4822 114.2843 113.7252 112.4017 107.4703 105.7302 107.6014 107.2569 105.6715 109.7382 106.6498 106.3057 107.6697 106.0635 108.4556 105.8101 108.1788 108.7145 108.6338 108.7800
116.1500 116.1500 114.6300 114.6300 114.5300 112.3500 112.0100 112.2000 112.1200 111.9500 110.4000 109.4200 109.4400 109.6200 108.6100 114.7400 109.3400 109.3400 110.6300 114.1600 112.1000 108.5500 114.1900 113.6000 106.8600 106.6100 106.6200 105.6600 106.4300 108.1500 106.6700 109.7800 107.7500 106.6300 108.9700 108.8600 108.8600 109.2800 109.2800 108.7800
