111.2300 109.7100 108.9000 110.6300 108.1100 109.4900 108.8200 116.0600 118.3400 117.0800 118.9100 118.1300 116.1900 118.6900 116.7500 117.1500 117.5400 116.4400 116.5000 116.5000 114.3800 109.9800 108.9900 108.2700 108.4700 106.2500 106.2500 106.5700 106.7500 105.2500 105.1200 105.2600 105.3500 105.4200 106.2100 106.1000 106.1700 105.6100 106.9800 106.7300
110.5500 114.0991 116.8788 109.6619 109.6714 108.5856 110.3472 116.9037 116.0838 117.2642 116.7822 116.0773 112.5187 115.1462 118.6835 115.5709 116.8284 115.1421 116.5201 114.3411 109.0758 108.7978 108.2295 107.5425 107.0318 106.3099 106.2102 105.7007 105.4723 105.4158 104.9046 104.9272 105.0383 105.1563 104.9593 105.3362 105.0246 105.1428 106.6921 106.7300
109.1200 109.7456 111.1617 115.9378 109.0124 113.7768 110.8941 111.5138 108.3515 115.0295 117.2186 114.4015 113.7807 112.1858 117.4046 117.3885 115.3751 111.8646 115.9307 111.7914 110.5636 107.9634 106.9782 106.1161 105.9484 105.3538 105.2906 105.0578 105.1440 105.2363 105.0038 104.9127 104.9748 105.0260 104.7868 104.9926 104.9127 104.6975 105.3223 105.9100
108.5000 111.1321 115.6227 116.1555 113.3481 112.8924 110.7915 110.6848 114.4205 114.9632 115.1141 113.9491 113.0838 113.5071 110.7975 109.2908 113.8848 112.6705 110.3520 110.4488 109.3169 106.8033 105.8460 105.4893 105.3651 105.5314 106.0508 105.9858 106.0895 106.4767 106.2423 106.3187 106.3411 106.2483 106.0278 105.9877 105.6657 105.2864 105.3475 105.2100
111.5900 112.8641 115.1504 116.3249 115.8525 114.1852 113.5714 115.5295 115.7226 115.1618 114.8287 115.0055 113.5883 112.8829 113.5689 110.8539 112.0321 111.4428 108.8049 111.8716 107.8762 104.6845 105.7003 105.9257 106.2608 106.6288 106.9859 107.3766 107.7869 107.8676 108.0400 108.3256 108.2991 108.1042 107.7617 107.4871 107.0276 106.5620 106.3418 106.1500
115.3700 112.5635 113.0694 107.6078 108.7415 108.2242 110.7893 109.1875 112.2207 112.7848 116.3773 112.4072 108.7012 113.6646 113.9826 114.7966 110.7719 113.3024 113.3934 105.3131 104.4276 106.6589 106.7292 106.0828 106.0831 107.3639 108.6789 108.1657 108.7590 110.7055 112.2513 111.6336 111.3455 110.9854 110.0764 109.4048 108.9455 108.2164 107.2346 106.4200
111.9100 110.8834 111.8297 114.6816 109.7222 111.4712 115.3741 111.6471 108.7003 109.3853 114.1762 113.0123 113.3293 111.4999 112.9287 114.1839 109.9873 111.1135 111.9876 106.7836 108.4097 108.9474 110.3285 104.8856 105.2380 104.4834 107.9386 107.0616 103.8899 107.3343 109.1064 116.1852 114.2489 114.1036 112.1002 111.2749 111.1920 109.5593 106.7919 106.4900
113.1000 109.7642 113.1144 113.7779 113.0855 111.7285 115.1627 111.4392 108.7509 111.9558 107.1855 110.5758 113.6119 109.3005 111.2035 110.4977 108.9512 113.8763 112.1359 107.0476 105.5216 106.9275 111.2203 107.6416 105.1628 104.9645 104.6245 105.7717 105.7304 104.8060 111.5044 110.9315 110.5881 111.1250 109.6005 110.4436 110.7334 106.4058 106.2770 106.4500
113.1000 107.8391 112.8989 111.9685 114.2863 109.5527 113.5514 111.7609 109.7807 112.6451 108.2183 107.6323 109.9959 108.7715 108.8843 106.7940 109.3287 111.2460 112.5731 106.2514 103.8946 107.1464 106.5272 109.3017 105.0588 105.6778 104.4082 105.9556 104.5759 104.8384 110.1075 104.1113 105.2248 105.8252 104.6757 105.3037 106.3883 105.8392 106.1200 106.1500
112.2300 111.9788 109.6945 113.7279 112.6022 109.8022 109.9111 109.4742 109.6947 109.4163 108.6912 107.4350 107.6646 107.7352 107.8683 113.3223 107.5295 109.3360 113.0487 111.0257 110.2252 106.6316 104.5443 104.5268 106.4187 104.7168 103.3780 105.3956 104.5873 104.1640 102.2217 101.3045 101.9437 101.4770 103.4675 103.5305 104.5571 104.7572 105.3300 105.1400
108.4800 109.6569 110.4879 110.4182 110.5699 108.9218 110.0513 109.2143 109.2263 109.1704 108.4811 108.5274 108.1810 106.9880 107.5786 107.7732 108.3741 107.1288 107.4637 105.6409 104.7961 105.2949 104.8716 105.1177 107.5452 103.6558 102.7698 103.6703 103.5296 102.1081 102.5195 103.0687 103.2027 103.4908 102.8920 102.6649 103.3836 103.3450 105.2046 103.8800
110.5700 110.5365 111.2065 108.5454 109.3013 109.4560 109.0036 109.5474 109.1731 109.3368 108.4736 108.3907 107.0149 107.8482 107.5822 107.2190 107.5944 105.3515 105.8780 105.0075 104.7714 105.9611 104.7986 103.6778 103.3836 103.4218 102.1260 102.0291 101.4802 101.4524 101.1406 100.6953 100.6689 100.9482 101.7527 103.0363 103.0398 102.5034 102.9840 104.7400
110.5900 111.3598 114.8088 110.5294 108.1650 114.2873 109.2630 109.6608 109.3680 107.8364 108.8915 108.7447 106.9772 107.1692 107.5499 106.5339 107.6634 106.3180 109.8489 105.7713 103.8015 103.4642 105.2772 103.9138 104.0513 102.5265 101.7606 101.1584 100.7811 100.4473 99.9699 99.8583 99.9528 100.1036 100.2196 100.6215 101.1878 101.8205 102.5652 103.7200
113.6700 118.1257 114.8046 112.2650 111.1320 112.9428 114.4514 108.7233 108.8524 108.8223 108.3913 108.0938 108.2766 107.7223 107.3085 105.8770 107.3771 106.3494 106.2419 105.9373 104.4369 104.2498 105.6292 102.7163 102.0776 101.5083 100.6019 99.9819 99.5869 99.2162 98.6313 98.6700 98.5954 98.7907 99.2400 99.8317 100.4624 101.1181 101.5367 101.7100
117.4700 115.8264 117.4774 115.3794 117.0396 114.0364 111.8197 111.3277 110.9831 108.3285 108.3153 107.3839 106.8595 107.7895 107.1427 105.9616 107.4716 107.1613 105.2007 104.7966 105.0391 104.7081 107.5604 101.6965 101.6364 100.9110 99.8268 98.9578 98.7717 98.5694 97.3842 96.8840 96.9512 97.3082 97.7255 98.7440 99.2081 100.0258 100.8273 101.7100
114.7300 109.9847 116.8263 110.7312 114.4249 114.6511 109.5261 111.8734 114.1943 110.9464 109.8845 110.6705 108.8691 107.0338 106.5063 106.1828 107.1325 106.8068 105.8579 104.2371 105.5695 103.5342 102.1306 101.6899 101.0093 100.0517 99.0551 97.8295 97.8622 96.7588 95.5940 94.9891 95.0049 95.5150 96.3457 97.9876 98.3521 99.3575 99.8055 100.5100
113.6500 112.0950 112.4604 112.6040 115.5953 115.3939 112.1511 111.9641 111.7509 114.0535 111.7417 110.1207 109.4707 110.5951 107.2631 105.3838 106.1632 106.7356 106.3571 104.9785 105.4433 102.7492 102.0450 101.3172 100.3706 99.1605 98.0647 96.7465 95.9476 93.9497 93.6554 92.6712 92.4513 93.3558 94.5583 96.2864 97.5321 98.4147 99.6837 100.5100
115.1100 113.6648 107.8350 112.8520 116.0587 112.1863 110.8550 114.8944 113.9068 109.5152 108.9964 109.1327 110.3895 112.1844 108.1590 110.2580 105.2395 105.5062 105.6249 104.3986 103.4057 102.4104 101.6374 100.7980 99.4665 98.7342 96.6961 95.2905 93.6447 92.1424 90.5859 89.2344 89.3015 91.0386 92.5440 94.4127 96.7351 98.0899 98.9590 99.6100
112.1900 111.2690 114.2965 110.4069 112.1928 108.8506 112.1109 109.8362 109.7901 107.3949 107.5298 108.4572 112.5052 111.2556 105.7726 106.0171 105.2870 106.4861 104.8056 103.8925 102.7599 102.1206 101.2034 100.2252 99.2961 98.3754 96.8681 93.4981 91.8112 89.2117 86.8469 84.7181 84.9062 90.0129 92.2491 94.0622 95.0763 97.3814 98.0831 98.6800
112.7900 112.4822 116.4247 115.2281 110.8262 113.9102 108.6049 109.1800 108.8852 108.7462 108.2833 107.0953 107.0780 108.1482 105.9572 106.6143 106.3972 105.0391 104.3942 104.9381 102.3118 101.9198 100.9641 99.7015 98.7870 97.3274 96.2792 92.0633 88.6445 84.5962 80.4272 77.5961 80.7300 89.2238 91.6284 93.7455 95.6367 97.6288 98.0978 99.0600
114.1800 113.0767 112.2046 112.6311 112.9827 110.0027 108.4659 110.6045 108.8460 108.4332 107.9272 107.2514 106.3468 106.7759 106.1609 106.1119 106.2115 104.6434 105.2759 103.1331 102.4611 101.9989 101.1193 100.0114 97.8769 96.8770 94.1991 90.3395 85.9451 81.5072 72.5834 68.8289 74.7405 84.9321 87.0828 91.1291 95.7495 97.3507 97.9426 98.9400
112.8800 117.3103 113.3059 114.0031 112.5583 114.4724 112.8593 113.3744 112.5289 111.5276 108.1877 106.6649 107.3159 106.4062 106.4793 106.4926 106.5155 105.6941 104.4042 103.0598 102.3760 101.8598 101.0419 99.8149 98.4999 97.4862 94.0276 90.2535 86.3136 79.2058 71.3774 65.7699 67.2113 80.2438 84.0024 89.5820 94.0432 96.2269 96.7986 98.4700
116.7500 115.4915 115.5010 111.1668 113.5077 114.3249 113.5161 112.9729 111.5513 108.2406 108.5169 106.9296 106.8224 106.1078 106.3206 105.8307 105.9101 104.5920 104.6315 104.0739 102.2713 101.6852 100.9381 99.6805 98.6061 97.3865 94.0912 90.5260 86.4511 80.1621 71.2678 65.1175 67.5643 79.5568 85.1578 90.2242 94.1960 96.4869 96.6350 98.4500
117.2100 112.0376 116.2006 112.3464 110.2950 111.1679 110.0392 108.5628 107.5072 107.9880 108.3914 107.1733 106.8761 108.0159 107.2264 106.7268 108.1007 107.8604 106.5093 104.8749 102.2178 101.7988 100.9048 99.8538 98.6401 97.3177 94.5458 93.4029 89.0760 86.7056 79.1085 72.0220 75.1704 83.2089 88.7065 91.5062 94.6366 97.1514 96.7734 98.2900
113.5100 111.6143 111.6280 110.9454 114.7572 108.2016 108.9418 107.7155 107.5825 107.7062 108.5959 109.9507 110.8527 109.3426 107.3846 106.6657 106.6671 109.5602 105.4709 106.5805 102.4040 101.9413 101.1740 100.2219 98.8914 97.3391 95.1692 94.3413 91.2777 89.1426 88.8708 85.2103 84.5836 88.5764 90.1490 92.8436 95.0201 97.1421 98.1528 98.7100
110.5100 114.2134 110.3941 108.8240 112.0680 110.9135 108.0925 108.6361 106.8953 108.7355 107.8583 109.3619 109.1870 107.2173 106.5963 105.8971 106.4587 105.4925 103.8444 106.5805 102.6446 102.0991 101.5752 100.8232 99.6390 98.3214 97.0732 95.9214 92.7562 90.0535 89.9090 86.9410 89.4972 90.2432 90.9112 93.4288 95.7607 97.3618 98.9588 99.9900
115.3800 116.1621 112.4108 114.5874 115.9070 111.5278 111.0444 109.4887 108.3169 108.6302 107.9273 107.8524 107.2386 106.9589 105.9954 107.1850 106.2647 104.9957 103.8344 104.3722 103.0069 102.6799 101.8843 101.1017 99.9495 98.6041 97.5532 97.1058 96.2642 92.9662 92.8346 90.4498 91.5662 94.0075 95.3915 95.7306 96.8657 99.1038 99.8333 100.4500
110.7700 116.0072 110.8552 116.3959 111.2737 110.0466 109.6899 110.5736 107.7468 108.3320 108.2355 108.6093 107.5871 107.3850 106.8127 106.5723 106.4066 106.3050 105.7221 104.9293 104.3961 102.9021 102.1170 101.2978 100.6591 99.8599 98.8170 98.2253 97.3045 95.8039 94.8421 93.4686 93.8663 96.4169 97.5366 97.2206 98.3975 99.0553 99.8682 100.2600
110.7200 111.4393 110.9258 108.6266 110.6274 108.7057 108.4830 107.6673 108.5301 107.8735 108.8226 108.3786 107.8451 107.5457 106.7840 107.3334 105.4602 106.8666 104.8866 105.0943 105.5423 104.4007 102.5394 101.7972 101.2606 100.7423 99.7659 100.6347 99.4699 97.6789 97.0232 97.3959 97.7638 98.0971 98.2014 98.6267 98.9917 99.4647 100.1472 100.5100
110.7900 110.7827 112.7133 107.8712 108.6234 109.9973 108.5431 108.8937 109.4842 109.3816 108.9858 108.7534 108.7047 106.6668 107.8755 106.9552 106.0962 106.5714 105.1440 105.3812 106.0264 103.9558 102.9251 102.2957 101.8566 101.4745 100.5759 100.6920 95.6055 99.7800 98.9581 97.8944 98.8376 98.8111 98.8341 99.7045 100.1646 100.4750 100.9359 101.8300
111.1300 115.1822 114.7036 114.6556 109.9428 107.9964 107.5654 108.3542 108.5343 114.0825 108.3397 108.8000 108.6078 107.3801 108.4649 113.4790 105.1018 106.0159 106.8020 106.4707 106.2076 105.3051 104.1833 102.8437 102.2255 102.1649 101.4376 101.6763 97.2958 101.3940 99.9241 99.7344 100.0439 100.0331 100.1500 100.6945 101.1623 101.6140 102.1657 102.3100
116.2400 115.6878 114.9159 109.9985 110.2316 108.5176 108.6520 111.2943 110.7536 110.5605 109.6764 111.8620 113.2613 109.6247 106.6352 106.8943 107.1592 106.5361 106.2993 106.5962 106.4554 106.3239 105.2013 103.6863 102.8943 102.5991 102.1320 101.7860 102.1994 101.4507 100.9564 101.2104 101.0811 101.2588 101.3506 101.4991 101.6440 101.4538 102.6566 102.8700
113.2000 111.0592 110.1969 115.8190 112.2170 112.2565 109.9085 110.3172 106.9074 114.9899 112.3061 108.7541 112.2158 106.4558 107.5366 107.7529 106.9772 106.6682 107.0131 106.5657 105.9999 105.1642 106.1374 105.3276 105.0013 103.4383 102.9174 102.4402 102.2357 102.2083 102.0862 101.8095 101.9401 102.1647 101.8179 102.1718 102.4120 104.0912 104.1435 104.5400
113.3900 114.6303 108.9072 113.2776 109.3919 109.2579 108.9444 114.2424 110.7113 112.1891 111.5618 108.7577 110.2924 108.3963 107.5742 107.4404 107.7059 106.6957 107.0968 107.3803 105.3548 105.1211 105.9848 105.5513 105.9798 104.1900 104.1394 102.9511 104.1355 102.7149 102.8371 102.7090 102.5902 102.6398 103.7626 104.7235 104.1064 102.9850 104.3809 103.9900
111.1000 109.3560 111.7857 110.8919 110.3156 113.0838 114.5497 112.0902 111.9370 110.2548 110.4364 112.0066 111.4818 107.5392 106.7563 107.0236 106.9921 107.7971 107.7159 107.4048 106.5248 105.2997 106.3668 106.5008 106.3164 104.7208 104.9603 104.5581 105.7883 104.3710 103.4283 103.6128 103.4225 103.2445 104.4078 103.6874 104.9739 104.4272 104.2231 103.9900
112.5500 109.4662 113.1990 113.5257 112.7818 114.5383 114.6680 109.8934 110.9947 112.6079 108.5092 107.6316 108.7018 111.7273 109.0702 108.3403 107.5505 107.3234 107.5725 107.7477 107.7773 107.1325 106.7799 105.3733 104.9447 104.9687 105.9795 105.8899 106.2327 105.5303 106.0229 104.1647 105.3049 104.9795 105.9254 104.8722 106.1930 105.1123 106.4671 104.9500
111.3900 116.6897 110.5104 116.6980 116.2389 114.6678 116.0133 112.1552 113.1064 112.1944 113.4129 109.6687 111.0276 113.9365 108.1466 108.6169 107.2609 106.9631 107.7885 107.2330 106.6248 106.5247 105.8321 106.0182 105.6703 105.1328 106.0368 106.5102 106.6348 106.5876 106.4363 105.2645 104.3800 105.6399 106.1795 105.1326 106.7531 105.5165 106.8223 105.0700
110.9600 112.4101 108.6002 117.9807 115.1188 116.4855 112.7041 114.1651 111.2014 110.2559 111.3830 110.7782 112.9006 110.0697 109.4302 109.9386 111.8761 112.3450 107.8351 106.3787 106.4113 107.1339 106.7293 106.6082 106.4976 105.2424 107.1908 107.0877 106.9452 106.2154 107.0291 105.4653 104.9867 106.3937 105.4633 106.3029 107.2220 105.2298 106.8442 106.3600
112.5000 108.8537 109.4547 117.3078 116.9924 115.4123 115.5891 112.7755 110.1924 113.3695 111.7907 113.3024 112.6480 110.0928 108.9998 110.6821 109.4785 114.5869 112.0692 108.3896 107.0640 107.3308 107.2282 107.3515 106.2192 106.4817 106.4973 107.0086 106.7173 106.5705 106.9352 106.2409 105.7498 107.2653 106.8196 105.3810 106.1145 106.8520 106.4060 106.6200
112.5000 109.7700 109.7700 114.4300 114.4300 113.5400 110.6500 110.6500 110.2300 115.2000 115.2000 114.5900 112.4200 117.8600 117.8600 114.0100 114.0100 110.7300 110.7300 108.6100 107.8500 107.2600 107.4500 107.4500 106.7000 107.2600 107.2600 107.5300 107.5300 106.9200 107.2300 107.3400 106.4300 106.4400 107.3200 105.8300 106.5900 107.4000 107.5500 106.6200
