110.3100 109.5100 111.0100 110.9400 108.9900 116.2400 115.9100 111.1800 111.3300 113.4700 112.1800 117.9700 114.5400 116.5900 115.8900 115.8900 119.3500 111.9800 117.5200 113.4700 115.8200 115.8200 114.2700 111.8500 111.8500 109.2800 110.8100 110.8400 111.0800 111.0800 111.0200 110.8800 110.7700 111.5700 111.5200 112.1400 112.1400 109.6100 109.6100 112.5400
109.3400 111.1293 112.4110 110.9729 110.2452 116.5422 113.7251 114.5501 110.6162 110.7713 111.1070 114.3135 113.8725 113.8550 114.7107 115.0584 118.9557 111.2232 114.8697 115.9677 115.3248 114.0873 112.5532 110.6270 110.4576 109.5868 110.0196 109.9685 109.9743 109.9866 110.0433 110.1376 110.2971 110.4564 110.7460 111.0578 110.2308 108.9328 110.4252 112.5400
110.0800 110.6661 112.5391 111.9355 110.8191 115.5110 112.3508 115.4638 110.1298 112.0109 117.5332 117.0252 114.7719 115.4386 113.6835 115.9296 118.4674 111.4427 113.1108 114.6114 111.9135 117.0712 108.8372 109.4983 109.2863 109.0300 108.7533 108.8763 108.7450 108.7730 108.8506 109.0526 109.1630 109.3217 109.5544 109.8652 109.3218 108.9102 110.7959 111.2800
109.4100 108.7473 116.9863 115.2927 108.1470 110.0745 112.9543 110.9326 117.7777 115.7030 114.0267 116.9024 117.5470 114.1436 111.3773 112.7292 112.8041 115.3854 113.7197 116.4651 113.5294 114.5601 110.3567 108.0270 107.8193 111.7725 111.7080 107.4603 107.8756 107.9218 107.5683 107.3301 107.8740 108.1962 108.4625 108.7382 108.7155 108.6300 109.1627 108.9100
109.2200 111.5863 112.2939 113.9554 111.3740 109.7476 112.6457 114.4541 109.8569 109.8518 114.3550 113.8160 114.1915 114.0252 112.3606 109.3576 113.4809 115.0700 113.5291 113.2496 115.2248 106.0920 107.8462 106.9172 106.6339 110.6084 108.3441 110.1843 108.8454 108.5275 111.1681 110.5779 107.1664 106.9795 107.3469 107.8033 107.9383 108.0968 108.3641 108.5200
108.9000 113.0195 115.8850 117.8591 112.6081 112.7427 114.8429 108.4318 110.3056 111.3050 113.4730 113.1816 110.1363 109.3853 114.1636 110.4985 109.1456 108.5056 115.6957 114.5823 114.2955 107.9506 109.0260 105.7420 106.0458 108.7798 109.6542 108.0590 108.0456 107.5665 109.0260 109.1372 106.3945 106.4267 107.1631 107.2903 107.4554 107.6432 107.8589 108.0900
108.5200 109.1935 110.2791 116.2535 111.2555 116.7471 116.6717 112.1798 111.0093 109.6649 109.5898 113.4862 111.0938 110.4605 109.8105 111.1285 108.0543 110.4477 112.5853 114.0299 110.4458 106.1734 110.2364 106.3675 105.4777 109.9467 108.2800 107.1372 106.8684 107.2150 106.3835 106.1769 106.6616 106.4420 106.3993 106.9411 106.9549 107.2572 107.3078 107.5900
108.5200 109.8867 110.5182 111.3400 111.2735 109.7968 113.4911 110.6173 110.8412 112.4335 109.0833 108.3100 110.7558 112.1178 108.3304 111.3412 108.5112 112.0487 114.8877 112.2773 111.5433 109.2987 109.0412 104.9229 106.3327 110.2226 106.5400 106.9578 106.6844 107.1040 105.7851 106.1212 107.8171 107.7164 107.0154 107.0208 106.9902 107.2437 107.0908 108.0700
109.9500 109.8526 109.4700 112.6327 114.1052 113.7607 113.1909 110.1934 108.6902 110.2693 109.3547 108.1273 111.8875 110.1630 107.8705 106.4648 109.1416 108.5804 115.5165 110.4061 112.0778 112.3760 111.8841 110.8382 111.2762 108.3596 106.2972 106.8729 105.9202 105.7573 105.9034 105.7106 106.7066 106.8021 107.0353 107.0546 107.0372 106.7401 106.6213 106.9800
113.2200 113.6202 114.1685 114.5357 112.6487 112.9289 109.3279 106.8099 108.7801 110.0033 109.3482 108.0103 107.3626 108.1715 109.3765 106.4437 111.5673 113.0794 109.9458 110.4814 111.5680 110.9567 109.5750 108.4287 108.4311 107.9415 106.7822 105.9255 106.6825 106.6378 106.1881 107.7518 107.1839 106.9729 107.1502 107.1011 107.0896 107.1203 106.9338 107.0200
110.5400 109.7204 111.1561 115.8844 112.5300 112.7912 109.7993 109.8351 114.2346 108.7065 109.1363 109.1185 108.5220 108.1687 111.9971 106.0733 108.1564 108.1235 107.5332 107.7601 108.7183 109.0156 106.7301 111.2899 106.6755 109.3315 106.5062 106.5117 107.0206 106.7993 105.6253 106.1799 106.6103 107.1039 107.0849 107.1381 106.5197 106.3619 106.5877 106.3600
112.0800 114.9779 111.8949 108.7272 113.8329 114.9509 111.1908 109.7399 113.8655 108.7019 109.7407 108.5357 108.8796 108.4276 107.9003 106.8728 108.3397 106.0187 111.8967 109.0289 106.5544 106.6659 108.1842 107.8417 106.6491 104.9473 106.5418 106.4719 106.6588 105.8889 105.7315 105.7010 106.3838 106.6022 106.8856 107.0172 106.1204 105.7954 106.5055 105.9500
111.0800 113.4750 114.1346 112.9010 110.3013 109.3537 108.4948 108.8123 107.8132 107.8449 110.7814 108.4082 108.4188 111.3751 107.0750 106.8963 106.4737 107.9686 108.3568 105.6921 105.8916 105.8660 106.6302 104.5550 105.0391 105.9443 105.7281 104.7403 105.5096 105.5276 105.7032 105.0664 105.8811 105.8919 106.3092 106.7144 106.5968 106.7839 105.8165 107.3700
110.8200 115.8339 108.8102 113.0283 112.5365 108.8952 109.6826 108.8481 109.7120 111.3785 108.0088 107.7010 107.2088 108.9857 108.3007 106.1411 106.2630 105.9674 107.3760 108.8384 105.8702 105.6825 106.2894 106.5514 105.0643 105.0856 105.0199 104.3663 105.4435 105.1300 105.4467 104.5921 105.6099 105.4743 105.9796 105.3612 105.6365 105.2748 105.1728 105.8300
115.8800 116.6863 110.2832 110.1235 109.0664 108.7788 109.5609 108.9974 111.6163 106.9143 108.8957 107.0654 108.9264 114.7289 112.9006 106.9023 107.9262 106.3697 105.8524 104.8624 104.2616 104.8133 104.7095 105.1478 104.1162 103.6066 104.3224 104.5353 104.4459 103.9132 103.6294 105.0691 104.5665 105.2754 105.1881 105.3735 105.6933 104.9326 105.2820 105.6200
114.2500 115.6029 115.7001 114.6698 111.8769 108.8514 108.9783 108.7854 108.1898 108.5315 107.9188 106.9131 111.9480 110.3585 109.6816 105.8990 106.7541 105.6131 105.2829 105.5105 106.3742 104.5294 105.0934 105.4492 103.0636 102.7544 102.6907 102.3303 102.3142 102.4685 102.4641 103.6047 104.0652 104.3292 104.9349 105.4130 105.8296 105.4141 104.6909 105.6200
114.2500 115.5790 114.3896 114.9702 110.9549 108.6567 108.2641 108.6399 108.2438 107.3595 107.3371 107.8452 108.8888 104.8881 107.9937 113.1500 109.0438 105.1473 105.1294 105.8085 105.2146 104.1989 104.1254 103.2739 102.3327 102.2143 101.8132 101.6764 101.5620 101.4958 101.5849 102.0907 101.9974 102.4515 104.2314 105.1471 103.5926 105.4310 104.7125 104.7600
110.2300 114.3504 110.6786 110.6207 111.5017 111.8391 108.1829 109.5006 108.5889 107.5309 106.8402 107.7761 107.6128 106.1605 108.3097 108.4067 107.4332 104.1567 104.4404 105.3322 104.3409 102.7439 102.5137 101.9707 101.5092 101.4808 101.0008 100.7247 100.7728 100.9103 100.7865 100.9649 100.9811 101.2539 102.2827 102.4498 103.4275 105.3761 105.4171 104.8200
114.9600 110.7818 109.6706 108.5904 110.5838 110.7100 108.8275 107.9692 108.1198 107.4272 107.0089 107.5382 107.4509 107.1526 106.9413 106.1294 105.8640 106.6398 105.2094 103.1788 102.9179 102.4102 101.8605 101.3524 101.0157 100.6899 100.6424 99.9024 99.1452 99.3505 99.6927 99.9688 100.1930 101.0929 101.7128 102.1056 102.3625 103.4832 104.4806 104.3800
114.2600 112.9623 111.2564 109.2015 108.6231 108.8849 109.0442 108.8568 108.4654 108.4237 108.1221 107.7911 107.0334 106.3006 107.4948 106.3336 106.1424 105.5567 103.7369 102.9296 102.1819 101.8100 101.0836 100.1185 99.9182 99.3745 99.2486 98.2294 97.6194 97.8285 98.0413 98.2113 99.7731 100.6197 101.3931 101.7406 102.3356 102.9462 103.1140 104.7200
116.5400 115.6354 114.4976 112.0256 112.1745 108.2951 108.1787 108.5071 108.3495 108.2767 107.9978 107.4455 106.1301 106.4958 106.5198 104.8267 106.3635 105.6717 102.7818 102.3301 101.6683 101.4309 100.7440 99.9189 98.8549 98.6491 97.5117 96.7450 96.7180 96.8744 96.8263 97.3216 99.0628 99.9126 100.0220 100.9589 101.9585 102.4810 102.6899 103.0600
115.7700 116.8006 114.2948 114.3520 115.1747 112.9412 110.9351 107.7906 108.0813 107.9437 108.0219 107.0826 106.2347 105.8529 105.2490 105.6386 105.2113 103.1336 102.6706 101.7892 101.1337 100.8146 100.0839 98.8575 98.0533 97.3800 95.4912 95.6605 95.2975 95.4059 95.6163 96.5686 97.7552 98.6042 99.2004 100.2666 101.1630 101.7413 101.8390 102.7500
110.1600 109.4805 108.9723 108.0402 108.8476 108.3628 111.3792 107.3949 107.9456 108.0833 107.7793 107.0697 107.2905 106.6142 105.3552 105.0052 103.6089 103.0321 102.3234 101.4714 100.5710 99.7270 98.6953 97.5895 96.5700 94.9836 93.6089 93.2247 93.7803 93.7460 94.0722 95.0797 95.7295 97.2351 98.6595 99.7131 100.5037 101.3576 101.3991 102.0000
109.5400 110.1359 109.7444 108.4966 107.9949 109.1459 107.8723 107.9788 108.0554 107.9510 107.1047 107.5717 107.0550 106.1985 106.2148 106.2328 103.3658 102.8991 102.2350 101.1426 100.3055 99.0540 98.1732 96.3971 94.3923 92.6637 90.3942 90.6724 88.7013 88.9533 90.4698 92.9320 94.6123 96.1791 97.3354 98.6846 99.6841 100.8507 101.6197 101.7500
110.0300 109.4129 108.2135 108.6855 109.3117 108.8026 108.3426 107.1539 108.0138 107.6752 106.9656 106.9486 107.1487 104.6907 104.8642 105.2202 103.2127 102.7381 102.0982 100.6711 99.6095 98.0734 97.3075 95.8087 93.3782 90.6434 87.4406 86.0538 85.6748 85.8564 86.0984 89.8741 92.0103 94.8407 95.4305 97.3303 98.7678 100.2221 101.1134 101.8600
110.0600 112.3569 111.7502 108.9595 108.6694 108.8304 108.6758 108.1024 108.1372 107.7543 107.6547 106.7117 107.0104 106.7202 105.0368 104.2000 103.3162 102.6555 101.6826 100.6931 99.3312 98.2192 97.0455 94.7665 91.3539 87.7282 83.7614 80.4928 77.3008 78.6792 82.3216 86.2219 88.5037 93.9373 96.1824 96.6832 98.5021 100.3945 101.1860 101.4300
110.0300 112.1647 111.8030 109.1689 107.9738 108.0428 108.4128 108.3364 107.6696 107.6582 107.2916 106.3423 106.2154 106.0673 105.8274 104.2451 103.1076 102.2894 101.6938 100.5187 99.3817 98.2627 95.4083 92.8424 89.9951 86.2617 80.7342 73.9700 68.4966 68.2643 77.0486 83.2415 88.2849 92.5347 95.4324 96.6190 98.6177 99.3891 100.3499 100.3200
110.1100 110.1199 111.4199 107.3578 108.5289 112.9979 111.2006 110.7923 112.7839 109.4868 107.8137 105.7585 105.1391 105.6877 105.4800 104.4656 102.8983 102.2869 101.5882 100.4043 98.9906 97.6153 95.7722 92.3461 89.8706 85.4995 78.5475 71.0247 65.2328 64.2617 73.2452 82.2621 87.4550 92.3740 94.4630 96.0166 98.2843 98.4783 99.9206 100.2900
110.1200 110.4962 110.2285 112.9257 108.0745 114.8258 115.9842 111.1560 111.4394 110.0440 107.6911 105.9942 105.1441 106.2191 104.7433 104.8708 102.8715 102.3558 101.6018 100.4542 98.9722 97.5685 96.1390 92.6329 90.1009 85.7463 78.9883 73.0879 66.4904 65.3496 74.5394 82.6370 87.7103 92.8470 94.2843 95.9651 97.3752 98.5760 100.0110 100.3000
109.5300 109.6432 109.9977 109.5817 109.2118 108.5659 107.7100 108.2091 108.2198 107.3352 106.0817 105.5401 106.1191 105.6187 104.5148 103.8647 103.1674 102.4713 101.5110 100.5118 99.1943 97.7497 95.8134 92.9673 90.7098 87.4906 82.0471 76.6888 72.4472 76.5479 81.4408 85.1343 89.3396 91.6818 94.0316 96.5997 98.1478 99.1321 100.1416 100.8900
109.0000 109.6713 109.5763 109.7475 109.3792 109.0234 111.6403 107.1108 109.6296 108.6543 106.9351 106.4297 106.9705 106.3180 104.5404 105.1046 103.0591 102.6506 101.7238 100.7436 99.6294 98.5861 96.8929 95.1486 91.4343 89.1269 85.5644 83.1027 81.8355 82.6664 84.5462 87.0775 90.9350 93.4898 95.2818 97.1514 98.4159 99.9001 100.8352 101.2200
109.9300 109.9883 108.6940 109.6538 109.4609 108.8172 108.1169 108.3025 107.1322 107.1725 106.5083 106.6746 106.8098 106.1867 105.3141 105.3631 103.2401 102.6386 101.7707 101.0758 100.2075 99.4027 98.2276 96.2959 93.8927 91.5222 89.5995 87.6508 87.4934 88.3168 89.0054 91.2782 92.9283 95.3160 96.3318 97.8466 98.8106 100.1878 101.2687 101.9100
109.9600 108.9467 108.7762 109.1300 109.2960 108.6803 108.8735 108.2622 108.7141 106.8047 107.3181 105.9680 106.0212 106.8189 105.8401 106.6845 103.9953 102.9127 102.3114 101.6500 100.9255 99.8319 98.7477 97.1965 95.7558 93.7224 92.9763 91.4010 90.6961 91.4275 92.6669 93.4155 94.4965 96.5813 97.4180 98.3851 99.3012 100.2723 101.4017 101.8000
110.0800 109.0448 109.6002 108.7013 109.4977 109.1265 108.2785 107.6757 107.1208 107.1866 107.4346 106.4662 105.3288 106.7531 107.5765 105.8596 105.8527 103.3193 102.6904 102.0631 101.1694 100.4900 99.6535 98.0046 96.6447 95.6292 94.7181 93.4930 93.3114 93.4494 94.9978 95.6964 96.9698 97.2481 98.4641 98.9781 100.0677 100.7246 101.6101 102.4900
109.7300 108.3992 110.7189 109.2412 109.4498 109.5839 109.8133 108.1746 107.1473 107.1528 109.6437 106.4736 105.5227 107.5028 106.6511 107.5624 105.2285 103.4978 103.1268 102.4808 101.8136 101.1730 100.3799 99.6541 98.3985 97.4515 96.9558 96.1129 96.3201 96.5563 96.4874 97.0536 98.1156 98.4586 99.0464 99.9791 101.1890 101.5528 102.1526 102.4900
115.5000 111.5376 111.6368 113.3624 111.7810 108.5877 108.8068 108.3927 107.8896 106.9818 109.7047 107.3943 108.8620 107.1757 106.5618 108.3999 106.1325 105.0117 103.1621 102.8774 102.4289 101.6008 100.8258 100.1269 99.4191 98.9245 98.5273 98.2207 98.3248 98.4178 98.4540 98.5822 99.4255 99.8790 100.2282 101.1855 101.6086 102.3053 102.6621 105.3200
111.5700 111.6893 113.6417 110.9502 112.8888 107.1658 106.4803 107.5876 108.4250 107.6357 107.4957 107.8620 108.8640 105.8704 105.3552 106.3662 105.8140 106.4807 103.7752 103.3710 102.8997 102.2148 101.3949 101.1833 100.7518 100.2478 99.8596 99.4985 99.7034 99.7873 99.7123 100.0233 100.2191 100.9662 101.4845 102.0051 102.4554 102.5751 103.7156 105.3100
113.0400 112.5441 114.4960 113.6794 114.7015 107.9545 111.5957 108.1014 108.1366 108.2738 107.8917 110.9414 106.1757 106.3643 106.3941 105.7384 104.8090 105.9001 104.6031 103.6795 103.3996 103.0175 102.4141 102.0911 101.7682 101.3500 101.1429 100.6274 100.4555 100.8732 101.0594 101.3322 101.2557 102.1400 102.1193 102.6434 103.0789 103.5896 105.6279 105.0200
111.5000 113.6825 110.3277 115.7034 109.8124 108.7896 113.2113 108.5733 109.0637 108.3401 112.7265 108.4275 107.9845 105.7300 107.2610 106.5303 106.5987 110.3832 106.6405 105.6427 103.8509 103.5473 103.2596 102.8104 102.4772 102.1998 101.8524 101.7835 101.8139 101.8784 101.9941 102.0441 102.2489 102.5420 102.6461 103.1074 103.6018 104.1814 104.9076 104.6700
111.5000 115.7600 107.9400 108.1700 108.4200 109.7200 109.7200 108.9000 109.0500 109.0500 108.5500 110.9100 108.4300 105.0900 106.7900 106.9100 105.4700 107.1300 106.2100 106.5500 105.7300 105.7300 103.6000 103.3800 102.7800 103.0100 102.2900 102.5300 102.5700 102.5500 102.4200 102.2600 103.0200 103.1800 103.1800 103.6300 105.6600 105.7400 105.8600 105.8600
