110.8600 110.8600 109.7500 109.6400 109.0700 108.8900 113.2700 120.3200 118.0700 117.3200 118.3200 117.2100 117.6700 118.1400 116.4900 114.9700 116.4100 115.6800 113.5000 109.5900 109.4000 109.2400 109.0100 108.8200 108.2800 107.9600 108.0300 108.0300 107.7300 107.7900 107.1600 106.4000 106.4600 106.6400 107.1900 106.7300 107.2000 107.2100 106.6100 106.6100
114.8000 111.8070 109.7610 108.9529 110.8727 108.8826 116.1955 116.0391 119.6350 119.3465 118.3807 117.4718 116.6529 117.3321 117.2018 114.4099 114.4296 114.8171 111.3827 109.0663 109.1080 108.9809 108.7661 108.5423 108.2776 107.8283 107.8767 107.6379 107.4379 107.1549 107.0383 106.1376 105.9409 106.7869 106.7159 106.7291 107.0754 107.1165 105.8473 105.8500
111.4800 109.4580 113.3752 109.9823 108.9764 111.3481 112.9635 117.6845 114.0559 116.9769 118.7976 117.6582 115.9462 117.3591 117.4263 116.4030 113.0031 114.1039 113.0376 111.2482 108.6691 108.7130 108.4034 108.1507 107.8950 107.6397 107.3665 107.1182 106.8727 106.7146 106.7662 106.2210 106.4797 106.7572 106.7445 106.7631 106.7155 107.1329 106.6352 106.4800
110.7500 113.6515 115.4509 111.6934 111.3157 108.4590 111.5863 112.4979 116.2001 116.2880 116.7320 116.3493 115.3444 114.7181 114.6414 115.7507 114.5596 114.1263 114.3737 110.7841 108.5220 108.4243 108.0278 107.7411 107.4391 107.1245 106.8496 106.7584 106.7083 106.7408 106.7661 106.8318 106.8289 106.7963 106.8038 106.8154 106.8134 106.7677 106.8112 106.7900
113.0300 111.8696 110.7238 116.3676 113.3247 112.0430 115.4713 118.6931 115.0446 114.6003 116.3458 116.6989 117.4391 114.2798 114.8393 114.7876 111.2054 115.3711 110.9723 109.5237 108.1920 108.3622 107.5726 107.2869 106.9461 106.7120 106.7326 106.7370 106.7782 106.7926 106.8188 106.8296 106.8418 106.8714 106.8790 106.8792 106.8816 106.8886 106.8724 106.8500
118.0800 114.3252 111.8177 110.2884 112.2907 109.7566 115.0171 117.2555 117.2661 113.9320 115.9821 114.9283 113.6134 114.9495 114.5942 114.9370 114.5358 115.2818 110.4556 108.5602 108.0948 107.6647 107.5411 107.0590 106.7035 107.0890 106.7526 106.8385 106.8645 106.8491 106.8740 106.8912 106.8853 106.8722 106.8687 106.8598 106.8574 106.8570 106.8706 106.8900
110.6500 110.4473 112.2492 118.0760 113.7093 112.5239 112.2343 110.8912 112.6136 114.6412 114.4628 115.3979 111.1070 112.2244 114.7122 113.6239 112.5918 112.8398 110.9593 108.0641 107.5367 107.2445 107.5200 107.5419 107.5673 107.5138 106.4533 106.3588 106.5827 106.9143 106.8623 106.8247 106.7656 106.6932 106.6335 106.5901 106.5815 106.5894 106.6215 106.8000
111.6000 109.5878 112.8484 116.7042 119.6960 115.1102 113.3295 115.9516 109.6761 112.0106 114.9012 111.4671 114.3558 110.1561 109.5472 110.3955 113.9635 113.7322 110.0627 107.1645 107.5106 106.9719 107.4917 106.7729 107.1155 106.6762 105.7261 105.3553 106.0275 106.9457 106.6545 106.4954 106.3170 106.1460 106.0168 105.9141 105.8815 105.9278 106.0465 105.6900
111.6000 111.2775 113.5527 118.3294 116.0024 113.7425 113.5006 114.3677 108.5637 108.2209 109.2281 108.9021 110.7444 113.3684 108.4563 112.5977 110.3129 110.8385 110.0724 107.0594 107.3274 106.4877 108.0590 106.9651 107.1118 106.2690 105.2089 105.7601 106.3901 106.4033 106.1066 105.7534 105.3928 105.0544 104.8074 104.6742 104.6311 104.6309 104.6750 104.4700
113.8500 116.2865 111.8393 111.8272 115.7432 113.4267 113.9408 111.9867 110.8319 108.6001 110.1329 109.5770 108.4408 111.0564 113.7561 110.1077 110.1743 108.5332 108.6025 107.5578 107.2789 107.0846 106.8001 106.9217 106.1107 105.2781 105.5349 106.3761 106.1766 105.9271 105.0842 104.5006 103.9874 103.4105 104.2542 103.1128 105.2197 105.0300 105.2276 105.0500
112.7800 112.6014 114.8928 111.8202 112.8252 111.5005 110.1456 110.3676 109.7018 111.1528 111.6642 109.8043 109.2206 108.9533 109.4897 110.5371 114.7053 108.3333 108.1748 107.8589 107.5723 107.1982 107.2337 106.5700 106.8898 106.0690 106.5525 105.5756 105.2319 105.5185 103.9861 103.1840 102.9820 102.9278 103.0231 103.4060 103.3505 102.5266 102.7163 102.5200
110.6300 112.9255 111.0932 110.4238 112.7442 115.9799 109.3863 109.8079 110.2748 109.0156 109.6694 111.1371 111.1878 109.3463 108.9473 108.8426 108.7312 109.8212 113.7996 106.5383 106.6066 107.3054 107.3518 106.1006 105.7314 106.4075 105.2010 104.9724 103.5849 104.0849 103.9751 103.3750 103.4881 102.3281 103.4381 103.1827 103.0483 101.9844 102.0838 101.7700
115.1700 114.6473 116.6514 116.0456 113.7540 113.4240 109.3224 109.8742 110.4607 109.4936 109.9254 109.4294 109.3810 109.1903 108.8367 108.7663 108.9001 107.0849 108.8775 107.1773 107.3728 106.2533 106.9556 106.5014 105.8196 104.9246 105.6929 105.2166 104.6123 104.2011 104.5328 102.9354 101.2362 100.8200 100.6231 100.3268 100.4091 100.5964 100.7699 100.9100
117.3500 117.4059 114.7610 114.6428 111.1404 114.3404 110.0632 110.5090 110.2734 109.5495 108.7859 109.5945 109.3041 108.7672 108.9544 108.3329 108.2485 107.1365 108.5053 106.4443 106.0684 106.1548 107.3730 105.9088 105.3169 105.1626 104.4400 104.6601 102.1718 102.1474 101.1812 100.6674 100.3787 99.9826 99.7565 99.4585 99.5538 99.6958 99.8956 100.0600
117.6600 116.4800 114.4442 113.3792 114.7444 114.0513 113.5460 112.4395 109.9490 109.0545 108.6514 109.0807 108.9526 108.8395 108.6135 107.2112 107.9481 107.7937 106.9344 106.8756 106.6971 106.3265 106.9339 106.3290 105.1439 103.8951 104.8117 103.9954 102.1298 101.6856 100.6707 99.9183 99.2977 98.6888 98.5632 98.0135 97.8480 97.9883 98.3985 98.7200
116.7900 115.3695 116.6011 116.3652 116.3890 116.8535 115.7768 115.1766 111.8783 110.5454 109.6031 108.0876 108.7721 109.0634 108.6891 107.7313 107.6905 108.3530 106.8827 106.3129 107.1807 106.1664 106.5968 106.8417 104.9486 104.2913 103.7254 102.5248 101.8476 101.1922 100.0023 98.8482 98.0464 97.3687 97.4473 96.7802 96.4132 96.6093 97.1229 97.2800
119.1200 116.9252 116.0585 116.1559 116.3433 115.4533 114.6394 114.8802 114.9446 114.7954 113.0872 107.4451 110.5188 109.0049 108.8195 107.9710 106.7443 107.4216 106.6811 106.6474 107.0985 104.9725 106.3858 104.8645 104.8525 104.1706 102.5853 101.7039 101.0210 100.1584 99.2345 97.8749 96.7586 95.9970 95.4693 95.1551 95.2223 94.7246 95.8491 96.4700
116.9600 115.7442 111.2892 111.8653 114.5699 110.9834 113.6272 115.1576 113.5438 115.4086 115.4640 113.4507 111.7531 109.3035 108.3709 108.4125 107.3497 106.9474 106.5623 107.1347 107.0219 105.4173 105.7217 106.0980 105.2965 103.3419 102.0658 101.3172 100.3421 99.4559 98.3409 96.6924 95.0737 94.5889 93.8613 92.7135 92.9980 92.8654 93.3802 93.7700
116.7900 118.1230 115.4819 111.1623 114.8447 112.4689 114.6189 111.0051 109.6447 110.8316 110.6488 113.2205 110.7187 109.3660 111.6416 107.8385 107.2009 106.6227 106.0877 105.8903 106.0581 105.4800 105.9343 104.3078 103.6919 102.8182 102.1745 100.8080 100.1793 98.8745 97.6534 95.1809 94.1134 93.9193 92.4637 89.5440 90.1044 88.9896 90.8221 91.1300
116.1600 115.9095 113.4496 116.3110 117.5123 112.3797 114.9152 110.0464 114.5166 108.7288 112.1057 111.7424 109.0588 108.6713 109.6327 108.5517 107.9312 108.2438 106.6027 105.7889 105.2104 106.3438 105.2777 103.6422 103.0334 102.6251 101.8143 100.1543 99.4322 97.6021 95.6969 94.9360 94.7281 92.3539 90.0039 86.5272 87.4458 87.1209 87.8682 88.7800
113.9600 113.3699 111.6382 110.2268 109.1565 114.2944 111.0612 115.7887 115.7273 113.8135 111.5754 108.9042 108.2637 112.6855 108.3633 107.8795 107.9058 106.6623 106.5064 106.1524 107.0420 106.6240 104.9115 104.0492 103.2840 102.2357 101.3790 100.0588 98.5439 97.3666 95.6003 95.4740 92.9385 88.1886 85.1553 81.7446 81.7594 83.0577 84.1469 88.1100
112.6300 113.2682 112.8540 113.5628 112.3667 116.7252 112.2994 115.7766 112.9431 114.1007 112.0096 110.0158 113.7261 114.0755 109.7597 108.5541 108.2486 106.6818 106.6081 107.4324 106.7655 106.8023 105.4487 103.8388 102.9430 102.4714 101.2310 100.2098 99.0768 97.4064 96.2111 93.7350 90.8509 85.7189 80.7364 74.6608 69.7748 70.5100 78.4321 82.7500
114.4700 118.7878 111.8994 113.6440 107.8041 109.1493 108.7187 113.7938 114.9861 113.6217 113.6173 108.1760 111.5278 114.4926 110.6059 105.8727 106.8827 108.6471 107.4092 107.1024 106.8487 108.4402 107.3746 103.2829 102.9256 102.3071 101.2345 100.6446 99.2681 97.9032 96.2160 92.8820 89.5334 85.1272 79.6952 65.3865 61.8481 66.1764 73.5563 81.8100
117.4100 113.8553 112.7984 111.8486 108.6518 107.8779 112.2629 111.4966 108.8765 109.7366 113.1982 109.9146 110.4034 111.4145 109.6027 108.2380 105.8786 107.5793 105.4062 107.1885 108.2829 107.7511 106.7722 103.7678 102.7785 102.2678 101.1029 100.6266 99.8215 98.1561 96.3945 93.3314 90.0144 85.5374 79.5064 65.7344 61.7300 66.0095 76.4049 81.6600
117.2500 113.1883 114.4094 111.0360 109.5210 108.1592 108.4322 110.4850 109.0680 107.5730 108.8402 109.0574 109.1526 108.4472 108.3193 107.7487 107.0161 107.8356 107.8653 105.8851 106.1146 105.2648 104.3580 104.5508 102.8431 102.1635 101.4027 100.6683 99.6105 98.0680 96.8744 93.6987 91.0279 86.7280 82.1102 73.9764 73.2120 74.9584 80.3832 81.8800
114.6100 111.1443 112.0720 112.6000 112.1749 109.6662 108.6650 109.7361 107.8492 108.6728 108.7014 108.3234 108.9138 108.5043 108.4367 108.8707 108.1774 107.2217 107.2727 105.8648 105.6466 104.4623 105.3295 104.3553 102.9634 102.3723 101.5705 101.1169 99.6327 97.9322 97.1367 94.7357 91.9508 87.9872 84.5776 81.1426 79.3830 82.1396 84.3618 87.9200
116.6300 114.5592 115.6068 113.6672 112.6776 108.4395 109.3586 109.9161 108.4520 110.9345 111.2459 112.0098 111.2350 111.8340 108.4794 108.3340 107.7032 107.3429 106.9174 106.5982 105.8004 106.4037 106.3467 104.1651 104.6241 102.3237 101.6696 101.3464 100.4424 98.4456 97.1351 94.8742 94.4334 91.9085 88.7790 86.7384 86.4418 87.0589 88.8039 91.6700
117.1100 117.4401 112.7525 109.1338 110.8187 108.9145 107.9603 112.9102 110.8004 112.0709 115.4998 112.6065 114.3464 110.2633 112.5507 110.7456 108.0170 109.0967 107.5655 107.5065 105.9234 106.8727 106.0719 105.3933 104.5180 102.8527 102.0912 101.7094 100.6154 99.2748 98.4343 96.7752 96.0252 95.9716 92.3828 90.6171 91.7284 91.5214 91.9570 92.6300
115.1300 114.5693 109.8834 109.1122 113.2810 108.5211 110.7256 107.4765 114.0834 111.7069 114.7705 113.4806 111.4504 108.8341 114.9984 109.2427 108.2995 107.8294 107.8273 107.4665 107.2850 105.8224 104.6225 105.8576 104.1990 103.1621 102.4521 101.9222 101.2818 100.0896 99.3418 98.1100 97.6009 96.7704 94.2744 93.7984 93.4755 92.2189 92.8041 93.0900
117.1700 112.3006 116.4757 112.2420 117.0293 109.3352 113.4571 113.1597 110.3488 115.9874 115.8292 114.4680 112.9453 107.9437 108.2998 108.2728 107.7550 107.4310 107.6382 107.1355 105.9450 105.8200 106.3146 106.2896 105.9162 103.2872 102.8160 102.3983 102.1082 101.2438 100.1103 98.8473 98.5834 97.1997 96.3845 95.4510 95.0075 94.8348 95.7609 97.4200
120.8700 112.3307 110.4467 112.7215 114.6788 110.0965 113.9083 110.3765 109.8572 112.0540 110.0922 109.4937 109.5258 108.6262 109.1170 107.5556 106.6474 106.4103 107.0995 109.0942 106.1769 105.3541 106.4232 105.2182 105.4845 104.0760 103.1561 102.7508 102.5185 101.6569 100.7144 100.2854 99.6339 98.5978 98.2941 97.8357 97.7568 97.5059 98.2267 97.4200
115.7700 114.6372 116.1209 117.4310 118.1873 109.8674 111.5461 110.3954 110.2704 109.8061 109.6010 110.0697 110.0823 109.6399 108.5245 109.8510 106.9914 107.6560 107.3732 106.8591 107.4114 107.7879 106.7315 106.3219 104.9295 105.1812 104.8198 103.4904 102.8177 102.4776 101.5467 101.1357 100.8347 99.9953 99.6140 99.0481 99.2092 99.2970 99.5748 100.5000
109.2200 111.9418 114.0792 114.2194 113.8953 109.7547 110.9175 111.3442 109.6760 115.3985 113.8299 113.4060 114.2425 111.4115 112.7188 110.0801 107.2429 107.2868 107.7266 107.3965 107.1681 107.7544 105.6876 107.1378 105.2142 106.2820 105.6228 105.5879 103.1757 103.1158 102.4949 101.7061 101.7001 101.0471 100.5907 100.1434 100.3595 100.2260 100.4880 100.5000
112.8800 111.0108 109.6491 113.1308 111.5164 111.1438 114.8855 115.9181 116.4546 115.1417 115.2554 114.7736 113.7635 112.6516 107.6075 109.6292 107.0998 108.1215 107.7012 107.4086 106.5783 107.1101 106.2317 106.7062 105.3793 106.4440 104.8994 104.5607 103.6114 105.5393 104.9853 102.5117 102.1097 102.0741 101.3427 101.0083 101.1588 101.0062 101.2065 101.0900
112.8800 113.4122 112.6536 114.4525 116.1792 112.8745 115.3008 114.8066 116.7877 115.6885 113.9143 112.8050 112.4611 112.4578 109.4980 114.8956 107.7176 107.6374 107.7132 108.6983 107.3113 107.0974 106.1704 106.5099 107.1849 106.2960 106.0834 105.7834 104.7618 105.4114 104.1639 103.1903 102.8292 102.0535 102.0194 102.3932 102.2146 101.7842 102.1246 104.4500
109.6600 115.7316 116.8577 116.4046 114.1101 115.3619 115.7158 113.9770 117.1587 115.2628 111.6321 113.8988 108.9584 110.0192 114.4839 111.3292 107.5886 109.0552 108.6297 107.8055 107.4206 106.9688 107.2524 107.3676 107.4967 106.5975 105.6272 106.1814 104.8633 106.0843 104.1577 105.1387 104.2128 106.8270 103.1366 103.0190 102.8424 105.0529 104.3823 104.4500
109.9600 118.7866 115.2167 114.4176 113.5711 114.0650 114.2377 116.3338 113.8646 114.0589 110.7357 111.3427 112.4453 114.7394 114.7124 112.3283 112.1983 110.9947 107.7831 106.8584 108.2015 107.9889 107.9814 107.5393 107.7196 106.2396 106.7434 106.2164 106.2765 106.9214 104.9955 106.4252 105.6551 104.7422 105.0545 103.7146 103.6669 105.6110 105.6327 105.4700
118.2600 115.8528 113.1556 115.7086 115.4933 114.1680 115.7577 115.4567 114.5539 114.0594 113.2255 109.3625 114.6651 113.2654 110.6371 114.2366 110.9550 108.3299 107.4223 107.6716 108.4794 107.1036 108.0985 107.0632 107.5504 107.2681 106.8674 106.7636 107.2320 107.3399 106.0073 107.0269 105.5940 103.9872 105.9404 105.4890 104.3886 105.0841 104.5809 106.0300
115.9800 114.7183 111.3009 115.9383 116.2783 115.1788 115.1893 115.7360 115.9557 113.6108 111.0710 113.1614 115.2932 111.5755 113.1404 109.0809 113.2829 107.6434 108.0839 108.3993 107.6708 108.3008 108.4094 107.4280 107.4066 107.8050 107.2105 107.1636 107.5831 107.4323 105.7438 107.2485 108.9128 106.5081 106.4275 104.9471 105.3916 104.7652 105.3945 104.6000
116.9800 116.9800 116.5400 116.5400 116.2800 111.2000 116.6700 116.6700 115.2800 115.4900 114.4200 114.4200 108.6000 113.9900 113.9500 113.9500 109.1400 109.1400 109.2800 109.2800 108.5100 108.5100 107.0900 107.4200 107.4900 106.6000 106.6000 106.0700 106.0700 107.7300 107.1000 107.2300 105.8600 106.5500 106.5000 105.3400 105.5600 105.1400 105.6900 104.6000
