110.0100 108.7900 108.0200 112.5200 110.4400 110.6200 110.5300 110.1700 119.2600 120.6400 118.4700 116.6400 120.8700 118.4900 119.3400 119.9900 119.2900 114.2000 112.6000 112.5700 111.0300 109.4800 108.0600 108.0600 106.9600 106.0600 104.3400 104.5700 102.9100 103.1000 102.7000 102.6500 102.6100 102.6200 102.7000 103.0900 103.5700 103.7700 104.3700 103.8400
108.6700 108.4606 108.3163 109.5312 112.1420 110.3923 118.4961 117.4667 113.5131 118.1787 118.7449 119.4677 117.3261 119.4992 116.4167 113.5075 118.6758 116.9621 114.5429 110.9857 110.0608 108.6978 107.5369 106.2002 104.9771 103.8073 103.4636 103.1316 103.3802 103.0020 103.2711 103.4461 103.5109 103.4701 103.3354 103.1009 102.6820 104.2942 102.2877 102.4800
108.6400 108.3432 109.4336 108.2673 108.4220 118.4567 117.2840 117.6106 111.8914 114.7897 116.3908 120.2188 118.7675 119.0789 117.6430 114.3424 116.5601 116.1768 115.8367 110.1443 108.3449 107.1072 105.9568 104.8909 103.3774 103.4567 103.6843 104.2986 104.8586 104.5756 105.0902 105.4775 105.6452 105.5340 105.2469 104.7903 104.3106 105.1071 103.2415 102.6400
112.0200 108.5021 111.3488 108.8674 109.7925 107.0489 111.1459 114.7268 116.0976 117.9977 117.6533 117.2236 118.2607 117.8210 114.0019 117.1527 112.9305 112.8249 112.7057 107.6783 106.7629 105.8038 104.5929 103.7625 103.9939 104.4590 105.3665 106.4241 107.3437 108.3807 109.6843 110.2555 110.4831 110.3619 109.8506 108.9942 107.2159 105.7782 105.0052 103.9000
111.5100 112.6236 110.3785 108.7046 108.6200 109.7517 110.5954 115.9314 114.9814 114.0479 114.8967 115.0434 115.9452 113.8795 117.7813 116.5201 115.1670 113.7253 111.4834 110.9341 105.4074 104.4160 104.2739 104.5462 105.4274 106.2971 108.0042 109.7875 112.0296 113.8551 114.2893 114.1298 114.0975 114.0903 114.1777 114.2260 114.1897 111.0629 108.3333 105.9300
114.9800 116.6535 118.8702 111.6434 113.0151 112.0535 114.3424 110.1171 114.5256 117.3322 114.7880 114.3462 115.4863 114.6720 110.8191 114.7883 114.3963 110.7425 107.0520 107.7244 104.3940 103.4593 104.0686 106.3762 107.1315 109.5567 112.9571 113.4244 112.9821 111.7210 109.1095 107.8369 107.4163 107.6275 108.6404 110.6316 113.7726 115.1153 113.3179 110.7600
109.3700 109.5012 112.6638 113.6175 112.3156 114.9178 114.1949 113.7271 111.2118 109.9023 112.9406 114.1875 113.6785 109.2592 110.7371 111.6478 113.6926 109.1511 112.1934 105.8801 107.1069 104.7941 104.7265 104.4605 108.8820 108.4053 112.0057 108.7603 105.8030 103.3832 101.3510 100.7861 100.4879 100.6913 101.0866 101.9852 104.6493 109.2215 112.0983 113.9000
109.0800 108.1663 113.5879 118.2054 112.0894 117.0827 115.7654 116.0439 115.3681 110.7526 113.6221 113.6874 112.3540 115.7527 112.8013 112.1945 113.7117 109.7853 105.6334 105.4591 106.2921 105.9249 108.3602 101.9122 109.4367 102.8521 103.5342 103.6253 110.0209 101.0967 100.7415 100.2647 100.0798 100.1882 100.4362 100.6499 99.1077 101.2940 105.3716 106.3800
109.0800 109.0109 113.3885 113.6441 113.8689 113.1749 117.1648 115.3945 113.0218 112.5814 112.7264 113.9112 108.1203 112.3559 109.1800 112.1373 111.6054 110.0884 106.7956 105.3082 108.4979 109.1607 107.8582 104.0880 104.8199 102.9282 102.1176 106.7105 103.3238 99.4623 100.2960 100.0957 100.0548 100.0449 100.1342 100.7080 100.7751 99.4641 101.0786 101.1600
118.2100 115.0722 115.0900 110.6211 111.2702 112.2365 110.4538 110.7314 110.2006 111.2813 109.6783 111.0445 111.1893 109.7516 107.4702 108.7261 107.9854 109.6114 106.4627 105.2712 104.8595 105.9987 104.9162 103.8040 106.6089 103.7076 101.1547 100.9809 99.4764 99.8142 99.0547 98.7554 98.5807 98.6743 98.9635 99.3097 99.9316 100.5264 101.6865 101.9400
109.7600 110.4705 117.9886 113.4598 110.3048 109.8007 108.6829 106.0500 106.4634 109.2848 103.9890 109.3488 107.7833 107.1038 106.6877 107.6479 107.2225 106.2961 105.5033 106.0916 105.0183 105.4368 103.5065 104.2718 104.0687 102.1284 100.5773 99.7001 99.0516 98.4055 97.7269 97.1488 96.9601 97.0695 97.4611 98.0771 98.7690 99.5214 100.3562 100.8100
109.1200 118.1465 112.8999 111.4704 110.9947 109.1349 111.2611 108.1944 106.0993 104.9240 108.1573 108.2051 108.2809 108.1592 107.4905 107.6386 106.9571 106.7524 106.4459 106.2215 105.3851 104.7844 103.4140 104.1526 102.6316 100.7263 100.0288 99.2398 98.5064 97.0728 96.0858 95.0453 94.7307 94.9207 95.5450 96.4420 97.4764 98.5135 99.4662 99.9000
113.4200 113.8445 106.8386 107.2476 107.4871 108.0346 107.8706 108.8996 110.1772 113.2660 112.6181 109.7497 113.9341 111.2300 108.5279 107.5095 107.3724 102.7684 104.0966 104.9486 104.2419 104.5865 103.2614 102.1063 100.9021 100.2973 99.3640 98.4683 96.7592 95.6591 93.8106 92.1606 91.6170 91.9376 92.9954 94.6455 95.9312 97.4942 98.6576 99.7600
114.6200 114.4001 107.8470 107.4008 106.6784 108.3079 107.6576 105.6639 108.5696 102.7689 104.2791 108.9987 113.2027 111.8945 111.8947 108.3725 105.6709 104.1667 102.6851 104.9328 104.2514 103.0678 103.8713 101.6905 100.7379 99.9295 98.5027 96.6936 95.6794 93.1344 90.3350 88.4708 87.2525 87.8100 89.5934 92.3281 94.2183 96.7975 98.0991 98.6100
117.2500 115.1920 109.4109 108.2158 108.1739 108.7020 105.8889 105.9933 106.0827 103.3720 106.5969 108.3746 113.4388 110.7880 108.9623 103.0981 103.0190 105.3062 107.7786 104.7590 103.8301 103.2896 103.5535 101.3295 100.6363 99.4854 97.6466 95.8323 94.6817 91.8132 88.3873 83.6334 81.5068 82.6737 85.7141 89.0756 92.3324 95.0556 97.1042 98.6100
113.6400 117.4963 113.7644 112.2813 108.7468 109.9997 106.1950 108.0525 109.8347 105.6577 109.8274 110.5218 114.7142 108.9044 113.0263 107.9381 105.5168 106.3142 108.0970 103.8229 104.3718 107.2591 102.3536 101.2037 100.3675 99.2622 97.4208 96.0213 94.7750 91.7055 85.0284 76.6605 73.0227 74.9471 81.5452 88.1779 91.9546 94.2394 96.4017 98.1000
116.8400 113.7699 111.4916 111.5577 107.2234 108.4496 109.1278 107.6817 109.1109 109.1554 108.4769 111.3765 110.4293 109.9945 111.3285 108.5798 106.1460 105.0943 101.2384 103.3797 104.0390 103.5018 98.6408 101.3660 100.2770 99.1486 97.5554 95.6585 92.9300 89.3473 83.5742 70.7108 66.4770 69.3098 77.9518 87.9513 91.8752 95.0879 96.4890 98.7200
113.5200 110.1045 107.7907 107.7609 107.9492 108.8368 109.3002 108.6447 108.4212 107.6964 108.3184 111.7298 106.9742 108.9973 112.0072 106.6565 105.5888 102.5672 105.3587 103.2745 104.3301 106.2214 95.8350 101.8434 100.2139 98.9660 97.6178 95.3265 91.7955 89.1817 84.0686 70.3139 65.5307 68.7533 77.3177 86.4045 91.7366 95.3485 96.7822 98.7200
111.2900 110.8584 114.9636 112.7755 111.6642 113.2059 109.4729 110.3699 110.2205 107.1375 111.4904 109.2724 111.1183 113.1839 111.9656 107.2334 106.8412 105.1296 105.4087 105.1419 103.4684 102.0953 101.4336 101.1458 100.2848 99.6896 98.4864 96.6817 93.8091 89.9892 86.9170 77.1593 72.3297 74.6896 84.6777 91.0643 92.6157 95.9746 97.1331 98.5200
112.8000 112.5658 115.2264 114.0166 114.2325 110.2545 109.6537 110.7935 111.1511 113.6435 109.9811 107.6023 106.3321 110.9326 110.4686 106.4567 108.4836 108.1608 105.4719 104.8733 102.6921 103.9634 102.3822 101.3067 101.2560 91.3397 89.1300 96.2548 95.2582 92.6209 89.5007 85.2688 82.1505 86.6347 98.6665 91.6383 95.3025 96.0162 97.9760 98.8000
111.3300 110.2294 109.5494 108.1041 108.2683 112.3042 112.6099 113.6627 109.9443 111.5514 112.4048 112.0128 114.6135 108.0706 111.6484 112.8459 105.4019 104.9329 108.0648 104.7288 105.2099 104.2668 102.6550 101.7059 100.8728 100.6436 91.8375 98.6660 94.9255 93.1739 90.1196 89.8814 90.2526 101.9481 103.6047 103.5301 107.2601 88.0864 99.9257 99.1900
111.2400 108.2906 107.7671 107.8614 110.4698 107.1079 111.2352 110.5988 110.8309 111.9668 113.3962 113.9844 113.0755 112.4137 110.7691 113.6570 104.2512 104.8273 106.5284 105.5762 104.8034 98.0454 96.8516 94.8763 101.5847 100.3123 99.7146 98.3040 96.4149 96.2725 94.4898 96.7285 103.2941 104.1646 99.5627 99.8125 98.5411 87.4358 98.5466 100.1000
110.1400 108.6995 107.9732 108.2693 108.9938 107.6003 110.4890 108.5669 112.0331 111.2793 116.6626 115.2253 113.5856 112.6742 106.7263 106.9799 106.9836 105.1081 105.8609 105.3755 105.0567 101.0142 98.9288 100.4541 95.3992 92.8785 100.7490 98.8232 97.2616 96.3734 89.7696 99.7153 105.9469 103.9713 101.1160 87.4406 88.8913 99.4695 99.8312 100.2500
110.2600 114.3384 111.8564 109.5027 111.3709 107.3136 107.2957 112.0082 116.6751 113.7758 112.9576 114.1586 109.7718 107.0970 106.8087 105.7964 105.3378 103.6784 105.5273 105.2728 103.2293 104.2282 105.0274 104.4478 95.0993 96.1738 100.6204 92.2203 92.8331 89.8846 89.7073 92.2951 87.4716 86.5754 95.6913 89.8676 90.7903 92.5054 100.6003 100.9500
108.7700 114.6306 108.8962 109.9164 108.6890 108.0515 105.7826 109.7665 109.2140 107.7192 110.0138 111.8713 108.5809 107.6232 107.5676 106.9003 106.1163 105.3927 103.6291 107.9388 102.4450 103.8144 104.9835 101.9158 103.5390 101.1994 100.4100 93.2241 94.7296 95.9534 90.3413 93.9805 90.8826 92.6928 91.2712 93.5768 94.8284 93.1334 101.6912 102.0000
110.3500 107.6603 107.8810 108.4711 109.3821 108.3541 109.4620 110.2129 108.5895 107.3117 107.7163 107.0323 108.4161 107.9191 107.1719 105.8362 106.4157 105.3698 107.2178 108.9755 106.4371 104.7642 99.6132 99.1592 105.3227 99.7743 95.9619 93.9991 100.5647 99.5519 93.9674 99.0494 91.8764 94.3792 100.8860 101.6655 100.8065 102.8710 102.6592 97.1600
112.7000 109.1846 108.8651 111.3521 108.1124 109.9150 106.5713 108.8261 109.6678 108.9477 109.0785 105.4059 110.5868 108.4278 111.6209 110.9971 106.5721 106.3968 107.6734 104.7550 104.8773 106.4200 101.5136 100.9255 105.1689 104.8885 101.9190 95.9544 95.8048 99.1618 95.1969 100.2673 98.0638 94.1190 101.1583 102.2048 98.2763 98.0485 100.0413 97.1600
111.2300 109.4800 109.4954 109.1618 108.6825 109.2125 110.3005 111.3796 110.2987 108.0677 111.0130 104.2002 110.4103 109.6047 114.1902 111.6877 107.0281 106.9709 105.8541 105.3129 104.8278 103.1870 105.7818 104.3527 105.0183 100.8672 105.6717 101.3811 97.1684 99.5254 102.4631 97.2857 99.0571 96.1882 95.5355 101.5389 97.3222 100.9743 99.1717 103.3600
110.0000 109.8607 110.1487 108.2954 110.0461 110.7709 110.2919 109.3664 109.5234 110.1288 107.5080 104.9391 108.5313 115.1614 115.0854 113.6662 107.8198 107.4748 105.8328 105.3745 104.4106 105.1843 103.4413 105.3696 105.7118 99.6944 104.1628 103.2997 99.0369 101.7697 105.2200 102.3177 97.8475 96.7786 96.9941 104.4416 103.4984 105.3718 105.1339 105.5300
112.2100 109.9827 110.4782 111.6299 112.0637 108.7808 106.9968 108.1373 105.8146 107.1980 107.1888 106.4203 107.5315 107.2758 110.3129 109.0667 108.4000 107.5489 106.5962 106.9315 108.4434 107.8580 106.4476 105.8975 104.2523 102.5916 106.2157 103.3934 100.6398 101.9376 100.2949 103.7860 98.2651 104.4033 104.1405 105.9246 105.6871 105.3063 105.6138 105.3900
112.7800 110.9103 110.8771 109.7237 107.7556 107.6278 108.1979 113.0690 109.8807 111.4923 111.2983 109.3078 111.4121 102.8058 107.5842 109.0207 108.4841 108.1662 106.6415 112.1905 106.6935 105.7931 105.2946 104.7409 104.3480 103.9637 105.9579 104.1927 101.8059 101.6759 100.3406 100.3332 101.4409 106.1794 105.0843 105.1461 104.9318 106.0664 104.3939 105.1300
112.3700 112.0154 110.9176 111.1218 109.7349 111.5523 112.3603 107.6849 111.4017 108.9528 109.0436 107.3245 110.2620 108.1685 103.6499 107.3015 109.1866 108.7017 108.8435 113.4690 111.2369 106.4020 105.4078 105.8137 106.8082 106.9178 105.7622 102.0494 102.0987 103.1811 105.1168 101.7547 103.0931 103.3065 105.7725 104.5350 105.2171 105.9854 106.9912 107.0100
112.3100 112.1132 111.9519 111.3883 111.4962 108.3293 107.5067 112.2475 112.6782 109.1252 109.2985 108.9483 108.2791 108.5752 103.5105 100.8531 112.1640 111.2530 115.0592 111.6354 108.4445 107.0068 106.6097 106.1722 105.4650 106.4711 105.0037 104.5404 103.5787 103.9568 104.5966 104.4484 103.5382 103.3878 105.2666 105.7457 106.4389 105.9467 106.1660 107.0800
114.3300 112.1411 111.9610 111.9267 110.7835 108.0667 110.0246 113.0386 109.6092 106.9308 105.7044 109.6277 109.2847 108.8820 105.5218 102.5581 104.9763 113.4370 116.8701 109.4882 108.4119 107.3546 107.3369 106.9313 106.6881 106.2507 107.4488 106.7720 106.2643 106.2823 104.7683 104.5206 105.1507 106.1276 105.6942 106.1334 106.9082 106.2977 105.8608 106.5200
113.2600 112.1948 111.0312 109.4774 109.4354 109.4367 111.0978 112.4017 107.6831 107.6335 106.5792 109.4949 106.8278 108.6881 108.5126 106.4491 108.3757 107.8994 110.1611 109.3592 108.7586 107.6165 107.9352 107.7180 106.9300 106.4367 106.5791 106.2921 104.6957 106.4617 107.3244 106.1937 104.9740 107.3667 106.6198 106.8761 107.3766 108.5061 108.3469 107.5000
113.2600 111.9747 111.8763 110.6057 111.4747 109.7597 111.1799 110.3559 107.8324 109.0677 108.4058 108.1867 105.0441 110.0566 108.9978 107.5917 112.9261 106.9107 104.1308 110.8747 109.4742 109.3750 108.0886 107.9624 106.8118 107.3720 107.6038 107.2457 105.8542 106.7788 107.1377 106.6315 106.5447 106.7697 106.3002 107.1498 109.7763 112.7551 107.3821 110.5700
113.2900 112.8234 112.0643 112.8314 112.9179 112.0630 110.2094 109.8577 108.3610 108.9269 107.0092 107.7308 106.2074 107.5954 110.0963 109.2369 112.0690 106.3781 105.1307 106.8187 103.7325 108.7547 108.7390 109.0341 107.9050 108.0124 108.1776 107.8279 107.2173 110.2172 107.7166 106.9725 106.7335 108.6794 110.2177 111.2999 106.5542 113.0559 107.3807 111.3600
113.6600 113.2687 115.4620 112.9099 114.5708 111.6838 109.3163 110.2492 109.6396 108.1933 107.6688 107.3821 111.9752 114.5881 112.2850 106.8784 107.6743 105.5122 104.7276 104.2858 103.6698 104.4157 107.6276 108.4377 109.8193 108.2086 108.9934 108.3218 108.1256 109.1211 107.8582 107.8846 108.3995 112.3022 110.3940 107.9080 107.8132 113.0287 109.7461 111.3600
114.6300 116.0250 116.4049 114.1022 112.5306 110.8879 110.3349 111.8661 109.4493 110.2841 108.3204 109.4816 110.0156 109.3845 109.0489 108.9483 106.1034 106.4650 105.4262 105.0363 105.0531 104.2228 104.1689 102.1629 105.6031 109.6315 107.8591 109.3197 111.1387 110.9496 109.0003 109.2140 111.1545 112.0335 111.9640 109.3230 108.4330 113.2507 108.7523 106.3400
114.6300 117.1200 115.7500 114.7500 112.4700 110.5800 111.0100 111.0100 110.7200 109.8000 109.8000 109.8800 110.7400 108.9200 108.9200 112.7900 112.3200 110.9700 106.2300 105.5200 104.6600 104.6600 104.8100 103.0300 102.6600 103.1800 102.1100 102.1200 114.8300 115.0200 109.7300 108.7900 111.5900 109.9400 109.9600 109.9600 112.2600 115.0400 115.0400 106.3400
