116.1800 112.9600 111.5900 114.2100 116.6700 114.0600 116.0200 110.2400 108.9600 108.9100 110.7600 111.8900 105.8200 104.8200 103.7400 104.2900 107.4500 109.2200 111.8200 110.2700 112.9500 114.6200 111.3900 106.7900 106.7900 99.9200 100.1600 99.2000 103.3000 103.0300 102.0500 106.5000 106.5000 112.7200 114.6800 114.5800 109.7600 106.9800 105.4100 104.3000
111.8600 116.4369 115.3517 111.9661 116.3469 118.9820 113.9913 114.8176 115.0146 112.4292 106.7778 106.1561 105.2622 105.1415 104.5212 105.2196 105.7300 112.4631 110.9952 114.5526 112.7004 109.0985 105.8840 102.9109 100.8870 99.4179 99.3147 99.3002 99.2160 99.5475 100.5362 101.2380 103.0993 107.5684 111.7012 114.9241 115.8028 112.4611 106.3062 106.0000
115.3500 110.9909 115.2129 118.3416 108.2411 109.8877 110.5068 115.1583 114.7710 113.4038 107.0690 104.7013 104.3952 105.7420 105.7967 106.3058 108.6602 111.7940 112.1946 111.7363 107.2651 103.7978 101.2772 101.7183 101.0626 100.7027 101.0625 101.1496 101.1854 100.9426 100.4302 100.8424 100.8960 101.5813 104.6207 110.8133 114.1783 115.7567 109.8227 106.6400
113.5600 112.5208 114.3683 110.2357 113.2871 113.6835 114.1245 116.6193 108.4592 109.5725 115.4817 103.7701 106.0740 106.4097 112.8349 108.5346 108.5214 111.6477 111.2234 109.3071 103.4095 101.3828 101.8602 102.1743 100.3403 100.2274 99.8361 99.6819 99.7016 99.9624 100.3969 100.7229 102.7856 100.5204 101.2380 103.5450 109.5067 114.8478 113.7665 110.7500
111.5400 112.3798 114.0173 112.1366 109.8169 108.5870 112.6732 111.6946 107.1439 106.8862 103.1960 106.9628 105.8513 106.9603 107.4858 113.5092 108.7216 104.7642 104.7006 107.8115 103.8784 101.4583 100.5853 99.9214 99.4609 98.9200 98.5939 98.4389 98.4857 98.7163 99.1233 99.5779 100.1897 100.7864 101.6296 100.3408 104.0175 110.9160 114.8789 112.5000
110.4300 111.7269 113.1364 112.1761 110.7553 110.4121 113.8683 107.4556 107.6027 106.5923 107.4711 112.0755 109.7637 109.6830 112.7449 111.5249 109.1956 107.5693 105.4669 103.6905 100.9591 100.4036 99.6652 98.9022 98.1111 97.4396 96.9362 96.6898 96.7601 97.1289 97.7140 98.4555 99.2472 99.9839 101.4000 100.6810 101.1206 105.4202 111.8186 113.4400
114.1400 109.4005 115.8751 113.7852 113.3752 112.9476 113.7270 109.9144 109.0982 109.8057 108.8533 108.1833 111.9957 109.1830 112.2159 114.5812 107.5228 110.4510 105.8665 101.2470 100.5913 99.9366 98.8088 97.7647 96.5799 95.5832 94.8024 94.4140 94.5302 95.1063 95.9996 97.0275 98.1034 99.1390 99.9546 100.8338 101.4868 102.8527 107.4455 112.5500
113.3900 107.8599 110.8863 115.3571 115.3806 114.9433 111.3673 111.8490 107.0934 106.9409 107.0359 106.3520 107.7002 108.1754 112.2941 107.6830 106.6946 108.0117 102.3636 100.9708 100.1602 98.9474 97.7476 96.2225 94.6764 93.2121 92.0070 91.3374 91.5284 92.4709 93.8314 95.3840 96.8409 98.1678 99.3261 100.3259 102.0491 101.8698 105.0467 112.5500
112.4400 111.1048 115.7073 112.5156 111.1831 112.2516 112.5537 107.6454 107.0047 105.6776 109.7149 106.5094 107.5230 108.6114 106.6079 110.8650 106.1632 106.7290 101.3673 100.5782 99.4413 98.2005 97.1440 94.9582 92.5725 90.2657 88.1144 87.1097 87.4317 89.0311 91.2521 93.4730 95.4912 97.1957 98.6146 99.8126 101.2338 102.0375 103.2877 105.8700
111.9800 114.0494 110.9101 114.8554 114.1330 112.3520 111.0270 106.3106 105.9370 106.9489 108.1100 104.7574 106.5628 110.5994 104.8513 103.5842 104.9458 104.8815 101.1366 100.0723 98.9520 97.3931 95.9757 93.0429 90.1387 86.8156 84.3064 81.3395 82.1442 84.9020 88.3188 91.4704 94.1544 96.2823 97.9753 99.3577 100.5332 101.5303 102.4080 105.4900
110.9200 110.7446 110.3182 115.4170 113.1033 113.5669 107.8825 108.7918 108.3923 107.1994 106.4937 105.6827 106.0130 105.5377 105.6871 103.7517 104.7319 102.4234 100.9557 100.1950 98.8323 97.4126 94.4837 91.8551 87.8918 83.9046 77.9545 70.1901 75.3835 80.0026 85.2680 89.6490 92.9840 95.5334 97.4733 98.9924 100.2109 101.2879 101.8853 105.1400
113.2000 114.3926 109.1034 109.1780 113.1263 111.7823 107.8383 108.0523 108.2523 107.9155 106.5292 105.4633 106.4555 104.8509 105.0894 103.9444 103.3325 101.8636 101.0439 100.2598 99.1033 97.3720 95.2523 90.8948 86.3452 80.7668 72.4389 67.2326 68.6557 79.5627 84.1902 89.1950 92.2521 95.0729 97.1677 98.7785 100.0716 101.2286 101.7416 104.9200
113.2100 114.8370 109.5326 113.6353 113.2864 111.1321 107.6762 108.0946 107.2878 107.4148 106.3663 105.6163 105.1315 104.9044 105.4973 104.0707 102.6722 102.2631 96.2371 100.5792 98.8734 97.2779 95.1452 90.6572 86.0482 80.4154 71.0560 65.7887 66.6677 77.7651 83.7731 88.9030 92.1120 94.9878 97.1128 98.7248 100.0705 100.8797 101.5047 104.8500
114.7300 114.0431 109.2864 109.0635 107.1436 107.8969 107.2430 107.0830 106.6491 107.2941 105.6005 107.2118 105.4708 105.2973 104.4690 105.3696 104.4141 102.3935 98.2115 100.5082 98.8982 97.3882 95.9642 92.3200 87.1171 85.0201 78.5148 71.2555 72.9918 79.0271 85.3443 89.0035 92.6061 95.3055 97.3103 98.9109 100.1160 102.8305 102.7056 102.4600
109.1400 108.6623 109.4605 109.9039 105.3571 108.1829 107.7878 107.3889 107.3952 105.6365 105.8254 107.0912 106.3580 106.3391 105.2678 104.0672 104.6550 102.6095 101.8298 100.3762 99.2734 98.0759 97.0681 94.6111 90.4831 88.2047 82.4275 78.2393 79.8123 84.2237 88.0942 90.6169 93.6377 95.9456 97.7464 99.2072 100.4290 103.7230 104.3982 106.5700
108.7200 109.4396 109.4664 109.2076 108.9732 107.7737 108.2007 107.8676 107.6405 105.6418 106.6721 106.6343 106.5769 105.4600 104.9202 104.5786 102.0840 102.7102 101.3650 100.6900 99.7876 98.6596 97.1560 95.6137 93.6615 90.8086 86.7202 85.1793 85.2372 88.6147 90.8742 93.0840 94.9782 96.8025 98.3091 99.6714 100.6439 101.6465 101.4892 102.3000
108.7200 107.0565 109.4268 108.6592 108.5274 107.7336 108.8210 108.2052 108.4664 107.1318 107.7084 107.4816 106.4344 104.6220 105.1828 105.7958 101.2107 102.5383 101.9611 101.1600 100.2451 99.7875 98.3969 96.7668 95.3861 93.6652 91.3993 89.9589 90.5634 93.7472 94.7467 95.0514 96.2634 97.7781 99.0066 100.4248 101.4137 104.2079 104.3437 103.4300
110.5500 109.8811 109.3946 108.4359 108.5722 107.6209 108.0084 107.8401 108.3468 107.4645 107.4942 106.5816 106.5577 105.9524 105.4267 105.4155 105.9364 103.7528 102.3015 101.5492 100.7072 100.1265 92.7286 98.8792 97.3505 96.4601 95.6043 94.1872 94.3934 95.8365 96.4199 97.2792 97.8038 98.6804 99.8606 101.0533 101.5688 105.2082 104.1719 106.5000
113.9000 114.5106 108.9975 109.3573 108.2480 108.7012 108.1886 108.4441 107.9360 108.0314 107.6569 106.9436 107.1888 105.9458 105.1077 104.7828 106.0679 104.8874 103.0100 102.0119 101.2051 101.5756 97.5961 99.4513 98.3158 97.9866 97.1478 96.6309 97.0356 97.2281 97.7751 98.5993 99.0084 99.6523 100.8227 101.5379 102.2909 104.8525 103.3694 105.6100
114.6700 114.8816 109.4745 109.4152 108.4882 108.5777 108.8431 108.5851 108.3532 108.1479 107.4434 106.4072 106.3482 105.9791 104.7661 109.7295 105.0236 104.3383 105.0462 103.7587 101.8743 101.4361 100.9399 100.3423 99.6966 99.5248 98.8505 98.6133 98.7850 99.0325 99.1869 99.7393 99.8657 101.2505 101.6946 102.3511 104.8470 104.0332 104.2579 104.7400
109.6700 109.8973 109.7766 109.0848 108.4730 112.7969 108.5753 108.6294 108.4354 108.3434 108.0182 107.8170 105.7294 111.0002 105.9943 106.4781 104.8844 104.8622 104.6561 105.2123 104.6935 102.0751 101.5796 100.9847 100.7962 100.4086 100.2935 100.2370 99.7345 100.1210 100.1262 100.4050 101.8683 99.2931 95.6444 97.8624 99.3421 100.0026 105.5755 105.0500
111.3900 111.1906 113.5865 114.0296 114.0707 109.7116 108.8023 108.7737 108.6669 108.8214 108.8200 107.9193 111.2593 106.2394 108.8139 107.0439 105.0546 105.8382 104.8996 105.4036 104.8822 100.6994 100.5405 102.1272 101.4536 101.5301 101.4391 100.9968 100.8125 100.8387 101.2479 101.7589 99.2786 97.4441 103.9921 104.9758 99.0991 100.7298 104.3760 105.3800
114.1300 112.7611 113.6628 112.1295 109.5981 111.4701 109.4841 110.4287 110.5645 113.8369 113.4019 108.3488 113.1790 109.3698 105.3475 110.2090 104.2321 105.1809 105.2541 104.8496 105.6259 100.4458 98.0671 102.8750 102.4059 99.0466 101.5059 101.8291 102.1149 101.7318 102.2386 103.1590 98.2270 103.5470 103.8241 105.8190 106.9734 105.0820 105.7039 104.8900
111.7000 113.3893 114.4442 112.6752 111.9820 114.3703 112.0584 112.7044 111.9448 109.2678 113.7254 109.6413 109.9091 113.3433 106.4336 105.2053 102.6856 104.2053 104.3135 104.3923 104.8269 103.0341 103.8931 105.0489 103.0977 102.2575 102.8686 102.6851 99.4278 103.7964 102.4343 101.5615 105.1080 103.6721 104.3612 103.5380 103.0088 105.3184 105.8824 106.8600
108.8800 113.3127 114.1726 109.0072 114.3722 109.7012 115.4181 111.1207 109.0695 105.9684 113.1045 107.9626 110.2100 112.9941 112.3876 105.8724 105.1950 104.2760 102.7394 104.3311 106.0614 106.3435 106.8055 105.9404 103.8775 103.9705 104.8037 103.8833 102.5600 99.1573 99.9693 98.6114 101.2760 100.6166 101.3876 104.3981 103.0733 105.2619 106.6538 106.5400
116.7700 109.4584 110.1177 111.0097 112.8555 110.9497 111.5832 108.4886 107.7375 108.6359 107.9831 109.4102 112.0934 113.6409 109.2176 105.7388 105.5942 103.3637 107.6512 105.2468 106.2589 106.5123 101.8378 104.4712 105.1301 104.1453 104.9258 100.7130 101.8372 105.5188 106.0468 104.7833 103.1641 102.5825 106.8170 107.0036 106.7802 106.9032 106.7706 106.5400
111.7100 109.1520 109.0799 109.7062 108.8250 113.8841 111.0233 112.5367 112.9904 110.4833 110.2265 110.8304 112.2399 111.8540 106.9019 106.1022 105.4597 104.5234 104.9896 105.1393 105.9413 106.0326 103.8290 103.4268 104.8731 105.6193 106.1986 103.9135 101.1137 103.2283 105.1670 106.2358 105.1545 104.0563 103.8823 106.4839 106.0513 106.4738 107.6209 107.8500
112.4700 111.7697 110.8384 111.4456 111.5242 109.9012 110.1551 111.4814 117.3159 110.2384 110.3890 111.5747 109.4386 108.1326 108.4717 106.5271 106.4481 106.7708 106.8872 104.8838 105.8687 107.4094 106.8156 106.2226 106.2664 105.4129 105.6716 106.0937 103.1216 103.5244 105.5243 105.7965 106.5298 104.9116 104.0546 107.5398 106.0313 106.3205 107.7918 106.7100
112.3400 113.8907 110.1509 110.6054 111.8240 108.3753 109.3074 107.4048 110.9117 112.8437 114.0057 109.1814 108.2346 110.5963 107.4902 109.9042 111.4483 111.6345 108.5035 106.8035 108.5045 107.2925 106.6907 106.9915 106.9159 105.7107 105.6402 107.4903 104.1623 107.6218 106.6326 106.7373 106.7429 105.8705 107.3973 107.2564 106.3671 106.4411 106.5485 107.1200
111.9000 110.8635 113.6677 110.1611 109.3829 110.2423 109.2283 109.8331 115.1962 117.2599 105.5923 111.3902 112.5729 109.3947 109.5787 108.9339 109.2573 112.6663 109.5515 107.3927 109.3704 109.7076 107.4496 107.4808 106.9148 106.4031 106.5461 107.2476 104.9548 105.4680 105.7180 107.3726 105.6553 107.5139 107.6940 107.4988 107.6600 106.5398 106.9801 107.1200
111.3100 114.1458 111.0982 113.4560 112.8603 111.3380 108.7281 107.1184 107.5244 107.5867 107.9549 113.9210 113.3954 109.1419 108.9187 108.4037 112.4553 111.5848 108.9357 109.9792 111.6983 108.1817 108.0545 108.0061 107.1914 106.8368 107.2506 107.8734 105.6335 105.6112 106.9471 107.9124 106.8875 107.7362 107.9807 107.9511 108.0543 107.3272 108.0276 107.6400
115.6500 116.1516 116.8204 115.0134 110.0555 113.9719 110.1440 108.0804 107.5843 110.6733 108.7325 113.7532 113.2369 114.5115 102.5692 113.2023 114.4790 114.0886 113.4019 112.4405 112.0712 107.6510 107.8842 107.6667 108.0675 107.0280 108.0272 107.9312 107.1486 106.1882 107.6394 107.7368 108.0162 107.6257 107.5943 107.9837 107.2509 107.3131 107.6129 107.6600
116.9700 117.0353 116.8933 116.2672 109.5411 110.4480 108.3236 109.2558 111.3747 110.0178 108.3969 108.4654 108.1210 105.6999 106.2318 111.0698 114.1644 109.7382 110.8403 113.5072 108.7552 108.6579 108.0641 108.3592 108.0149 108.2324 109.7928 107.9407 108.6233 107.3416 112.5815 107.8479 107.9520 108.4291 108.0923 107.1926 107.2119 108.0354 108.8699 108.5500
113.4900 119.6130 116.4627 117.5399 112.3303 112.8065 109.2884 107.4330 110.3392 107.2993 108.6537 108.5049 110.1791 109.1365 114.0626 112.5639 114.6721 108.5748 109.3755 107.3768 115.2804 110.0507 109.9475 109.1101 108.6298 108.0360 112.0463 107.2850 108.0092 111.6148 110.7010 108.6948 108.3936 107.5600 108.2254 107.6061 107.9211 107.9257 109.0363 108.8100
117.4300 118.0171 119.0609 116.9066 112.6689 110.8230 109.5668 107.8353 108.2807 107.2493 107.9369 105.3077 106.0931 114.2341 112.2326 114.5947 113.6068 112.1184 109.9656 105.8409 110.4805 104.3750 103.5937 107.4225 109.4867 108.0611 112.1052 107.0770 108.1586 111.7455 113.1550 105.7060 108.8366 108.4778 108.9460 108.9093 107.9601 108.5649 109.7340 109.1400
117.4300 113.8655 116.5744 116.0043 113.8305 112.1965 112.5911 108.9029 109.6124 107.9688 107.4862 109.1240 107.3029 107.6190 112.8625 112.9232 112.6494 110.5726 110.0077 104.6422 110.9244 109.3852 109.8473 110.2558 109.3444 113.2306 114.8647 107.8102 108.1886 109.2207 110.1130 109.2645 111.9425 108.1454 109.4732 108.6678 108.3751 108.4217 108.4780 108.8100
118.1200 116.3058 115.8990 116.1790 117.3516 112.3921 109.7891 108.6082 108.6917 107.9987 107.9206 109.7201 110.2339 108.3411 110.7083 109.0132 112.2463 112.2889 112.4595 104.4918 109.1741 110.6097 112.4878 111.6519 108.5055 110.3105 115.9243 108.0839 108.0723 103.0232 107.6384 110.8491 115.7795 110.8701 109.6708 108.7810 108.5629 108.4404 109.2874 108.4900
120.2500 121.3882 117.7347 117.7684 116.7464 113.5647 109.1538 109.2356 109.2905 108.1149 107.9360 108.8741 113.4195 112.3954 111.1114 108.9566 113.3191 115.0636 107.5544 105.3267 107.2985 108.7824 112.7482 108.5668 105.4990 105.3941 111.6088 106.8735 108.5065 107.0883 104.7808 106.2503 114.5274 110.7581 109.8909 109.7514 110.4358 108.5636 108.6643 108.7400
120.0600 118.0643 110.0760 114.5087 114.7260 113.1585 112.0005 111.5362 110.2713 108.9866 107.9280 108.3754 110.7123 111.9069 112.4222 114.5130 108.3239 107.0267 114.9356 107.6045 109.9571 112.1648 111.4757 106.2523 107.8061 106.5705 112.2724 114.1001 108.2964 107.6134 106.3628 106.5056 110.2309 111.1866 110.5691 109.6161 108.7720 108.8562 108.4928 108.5900
119.2600 114.0000 113.1400 112.4500 113.4700 113.4700 112.2600 110.0400 109.8800 112.2200 111.1800 110.1000 109.3300 109.1800 109.1800 109.7500 108.6200 108.6200 113.7300 110.2700 110.0700 112.5100 112.7000 106.5500 110.2400 111.9300 112.5200 111.2100 106.1400 106.3000 109.5500 109.3500 113.4300 114.2500 115.3400 107.4800 108.9900 109.2100 108.9100 108.5900
