110.9700 109.2900 108.6600 110.1700 108.4400 109.3800 108.7000 116.8300 117.2900 114.2800 117.5300 116.7700 113.4200 112.8400 114.1600 113.0600 111.6800 108.8700 113.3200 108.8300 107.8000 107.8000 106.7900 106.1000 106.1000 105.8400 105.7800 105.0800 105.0300 104.8400 104.9500 104.9400 105.5200 105.5200 105.1600 106.0300 105.7500 105.2200 108.0200 107.8900
109.4100 111.0803 112.2846 111.2575 107.8835 111.5983 113.0606 112.5040 112.4476 116.1528 115.4639 115.4594 110.7948 112.5974 112.9895 111.2393 112.8988 113.8915 113.9176 111.0576 109.6184 105.8337 105.4266 105.1100 104.8708 105.4274 105.1594 105.2652 105.3336 105.2365 105.2562 105.1045 104.9079 104.9561 104.8384 104.7977 104.9345 105.5792 106.8797 106.4300
111.2800 110.3402 113.7150 115.6176 113.0166 112.1186 112.6139 109.7128 109.4267 113.5349 116.6379 112.1400 111.3772 110.1827 110.0764 112.4049 112.5391 109.4541 104.8112 111.6829 106.9041 104.8020 104.4546 104.8741 105.4560 105.8183 105.9855 106.2427 106.3577 106.3410 106.3246 106.2135 106.0779 105.8019 105.4478 104.8893 104.6950 105.0908 105.3786 105.8800
108.0600 111.6194 115.3247 114.4844 114.3337 112.3312 108.7102 110.7190 116.4764 109.9430 111.5686 110.4531 110.1203 109.3896 107.9511 110.1947 108.5346 109.4048 106.5933 110.3435 106.1946 104.9108 105.5561 105.9667 106.6353 107.0720 107.4004 107.7569 107.8566 108.0066 107.9505 107.8732 107.6230 107.2212 106.7370 106.1997 105.8110 105.4634 105.0191 104.7400
111.2900 115.5802 114.3835 114.3491 116.5305 112.8480 108.3171 114.9826 114.3180 110.4042 110.6514 111.0633 111.9718 111.0827 108.3344 111.2820 106.2650 107.6800 106.6382 104.5730 105.6744 105.3789 106.5384 107.7357 107.8717 107.1631 109.0948 109.7103 109.7046 110.2930 110.0828 110.2104 108.5007 109.2531 108.8470 107.9493 107.2014 106.5140 105.8229 105.2800
116.9900 113.2479 112.9685 115.4522 113.1080 113.8037 109.5239 108.2169 109.8712 112.7813 111.7864 111.3716 107.3517 108.6847 108.1577 109.8919 105.7914 107.4346 106.9584 105.5495 106.0304 108.8246 108.5368 110.8566 105.8287 106.0815 108.9822 109.7707 110.4813 111.2141 111.3205 111.6582 105.2153 111.6003 111.7886 110.3175 108.7467 108.0654 107.0376 106.3700
111.7800 106.6794 114.8704 117.1505 110.6323 109.1754 109.4012 108.3565 107.8859 111.3635 113.6196 115.3422 106.8020 113.2137 112.8225 113.0227 106.3138 111.5163 105.5881 108.1554 105.1545 106.5583 110.8775 111.1416 108.3501 105.5261 105.1552 105.1544 105.2333 108.1088 107.8984 108.1753 107.3724 110.7884 113.0969 111.3933 109.8617 110.4520 108.8189 108.2600
113.0300 110.0332 112.7726 117.1118 116.4792 107.3399 113.4469 111.0648 110.8445 108.5450 108.6199 109.8520 106.9924 113.8156 112.9209 112.3981 108.0178 109.0693 108.8314 106.3662 107.0297 113.7440 107.5878 110.6365 109.4427 105.5874 104.8372 104.3202 102.8679 104.9795 104.3342 107.7596 103.3681 106.5070 108.1013 106.0973 110.9350 110.3443 106.7833 108.2600
114.8700 113.2814 111.5395 115.8004 110.3338 112.3819 116.0433 113.0900 108.9944 109.2680 108.0335 107.3794 107.5564 111.8245 110.1360 114.1219 106.3499 111.8072 108.4704 105.7030 106.9660 107.7018 104.7821 105.8874 104.5806 103.7106 103.8105 103.2540 103.0837 104.2887 102.1032 103.2953 102.6701 102.3133 103.9386 104.4999 108.0253 105.4699 105.2522 105.9400
109.5600 110.0104 112.2093 113.4736 111.2621 112.1982 113.0129 110.4808 114.6942 113.9191 108.5203 106.1899 107.3030 107.8390 107.2157 106.4535 109.1550 106.7804 112.9942 108.8563 106.6303 106.8587 105.7364 104.9237 105.0338 103.0063 102.0713 103.4930 101.1399 102.2063 102.4900 101.1481 101.5096 102.1085 102.4449 101.6816 103.9700 104.6899 105.9167 110.8500
108.1200 108.4170 110.7362 112.9860 114.6924 110.3249 109.6774 108.3851 110.3437 109.0499 112.3302 112.5451 108.1030 106.8478 105.9903 107.4472 106.3325 105.5408 105.6483 106.2796 107.4918 106.7332 104.4406 104.7037 103.1127 101.5406 100.9132 100.7052 100.4991 100.2720 100.2628 100.4565 100.6775 100.9458 102.3485 103.7239 102.1688 103.2361 105.4293 107.4900
108.4600 110.9275 110.0163 109.2799 109.1421 109.2814 110.5383 110.6686 108.7831 108.8072 107.7423 108.3095 106.5951 107.4141 107.3515 105.9066 105.4702 104.9010 104.4880 105.9285 107.5337 106.1980 103.7949 101.4439 100.9289 100.1997 100.3065 99.7843 99.5509 99.3948 99.2386 99.3509 99.5762 100.0767 100.2089 101.2630 102.0374 102.3819 103.0985 104.5300
110.3900 111.5314 110.1531 108.9132 107.7031 108.6906 108.5729 108.5775 108.5949 108.3828 107.9710 107.7752 107.2334 105.8663 106.2693 106.2513 104.8511 105.5468 107.0018 105.9430 104.5001 103.4826 101.5258 100.9101 100.0818 99.7356 99.1520 98.2783 98.0022 98.0741 97.6706 97.8420 98.2607 98.8879 99.6172 100.3577 100.9449 102.6881 102.7982 103.4900
111.3700 112.9563 111.5822 109.2966 109.3173 108.3991 109.5102 108.9429 108.5294 108.1109 107.3820 106.9394 107.1775 106.4225 105.8467 105.9571 105.6692 104.4136 108.7683 104.3073 102.6539 101.5218 101.3538 100.6147 99.3063 98.6882 97.3699 96.5084 96.0820 95.9319 95.9867 95.9929 96.7754 97.5562 98.4638 99.4712 100.2438 101.1832 102.7578 102.5500
114.1000 116.3154 113.2687 109.8587 110.6721 110.2896 109.2142 108.7261 110.0680 107.8939 108.3578 107.1234 107.3062 107.1436 106.7390 106.2294 105.0948 105.8985 104.5214 103.8546 101.9661 101.5000 100.5686 99.9173 98.8323 97.6133 95.9047 94.2534 94.5092 94.8489 94.3275 93.8688 94.7611 95.9844 97.1871 98.4619 99.4751 100.4938 101.6034 102.2700
115.7300 109.5934 112.7881 114.2634 112.1662 113.8383 108.8680 111.2778 113.4096 109.9010 108.2882 107.3209 107.1259 107.0572 106.0854 105.2345 105.0812 104.5004 104.1407 103.7833 101.5674 101.0729 99.9639 98.7938 97.9715 96.6018 94.8550 92.5054 92.4980 91.2626 91.7042 91.3916 92.4397 94.1814 95.8431 97.9244 99.0103 99.9627 100.7427 102.2700
115.2300 113.8851 109.7756 116.7819 114.0683 112.3822 111.6166 110.5192 110.3592 111.4308 111.8299 109.8916 106.6374 106.6726 105.4540 105.7252 106.0834 105.0697 104.1374 101.8099 101.5088 100.8832 99.5112 98.4071 96.5669 95.0068 92.2232 89.5043 87.3883 85.6021 86.4218 88.2526 89.9796 92.2367 94.7137 97.1259 98.8037 99.7085 100.7112 101.3700
115.0100 114.5506 110.2296 109.8478 116.9493 114.9691 115.4396 112.6645 107.8169 110.5766 112.6488 111.3717 109.8328 109.4077 105.4749 106.2217 104.8415 105.3531 102.9274 101.8439 100.9974 100.4354 99.2781 97.9068 95.8243 93.8621 89.3490 86.4176 82.5449 81.3649 80.9078 84.3660 87.1870 90.5730 94.0519 96.4041 98.2199 99.7107 100.4818 101.0600
113.3300 114.0924 109.0386 111.5085 114.7060 110.3401 113.8561 111.2537 108.8088 109.4272 108.4356 113.7805 111.1253 111.6874 104.6265 104.9265 103.8714 105.6308 103.7440 101.9797 101.0295 100.1648 99.0027 97.0314 95.2876 93.0782 90.8358 84.4611 76.5241 73.3013 73.2961 80.9467 84.4214 89.5332 94.6554 96.8550 97.8623 99.4492 100.3943 101.1000
114.4900 115.1598 111.8100 113.3611 108.3067 113.3254 108.6968 114.4269 113.7286 111.4725 108.1665 107.6396 106.9783 106.8807 106.4484 106.0700 105.4643 104.4273 103.4213 101.9096 100.8057 100.0458 98.6942 96.4885 94.9426 91.9251 90.3214 80.9023 68.0458 62.2425 64.4502 74.3663 83.0516 91.8871 95.4833 97.2405 98.3422 99.9009 100.5379 101.3600
116.2500 116.1182 109.8701 109.2134 116.1488 109.6624 107.6327 114.6322 113.6952 113.3768 108.5437 106.3037 105.5534 106.6933 106.4306 106.2481 105.7740 104.2567 103.5496 101.9252 100.8944 100.0447 98.6749 96.4860 94.8776 91.8557 90.2466 80.7725 67.7091 61.5757 63.7307 74.3819 83.1422 92.0154 95.4928 97.2399 98.3714 99.9500 100.5550 101.3600
112.5300 112.6911 112.8204 110.6327 109.6677 113.0509 107.6819 112.1695 108.6113 108.4895 108.1159 106.6574 107.0212 105.9778 106.0650 105.6503 104.3640 103.6145 103.0233 101.8152 101.0049 100.4126 99.3667 97.9335 94.5768 92.8601 88.5512 81.9253 74.7835 69.8320 70.5222 79.6991 87.4290 94.2491 94.9173 96.8734 98.9383 100.0047 100.6960 101.3800
112.5300 114.3705 113.2926 113.6181 112.3220 113.0724 110.9915 114.4172 108.8356 108.3465 108.1477 106.7251 107.2999 106.0009 106.6418 105.0855 105.8254 104.3559 102.9488 101.9576 101.1535 100.5077 99.6538 98.1073 97.0603 94.9584 91.2628 87.2138 85.4643 83.4293 82.4856 86.5365 91.9713 93.7037 95.3086 97.5351 99.0714 100.0945 100.3350 101.2600
112.7800 112.1302 114.3434 112.2499 106.9238 112.3138 110.5955 110.9416 108.0326 107.8117 108.2684 106.9935 106.4227 105.7355 106.2305 106.5693 104.8603 105.4341 103.9726 102.2332 101.5690 100.7357 99.7310 98.6508 97.3357 96.2313 93.4850 92.4200 90.9274 90.5083 90.7299 91.9729 92.4702 95.2418 97.2268 98.6175 99.5671 100.5293 100.4307 101.1600
110.9600 108.1551 115.0128 109.1547 109.3075 109.6078 108.8737 107.8289 107.0075 107.5206 108.1348 107.0325 107.2603 106.6824 106.6675 105.6512 106.5468 106.0000 102.9799 102.5010 101.9601 101.1015 100.3298 99.3960 98.0371 96.8724 94.8201 95.0696 94.8253 93.8868 93.9681 95.0842 96.3008 97.3080 97.8668 99.0708 99.7667 100.9681 101.6444 101.8300
110.9600 108.6578 113.8827 109.3941 109.7666 108.3554 108.7343 108.1819 107.3305 107.2155 107.7571 107.2403 107.3839 108.6306 106.5639 105.6731 104.9251 105.6085 104.1952 103.1677 102.2725 101.4562 101.0241 100.2752 99.3235 98.3572 97.5693 97.2062 95.6514 95.3075 95.1876 96.5360 97.1136 98.2270 98.2503 99.4424 100.2987 101.2455 101.8387 102.1300
110.5400 109.9234 109.7700 109.8236 109.7384 108.8882 109.0158 108.4984 106.8665 109.5096 107.9678 107.7183 107.6766 107.4877 106.1169 105.4675 104.8775 106.3025 105.6987 104.5488 102.4782 102.0896 101.5111 100.9251 100.1716 99.1381 98.3706 98.3348 98.3520 97.8933 97.1580 97.8977 98.0632 99.2009 99.6088 100.4141 101.0344 101.8995 102.3296 103.0300
115.2100 110.6283 110.3454 110.2272 110.1264 110.3734 108.9713 109.5526 110.5666 108.3921 107.7644 107.9416 107.3000 106.1466 105.7832 106.6565 107.1273 104.8831 104.9587 105.7178 103.0030 102.5569 101.9269 101.2756 100.7901 100.1880 99.6407 99.5492 99.5613 99.0681 98.6392 98.8571 98.9167 100.3085 100.8160 101.1842 101.7524 102.2382 103.4903 104.6600
114.0100 110.0884 109.8109 110.3001 110.4190 114.9100 109.8300 109.1553 108.8930 107.6846 107.8297 108.2691 106.7164 106.8614 106.6206 105.7274 106.3139 105.1114 104.3839 104.3971 104.4862 103.7645 102.5097 102.0309 101.5277 101.2927 100.8620 96.8911 99.9750 100.5279 100.0840 100.0876 100.9727 101.1732 101.2732 101.5773 103.3222 102.7642 103.6053 105.1600
116.2300 114.7465 112.4943 116.3404 113.9042 107.7772 109.5811 107.9750 107.4659 108.2707 108.3986 108.1745 107.3489 107.1147 106.7305 106.7933 106.4865 106.2267 105.8339 105.5434 105.0134 103.2473 103.0378 102.5325 102.8714 101.9922 101.6194 101.8084 96.9080 101.9571 101.2582 101.2204 101.5049 101.7508 101.8379 101.7180 104.1593 104.0476 104.0354 104.9800
110.6900 114.8078 113.6963 115.2299 110.8989 109.1409 108.5412 107.4616 107.1654 109.5159 111.4644 113.7179 107.8760 107.3148 106.8276 106.0132 107.0388 106.5559 106.9231 105.0321 104.6983 106.0159 104.2549 103.9740 104.2785 102.7735 102.0523 102.2674 100.7399 97.6693 101.7888 101.9243 102.3628 102.4635 102.4770 104.8767 104.9865 105.1146 105.8735 106.2600
115.4300 111.3744 109.0720 111.9792 107.5924 110.6240 107.8800 109.0119 110.6047 107.6335 108.3153 108.5772 107.7430 108.2837 106.6042 106.9750 107.9104 105.3585 108.1197 104.0529 106.0730 105.9383 105.3467 104.3972 104.0549 104.8597 104.1795 102.8613 102.9829 95.9450 102.1352 102.7125 103.0635 103.1628 103.4760 105.6610 105.6477 105.6377 104.0905 105.0500
113.6500 115.3198 110.3271 111.3160 110.8396 108.6692 110.9225 109.4980 110.3740 111.9523 109.1705 108.7668 108.5061 108.2104 107.0184 107.5825 112.3333 106.0146 108.1329 105.1188 106.4434 105.5150 106.2136 105.4898 106.0007 104.4185 104.3655 103.8296 105.4106 102.4929 103.2876 104.0576 105.3678 105.2762 104.9533 105.8505 105.9539 104.7917 106.2485 106.7700
112.5400 111.6257 114.9501 114.3899 112.8968 110.0792 111.1504 112.4930 113.4237 109.4016 110.0333 108.6299 109.0355 108.5461 108.0588 110.7969 111.6103 106.0707 109.6092 107.2180 106.7109 107.4889 106.3232 105.5455 104.6284 104.3991 105.2021 105.4804 105.7111 104.1512 105.6610 105.0403 106.0735 105.1730 105.6097 104.5985 106.6532 105.1942 105.9188 105.3800
116.8400 114.9957 113.4438 115.1090 113.0797 111.8348 108.6325 109.9978 115.6177 111.5865 108.7012 109.7689 111.9370 111.3110 106.3523 108.3493 106.6628 106.6305 107.7342 106.8361 106.3726 106.6798 105.0383 105.3071 106.0239 105.1905 105.3962 106.0834 106.5051 104.6267 104.8761 105.5767 104.8318 106.0914 105.6256 105.9820 107.0360 105.8428 107.0972 106.7900
111.8700 115.2242 111.1395 114.7617 110.0074 108.6637 108.8581 108.3036 111.1886 113.2513 107.9028 110.0272 115.0955 114.2598 108.4634 110.2475 111.7236 109.0237 110.1584 107.0793 106.2407 107.1681 107.2982 106.9498 105.7813 105.0084 106.7220 105.7977 106.5912 104.7457 106.5989 105.9636 106.5707 106.3816 106.2073 105.5099 105.5999 106.2269 107.0080 107.1800
110.8800 112.2353 108.5722 111.1011 108.8290 108.7074 110.8970 112.8514 112.8800 111.2173 108.9054 109.2200 115.4114 114.6637 114.0023 114.8013 113.3240 111.4313 107.1867 107.4195 107.1764 107.5155 107.9118 106.6917 105.9830 105.5860 105.7423 106.4454 106.5895 107.3700 106.6357 106.6281 106.5801 107.1611 107.1346 107.2391 106.0913 107.2160 107.1694 107.7600
111.9200 110.4057 109.5835 109.7805 111.1808 114.2489 112.7086 115.2639 114.7371 109.4088 112.1622 112.7186 115.7594 112.3211 111.9138 112.1299 113.1382 109.3976 107.3288 107.4260 107.3231 107.5928 111.8996 108.0296 106.1452 106.1160 106.8953 107.4701 107.5770 107.4950 105.7780 106.0051 106.8074 106.2563 107.4429 106.4184 106.1204 107.6541 107.9466 107.6700
113.1400 111.7260 110.5946 111.3887 114.4982 116.5565 114.5231 111.9643 114.2174 109.6468 113.2240 115.7427 116.5416 115.2054 115.6687 109.5686 109.6360 108.6515 111.9136 108.3207 107.7842 106.2589 105.7617 109.7846 107.4217 107.2459 107.7868 107.4951 107.9674 107.8388 107.0511 106.8171 107.0667 105.9534 107.8383 107.2105 108.1175 107.7597 108.0926 108.2500
112.1000 112.1000 109.8300 109.1100 109.1200 114.9300 112.1900 111.4800 110.7000 115.8900 116.5900 116.5600 116.3600 110.3400 114.8500 108.0300 109.3100 109.1000 108.5400 108.4400 112.5800 112.5800 109.6900 107.2800 107.2800 107.9900 108.0500 108.0400 108.0800 107.7700 107.8700 107.9600 108.2000 108.1600 108.1000 108.3600 108.2800 108.2000 108.0500 108.0500
