109.4600 109.8100 109.1800 110.8600 111.6400 109.3700 122.4800 119.6800 120.6700 121.3300 119.2900 117.3800 114.3000 118.7400 116.1900 115.9800 118.8900 115.9700 116.4600 115.5800 114.5000 113.5800 112.8000 111.7200 110.9400 108.1400 107.4000 108.0500 107.2400 106.5200 105.3300 105.5100 104.7800 105.2600 105.1700 105.1000 108.0800 105.8700 105.8000 105.8000
109.6800 109.4798 109.6239 109.8119 113.8028 113.8465 117.2796 119.6526 118.7237 118.9332 119.6139 119.1867 119.7591 114.2496 113.3528 117.0294 116.0839 114.8853 114.9410 114.6936 113.4937 112.3541 111.3282 110.3470 109.2855 106.8166 107.8017 106.7736 106.0448 105.4393 105.1567 104.9537 105.2920 105.5860 105.8090 106.0983 109.2312 106.3889 106.5018 107.1000
109.4700 109.4083 109.2237 109.4031 107.6718 119.3679 119.4298 118.7819 115.7064 116.8127 117.8194 117.2860 117.9046 118.3175 114.3051 112.1713 117.8003 113.0099 114.5338 113.8582 112.4114 111.2534 110.1950 109.2056 108.2999 107.4083 106.5937 105.7586 105.0143 105.0915 105.6571 105.9716 106.4187 106.8243 107.2710 107.5693 108.4482 108.1896 108.2309 108.9900
111.9900 109.9876 116.1822 112.3382 109.2339 111.2919 114.7486 115.0296 119.3428 119.3180 118.9091 116.9397 118.8800 118.1563 116.6521 113.6892 112.4863 117.0226 113.4291 112.3005 111.4071 110.1867 109.1437 108.1647 107.2764 106.5069 105.5056 105.3066 105.6824 105.9964 106.7050 107.3284 107.9409 108.7175 109.1397 109.6671 109.9309 110.5693 110.9069 111.6300
114.8700 119.5275 116.9945 109.2015 108.9994 117.6432 109.5735 118.9203 117.6056 117.5932 118.9527 115.8896 117.9913 117.5878 117.0496 117.6256 116.7766 116.3039 112.5316 111.2251 110.7947 109.0924 108.1467 107.1952 106.2379 105.5645 105.5271 106.0969 106.6434 107.2825 108.1302 109.1150 109.8827 111.0223 111.4017 111.7133 111.9981 112.7823 113.3141 113.3000
115.7600 114.5623 115.1588 117.0716 112.5930 114.8944 116.4415 116.6577 116.8141 117.7762 116.8321 115.8095 117.1565 117.5498 116.4633 115.6825 114.0062 113.6731 111.4344 110.4840 111.9598 108.0780 107.3911 106.1098 105.4273 105.6344 106.2475 106.8652 107.7086 108.6322 110.0942 111.2019 112.4905 111.8129 111.4057 110.5368 107.4357 110.3259 109.8626 109.7200
110.7800 109.4919 112.3524 118.9470 115.8329 113.3743 117.7784 115.3951 114.6178 116.4196 113.4953 115.8833 117.0715 116.4283 116.4308 115.2659 109.5113 114.7334 111.8780 109.9083 109.0981 106.7577 106.6311 105.9794 105.4840 106.2696 107.0705 108.2456 109.0476 110.3936 111.2095 112.1796 110.8836 109.1215 107.8502 106.2298 105.0229 104.5041 105.3652 105.5600
111.5200 109.7159 112.4069 114.3757 113.3225 118.5444 118.2722 113.4227 116.4486 112.4182 110.3571 113.4287 115.3608 115.7073 112.3747 114.9012 113.3166 112.4105 110.6853 107.9949 108.3807 109.3488 107.1313 107.4375 106.7451 106.4876 106.3158 107.5471 110.1281 111.1889 106.0239 109.2708 107.1422 105.3863 103.7911 102.9250 102.6530 102.7713 102.2880 102.1000
111.5200 117.1876 114.7514 114.0421 110.2919 114.4893 109.5275 112.7476 114.3921 109.6994 115.3622 112.1757 113.5588 115.5684 110.1608 112.6772 114.7500 110.0681 109.8324 108.0648 107.4534 108.9514 107.4482 107.2111 105.9572 106.1790 105.1574 105.8057 105.8196 106.7031 105.0111 105.1086 103.6466 102.3697 101.7944 102.9338 103.0169 102.7479 102.8064 103.3200
115.8300 115.1856 114.6652 113.9802 111.5987 110.4429 110.8028 110.5693 108.1098 114.7396 113.6958 113.8125 111.7127 113.1191 112.6657 110.3101 113.9280 111.6772 107.8650 107.8722 107.6671 107.2433 107.1059 107.1721 105.5830 105.7427 106.3664 106.2264 105.7708 104.9935 104.0350 102.9070 102.4850 103.8106 104.1640 102.0983 101.1586 100.9102 100.8486 101.3200
118.9500 118.0172 113.1817 113.3432 109.4270 111.0997 116.8082 110.6187 115.5259 113.7020 110.1254 114.4269 112.8305 109.7571 110.6649 109.2779 109.1948 108.4658 108.1542 108.0335 108.0677 106.4584 106.9371 105.5164 105.3040 106.0179 106.2304 105.7177 104.9233 103.8548 102.6159 102.9457 102.1758 101.8438 100.8604 100.2755 100.1758 100.0084 99.9231 100.4000
114.6400 115.4047 110.0846 110.4239 108.9366 109.9574 111.8195 116.5147 115.4810 114.3947 114.3732 115.1153 110.3085 110.2375 114.4095 108.9615 108.7591 108.7668 108.5329 108.3470 107.5783 107.6050 107.5264 106.3721 105.2138 105.5959 105.0162 105.3772 104.5426 104.4646 103.9428 103.1286 100.8500 100.3906 99.8194 99.4080 98.8958 98.6529 98.7190 98.2200
111.8200 116.2389 108.7173 111.5026 110.2421 109.6371 109.3509 113.0365 114.6725 114.0355 114.5234 113.5947 112.8848 111.8761 108.7102 110.3193 109.4603 107.7720 107.6323 108.1260 106.7251 107.3371 107.3898 106.6099 105.7490 105.9624 105.8993 105.7604 103.4276 104.2921 101.7094 100.8277 100.1319 99.3963 98.6673 98.0575 97.7714 97.3328 97.1839 96.6700
118.1300 118.5019 113.8618 109.3850 110.0556 108.9779 113.0111 110.6515 111.3215 109.8672 109.5163 113.7227 113.1416 110.4725 109.5938 110.8548 108.1839 108.1189 107.2160 108.0354 107.4244 106.7092 106.1461 105.8151 106.1716 105.7403 105.3082 104.8048 104.5287 103.5996 100.8501 100.1727 99.2153 98.2750 97.3185 96.3158 95.8847 95.4897 95.4483 95.0100
115.1100 112.7535 113.4019 111.9235 110.2637 111.3251 111.1776 110.9095 117.0866 109.9559 110.2842 109.5820 109.5595 110.8108 108.8589 108.4352 108.3781 107.8780 108.3071 106.1653 106.8794 106.4631 105.9525 106.0638 105.7257 105.3264 104.1085 103.6287 103.7665 101.2242 100.3488 99.3187 98.2520 97.0183 95.9084 94.5026 93.5147 92.6531 92.6499 92.3100
112.1100 111.8946 111.5444 110.6902 111.4355 109.7418 113.6322 110.3036 111.8824 112.0611 112.1737 110.5455 110.4522 108.7304 108.7583 108.4875 108.1540 107.4111 107.1054 108.9697 106.4606 107.3305 105.9578 107.0494 104.6843 105.2497 105.8684 103.4610 102.1025 101.3775 99.9974 98.4996 97.1978 95.7492 94.6416 92.6382 91.0311 89.2630 89.2826 89.2300
111.2400 115.7120 114.5564 112.6967 112.2504 112.1325 109.4101 112.8777 112.3842 110.3386 113.9843 110.9365 110.4278 108.6008 108.9950 108.7483 108.0596 107.3045 107.8265 107.6226 106.4605 106.8670 106.4619 106.9694 105.0374 104.4643 103.9856 103.4176 101.6695 100.7550 99.6921 98.0058 96.2537 94.6872 93.1661 90.9745 88.5264 86.0253 86.1273 86.5200
112.1500 117.8581 113.5566 114.1090 112.6413 112.3921 114.5781 112.0671 116.1107 110.9292 111.6495 111.6131 111.1510 108.9896 109.0477 108.8489 108.3662 107.1800 107.7254 107.9664 107.4947 107.1198 106.6566 105.8336 105.8806 105.0001 104.7181 102.8020 101.4497 100.2969 99.4136 97.4826 95.3309 93.8822 91.4418 89.2075 84.9629 80.6902 78.5811 80.4600
111.7800 112.1371 110.6743 114.7427 110.8122 110.2957 112.3033 110.6270 111.4284 110.4005 110.0439 108.9009 109.0417 108.6291 109.3583 108.7889 108.8222 108.2286 108.1242 107.9309 107.1434 107.4723 107.1936 105.7175 105.2842 104.1831 103.4809 102.1257 101.5350 100.3762 99.1891 96.9346 95.7901 94.6388 90.8167 86.0269 80.4359 71.7312 68.5436 73.5400
109.2300 110.0381 112.9206 111.9800 110.3754 109.2857 109.6563 112.3541 109.5811 110.2859 109.9866 109.5186 109.3375 108.7944 107.9242 108.8480 108.4570 108.0455 108.0892 108.0124 107.2734 107.4709 105.7020 105.5670 105.6108 103.8180 103.1112 102.0076 101.1157 99.9681 98.2744 97.7809 97.2943 94.8314 92.0245 88.1984 81.8053 64.0985 63.0119 73.5400
110.6800 109.9847 111.9264 110.0642 110.0568 109.7628 109.7090 110.5446 110.0301 110.1248 110.0506 109.8474 109.6874 108.9020 107.7033 108.4593 108.1452 107.9240 108.0279 108.0535 106.7266 106.9447 107.1328 105.2517 104.5523 103.8274 103.2438 102.0412 101.1453 99.9624 98.1966 97.7988 97.3925 94.8924 92.1123 88.4819 82.1990 65.1188 64.0632 74.4600
109.3400 112.2163 110.8084 110.2882 109.7346 110.4438 109.5316 110.2691 110.5123 110.1801 109.8357 108.9965 108.1115 108.8769 109.2842 108.9861 107.7688 107.4334 108.0231 107.6924 106.9257 105.9003 106.2627 105.9493 105.4737 104.8797 103.8066 102.0886 101.1811 100.2320 99.0450 98.5871 97.6604 94.3162 91.9620 91.7131 85.0121 75.3082 72.6796 74.4600
116.1400 111.5132 111.9601 109.4350 111.9422 110.5265 110.1505 110.1170 110.4033 110.2130 109.9245 109.3951 108.7747 108.1026 109.1440 108.4798 108.8376 108.0536 107.7675 107.4334 107.0055 107.4411 106.3198 105.8747 104.8418 105.7287 103.7833 102.3793 101.7781 100.7857 100.1265 98.9111 97.5906 95.0699 92.6940 90.7086 84.1430 80.2465 80.0501 81.1700
111.7700 111.6288 111.4252 108.9794 110.2850 111.2795 110.5296 110.0720 109.9506 109.1048 110.7181 109.1016 108.8443 107.8501 109.0826 109.0679 108.7892 108.6858 107.9547 106.9799 106.8091 106.8428 106.0023 105.3673 105.6508 105.5195 104.9880 102.7998 102.1610 101.4113 100.6810 99.3311 98.3856 97.1088 95.6381 92.8971 89.7178 85.6401 85.7707 86.1600
109.4500 109.9091 109.9257 109.5581 109.8306 111.0831 110.9576 110.2832 109.2514 108.4471 114.0633 111.8976 111.1578 111.7840 109.1597 109.1024 108.7131 108.8713 107.1915 109.4240 107.0097 107.5935 105.9606 105.6797 105.3094 104.2432 104.4920 102.9561 102.4222 101.6886 101.0953 99.9307 98.9724 98.1152 96.4797 95.1879 94.3606 91.7178 89.7111 89.8300
109.7600 110.2892 110.3020 110.3916 110.2908 111.7896 112.5402 109.6772 110.1047 110.1944 113.5413 112.4779 112.8849 112.4590 109.2528 108.9038 108.2407 107.6414 107.7755 109.9855 107.4010 107.6362 106.1785 105.9777 105.3170 105.4576 104.4965 103.6131 102.7217 101.9834 101.2767 100.5338 99.5534 98.0249 97.2040 96.0528 95.2953 94.2643 93.8404 93.5600
112.0000 110.7430 110.0359 110.7555 110.2772 109.4984 110.5910 107.6928 111.4475 113.2086 110.2695 111.6631 112.9270 110.1332 109.4953 108.9966 107.6134 107.4653 107.4505 107.4405 108.0170 107.0712 106.5190 105.8299 106.6755 106.0748 105.8430 104.9864 103.0110 102.3188 101.6734 100.6956 100.4077 99.7432 98.3926 97.7644 97.8556 97.0277 96.7330 96.1500
111.9300 110.7470 111.1225 110.9807 108.9771 108.3965 113.8347 109.3155 114.2284 113.9161 112.2406 115.0428 111.2574 110.8868 109.4044 109.4499 108.7512 109.4034 109.0915 108.6198 108.2306 106.7485 106.4545 106.1614 105.8785 105.4537 106.0759 105.6979 103.2779 102.7415 102.3125 101.6978 101.1126 100.8228 99.8318 99.2456 98.8709 98.4381 98.1496 98.2800
111.4600 111.8537 109.7751 108.6414 111.1060 110.2285 110.9109 109.9159 116.0976 110.9331 114.5096 111.0833 109.8892 108.9525 109.4433 113.4965 108.5778 106.3733 106.3874 108.0747 108.2364 107.4624 107.7986 106.9138 106.7258 106.2620 106.5673 106.0237 105.2284 103.2552 102.6375 102.0967 102.0551 101.4984 100.6894 100.3520 99.4232 98.9148 98.3871 98.0200
110.9100 116.6481 111.4256 109.4683 120.7275 109.9298 110.0489 110.1661 112.7735 113.5105 112.9002 110.7683 109.4028 112.3884 114.8566 111.1135 112.0033 110.3922 111.2754 107.4896 108.3794 107.7124 111.0702 110.3934 105.3661 105.2710 106.0431 106.6136 102.4051 104.2904 105.0519 104.0546 102.3030 101.8302 101.5630 100.9218 100.5285 100.1351 100.1876 100.9500
110.8100 110.4567 115.1027 108.8500 109.0670 109.3163 109.6005 108.0627 108.0171 116.4866 106.6450 114.6872 113.1769 116.2337 109.4779 112.7852 108.2508 108.2429 108.4168 106.9511 111.0424 109.7785 111.4314 107.7848 110.1827 106.2144 105.2487 105.1596 106.0185 105.2167 103.3959 104.7862 103.7681 102.3370 102.2396 101.9855 101.7525 101.6417 101.7898 101.9500
110.8300 110.8337 110.1161 117.6214 110.4642 110.2399 108.9983 110.2246 116.2752 110.9579 109.6379 108.3644 114.3252 112.0158 109.6976 109.0376 108.6407 112.7134 111.0560 114.7875 109.4953 108.5030 107.9708 107.5044 106.6898 105.6913 105.4852 105.7643 105.0277 104.8383 104.9579 105.4961 105.4352 104.8068 103.4456 102.8967 102.7058 102.4186 102.3362 102.6600
109.7200 111.9987 110.2056 112.6906 112.1308 111.8776 114.8787 115.5401 113.5644 111.3421 110.9635 110.8139 114.5668 110.0153 113.4365 111.6126 115.9051 113.7512 111.2687 113.8670 111.2126 107.4464 107.5401 107.6973 106.9718 106.5028 105.9521 106.6848 105.3816 105.9874 104.4126 104.3582 105.5266 104.9021 103.9082 104.1951 104.3843 104.6411 104.9198 103.9200
109.3800 115.2480 111.7185 112.6688 111.9205 111.6907 116.0508 115.3845 113.9479 117.0874 114.2965 112.2608 111.5411 114.0566 116.9363 116.3207 113.3423 111.1985 110.3370 111.2797 108.5217 108.6979 109.8720 108.0221 107.1485 106.4792 107.1893 106.5161 107.3987 106.7718 105.5790 106.0147 106.2511 104.8304 105.4127 103.5251 105.0168 104.6618 104.9197 104.5300
120.8800 116.1807 114.4499 112.6848 111.2121 112.3731 116.9207 117.3318 115.3055 114.5481 111.0492 112.9515 113.0187 112.1851 114.9530 115.3477 113.9531 114.8627 111.9936 109.9768 108.8960 110.6332 109.8082 107.9145 106.8899 107.8829 106.9003 106.8047 107.1007 107.1727 106.1482 106.9190 105.9062 104.6987 104.6803 105.8502 105.6798 104.7653 105.5791 106.0200
110.0400 114.5746 111.7680 118.4279 113.2181 115.5451 115.7365 116.6323 113.1987 117.1446 109.1841 110.6714 112.7578 110.6673 114.8899 115.5560 116.3561 113.2035 110.5882 112.8096 109.0172 111.5181 107.7947 106.6376 108.2636 108.2600 107.5294 106.8129 107.1380 107.1809 105.7992 107.2984 106.1790 105.1072 106.1893 105.8594 105.5730 104.8772 106.1180 105.1000
117.9100 116.0946 109.3356 115.6128 113.2174 120.0926 115.6601 112.7607 111.6304 113.2499 111.2184 108.1986 114.2803 112.5128 112.3844 114.4208 112.9294 109.6155 109.3812 111.2552 109.5999 108.9492 108.3117 107.6099 108.6149 107.8835 107.7589 107.5706 107.1749 107.0644 106.9846 106.8595 106.0823 106.8335 106.6769 105.3247 107.0418 105.7593 105.3508 105.1000
118.5300 116.6513 111.1891 111.7420 120.5801 115.6399 114.5844 114.1741 114.3821 112.4384 112.1698 108.0561 115.5286 113.6107 111.9319 116.0430 112.3423 109.1778 110.0953 109.3710 109.8645 109.6244 110.3955 108.1854 107.9780 107.6700 108.0780 108.3582 107.1066 107.0731 106.9634 106.4659 107.2876 107.4087 107.5770 107.4335 106.3001 106.5029 106.3870 106.9700
120.3000 110.4049 109.4277 118.0865 117.1507 116.9110 113.8611 119.1699 110.2906 109.8558 109.1421 108.5925 110.8403 109.1043 116.0855 112.5278 115.1496 114.6135 110.4918 112.6621 108.3091 113.0291 109.3549 108.6829 108.9337 109.4002 108.6350 108.4896 108.3024 107.8538 107.9406 106.9824 108.1308 106.9790 107.2942 106.4967 107.1412 106.6774 107.3815 107.3000
120.3000 122.2400 122.2400 120.6300 114.9000 117.8600 112.2300 112.2300 110.0400 109.8400 110.2900 111.9300 109.6000 108.3900 115.8200 115.1100 115.2200 115.2200 110.1400 114.6500 113.9600 109.0200 113.4000 113.4000 109.1300 109.4800 108.9700 108.2700 108.5600 108.6700 109.1900 108.0300 107.4600 106.8100 107.7500 106.4000 107.3600 106.1900 107.4700 107.3000
