108.7000 108.4500 108.7600 108.2500 109.7800 112.7000 111.4500 111.2900 111.6200 114.0300 115.2200 116.0000 114.6300 109.6000 108.0800 106.8800 107.1800 105.2400 105.6300 105.6300 109.5500 105.0700 105.0700 105.5200 105.6800 105.6700 107.2700 105.1100 104.9400 104.9400 105.6200 105.3900 106.3100 107.4000 107.2900 108.0400 109.0600 109.9600 112.0100 112.0100
113.9900 114.1159 108.7980 108.3508 110.9772 111.4013 110.9973 109.6683 110.4354 110.7492 113.0235 113.6365 107.3572 108.4812 108.6722 106.4665 105.5961 105.7366 105.6911 108.3457 107.8730 105.9412 105.5776 105.9486 106.0027 106.5655 106.7504 105.5731 105.5594 105.2122 104.9448 105.1181 105.4011 106.2079 106.7999 107.5496 107.1744 107.0232 110.2177 110.4700
111.3200 112.8934 112.5409 111.3708 110.3955 109.6464 111.4001 110.6296 107.8291 108.7815 108.9766 108.7747 106.9197 105.1881 107.9995 105.1443 104.5433 105.6991 104.6629 105.0583 104.7889 109.0609 104.4844 106.6758 106.2121 106.5781 107.0039 106.8781 106.6042 106.2850 105.8891 105.5071 105.4099 105.1893 105.7992 106.0844 107.0950 106.2592 108.3628 108.9600
109.0500 112.3684 117.0761 111.6003 110.2163 111.9775 114.9977 110.2688 109.4570 108.8286 108.1842 108.3735 106.3689 106.2887 108.1931 106.8473 106.6040 106.3738 107.3292 105.1671 105.0794 105.7942 105.4619 106.0154 106.3990 107.5138 108.7174 108.9161 108.3120 107.8174 107.2066 106.8597 106.2083 105.9495 105.9920 105.0939 105.5917 106.5277 107.3742 108.5400
110.0800 115.0571 113.5534 111.9491 110.0293 110.2853 113.4960 108.7926 110.2798 106.7606 108.2362 107.9736 106.7830 106.2398 105.9624 106.3782 106.0386 105.1412 109.2618 106.5614 105.9738 105.9661 105.5549 105.9290 106.1502 108.5727 108.6155 109.5887 110.8262 109.7488 109.1716 106.6742 106.2131 106.8787 106.1264 105.5465 104.9525 105.5182 106.4200 107.2400
110.1600 113.4054 112.6517 110.5018 109.4030 115.1524 114.6603 107.3384 108.4469 107.6573 107.4083 107.0197 106.8152 106.2523 106.1728 108.3613 108.0890 105.6392 110.2793 108.3117 105.0377 106.3718 104.6611 105.4893 105.8268 106.2106 105.7737 111.1697 112.0803 112.2389 111.7419 106.1733 106.4285 108.2679 107.4489 106.3122 105.6350 105.1250 105.5808 106.5600
108.5900 108.1974 111.4675 108.2815 107.9284 111.8864 109.4978 108.3207 108.7280 107.2867 106.8020 106.8450 107.4879 106.3594 105.3954 107.2905 107.9680 105.4862 104.8241 105.0236 103.5366 106.0935 104.2586 105.0249 104.7319 104.8241 105.4145 109.9017 109.0092 110.3005 106.8476 105.6358 106.0932 109.9784 106.9837 107.7502 106.5641 106.0231 105.8222 106.5600
108.5900 108.5652 108.1969 109.3147 109.2808 108.4888 108.6796 109.5896 109.0545 106.7064 107.3747 107.6463 106.8642 107.1612 106.1235 104.6971 104.5479 105.1007 106.0008 104.0189 103.2608 103.9670 103.3740 103.9523 103.0531 103.0678 104.4457 107.7716 108.9973 104.5774 103.7628 104.7811 104.3396 107.5283 106.5491 109.4234 106.8969 106.2250 106.0885 105.4200
108.9600 108.5385 109.5057 109.0922 109.2798 108.8080 108.1567 108.1985 107.2156 107.0964 106.2691 106.8967 106.3129 106.8526 106.2136 105.1266 105.1239 106.7962 107.8666 106.3101 104.3277 104.5804 103.1377 103.2279 102.8795 102.7966 102.6314 104.7159 109.4807 104.2623 104.5099 105.0649 104.9969 105.5727 106.3937 108.5230 106.4496 106.3315 106.6090 106.2900
109.1900 108.2416 108.5443 107.9174 108.4450 108.0914 107.4993 108.4851 107.4289 106.4567 105.9816 106.0322 105.1565 106.7231 104.7072 105.9874 105.3254 104.8596 105.2466 105.2233 101.8931 101.8746 101.5008 101.1543 102.3684 101.4974 101.3995 101.5291 102.5683 103.1265 103.4043 104.3053 104.0466 105.1113 105.6778 106.0232 106.1979 107.7881 107.5599 106.6100
107.5800 108.6093 108.6193 108.4305 108.6924 108.0222 108.3279 107.9596 106.8305 106.4857 105.9311 105.2374 106.5143 104.6184 105.0623 105.1052 104.2276 104.2864 105.4711 102.4574 101.5127 101.1412 100.8426 100.2302 99.9546 100.0292 100.3817 100.6912 100.7827 101.6068 101.9383 104.0712 104.2179 104.6454 104.8566 105.8563 106.0127 109.5970 105.9583 106.3200
107.0300 106.6501 108.8728 108.9053 108.6975 108.2719 107.5773 107.6615 107.8195 106.7427 107.1770 106.7339 105.6100 104.6710 105.4018 104.6357 104.4338 102.5538 101.6766 101.2353 100.9799 100.2664 100.0228 99.1142 98.7567 98.8174 99.1381 100.1619 100.2956 100.5735 100.9715 102.3250 103.7717 103.4192 103.8365 105.5289 105.7808 106.3316 106.3942 105.5600
110.5800 108.4976 109.4257 108.6522 108.5685 108.3182 106.9563 106.5395 107.3062 107.0050 107.0674 105.5259 106.1558 105.0311 103.4325 104.5929 103.9737 101.8044 101.6688 100.6478 99.7784 99.0224 99.0237 98.4253 97.3824 97.5412 97.9458 98.2304 99.2892 99.6708 100.2304 100.7664 101.6433 103.6934 102.9536 104.5346 105.2630 105.9030 106.4701 106.6600
112.2200 114.7511 111.4115 109.6088 108.3121 107.7722 106.5632 107.8691 107.1177 107.0797 106.3399 105.2010 105.5554 104.1024 104.5817 103.4069 101.9592 101.3340 100.8766 99.6988 98.6482 97.5362 97.4758 97.0762 96.4704 96.4209 96.7340 96.4146 97.2253 98.5262 99.5360 99.9647 100.6694 102.5476 102.6669 103.4947 104.2616 104.9416 106.0491 106.6000
112.7700 112.8903 113.3595 110.5298 107.8233 107.2483 107.6451 107.9313 106.5014 107.5529 106.0620 104.7821 104.9406 104.8950 104.6093 102.3045 101.7184 100.9200 99.7275 98.5433 97.7938 96.4503 95.1903 94.8854 94.1342 94.2601 94.6604 94.6549 96.0648 97.5290 98.5738 99.3214 100.1809 100.9946 103.1129 103.7131 103.6546 105.3487 105.7838 106.1000
108.3300 112.1386 107.6424 110.6462 108.0021 107.6222 107.8988 107.3084 106.6847 106.6815 104.2142 103.7342 103.6665 103.6650 103.4894 101.8095 101.3686 100.4476 99.0398 97.6996 96.0387 94.9401 93.0845 91.2288 91.3833 91.5527 91.9104 93.3153 94.2787 97.0594 98.0821 98.8001 99.6082 100.4030 102.0019 102.7836 103.6420 104.8037 105.2910 105.2900
108.8700 113.8551 110.5547 110.4393 107.8317 108.8202 106.6168 106.1478 105.9053 106.5756 105.8827 107.3357 104.3649 103.4051 102.0271 101.5785 100.8382 100.0747 98.4982 96.3199 94.7961 93.0627 92.2820 88.5935 86.4424 86.4148 88.4696 90.1826 92.6028 95.1433 96.5450 98.2863 99.0142 100.1591 101.0323 102.3737 104.0346 103.9432 105.9757 106.2200
113.2600 110.5501 109.7863 109.4033 107.9669 108.8847 107.6835 106.6901 106.4799 106.2878 105.8744 107.1461 103.4449 102.9479 101.9898 101.0391 100.3057 99.4194 97.8159 95.5483 92.6422 91.7569 87.6202 83.4160 80.1587 80.5292 85.1308 87.1964 91.1046 93.6782 95.6977 97.6710 98.5492 99.8324 101.1630 101.9690 104.3121 104.6986 106.0683 106.0000
109.2800 109.0018 108.1328 107.1761 107.8710 107.0997 107.0130 106.3749 105.8458 105.8353 105.3430 103.7304 104.9855 102.4391 101.9166 101.0785 99.8355 98.9484 97.1419 95.5678 92.4909 89.1722 84.2704 77.9722 72.7929 74.3475 82.8332 88.1666 89.4788 92.8809 95.6660 97.5000 98.3453 99.9479 101.4789 102.0864 104.9368 105.0846 105.6783 105.9100
115.1900 112.9941 109.5211 108.3295 108.0643 112.3152 111.0028 107.3931 106.9766 105.0099 104.9078 104.6877 104.3350 103.0339 102.0135 101.1446 100.0231 98.9763 96.8199 95.0619 91.2423 87.9754 82.1917 69.5819 62.0488 65.4133 75.9812 87.2239 88.4186 90.8438 95.0874 96.0797 98.3503 100.6041 101.5895 102.3173 103.0419 104.3001 106.0399 106.4000
115.0200 113.6925 110.1018 113.7302 112.5585 113.2590 111.5115 107.5079 106.9638 105.7344 105.1512 104.8762 105.4775 103.1365 102.0312 100.9724 100.0255 99.0316 96.8116 95.0994 91.1215 87.9566 82.3449 69.4377 62.6729 65.3746 76.1158 86.9994 88.4189 90.8179 95.1309 96.0155 98.3997 100.6482 101.5772 102.3397 102.9351 104.3722 106.0642 106.4000
115.9400 115.8660 115.3123 114.6199 113.1506 111.1571 112.9164 105.0124 106.6009 106.2465 106.4233 104.9763 104.5673 103.4414 102.0891 101.0149 100.1844 99.2582 96.8830 94.8622 92.2520 91.7245 88.2670 79.6418 68.9588 71.1385 81.1937 85.2375 88.7271 92.3766 95.3506 97.1446 99.2773 100.8712 101.5107 102.2600 103.0751 104.3889 105.9632 106.3300
116.0100 114.0825 113.4968 111.0679 113.5513 107.5769 109.8468 106.4215 106.5813 105.0893 106.2523 105.0651 104.5891 102.9625 102.1749 101.4136 100.3859 99.3191 97.8313 95.6745 93.7432 92.7972 90.0031 86.8347 81.7226 84.2543 89.5746 89.7129 91.4629 94.5414 96.5841 98.6301 99.7512 100.8822 101.5683 102.4095 103.0806 104.3303 105.0556 104.6300
112.3300 108.9546 112.4935 110.8864 113.7303 106.4849 107.3582 106.4516 106.4292 106.2220 105.2058 105.5365 105.1291 104.1651 102.2291 101.8376 101.0888 99.8728 98.7542 96.9491 95.2891 93.1755 91.4609 88.5500 89.5631 88.8927 91.5091 91.2669 94.7163 96.8322 98.2098 99.3567 100.2243 101.1292 102.0546 102.7151 103.2271 104.4608 105.6332 105.2600
112.0700 111.9499 108.5137 112.4575 111.0765 108.0372 106.2353 106.0644 106.6433 106.5079 106.4240 104.8517 104.8976 104.5989 102.7550 102.0625 101.4050 100.5383 99.7623 98.0953 97.1540 95.4287 93.7943 92.5100 91.3148 91.9587 92.3092 93.8246 96.5923 98.0313 98.8189 100.0563 100.7905 101.5654 102.1807 103.6650 103.2364 105.0720 104.9347 106.6800
112.0700 108.8050 108.3047 108.4731 107.1698 107.9977 106.9481 106.3158 106.8722 106.5425 106.3799 106.2042 104.6762 105.2579 102.9864 102.4424 101.7858 101.1092 100.3582 98.9590 97.9612 97.2599 96.5580 96.4197 94.6173 95.0688 95.7420 96.9665 98.0433 98.5075 99.2346 100.5301 101.0143 101.9553 101.7544 104.8645 104.0869 104.4078 106.6489 106.7900
109.3600 108.8610 109.1711 108.7653 108.0129 108.1517 107.7282 106.7009 106.8823 106.8367 107.1826 106.5486 104.8576 104.9351 103.4782 102.6605 102.2876 101.6947 100.9569 100.1795 99.3294 99.1016 98.4184 98.0358 97.6189 97.1546 97.2905 97.8663 99.2147 99.9743 100.1834 100.9551 101.1905 102.3849 103.9070 104.1981 104.3283 103.9850 106.0159 106.5900
108.8300 109.3155 108.9929 108.2069 107.9710 108.3944 108.1637 107.4841 107.2888 106.7951 106.0845 106.1432 104.9721 105.7406 105.3622 103.2678 102.6680 102.0745 101.5136 101.0617 100.1314 100.0282 99.1601 98.7851 98.5714 98.5628 98.9939 99.1234 100.1809 100.5804 100.9509 101.4890 102.0920 102.7722 103.4398 104.9059 105.7311 105.7689 105.7819 106.8300
109.6900 109.1733 108.7375 108.9022 107.8480 108.0302 107.7074 107.8168 106.2725 106.9123 106.2380 106.5120 104.8640 106.1134 105.1649 104.4283 103.3233 102.5521 102.2342 101.7315 101.1143 100.8043 100.3614 100.0038 99.8913 100.0280 100.4267 100.4002 101.1035 101.5158 101.6900 102.0424 102.6768 103.1565 104.6402 105.0788 105.3847 106.4873 106.7919 106.7500
109.2400 106.2488 108.5529 107.6423 104.6680 108.4995 106.9402 107.8289 106.3988 107.1196 107.4054 106.6189 106.7010 105.9731 106.7651 104.6953 103.4207 103.1229 102.6849 102.3903 101.9335 101.5096 101.4257 100.9204 100.9617 101.0951 101.2827 101.3267 102.0672 100.9563 102.5272 103.5123 104.9233 104.9211 104.5876 105.5321 106.1848 105.9575 106.2654 107.0500
105.9400 109.3488 105.8729 109.7640 108.6782 109.6996 111.2718 112.7986 107.4690 107.9589 107.7048 106.9748 106.9832 105.5721 103.5859 104.4383 104.3079 105.3674 103.1655 102.9189 102.5837 102.3669 102.1636 101.9957 101.7102 101.8282 102.2058 102.1396 102.5442 99.9334 103.9623 105.1620 104.5115 104.2647 104.4813 105.2587 106.7951 106.6070 107.0744 107.3600
109.9800 110.1426 109.3429 111.6256 112.4180 108.1936 108.2135 108.3280 107.8047 108.0270 107.4600 107.6454 107.3170 107.1091 106.7588 106.1643 104.2897 104.4862 104.1161 103.2592 103.6718 103.0045 102.8912 102.8515 102.5915 102.5106 102.6989 102.5255 102.9389 103.3479 105.0202 105.2973 104.2205 104.2974 106.3672 105.1040 107.0519 107.1039 107.7082 107.6600
110.0700 110.8166 114.1971 113.7643 109.2350 108.3508 108.0891 107.4507 107.7583 108.2368 108.1481 107.7187 107.0499 105.9900 105.7621 107.4161 105.2940 106.0615 105.3984 104.2698 104.9350 104.0228 103.5958 103.7714 103.7423 103.6431 104.6739 106.1550 104.6086 106.0253 104.6887 104.0222 104.5835 106.0319 105.4166 106.6600 106.7532 105.8222 107.4279 107.2600
115.1400 112.6365 114.9493 109.7636 109.5275 108.1433 108.1681 108.4689 108.3392 108.4382 107.5248 107.4515 106.3450 108.3563 107.3305 110.7383 106.1452 105.8452 106.2327 104.5796 105.5174 105.4697 105.1590 105.9077 104.6016 104.2161 104.0819 104.2493 104.5199 105.0520 106.4831 106.6269 106.3333 105.6934 106.3802 106.9985 106.2438 107.2805 107.5007 107.7000
110.1200 106.9846 111.7624 109.8315 110.1518 109.3584 108.8354 105.2104 108.5456 108.1974 106.6864 106.8912 109.1537 112.7840 106.3037 107.3445 105.2639 106.0059 107.1443 106.5017 106.4439 105.4850 106.2414 106.1415 106.5956 105.8838 104.7490 104.3912 108.4707 106.1103 106.8465 106.5071 106.9969 106.5117 107.0044 106.0364 108.9094 107.1991 109.2719 108.3500
114.7500 108.4600 112.4546 107.8011 109.8829 109.9054 108.0225 105.8157 108.1098 108.8241 106.3134 107.6114 110.2264 109.6398 105.9011 107.7394 106.7095 104.9962 106.1392 106.6580 105.5605 106.2801 106.2177 106.6263 105.7070 106.0198 105.9422 105.4589 105.2471 106.1728 106.8801 107.4726 106.6857 107.1266 107.5339 108.0006 110.0477 111.0807 112.9875 108.3500
113.7900 111.1561 110.5932 108.3864 114.0650 106.5115 109.0371 109.0681 108.6947 108.4531 111.8013 114.2724 108.8843 111.4000 111.0141 108.7346 106.1151 105.8275 107.8964 106.9714 105.9531 106.8023 106.5296 106.5478 108.2933 106.5940 106.9658 104.5292 104.3705 107.2898 107.1330 106.5003 105.8949 107.6879 107.6899 106.8413 108.4337 111.1465 110.4532 113.6100
109.2600 107.4190 113.9495 110.2919 108.3512 107.8420 108.9605 108.6129 109.3031 108.8131 116.2058 112.4678 112.1170 114.3198 112.1271 109.0945 109.5519 106.9340 105.7506 106.9983 107.7153 107.1780 106.3283 106.2694 110.8531 109.0727 106.4262 112.2235 105.3208 105.6893 108.0299 107.6826 107.3730 107.7992 109.3708 106.4561 108.3467 109.5584 109.7523 109.7900
109.9700 115.6629 109.4283 107.5320 107.1835 109.4824 110.1493 105.4400 110.8879 114.5120 114.4486 112.7476 112.4035 115.0192 111.6290 108.0734 106.5666 108.4806 106.6479 106.9976 107.1898 106.6340 106.2558 107.0794 107.4279 106.3343 105.4628 106.6015 108.1616 105.5669 107.1033 109.5708 107.6346 108.0200 108.5074 108.5152 108.2930 108.4552 107.3381 109.3900
109.9700 116.0600 110.5200 110.3700 112.5600 109.4300 109.2700 108.4400 108.4400 114.4700 114.5800 113.8800 111.3900 112.2200 106.4400 108.8600 109.2600 114.0900 108.2800 108.2800 107.3300 108.0900 106.3900 107.8900 108.3100 105.3900 105.2000 113.6300 105.7900 105.6200 108.3100 113.3900 108.5700 108.2000 108.2000 112.0900 112.0900 108.8000 108.2100 110.7000
