120.9800 115.1700 113.4100 116.7400 112.1100 113.5700 114.9500 109.1100 107.8100 105.3700 105.7400 106.1900 104.3400 105.2300 105.7500 107.7900 113.1900 106.2300 101.8100 99.2300 100.8200 99.3400 98.4400 97.3800 96.1400 94.0700 90.5100 90.5100 87.4100 87.3300 90.5300 92.8100 94.6600 97.4200 97.4200 99.3700 100.1500 100.8500 101.3400 106.4100
121.4600 119.8488 118.5302 115.2271 117.4778 120.1523 107.0419 108.0633 109.3484 107.1578 105.7793 106.4305 103.5901 105.0081 105.8006 109.3856 114.6506 103.8351 100.7581 99.7252 100.5045 99.2205 97.8674 96.2064 94.0889 91.7878 88.2424 85.5691 83.8810 84.5149 86.7784 89.8526 92.7530 95.1643 97.0537 98.5568 99.8412 101.3193 102.5513 105.4900
118.8400 115.1422 118.8774 118.5459 120.4404 107.7797 109.1043 108.7538 112.2480 109.0916 107.0756 106.1589 104.1510 107.2995 106.1354 110.6516 114.2716 102.5240 100.0998 100.2567 100.1075 98.8218 97.2736 95.2899 92.5896 89.0960 84.8442 80.0236 76.0904 77.4316 82.4782 86.9175 90.9160 94.0154 96.3253 98.0694 99.4252 100.5569 100.0928 100.6900
116.7700 116.0932 112.9348 119.6486 117.6729 119.9658 115.6948 110.3345 104.2653 104.9539 105.0265 105.1941 104.2901 109.0852 115.5160 114.5160 113.9546 107.3413 99.9164 100.6206 99.8554 98.5525 96.8786 94.6541 91.5709 87.3223 81.9905 73.3466 68.4177 70.0140 78.0538 84.6779 89.5438 93.2053 95.8249 97.7444 99.2105 100.4957 100.2811 99.8600
114.9600 113.4582 114.0398 116.4581 116.1501 116.2257 114.3512 108.1208 106.2495 105.7064 103.4029 105.1713 102.2444 107.3002 105.6213 115.6476 113.8309 106.5373 99.5561 100.7561 99.7921 98.4592 96.7486 94.4552 91.2083 86.7175 80.9715 70.5953 64.9737 66.5806 76.0033 83.9373 89.0768 92.9407 95.6670 97.6467 99.1317 100.3729 100.3560 99.7100
108.1500 113.6507 112.9876 112.9535 117.7965 117.2992 105.8775 108.0768 105.4873 104.5160 103.5786 109.8112 105.0882 110.4514 107.9197 115.0743 114.2640 107.1409 99.9303 100.5838 99.8801 98.5629 96.9199 94.7216 91.6690 87.4903 82.3563 73.9299 69.3482 70.8459 78.5612 84.9313 89.7146 93.2868 95.8823 97.7825 99.2100 100.4599 100.2687 99.7200
114.4000 114.2863 117.2005 115.5965 115.1298 118.1444 106.8459 108.7657 109.2192 105.8315 105.4724 109.7068 108.4580 107.5464 112.4195 113.2562 113.3989 108.3571 100.2880 100.7408 100.0993 98.9279 97.3163 95.3982 92.7939 89.3835 85.2740 80.4279 77.3039 78.6247 83.2482 87.3108 91.0962 94.1674 96.4247 98.1276 99.4308 100.5718 99.9900 99.8900
112.2100 106.9368 111.6046 115.8775 113.9159 112.9445 112.3077 111.6121 109.6533 110.3190 107.5067 112.8803 111.8473 111.9316 115.5391 111.8668 113.4722 112.5947 106.0003 100.4036 100.3944 99.5730 98.0704 96.3109 94.2700 91.7268 88.7450 86.1790 84.6631 85.1752 87.3261 90.2551 93.0257 95.3390 97.1684 98.6709 99.8090 100.4162 99.9802 105.1900
112.6900 108.0623 110.8536 113.0381 112.4502 115.3778 116.2198 109.3276 107.4825 107.9554 106.8111 109.1836 114.0061 112.2987 114.7584 110.6172 108.1501 106.4792 106.0966 102.8274 100.8492 100.1029 98.9708 97.3590 95.8129 94.0175 92.1257 90.4446 89.5623 89.8470 91.1895 93.0418 94.9126 96.5981 98.0382 99.2672 100.4416 99.5816 101.1443 106.0800
114.2500 111.6708 110.5788 112.6683 109.3245 111.8222 112.1120 110.2618 105.7352 105.7689 109.2768 107.6115 107.4171 112.2996 113.1503 108.8443 104.3031 103.2377 106.1831 102.6689 102.2720 100.4071 99.7155 98.4763 97.2366 96.1168 94.7603 93.7916 93.2815 93.4503 94.2272 95.3590 96.5986 97.8212 98.9270 99.8745 101.3730 98.8910 103.9572 107.6400
116.9300 117.5741 110.0883 110.2050 111.1825 108.0007 110.6432 107.4093 108.1714 105.9824 107.8590 106.4111 104.3426 107.5084 106.5536 107.8984 106.1284 111.4618 102.6256 106.1225 106.4846 103.1011 100.1928 99.4599 98.4891 97.8514 96.8218 96.2157 95.9412 96.0207 96.4772 97.1926 98.0577 98.9487 99.7450 100.6557 100.0223 101.0104 108.3020 113.9900
110.6200 118.8377 112.0804 110.7415 111.7307 113.7107 99.8758 112.6895 109.2275 106.5921 112.8878 109.6350 108.6768 112.6814 110.3848 110.7940 110.1944 110.9558 102.8137 101.4299 103.4695 102.4426 101.1280 100.3884 99.9966 99.1472 98.5483 98.0059 97.7589 97.8683 98.1882 98.6867 99.2028 99.8971 100.8823 99.7013 100.5245 105.5710 113.3603 114.1300
111.1200 117.5556 112.1711 114.3216 112.1830 110.1197 116.4371 107.7989 110.5326 112.2406 105.7349 107.1931 108.6986 103.9324 106.8409 110.0109 107.2471 110.7039 112.6707 105.7820 111.4006 108.9969 107.6859 99.7544 99.9317 100.0463 100.1110 99.6145 99.8266 99.7987 99.5807 99.9086 100.6586 100.4182 100.3175 99.7227 105.0276 111.9521 114.8150 111.0800
111.0900 116.6795 110.3992 113.3462 112.4283 112.7616 113.0136 105.5010 109.1232 110.1627 108.6197 105.7702 106.3648 107.9361 103.6695 115.5515 110.0445 100.9410 103.3678 102.2816 102.8966 104.7471 108.8862 100.9512 103.6004 101.5014 100.6099 101.0126 100.6332 100.6771 101.2807 101.0818 99.7790 99.2847 101.4458 105.7919 110.7283 113.3797 115.3672 114.9000
114.2100 115.7551 113.4172 112.8502 107.6512 111.8868 106.7663 101.2991 107.2005 115.5737 112.3669 109.7053 106.2411 109.6013 110.4870 111.8508 108.7248 105.0081 100.9316 102.4121 105.0844 102.7037 112.8369 109.4553 102.9203 109.5808 103.6709 102.0017 101.5890 101.8787 100.1623 101.1602 100.9828 104.0534 108.0774 108.7529 108.1700 113.2234 115.0955 105.6700
115.6200 112.9187 109.6157 110.9217 111.4994 117.4400 107.9052 103.0812 105.3367 113.6503 107.0779 109.2393 105.0115 114.9323 111.6792 108.9290 104.0691 104.3083 106.9821 110.4271 108.7898 103.9625 105.5217 103.4354 103.7972 108.5251 103.4476 104.3733 104.4126 106.2745 105.6239 103.6285 107.3660 113.2589 113.6064 116.0124 112.1080 107.4023 110.3984 106.2200
113.3900 113.1920 111.2891 111.1687 115.1724 111.2776 108.1927 111.3525 101.8968 107.1445 110.1815 105.9373 107.9310 110.4901 111.4268 109.9958 106.0378 107.9730 108.2955 110.5614 108.5982 104.7207 102.9234 103.8630 103.3528 105.2675 108.0442 108.0024 106.6535 108.8434 106.0158 106.5038 108.7848 114.7832 111.3154 110.4250 115.3886 108.7882 104.1698 106.2200
111.1300 110.2664 109.6428 115.9839 110.8974 112.2168 111.4879 113.4695 111.1510 109.1512 112.5388 105.6988 108.1077 110.1750 111.3153 109.2694 106.2197 105.8445 106.3865 107.5700 106.6994 105.5107 105.0118 109.5560 107.6459 110.7042 110.9871 107.1932 106.3224 108.0444 108.6095 107.4976 104.9822 108.5775 113.8741 112.9112 115.8161 109.3057 111.8768 116.8400
111.6300 112.6114 111.9787 111.7358 111.4605 114.1610 116.3353 118.0485 107.5964 108.0627 110.1278 108.0946 110.8037 107.9276 111.1181 114.3831 106.4773 105.5871 106.1951 105.7441 105.9734 106.4103 103.3137 108.8953 110.8087 108.2093 109.7598 107.1746 110.2042 111.1844 107.0347 108.7591 103.9834 108.4096 110.8793 116.5420 114.6894 110.5947 110.5465 106.3500
114.3900 113.7428 112.9567 111.3587 114.8478 117.9491 112.9932 109.2948 111.7312 106.9592 105.4279 107.8911 108.8967 106.1499 112.7694 105.6177 106.0395 109.2854 111.1501 105.8753 107.0137 106.7232 105.2993 112.4522 111.0976 107.7857 112.3347 103.8422 106.0660 111.6265 104.4865 113.1227 106.2140 116.4428 105.1483 116.3017 112.6141 107.3121 110.5158 114.6500
111.9800 111.9610 113.0954 112.9473 118.6641 115.9062 112.1995 113.7371 107.4100 107.6680 107.9082 107.9037 107.9177 110.7344 111.7940 108.6542 106.9280 106.2561 109.6254 107.4617 107.3342 106.8035 110.8098 106.0677 104.6217 105.1255 108.8351 107.9913 106.6229 106.5178 104.1475 111.0903 113.5521 102.0294 102.3605 111.6476 110.3414 108.2474 112.4052 114.4300
112.9300 111.9132 110.9610 113.7192 118.1478 113.7605 114.5237 106.6247 109.8140 109.1808 106.6060 105.6435 110.7364 111.4104 111.0391 113.7530 105.6736 111.1328 113.2729 110.7878 107.3210 110.0339 112.1360 111.5549 109.8684 107.8367 104.5279 108.2082 105.4277 106.3603 104.0972 112.0132 109.7779 104.4601 111.6059 106.6431 107.4791 109.0114 109.8520 110.9100
111.9500 111.2357 117.6955 116.9004 119.8002 110.1883 107.6144 107.1055 106.7138 109.0408 108.6593 109.6881 113.5562 113.1200 113.9666 115.4343 112.8945 115.9185 111.8316 114.3802 109.0530 111.5392 112.3171 103.8768 106.7179 109.6626 107.4171 109.7508 105.4175 107.6934 105.4136 111.2018 108.6001 110.9076 110.8598 106.3350 110.5165 108.0096 106.0180 106.5900
120.9500 119.1090 117.7581 109.3320 114.6053 113.5370 107.8365 107.8565 107.0214 108.5937 108.6055 110.6436 110.4562 115.7643 109.4039 109.1676 105.0294 109.3490 112.2618 111.7303 113.9249 111.0995 112.4804 110.2987 105.3604 110.3249 107.4824 109.3741 107.1815 107.9826 109.6139 105.7314 112.4655 110.7970 107.3235 108.2791 108.4917 108.3840 108.4673 113.5300
113.6400 112.4707 115.8474 112.9909 110.3771 110.5206 109.9374 109.9168 109.7873 109.8885 108.6327 108.5369 114.8056 118.2206 112.5676 109.5736 103.2570 111.1429 109.2608 112.8075 114.9544 115.5867 114.5584 114.0495 114.7859 107.9071 108.5047 108.2400 108.1108 109.6168 111.1627 106.6048 111.8256 107.3923 108.5412 108.2306 109.4157 108.9120 107.6677 109.1500
113.6400 114.4818 115.8705 114.2809 113.2990 108.8786 109.7226 108.8044 108.5150 108.6760 106.7445 110.5326 111.6328 113.0170 116.5150 110.0318 108.7741 107.2766 104.0841 110.5833 114.6054 113.2560 115.6505 111.3332 112.8617 109.5007 109.0135 108.5260 107.9854 113.3591 111.3795 109.6326 108.8455 107.9623 107.2865 107.6696 107.1944 108.7101 109.5246 109.1500
117.9200 115.2678 112.9754 112.2650 114.0833 110.2072 108.9531 107.5907 108.2346 107.6342 105.9272 109.4450 114.7591 114.0593 115.9605 112.0687 106.5181 104.5502 106.8039 115.7118 109.2004 112.7152 108.6957 107.2558 114.1174 113.5567 112.6674 109.8309 110.6437 111.6109 109.3048 111.7905 110.0149 105.7930 107.2557 108.4793 104.4417 105.2728 108.2972 103.9800
117.9200 115.9588 115.1538 113.1506 116.1968 109.7238 109.7867 109.6757 109.2953 107.4446 108.1606 108.9490 114.9372 114.4049 112.2402 108.7837 110.4930 105.1136 109.7631 113.5737 107.7500 109.0025 118.0477 110.6048 114.0463 114.0918 112.5697 105.4002 105.5746 105.9556 114.0440 107.4502 116.0185 102.4924 102.8880 107.3123 103.6697 106.3539 103.7675 113.7900
118.1400 118.4869 116.8491 114.9399 116.3727 110.0616 113.8319 110.5754 109.8555 108.0870 111.3902 111.4188 116.7823 114.4666 111.1842 111.6868 111.0292 105.7989 112.5646 108.9919 109.4548 116.0806 117.6000 110.4887 111.5125 106.1005 115.0805 112.2061 106.5547 102.3829 114.0036 105.5163 103.6733 101.8212 103.5188 109.1057 109.0294 109.9295 110.0230 107.7200
118.7300 119.6379 115.8098 112.4952 114.6182 112.2171 114.7170 108.7188 110.5397 110.7634 112.6785 111.9060 113.0968 113.4854 115.0427 110.6521 107.2899 105.9854 114.8341 113.5751 109.2058 113.4884 114.5888 110.7456 110.4290 109.7703 109.7119 110.7337 108.2025 101.7917 109.9380 108.0665 110.8888 110.8346 115.0712 110.3970 109.6545 110.6066 111.3843 107.6200
119.9000 117.4740 116.1857 114.4600 114.8783 110.8519 110.8250 109.7576 108.2362 111.4990 111.7990 111.0900 109.8040 111.3846 115.1171 110.3429 108.3679 108.4751 113.6225 107.9651 113.2006 106.9610 112.8275 110.4657 108.8001 107.4650 109.5652 116.6712 112.4339 105.5850 108.6909 112.7767 111.1399 115.4137 116.0823 108.8877 111.7452 109.9319 108.2265 109.2200
117.1800 118.5144 117.2633 117.4510 114.1693 111.9358 110.2090 111.4826 113.0755 109.9331 109.6659 111.1372 109.9938 110.1472 112.4918 110.8192 109.2854 110.3680 111.4531 108.1795 111.8628 111.0650 110.0773 112.4743 107.0204 108.0922 109.6655 110.1965 113.4286 113.1061 110.6859 112.7102 110.7284 114.3847 109.7122 110.2330 110.7363 110.0787 108.0515 109.5600
123.2500 117.6141 115.2974 114.3480 113.7899 112.3459 115.5618 115.6019 119.9823 109.8475 112.7577 110.8230 109.2796 114.4824 113.0016 112.2485 110.8090 112.1467 110.4496 111.9220 114.1481 110.7963 110.2022 108.7270 107.3953 105.6669 109.5782 110.6914 118.3725 109.7553 112.9072 113.6504 108.3623 115.4284 110.1636 109.7171 109.7369 108.6522 108.5953 109.4900
118.1200 118.7523 116.8498 113.9726 114.0842 114.4190 114.9904 115.3940 117.2294 114.9739 114.1476 112.6279 113.4248 112.2624 112.6347 111.7953 109.9155 113.9048 112.3573 116.3327 112.0307 112.0560 111.8874 109.3511 108.8263 109.3652 114.7547 115.2188 117.2403 116.5218 113.9155 112.2293 114.8866 112.2942 111.5865 109.7113 109.3084 110.1339 110.9741 111.6100
119.9600 117.6449 117.4720 114.3405 115.5100 116.5765 115.2757 112.7706 113.6459 113.1680 112.3319 113.8289 113.4987 115.1064 117.3502 111.0334 110.7524 113.8049 113.6521 117.5334 109.5728 118.1290 113.0413 111.6387 110.7902 110.0238 112.5683 113.6435 112.8412 116.5917 112.1477 110.4757 111.7363 110.2468 109.4708 109.4195 108.5674 112.5150 110.9437 110.1700
124.1100 120.8393 116.7759 116.2020 116.8975 116.7998 115.1604 114.6684 113.5261 114.4037 112.1590 112.4930 115.7429 109.4311 115.6615 112.2896 112.4111 108.7341 109.8543 110.3851 112.2788 118.9680 110.0961 109.7437 109.1283 109.1228 108.7858 109.8647 109.4260 114.8667 109.4492 112.2409 116.5998 108.0968 111.6480 108.3649 109.9705 109.9302 110.4563 111.4100
124.1100 120.7455 116.7877 116.8286 117.3593 119.3266 114.7861 114.2842 113.9614 114.5657 110.4485 112.9193 115.5171 112.2661 113.6411 111.8276 110.0254 109.9008 110.6731 110.5068 113.6398 112.0261 108.4675 109.6731 110.0741 109.6869 110.8815 112.7429 111.8118 112.3891 110.9112 111.4756 110.6551 108.0209 111.8758 111.5702 109.6201 111.1863 110.4126 111.8300
118.2900 116.7321 116.8085 117.6721 117.7981 117.8898 117.0047 116.1130 115.3385 113.5888 112.7564 114.4033 115.5925 117.3739 115.3145 111.8338 111.6110 111.8768 110.8088 111.0113 110.4267 109.4106 110.0692 110.0597 109.8386 111.6523 111.6250 111.5035 112.6660 112.0526 112.4329 110.2761 111.5439 111.7738 110.5816 110.9375 110.7962 112.1907 111.4434 109.4800
119.0600 119.2821 117.3470 118.4599 117.6488 117.5011 117.9163 118.8468 115.8309 116.7071 116.0326 115.9648 115.3280 114.3345 116.2437 112.3438 112.3931 113.1028 111.4950 113.6732 113.9104 113.9523 111.4644 110.7533 110.8168 112.6002 111.8879 110.2269 112.1040 110.7695 111.3488 110.7507 110.7639 117.9565 111.1656 111.6901 111.8497 110.7073 111.6318 113.4700
119.0600 117.7600 117.7600 118.6000 118.1000 118.1300 117.0700 116.8600 115.8700 116.0400 115.1700 114.9500 115.3300 115.7400 115.7400 113.3100 114.1600 113.3100 111.7000 111.8200 111.8900 112.0800 111.2500 110.8800 110.8100 115.5400 113.2200 110.8700 111.5500 112.0200 110.8100 111.3200 111.1700 112.0800 112.6200 111.5600 113.4400 110.4100 110.3900 113.4700
