110.4000 109.0200 109.3100 113.3400 109.4700 109.6600 122.6000 120.5000 121.5900 121.8300 120.2400 118.4600 118.1800 120.8000 119.8400 120.3600 113.4300 111.7900 113.5400 111.8600 110.3600 108.4700 107.3500 106.1300 104.8900 103.5600 104.2300 103.1800 104.0600 103.9000 104.9600 106.9200 106.6800 106.5300 106.4300 106.7800 106.8900 105.1200 105.1200 105.3600
109.0100 108.5276 108.9435 110.9388 113.9716 115.8887 111.6946 119.6830 119.5048 120.6497 121.7187 120.7498 116.6675 118.2650 119.9693 119.0773 116.3927 110.3874 110.6426 110.3837 108.6096 106.8197 105.5222 104.3333 103.3179 104.8212 103.5817 104.2226 105.1182 105.8576 106.7495 108.1586 109.1274 109.6197 109.7986 109.8169 110.9207 112.9109 106.7309 108.1600
108.7600 109.0911 108.7763 108.5045 107.9045 118.0831 118.0425 117.0321 113.1124 117.8464 118.9293 121.0673 119.2133 117.4825 114.3789 116.0261 118.8526 114.3549 110.3786 108.7650 107.3364 105.8205 104.2951 103.0646 103.3823 104.0123 104.9952 106.3224 107.8933 110.2313 113.0036 113.6961 114.2375 114.5290 114.6451 114.5962 113.7992 115.6956 112.7377 114.1900
108.8100 108.4378 116.6171 116.3934 108.8097 113.7216 112.7413 118.4251 116.7437 119.5383 119.3411 119.7544 118.4589 120.3900 112.1979 111.7157 116.7889 113.7199 108.3802 107.5538 106.1444 104.8057 103.9361 103.7798 104.6308 105.7715 107.3110 110.3998 112.8082 115.4600 115.1425 113.2894 111.9135 111.2334 111.0116 111.0776 111.7050 112.7750 114.7198 114.4600
108.8000 110.1402 109.4105 107.4059 111.5689 112.8609 111.4079 117.1294 114.3139 114.3834 117.4022 118.0036 115.7458 116.7128 120.1791 113.1067 115.5471 112.7898 110.5455 106.7403 105.1637 103.9743 104.2845 105.2051 106.3821 108.6402 112.2410 115.1353 114.2610 112.9579 108.1747 105.4400 103.9276 102.8233 102.3114 103.4152 104.2175 105.5576 107.6325 105.6100
120.3400 110.5544 112.8367 111.3252 107.0743 109.5136 116.1126 111.8650 112.2661 115.8225 114.3771 113.0786 110.4976 118.1750 112.7208 112.6302 113.9327 112.5395 110.7121 106.0169 104.8008 103.8720 105.1926 106.8590 109.1334 112.7578 115.7400 112.5197 108.0911 103.6972 101.1652 100.4390 99.6155 99.3874 99.2263 100.2303 100.3407 101.0708 101.3279 105.6100
112.4500 110.5367 115.2867 118.6783 112.5029 113.0019 117.2451 114.2359 113.8915 116.8137 113.1511 114.7616 110.5279 114.2741 109.0913 107.8506 111.9653 113.9339 107.3092 104.1618 104.7959 105.4292 107.8020 108.7659 111.2055 113.9281 111.6292 105.6975 101.6457 99.2992 100.9215 100.5989 100.8949 101.1093 101.1479 100.9860 100.9603 100.9057 101.2387 100.4300
108.6100 108.8213 111.2221 117.6088 116.9644 115.2110 116.6062 117.0576 113.6336 116.7859 114.1164 116.4626 111.0455 108.9851 110.7840 112.8335 113.4600 112.5165 106.4108 105.0605 106.4522 104.3385 110.5832 109.3408 112.1190 109.8425 105.3948 101.6142 100.0006 101.4395 101.0826 100.3233 99.9539 99.6303 99.5252 99.6435 99.8855 100.2377 100.7492 100.4800
113.0300 110.2682 112.7520 112.6403 116.8285 117.3825 116.8697 115.3979 114.7238 116.9856 113.6182 112.6615 109.2910 114.1412 112.3963 112.9920 115.1038 106.6837 107.6335 106.2021 108.0416 105.3574 106.9579 105.7732 106.0237 104.1300 101.5499 104.0471 100.9581 100.4288 99.6495 99.2275 98.7000 98.3911 98.2643 98.3400 98.6267 99.0747 99.6292 99.3200
114.3600 116.6206 114.2918 110.1636 109.5289 116.1151 110.3784 114.6331 113.1701 116.0083 112.0581 110.1681 107.8428 111.3093 112.6167 114.3935 112.2076 110.8922 105.5995 107.0742 105.7568 105.2852 107.9236 105.1516 104.3742 103.0567 103.1341 102.4477 100.4319 99.4522 98.6535 97.8168 97.1400 96.6576 96.4611 96.6019 97.0387 97.6894 98.4518 99.0500
117.7700 117.3685 111.0828 114.9387 115.9019 109.2008 111.2656 111.0536 110.0195 109.2657 109.0759 110.9347 108.8737 112.8608 114.4502 112.7690 108.8414 105.0968 105.8778 110.8523 108.8947 104.6058 104.6358 105.0848 102.0798 102.5136 101.3027 100.2655 99.3981 98.3277 97.2639 96.1898 95.1783 94.4184 94.1039 94.3378 95.0113 95.9745 97.0797 97.7100
110.6500 113.0576 115.5485 114.7698 112.2804 110.5274 110.5306 111.7561 109.5490 109.4204 108.6370 109.2127 107.8264 108.5217 107.8908 110.0928 108.1364 107.9300 108.5379 105.9811 103.8002 110.7244 102.7825 104.4048 101.4171 101.7046 100.9088 100.0460 98.9980 97.7370 96.0533 94.1432 92.6481 91.4353 90.9137 91.2467 92.3622 93.8594 95.4797 96.0400
109.7000 114.6281 114.4930 114.3671 112.5996 110.6945 108.9513 109.1215 110.6959 108.3479 108.3166 109.1062 108.8381 108.0687 108.6733 107.8987 106.8844 106.2239 106.9362 104.9558 105.0822 108.5774 104.0385 104.4984 105.1536 101.2103 100.5046 99.6166 97.9226 96.2964 94.4239 91.8465 89.4636 87.4277 86.4928 87.5501 89.2316 91.6897 93.7551 95.8300
115.4100 117.4594 109.0801 109.3944 111.5727 109.7850 109.7161 111.2685 115.2402 109.7329 103.2805 108.6232 109.1568 109.0530 112.2410 108.0969 107.1811 106.3839 104.9301 106.9497 104.8114 104.0120 105.3517 103.2598 103.3341 101.0077 99.8268 98.8879 97.4876 95.2356 92.4193 89.2391 85.6778 82.4205 80.3646 81.9317 85.0565 89.4007 92.4101 93.5600
117.7700 118.6582 108.4700 108.8320 107.9032 108.5797 110.3981 109.1030 110.2310 104.8189 107.6727 108.4049 111.5530 113.7894 110.7987 106.7170 106.3790 105.8286 106.2371 105.4733 104.2262 104.4923 103.9064 103.8771 101.9003 101.1063 99.6335 98.0783 97.0051 94.9283 91.3461 86.7987 82.0346 74.1251 69.2969 74.3867 80.6604 85.9254 90.3599 93.5600
118.0100 117.8608 109.7349 110.8253 108.3934 107.9968 111.2037 111.6531 111.4711 111.7686 109.1151 110.6355 111.8688 112.2276 108.6304 108.9554 106.1515 105.6982 105.7696 105.4821 104.9192 104.7627 104.5820 102.8413 101.7854 100.9989 99.7666 98.2785 97.5294 95.5155 90.8073 85.1923 78.9430 66.9225 63.2369 67.9588 79.1280 84.9154 89.2937 92.6900
116.9800 115.4330 114.5423 112.9507 108.4641 108.3369 107.4559 107.3564 113.6279 113.3180 111.9619 112.1853 113.6664 113.6029 111.5625 109.7075 106.9135 105.9548 105.5828 106.0521 105.4955 106.1905 102.7337 103.4805 101.9261 100.9551 99.9966 98.3496 97.5350 95.3353 90.6349 85.3047 78.4092 66.9250 63.2941 67.5563 79.7958 84.1319 89.0676 92.7400
110.7700 111.6617 111.9276 110.7314 110.6371 109.4982 108.8064 108.0013 109.8450 109.7388 112.2980 108.2791 110.6496 112.4866 109.2111 106.6378 107.5492 105.9448 106.7027 105.5163 105.0663 106.2337 100.5051 103.1871 101.7881 101.0707 100.0413 98.6142 97.2223 94.9530 91.6447 86.4087 81.1818 74.3860 70.6212 74.7323 83.8206 88.9665 91.0594 94.6300
111.7300 111.2889 109.0211 109.7924 110.7884 110.1538 109.3933 109.5259 111.5485 108.2479 112.5138 111.7016 113.0683 108.7935 107.4424 106.0886 107.8520 105.5804 105.9390 105.9470 104.1803 106.8719 106.7651 102.9921 102.1330 101.3742 100.1839 99.2082 97.8128 95.5952 93.3465 89.0364 85.0784 84.5665 83.2086 84.0809 87.3816 90.5229 92.5592 94.1900
113.3400 112.0400 115.8571 115.9424 113.3368 110.7785 110.6854 110.5585 111.7065 113.5704 113.7257 112.1126 113.2330 112.3177 112.5440 108.5936 110.6406 110.9259 104.2708 105.4451 106.3122 110.7357 110.2397 103.9871 102.2784 101.6508 100.8675 99.4497 98.7124 97.0061 95.6454 92.0346 89.2234 88.5704 90.4663 90.6054 91.4244 92.4852 95.0482 96.5400
110.7100 114.0603 113.0737 110.3809 109.3554 112.6012 109.2487 116.7921 114.7788 115.8053 113.2743 111.5835 114.2226 108.6782 108.5281 111.9654 104.9946 110.2521 107.1427 109.6221 106.8285 106.2771 105.5382 104.8226 102.9451 101.8944 101.2103 100.1976 98.5399 97.4459 95.4027 93.2735 102.8946 98.1711 103.8325 102.9442 103.0309 92.4181 97.7259 97.7000
110.6000 109.7670 108.9668 109.6831 109.4516 110.3937 112.7812 114.8499 113.0454 111.7627 113.9214 114.0179 112.8721 112.7853 113.5328 113.3168 108.1958 107.3590 107.2373 106.8002 106.9431 101.3830 101.9211 104.7778 104.3635 101.4848 101.5126 100.5998 99.6451 98.7972 99.0869 90.7163 92.0473 102.3257 95.4041 95.2201 90.3840 89.0781 99.5935 98.8500
108.9300 109.0109 112.2410 109.6048 109.0193 107.9878 109.4811 113.1183 112.5491 110.3990 116.8306 115.7963 114.6413 114.6570 112.3901 107.2793 106.7852 107.2393 107.2777 106.7393 106.8584 105.7573 104.2946 104.4006 104.8395 97.6551 102.6277 101.2316 100.9954 100.1121 100.1344 94.8989 92.1241 98.6095 97.8570 97.5293 88.3628 99.7903 98.3583 99.0800
112.3600 110.4695 111.5556 108.5526 109.6523 108.5946 110.1831 112.7393 114.3844 109.2937 113.5882 114.4486 113.2190 109.6257 109.8335 107.3450 106.5400 106.5084 106.7491 105.9101 105.9900 105.6527 104.2552 104.9955 105.4487 103.8566 103.1533 96.0241 100.9197 99.7877 92.4214 96.8056 101.4048 96.0256 98.4452 92.1911 94.3695 100.1523 99.1916 99.9000
108.5600 113.0686 111.8193 111.5922 111.3021 108.9822 110.6750 110.5719 113.1527 107.8274 114.7486 110.8918 108.1799 107.1966 108.2275 108.0774 106.6256 106.2480 105.7973 110.8794 106.0718 105.4177 105.9888 105.1539 105.4375 105.0441 104.4842 100.0591 94.9643 102.4209 94.3974 99.2456 96.1041 95.3215 93.4779 101.5977 95.1480 100.8838 100.8559 101.7500
114.7700 109.8989 109.6129 109.7513 108.6688 110.0811 113.7931 108.7563 108.2000 108.1378 110.3236 107.6270 109.0994 108.6552 107.0319 109.7378 107.1162 106.7721 106.3793 104.6327 106.3803 106.5615 102.4837 103.5683 105.1059 105.3209 103.0128 98.5379 101.9426 103.3219 95.5753 99.6982 93.0358 102.6637 102.2465 101.2754 100.8830 102.1678 101.7076 102.4800
114.7700 109.8918 109.3491 112.7231 109.6683 109.8668 108.8416 109.8653 110.4307 109.3206 109.2344 108.8296 109.0320 106.9781 110.2580 112.2253 110.4026 107.8107 108.2429 107.6652 105.0570 107.6198 105.4868 105.3952 105.4577 105.1935 106.5487 102.7554 101.6298 103.6255 102.3638 103.2315 102.4988 97.8924 98.5561 102.1953 102.4827 101.2857 102.8182 103.4500
111.9700 110.0374 109.5742 110.8588 113.9412 109.4430 111.7695 111.7707 110.9840 111.6271 111.9892 111.5337 111.9280 110.6808 114.2382 112.8289 109.5083 108.3147 108.2293 108.1657 106.4423 104.7866 107.3063 105.9473 106.5333 105.4615 105.8988 104.7177 103.1400 104.1682 103.2567 104.2582 98.3154 100.8679 95.3918 103.3404 100.3963 98.5864 103.3461 104.5300
111.9500 112.0623 110.4126 108.7007 109.7944 111.1889 112.9653 109.5742 113.4139 108.8409 114.4482 111.1688 114.5698 114.2056 115.2086 110.1614 114.1645 108.2448 107.8550 113.2200 110.8126 106.3320 107.2446 107.3380 106.3469 106.1163 106.4845 101.9995 104.7628 105.5806 103.6930 104.4483 103.2881 103.3663 103.9282 105.1936 104.6922 104.9396 104.2284 104.5300
114.2200 112.4589 113.2632 110.8148 114.7871 109.4684 108.7221 108.9008 111.5791 109.9989 106.5717 111.5681 112.2659 109.3137 104.9940 107.0445 106.9988 112.6709 108.5882 111.6980 108.5367 106.7701 107.3169 107.0297 105.8601 107.1616 106.8382 104.0601 102.6447 103.4495 104.5318 104.1976 100.0222 105.1390 104.0487 105.8447 105.8089 103.8707 106.3092 106.0300
116.6800 112.4685 114.0906 111.6694 110.1573 108.8820 109.0663 113.7359 109.7803 110.1501 111.2356 112.2170 111.7363 113.2969 105.9282 110.6804 114.4721 113.3112 108.0140 112.8187 108.3842 108.2452 108.0241 107.2048 106.9295 107.1743 106.8116 106.7947 102.9628 101.8711 105.9954 107.0225 105.8065 105.1703 105.1184 105.0426 105.3112 104.9610 105.9165 106.0300
114.4600 114.0105 112.8793 112.3387 110.5653 112.6130 111.6749 109.5559 114.9482 110.1800 109.3619 112.1870 114.9663 110.7469 105.2205 108.5075 107.9287 113.4784 109.6496 113.6651 108.2813 108.4018 107.8798 106.9661 107.1015 107.5532 106.7933 106.7638 104.2451 104.6997 107.0922 105.1268 105.9146 105.5326 105.0447 105.2099 106.3114 104.6372 106.1233 106.8500
113.4200 113.6991 113.4919 112.0916 111.3931 110.2558 111.4391 117.2517 110.0113 109.7113 109.1269 109.7533 115.4754 107.7476 107.6736 107.7293 110.5302 114.6365 115.1845 110.2235 108.8468 108.7791 108.2382 107.9703 107.5126 107.8616 105.7372 106.9526 107.6068 105.0057 105.6060 107.3209 105.2807 106.1319 105.6841 105.9879 106.2259 105.8179 107.2723 106.9300
114.2700 114.7701 113.7396 113.1228 110.8141 111.2584 116.6434 111.9303 110.5460 109.6833 108.5172 113.4521 111.9975 109.9933 107.9352 109.8600 110.7307 110.7500 107.1317 104.7024 109.1888 109.7548 108.5042 107.1889 107.2115 107.9318 106.4308 107.6953 107.9369 106.6803 105.6703 108.2894 105.9190 106.7400 105.4390 107.3886 106.2806 105.6661 106.5492 106.0500
114.5500 114.2823 113.6873 111.7627 111.2038 113.0851 113.8061 114.1353 109.6976 108.8903 109.0712 112.2020 105.8370 110.4891 109.1921 110.7180 111.3855 105.5250 102.9123 105.9400 107.6723 109.0369 109.2101 108.7052 108.4495 108.0784 107.5293 107.8850 107.8710 107.0435 106.9086 109.4378 108.6630 106.9662 106.0261 111.8669 107.2701 106.9703 107.0033 107.0100
114.5500 114.0893 112.9777 112.6948 111.3217 113.1100 112.2285 112.7604 109.7109 111.9310 108.5840 108.0642 107.3165 108.6809 112.5270 111.7269 109.6160 104.9882 106.5025 106.3113 104.7332 106.4998 108.5793 107.6569 108.5009 108.5043 108.1659 108.1129 107.9669 107.2708 108.0847 110.6286 109.1220 107.6139 107.0932 113.4504 107.5583 107.7174 107.1168 106.9100
115.0200 114.6468 113.2197 114.5696 114.2438 113.0451 110.7320 111.7925 109.9369 109.7071 109.2991 108.3864 110.1402 110.8627 109.1579 110.7324 107.5649 106.6931 107.6576 105.2339 104.6933 109.6315 109.5236 108.8486 108.7542 108.5950 109.4213 108.5035 108.9403 108.7311 110.9062 111.1819 109.1999 108.3005 107.4210 110.7080 105.7482 113.4788 106.9794 107.2500
115.8000 114.6882 114.6037 116.9199 113.9390 115.7030 112.6887 113.7552 112.3389 111.1286 110.5884 110.2818 110.3035 111.5908 113.4564 108.0382 110.8436 106.7650 106.3561 106.5293 105.4227 107.6853 107.4573 105.9944 109.1601 104.3625 109.2280 108.6824 109.1722 109.4796 113.9850 111.5011 108.4281 107.1063 107.9234 108.4171 107.2780 109.3745 107.9287 107.4100
119.0900 117.6694 112.9446 115.2627 113.7752 112.9939 113.2230 115.0432 113.4836 113.3734 110.7418 111.7307 109.6267 110.6716 112.1055 111.7853 108.9906 107.4914 106.4816 111.0014 111.3496 106.9410 104.4711 102.6927 108.0610 103.5458 109.1098 107.2657 106.9078 104.7299 113.2680 114.2362 107.3501 110.6775 108.4832 111.2566 110.7030 107.4715 111.1692 107.4100
118.5300 118.5300 116.8300 114.8600 113.8300 113.8300 113.4800 115.4400 112.6400 112.6400 113.0400 113.0400 111.9500 113.6000 115.2900 112.9500 108.9300 107.8400 110.2700 109.0200 111.1600 111.1200 104.2600 103.7200 108.9200 105.3400 108.4200 109.2500 104.9400 105.1700 110.5400 103.9500 114.5400 114.5400 108.7300 110.4400 109.1100 114.5100 109.0800 107.8500
