109.6600 109.5700 109.9100 111.2100 111.1300 110.2400 109.6100 111.2600 112.9500 112.6400 112.2100 111.2900 112.5600 114.7400 111.9600 112.1200 112.1200 114.1100 114.1100 115.3000 115.7500 113.3500 116.3800 116.3800 116.5400 116.8800 116.8800 114.9300 114.9300 114.8700 115.1800 115.5000 115.5100 115.5100 115.8800 115.8700 115.9600 115.4800 114.8700 115.2300
110.4900 109.8667 110.5810 110.7681 110.9644 114.5091 112.1972 111.4888 111.2101 109.3777 110.6971 112.6029 110.9026 110.0960 109.7663 111.3376 113.3016 117.3654 114.1448 115.9983 116.2415 114.4197 115.4558 117.4565 117.3271 117.0620 115.7481 115.5461 114.8352 114.8869 115.0169 115.2247 115.4949 115.0027 115.3619 115.4050 115.8211 111.2038 115.7650 115.2300
111.4400 110.7537 111.8174 110.8296 111.8811 114.4631 113.6588 112.4052 109.9470 109.8419 109.3101 113.3535 109.5382 110.0390 110.4453 110.8827 109.9014 117.0340 114.4353 116.1361 117.2062 114.9984 113.4163 116.8730 112.6055 113.3038 112.5811 115.6492 114.9749 115.0190 114.7954 114.4450 115.0236 114.8631 114.9437 115.0198 115.3302 109.6212 112.5099 114.1700
109.4300 112.4340 113.0423 115.5538 109.3957 111.0012 111.3015 110.6619 113.1967 113.8259 108.9876 110.3995 108.8768 112.1380 112.3403 109.3711 107.8595 111.0396 114.6752 117.1139 117.5779 116.6876 113.9204 113.1718 109.1936 109.6596 113.0630 113.5655 114.1912 110.8504 109.4875 110.8584 114.8582 110.7041 114.3010 114.1170 114.5330 109.1920 110.3651 109.3600
109.3900 109.0636 118.5732 115.4420 114.0877 109.1307 110.0042 110.7492 110.3731 110.5646 109.1215 108.8454 110.9327 109.2769 111.3457 108.8034 108.2775 110.8768 111.6978 116.5122 116.5124 117.0555 109.4874 113.7539 109.3619 113.0210 113.2538 114.2979 113.5067 109.1773 108.9874 112.4179 110.3093 108.9071 111.6669 113.0576 113.5826 109.0772 109.2179 109.1100
117.4900 115.7203 116.7598 116.2217 114.0988 109.6834 109.4935 117.2670 111.9103 111.6276 111.8352 112.4056 111.8261 109.3537 109.8743 110.3863 108.5260 111.2609 111.8185 112.7090 116.7225 114.3736 114.0737 114.1430 113.8103 112.1852 111.6832 113.5615 109.0745 109.0365 108.9956 108.6355 108.6394 108.8717 108.5947 111.6848 109.6562 109.0720 109.0373 109.0200
119.3700 111.1637 113.6816 111.2118 109.9361 110.8338 110.5439 111.4597 116.9183 112.7008 112.3731 111.2876 114.2280 110.0930 111.6983 110.8979 108.5952 108.3555 108.2862 110.4663 115.1546 110.9047 117.3750 115.8164 114.4822 114.9320 112.1811 112.5700 109.4068 109.0429 108.6543 108.6286 108.5129 108.4225 108.5894 108.1072 108.6018 108.8139 108.8530 108.8300
109.7000 110.9181 111.7084 111.6697 111.2034 110.4882 111.6937 108.9214 109.3269 111.0912 114.9870 110.4515 112.2673 110.4687 112.6446 109.0616 110.1186 108.0699 108.3295 109.7594 109.5139 108.4753 116.6185 118.8161 112.5708 114.2200 113.5018 109.6445 108.2567 108.4896 108.2865 108.1188 108.0551 107.9468 108.0470 108.1087 107.9669 108.2426 108.3727 108.4200
111.5600 110.9864 112.4493 110.4129 111.6849 109.6100 110.5594 109.1487 108.7807 110.0863 116.8763 113.9212 111.0726 110.0184 112.4674 108.7996 109.6466 109.3322 107.0871 110.3797 109.2575 109.3514 116.3690 116.1931 114.2852 114.0692 107.4887 108.9093 108.3572 108.2358 107.7201 107.6421 107.5236 107.7083 107.9579 108.1821 107.8726 107.7142 107.6241 107.5700
112.5200 110.8402 112.3520 108.9719 109.5778 109.3714 109.2014 110.5127 107.7779 108.2059 114.6274 112.0801 110.7033 110.4202 109.7317 110.3850 108.7715 108.3000 109.6692 108.8827 108.1660 108.9593 112.5839 114.7655 116.2105 113.1423 107.9459 107.9714 108.2834 107.9103 107.2681 107.1139 106.8629 107.9793 107.9914 108.0463 107.9931 107.9026 107.4777 107.0300
114.6500 110.7354 110.8749 112.4286 112.3281 109.5099 113.8623 109.2753 112.2661 113.6471 110.3552 116.0780 114.3405 110.4085 108.9006 107.7920 109.3808 111.0362 109.0571 112.4011 111.0740 108.3474 108.6668 110.9966 112.5302 114.7623 107.8989 108.9110 107.8527 107.4657 106.8710 106.4096 106.1650 107.3746 107.5090 107.7208 107.5807 107.5786 107.0593 106.4400
114.9600 114.0041 111.0843 110.4505 115.3383 111.4259 111.2354 111.2634 112.0991 112.5348 109.0424 113.8464 113.3572 110.6188 107.4694 110.0226 110.1757 110.6899 108.3597 109.2578 108.7949 108.9980 108.5596 111.2512 107.8849 112.5952 108.0820 107.6565 107.5986 106.4735 106.1285 106.4395 106.3692 107.1647 107.3091 107.4130 107.1959 107.3146 107.4825 107.4200
116.2300 111.0331 110.3127 110.4229 109.6836 109.2632 111.5420 113.9487 113.7474 111.5748 111.0895 109.4011 114.2458 111.1815 109.1845 112.5273 109.8984 112.8676 111.1143 109.9478 108.4176 108.5536 108.2247 108.2519 109.9695 106.9890 108.0169 107.6264 107.3339 106.4264 106.2501 105.5914 106.5254 107.3120 106.8294 107.1099 106.9574 107.2618 106.1598 106.6400
118.1200 109.9797 110.0462 110.5996 110.5076 108.9699 107.6760 116.0657 112.3787 115.9038 115.8978 115.8930 111.9526 110.4719 111.1420 111.5608 111.4390 114.3866 109.7138 112.6320 108.5193 107.5737 107.8401 106.4166 109.9986 108.6332 107.4550 107.2472 107.2487 105.5528 105.5904 106.6833 105.6683 105.2998 105.7627 106.7153 106.4045 105.4313 106.0317 106.9700
114.1600 109.8180 109.9563 110.9988 109.9869 111.9242 109.4047 118.6089 114.3129 116.0483 116.2794 114.0400 112.7432 108.4741 108.7450 111.4679 111.3502 108.1146 111.2373 110.8651 108.3374 107.8253 108.0099 107.0638 107.0434 106.0634 107.1500 106.4077 106.6495 106.3211 105.5797 106.5857 105.5856 104.5367 104.7273 105.6862 105.3210 104.6576 105.4569 106.6300
111.2000 110.4088 112.1313 110.2663 111.7267 110.2345 109.7645 111.9282 115.8937 115.4466 116.5320 114.6482 111.3073 109.8066 109.5871 109.9857 112.4979 109.8186 108.5560 108.4602 108.3112 108.1209 107.7249 106.4344 106.7599 105.6384 106.0892 105.8496 105.7880 105.8622 105.2591 104.9875 104.4701 104.7498 106.4006 104.3142 104.5077 104.2733 104.7594 105.8700
109.0200 112.0876 109.9681 110.5719 114.0348 113.3233 111.6174 109.0952 112.3817 115.6262 114.9402 112.7319 111.1180 108.0613 106.0898 108.2970 108.6515 109.4470 109.2696 108.8370 107.9005 107.5529 107.3946 105.8335 106.7825 105.6579 105.0034 105.6607 106.5192 105.1890 105.4350 105.1400 104.6291 105.1881 105.1348 105.7388 105.8366 105.2448 104.1055 104.7700
109.0200 109.0971 109.1002 109.3066 108.7052 110.4386 108.7743 110.7422 112.9377 115.8404 113.9441 113.9548 112.5419 110.4941 111.0345 109.1454 109.5508 108.5178 108.6984 110.3378 106.6021 107.1423 107.5085 107.0839 107.0895 106.5738 106.1985 106.2714 105.1706 104.5565 105.0233 105.2636 104.7289 103.1241 104.2252 104.2713 104.0612 105.0176 104.0548 104.7300
110.2700 109.3860 108.9990 109.2423 108.5804 107.8375 107.6494 111.0307 112.3979 116.7786 111.3383 111.7367 109.7941 111.6751 110.0237 110.7099 109.5424 108.3123 107.7991 107.9631 106.9911 107.5964 106.9738 107.0741 105.9032 106.2479 105.2555 105.5213 105.5546 103.9574 104.3398 104.3256 102.9649 102.6479 102.5485 102.5913 102.3028 104.0379 102.6571 102.6400
113.1300 113.1930 110.5398 109.8358 109.8608 110.8075 111.1221 108.5028 108.2777 113.7979 109.6679 109.7410 113.4203 111.1657 112.0204 108.5408 109.2492 107.7911 108.2257 107.1016 107.3600 106.4883 107.1367 106.6705 106.0884 105.8499 105.1125 104.9593 104.2927 104.4995 103.3341 103.5888 102.1290 102.0872 101.9126 101.8973 101.8600 101.9260 102.0103 101.9500
111.2500 111.2478 111.1099 108.3392 108.8053 109.4892 110.3885 109.0881 109.6091 114.5099 114.5645 114.6850 115.4369 107.4166 113.1790 114.2470 107.1447 108.0256 108.0249 107.7190 107.3971 106.9493 106.4753 105.6334 104.9125 104.9323 104.7333 105.2725 103.7413 102.5431 101.4372 101.5851 101.4291 101.0786 100.9095 101.0087 101.0972 101.0996 101.1677 100.9600
110.5600 110.9081 110.0159 109.7388 108.6879 108.9814 108.1387 108.3162 108.0293 108.3800 109.4759 109.3247 111.3115 108.5211 110.5204 111.8741 109.2629 107.9688 107.9650 107.5727 106.9676 106.2810 106.2714 106.4519 104.5210 104.1606 105.3807 103.9901 102.0065 101.8612 101.4193 100.8399 100.5493 100.1231 100.0709 99.9820 100.0559 100.0450 99.8242 99.8300
111.8200 112.8240 110.6673 109.4480 110.4062 110.3202 108.9620 108.5273 108.9711 108.1782 108.5440 114.4098 107.5003 109.4900 108.4164 108.3251 108.1736 109.6280 108.4042 107.0038 106.2264 105.8823 106.7434 106.4732 104.1309 104.7885 103.8340 102.2130 101.8048 101.2839 100.7804 100.1310 99.6607 99.3199 99.0102 98.6465 98.9734 99.0780 98.1288 99.4600
109.6000 111.3783 109.2504 109.6865 109.4474 109.6099 109.0933 109.0592 108.8111 110.2178 108.8488 109.0434 107.1857 113.1504 108.1148 108.4770 106.9054 107.5317 107.2895 106.3239 106.4882 106.0752 105.1709 105.5389 105.1903 103.4124 102.2687 102.0077 101.2455 100.6005 100.0083 98.9447 98.6800 97.4331 96.9754 96.2414 96.3048 97.8868 97.5853 98.2000
109.6000 110.3509 108.9488 110.2810 109.7423 111.2438 109.8745 108.9077 110.0363 108.9832 108.3428 108.9730 108.7956 112.2094 108.3344 108.3222 107.2581 107.5357 107.3984 106.4309 105.0993 105.4034 104.8512 105.0764 104.1553 102.6738 102.1272 101.5820 100.6701 99.5644 99.1042 97.8689 97.2320 95.1306 93.8843 94.3518 94.9275 95.4887 96.0095 95.6300
110.9700 109.8621 109.2871 109.7107 109.1286 107.7756 110.9829 110.4059 109.3620 108.5724 110.5454 107.8958 107.8305 107.1282 108.2924 107.3234 106.4194 106.4628 106.9618 107.0384 104.6731 105.7400 105.2311 105.6941 103.2182 102.3804 101.5268 101.0065 100.3471 98.4513 97.6523 95.1561 95.8807 95.2286 92.3835 90.4593 92.6291 94.2793 95.5140 95.3800
109.2500 110.3302 111.4072 112.3882 113.1821 109.4324 111.2417 108.9825 107.6860 108.8021 110.9609 112.7977 111.4138 108.3050 108.2127 106.6928 106.7653 107.3182 106.5180 106.1875 105.8568 106.4688 104.8502 104.4208 103.8911 102.1758 101.5362 101.1998 99.5533 98.3477 96.3691 95.0594 93.7088 92.0069 88.6906 86.9709 87.3672 90.2780 89.8149 90.2000
109.7000 112.3508 113.3188 110.8606 111.8346 110.0196 110.7629 108.0424 111.0307 109.3535 114.4606 111.8530 110.9697 108.8294 108.6307 107.4686 107.1180 107.1690 106.4704 106.0037 104.9555 105.0423 105.6364 104.1927 103.1475 102.0148 101.8352 94.2622 100.2899 97.5077 95.6529 94.3602 93.1997 89.4551 81.2968 77.8687 79.2227 82.4777 87.0227 89.5100
111.9000 114.2743 111.7883 110.3982 114.1028 108.7969 108.9049 107.7845 113.1401 109.5030 110.5863 109.1165 108.9434 108.9816 107.7417 107.4950 106.8369 107.0970 107.1295 106.0157 104.7209 104.8516 105.4491 104.5844 102.5571 101.9286 100.7450 97.9383 96.7471 97.5735 94.6212 93.1187 87.3804 81.2328 74.2430 71.8186 73.1622 79.3006 85.1594 87.4400
116.7700 115.4846 112.7752 110.6075 110.7722 108.1240 107.6064 107.9839 112.0441 115.2853 110.3865 109.7553 110.6444 108.3283 108.9269 108.5134 106.2224 107.3650 107.0542 106.0401 105.2854 105.3654 103.8666 104.4865 102.7875 101.9651 100.8980 100.4812 92.4131 97.8749 94.5104 91.9695 86.6813 80.9931 69.3192 65.2100 68.5987 78.2042 86.1465 88.8200
116.6000 116.2453 112.6180 111.7682 110.4171 107.8131 108.1888 111.7878 115.0058 107.7928 111.2134 109.9596 110.8496 109.2947 108.8585 108.3889 107.1445 106.3764 107.0618 106.0786 105.2816 105.0556 103.8298 104.0323 102.8183 101.9781 100.9625 100.6275 92.3598 97.7213 94.6755 92.2226 87.2423 81.9590 71.4807 67.4958 70.6426 79.3577 86.5982 88.8700
116.2000 112.8209 110.5364 113.5932 110.6265 112.3975 114.1537 107.2429 115.0854 112.1647 109.4719 108.5203 109.3519 110.5249 109.2311 107.9839 107.2244 106.5032 106.6742 105.4206 104.7966 105.0831 103.8593 103.3410 102.5759 101.8530 101.2623 100.3382 94.0214 97.7694 95.8435 93.0677 91.4147 85.6067 78.9972 73.0515 76.5644 83.0205 87.9655 91.4700
113.3500 113.4204 110.9572 110.3211 112.8960 112.1284 114.4525 108.9755 115.6198 112.0991 112.5308 109.6343 109.8795 114.0578 112.7879 108.5426 107.8163 106.6588 105.5694 106.3468 105.4948 104.9042 105.5312 104.2825 102.6733 102.0917 101.4087 100.0320 99.6386 98.4691 97.0537 93.7330 93.0994 88.8614 84.0894 81.5394 83.6643 85.7387 89.9069 91.1800
114.5700 113.2407 113.0410 113.7983 112.3608 113.1094 113.5757 113.3852 111.8849 110.3889 110.0838 111.9471 112.0303 113.4371 112.1761 113.6915 108.1068 107.1027 105.9003 107.0593 105.6971 105.8130 105.7337 105.5306 102.6272 102.3482 101.5076 100.6412 99.6331 98.5533 97.4486 95.3289 92.7583 90.4246 88.2963 87.2851 88.1999 89.3526 92.1122 94.2400
114.3500 115.2404 114.2432 113.2348 111.1476 112.4724 114.6648 114.4984 112.3518 112.6676 109.9490 112.2783 111.5225 110.9560 111.5567 109.5953 107.2519 106.6762 105.8960 106.5436 106.1648 106.2856 105.9203 105.8333 104.2804 102.5389 101.9439 101.2682 100.5732 99.4769 98.1602 97.2969 95.6400 93.4603 92.2698 93.3348 93.5893 92.5457 94.4194 96.3200
111.3300 114.9937 112.6912 111.7252 110.1592 114.2951 111.8434 112.4250 109.8674 114.8057 107.2753 109.3644 109.3259 108.4827 106.7649 109.8777 107.2881 106.5111 106.7334 106.1653 105.9389 105.6903 105.5207 105.1489 105.3696 102.7821 102.3080 101.5991 101.0467 100.2730 99.4924 98.4786 97.2168 96.3685 95.4982 95.3850 95.8402 95.9839 96.9343 96.3200
115.9400 114.3444 114.1660 112.6771 110.8745 110.6859 111.2559 110.8749 109.7198 110.1580 109.3284 107.5703 111.9868 111.0559 112.6453 111.5128 108.2774 107.6021 106.8336 106.3685 105.6552 105.5179 105.9720 105.0314 104.1129 104.1853 102.6161 102.1554 101.5894 100.9911 100.2537 99.4922 98.9825 98.5590 97.7766 97.9060 98.1557 98.0411 98.6104 98.8100
117.8200 112.0671 112.2191 112.8927 114.2298 111.5559 111.4212 110.7531 111.4861 109.5528 112.7045 107.6370 114.7246 111.4392 111.1135 107.8238 108.0165 107.1326 105.6249 106.2208 105.1119 106.0913 107.6237 104.7585 104.5705 105.2187 103.0610 102.7155 102.1529 101.7232 101.1643 101.2121 95.5058 99.8105 99.5975 99.4622 99.6092 99.0372 99.4205 100.0800
115.1300 109.9768 111.2190 113.8261 113.5655 110.8601 112.0982 111.2798 111.9704 112.5356 111.1070 109.3893 114.7622 112.7791 110.7855 108.3196 107.6389 106.9832 106.2888 105.9258 105.8294 106.7383 105.9501 104.8137 104.1628 104.6763 103.9648 103.1058 102.6417 102.2538 101.7626 101.9136 98.2995 101.3905 100.3891 100.4227 100.3908 100.6240 100.4074 100.0800
115.1300 110.3200 112.1600 114.0500 112.6700 110.9200 116.5800 110.9500 109.4600 112.9600 109.8700 114.3600 113.9200 113.8900 108.5800 108.2500 109.6800 108.2900 106.4900 105.5900 106.1000 106.8300 105.5400 104.6100 106.2800 106.2800 105.5600 105.1200 102.6600 102.1800 102.4000 102.0400 102.0400 101.3300 101.4000 100.6400 100.6300 101.2800 101.1900 100.4300
