119.6600 119.6600 116.1600 115.1400 112.2400 120.0700 119.8200 117.8500 119.0200 106.6500 107.0200 107.5900 102.9800 103.6700 102.8500 105.2300 111.3100 114.8900 114.4600 110.2500 104.3800 100.4100 99.3700 100.7700 100.2700 100.3900 100.3900 99.3500 99.3300 100.2300 100.1000 100.7300 99.2600 100.6700 104.7800 110.6600 114.0300 114.4800 106.5500 106.5500
113.4000 115.7115 112.7563 116.6439 118.0180 114.1289 111.1605 108.8864 113.1243 111.4669 108.7575 104.5456 105.1204 103.5543 103.4605 105.6248 109.3214 113.7289 114.1186 106.4982 100.9407 99.8448 100.7095 100.3687 99.8111 99.3992 99.0655 98.9157 98.9580 99.1852 99.5653 100.0879 100.5703 100.4286 99.2717 103.4836 107.7062 111.3407 111.9410 107.3600
118.2100 112.3163 115.2739 117.1438 117.8984 112.2182 110.2626 111.6044 110.4098 114.3857 111.7949 104.2200 104.5778 106.0495 105.0959 107.3565 112.8795 110.6048 104.5956 101.7897 99.2477 100.9920 100.0015 99.3381 98.6571 98.0360 97.5925 97.3657 97.4338 97.7595 98.2938 98.9333 99.6300 100.5872 100.1260 99.6488 104.5426 105.9675 114.7021 112.7000
113.5200 118.6726 113.3126 117.4969 109.3381 117.8110 118.0448 112.5516 105.4653 104.5922 104.7552 104.2668 105.0718 106.6775 112.9494 115.4342 114.2862 111.4763 105.1376 99.9294 100.5217 100.1126 99.1451 98.2030 97.2436 96.3418 95.6465 95.2901 95.3932 95.9103 96.7149 97.6506 98.6275 99.4707 100.5442 100.3029 100.3672 106.9827 113.5103 114.4900
112.5200 111.3009 112.8144 112.1208 113.3273 115.2357 116.1053 110.3335 113.4214 108.0569 104.4425 106.6847 104.1236 107.5425 107.3879 114.3655 113.2904 107.1274 108.7495 101.4273 100.2677 99.2346 98.1737 96.8970 95.5301 94.1525 93.0103 92.4106 92.5858 93.4555 94.7438 96.1238 97.4545 98.6640 99.7004 101.0442 99.0918 102.7318 110.5771 113.8900
113.1900 112.4220 115.1407 110.4232 112.4184 113.9753 107.0731 109.5417 110.8325 105.2617 105.3416 112.0217 107.8612 109.7817 111.3524 109.1767 110.5061 106.4286 106.0883 100.4009 99.7094 98.5814 97.1105 95.4323 93.4799 91.3345 89.4071 88.3496 88.6504 90.1634 92.2643 94.3628 96.2055 97.7573 99.0679 100.1444 100.0306 100.5761 107.1880 113.1500
108.5000 108.7821 110.5542 111.1722 110.1309 110.7384 110.7571 111.4431 109.6669 105.8302 106.8388 110.5288 109.5882 107.3197 111.3313 106.2263 110.1869 106.4231 107.6342 100.0505 99.3916 98.0929 96.2820 93.9776 91.1566 87.9099 85.0161 83.0852 83.6851 86.1198 89.3500 92.4171 94.9445 96.8952 98.4690 99.6454 100.6264 99.8330 104.5581 111.7000
110.3400 109.2816 107.9415 112.7565 110.7952 110.5164 113.4809 109.4505 107.1739 106.6279 107.2803 106.4461 108.3429 105.6407 107.3609 112.6931 111.9314 106.3250 103.3163 99.7235 99.0978 97.3322 96.0082 92.3481 88.9080 84.5226 79.2105 74.8950 76.2499 81.8227 86.4523 90.5942 93.8079 96.1874 97.9769 99.3328 100.5585 99.9195 102.9086 110.7700
113.5100 111.4159 114.4735 112.3765 109.5977 110.0178 113.7140 110.1507 106.6702 106.6804 107.2378 107.0125 107.2197 106.4557 111.5880 103.7719 106.7999 105.9639 100.4793 100.0588 98.6223 97.1101 95.2555 92.1096 87.2638 82.0286 72.8948 67.6065 69.1308 77.1946 84.3487 89.3103 93.0535 95.7270 97.6735 99.1505 100.3782 100.1694 102.0766 110.2800
115.9200 113.1665 116.1452 113.8057 111.5011 109.6364 112.0734 110.5470 111.6479 106.9233 107.3315 106.0541 105.8520 108.5572 108.5944 111.3804 102.4808 105.9776 100.4556 100.0318 98.5439 97.0979 94.8950 91.8090 86.8453 81.2691 70.9777 65.3843 66.9468 75.5995 83.8358 88.9849 92.8618 95.6168 97.5991 99.1062 100.3198 100.2416 101.9543 110.1600
113.8200 113.2374 116.4014 112.0983 110.1190 113.3878 108.7679 109.3521 110.9652 109.1910 107.3239 113.6133 104.4032 109.5440 111.6778 108.9951 103.3791 102.4719 100.8802 100.0496 98.6524 97.3367 94.9418 92.3969 87.8311 83.4731 75.2994 70.2989 71.6062 79.0551 85.0675 89.7420 93.2991 95.8771 97.7728 99.2130 100.4322 100.0679 102.3966 110.4000
108.8400 110.7506 110.9554 111.7317 111.2467 109.0359 112.2758 107.2129 108.7565 109.8430 111.8080 104.8321 109.4429 108.9337 107.1499 102.0282 105.9782 104.3212 103.2514 100.3798 99.2886 98.1835 95.5975 93.3731 89.6636 86.4766 81.9099 78.2878 79.1014 83.8929 87.4755 91.3461 94.2548 96.4594 98.1584 99.4661 100.5897 99.8178 103.5706 111.0200
109.6100 112.8370 116.0635 112.9049 110.9662 109.2509 113.1097 106.6338 107.8003 107.2004 107.4501 106.4534 111.0669 109.1068 105.1499 103.5610 109.0275 101.8169 101.3423 101.0439 99.9189 98.8630 97.3685 94.5954 92.1029 89.8268 88.3570 86.2438 87.9663 91.0300 91.3584 93.9076 95.4212 97.2485 98.7043 99.8524 100.4458 99.9130 105.2363 112.0900
111.8700 111.2668 114.9905 112.1128 111.4396 107.9703 113.9463 106.6000 105.3766 106.6824 107.0398 105.2888 105.5671 105.6916 106.0550 104.0651 103.3457 98.4954 99.6334 100.9563 100.2538 99.3361 98.5320 96.7069 94.1268 93.6970 93.0460 91.1928 92.5576 91.8216 93.3487 95.4237 96.7126 98.1295 99.3287 100.5581 99.8410 101.3089 106.6110 106.0500
111.1900 111.9618 112.1988 113.5060 101.7610 116.1036 110.6694 107.5559 105.4769 107.5609 109.1771 105.0714 106.4698 105.9905 106.7478 105.0263 103.4123 103.8514 98.0882 101.1660 100.8402 100.0105 99.4162 98.6874 97.0270 96.1136 94.9027 93.7401 94.3578 95.3372 96.0875 96.7864 97.9821 99.0290 99.9744 101.1897 98.9511 102.0951 103.3088 108.4000
111.2300 117.7265 115.6270 108.3600 105.9245 108.6345 108.5682 108.0063 106.4756 106.4529 105.2169 105.9036 106.4691 106.1229 107.6677 101.2475 100.2629 99.9051 105.6441 103.2794 101.3735 100.7729 100.0605 99.3475 98.7386 98.1054 96.8022 96.5071 96.2678 97.4614 97.9647 98.4347 99.1044 99.8779 100.6065 101.1408 102.1317 108.6842 112.3427 108.4000
110.9200 112.8472 111.6686 110.9963 106.7434 107.5721 109.1739 108.6131 108.0704 107.4783 106.8731 106.3188 106.0044 106.0036 109.6723 105.8151 102.6205 100.8230 105.1803 102.4110 102.1094 101.1240 101.4426 100.4655 99.7456 99.4025 98.6865 98.2415 98.4899 99.3011 99.4855 99.6252 100.0720 100.9878 102.1444 103.1810 104.1796 108.2199 113.8178 105.9500
108.7200 110.7735 112.5008 105.8310 104.7169 107.6936 108.5205 108.4161 108.8174 107.8440 107.3335 106.3791 106.1891 106.7782 107.8932 105.6594 105.5059 99.9092 102.8202 103.4785 102.8191 102.1088 100.9078 100.3211 100.7778 100.3842 100.1151 99.8199 99.9194 100.1877 100.5114 100.6463 100.7330 103.0173 105.0641 103.8149 103.4172 104.7095 108.4809 105.4300
109.2000 109.4600 111.1504 107.8106 105.7607 108.8090 108.5901 107.9150 108.6997 108.2899 107.6687 107.2557 107.6406 106.5736 105.2075 105.5547 105.0298 104.5691 103.9148 104.1694 103.6197 104.3380 97.5333 100.1106 101.7233 101.4389 101.5664 101.3034 100.9276 100.9989 101.2936 101.8113 103.1234 102.0397 102.6032 102.6211 103.3705 104.2193 111.0870 112.2900
110.0300 109.0544 109.7200 108.8430 104.6067 108.8684 109.1400 104.2944 108.9452 108.8251 107.8273 107.0562 107.2486 106.7176 105.5026 106.3015 105.6168 106.1160 105.0064 104.6123 105.7162 105.3921 104.5002 108.3667 104.4881 99.8200 98.9889 99.4290 102.0860 102.2477 102.5753 102.9587 103.3767 102.7414 104.7892 109.1326 103.8489 104.8305 106.9351 106.6100
109.3100 109.0138 107.4715 107.1265 109.1167 109.4089 109.2468 108.4966 108.6450 108.8359 107.8363 108.2687 107.5445 106.8259 104.9500 104.4604 105.6204 105.7310 105.3610 107.9684 109.6602 104.9063 105.0287 104.3054 105.9312 103.4225 97.4520 99.5756 103.3484 104.8851 102.6877 103.9306 104.0159 104.4065 101.0245 102.2070 102.7821 103.2384 106.2777 106.4700
111.8200 113.9313 111.2186 109.6722 109.5253 110.0537 109.1885 106.6175 106.9234 107.6426 108.2832 108.4301 107.1759 109.3922 106.1284 106.2067 104.9348 103.1225 105.5626 107.5392 103.7739 101.6590 103.4109 103.6190 108.7751 106.7886 103.9101 105.8920 104.9814 104.2770 103.3826 106.1608 99.9336 99.9739 103.9012 103.1177 103.2650 103.2695 105.9590 106.9700
108.9600 108.6611 107.7525 107.1275 110.1623 109.4758 109.0622 112.1567 105.6903 108.0670 107.9555 108.0759 110.7253 109.9518 106.8744 105.9379 106.0521 106.8601 105.5580 106.0194 104.5133 102.7084 104.7824 102.3589 103.7403 101.0943 104.6952 105.5852 105.8746 105.4139 103.7759 104.7033 102.6723 102.6112 107.2979 101.7687 103.6051 106.7093 105.6174 106.0800
109.5300 112.0866 108.6890 109.6262 114.6549 111.9996 110.0947 111.4850 111.4596 109.1450 108.1631 109.5376 109.5588 112.7652 109.7788 105.6986 105.8975 106.5926 106.8522 107.2797 106.5985 107.8018 104.7123 106.7470 102.9225 102.3696 105.7869 106.6147 102.8198 102.8166 101.5496 103.4939 103.9538 102.9935 104.6196 103.5384 103.9629 104.8747 107.2233 107.2000
114.7200 110.4742 110.6870 111.6014 109.6684 111.9426 108.7026 116.7931 111.0861 110.3019 110.2873 107.8307 114.7925 109.8629 107.2305 106.6883 107.4084 105.7753 105.6246 103.9211 103.6557 106.1616 102.6382 104.8665 106.8812 105.2994 104.9094 104.1824 103.5774 103.0810 103.8149 103.1011 104.3975 104.0581 104.5441 105.7636 105.2607 106.4850 107.3157 108.0200
110.8900 115.5270 116.2418 111.8568 108.9140 114.6299 109.0864 112.4027 107.2902 108.8529 111.7346 102.5421 110.9519 110.3523 109.1332 106.3791 110.9112 107.5015 106.1057 108.1647 109.1478 110.7021 103.0704 104.6729 106.7111 105.2740 103.7757 104.9126 104.5063 105.6017 105.7913 104.9142 105.4801 110.8547 106.2840 107.6401 107.6902 107.0128 107.9168 106.7300
116.6700 117.0009 111.9446 116.4873 110.7230 111.9420 107.8664 107.5186 110.5173 113.1806 112.1080 104.9173 106.9775 111.4415 112.6593 115.7416 109.7517 107.9758 107.1568 108.1094 110.8620 110.9138 110.2495 103.7515 106.9040 107.4104 107.0988 103.8697 104.6077 104.1328 109.8239 105.6589 106.7924 105.9378 106.1212 106.4704 107.0421 107.1420 107.4896 107.8800
115.7200 115.5456 111.6931 112.8469 113.6448 109.9557 108.2873 107.5604 110.8959 111.0851 111.2208 107.6687 105.9543 110.6890 113.2059 115.5700 109.6866 108.8811 107.7812 106.5091 109.0179 106.5009 113.4791 112.0320 107.7475 109.4043 107.0721 112.8532 105.4716 105.1617 111.4262 107.0808 107.2972 106.2785 106.4640 107.9829 107.2997 107.6746 107.8739 107.8800
111.4900 113.6302 114.4461 108.4361 112.7748 109.9489 107.5694 110.1910 110.3617 109.0445 106.7870 105.2813 109.2022 107.9168 109.4475 105.8191 110.0646 117.5600 114.4532 111.3465 112.2695 111.7262 114.8676 112.8799 112.1782 107.2169 107.5812 113.9302 107.3555 106.5443 108.3912 108.2960 106.6709 106.9360 111.1933 107.0515 107.8822 107.3953 107.3129 107.3400
117.4900 117.1340 110.5266 115.2569 109.6474 109.3195 109.3876 110.6713 107.2440 105.9674 107.5625 111.2464 110.8351 109.7049 109.9291 105.9551 110.6400 116.5597 113.7428 114.8213 110.2643 113.5184 114.3069 112.0637 111.5740 108.8789 107.8708 113.0461 107.9633 108.4594 108.0569 110.5951 107.4281 109.3020 112.4126 107.2208 108.0452 107.3793 107.8477 107.5900
117.8900 117.2385 111.4411 111.9248 108.5210 107.7219 109.9362 109.4581 110.3658 106.0152 108.7102 110.7195 115.3014 111.8184 106.2604 105.8780 103.8422 104.5174 103.9912 107.5486 111.2777 114.7808 115.8372 108.4237 107.0976 111.0430 111.0765 111.0046 107.3969 108.9088 108.4507 112.1211 110.7652 107.4595 112.0188 106.5988 108.0340 107.8984 108.7271 108.7100
117.9900 118.3575 112.9964 113.1322 112.5440 107.8934 109.4034 108.6634 108.7775 110.4932 108.8820 107.4133 115.3278 111.6769 107.7098 108.1258 105.9786 104.4033 104.4114 104.5309 105.7506 106.9700 106.7326 108.5082 108.5629 111.1771 114.1103 112.1825 109.5544 109.9349 108.5793 111.6501 106.2039 104.2679 110.8648 106.5041 107.7539 108.2596 108.7386 108.3300
113.6600 117.5010 113.5448 109.9792 110.4609 110.4332 114.3274 113.0104 113.6140 109.6725 109.4110 107.7235 109.9966 112.6437 112.5610 110.9751 109.2940 105.5123 102.4490 105.2059 108.4247 107.1235 108.2607 104.2528 103.2619 112.0133 109.3067 108.9407 107.2695 103.5071 103.3281 109.4537 103.3819 103.2393 107.4643 107.8311 108.0908 108.6050 108.2296 108.3800
114.0100 113.7806 114.7072 112.0839 111.3864 111.1663 114.9384 113.4541 111.0070 111.7634 109.5471 113.3250 110.0084 112.9704 113.2711 113.4937 109.7719 105.3737 106.0536 107.7680 109.5234 110.6353 105.7243 106.1553 107.4825 107.9225 110.9838 109.8216 107.2145 108.9910 109.8061 108.5030 107.4950 107.1163 107.5465 109.4180 109.8493 108.8458 108.6133 108.9300
116.0800 115.2489 116.8441 112.4102 111.9819 110.1416 114.0805 114.0352 108.2871 109.2627 110.0250 109.1297 111.2048 112.3785 115.0642 112.1248 111.2022 108.1670 107.0525 110.7888 109.6522 110.5330 107.2019 107.8839 106.4212 110.0274 107.8654 108.2474 104.5931 106.1594 106.3984 107.4722 104.5859 108.9524 107.9341 109.7291 108.7380 108.8464 109.2646 108.8000
118.0100 116.8109 114.6845 112.8854 111.1458 111.0184 112.4998 113.6832 110.2583 108.8300 109.5652 108.7251 106.9774 107.2153 113.9374 112.3783 110.4536 111.8473 110.6494 110.5588 110.0307 107.4881 109.8559 108.2446 109.9546 112.0786 112.5275 104.3791 105.3095 106.3195 104.3518 107.1449 104.3843 108.9390 108.2110 108.7541 108.8927 109.6734 109.7270 109.6200
120.6400 116.1027 114.3713 113.2499 111.6816 112.5171 111.0717 111.0948 111.9977 109.7231 109.7695 110.4938 109.7788 109.0380 109.0117 107.7790 109.9340 110.4480 110.2953 110.7416 111.5470 109.2240 108.2407 106.9716 110.8474 109.8658 113.1185 106.2284 106.0109 106.1813 104.6143 108.8145 110.0632 107.7117 105.1736 108.1372 107.2168 108.7943 109.3154 111.3400
121.7100 118.8879 116.2204 114.5450 113.6710 112.7070 111.8447 111.6304 110.6354 110.4580 111.0509 111.0127 111.2015 112.6032 111.3504 109.8298 110.8870 112.4606 113.1448 112.2145 111.5762 112.5653 108.3935 108.0775 111.1002 111.5488 113.6466 104.5518 106.5612 106.8160 107.5692 109.0555 109.4567 106.2109 107.8991 109.4472 107.5604 107.9748 109.1424 110.7200
122.2100 118.8480 114.4051 115.5033 114.6836 112.6122 112.3128 113.0238 111.3182 110.9407 112.5205 111.5303 110.6016 110.1203 113.5051 114.2450 114.1599 114.1456 108.8612 110.6592 108.7035 114.9710 113.2777 108.9647 110.1994 109.3451 107.5591 106.5163 107.5421 108.2538 107.9430 109.1534 111.8388 108.1323 112.1678 110.2580 109.2791 108.2550 108.2671 109.2500
116.3100 122.0100 116.2200 115.6500 116.7700 114.1000 114.1000 114.3400 114.3400 112.7900 112.1300 111.4100 111.9000 109.2000 111.8400 112.3600 115.5600 114.3900 108.1500 108.2600 109.5500 114.5600 114.4500 111.7000 109.6900 109.1800 109.1400 107.1800 107.3300 108.0400 107.9600 106.9500 113.6000 108.8600 107.4000 113.9700 112.6500 110.0500 108.7900 109.2500
