111.1500 109.6600 108.9300 109.3200 108.8400 109.6600 108.8400 109.8500 115.3700 118.6600 116.3200 116.7900 116.0100 118.4900 118.1600 117.9500 116.7500 117.4500 117.5000 115.9200 117.0200 111.5400 110.5800 109.7000 109.7000 107.4300 107.4300 107.9900 108.0600 108.2300 106.6800 106.6300 106.6800 107.9800 108.0900 107.9800 107.9100 107.3400 108.8000 107.8700
110.3300 111.3571 111.4078 113.2009 108.4345 108.2962 111.8312 116.2124 114.5044 116.7887 117.4888 116.0654 115.4752 115.3082 117.8054 118.5302 118.4112 112.7612 113.3889 115.1691 113.4421 110.1599 109.5044 108.9461 108.4727 107.5858 107.7147 107.2414 106.9457 106.7864 106.2833 106.2343 106.3209 106.4288 106.8058 107.1240 106.5497 106.1745 108.1981 107.8700
111.2400 109.2852 113.2900 113.7546 112.9120 114.5276 112.9468 111.0386 109.6864 115.8653 117.7928 115.1968 114.2216 114.0800 116.4716 116.3266 114.0549 112.9856 113.2425 113.3920 112.5705 109.1849 108.2721 107.5286 107.1896 106.7791 106.3809 105.9244 105.5642 105.4482 104.8706 105.0233 105.0930 105.0774 105.5177 105.9482 106.2845 106.6599 107.3140 107.3600
110.3000 111.2789 114.9383 114.0544 112.1177 109.7010 110.2652 113.3608 115.7261 115.2411 115.0486 116.2195 113.7201 114.3752 111.8707 110.5933 114.9356 113.5023 112.2081 111.9415 110.7479 107.8879 106.7658 107.5111 105.7779 105.5172 105.4541 105.4148 105.2635 105.4739 104.9839 105.1294 105.1708 105.2368 105.6852 105.5477 105.2862 106.4230 106.6066 106.8000
109.3600 111.1949 110.6144 112.8188 114.9707 112.1793 109.2354 114.9805 113.0809 115.3370 114.5024 113.3427 115.8157 114.1416 114.0955 113.6405 111.9443 112.7888 112.5462 112.2596 107.2689 106.3930 106.4072 107.4614 105.4254 105.4132 106.1048 106.2630 106.3455 106.4102 106.2377 106.5103 106.5392 106.4745 106.3966 106.4225 106.0995 106.3447 106.3044 106.3300
112.2700 110.3421 111.4097 114.5694 110.6959 109.5281 111.9004 110.1681 109.0180 114.5095 115.1938 113.0374 114.7085 113.2999 112.7558 111.9625 112.6036 115.0053 111.1229 106.5629 106.9686 107.3887 104.8770 106.0988 107.6521 106.9110 107.1629 106.3789 107.1065 108.5858 108.6718 108.3675 108.2985 107.8991 106.2285 106.4492 106.4535 106.3991 106.3725 106.3600
115.0700 111.0825 112.9456 114.9248 111.4232 112.9684 114.5375 112.3841 109.2006 110.2580 112.1201 112.0376 110.5606 110.7493 111.6735 107.7040 108.7231 109.0235 113.5964 112.5212 108.0387 108.7242 107.6476 106.9031 106.1148 105.4322 107.2881 106.9089 103.7632 106.1538 106.8164 111.9758 110.5956 109.6873 106.5286 106.4877 106.4892 106.4684 106.4370 106.4400
113.0500 110.1761 110.3850 115.6825 115.0714 113.0726 113.3403 115.2054 113.1383 110.2773 108.3910 108.2819 109.1656 108.7876 108.9519 111.9890 109.6933 113.3932 107.8389 107.7387 107.2061 109.0802 109.7436 105.5677 105.2082 104.8995 105.4413 106.0444 104.7849 109.1655 107.8407 114.1013 111.8387 110.5627 105.9653 106.4261 106.4747 106.4913 106.4912 106.4900
109.1900 107.6205 112.0770 112.7252 110.1313 112.4968 112.9132 114.6961 111.0340 109.6486 109.2254 108.6408 108.2901 108.6666 107.9188 110.4770 108.0570 108.7622 109.0373 106.8361 107.6758 108.0702 107.0958 105.5591 105.8301 105.9164 105.8292 105.2766 103.7385 108.7305 110.4512 109.7166 109.0495 108.7073 105.6300 105.9947 106.1758 106.3471 106.4683 106.4600
109.1900 113.2008 112.1006 115.6068 110.5504 115.3047 110.5727 111.1451 108.9172 110.6567 108.8653 108.4928 107.6240 107.9335 107.5855 109.6087 107.9834 106.8737 107.3536 111.0917 107.3095 105.3428 104.9872 105.7820 105.2530 106.2099 105.1700 105.3538 104.8476 105.2409 105.1202 105.4977 104.4107 104.5437 104.7401 105.0451 105.5582 105.8034 105.6496 105.0400
111.3200 108.9238 111.0793 115.7686 110.3116 110.3132 110.3026 110.0828 109.6708 109.2795 108.1990 107.5551 108.5739 107.7150 108.4214 107.8414 107.6260 107.8649 109.5854 106.9010 106.0099 106.0233 106.0729 104.3115 105.2828 105.8370 103.7564 104.8143 104.9035 104.2220 102.8822 105.6943 103.0723 102.7408 102.8640 103.5088 104.5659 104.6559 105.3932 105.3300
110.2400 112.1786 117.2949 112.7269 109.3729 109.7669 109.0391 109.2924 109.1052 109.4411 109.1814 107.5998 107.8293 108.1777 108.1699 106.8020 107.9790 106.3765 106.2025 106.9603 105.5427 104.9993 104.7218 104.2500 108.3966 103.7963 104.0196 104.6742 104.1615 104.3083 102.8800 101.8233 102.5366 102.8918 102.9425 102.6931 103.5082 104.2070 104.7060 105.0400
110.4200 112.4735 115.9548 112.2193 114.1044 116.2392 116.1817 110.2650 109.3697 108.2845 108.8531 108.3509 108.6448 108.2406 107.7205 107.4771 107.5001 106.5937 107.1665 106.9952 105.0143 103.4711 106.0142 104.2875 104.7339 102.2284 102.7224 102.1995 101.8703 101.3198 100.9201 100.8878 100.7956 100.9819 101.6429 102.7061 102.4022 104.6017 104.0247 105.0600
115.5200 118.2934 117.3845 116.3853 117.7814 115.0229 114.1467 110.2180 112.5996 108.8993 107.8366 108.7488 108.4363 107.9554 107.5813 106.8995 107.2691 106.2990 105.5637 105.3164 105.3023 104.4467 105.5187 103.5056 103.6737 102.2508 101.4919 101.0036 100.6144 100.4007 99.9316 99.9498 99.9279 100.0596 100.2479 100.7127 101.0505 102.2411 104.3181 103.8500
116.8600 116.9285 115.4020 115.4926 115.3692 114.1987 114.2193 115.5083 115.5218 113.7747 109.7637 107.4301 108.8335 107.7415 107.0535 106.5554 105.5703 107.1210 105.9449 105.6317 105.3134 105.4517 104.4843 102.9527 102.1397 101.5759 100.7252 100.0303 99.9649 99.8444 98.8519 98.5031 98.5251 98.7556 99.0935 99.9522 100.2670 100.7138 102.1939 101.6200
116.5300 112.0227 112.9027 112.5703 114.3983 113.2173 113.2033 115.6223 114.3020 110.1980 111.9336 115.1266 111.7862 108.8857 108.0700 106.0605 106.0122 106.1672 105.8375 104.6865 104.8514 105.3325 103.2379 101.9678 101.6513 100.8553 100.2122 99.0400 99.1792 98.3780 97.5037 96.9816 96.9238 97.3471 97.9663 99.2208 99.5512 99.9811 100.6513 101.6200
115.2900 108.2720 112.6640 111.8485 115.9376 116.6613 112.0848 111.9234 111.2166 111.7030 112.4547 113.7107 114.0620 113.0988 108.8138 106.2127 106.1145 106.1325 106.5885 106.1293 104.1724 104.1348 102.7087 101.7170 100.8874 100.1600 99.2284 98.1490 97.3337 96.0759 95.9805 95.2088 94.9579 95.5036 96.3727 97.6859 98.8242 99.4908 100.2494 101.0600
115.5100 113.4443 113.9224 113.0671 111.8497 110.8150 110.5355 108.3568 108.7640 110.9227 110.1959 109.3267 109.6397 109.5357 107.1049 104.9496 105.5695 105.8791 105.5016 105.0245 104.8272 102.6871 102.1016 101.2032 100.0321 99.3386 97.8617 96.9729 95.7035 94.7283 93.6317 92.5916 92.5118 93.8936 95.0516 96.3118 97.6651 98.9880 99.6079 99.8600
112.1700 110.9298 115.5752 110.7374 111.7026 109.4235 112.1274 110.2140 112.8678 107.5915 107.4177 107.5985 110.5572 107.0364 105.5157 106.8108 104.7888 104.7357 105.4132 104.0734 103.3055 102.3163 101.7539 100.6762 99.8688 98.9372 97.8976 96.1336 94.0510 92.3149 90.9104 89.0908 89.1934 93.3464 94.4602 95.2069 96.8818 97.7690 99.1379 99.7900
112.8400 112.1168 116.8341 115.4929 111.2811 110.9845 108.7245 113.0665 112.5975 108.2812 108.3413 107.7164 107.0410 107.0788 106.2755 107.2881 106.5265 105.1336 104.8786 104.8800 102.4536 102.1022 101.1831 100.0991 99.2376 98.2643 96.9266 93.5295 90.3725 88.7167 85.2123 84.5111 86.2000 92.1625 93.0955 95.2733 96.1638 98.4056 99.0252 99.0800
117.6600 117.2712 117.6901 111.3859 111.7579 112.3250 109.0918 113.6217 112.5744 113.3522 108.3797 106.7423 106.2791 106.7324 106.8699 105.4660 106.8936 104.6905 105.3429 103.2154 102.5587 102.1095 101.2986 100.3035 98.2463 97.2870 95.2059 91.5223 88.4276 84.6972 80.6232 79.4401 85.2587 90.3838 89.6754 93.1652 96.2380 97.7683 98.2452 99.0800
113.0800 119.5079 113.5091 114.7939 113.0646 115.0178 113.0523 115.0492 113.9646 115.1766 112.0270 106.0157 108.8462 106.2022 106.3790 106.7863 106.7005 106.0808 104.6934 103.2185 102.4483 101.9113 101.1405 99.9543 98.6360 97.7451 94.3625 91.4295 87.5102 82.5592 75.3750 71.9651 74.4163 83.1042 85.8512 90.8253 94.6383 96.3929 96.9565 98.5600
115.3900 116.2659 116.7498 113.5034 114.9658 110.0733 108.8830 109.7673 107.9457 107.6151 108.6512 107.0033 107.6142 106.3335 106.3508 108.0092 111.3163 110.2218 109.1037 107.7214 102.0764 101.6914 100.7861 99.7016 98.6292 97.1418 94.0241 92.5350 87.1684 84.1868 70.4659 64.9022 67.7516 78.5473 86.7889 90.9887 94.0692 96.9641 96.0013 98.2700
116.1600 111.8742 116.1374 113.5204 111.5693 111.7712 110.4081 108.7399 107.7134 108.0411 111.3074 107.3176 106.8688 106.4297 106.3843 106.5683 108.2440 109.1090 107.0699 107.9313 102.2805 101.6914 100.8150 99.7096 98.3329 96.9625 93.8997 92.2891 88.6822 84.2298 70.5331 63.3987 67.1593 80.4194 87.3835 91.1908 94.1587 96.8895 96.7069 98.2400
113.9400 111.2526 111.6232 113.7553 115.7191 111.6975 108.9903 108.1257 106.8518 108.2796 107.1156 108.2769 107.7089 106.7753 106.1976 106.2661 105.9253 105.2756 104.2575 103.8668 102.5822 101.7570 100.9758 99.9628 98.3828 96.7665 94.9526 92.9483 90.8801 85.9475 79.9787 73.3743 76.8640 85.8731 88.0248 90.5710 93.5111 96.9649 98.0301 98.0800
110.6000 113.0335 110.0073 108.4540 110.6537 109.2553 109.1004 108.6054 108.2126 107.5071 107.6155 107.5479 106.8091 106.3710 105.8324 106.3346 106.3298 104.7973 106.4696 103.3541 102.7206 101.7988 101.3948 100.5267 98.9773 97.6187 96.0152 94.8067 90.7385 86.0183 87.6458 81.2092 85.4523 88.2319 88.4229 91.9809 94.4212 97.2478 98.1363 98.9000
113.7800 116.0803 112.0028 109.8922 110.0308 109.5409 109.5069 108.3380 107.9666 108.3003 107.6679 108.0919 107.3764 107.1588 106.4943 107.0845 105.5736 104.8808 105.2294 103.7974 102.8195 102.1971 101.6316 100.7410 99.1557 97.9532 96.3575 95.8628 94.6215 89.8878 89.1054 86.2048 87.5092 91.1615 93.2626 93.4875 95.7724 98.3854 99.3238 100.2500
110.5200 111.4762 110.6919 109.9684 110.2178 109.9325 107.8713 107.2093 108.1227 107.4954 108.0817 108.3239 107.2429 107.6184 106.1356 107.4353 105.5879 105.8731 105.0481 103.8969 103.3231 102.6497 101.7001 100.7200 99.8094 99.1223 97.9848 97.2427 96.4617 93.5254 92.0388 90.1616 90.7393 94.1889 95.8820 96.0485 97.3868 97.8544 99.0197 99.2000
111.7500 109.6797 110.8751 109.9471 109.9849 107.7776 109.3872 108.0843 108.9319 107.9055 107.8060 111.6677 107.8387 108.1210 107.3497 107.0107 105.3294 105.8668 106.2498 105.8267 103.6234 102.7637 102.2441 101.4486 100.7189 100.0462 99.0495 98.0399 98.4154 95.8892 94.9177 95.4805 95.9101 96.4691 96.5371 96.8783 97.6558 98.3546 99.5710 100.5300
115.2400 114.9135 108.5489 114.2882 113.5276 110.1436 108.6198 109.0493 114.5067 113.8848 112.4081 110.9289 107.7235 106.8941 107.5590 106.9150 105.2215 106.8859 106.3831 106.0342 105.5918 104.0194 102.4461 101.7335 101.2128 100.7519 99.6504 98.1004 92.5919 98.5027 97.5105 96.0693 97.3676 97.3884 97.4058 98.6190 99.3064 99.5480 100.3204 101.0300
114.1000 116.0135 114.2939 111.2778 109.7125 108.0976 106.6469 113.5025 114.4057 111.1476 108.6689 108.4015 112.4560 107.6557 107.7728 107.6730 105.9605 106.5034 106.6931 106.1390 105.8639 103.7543 102.8409 102.4199 101.7313 101.5729 100.6053 101.0921 96.5767 100.2826 98.7496 98.3640 98.8350 98.8145 99.0423 99.7263 100.3096 100.7856 101.5686 102.0900
114.9600 115.8510 114.9402 109.4105 112.6081 109.6795 109.3565 115.2676 108.9896 109.5060 109.2129 108.6596 108.3613 107.5330 106.6569 106.4646 106.0088 106.2115 106.2087 106.2526 106.0440 105.9025 104.0190 102.9862 102.4800 101.8806 101.5218 101.0230 101.3513 100.7021 99.9264 100.2773 100.1106 100.3276 100.3573 100.6936 101.0444 101.6833 102.1772 102.2200
113.0700 112.5923 114.6574 110.9503 113.1043 112.3929 110.2325 110.1604 107.7427 111.6964 108.4302 108.7632 108.7293 107.1104 107.2047 106.8758 106.5635 106.4638 107.2358 106.1932 106.1314 105.6805 105.4191 103.7958 102.9898 102.5758 102.3333 101.7594 101.6373 101.4819 101.2580 100.9693 101.1246 101.3919 101.2952 101.4131 101.7244 102.1391 103.6205 104.2300
111.0000 109.3515 107.4546 109.3108 109.1517 108.9056 113.4767 115.5847 110.2941 109.2954 108.7493 108.8215 108.8547 107.1313 107.1097 107.3682 108.0714 107.8530 107.5730 106.7910 106.7450 105.2110 106.2796 105.9586 104.7091 104.4443 102.7697 102.3534 102.2696 102.1030 102.1511 101.9526 101.8476 101.9333 101.9023 101.9876 103.2475 103.2786 103.5373 104.7800
111.0200 110.0362 112.5611 112.5548 113.1595 111.6916 114.7648 111.4213 109.6167 111.3336 108.0470 109.6672 108.6436 110.7744 105.8456 107.5553 107.5725 107.2482 106.3948 106.2821 106.8906 105.8441 106.6733 106.0995 105.3105 104.0685 104.0577 103.3327 102.7277 102.7827 102.4667 102.5781 102.6891 102.7947 103.6390 103.6204 104.8580 104.4468 105.1122 105.9100
113.8600 111.6179 110.4140 111.0397 112.9937 110.9315 114.1047 113.3910 109.0544 115.7653 107.8883 111.9127 110.6354 110.5031 107.5273 108.3855 105.6414 106.0592 109.9909 107.5911 107.5871 106.6230 105.7630 105.8001 106.1596 104.5524 105.1167 105.5212 105.1676 103.9445 105.3109 103.2518 103.3099 104.8889 105.6051 105.0383 105.9246 105.3682 106.2942 104.4700
113.3900 110.5678 111.4164 112.8465 112.7725 113.1357 114.0764 115.6119 114.1192 115.9391 111.6542 110.5659 112.5375 111.1851 110.0700 110.3012 112.7880 111.2224 109.1348 106.2483 106.5012 106.3776 105.3783 104.8478 105.0384 104.3913 105.0961 106.1722 106.3569 106.1743 105.8348 104.3576 103.9581 104.0917 105.5573 105.1626 106.4431 105.6344 106.6253 104.9800
110.9300 109.0610 112.0129 117.7699 116.6374 111.0936 113.9684 116.1288 114.9691 114.8925 109.7764 111.6799 113.4139 110.2129 113.0128 111.5646 112.0988 109.9457 107.6960 107.1317 106.9520 106.8960 106.2941 105.4038 105.6589 106.4303 106.3314 105.7281 106.2261 106.2796 106.4719 104.6567 104.5443 106.5151 105.0664 105.7906 106.9998 105.3724 106.3142 105.0700
115.9800 110.7420 109.6542 116.9877 116.1554 113.5044 114.1331 116.0765 115.6614 110.1439 113.7080 112.9117 113.0568 109.2263 114.6024 110.0932 108.3405 110.5534 107.7253 107.2636 107.9436 107.9080 107.1255 106.9452 106.6726 107.4797 106.1686 105.5407 104.5723 106.3538 105.3406 107.1474 106.0605 106.6407 106.0595 105.6284 106.6300 106.9791 105.6156 105.8900
115.9800 115.7600 116.6700 116.6700 116.4600 113.9700 113.8800 110.3200 110.3200 114.5600 112.6600 112.6600 114.9200 116.0500 115.0400 114.5800 114.5600 110.7600 108.1100 108.0300 107.0100 106.8600 107.1600 107.1600 106.8300 107.3400 107.3400 106.7600 106.7600 107.2500 106.6700 106.5800 106.6000 106.6100 106.0300 105.9400 106.7200 107.3600 107.3200 105.8900
