112.4800 112.4800 110.5500 114.4300 111.9300 116.6800 114.8200 120.5800 120.5800 115.0900 116.7100 119.4500 114.8300 115.1500 113.5300 111.9000 110.4200 107.1200 106.1300 104.9700 104.4600 103.5200 104.4300 104.8300 109.3500 112.9900 112.3400 110.0600 110.0600 114.7300 114.7600 114.7800 114.7600 114.7300 114.6800 109.7600 110.6800 113.3700 105.5500 105.5100
109.9400 111.4041 108.6106 114.6390 113.1904 115.1560 112.9096 112.8406 121.8983 120.0266 117.1875 115.3769 111.4606 111.8100 112.9144 110.4416 108.9962 105.5081 104.9489 103.9799 103.3043 104.2521 105.2548 106.2804 108.3468 114.0538 112.3546 113.8879 114.5331 115.0138 114.5970 114.2141 114.3903 115.0655 115.1840 114.3971 114.9099 114.8244 107.2604 110.6400
109.7700 109.4429 108.9008 114.7960 113.2642 117.0656 118.0579 114.2568 109.3675 120.3364 118.0589 114.2264 112.2936 110.4430 110.6157 109.6554 108.8006 106.2116 104.6638 103.8906 103.7832 105.2034 106.7970 108.9237 111.7573 114.0032 114.1412 111.6400 109.4605 108.0203 105.6127 104.8892 105.1974 106.7410 109.4254 111.1853 113.0306 115.1881 113.5727 110.2500
109.8500 109.3770 111.9612 108.6173 108.0245 106.9112 112.4306 114.5249 115.2238 114.5327 114.4179 112.7373 109.9451 113.1994 110.7106 113.0599 112.4903 111.5679 106.2001 104.8402 105.7668 106.9035 109.7389 111.6972 112.0646 111.1211 107.3005 104.4989 102.2752 100.8889 99.9806 100.0291 99.9130 99.6746 100.4293 102.9982 105.8337 110.5985 114.9717 114.5400
108.9800 109.5714 110.5655 108.5476 108.7013 107.4059 113.2599 111.3076 110.4408 109.4704 112.3234 109.9460 112.3819 109.9624 110.6474 105.7642 107.1191 109.4412 105.0818 105.3326 107.0684 109.1005 112.2786 113.3250 108.1839 104.8260 101.9689 100.9964 100.1507 100.8283 101.7194 101.6217 101.8637 101.0159 99.7947 99.4497 100.5366 102.1896 107.8721 107.9000
113.5500 112.3283 111.0654 110.0746 106.8715 109.5937 109.3099 106.5144 108.0499 110.7597 110.2839 106.8751 109.1551 112.0522 107.7730 106.7866 106.9832 109.9247 104.1553 106.5277 107.6012 109.6107 105.5937 108.6193 103.7693 100.9325 101.9957 101.0119 100.7328 100.2404 99.8527 99.6553 99.7408 100.0728 100.6984 100.6906 100.7589 99.9477 101.3695 107.9000
111.2300 110.8358 112.6390 113.3797 112.4511 111.5126 112.7901 111.5580 107.1166 106.8919 108.5720 107.6333 108.6489 111.5260 104.7869 104.6255 106.0279 104.7893 104.3416 104.6397 105.2726 107.4650 103.8653 102.3158 101.2250 100.8993 101.4962 99.8300 99.4344 98.9936 98.6970 98.5779 98.6453 98.8784 99.2224 99.8123 100.5113 100.9613 99.5133 101.4700
112.5200 111.1970 114.7358 114.2520 113.5312 116.0058 115.3251 112.3988 109.8724 108.7797 108.6501 109.4014 107.0514 105.5153 107.2495 104.2760 105.1575 104.9508 103.7952 109.5647 106.9570 103.6860 103.6194 102.9885 101.8539 100.5178 99.5772 98.9594 98.1934 97.5318 97.0497 96.8372 96.9377 97.3423 97.9354 98.6639 99.3953 100.3186 100.6284 101.2700
112.5200 110.3965 110.6499 113.5543 110.0776 114.9343 115.4923 109.6435 114.4089 113.1085 108.5307 112.7890 108.0317 106.4386 106.0864 107.3587 107.1790 107.4518 107.5648 111.7732 108.4029 103.7307 102.8353 101.7294 100.7069 99.6682 98.7148 97.6979 96.6348 95.6755 94.9416 94.6024 94.7648 95.3863 96.2898 97.3321 98.3745 99.3343 100.2820 100.3800
113.2700 114.0285 110.6757 114.7249 114.3322 108.6978 113.1394 115.2007 115.5379 113.9755 108.7712 109.4150 107.4870 112.3911 107.5951 106.8556 105.9390 105.8909 105.4177 106.2074 105.8466 103.5518 102.8232 100.8560 99.8938 99.0062 97.6268 96.2729 94.7769 93.3136 92.0512 91.5096 91.7844 92.8065 94.2443 95.7485 97.1836 98.4572 99.5657 100.1600
108.5800 108.1401 112.5502 113.4090 112.9388 111.2977 110.3432 113.4280 113.0989 114.0264 113.9560 113.2242 112.1763 111.2810 106.4859 110.2502 105.6883 106.0199 104.7227 103.9185 103.3407 104.0304 101.9832 100.4971 99.3150 98.3352 96.8003 94.6500 92.4067 90.2005 88.4891 87.1919 87.7193 89.4589 91.7222 93.9627 95.9228 97.5535 98.9156 99.9700
111.1500 111.9861 112.5550 110.0949 112.4387 109.5435 112.3709 108.4873 107.8152 105.3724 107.9189 108.1231 107.2730 108.2491 112.2322 105.0309 105.8114 105.4928 105.7154 105.3717 104.6382 102.2280 101.3395 100.0880 98.8152 97.4072 96.0582 94.4770 91.3793 87.6405 84.2008 81.3973 82.4774 85.4455 88.8760 92.0613 94.6703 96.6925 98.3205 98.9500
111.1600 112.0276 113.2559 113.4902 111.9759 113.7100 109.0589 109.1863 107.8166 108.8505 108.6346 108.2328 107.8171 106.8139 106.4162 105.5370 105.9097 104.7475 103.4810 105.3452 103.4873 102.0818 101.2161 100.0997 98.4694 97.0145 95.7789 92.9402 88.2528 84.0214 77.2975 72.2227 74.5199 81.0955 86.1099 90.3926 93.6074 96.1727 97.9509 98.9800
110.7200 112.3508 112.3669 109.8888 107.2130 111.5998 108.4621 108.7254 108.0038 109.2611 107.6983 107.6021 107.4933 107.5429 107.8276 106.0079 105.4945 105.2276 103.8941 103.5630 103.1676 102.3916 101.1603 100.3391 98.6351 97.4872 94.3980 90.7925 87.3755 82.3508 69.3785 64.7048 66.9821 76.7535 84.2012 89.5935 92.9876 96.1754 98.1006 98.8900
116.9400 117.3389 114.5139 109.7864 107.4342 108.1681 106.9349 108.9663 108.7557 109.0908 107.3449 107.1099 107.3491 112.0467 112.2821 105.2803 103.3081 105.9647 104.5767 103.2639 104.6111 101.8586 101.1960 100.1578 99.0580 97.4211 94.2070 90.4976 86.7688 82.0130 65.8026 58.5410 62.4896 75.8418 83.9403 89.0173 92.7713 95.7739 97.9614 98.8500
116.9400 114.8827 111.9436 110.0360 108.5818 109.5741 108.6694 111.4862 107.2873 109.2021 107.3989 107.7277 109.8974 112.4729 111.5066 104.7165 103.9054 106.0445 104.4653 103.3358 104.8573 101.8253 101.1482 100.3130 99.1513 97.7426 94.7772 91.4120 89.2094 86.1994 74.1699 70.2394 72.5435 79.6302 85.3345 90.2226 93.5010 95.8333 97.8669 99.0500
113.3000 112.4782 115.0578 108.5767 110.3941 110.5418 107.1239 108.2070 103.2825 110.9324 107.1771 107.6555 109.9179 111.6721 109.7498 105.7929 104.4583 102.7116 104.5239 104.1764 104.4405 102.9122 101.8433 100.4516 99.5255 98.3825 96.0140 93.3544 92.7041 90.6162 83.9834 79.0926 80.3624 84.1955 87.9420 92.3414 94.7561 97.0346 98.1533 99.0800
114.1900 115.5128 114.6504 111.6572 110.3128 112.7435 109.7123 108.1811 106.6509 108.8614 108.1936 109.5208 109.9645 110.9811 109.9150 105.7542 104.8131 105.3372 102.9366 105.1311 104.2939 100.5197 101.5027 100.6759 99.8359 98.7984 97.0219 95.5526 93.7186 91.7795 87.9170 85.7742 86.1973 88.4006 91.2672 94.5340 96.7353 98.0735 99.0262 100.5000
116.4100 117.8427 116.4211 115.2260 111.0131 112.9378 109.9118 106.2991 110.4661 107.9294 109.0586 108.4823 110.5283 108.3926 109.9484 107.5495 105.4027 105.3820 105.7397 105.2886 104.3431 102.9576 101.8057 101.2054 100.2260 100.2114 98.6069 97.0890 95.1832 93.4898 92.8560 91.0420 90.8189 92.2344 94.8664 96.5086 97.8413 99.1206 99.7778 100.4900
115.0300 115.4908 113.2296 110.4535 109.8293 109.6517 107.5391 110.5789 108.6381 108.5719 107.3068 109.6688 109.3001 106.6052 108.0751 107.3956 106.2227 106.2409 105.0409 107.8449 104.8378 105.0510 102.5765 101.5983 100.8811 99.5422 92.2486 100.2350 97.6448 96.5029 95.6222 94.3896 94.3834 96.4817 95.9521 98.9603 99.5671 99.5477 100.6383 100.7800
114.3600 116.5385 110.1389 112.4099 114.7101 109.6786 111.7097 111.9069 109.2647 113.3470 111.9776 109.0273 111.8544 106.7586 106.6510 106.9474 105.8685 102.8067 106.1886 105.9451 105.1820 104.4984 103.7841 102.0030 101.3879 101.5058 99.1281 100.2679 98.4633 98.1011 97.6239 96.6441 97.1133 93.4186 88.4718 92.9366 100.2023 93.3140 101.7570 101.6700
117.6500 117.1602 113.8222 111.1852 116.2233 115.2585 111.8149 114.4636 112.7474 112.6448 108.8035 106.5724 108.2816 111.8414 111.8940 112.3316 109.2580 104.3269 108.8054 104.7824 105.8747 100.5152 98.1274 100.0752 102.3225 100.8576 100.9507 100.0461 99.2035 99.1006 98.1198 98.5625 98.4594 89.2398 101.0315 91.1662 94.4658 93.0876 101.4909 101.8700
110.7700 110.7049 111.2209 110.1841 108.3725 113.0079 112.2337 110.7042 110.0706 112.6494 108.7622 114.1867 111.5159 112.8370 112.9757 109.1322 109.3727 107.7373 105.3998 104.9776 105.6873 102.7823 99.8929 103.7609 102.3283 95.8323 102.2103 101.8256 101.3349 100.5776 100.6466 101.4432 93.0296 94.3851 100.7817 99.7741 94.8278 98.8337 104.9683 104.6300
113.9000 113.0020 111.1630 111.1414 109.7881 111.0241 112.6564 111.0130 113.1030 113.9414 113.8036 115.7041 110.8615 112.1798 113.4927 106.7202 105.4168 104.2135 105.1021 106.0202 105.2287 105.3869 105.2851 103.6524 98.6938 100.9064 96.7157 98.5029 99.1837 95.3822 98.4546 98.7471 98.6846 98.1559 93.5148 97.0405 95.8987 97.7254 104.2559 104.3100
116.8200 116.5486 108.0881 113.1675 108.6687 108.4552 108.9291 108.1225 105.9176 111.2996 113.9499 110.5357 114.9430 113.5006 113.6653 109.6281 105.6229 105.8545 103.1681 105.3170 105.0291 106.0927 105.9163 104.1774 104.1860 103.3204 102.5110 96.3361 98.6427 95.4759 94.7147 97.6848 101.7139 97.3160 97.6638 96.6473 104.7054 98.5920 106.2946 105.3500
116.8200 110.6203 109.2927 109.9422 109.1958 109.5460 109.4417 108.4129 107.1681 106.2234 112.7379 107.2429 115.7691 112.1212 109.6227 107.1960 106.4449 105.9344 104.9205 106.2804 105.3683 105.5562 103.9113 101.0279 101.6455 103.3319 103.9036 98.0019 104.1234 104.5151 98.0595 105.0772 99.2831 98.6821 106.5718 102.0285 105.1182 101.7483 105.3981 105.0800
112.9900 110.4460 109.1725 110.2076 113.1898 112.3120 108.0580 109.7526 109.8713 112.4494 114.7432 106.6494 113.0576 111.7270 108.8731 107.8031 107.3101 105.6720 105.0517 104.4485 105.5268 106.8183 103.2322 106.0518 106.1700 105.5562 105.7806 102.8740 99.5039 102.5262 99.6036 105.1710 104.1747 101.2017 104.1758 106.0325 103.4508 105.3326 104.2888 105.6600
108.9300 111.5074 110.4591 111.7350 111.8418 109.1795 109.5579 109.8171 110.7851 112.0409 116.0209 114.4709 115.4639 112.3274 110.6610 110.3144 108.7789 113.8383 108.9992 103.7574 104.9763 105.5335 105.9672 110.1458 107.3471 104.8787 105.1094 102.5178 102.3043 102.7436 105.3852 100.7162 105.3654 100.2288 101.0139 104.9833 103.7150 101.9268 104.8528 106.4700
112.4300 113.2095 111.8806 108.6207 114.2399 111.2236 108.5734 109.3267 112.5839 113.0363 112.4779 111.9659 104.4590 113.9988 111.5076 109.8560 108.3038 114.4267 110.8867 107.0831 113.2953 106.0136 104.2784 108.2854 106.4042 103.6077 105.0899 101.6047 104.3777 105.7347 106.1377 105.4311 103.1439 102.6813 104.4772 105.9370 104.7419 105.0991 105.4287 105.4200
115.3200 118.0442 109.8371 110.0160 108.6921 108.2291 107.3429 108.2320 109.0658 112.1733 111.6156 109.9490 105.8942 108.3796 106.9658 113.3026 115.8562 114.0043 107.5590 110.1004 111.8927 108.9580 112.0934 109.6229 107.0715 103.1942 107.0144 106.8870 103.2672 104.6616 106.0969 105.6814 104.2273 104.0355 105.2499 106.7739 105.6044 105.5043 106.8764 105.4200
113.5100 111.8954 110.3630 109.3907 108.5819 109.2716 110.9951 109.1227 109.1731 112.4417 109.3330 110.2755 108.2485 109.1903 106.6243 112.1887 114.5943 114.0712 112.2363 108.7644 109.1462 110.5100 108.7510 107.6042 106.9161 105.1712 105.6101 105.4110 104.8816 104.3348 107.0438 107.2737 104.8370 107.5236 106.6831 106.4959 106.7226 106.8690 107.6388 105.8300
112.0200 111.7491 112.7103 110.9258 109.8149 108.2718 108.9665 106.8975 109.2972 107.9415 111.0038 112.5406 109.8571 108.5229 109.3240 112.2041 110.1615 111.7033 108.4204 107.7936 112.6855 108.9688 107.5857 105.9558 107.8908 107.6943 107.3800 106.3709 105.8041 106.3474 106.0983 106.8018 107.0938 107.2465 106.6005 106.9054 107.3271 107.7351 107.4342 107.4800
112.9400 113.4428 113.1426 110.0272 110.7112 109.3866 108.7914 111.7647 111.1303 108.9424 109.7780 112.0058 111.4444 113.5611 113.2103 111.3873 108.6454 104.5959 109.7639 111.7039 114.7205 111.6611 107.7413 108.2862 107.8360 107.3503 107.4391 107.6902 106.6978 106.3771 106.7508 107.3896 107.9495 106.4244 107.5613 107.6500 107.8678 107.9153 107.7586 108.0700
113.8500 114.0810 111.9775 111.2605 110.4507 110.0343 108.5531 109.9607 106.6628 113.1613 110.5109 113.5033 110.7247 111.8692 114.4556 111.2498 107.6402 107.9077 107.0894 109.3879 114.9044 115.3375 108.7112 108.4981 107.9158 107.3995 106.9806 107.0449 108.7055 107.4950 107.2287 106.8914 107.7715 107.5182 108.0367 107.4346 107.8110 107.6181 108.0238 106.9800
117.0600 114.0289 112.8370 111.8368 111.5139 110.2766 109.3520 109.5677 108.5064 110.8435 110.2522 107.6630 111.1997 110.3603 110.0077 105.2898 103.4028 105.7955 106.9863 107.3364 110.9682 109.1074 109.5016 109.2353 108.9296 107.3770 107.4583 107.6441 110.8024 107.9656 107.7095 107.4676 108.0447 107.8501 106.8972 106.9636 107.6231 107.4232 108.6712 107.1500
117.0600 115.3493 113.3476 112.0487 112.2727 109.8350 109.9161 113.8272 109.5403 108.4030 111.2304 106.6092 108.0876 109.5335 106.4113 109.1783 106.2827 105.9953 106.9898 106.8964 107.9769 113.1894 109.3399 108.9934 108.5433 107.9291 107.5199 107.4927 109.0884 108.4252 107.8920 107.2518 108.4358 107.7689 107.0982 107.8403 107.2315 108.3842 108.9986 107.8600
116.9300 113.5996 113.3952 112.7375 111.6935 111.7131 109.8725 109.2035 108.3537 108.5979 108.7475 108.6535 108.3144 109.4387 107.0574 109.1074 106.5643 109.9803 111.2749 110.0446 106.6419 110.8661 107.6450 106.5593 109.1576 106.3524 108.1138 108.0868 108.9730 109.6394 109.1769 108.7169 112.4637 107.4271 108.6685 106.0322 104.8874 108.7110 108.4616 108.4800
114.1400 113.7582 113.2874 112.6898 112.1775 111.8782 109.2178 110.7422 110.3238 108.9240 108.7505 108.6366 107.7040 113.0280 112.8554 109.7842 108.2700 112.1035 114.0180 112.6772 109.2346 106.2754 107.4306 104.2442 104.8505 103.0089 103.5815 103.8110 103.5211 103.5546 104.3948 106.5184 109.0507 102.6041 103.3890 103.5088 102.9131 108.8243 108.4436 108.0300
115.1700 113.9354 112.0189 113.7441 112.7797 111.6763 113.9802 111.4761 109.8226 109.6897 108.9330 109.7872 108.8064 110.0189 108.6639 110.1940 113.9014 115.3178 112.9895 112.1042 109.7229 106.1057 110.0204 105.2849 104.9038 104.1013 108.2056 106.7865 104.7068 105.1128 104.0632 112.9014 104.2331 103.3751 108.2946 105.6983 109.8318 109.8053 108.7691 108.1700
114.9500 114.9500 113.7600 113.7600 112.8400 111.6800 114.2800 114.2800 110.0300 110.2500 110.2500 110.7800 109.0600 109.6600 113.6500 109.3400 116.1600 114.1600 115.1500 108.9700 106.7800 106.7800 106.7900 105.7000 105.6000 104.5500 104.5500 105.1300 105.3600 105.4400 109.0600 110.7600 105.1700 105.1600 108.1000 104.8800 109.6200 109.2600 109.2500 108.3300
