115.2300 112.2600 111.2000 115.2400 114.3200 114.3800 108.2500 110.1700 111.9600 111.7400 107.5600 105.4400 105.7800 106.2600 104.6600 105.2700 109.2500 111.1000 108.7600 110.4400 110.0500 114.2100 114.2100 114.2500 114.4500 109.9600 109.9000 113.3400 111.9200 110.9200 106.0800 109.2900 110.5200 107.5600 107.5600 106.5200 104.8400 104.8400 104.9700 105.7200
107.8800 113.2005 114.5323 111.6101 114.0587 111.0524 108.3537 107.1069 109.5581 110.9782 110.1689 110.6884 105.8748 106.2050 105.6960 106.7844 107.2754 112.3580 112.7577 109.4066 109.3521 113.6223 112.5863 111.0078 110.0648 109.1119 109.2312 109.7873 110.2238 111.3030 106.5126 107.8641 111.0329 109.9891 108.6468 107.2419 107.8584 108.0913 105.4222 105.1300
107.7500 107.6794 109.9365 113.5825 113.4074 109.2420 108.9587 107.6725 110.6935 108.6551 113.9662 107.0115 106.9837 108.2296 108.7966 108.2764 110.7861 113.1010 108.3841 111.5596 109.8752 107.7082 106.7128 105.2309 104.5820 104.2969 104.3412 104.7585 105.4518 105.9320 105.0528 110.5674 111.7098 112.0780 111.5341 109.6576 107.5797 108.5042 105.8619 105.0500
107.8100 109.5192 110.1270 108.0972 109.9346 108.4970 108.9326 108.2906 108.2842 107.4636 106.2027 106.0218 105.8268 108.2192 110.1188 112.7140 111.7527 113.7233 108.9507 106.7644 104.9343 105.9859 106.7192 101.5282 101.4253 101.8313 102.2620 102.2513 102.2960 102.9649 103.4066 105.9522 107.8424 110.5390 113.1489 110.4205 109.0069 107.7051 106.4986 106.0000
113.7200 114.8648 114.8476 111.0601 110.9878 109.6112 110.1578 108.1089 108.1581 107.8614 106.3720 106.2775 106.8775 105.4405 109.4786 110.4895 108.8069 110.3819 110.9940 108.4548 102.8812 103.2375 101.8773 103.6328 104.4350 103.4533 102.6747 104.0189 102.0464 102.3932 102.0948 101.8892 104.1542 106.9636 108.9536 106.4499 109.7852 109.7150 107.7329 106.2200
114.8100 113.0265 113.9340 113.4447 111.1073 108.2199 108.4541 107.8373 107.6290 107.0707 107.1361 106.2208 107.1552 106.9485 109.4357 106.3531 107.1986 109.0570 105.8970 104.2255 101.2973 101.5564 101.0089 100.7912 100.1141 99.9975 100.1918 100.5255 100.7185 101.0491 102.3973 103.1086 102.1431 103.2188 104.1810 105.5578 112.1573 111.7609 109.3359 108.4300
116.1300 108.8082 112.4855 112.9963 111.2803 108.9010 106.9364 107.4762 107.7345 106.6885 107.4549 106.3638 106.4764 106.2506 105.4254 108.3236 103.6528 103.4109 101.4152 101.7589 101.0594 100.6994 100.1895 99.5853 99.3892 99.2742 99.2548 99.3946 99.7252 100.1509 100.2998 102.0965 101.9589 102.2842 103.2605 105.6712 110.4912 112.6899 111.5165 108.4300
110.2000 108.0476 108.8869 113.7391 108.9754 108.4616 107.9582 107.4005 107.8217 107.4010 106.9313 106.2608 106.4073 104.7324 104.8367 106.3278 106.8060 103.2122 102.1856 100.8285 100.3001 99.5475 99.2574 98.2940 97.8142 97.6177 97.6485 97.9398 98.4009 98.9982 99.6773 100.2039 100.9482 102.7625 102.3187 103.3962 107.2565 113.3585 114.2487 112.1600
109.5400 110.3683 108.0258 114.2114 107.9068 111.2136 108.8723 107.7647 106.3848 107.4272 107.2543 106.0480 106.1386 105.9871 103.5262 103.4053 103.3176 101.7449 100.8773 100.2185 99.1438 98.3916 97.6581 96.9905 96.0514 95.6922 95.9600 96.1556 96.8564 97.6561 98.5275 99.4061 100.2234 101.5790 103.0728 101.6656 104.6790 109.7192 115.1654 113.0100
109.0400 109.1737 108.7948 109.1935 108.3459 108.0401 107.1572 106.7984 107.4170 106.0012 106.4432 106.3446 105.8589 104.8117 104.9584 104.4421 102.5628 101.0227 100.1848 99.3044 98.0513 97.0730 95.7189 94.6176 93.6926 93.4412 93.6493 94.1424 94.9077 96.0720 97.2816 98.3989 99.4648 100.4140 101.4333 102.8068 102.3964 106.7117 112.1457 113.2900
114.5200 108.5014 111.4129 108.8720 108.7524 107.5720 108.2786 106.5168 106.7027 105.5466 105.9193 106.1456 105.8330 105.5436 104.8023 102.6075 101.5485 100.9592 99.5880 99.0149 97.3456 95.8777 94.4309 92.4163 90.7748 90.0256 90.5327 91.5196 92.9689 94.2335 95.8237 97.3483 98.6465 99.8187 100.4763 103.9555 101.4516 104.6867 109.3695 112.0800
115.5800 112.6340 109.2618 108.7319 107.9304 108.1273 107.4027 107.6622 106.7658 107.3459 106.1283 106.1878 104.1113 104.4568 103.4190 102.1031 101.1796 100.4790 99.2382 98.6108 97.1504 94.9657 92.4375 89.2433 87.0733 86.0546 86.1951 88.3763 90.9026 93.3847 95.0255 96.4883 97.8334 99.1746 100.1842 102.4216 102.2132 103.1844 107.7165 111.6300
108.6600 108.3413 108.7351 112.7986 111.3805 110.6973 107.7277 107.3685 107.0973 105.2728 105.3535 105.0530 103.9599 104.5156 104.1117 101.9131 100.9941 100.8716 99.5081 98.1274 95.2710 93.3581 90.8814 87.5001 82.1954 81.0642 81.9449 84.5224 88.0449 90.5038 93.4147 95.4989 97.1246 98.6651 99.9519 101.7110 102.5770 103.1431 106.8537 107.6000
108.4800 108.4669 109.0925 108.0531 107.3325 107.5496 107.2408 107.5897 106.4932 105.5726 106.5033 106.3266 104.7680 104.8381 104.1554 101.8323 101.2882 100.4443 99.1100 97.2532 94.9966 91.8623 89.5784 85.8868 76.9863 73.2469 73.3912 78.7489 84.0394 88.6122 92.6164 94.6762 96.6556 98.2888 99.6771 100.7364 102.1724 105.3835 101.6571 107.1500
109.2400 109.0199 108.5793 108.6363 108.3437 107.3886 107.0783 107.2829 106.9979 105.7406 106.3709 106.0294 104.5540 104.9789 103.0844 102.0109 101.2741 100.2174 98.1813 96.7937 94.4790 91.4373 87.2230 81.9104 72.6131 66.1071 66.3737 73.4731 82.2531 88.2193 91.9752 94.3556 96.4392 98.0556 99.4985 100.6925 102.1338 101.5875 103.1667 104.1400
109.2400 109.2478 109.2205 108.4861 107.2992 107.5881 108.2736 107.8827 106.9748 105.9469 106.7550 106.3521 104.9619 103.8657 102.2884 102.0258 101.3099 100.0808 97.8854 97.2274 94.4351 91.5282 86.8079 82.3102 71.6172 66.5937 67.5650 74.1348 82.0427 88.8351 92.9474 94.6227 96.2318 98.0618 99.4534 100.6412 102.7995 102.8920 103.7836 104.0100
109.6600 108.8709 109.0583 108.4426 107.0950 107.8321 107.6145 106.8832 106.4039 105.5322 105.9853 106.3122 105.4297 104.2606 103.4061 101.9078 101.3749 100.3293 98.5963 97.2526 94.9544 92.5444 88.3415 83.4663 77.0383 71.2659 72.5440 78.8633 83.7418 89.7730 93.4120 95.4034 96.7112 98.2237 99.6063 100.9661 102.0413 103.3935 104.4223 105.4500
109.6500 114.5470 110.2470 107.0320 107.1233 107.0428 107.6026 106.1536 106.1904 105.6979 105.7965 106.2309 106.0696 104.7931 104.6147 101.9077 101.4572 100.6759 99.3097 97.2740 95.8019 94.1645 92.0824 86.6064 84.2665 80.1854 80.0223 83.6003 87.2950 90.9140 93.6300 96.0739 97.3828 98.6608 99.7654 101.2500 102.1355 104.4668 104.1863 105.4900
113.0800 109.0801 108.6141 108.2828 107.2546 107.3211 106.8134 107.0818 106.2983 105.4771 105.8000 104.9642 105.5673 104.4674 104.8366 102.6787 101.5114 100.8269 99.7512 98.2293 96.0828 95.8152 93.6494 89.4591 87.3260 85.7640 86.9178 87.8087 90.7232 92.9275 94.7609 96.9679 97.9420 99.1426 100.7055 101.6569 102.3834 104.4743 104.1705 105.8600
114.4200 112.4806 112.3320 112.9606 106.8707 107.2147 108.8745 106.2160 107.0522 106.1010 106.8620 105.1642 105.1845 105.3306 105.4968 102.4699 101.8942 101.1580 100.1040 99.3394 98.0952 96.9359 95.0851 93.1233 91.6483 91.9737 92.4233 92.5209 94.4536 95.4385 96.8691 98.1768 98.8080 100.4358 101.5018 102.1516 102.8517 103.0835 104.7100 106.0800
117.0600 114.7359 111.7495 112.9128 106.1605 107.7015 106.5675 107.2276 106.2559 107.2052 106.6608 104.8047 106.0646 104.3925 104.0378 103.4659 102.3217 101.6057 100.6970 100.0287 98.7574 97.8062 96.7750 95.2196 95.3563 94.5100 95.0186 96.2866 95.0334 95.8590 97.3351 98.2213 99.8377 101.3114 101.9995 102.6099 103.4410 103.7222 105.4019 104.9300
115.1600 112.3049 111.7791 109.3943 107.8686 108.3440 107.2927 107.7547 106.6344 109.3924 106.0566 106.4536 104.6369 108.9369 105.9144 105.0822 103.0527 102.1602 101.2780 100.4925 99.7735 99.3868 98.8538 98.0607 96.9323 96.5519 97.1846 97.4682 97.1798 97.9239 98.8232 99.6251 100.7725 101.8247 102.2820 102.9147 103.6356 104.2800 104.4369 105.1900
113.6700 112.8107 111.3238 108.7381 108.5664 108.2830 107.8590 112.2968 106.4368 107.1973 106.9450 106.0160 108.3049 105.9547 105.6575 105.3652 104.3374 102.4381 101.8860 101.2092 100.6507 100.2998 100.0013 99.4399 98.4710 99.0808 99.1935 98.7186 99.1046 99.5872 100.2512 100.9321 101.7163 102.2784 102.6994 103.1824 104.9983 104.5481 105.2485 106.5900
114.2500 114.1062 112.5361 112.7950 113.3195 108.2382 108.1901 108.6503 108.7522 106.9375 110.1177 106.7146 106.9797 105.5401 106.5176 105.8238 104.3069 102.8982 102.4899 101.9573 101.4110 101.0212 100.7595 100.3009 100.1986 99.9888 100.0846 100.0197 100.6605 100.9253 101.4200 101.8620 102.1757 102.6022 103.0731 104.3648 106.4075 106.3607 106.0159 106.8800
115.3400 111.2825 112.5595 110.3574 109.1921 107.3671 110.7095 110.2860 109.7015 106.0992 106.1603 106.6655 107.0485 105.8510 105.2554 105.9070 105.3812 105.4029 103.0195 102.6693 102.2654 101.8448 101.5386 101.2425 101.0575 101.0073 100.8707 101.1146 101.4529 101.7644 101.9990 102.4769 102.7311 103.8644 104.4276 104.9410 104.6208 105.5818 107.0378 106.8800
114.5300 113.2097 111.3395 111.1723 113.2045 109.7387 108.7523 107.9501 109.2250 107.1545 107.7322 106.4769 106.6247 106.6693 106.0494 105.8194 104.2475 104.8173 103.5982 103.3477 102.8216 102.4433 102.3295 102.2011 101.8586 101.9089 101.9075 101.9834 102.2813 102.3079 103.0397 102.9492 103.3175 106.4604 104.6555 104.7279 106.1541 106.5411 107.1278 106.8300
116.6400 112.1129 111.5844 109.6781 110.1202 111.0243 108.4887 108.3122 111.5850 108.7211 107.6025 106.5050 106.8279 107.2623 106.5602 106.1491 103.6595 105.8853 104.2437 104.3491 103.6115 103.8338 103.5198 102.9524 102.6295 102.5264 102.4530 102.6919 102.8036 103.0221 104.1607 104.8846 105.8306 104.5475 105.4944 104.9840 106.4103 106.9406 107.3145 106.8300
116.3900 115.3256 110.3841 108.3492 109.3722 108.7630 108.7664 110.0309 108.4825 108.6214 107.5755 107.1264 107.3830 107.2529 106.5897 107.1986 106.8371 106.4039 105.7538 105.3257 105.6552 106.0434 105.0055 105.8481 103.0468 104.7224 104.1875 104.5638 104.2466 104.3206 104.2046 105.5803 106.0971 106.3758 105.7705 105.1580 105.6467 106.8153 106.0370 105.9700
115.1100 110.7419 109.0495 110.4634 105.3976 112.7922 111.7015 109.7611 113.3241 108.9648 108.3986 108.1472 108.1025 107.9165 105.9140 106.4563 106.7276 106.1666 106.4308 106.2132 105.4835 106.2259 105.6676 105.3655 105.2883 105.4032 104.4094 105.9153 104.0793 105.3261 106.1934 104.8954 105.2174 104.8058 105.9916 106.4812 105.6955 105.8461 105.8608 106.0100
108.6600 107.0521 110.6658 115.0060 105.0738 109.9676 113.9072 113.0908 114.2913 108.3325 108.6190 108.3526 108.3363 106.5515 107.5246 107.1850 107.4585 105.9135 105.7360 105.5247 105.0963 104.6331 105.6579 105.5981 105.8106 106.0795 106.3913 106.4566 102.2601 103.7105 106.0174 106.7254 106.6337 105.9223 106.6933 107.2073 106.9777 107.4282 107.6401 107.7600
107.4100 108.0384 106.8986 115.7176 114.4397 112.6818 111.0661 109.5969 109.9664 108.5546 108.9228 108.7734 108.2882 108.2063 107.0634 106.4849 105.7199 106.0701 105.9116 105.2899 105.8146 105.9067 105.4877 104.7725 105.1852 105.3704 106.4276 106.9783 107.2948 104.4892 104.9019 106.7539 107.2185 106.4853 107.3367 107.2868 107.1544 107.2345 107.4299 108.0000
109.3600 110.7980 113.2302 107.9853 115.4930 112.3520 114.4630 112.7557 109.4434 113.8258 110.9394 112.7902 109.4311 107.2812 106.8296 107.1462 105.6487 105.4819 106.9141 106.2363 106.7169 106.8200 106.3221 106.7505 107.2300 107.0460 105.5061 106.1676 106.2466 104.7729 105.6096 107.2328 107.0013 106.2922 107.5579 106.7344 107.9492 107.9029 108.2951 108.4300
110.2600 111.1961 112.5578 117.2824 115.0478 114.8879 113.5337 105.0396 109.4576 110.5842 107.1395 106.8218 107.6728 108.8094 107.1149 110.4678 110.5661 107.1652 106.2851 105.8137 107.4451 107.1933 107.1530 106.6610 107.2076 107.0080 105.9497 106.5822 110.1267 106.6704 110.2286 107.3173 107.8362 106.6550 107.3222 106.7925 108.2412 107.3315 107.3304 108.7500
110.4300 111.7136 115.2153 116.2018 113.2173 113.7157 110.0247 112.1243 113.2567 108.5578 108.6097 108.2447 108.6634 108.8263 111.3193 115.2960 114.7529 107.9061 106.5774 107.8929 112.4043 108.7808 107.8702 107.0113 107.9077 106.3439 106.6074 109.5451 111.7618 106.4123 110.6577 108.0547 107.4807 107.6875 107.0174 107.2520 107.7305 106.8620 107.3731 107.7200
113.4400 115.0682 114.0830 110.3427 111.8409 113.1106 110.7681 113.4442 113.0222 109.4573 108.3748 108.8768 108.6326 109.9367 110.0624 114.3955 111.7507 108.1568 107.6993 107.0447 109.7928 109.4242 111.5618 107.5277 108.9853 108.9101 108.9175 106.3989 110.6681 107.3528 107.4670 108.0811 108.6950 109.3573 107.7367 107.7420 107.5681 107.6642 107.7152 107.5600
113.4400 114.7015 113.4869 113.6779 110.6528 111.3859 111.5129 112.3911 109.5062 109.7431 107.8497 108.2995 110.7288 111.7377 108.2511 113.9640 109.9144 109.1286 110.4171 110.5288 110.6536 113.4400 111.7378 110.9629 111.9004 111.8435 113.1980 107.6869 111.5487 108.3035 108.7015 108.6660 108.1779 109.4089 108.7997 108.7931 108.4370 107.9591 108.3424 109.0400
117.2500 116.2935 115.0818 113.8759 112.8314 112.6097 113.7718 110.1323 109.1540 108.9940 108.0616 110.6831 112.5751 115.8034 109.6211 112.3557 110.4375 112.4137 111.8196 112.5513 108.9770 109.5123 108.6510 110.7844 110.4725 114.3027 113.3480 111.2336 114.7913 108.5898 109.4487 107.8077 108.9390 112.4191 109.8886 109.0061 108.3001 108.0144 108.4641 109.4700
117.7500 117.7828 115.7545 116.0850 115.2459 115.5876 115.1246 111.2745 108.5182 110.0714 109.4603 113.6765 113.3198 116.0475 113.4429 110.6490 114.3871 116.0487 111.9632 110.7158 110.0804 108.1342 109.0288 109.5976 109.4213 114.4632 114.3654 112.5497 115.4515 113.4626 108.8730 108.5688 109.1565 109.0667 113.2408 109.9382 108.5960 108.8820 109.6316 108.2400
119.4100 112.8523 109.5797 115.6569 115.6138 113.8680 110.3705 111.6547 110.4544 110.3841 109.0663 111.1833 110.7848 112.1554 113.6538 111.5312 114.7548 114.0620 109.7397 112.0375 117.0131 111.8130 107.4461 111.4276 111.5614 115.7015 115.4362 115.0825 116.6388 111.5185 107.9634 108.5146 109.4050 104.7913 109.8526 111.0560 108.6821 109.6137 108.8023 108.3900
119.4100 111.7000 108.7600 114.3000 114.1300 114.1300 112.6300 109.6800 109.4900 109.1700 110.7800 112.7900 110.7400 116.0300 116.0300 114.3100 117.1400 113.5300 113.7100 115.6100 115.9100 115.0100 108.4600 113.6500 110.0300 115.4100 116.0800 116.0800 114.3600 112.6200 108.4200 108.5700 108.5900 108.9000 111.8600 115.4500 109.0400 109.6700 109.6700 108.3900
