110.0500 108.2600 108.4500 113.0400 110.6500 109.3400 121.2000 120.1000 121.4200 121.1500 119.5200 119.0200 119.3900 119.8100 118.7800 117.6400 115.1900 109.7600 110.8600 109.5600 108.0300 106.7500 105.5800 104.4500 103.5600 111.7000 104.0500 103.4500 104.6100 106.6700 106.3900 106.2000 106.0600 106.1000 106.4100 106.6900 107.9000 108.5900 103.7100 103.7000
108.8100 108.2573 111.8670 111.0887 113.2328 110.9840 111.4117 118.6668 121.8250 120.2452 120.9103 120.2834 115.7106 116.8955 117.9395 115.3861 116.6923 108.3297 108.8737 107.9522 106.8138 105.3251 104.0429 103.3391 103.8404 106.8021 104.7813 105.5815 106.3621 108.2092 109.4762 110.0027 110.2109 110.0928 109.6530 108.7802 106.3079 110.7551 104.0319 106.7800
108.4300 108.5019 108.2031 107.6308 107.7795 117.3098 118.7848 118.2303 108.8969 115.8401 119.1049 119.2755 116.5374 118.9721 114.5960 115.0630 117.5037 110.8191 111.7066 106.2809 105.4858 104.1643 103.6797 104.0010 105.1286 106.3380 108.0287 109.8319 113.2733 114.2395 114.1998 114.1383 114.1315 114.1328 114.1149 114.2521 113.6547 114.5728 108.1858 106.3100
108.7100 108.6464 111.1818 113.1783 108.1778 112.2594 113.5987 117.8301 116.0240 117.6569 118.2577 118.5637 116.8699 114.3237 111.5146 116.5608 113.0943 113.5119 108.9315 105.6732 104.2677 103.7378 104.6595 105.7504 107.2001 109.2832 111.8666 114.4589 114.8019 111.9374 109.5729 108.3361 107.8957 108.1185 109.1539 111.0378 113.9972 114.7097 113.2269 110.7700
108.4000 108.8914 109.0678 107.5750 108.0232 109.8183 110.6255 116.5225 113.1035 112.4393 113.7385 115.8130 116.0276 115.7829 118.5685 113.0598 106.6392 114.8558 108.0961 105.4410 104.3776 104.8073 105.5582 107.6244 110.5611 112.8023 111.6220 110.6062 106.4160 102.9210 101.5521 100.9596 100.6697 100.8766 101.3371 102.4433 105.1503 109.8291 112.3605 114.0900
113.1600 110.8693 113.6548 111.7276 107.1863 108.7883 111.8887 108.4054 111.9283 114.8780 113.3223 113.2006 110.8508 111.2728 110.9241 112.1670 108.2460 109.1767 107.2548 106.3328 104.6021 105.7016 106.5720 109.7579 110.8000 110.5733 106.4920 103.5592 100.1450 99.9541 100.4868 100.1999 100.0382 100.1408 100.3965 100.4856 99.2692 101.3225 105.3564 105.6000
114.2800 110.6950 109.7207 117.2227 109.8691 112.9508 116.5481 111.3544 107.7739 111.2982 112.2498 110.5339 111.4521 109.0911 108.7565 108.4274 104.9071 112.5089 107.3563 104.5460 106.4555 107.0311 105.3003 110.3496 108.4780 105.2096 102.0412 101.2341 100.4995 100.8513 100.3191 100.1287 100.1340 100.1091 100.1953 100.8175 100.6551 99.4322 100.1901 105.6000
108.0400 109.1616 112.0486 113.1040 116.2158 115.2561 117.8647 116.4716 113.7827 112.7819 111.4501 113.3700 107.0402 106.8345 107.4143 110.9233 107.4484 109.2371 108.0547 104.3695 110.0787 106.5301 109.3375 106.7706 104.5288 102.2533 100.9493 100.8950 100.1713 99.5160 99.1303 98.8171 98.6558 98.7501 99.0332 99.3618 100.0370 100.5290 100.6308 99.8800
108.8000 107.1931 108.4236 117.3047 115.4220 114.8887 117.2764 114.2352 114.3253 116.8365 112.6758 115.2121 113.7832 108.3604 106.8622 111.4067 111.5651 112.3531 105.0449 104.3570 110.8606 108.1892 109.2105 103.6980 101.9482 100.9172 100.5873 99.7946 99.0542 98.3536 97.7101 97.2530 97.0649 97.1686 97.5511 98.1509 98.8249 99.6063 100.4017 100.7700
113.8700 115.2122 113.6673 111.4943 113.7152 116.4986 117.7654 117.6417 113.7424 114.6426 111.5330 110.4865 107.5961 109.2725 112.3808 112.0524 113.3156 107.8324 106.4390 105.9328 106.0106 106.4952 104.3793 103.7299 105.5548 100.9723 99.8405 98.8594 97.8564 96.8645 95.8991 95.1938 94.8685 95.0562 95.6713 96.5538 97.5551 98.5660 99.5148 99.8300
111.1900 112.0698 116.0296 110.8480 112.3811 115.2894 106.0249 108.7660 106.8107 109.9024 108.5870 114.0078 114.3288 109.4376 111.5559 112.6729 111.4983 104.5007 107.1075 105.5248 105.8727 104.8939 103.4287 103.0928 101.1397 100.2986 99.1066 97.7946 96.4506 95.0669 93.5379 92.3486 91.8127 92.1290 93.1612 94.5593 96.0582 97.4345 98.6719 99.5700
110.3900 115.1109 114.6457 113.7109 113.5016 112.0700 107.9022 108.6712 104.6026 103.8211 108.4835 108.3179 107.5037 106.9835 112.6297 112.4042 112.4935 104.4797 104.4721 105.9604 104.5581 103.4347 104.3602 101.8999 100.3986 99.5778 98.6296 97.4081 95.8507 93.6414 91.0528 88.4979 87.5363 88.0612 89.8316 92.1246 94.3214 96.2218 97.7829 98.4300
109.3900 115.9993 112.8684 110.9309 111.2538 108.4467 109.5393 107.7215 104.1194 107.9312 108.4689 108.8123 108.5469 107.8453 108.0423 107.0495 106.4301 102.0944 106.3378 108.0420 108.2497 105.3275 103.0456 101.0313 100.2500 99.1933 98.0281 96.7994 93.8143 90.8314 86.8246 83.6918 81.9166 83.0024 85.8865 89.4340 92.5127 95.2174 97.1141 98.3900
109.9800 113.5795 114.4898 110.6947 110.6017 110.2816 108.3810 103.5795 109.1374 102.7092 110.1584 108.4896 110.2640 111.8053 109.9331 107.6795 106.5120 104.9086 102.4665 105.3288 103.7322 103.4597 102.0013 101.2451 100.1849 99.0643 96.9812 95.1662 92.9210 88.3740 83.6281 77.3057 73.3246 75.4162 81.7186 86.9762 90.8143 94.6995 96.9435 98.2100
116.9400 116.3718 111.9610 112.0542 106.9839 106.5593 107.3217 105.8315 108.3148 105.3697 109.2846 108.4148 109.7898 112.0976 111.4178 104.3442 103.2518 104.1133 103.9784 104.2803 103.9441 104.7242 102.2906 101.2207 100.2287 99.0189 97.0282 94.4534 92.5110 88.8716 83.1037 70.6785 66.3247 68.8887 78.1376 84.9038 89.9986 93.3733 96.1442 98.3000
115.8400 114.6304 107.0667 113.5827 106.9197 107.6038 107.6363 109.9397 104.4846 109.3460 109.4524 108.4895 107.8043 106.7071 106.6580 104.7477 104.8352 101.7676 105.2456 104.4190 104.7993 104.1292 103.8595 101.0386 100.2130 99.1514 96.9409 94.8656 94.0482 90.4986 82.4435 69.8790 64.6377 67.4128 77.6704 84.6671 90.0075 93.2593 95.9352 98.0600
112.1800 115.1638 110.0548 114.2824 107.6887 107.1957 108.7509 107.5470 107.3485 108.7325 108.8805 107.9718 111.5796 109.9422 107.6755 106.0290 103.7178 101.8368 104.9488 104.3819 104.8595 104.8962 102.9741 101.1787 100.3601 99.0387 97.4136 95.9188 94.4435 91.1294 83.4417 75.6954 71.0631 73.2951 80.9290 87.8691 92.1602 94.3194 96.1299 98.1500
117.3700 114.7824 112.9298 109.0013 109.9620 108.1127 107.3860 108.3061 111.3240 109.5056 112.5458 107.2555 114.8851 109.6215 107.1243 107.2753 104.7817 101.9007 105.4234 105.3100 105.6480 103.4482 101.5926 101.2581 100.5331 99.5142 98.0057 96.6272 94.3676 91.9888 88.3301 83.2413 79.6347 81.2076 86.4150 90.7233 93.7861 95.7997 97.6282 98.9200
113.5600 110.4041 109.1055 109.0810 108.1091 108.9495 108.3265 107.8509 109.8592 107.8671 112.0762 107.9648 111.5387 110.0921 111.0148 106.9068 106.1243 104.9902 104.9783 105.1671 103.9939 102.6577 100.6558 101.7105 100.8022 100.3479 99.5147 97.5553 95.8260 93.3865 91.3764 88.4157 86.7677 87.1971 90.6350 93.3715 95.4334 97.2062 98.1546 98.8800
110.5800 109.9342 108.9614 107.3714 111.0785 109.0070 107.6482 106.7383 113.2417 108.2400 109.8019 112.0643 110.4764 114.3837 107.3949 107.7661 106.5949 107.2324 105.5914 105.9012 103.9961 104.7858 103.6109 101.8300 101.3247 97.7911 90.7786 98.2434 97.3838 96.1738 94.8259 92.3844 90.8217 93.5852 102.7403 98.7712 97.1708 97.7563 99.1835 99.9900
110.6400 111.8555 114.9857 114.1178 111.7402 111.0695 109.2688 111.5407 111.6235 114.2937 114.5330 108.0836 114.6059 111.2252 107.0821 106.4117 108.7593 104.4292 107.6905 105.1309 104.1544 105.1065 104.7650 103.5363 101.4195 101.0766 92.7143 100.4618 98.0835 97.2637 95.5983 95.5627 95.9975 105.8401 95.5942 91.1809 88.4612 92.1163 100.7106 100.3400
110.5900 110.0797 109.1750 108.5137 107.9040 111.8905 110.4860 109.5854 110.7634 112.2233 109.1203 114.9210 114.7875 107.4804 109.1276 113.6097 110.1750 105.9079 107.9331 105.3430 104.8135 99.5430 98.1762 96.7193 103.3035 101.4447 100.5272 100.5868 99.0570 98.5630 97.9406 94.9611 88.0715 87.3222 93.2740 90.6367 91.4053 92.3872 100.7424 101.1400
110.5500 110.3055 108.4843 108.8213 108.8369 109.6071 111.0402 111.6321 110.9769 112.6908 111.2959 115.4388 114.0802 114.6646 112.8860 113.0766 111.4061 105.4315 106.1063 106.6076 106.6785 101.3621 100.6793 101.6166 98.0628 94.4585 101.4452 101.1074 100.7219 100.4369 94.3687 97.0431 90.4316 92.4497 98.8102 91.0017 92.2520 100.1687 102.4754 101.3200
111.6500 110.6045 108.6132 113.3113 108.6692 106.9713 105.7698 115.5540 111.9512 110.5404 110.5954 115.9915 115.7322 115.3150 111.8199 108.9834 105.1111 104.1550 106.1376 105.9451 105.0525 106.3375 106.2016 103.9808 99.7420 100.2538 102.5838 98.4047 94.2104 95.5208 91.8160 99.2630 92.4427 92.8816 96.4843 93.2023 93.9908 97.1873 103.0185 102.0000
117.4700 110.7013 108.1380 108.1545 108.8548 108.7353 107.6396 111.5174 106.6729 109.0297 112.5595 109.6186 113.6756 111.0280 107.9426 107.0467 105.5603 104.9572 103.5837 105.8655 103.2886 106.0926 104.2014 102.3642 102.2935 105.6130 98.7657 94.3741 95.4053 97.5513 94.6422 95.7283 94.1825 94.0516 93.6585 96.0219 96.5284 96.5323 103.2276 103.3800
111.7900 108.5971 110.3847 110.2897 111.0273 108.7349 108.5447 108.3444 107.9117 109.2074 112.8090 109.0300 110.7382 107.7988 107.3649 107.5686 106.5492 106.0416 104.2515 105.8137 105.9268 108.0076 102.3918 101.0713 99.7621 104.8343 99.8542 98.7028 102.9961 101.2052 96.5961 99.8778 94.8571 97.3082 102.5845 103.0032 104.8003 100.8906 104.9715 104.5700
109.6000 110.3836 108.5233 108.0984 111.1254 108.1692 108.2647 108.2962 107.9317 113.5657 112.5343 104.9367 111.8725 111.3089 107.7622 108.3710 107.6400 105.7758 105.9997 105.7852 104.1463 106.7341 104.7402 102.4210 103.5577 104.9982 102.6270 100.0894 100.4286 100.7346 99.0227 102.1205 102.5442 98.3732 105.3612 103.1005 100.8151 101.5703 104.7431 101.4600
110.1600 111.4687 110.9933 111.9866 111.5747 109.4123 110.6108 108.0270 113.5993 110.5574 112.9216 108.6059 110.2633 109.9577 108.1567 111.3380 111.2961 107.9099 107.2381 106.2884 104.5213 105.8089 106.7256 106.0890 104.2732 103.0478 104.5982 100.1998 100.9862 102.1074 103.6929 105.0886 101.7921 98.7735 99.2342 103.5224 100.0239 101.8585 103.5233 105.2800
110.7500 113.5460 109.4814 108.0452 113.4112 109.5481 107.0951 111.5731 111.5371 110.0414 112.8360 108.2754 104.9640 107.5395 111.1429 110.8239 112.8791 107.8519 107.1074 111.0637 108.2689 107.2465 104.6923 110.9315 103.0703 101.4221 105.8793 103.6710 102.0962 102.7234 105.0592 99.9451 99.5879 100.2524 100.9415 105.1358 104.2406 106.0550 105.0358 105.1900
111.4700 112.3003 111.1533 111.3126 115.4927 107.4395 109.6199 106.4416 106.1575 110.6273 107.1662 105.8008 106.4828 109.1938 109.1088 115.6941 114.1119 109.3430 109.7272 112.3748 107.1075 107.6539 108.6794 106.8184 105.6696 104.1707 106.7671 105.0938 103.1901 103.4605 101.4260 105.3758 100.7895 105.0708 104.5803 106.6495 106.3207 105.3484 105.3550 105.3600
113.2900 113.9019 110.6547 110.6261 110.7087 110.7926 108.7772 110.5610 108.5288 109.2029 107.3062 107.4241 109.2149 109.2306 108.6606 106.5193 113.2868 109.9531 113.2187 109.5046 113.0077 109.4760 109.6585 105.4003 106.7375 104.5116 107.0222 105.6361 103.9533 103.6871 103.2636 105.8262 103.1260 106.6629 105.4308 106.2564 106.4635 106.5745 107.1988 105.7200
111.9600 111.1619 111.0610 111.9973 110.5222 110.8378 110.6723 109.0423 107.9620 111.4240 109.0805 109.8068 107.5747 111.9841 109.2134 109.6826 108.9375 110.6074 111.9783 113.7019 111.5551 105.3375 107.1059 106.1337 106.4387 107.2279 106.7552 105.3189 105.3755 104.7882 106.6594 103.9004 104.9405 104.9894 106.2838 106.4720 107.1681 106.9042 107.1089 107.2200
112.9000 112.9180 111.9967 110.3284 110.2679 108.7881 109.7387 110.0686 114.6471 110.8615 108.1101 108.7732 108.5484 111.4484 108.3983 103.6260 104.1609 103.3444 113.4630 116.0148 114.6969 108.7149 108.3551 107.7484 106.9580 107.3792 106.6694 106.2656 105.9490 105.6877 106.5667 106.3669 106.0994 106.0266 106.8769 107.1279 107.4717 107.6893 107.6162 107.4000
114.2300 112.9337 111.6679 111.2189 110.1344 109.9887 109.1364 108.1721 112.8206 111.0662 107.8273 109.2978 112.0754 112.0880 106.1621 103.3571 103.5079 108.9615 109.1584 117.3262 114.3327 108.8898 108.8241 108.1017 107.5615 107.5271 107.5534 107.3351 107.8717 107.0741 106.5595 107.0569 107.5766 106.9088 107.3230 107.0425 107.4515 107.3165 106.8233 106.8100
114.1100 113.8711 113.1993 112.7181 110.5619 110.1258 109.3064 113.9563 110.9143 109.3917 110.6365 111.2915 111.7095 112.0030 106.0927 105.4078 104.5635 104.7453 107.6061 108.6133 108.1061 109.0983 109.2016 108.6036 107.4614 107.2916 107.8286 107.5994 107.6199 107.4981 107.3721 106.4830 106.9420 106.5512 106.6062 107.4116 108.1491 107.5912 106.9735 106.9900
113.4900 114.0668 113.8030 113.0394 110.8684 111.1819 112.5554 113.6248 109.3273 110.6638 109.1573 107.9902 107.3463 108.8548 105.4323 105.8799 106.4599 110.3001 109.3862 107.9442 105.6601 108.9872 109.8365 109.7142 107.4747 107.6706 108.6607 108.4974 108.3326 108.3685 107.7716 107.1623 107.1802 107.2038 106.9011 107.1293 107.7980 107.9038 107.8511 107.1700
113.4900 114.2587 113.3788 112.4455 112.0137 113.2429 111.1414 110.1381 108.4302 108.8151 107.9540 107.5615 107.4582 107.4168 109.4602 106.0797 110.4565 111.1067 108.1629 107.7107 103.9659 106.0637 108.4930 107.9810 105.8239 108.7206 108.2275 108.9229 109.2537 109.6215 107.9621 108.4949 107.5703 108.5166 108.4731 107.1423 108.9415 108.5355 108.3834 108.3500
114.4800 114.0465 113.0515 112.1383 112.0699 111.9519 112.1785 111.0423 110.1048 108.5114 109.6415 107.9629 109.7814 110.2461 114.1904 107.5684 112.7306 111.4301 110.8635 108.5860 105.3861 104.8183 104.8035 103.7784 102.7620 104.1821 102.4863 106.5913 107.4561 109.1945 108.8801 110.1821 109.9069 109.9539 109.5863 108.3675 106.5871 108.5443 105.0442 108.3500
115.3300 114.8650 113.4562 115.2590 114.0859 113.1232 111.6697 111.5579 110.6365 111.6016 109.9592 109.3824 110.9656 109.2780 115.7932 115.2148 116.2230 113.7844 109.6807 109.6085 107.9072 105.8316 105.3901 104.3884 104.3387 103.5706 104.1876 104.6072 103.2155 103.6543 103.4088 104.0873 104.5421 105.5695 105.0015 103.6081 107.9293 108.9585 107.9146 107.4400
115.4500 115.4500 113.6100 113.6100 114.3500 111.6800 112.0200 111.5800 110.4700 112.0900 111.7500 111.4900 109.6200 108.0800 108.0800 114.6800 113.7800 112.8700 110.3700 105.7500 106.1400 106.3900 106.1400 105.9800 104.3700 105.2400 104.1300 104.5800 104.5300 104.6500 104.6900 104.5200 103.7700 104.7200 112.1600 103.8500 109.3100 109.0800 111.3300 107.4400
