108.9100 110.5400 109.7700 108.5500 110.2400 109.6300 116.2600 119.2900 118.1700 117.3700 118.1600 119.3800 114.8700 116.6100 115.7300 113.9800 112.8100 112.7900 111.7500 109.9600 109.0000 108.2000 107.0500 106.4300 105.4400 105.4400 104.4900 104.5600 104.6400 104.4600 104.9700 104.9200 104.8800 105.1500 105.2400 104.2800 104.2800 103.9400 103.9400 103.9100
110.3100 110.1188 110.4784 109.5818 109.3928 110.1464 116.6725 116.8607 115.6127 118.0981 116.7986 115.5857 111.6104 113.8880 113.7146 116.6955 116.7266 111.6911 112.3140 111.5368 107.5145 106.9392 106.3205 105.3748 105.1685 105.6039 105.0663 105.3083 105.2117 105.5787 105.4296 105.5825 105.6258 105.9001 105.7532 105.5091 105.2783 107.2069 104.0490 104.8800
110.2500 109.4205 116.0340 115.1795 107.4682 113.2076 112.3797 116.8492 114.0050 118.1015 116.6240 114.0492 113.0463 115.0043 112.6620 115.5047 115.8432 114.2026 112.4065 110.3552 107.0277 105.7455 105.2714 104.9394 105.5550 105.7191 106.0491 106.7343 106.8665 107.3365 107.3892 107.6297 107.7503 107.9518 107.7716 107.4309 106.9174 108.0345 105.2441 106.2000
110.4900 115.7366 114.9808 112.9117 108.1111 110.0007 108.6866 113.4511 110.7806 112.5479 113.5047 112.7281 110.8117 114.0074 108.6075 110.8445 111.9148 108.8511 115.2415 109.7331 105.5030 105.3193 105.4985 106.0446 106.5064 107.1343 107.8138 108.7991 109.6814 110.4201 111.2779 112.1183 112.3393 111.7863 111.4034 110.7596 109.7275 108.5456 107.9235 108.9900
111.4100 117.8022 117.5955 114.1914 108.7568 111.1175 108.6417 117.5103 112.3886 111.5431 111.7721 112.0552 113.4431 111.8137 111.7344 109.0946 111.2448 109.7756 108.5186 107.0277 106.7543 105.8891 106.5324 107.3190 108.1332 108.8968 110.6930 111.7484 111.0886 115.4102 115.6846 115.9524 115.9005 115.8931 115.7169 115.4932 114.7892 113.5289 111.1831 108.9900
120.1000 114.6312 114.9917 109.3310 116.0199 110.9702 112.5460 114.5609 111.4687 114.8289 112.2881 113.1696 108.8968 110.9078 109.7009 109.5216 109.6554 108.0747 108.4571 106.8893 106.2425 106.4586 107.1520 107.1941 109.4476 108.3635 113.4836 114.4276 113.3355 114.6905 112.6871 112.3359 112.0795 111.6933 112.5039 113.7156 115.7805 116.3917 115.5814 112.5300
113.7200 107.7538 116.5967 115.8210 112.5565 111.0826 112.9221 110.8323 112.0785 114.1815 113.9340 113.0929 111.0437 109.6569 111.6368 111.6995 109.8855 108.8487 105.2109 105.7828 107.8085 108.7831 106.7406 106.0846 105.6843 112.6544 105.7552 110.6360 108.1433 107.5684 106.2734 105.3542 105.0179 105.4264 106.0186 107.0446 108.4813 110.6965 112.5742 110.5900
111.8000 110.1589 110.2474 116.5055 113.2975 112.8231 115.2952 111.2834 111.7436 112.9467 112.1060 108.7457 115.1019 107.8954 108.9863 110.4896 113.7250 110.1236 109.1480 107.1389 109.0065 108.6761 106.4903 105.6271 104.7955 104.5050 104.0192 106.8007 110.6474 107.5336 101.6481 101.2562 101.2412 101.7084 101.4819 101.7239 103.4513 104.9835 107.1103 105.5100
114.7300 111.4723 111.6173 110.4322 119.7277 113.8175 115.4261 113.8772 109.9965 114.2074 107.2092 112.3024 112.8915 109.3970 107.4393 106.8489 112.2890 111.5513 107.7609 106.5177 106.4749 105.8186 106.5332 104.7816 104.9993 104.8116 104.6406 104.0724 102.8781 100.9247 101.2690 103.3672 103.0138 103.2013 103.6652 103.2818 101.8767 101.9272 102.8172 105.5100
109.5800 114.1936 111.7546 113.2906 113.1866 115.6178 117.1679 113.9899 110.3738 108.0556 108.1288 107.9226 109.3912 108.6759 108.6811 108.7868 107.6542 111.0511 110.1486 104.8284 110.1951 105.4619 106.0105 104.8780 105.2360 104.5951 102.6346 104.8247 104.2679 103.5820 101.1608 100.9879 100.7047 100.8134 101.0464 102.4020 103.3215 105.0548 105.1413 101.5200
109.1300 108.7124 111.8536 114.0496 109.4938 114.1247 112.6694 113.7678 116.3116 114.8480 107.9482 111.6430 109.4923 107.0526 106.8922 110.9405 105.0403 111.7137 111.4232 108.1087 108.7653 107.1397 103.7479 105.3326 104.5615 103.7055 102.8760 102.0105 100.9707 100.3643 100.2357 99.9841 99.9763 100.0162 100.1975 100.2448 100.5193 103.8241 103.6319 105.4500
110.4900 111.8623 113.2265 109.4396 108.6769 114.6571 110.9050 111.3706 115.5827 113.8888 111.5651 110.0885 106.7642 107.0745 113.1859 106.0674 111.1540 107.4705 104.8258 106.8560 105.0635 105.2148 105.4682 104.1466 102.7549 101.5113 101.3188 100.8704 100.0818 99.6810 99.1553 98.6927 98.5720 98.6343 98.8710 99.3056 99.7770 100.3795 100.7683 101.1200
110.5500 112.4942 114.9726 110.2937 112.3791 111.0565 108.5453 108.7992 112.8374 108.5169 109.5713 106.3175 107.1105 115.9945 107.1499 105.1733 111.8433 111.3292 106.4102 111.3826 104.6617 104.6519 104.2043 102.6872 101.7189 101.1363 100.5314 100.0421 99.1593 98.4454 97.7076 97.1083 96.9628 97.0620 97.3771 98.0856 98.7662 99.3681 100.1119 100.8500
111.5400 114.8161 110.5055 110.2543 110.3696 112.9334 109.6952 109.6390 108.9121 108.5548 108.7821 108.0411 107.9704 111.3111 112.2414 105.2918 107.9329 106.4621 109.4515 106.2773 106.5920 103.4004 102.1984 102.5157 101.3583 100.8608 99.5447 98.3230 97.8658 97.1425 95.8711 95.2344 94.9076 95.0492 95.5176 96.3200 97.2421 98.3612 99.4860 100.0300
116.6200 116.7588 115.7394 115.4067 111.5388 114.5851 109.1446 109.4222 109.1181 108.3588 108.5483 107.2786 109.0524 112.9575 110.4959 108.4943 109.3336 107.8163 108.6646 109.0599 104.8994 104.7977 102.6254 101.9101 101.1307 100.2429 98.6125 97.3673 96.6878 95.4148 94.2182 92.7490 92.2968 92.5009 93.2664 94.4150 95.6745 96.8737 98.2113 98.5900
116.7700 116.4238 116.6158 114.9767 114.6165 111.8939 109.5518 111.2832 109.3143 108.5756 108.5766 107.8968 107.4224 109.8414 108.6703 107.9349 107.5654 109.5297 104.3393 109.4855 105.9482 104.5683 102.1315 101.4433 100.6518 99.5110 98.1431 96.5574 95.9085 93.9694 91.6753 89.6614 88.9142 89.2448 90.8332 93.0145 94.1676 95.6949 97.1050 98.5900
116.1100 114.5274 114.9431 114.9454 112.9683 112.4465 110.7119 114.0311 110.8646 109.2465 109.7050 107.9667 108.3225 106.8050 106.6998 106.7856 106.9758 106.3486 105.1922 104.9907 105.0947 102.3724 101.9638 101.2109 100.1210 99.1343 97.5079 95.6027 93.6534 91.1150 88.9860 85.7443 84.4960 85.2683 87.2563 90.3909 93.1631 94.8415 96.5703 97.8300
114.0300 112.7193 111.1528 117.1390 112.9510 112.6148 112.9019 115.7094 111.1793 108.8188 110.5323 108.1912 107.6395 107.6256 107.0402 107.0673 106.1051 106.7228 105.8589 104.3950 104.7580 102.6758 101.7522 100.9015 99.6551 98.6721 96.5313 94.8293 91.9337 88.2942 85.0172 80.9235 78.3024 79.8427 84.0236 87.7910 91.2989 94.3607 95.8891 97.1200
114.0300 111.9606 109.8343 116.9230 115.6510 113.1843 109.8385 109.8573 108.8887 108.9244 108.2494 108.6508 112.6391 107.6124 107.3385 106.2340 106.6704 105.0385 105.2247 105.2975 105.0681 102.3468 101.7017 100.7904 99.7582 98.7852 96.9828 93.5311 91.3274 86.4707 81.6034 72.8128 68.2095 70.8162 82.7029 87.2258 89.6023 93.6900 95.2404 97.1900
110.9300 111.2077 111.3421 112.7304 112.0288 110.8577 109.0862 113.7677 110.1043 108.2904 108.2098 108.3074 107.9514 107.9899 106.7316 105.6145 105.5019 106.3127 104.8743 105.6656 104.6787 102.3064 101.5783 100.4174 99.5455 98.1942 97.1229 93.4760 88.8765 85.4524 76.0904 67.2673 63.2409 67.0436 80.5219 88.2489 90.7340 94.9765 96.0693 97.8200
112.0100 110.7068 117.2813 116.6322 115.0961 112.1941 109.4853 115.4933 110.4224 108.5487 108.3865 107.7714 107.9033 107.8322 106.5736 106.2431 106.3417 106.8211 104.5714 104.7568 104.7418 102.3273 101.8556 100.8005 99.4999 98.1742 97.1039 93.5877 88.7238 85.3726 76.0266 67.5378 63.2341 66.6950 80.6514 88.2330 91.1557 95.1863 96.1044 97.8100
113.5600 112.6421 112.2185 115.3394 114.5761 109.9262 110.6572 109.6648 108.9399 108.6320 107.8789 106.9540 107.7538 106.4191 106.6915 107.4426 106.3798 105.4466 105.7371 104.8306 103.2261 102.7379 101.9172 100.6741 99.5117 98.5167 96.0444 93.2055 90.5249 86.2233 81.3602 76.7436 72.3584 75.5853 84.1281 86.2969 93.3280 95.2501 96.4651 97.8800
116.9800 113.3603 114.6201 110.3203 113.0603 113.7172 114.2539 114.3855 109.0773 108.9512 107.8476 107.5113 107.4180 106.8684 107.8461 107.3671 106.5076 104.8744 104.8235 104.3700 103.0132 102.8061 102.0514 101.1197 100.3385 99.2597 97.5100 95.2558 93.1581 89.6331 85.6494 84.9233 85.2462 83.8303 85.1156 89.4501 93.2106 95.4537 95.6737 97.6100
113.4000 114.6223 110.7886 109.9418 111.5501 110.8510 111.0468 112.7310 108.3740 108.9083 108.2405 107.1808 107.6024 106.9598 107.5905 106.3313 105.8849 105.4586 104.6405 104.5837 103.7682 102.7986 102.1331 101.3619 100.4636 99.5884 97.8410 97.3450 95.2817 93.9369 92.4493 88.2417 87.6144 88.1418 90.4907 92.9927 95.0788 96.6283 96.3565 97.5600
115.3800 113.5985 111.0287 111.2279 108.5843 109.1550 108.2266 108.3300 107.8934 108.8561 108.5166 107.4488 107.5584 106.8016 106.4149 106.5705 106.7538 106.8464 105.4083 104.7561 104.5359 103.0707 102.4847 101.7065 100.8309 99.8997 98.7395 98.3433 97.0773 96.0342 95.3815 92.5507 91.6682 93.0661 94.1340 94.8727 95.7305 98.0327 98.6474 98.6500
110.8500 109.3452 110.1762 109.8552 109.3470 109.4368 108.6157 108.2785 108.2631 108.2901 108.3272 108.0541 108.6631 107.8758 108.7990 106.0863 106.8890 107.0652 106.4912 105.7621 104.9450 103.5694 102.8260 102.1867 101.4811 100.6023 99.7536 99.3242 97.6055 96.0652 96.4887 95.0135 95.6323 95.5393 94.6121 95.9949 96.9359 98.6091 99.1068 99.3000
110.8700 110.0068 109.8892 110.2437 109.6082 109.4354 108.6569 108.9851 108.4699 107.6901 108.4223 108.3657 108.0211 108.3327 107.4332 106.8491 107.0097 107.3392 106.4574 106.8745 105.9122 103.5598 103.2337 102.6249 101.7110 101.1012 100.1543 100.0277 99.5028 98.0919 98.0766 96.2900 96.7855 97.4179 97.2013 97.3802 98.6449 99.4997 100.4454 100.9500
114.6300 111.3662 112.7822 110.1991 110.1976 109.3303 110.6853 107.8831 108.7142 107.8954 108.0695 108.3699 108.9235 108.7280 107.0098 106.2577 106.9176 107.2693 106.9163 106.0106 105.4978 105.6536 103.9638 103.0561 102.0289 101.8952 101.1544 100.8228 100.6695 99.2376 98.7208 98.3565 97.9570 99.2459 99.4657 99.2760 100.0816 99.8275 100.5883 100.8200
110.9400 110.9330 111.0841 109.3274 110.1303 112.2440 108.9701 108.6072 108.6898 108.2337 108.8916 109.1299 111.9772 110.8710 108.2753 107.7624 107.3458 107.4891 107.1032 104.9611 105.2962 105.6881 105.3174 104.5910 103.2245 102.4624 101.8257 102.3104 100.3664 101.1034 100.2429 99.9677 100.2640 100.2634 99.9155 100.2248 100.6465 100.4596 100.9969 100.8200
111.1900 111.4258 113.2109 109.9877 109.2277 109.2388 108.7922 108.4119 109.3174 108.6760 114.2902 112.5055 112.1577 107.6319 108.2118 108.1215 108.0558 107.2446 107.1458 106.0887 105.5982 105.6207 106.0086 103.6705 105.1500 102.8702 102.4809 102.6308 96.0800 101.6119 101.2333 100.8135 101.1468 100.9915 100.7540 101.1359 101.4657 101.4923 102.0457 102.3500
112.3400 110.8687 110.5309 110.5328 110.2134 108.8425 107.7461 108.4699 106.8378 114.6801 116.2563 108.9093 108.4046 108.8364 107.8171 107.4476 107.6460 107.5627 106.4183 105.7540 106.6193 106.9175 105.7137 104.9993 104.0187 103.8220 102.8528 102.9573 102.8504 102.5982 101.8882 101.9141 101.9237 101.7335 101.8230 101.9634 102.3201 102.2601 102.9030 103.1600
111.7000 114.8681 114.0371 111.7877 110.2333 108.3051 109.0152 109.0964 114.1382 108.1852 108.5684 109.0064 108.8179 108.7427 107.9146 111.0922 107.8412 109.5552 106.1353 106.4506 107.5174 106.1881 104.5490 105.8159 105.4955 105.6619 104.8413 103.3875 103.2745 102.9829 102.6885 102.7691 102.5472 102.6708 102.5825 102.8859 104.6423 103.6017 104.4770 105.1900
110.8100 112.5254 110.8898 109.1461 110.1077 109.4547 116.8292 115.3028 107.2895 111.2763 109.1403 108.9043 110.0596 109.1747 113.9532 112.2495 108.4046 107.5040 107.2741 106.0826 106.7972 105.3807 106.8433 104.8108 104.5382 104.3645 104.9494 105.0902 104.1344 103.8951 103.6320 103.2702 104.5413 103.5419 104.1738 104.9398 104.5232 104.9006 104.3263 104.0800
110.8100 113.0295 115.9332 110.8747 112.6863 110.7261 110.8992 112.1899 109.9435 109.3943 112.4301 111.1874 110.3280 112.0172 110.7926 113.3963 112.4701 107.6051 107.2212 106.7618 106.5131 106.1005 106.8497 105.3135 105.3732 104.9323 105.5294 105.1071 104.9020 104.0878 105.8572 105.1671 105.1590 105.5381 104.5649 105.3839 104.0855 105.3991 105.3873 105.8200
119.5000 116.9160 115.8400 114.6195 113.8320 114.3728 112.5798 111.2899 110.0094 111.4798 111.6919 114.8165 114.1615 112.1391 110.4839 109.2965 108.3959 107.3012 107.3784 107.8050 107.4612 106.6058 107.0744 106.7985 107.7149 107.1890 106.4297 105.9659 106.0690 105.5623 105.8972 105.5363 104.2707 105.8221 105.3446 106.1397 106.3309 105.1754 105.8803 106.6200
110.9500 112.3369 110.7672 113.3168 111.6592 114.0276 112.5961 111.9404 112.0305 117.8956 108.0199 115.5498 114.6561 113.3928 109.9056 109.1227 108.6663 107.3858 107.4027 107.7701 107.4050 110.0168 106.5640 106.1953 106.2403 107.4461 106.4076 106.8042 106.4533 105.5323 105.8632 105.3868 104.8387 106.2813 106.3759 105.7822 105.5060 105.0313 105.5428 106.1000
110.9500 113.4442 110.4163 110.9144 110.7573 115.0642 114.7681 111.3070 111.4426 110.4122 109.1590 112.2247 110.5782 110.9626 108.8180 109.0314 107.9037 107.3617 107.8193 107.6807 107.3312 110.3470 108.7035 106.6963 106.4732 107.7537 107.5905 106.8253 106.2768 107.2438 105.9352 106.5535 106.4091 106.2202 106.8541 106.2206 105.7565 105.5235 105.8748 107.0800
116.6900 115.7923 112.1260 115.8964 118.0046 117.7013 113.2521 111.9436 109.7842 114.1275 115.7711 112.2355 112.8665 110.0220 109.7291 109.6407 112.3115 113.4645 107.8234 108.2881 107.4458 107.7188 106.5042 106.9841 107.1919 107.2443 107.8351 106.8580 106.0535 108.0165 105.9721 105.6783 106.3333 106.8482 106.1358 107.7190 106.8786 106.5198 107.0332 107.3300
119.8900 109.7715 111.9106 118.7894 116.7237 116.7286 113.4694 116.4960 114.3357 114.5880 116.1693 113.4363 115.0365 109.6140 109.5658 109.4460 109.0465 114.7875 107.6858 107.2778 108.3843 107.0807 105.4692 108.5207 108.0021 108.2808 108.2495 107.6170 106.9922 106.6184 106.8730 106.6008 105.6631 107.6695 106.9444 107.8123 106.1255 106.8630 106.8793 107.3900
112.8400 112.8400 110.5200 119.3800 117.5700 117.7000 118.1300 117.5900 115.3400 115.3500 115.0300 115.0300 109.4300 110.7300 114.9900 115.8500 114.0500 114.1500 111.0400 113.8200 108.4900 107.4600 107.1500 108.4800 108.2300 108.2300 108.2800 107.6100 107.2600 108.1000 107.9700 107.7400 105.3500 106.8400 107.8400 106.4000 106.4000 107.2200 107.2200 107.3900
