109.7900 110.4900 110.8200 109.4200 110.3100 111.7900 110.9900 116.2900 116.7400 119.6800 115.7900 113.9100 116.1100 114.5500 113.3000 115.2000 110.3200 117.4700 117.5300 116.4400 116.4400 115.2800 109.9300 109.8100 109.7000 109.1300 109.4300 109.2400 113.0500 109.1100 109.1100 108.8900 111.9300 108.6600 111.3000 111.4200 111.5500 108.8200 111.7200 111.7200
111.3600 112.6419 114.1852 111.1080 111.8239 111.3024 116.3241 117.9999 115.2158 115.9361 116.7405 112.2140 116.6467 114.7515 113.5415 113.8753 110.1760 116.0495 116.8957 117.0261 116.7463 114.4589 109.3470 109.6488 109.5783 109.2632 109.2777 108.8009 109.0004 108.6889 108.8355 108.6274 108.5062 108.9682 108.5657 110.2746 108.4957 108.8758 110.4309 110.3800
113.5200 111.4857 112.6144 111.6805 112.6090 114.9077 111.9019 114.4800 114.0171 114.0324 113.1906 115.9078 118.1387 115.3474 114.7392 114.5616 114.6729 115.4454 116.7057 116.7630 116.3781 115.4847 109.0888 110.6623 109.1413 109.1499 108.9478 108.8335 108.6633 108.5370 108.3629 108.2487 108.1968 108.0526 108.0945 109.0502 108.1493 108.9837 108.7918 109.0900
109.4000 110.5209 114.1314 110.5374 110.2271 111.2709 112.0587 113.1233 115.9336 116.1547 113.8658 113.4241 114.2511 116.5915 114.2689 117.6285 115.8132 113.5968 116.0003 116.4108 115.9864 116.5401 109.8815 109.7100 108.9349 108.8278 108.6365 108.4500 108.2705 108.0913 107.9274 107.7749 107.6251 107.5200 107.4163 107.3104 107.5112 107.5297 107.5380 107.8400
109.7700 117.8714 111.9574 110.2466 109.0026 111.9707 111.6468 113.6043 111.2942 115.1520 110.0878 109.5242 114.1640 110.0375 113.1723 111.0270 116.1427 116.3207 115.0547 114.7422 114.6727 115.1649 114.2429 110.2918 108.6439 108.4196 108.3499 108.0087 107.8204 107.6178 107.4206 107.2342 107.0722 106.9450 106.8088 106.7277 106.4569 106.6058 106.6322 106.9200
117.9600 114.8011 115.4163 112.5196 114.9614 111.4181 111.8744 110.5766 110.0874 114.7286 113.1033 112.0803 112.7966 108.9261 110.3218 113.7434 112.6606 114.2270 115.9690 114.0506 112.5769 114.4484 115.3455 111.5109 108.4495 108.7173 108.6457 108.0609 107.3136 107.0804 106.8325 106.6258 106.4301 106.2525 106.1987 106.2021 106.2352 106.2285 106.2289 106.3300
110.3200 110.4675 113.6976 113.4335 111.6867 111.2085 112.0799 109.8972 110.8501 116.3140 109.1517 116.5045 116.8147 110.0961 110.0954 109.4713 113.1852 114.8520 114.9196 113.7493 111.1147 112.6424 109.3783 110.4185 108.4521 108.3455 108.0971 107.5815 106.8394 106.4445 106.2914 106.2056 106.2030 106.2354 106.2050 106.2035 106.1777 106.1929 106.1021 105.6300
110.1300 110.0676 109.6891 112.2403 110.2911 109.5356 111.3124 110.0306 112.2279 111.7670 112.2405 114.1718 115.5097 114.7827 112.6835 109.9861 110.0730 114.6733 110.7606 114.0811 113.6749 113.7979 108.9434 108.5389 108.3098 107.9450 106.8090 106.7992 106.5724 106.1653 106.1992 106.2166 106.2267 105.4499 106.0087 106.3666 106.4409 106.3958 106.0727 105.5500
110.1300 112.4345 114.0260 109.4833 109.4580 109.7227 108.5096 112.2033 115.3379 112.7186 113.9114 110.2113 113.8879 115.2371 115.1674 110.1797 107.1684 108.4120 106.1077 113.5214 111.5887 108.2429 106.7425 107.5228 107.7757 107.9779 107.0572 106.3486 106.3826 106.2332 106.2489 106.2790 106.4020 106.1516 106.1137 106.1188 104.8950 104.9495 105.1762 105.6100
118.3700 115.7160 115.8625 109.3809 110.2483 109.9887 111.3538 110.9710 116.5677 114.2912 112.2158 110.7215 111.3607 110.4167 113.7409 110.6893 109.4497 109.4768 109.8017 111.2262 115.1049 109.2654 109.1740 106.1442 107.3300 107.1140 106.7481 106.3711 105.6154 106.3124 106.3434 106.3675 106.1676 106.3365 106.0262 106.3416 105.8003 105.7021 105.3685 104.8300
115.4200 118.4124 115.0998 111.0222 109.5488 109.1388 111.4473 112.0770 114.7823 114.3197 110.4875 114.6053 113.1622 109.5003 109.8459 113.9840 110.9332 113.4295 110.4513 112.5379 108.7088 107.6625 108.3836 107.3065 107.4002 107.0632 107.0879 107.2057 106.0235 106.4961 106.3384 106.3204 106.2230 107.9232 105.6179 105.7925 105.7011 105.6488 105.3353 104.9300
116.0100 115.6865 112.8338 111.9322 110.2808 109.9327 108.9110 111.4108 115.1045 114.0616 110.5303 110.2393 112.0128 109.9702 107.9960 109.0794 113.3370 111.8713 112.1881 108.7492 108.1675 107.7829 107.4124 107.1445 107.1216 107.4132 106.8885 106.5813 105.9402 106.4845 106.1392 106.0040 105.6034 105.2192 104.5527 105.1168 104.7195 104.4950 104.7780 105.3800
111.4700 110.4630 110.8258 110.9055 110.6934 108.9357 108.6987 110.5595 110.6564 112.7992 109.5723 111.6782 109.4822 108.7667 108.3288 109.4998 108.7724 108.1288 108.7059 107.9320 109.3598 107.1437 106.8497 106.9070 107.1139 107.1348 105.8959 106.7282 105.4863 105.5614 105.2035 104.9158 105.1682 102.9293 103.7582 103.3514 104.9771 103.3401 103.6700 103.7200
112.3900 112.5475 117.1050 112.7503 115.6737 111.2869 108.4553 115.1980 115.3438 112.1646 110.0133 110.9468 109.4823 108.6971 108.6189 109.2770 108.7575 108.9847 108.7955 106.7098 108.2266 107.3898 106.6541 106.1717 105.5569 106.3299 105.5153 105.4926 105.9002 104.8290 105.3559 104.1237 103.4573 104.1849 103.7557 102.8419 102.2299 103.2017 102.7631 102.9500
111.5100 113.0890 115.3456 115.4818 113.6343 112.8688 112.6537 116.0968 115.2287 116.4744 114.2306 114.8053 109.5714 108.8499 107.8838 108.2969 109.1617 108.7617 108.4939 108.4939 107.7260 107.1125 106.4904 105.8821 105.6364 105.9942 104.5720 104.6792 104.9069 104.0442 103.4232 103.9611 103.0445 103.1137 101.7796 101.2530 101.0110 100.8099 101.1233 101.6300
111.5400 112.1248 111.1860 110.0270 112.9253 113.5894 114.8054 114.2241 113.1584 116.1373 113.9906 111.7258 110.1092 108.9180 109.9584 110.9218 108.6643 108.6066 108.4036 107.9423 107.5164 107.9005 106.8153 105.6648 105.9294 105.8429 105.8599 104.6046 104.1088 104.1760 103.7485 103.2013 102.1761 100.7540 100.7958 100.7097 100.2940 99.8805 100.0900 100.6300
114.5100 110.6645 112.2107 110.9393 110.0398 111.0405 108.0131 114.9625 113.7941 117.8750 108.4220 108.7048 112.6357 109.9404 114.1639 110.1145 110.9995 107.9599 108.4754 107.8278 107.4048 107.6764 106.6264 106.4020 105.4579 104.8690 105.3933 103.5704 103.0279 103.3151 103.1297 101.0092 100.2832 99.9243 99.9000 99.6633 99.3484 99.0079 99.2832 98.7200
108.7900 110.2983 113.8364 110.2410 110.0002 108.9382 110.5606 114.5589 115.5805 115.3897 117.7950 108.4696 114.6482 112.2061 111.3213 110.7186 110.3442 107.6518 107.6465 110.7521 107.0281 107.4157 106.6510 106.2731 105.5507 104.7949 104.9510 104.3410 102.7218 101.7870 101.4239 100.4306 99.6106 99.3334 98.8694 98.4385 98.3790 97.5907 97.7216 97.4900
112.7800 112.1891 114.8270 111.1082 109.3329 108.6958 115.2183 115.5961 116.4215 114.9490 113.2132 112.5738 108.5603 108.8639 109.7059 113.2010 108.0804 107.8346 110.6345 107.8836 106.6403 106.8723 107.2018 106.7113 105.7304 104.5452 105.7047 105.0868 102.1463 101.6339 100.5955 99.5569 99.1244 98.9739 98.1635 97.2896 96.3641 96.2507 96.5468 96.5700
109.5100 110.8842 112.2893 112.9783 112.1789 108.3516 112.0913 115.5872 115.0799 115.6662 114.9276 111.4648 108.7303 107.1452 109.2503 109.4562 108.2529 108.3735 108.1629 106.7120 107.0893 106.5536 105.8815 104.9963 104.7765 105.4886 105.1455 102.9326 101.6377 100.7586 99.5822 99.0026 99.0179 98.2088 97.3690 96.2996 96.1778 94.1572 94.6586 94.4200
111.4100 110.8478 110.3486 109.7218 110.6915 110.6414 110.3951 115.6603 115.8868 116.1252 114.9603 111.7507 108.5320 109.4493 109.0408 108.5298 108.6884 108.4339 107.5337 107.1720 106.4403 106.5030 106.4685 104.9582 104.3894 104.4462 103.5463 102.0307 101.0743 100.3546 99.3261 99.2568 98.3874 96.3364 95.3311 95.0184 93.8062 91.0624 91.4408 90.5100
109.5300 109.1974 108.8805 108.7718 109.2598 109.0768 110.9981 110.2033 115.2987 115.4612 114.7738 114.2501 111.5026 109.1302 109.0237 108.8014 108.2698 108.4069 107.7210 107.5398 106.8548 106.8900 105.5334 104.6986 104.8754 103.4687 103.2512 101.9200 101.2754 100.1907 99.5396 98.2739 97.1613 94.2747 93.0383 91.1949 88.6318 84.1939 85.9400 85.8800
108.8500 109.8322 111.6693 108.6755 110.0220 109.3613 109.1383 109.6103 110.9114 110.5869 111.1964 115.4426 112.0962 110.0507 109.1941 108.1105 107.6750 107.2857 106.8887 106.2251 107.3506 106.7260 106.5536 105.8724 104.0632 103.8361 102.5999 102.0962 101.1859 100.3151 99.2194 97.5070 96.0205 94.0650 91.9080 88.7319 86.9270 78.4513 79.9046 84.6600
110.3800 109.4988 108.8006 109.5726 110.8241 111.0199 108.7613 109.4047 110.2087 111.7145 111.8057 115.2012 114.1220 112.1048 111.4122 107.9173 107.5229 106.8526 107.0782 107.0517 107.1803 106.2854 106.5411 105.5121 105.1950 104.4303 102.9555 101.8471 101.0151 100.1014 98.9236 97.3254 95.2336 92.3357 88.2145 83.6055 75.6280 71.3290 75.2004 78.9900
110.5200 109.2672 109.8112 109.1779 109.4561 109.2570 108.9309 109.4483 113.1431 111.9356 114.9179 113.1527 112.5240 108.2448 108.1821 108.0699 107.8890 107.0511 107.3460 107.7437 107.4770 106.0533 106.8017 105.4918 105.6567 104.4308 102.4132 101.7931 100.8053 99.7289 98.1697 97.3612 93.9420 89.7166 85.2743 77.4501 68.9819 64.8154 65.9653 78.7700
109.4300 109.5156 109.9149 108.7068 108.9406 109.4361 110.1773 110.7270 111.3607 109.5961 112.0637 108.9055 114.6756 109.1516 108.3984 107.6749 107.1818 107.2181 106.9501 106.8304 107.1727 106.5847 106.6365 105.9219 105.4564 104.2897 102.3941 101.9241 101.0150 99.6704 98.0902 97.2389 94.2802 89.7839 85.3923 81.2359 70.8697 66.8779 70.4198 79.5500
108.9400 110.0080 110.4321 110.1334 109.5672 110.0013 109.9534 109.1118 109.2138 109.8800 110.1910 108.4935 113.4432 110.8080 112.1363 108.0400 107.7045 107.1898 106.7230 106.3802 106.2430 106.4186 106.3655 104.7532 105.3182 104.3087 102.7716 101.9437 101.1492 99.6426 98.2032 96.2889 95.8792 93.3093 87.1929 83.9158 77.6714 72.6393 77.4895 79.8200
109.6300 109.2398 109.5983 110.4335 109.7675 109.0903 110.7562 109.7083 109.0301 108.5992 109.8220 106.8131 115.5878 111.4957 113.0794 109.1809 107.4503 107.0628 107.8672 106.6914 106.9284 106.5659 106.7459 105.5811 104.8249 105.1265 102.5612 102.1447 101.1451 99.9023 98.7075 97.6622 96.4553 95.0609 90.8714 86.0315 87.6806 86.1698 85.8682 84.1000
115.2400 110.4655 109.3351 110.0942 114.8095 109.1101 109.8151 108.2877 114.3194 111.1727 110.0933 113.2010 113.6387 109.2934 110.2500 110.9342 108.4916 108.3622 106.9444 106.6210 107.5357 106.9141 105.3597 105.1172 104.6829 104.2494 102.7799 102.2532 101.8078 100.6911 99.5966 98.0438 97.5996 94.6918 93.0157 89.8333 86.3732 85.9570 86.0073 88.8500
115.2700 116.8634 116.4637 113.7165 115.9034 109.7195 107.9908 108.5268 111.1770 112.3965 110.7933 112.9548 109.6727 108.6277 107.5248 108.4838 107.9372 111.8526 106.7664 106.9932 106.9138 107.1505 105.3562 105.6342 104.7073 104.5677 104.4974 102.7716 96.1560 101.7108 99.7558 99.2427 97.6337 95.9420 94.8209 93.2802 90.9581 90.2862 90.8153 88.8000
118.5600 118.3259 115.1594 110.8914 111.4730 109.3562 108.2955 107.9888 115.4663 114.6902 114.8698 114.4418 110.6093 113.8673 104.0856 112.3439 108.2278 108.1170 107.1513 107.0366 106.1630 106.9599 107.2487 105.5044 104.9638 105.7422 105.0510 102.8214 102.2375 101.6601 100.5276 100.0090 98.9080 97.6637 96.6662 95.5065 94.6339 93.4891 94.3875 96.5600
119.1500 111.1388 110.8403 110.7387 111.1091 108.9633 108.8702 110.9092 115.9387 109.7926 112.6508 113.9268 110.3531 112.1231 104.6666 108.3809 108.5992 108.7419 108.3656 107.3616 106.3313 107.4632 107.0393 104.9935 106.1771 105.1627 104.0536 103.3271 102.6743 102.0284 101.3949 100.7557 99.9520 99.0077 98.3204 97.1688 97.1356 97.0244 97.4427 97.7800
109.6000 110.7656 110.8162 109.9233 109.2601 108.6995 115.0585 115.2325 110.7137 110.0887 110.6052 109.0263 111.3112 108.0581 109.8933 108.4233 108.8183 108.7499 108.3980 106.7876 106.6933 107.4856 106.7834 107.0751 105.7196 104.9598 104.6826 104.7502 103.0792 102.5985 102.0477 101.3745 100.8360 100.1760 99.3789 98.5393 98.6899 98.4679 98.5967 98.9100
119.4900 116.9515 112.6549 110.8100 109.3461 112.0865 116.0028 111.2838 111.5684 111.4942 111.7214 111.5012 110.8094 110.1529 114.7063 108.8791 108.3173 108.5336 107.9143 106.9560 107.1489 107.7575 107.4767 106.4339 105.2744 104.6598 106.4561 104.5541 104.2139 102.8583 102.5989 102.0682 101.4606 101.0053 100.1915 99.6703 99.4581 99.3545 99.7045 99.8000
119.4900 116.2824 112.6833 112.0111 111.2876 115.5150 116.5007 116.8626 114.3287 113.8394 111.0634 112.0032 112.5256 109.8263 110.2742 108.8453 109.1015 108.0588 107.6606 107.4109 107.3655 107.6758 107.6592 107.2641 105.8206 105.6475 105.9725 105.4454 105.4738 103.5940 102.9960 102.7595 102.0090 101.5317 101.2778 101.3802 100.7365 100.4678 100.6109 100.8900
113.3300 115.0819 111.8906 116.4722 115.0371 117.8076 116.2980 115.3035 111.8694 111.1507 108.4059 109.3647 111.0029 109.2925 112.8432 109.9104 108.7139 108.5640 108.5383 107.8054 108.0341 108.0296 107.1696 106.8450 106.9968 106.1304 106.2057 105.5127 106.0995 105.0935 104.0201 103.1742 104.5053 102.5322 102.1812 102.0511 101.8379 101.7607 101.8109 101.6700
120.6100 118.6487 114.7585 116.0272 115.1819 118.8720 112.9503 112.6746 109.3680 109.4545 108.1310 108.9616 111.5082 112.5555 111.1040 110.5501 109.7539 108.6951 108.7650 107.9813 108.3495 107.1260 106.5260 107.5098 107.4794 106.5666 106.3995 106.4804 105.4537 105.2047 106.3182 105.4535 104.0532 102.9016 102.8808 102.7936 102.7355 102.6101 102.6891 102.5800
118.0000 120.5037 113.8038 116.5503 117.3270 113.5423 112.9715 111.3801 111.8124 109.9001 110.2940 108.4533 111.6482 115.0048 110.8560 111.0975 109.2693 108.4396 112.8171 108.1841 107.2902 107.3364 107.4191 108.6490 107.3745 106.9991 106.8496 106.5614 105.5642 105.2623 106.0348 105.3960 104.6722 104.5349 105.3245 103.6264 103.4985 104.6623 103.7359 104.0500
117.2400 111.6551 111.5294 117.8570 116.4804 112.5909 111.6877 113.6236 112.8018 113.7144 111.2534 110.1372 110.9752 113.2568 109.6639 107.3721 111.2946 109.1387 109.0899 107.4541 107.2578 109.7598 107.3611 107.0311 107.2118 107.4770 107.6232 105.9721 106.7971 106.6892 106.2613 105.7930 106.4792 105.3738 106.3433 103.9880 105.0863 105.9170 104.4378 104.0500
117.2400 116.3300 116.3300 110.2000 110.2000 111.4400 111.4400 113.7500 112.8700 109.5300 109.5300 109.0100 109.0100 113.2600 112.8200 112.8200 114.0300 108.9300 109.1400 109.1400 110.3300 112.4500 106.9100 108.3300 108.0800 110.1300 107.8300 105.8300 107.1700 107.1700 106.7000 105.9200 105.9200 105.4500 105.5800 104.5500 104.2500 105.2400 104.7300 103.9800
