112.6900 112.2800 111.1300 115.7100 112.3400 121.0700 117.3500 112.8600 115.4900 110.9700 113.3400 115.1700 109.5800 109.1400 107.7300 106.5900 103.3700 104.0400 105.2600 104.0900 108.0000 112.2700 114.1700 113.7600 107.0000 106.4600 98.7400 99.3100 100.6000 100.1800 100.4100 100.4000 100.4800 101.0700 99.3400 102.5700 101.9500 113.7800 113.7800 110.0400
111.4300 114.9792 119.3351 112.5087 121.3103 116.4466 113.9834 118.2026 119.2327 114.7305 113.0098 111.0744 106.8338 106.5227 106.5936 104.8115 103.4503 105.1486 104.8513 106.3081 110.5203 114.7242 112.1079 106.5625 100.7093 101.9606 100.1895 101.1284 100.4646 100.2496 100.1580 100.1816 100.3204 100.7787 100.5976 99.1847 100.0266 100.1562 110.2851 110.0400
109.5700 108.3803 112.1167 114.5522 114.7115 116.3876 119.2082 120.2590 118.3406 118.2519 114.8593 109.4974 108.0064 105.7092 105.3981 103.7326 102.4270 105.7403 108.3308 108.9799 113.7968 113.5091 105.8718 100.5810 99.5886 100.9416 100.2668 99.7718 99.3007 99.0152 98.8746 98.9393 99.1821 99.5168 100.2189 100.5501 100.6488 100.9321 104.0332 107.8900
108.7500 112.1043 118.4982 119.0347 113.3177 115.4837 115.1521 116.4622 108.3846 109.4324 110.9202 107.0990 107.8485 104.6934 106.2321 103.1102 103.1236 103.9311 107.4611 113.5295 113.7708 107.7821 101.2347 99.2763 101.0909 99.8672 99.2831 98.5618 97.9582 97.5097 97.3171 97.4007 97.7455 98.3127 98.9080 99.6756 100.5382 99.9987 100.0443 101.3100
108.6800 117.4098 116.2312 115.1206 115.2839 113.9669 108.3426 112.6601 108.5465 107.5564 108.2814 107.2004 107.4877 106.9234 104.0388 105.6785 104.6179 102.5143 108.4767 113.6328 110.2814 102.4947 99.8110 100.5440 99.9436 99.0460 98.0836 97.1217 96.2245 95.5419 95.2144 95.3639 95.9161 96.7334 97.7070 98.6717 99.5368 100.6438 100.3092 100.0800
112.3200 109.9285 110.2006 109.4482 105.7531 112.3715 107.8320 102.3354 107.0197 109.1457 107.1246 107.4391 105.0134 104.6276 105.2447 105.9190 105.7646 103.7227 105.1338 110.1347 106.3690 101.5223 100.8228 100.1979 99.1604 98.0378 96.7510 95.3655 93.9772 92.8569 92.3012 92.5477 93.4842 94.8068 96.1901 97.5311 98.7228 99.7830 100.9191 99.1000
109.9100 108.0120 109.9826 111.5501 108.1389 112.5597 112.5909 106.3696 108.0416 108.5865 105.5881 105.9516 105.6630 106.5041 104.9447 103.7743 107.5373 104.4864 106.3471 109.4481 104.6301 102.4745 100.8329 99.5874 98.3953 96.9707 95.2471 93.2438 91.0648 89.1600 88.1969 88.6128 90.2313 92.3636 94.4735 96.3088 97.8544 99.1346 100.2206 100.7700
114.9700 109.9363 113.4198 111.2963 109.6053 113.7097 112.6043 109.0859 108.4267 107.6875 106.1711 107.7135 107.8454 108.4353 107.9102 104.2856 105.9706 107.1394 107.4301 110.2762 101.9618 101.0737 100.3004 99.0725 97.6873 95.9296 93.6775 90.8577 87.5625 84.6166 82.8357 83.6406 86.2431 89.5385 92.5988 95.0841 97.0187 98.5543 99.7806 100.6500
117.1600 112.3715 111.0454 110.6862 109.8996 110.8507 109.1360 106.5391 106.5879 107.5235 106.6894 106.7294 106.9646 110.3672 111.7169 104.0326 102.2680 105.1426 108.2317 113.7044 101.3061 101.0149 100.1205 98.7672 97.0817 95.0071 92.2412 88.5138 84.0897 78.5522 74.5032 76.3318 82.1913 86.7289 90.8476 93.9999 96.3356 98.0911 99.4592 100.6500
120.2500 118.1153 113.8200 118.2705 110.2395 117.6233 108.6167 110.0178 108.3869 108.1891 105.4481 106.1479 107.3028 109.5652 105.9808 104.5604 106.2194 114.0862 106.2185 105.6203 101.6505 100.9930 100.0323 98.4432 96.7162 94.6563 91.2488 86.8379 81.4528 72.0775 67.3502 69.2582 77.8700 84.7317 89.6429 93.2921 95.9001 97.8074 99.2549 99.7500
120.2000 120.2491 113.4829 115.8199 117.1101 111.0755 101.0186 112.2176 105.3880 108.2266 107.3887 105.4924 108.4942 112.7997 106.0721 105.7682 105.5157 108.2928 106.0054 104.3312 105.0053 100.6231 99.7440 98.3839 96.6443 94.5846 91.0084 86.4693 80.6463 70.3260 65.4685 67.4568 76.6011 84.2754 89.3564 93.1295 95.7990 97.7404 99.2135 99.7300
110.7400 108.9586 114.8148 113.7940 113.5444 111.7162 112.8135 115.3263 108.1219 107.9501 107.7103 110.8948 111.1945 106.6736 111.7478 103.8588 104.2450 107.4102 107.8399 103.4263 103.2141 101.0816 99.8358 98.6631 96.8418 95.2114 91.8658 87.6004 82.4621 74.7381 69.9358 72.0696 79.8687 85.5123 90.1054 93.5726 96.0650 97.9101 99.3337 99.7600
107.6600 113.8269 110.9585 108.3033 112.3041 114.2366 112.7848 114.1183 106.5884 116.3156 112.5386 113.5979 111.8043 107.7351 106.6808 108.7704 105.1003 104.3882 105.0031 105.0597 104.3685 101.1802 100.3921 98.8522 97.3097 95.7401 93.8471 91.4883 87.4174 84.1268 79.8515 80.7793 84.0301 88.0075 91.6192 94.4610 96.6340 98.2959 99.6007 100.5800
107.7700 112.0361 108.7238 109.2529 109.2250 110.5034 109.4452 110.2804 107.9530 113.0141 106.5959 107.8505 107.5087 106.4748 106.2214 105.3468 105.5295 101.0878 103.3739 104.4568 103.6412 101.7095 100.7653 99.7381 98.1275 96.6203 95.7349 92.2304 89.8786 87.8360 86.1967 86.7108 88.0785 90.9055 93.4415 95.7370 97.4471 98.9015 100.0056 100.8400
113.2200 113.0589 112.0286 112.8058 110.2846 111.3045 110.3937 102.4714 108.3002 109.2339 108.4835 107.2293 107.9635 106.2002 106.6998 104.4399 104.5201 106.2887 99.3452 106.2801 104.5751 102.8069 101.2456 100.4821 99.2546 98.4108 96.3049 94.2713 93.1857 92.1177 90.3665 90.6281 91.8437 93.5392 95.3234 97.1045 98.4560 99.6615 100.6802 100.9200
112.8500 112.8033 112.7402 108.5046 110.8304 114.5703 106.5015 103.9192 106.2921 109.3850 108.8874 108.1829 107.5245 109.6911 110.4515 102.6967 102.9073 105.3318 103.8278 104.9603 104.1592 103.1918 101.4620 100.8789 100.0829 99.2533 97.7220 96.2598 96.1214 95.0273 93.7870 94.0842 94.8100 95.7572 96.8841 98.0800 99.0875 100.2084 101.4858 102.1400
111.1200 113.0836 115.2049 113.9257 112.7386 109.8195 106.6109 109.0437 102.0826 109.2898 108.8571 107.9413 108.2076 111.4419 109.5664 105.6804 102.5421 103.5201 105.5012 104.9726 103.4758 103.8430 102.3316 101.2889 100.8440 100.0723 99.0819 98.0172 98.2920 97.8266 96.8520 96.7929 96.7576 97.5157 98.2916 99.5671 100.1636 100.5422 100.6149 102.1400
111.1900 111.6486 108.3101 110.9836 107.5106 108.2473 108.8857 108.4966 106.7474 108.5733 107.5937 106.8959 108.2666 108.8350 107.8763 105.9887 104.6581 101.9802 104.8153 105.1750 105.2647 104.1496 99.5495 102.7323 101.3518 100.4870 100.2607 99.4744 99.2686 99.0240 98.5468 98.5487 98.5295 98.8448 99.6726 100.4954 100.8512 106.2174 106.0632 113.2400
116.0300 113.4451 115.5954 107.8349 107.1103 109.0354 108.8061 108.8139 104.3272 107.7214 108.8245 107.5715 107.8299 111.7046 106.3489 110.5944 105.8817 104.3576 104.8829 106.6517 109.0434 105.3151 102.0428 103.8529 103.3362 101.6968 101.0723 101.1156 100.1783 99.9869 99.9165 100.0338 99.7065 100.1900 101.0520 101.3610 101.7004 105.2707 104.2614 113.2400
113.9800 113.0887 110.7755 108.1750 106.0632 106.9117 110.0978 103.7682 111.9734 106.3650 107.1114 108.1579 107.6377 107.8746 109.4735 109.2815 106.2820 105.3199 105.5690 105.7391 105.0383 105.3880 105.2190 103.4686 104.1505 98.9386 96.0196 99.9540 101.4214 100.9874 100.8340 100.8899 101.1965 101.4624 96.8568 103.0871 103.9870 104.2663 104.8893 105.0000
113.0900 112.9911 109.9904 112.4057 108.6099 110.1679 109.1392 107.9561 105.6204 108.3405 108.9297 108.6711 108.7718 115.6767 109.9414 111.6077 104.9158 108.3200 105.4610 104.9559 105.7059 104.7052 105.4663 104.5027 104.5690 100.6905 96.3547 101.0574 101.6766 103.0386 102.6049 102.4292 102.6200 95.6153 95.9483 100.0622 101.2450 99.0441 105.6494 100.7500
116.2800 116.4055 115.6023 111.6839 110.4681 109.9071 108.4950 104.9626 108.5277 108.9028 109.1523 111.8884 112.9676 113.4877 112.5521 113.1283 106.3805 104.8397 105.4894 106.4602 105.7529 103.2808 102.1492 100.6383 103.6651 105.0788 104.1747 105.4052 104.4137 103.3357 106.1459 106.8929 99.0549 97.3482 103.0818 98.4414 99.1408 100.6722 106.4591 105.9300
113.5100 113.5220 110.6565 109.4861 109.9758 106.4743 109.0886 107.9078 106.2017 108.1948 110.8095 111.7399 113.5267 110.9084 114.6368 109.2061 108.3358 108.7280 107.1045 107.1180 106.0282 102.6536 103.8413 102.4888 101.7998 99.7525 105.3923 105.2254 104.3600 104.4626 102.4984 101.6831 101.1013 100.5531 103.5650 101.3216 101.9386 105.3968 105.8269 105.6500
117.3100 114.1602 111.2223 110.8973 111.3625 109.0889 113.7560 110.2812 108.8125 110.3868 111.3677 107.8519 109.4998 109.8788 113.0386 111.7548 105.8028 105.6851 107.3687 107.2703 105.7807 105.6008 105.6396 105.6499 103.2633 102.2508 105.0806 102.4931 99.9791 101.2563 100.9544 102.2681 100.8120 101.7606 103.3209 102.2967 102.5239 104.5880 105.8591 105.4400
117.9200 114.6043 113.4520 116.7337 109.0161 113.1692 109.7505 109.0099 108.8286 108.3083 114.8237 118.5732 110.0736 113.2329 115.3444 113.3913 107.6978 107.5844 106.0267 104.9121 103.0892 105.9383 106.9259 105.7345 105.7972 105.4562 105.7716 102.9297 102.1684 102.2454 102.3982 101.7423 101.9543 103.5610 101.8343 102.4392 102.8378 103.4392 107.1982 106.5500
117.9200 113.9321 111.5852 113.2872 107.5484 106.5806 108.8843 107.8572 108.4603 107.3549 112.4261 107.1217 110.6106 114.0076 111.8042 110.4668 109.5613 107.7712 106.4706 110.3827 106.6318 107.1819 106.0532 104.8640 106.2884 103.6746 104.2038 103.8624 104.9339 104.8907 105.8174 104.8468 104.0346 103.2512 106.2341 107.3088 106.6123 105.5695 106.3176 107.5400
118.4300 110.4987 111.6713 110.3519 109.5966 108.0680 109.4895 108.4208 106.2700 111.0211 112.9037 105.6554 112.2128 112.2594 109.3636 114.3854 108.1294 108.4341 107.8649 111.5594 107.7826 112.1705 110.4648 105.4655 106.5108 108.4556 105.8698 105.1135 104.1807 107.5557 105.8443 104.5246 105.4589 104.6800 105.9031 106.7283 105.5240 107.1405 107.4071 106.8600
119.4100 113.2309 111.2091 109.6906 114.6078 108.7891 108.3565 107.3561 109.7759 112.2920 112.5814 107.6273 111.2171 114.1148 110.7403 109.9860 108.5640 113.5867 114.4544 108.6118 110.0826 113.1178 111.4782 110.2925 111.3615 108.2589 105.8577 105.4391 103.9902 104.8832 107.2979 106.3051 105.7570 105.6925 105.2196 106.4740 106.4025 106.5361 106.5934 107.9200
111.4000 112.6035 109.9408 109.7891 115.1878 109.0731 107.7878 108.4029 111.7703 109.4674 109.3750 109.2816 112.1650 112.5524 109.9481 108.5621 113.0927 116.4748 109.7920 109.3975 113.6801 110.5052 113.2345 111.4701 113.6616 108.0963 106.1958 106.0164 105.5278 105.7852 107.3922 107.8997 107.3811 106.3766 106.4259 107.5421 106.9048 106.6965 106.9604 107.1900
115.0400 114.1362 113.3277 110.5514 116.2190 108.9686 107.5220 109.6234 106.8585 111.4459 111.4159 111.5112 112.6638 110.1144 105.2941 111.2026 107.5769 105.5287 108.5046 112.2731 115.1934 113.3371 112.6866 110.3996 114.6479 109.5908 106.9471 106.2777 107.4136 106.7982 106.2433 108.2326 107.6913 106.7489 106.8785 107.7457 107.7964 107.1177 107.4136 107.0400
117.7800 114.2610 115.5787 113.6402 112.4157 109.3668 109.0501 111.9344 109.3350 113.2196 112.9332 113.6556 112.0829 108.2007 107.1611 106.9253 102.7772 106.4150 108.1538 108.9336 112.8133 112.2246 111.0145 111.4376 114.3913 108.4157 108.5637 107.8868 106.5654 110.7035 106.5997 107.2090 108.5635 107.1424 107.7331 107.5471 108.4213 108.2809 107.6782 107.7800
113.0600 116.3770 117.0972 113.8745 111.9374 111.0938 111.3278 109.9040 116.3472 108.8501 110.5960 111.6507 111.7271 108.6122 107.7141 108.9029 106.3862 105.8474 105.6621 107.6815 106.4112 107.4695 106.5768 116.6957 115.2945 110.1694 108.3942 112.3479 106.9658 108.3944 107.7854 107.9520 111.9680 107.5335 107.9706 107.8548 107.9822 108.1614 107.2523 108.3800
113.5600 113.2318 113.7041 112.7058 111.9335 112.1774 112.5695 117.4284 115.8930 108.0989 109.9673 110.2852 112.6509 108.6232 107.7057 107.9419 106.3341 109.1290 108.2098 106.7487 104.6914 104.3937 104.4679 111.5256 108.5139 109.6851 106.2808 109.1070 114.2133 113.6001 110.9575 109.1239 114.4201 108.7365 108.4149 107.7873 107.7594 107.9535 107.8744 107.8200
115.8100 116.1620 112.4669 111.9484 111.4430 110.9628 113.1710 115.5013 117.2434 111.5107 107.2905 111.8251 113.5852 109.0024 109.5731 108.2521 108.6920 111.5263 110.6376 106.4570 107.1930 105.1442 106.6344 111.7519 111.0352 107.9296 102.8204 108.6315 107.3708 110.1699 104.3757 104.7335 106.3609 107.3948 106.2068 108.2736 108.2572 107.8030 108.3961 108.7500
116.7600 115.0435 112.8614 111.9208 111.3295 111.7069 111.4510 115.3945 109.9559 109.5986 113.0762 112.3879 114.6954 109.7305 113.2990 110.7340 109.7200 109.3847 111.0901 109.2528 110.1831 104.5675 109.5068 111.8834 108.8329 105.3869 104.4544 107.0940 102.9774 106.9789 107.6226 106.9723 108.3884 108.6900 108.6256 108.5502 108.4658 108.7470 108.4393 109.0800
115.0800 114.4124 113.6687 112.7195 112.3604 112.8500 111.8407 115.1266 111.9459 111.1738 112.4359 109.5246 109.0477 108.4779 111.9179 110.9142 113.0471 110.5235 108.3437 110.8626 110.4928 107.5312 110.6356 112.6366 108.5086 107.6134 104.6494 105.5055 104.2133 105.0506 103.9529 107.8662 104.0393 107.7296 106.3227 108.7192 109.0059 109.3825 109.1075 108.8500
117.1700 116.3734 114.6140 114.1466 113.4143 112.8749 111.1897 110.4052 112.4769 111.0054 110.2298 110.0203 109.4742 110.5920 112.2018 110.9437 110.1039 107.3422 108.5806 111.1605 111.0370 108.7076 109.3491 108.9026 107.4201 104.3680 105.6006 106.7529 105.5565 106.9590 105.1498 108.5211 110.3510 107.2178 105.9586 109.3332 108.8895 109.7311 109.7153 109.0800
116.5700 116.0322 114.4620 115.0965 114.6758 113.6051 112.3047 113.0492 112.5996 112.0288 113.2404 110.5576 111.0103 113.0548 113.5072 110.7168 109.1550 107.2375 112.6731 113.3214 109.2992 111.5415 110.0611 108.3165 107.0037 107.1901 106.0231 106.3621 106.5724 111.2328 106.6018 106.0520 113.5921 104.9055 105.8912 106.6986 106.7882 107.6831 108.6076 110.2600
118.1900 117.1579 116.3217 114.6347 114.3288 114.2847 114.2014 113.2517 111.8842 112.1207 111.1813 111.6049 111.1088 110.0070 113.8062 110.2777 109.4576 109.0009 108.2133 114.0208 110.5673 113.1933 110.7771 109.1968 108.3593 107.9225 106.7722 106.7341 107.2489 111.2901 107.5944 107.7264 112.4033 108.4967 109.0028 107.2879 108.5644 109.4659 109.2990 108.5900
117.3800 117.3800 117.0900 117.5800 117.5800 114.3500 114.5900 113.5700 114.0300 113.7200 113.7200 111.5800 111.1800 116.2500 116.1600 110.1200 109.2700 109.2700 108.9600 111.1600 112.8700 116.3200 110.9000 113.9200 109.5700 106.6800 106.6800 106.9600 108.2500 107.6700 107.3500 107.7100 114.3600 109.5600 107.8800 107.8800 107.7200 109.6800 109.6700 108.5900
