119.3600 114.3500 112.7600 116.1500 111.5100 116.1000 117.0500 108.0700 108.9900 106.1400 106.9600 108.7700 105.5400 103.4400 103.4400 105.5400 113.5600 113.2800 113.7200 105.8700 99.2400 100.8300 99.3500 98.4400 97.3800 95.6100 92.7700 90.4700 90.4700 87.3400 87.1200 90.0100 92.8100 94.6600 96.1700 97.4200 99.3700 100.1500 100.8600 99.8900
116.0600 119.7122 115.3083 117.1275 118.7039 115.5444 112.1102 107.3887 111.0737 109.1426 106.9216 109.6450 105.4558 104.1272 103.7065 105.7571 110.1823 112.6768 105.5091 101.7077 99.8049 100.4466 99.1835 97.8122 96.3707 94.3898 91.2566 88.2648 85.4560 83.8674 84.4900 86.8560 89.9259 92.8297 95.2205 97.0980 98.6643 99.9660 100.7269 100.6100
118.1800 115.0138 117.9196 120.2901 118.7162 115.5523 112.2071 110.8534 113.9101 111.5967 108.9617 108.1865 105.7226 104.4886 105.7326 106.1844 111.3542 111.0392 104.2898 100.4334 100.4152 100.0515 98.7848 97.2286 95.2183 92.5334 88.9703 84.7238 79.9103 76.0558 77.6045 82.6637 87.0306 91.0020 94.0881 96.3734 98.1037 99.5435 100.5860 100.6800
116.0000 115.5846 116.4162 121.1373 114.9709 116.6960 115.4710 110.9212 105.3736 105.7897 106.4369 104.9443 103.7277 104.6566 114.1543 110.1333 111.8610 114.0090 107.0730 99.7394 100.6709 99.8175 98.5124 96.8281 94.5868 91.4632 87.1863 81.8844 73.0568 68.5158 70.1613 78.3115 84.8234 89.6554 93.2877 95.8844 97.7925 99.2345 100.4582 100.3500
114.3600 114.4926 113.8697 117.2372 117.7026 117.8739 116.3842 110.8093 105.6714 104.9337 104.8493 104.8013 104.7124 103.4810 104.2201 110.5800 114.6545 113.7595 106.4033 99.5937 100.7657 99.7586 98.4171 96.6959 94.3816 91.1064 86.5764 80.7283 70.2599 64.6361 66.7643 76.2954 84.0860 89.1990 93.0268 95.7291 97.6928 99.1680 100.4200 100.5100
109.4200 113.8776 114.8301 113.8493 118.4642 118.5459 107.2079 107.9904 106.1339 105.7724 105.3091 106.7806 106.0485 104.4198 107.2343 108.7493 111.0636 113.8742 106.7322 99.7281 100.5192 99.8470 98.5354 96.8689 94.6544 91.5764 87.3767 82.2657 74.0517 69.4686 70.8977 78.8844 85.0757 89.8355 93.3691 95.9401 97.8249 99.2465 100.4762 100.5000
118.8300 115.0319 114.1260 116.8206 116.1202 116.9632 108.5949 105.9894 107.8541 108.0763 106.1690 106.4918 109.2140 103.8029 106.9381 113.4834 111.6041 114.3116 110.0300 100.5493 100.6629 100.0743 98.8019 97.2959 95.3335 92.7081 89.2583 85.3542 80.8143 77.1977 78.5983 83.3394 87.4089 91.1717 94.2376 96.4757 98.1793 99.4745 100.5909 100.3100
111.9300 109.6485 106.9036 115.1184 116.3378 115.5848 113.3116 112.2172 109.6989 110.9654 105.7090 111.0508 111.2582 111.9936 112.7638 110.3660 114.6997 110.8553 110.8267 101.9090 101.0518 100.3319 99.3662 97.9191 96.2777 94.2048 91.6550 88.7664 86.0791 84.6603 85.2357 87.3930 90.3414 93.0971 95.3934 97.2108 98.7055 99.8540 100.4259 99.5500
111.2400 110.7319 106.6365 114.0047 110.4534 117.0095 114.8798 109.6851 107.6161 108.7822 106.2709 108.1192 115.3071 118.2513 114.5669 102.1005 106.7907 104.4370 110.6959 106.8160 102.0385 100.6738 100.1343 98.6614 97.3263 95.7528 93.9593 92.0645 90.4082 89.5457 89.8774 91.2507 93.0793 94.9657 96.6361 98.0763 99.3057 100.5078 99.5230 101.4700
112.1300 110.7495 112.7120 111.8174 110.1388 111.9810 113.3498 107.4556 106.2086 107.0634 108.1433 105.6970 106.5488 110.8026 108.3031 105.6433 103.1576 102.4988 104.2598 105.2646 103.0769 101.6106 100.5124 99.4995 98.3721 97.1952 95.9667 94.7410 93.7693 93.2781 93.4578 94.2479 95.3911 96.6465 97.8493 98.9574 99.8669 101.2963 98.8750 102.4500
111.4000 109.8569 109.8837 111.3536 109.2928 109.2175 108.3397 107.4145 107.1889 106.5289 106.8725 105.8068 105.7393 105.3476 104.3433 107.3956 106.0801 112.3314 101.9295 113.4851 102.1777 101.5623 100.7512 100.4580 99.3280 98.4678 97.7092 96.7789 96.1978 95.9245 96.0259 96.4906 97.2205 98.0750 98.9668 99.7654 100.6518 99.9524 101.2143 103.8700
110.3900 109.5960 109.2540 112.5872 111.5269 114.6338 101.3837 108.2350 109.6571 106.9260 111.4424 108.8576 105.7096 109.7689 111.1028 105.6022 106.9494 106.8250 108.0901 104.1356 100.8748 103.0211 100.3813 101.0937 100.2699 99.7699 99.3090 98.3579 98.0052 97.7746 97.8734 98.2063 98.7122 99.2671 99.9323 100.8073 99.4330 100.6119 105.7509 112.3800
115.1100 117.4168 110.8059 113.3651 112.6492 110.5490 109.5811 107.4768 108.5329 111.2892 107.0413 107.0772 105.5304 105.6293 111.4263 108.4614 104.9879 110.8716 113.6056 107.9664 103.7825 106.9869 112.5810 103.5464 100.5003 100.5025 100.3418 99.8110 99.9575 99.5730 99.6224 99.4671 99.8233 100.5362 100.3160 100.1970 100.1108 105.7074 111.6427 113.8400
112.6600 117.5508 111.2309 110.9885 112.4681 115.0900 111.8389 106.1590 102.3390 106.0872 107.2358 106.9246 105.6995 107.9070 105.0991 109.3690 105.9277 104.9052 105.4959 102.4068 103.7977 106.8417 106.8462 102.6145 106.5644 103.4012 101.5331 100.7912 100.6391 100.6479 100.8213 100.6843 101.0722 99.7754 99.5706 101.6150 105.4962 110.0401 114.5806 114.4600
113.5000 117.7891 113.0085 111.7574 110.8879 115.8910 113.0759 101.4840 108.0187 108.8520 112.6346 107.4444 107.8923 109.1248 107.4614 107.4254 106.4553 105.4918 102.0693 106.3541 105.8891 105.4876 111.8985 108.3848 110.9917 105.4820 104.9659 101.5305 101.7875 101.1897 104.6509 100.9502 100.0517 100.5016 104.4186 102.5005 105.5776 105.7599 114.5224 115.2400
116.7600 113.9629 109.3152 108.6459 111.4837 116.1073 112.7578 105.8572 109.2395 104.0271 109.8102 106.3230 116.0989 114.2472 112.8262 106.5250 104.8207 104.9215 113.0172 110.2291 108.0531 105.3108 102.5829 100.4874 107.8232 104.1197 103.1322 102.9489 105.4251 105.6646 103.8324 102.2996 105.1366 109.1661 113.4684 113.7121 115.5945 112.4041 113.1312 107.8900
113.4200 109.7411 110.9394 110.4477 113.2842 113.5274 110.6609 114.8350 106.3184 103.6738 105.9416 109.4761 114.2416 110.8259 111.7903 104.9004 106.7295 107.3110 110.0017 112.2310 109.7113 104.9976 105.4213 103.0813 106.4729 106.7441 104.6905 104.3030 107.3760 109.6930 107.0041 109.3071 112.4178 115.0780 114.5618 107.2488 110.6937 109.6019 105.1830 107.8900
107.9700 112.8584 115.1305 110.7967 111.2551 110.7303 111.8673 113.0004 111.7631 113.3019 107.6406 108.4838 111.4768 108.3590 112.9928 110.5272 107.0149 111.1799 108.2081 108.0197 106.0978 105.7394 106.3291 110.5052 107.7398 111.1450 103.1392 106.0577 107.7424 105.6218 106.5017 110.4617 111.2421 111.7815 113.8371 112.2356 113.0262 114.9924 105.6748 116.5100
113.5000 113.8945 114.1491 113.4034 112.1292 111.5017 110.3367 119.2990 112.5963 109.3979 107.9920 108.6369 108.9742 109.5874 113.8995 114.5183 108.5161 107.5521 107.5852 105.9533 106.3231 106.7014 107.7026 112.0443 104.0017 109.2336 106.5739 107.6446 110.9461 109.2902 109.4559 111.4407 108.3979 112.1361 116.1677 116.4955 111.9045 113.5607 109.6883 107.6900
114.6000 114.0794 113.0618 116.6950 116.4446 111.6760 116.3634 109.2316 108.5341 104.5258 109.4687 107.8126 108.2169 105.6548 113.6331 107.8009 113.9899 113.6518 110.1525 105.1497 107.3458 108.3637 111.5545 112.1551 104.7792 106.4117 107.7461 105.6095 109.5518 108.1154 111.6586 110.2973 108.6746 109.5165 108.9387 113.8468 110.5995 113.0477 107.9959 117.4400
112.2300 111.9466 114.3327 113.7563 118.6870 115.5926 113.4352 108.8155 108.3923 105.9755 109.0438 108.6773 107.6443 110.6858 113.8909 107.6106 111.7216 109.3584 108.1623 107.5951 109.1285 108.8167 107.2856 110.1998 106.4754 108.8104 107.1096 103.9613 106.5212 105.1995 105.9147 105.1553 109.9491 106.8985 102.3259 105.0817 108.2909 106.4995 116.4055 105.2000
113.1300 117.7943 118.4903 117.6504 114.9197 108.0586 108.0627 106.8443 110.1856 109.7259 108.2313 107.6856 113.6873 116.3344 112.2726 115.4438 107.1452 113.3815 111.9330 112.8664 111.7973 112.2098 111.6842 108.0045 106.0679 109.2686 107.9077 108.0884 106.4688 104.1794 104.9594 104.7693 112.3601 101.4912 113.2214 107.0515 105.4123 107.7396 108.0036 109.1400
112.5200 119.7425 118.8732 115.8814 116.3425 113.4469 107.2492 107.8734 107.1633 108.0290 111.9251 115.9303 114.9387 116.6979 114.5232 116.7658 112.6104 113.4948 108.7023 114.4549 113.4706 109.3249 106.0876 104.7180 106.3055 107.0567 107.8686 105.1169 106.4797 107.0893 105.2127 109.3078 108.8939 110.0632 107.8361 108.5839 107.7492 109.1860 106.9707 109.1400
121.8600 118.7598 117.3437 111.5101 115.0838 108.3799 109.1719 107.4718 107.6121 108.1749 109.7574 108.7624 110.0422 113.7282 110.4025 110.0177 106.6239 109.3904 113.5476 114.7917 116.0256 114.5742 110.5905 113.8983 109.3473 106.9877 107.9173 108.5080 108.0603 109.9448 109.0899 111.6936 110.9309 109.3539 107.6170 107.8031 108.4500 108.4547 106.9829 109.4100
117.6200 113.2867 114.0297 110.4312 107.6829 110.6560 109.5284 108.2478 109.7921 110.1103 108.2783 114.1965 112.2467 111.3796 113.2817 109.6237 106.5849 105.4078 106.8186 112.8301 115.1572 115.9161 115.2230 113.8949 112.8267 106.0283 107.6461 107.2572 112.4837 112.7546 110.2687 109.6046 109.5588 108.3819 108.0345 108.9112 107.9496 108.9941 107.8341 115.2600
116.9800 114.6171 114.5756 113.2739 112.2696 108.1780 109.1054 109.3169 107.8849 108.8084 107.1273 115.3542 114.9300 111.8923 116.0001 111.1845 109.0378 106.7947 105.4871 114.5240 113.1390 113.7619 112.8097 108.0805 109.3660 107.9158 106.6710 106.9823 107.8993 113.5639 113.1447 109.5211 107.3630 108.8038 107.0705 107.7784 107.9406 109.2500 108.9952 104.0800
116.5800 117.2138 112.5805 112.5945 112.1526 108.7090 109.3017 109.3484 109.5631 107.3787 108.0437 115.3544 113.7534 113.3369 114.2679 108.3533 108.5623 111.8251 109.8961 111.1174 112.6313 114.5296 114.9823 105.1272 111.7925 112.2401 111.3354 110.5826 110.1150 113.1806 111.8818 111.8420 109.5765 109.2474 105.3404 108.4969 105.9873 108.4744 105.0797 104.0800
109.2700 119.0409 113.9793 113.0121 115.2090 109.0659 109.2175 109.4216 108.9713 107.5280 109.3253 115.2316 114.1566 116.7877 111.2473 112.6912 111.1130 112.5857 112.7947 109.3270 113.1782 106.6633 116.2886 107.3006 116.6772 111.3081 114.7647 110.9485 107.1166 107.4867 114.6825 108.2915 114.3584 102.2558 102.5258 108.7305 107.5699 102.5210 105.9706 109.3600
118.5800 119.9406 115.2541 114.2291 113.6739 109.8463 112.3106 109.2604 109.0855 108.2869 110.9666 111.3895 116.2203 114.8675 110.4153 110.5456 108.3399 105.7150 113.1656 109.6931 113.0177 113.8768 113.3325 107.8123 115.3168 103.0128 115.2225 106.2264 103.2733 101.6780 113.3404 110.2749 109.4395 101.9197 106.1650 107.8748 107.2310 109.2954 109.3482 109.6900
116.3200 117.8567 112.9981 112.8932 114.0157 109.3182 112.3299 108.5093 111.4341 111.1598 112.0093 110.6755 113.6384 114.5844 112.1822 108.5803 102.3380 107.5039 113.2409 112.6082 114.4991 116.7581 112.5446 108.4681 114.6296 107.9312 115.7851 111.4363 107.8012 103.1865 106.2584 109.7280 109.3854 106.5602 111.9350 109.1099 109.3806 109.0062 109.5193 108.6100
121.5700 118.1751 115.8462 120.6619 118.2631 111.1517 111.3961 109.7517 108.1651 110.8001 111.8317 113.6946 109.8022 112.7906 115.5955 109.7413 109.3706 115.9971 112.9666 112.7478 112.6148 113.2210 109.1413 106.9549 108.3254 109.5189 116.5292 113.8241 109.3196 108.2638 111.7887 113.3185 107.6336 115.6622 115.7902 109.0741 109.1488 109.1155 107.8863 108.5500
117.4700 118.7522 118.0173 122.4829 116.2883 112.0000 110.2924 111.6399 117.5480 113.5411 111.9437 109.7988 109.2084 110.2789 111.5464 108.8834 109.1603 109.7853 112.3170 112.4713 108.5450 112.3426 108.6540 111.8354 105.7736 104.8439 116.0582 111.1160 112.9230 110.7712 113.2876 113.6005 112.1972 113.4894 110.6826 109.1044 109.6083 109.0707 108.8986 109.4000
116.9800 116.8770 115.4975 114.4196 113.6311 113.8363 115.7593 119.8450 119.3616 114.2488 111.8406 111.0208 110.0713 113.5241 111.5659 109.9612 112.7840 109.6209 111.7918 116.6044 110.7380 111.0353 110.7678 106.8938 107.0118 106.3450 113.7152 111.2919 118.5698 113.4142 114.4559 112.0192 113.8422 109.6101 109.5117 109.4817 108.8053 108.6530 109.5945 109.8700
120.5500 117.5592 115.4513 115.0950 114.0601 114.3160 114.3870 114.0701 117.7618 114.6942 113.6125 113.9022 112.5229 116.7911 111.9851 109.8778 109.7270 111.3146 115.2689 117.8451 110.7593 112.7917 110.2135 109.0335 109.7594 106.3149 114.6635 116.1328 116.9096 113.5750 113.6324 110.0622 109.0335 109.6575 109.4379 109.5434 109.8476 111.1321 110.2056 110.5000
121.5200 117.5488 115.4995 115.8567 116.1164 115.5759 115.1557 117.5831 114.9516 113.7693 113.2119 111.6729 116.3104 114.5241 113.8755 109.8452 112.6121 113.5457 115.0921 113.1137 112.7983 116.4357 111.3819 109.3802 108.4285 112.3929 114.1152 112.9749 113.9529 116.2858 116.2956 110.1002 115.4989 108.4601 111.0279 109.3528 109.7386 111.8216 110.3286 109.8500
117.4900 116.4181 116.4553 117.2529 116.0289 115.8010 113.4716 117.2216 114.3181 117.5412 112.4153 112.3440 114.1630 114.5687 113.1647 109.7343 112.6822 111.9006 109.0379 109.6289 117.7917 114.0856 108.1453 109.8065 110.1760 109.1886 112.6637 108.7852 113.9484 115.2533 112.3239 110.3492 111.6173 108.5356 110.5847 109.2856 109.7458 109.8875 109.6189 110.3300
117.4900 118.9711 117.6645 119.1274 119.0053 117.0632 114.0171 114.3288 113.9631 117.2588 111.8451 112.4854 113.7577 115.6130 112.8630 111.7426 110.3204 110.0089 110.7084 110.3022 119.2152 107.7492 109.2389 109.5836 111.2441 110.3838 109.9143 109.9556 110.6867 110.4891 113.9610 110.9242 108.8256 110.4738 109.5077 110.0666 110.5540 109.8616 110.4164 110.3300
118.6000 118.5362 118.2828 118.6861 118.4333 116.4290 116.0936 116.9109 115.3482 114.2670 114.0305 112.4589 115.0495 115.7623 114.0896 111.7807 111.8160 112.0267 112.1268 111.6070 117.2284 110.4619 108.4347 111.5701 114.0602 111.8171 109.2986 110.6872 113.1438 110.3888 116.3260 111.1566 109.5544 111.5469 109.9556 110.7915 111.0881 109.9901 110.3133 111.8700
119.2600 118.3591 117.6256 118.4157 118.3721 118.5827 117.1518 117.7847 116.2808 118.5168 115.4242 114.6834 116.3388 114.9065 115.3883 112.6846 113.1944 113.5111 112.6722 112.8234 112.6309 112.2349 110.8748 111.3425 113.2185 112.6351 110.0440 111.5144 111.6512 110.6529 112.6825 110.5818 109.5979 114.2260 110.4710 111.7256 112.0436 112.1332 110.0686 109.6400
119.2600 118.5300 117.6200 118.7000 118.7000 117.6300 117.6300 116.3100 116.6600 115.5100 115.7600 114.5200 113.6400 113.4100 115.3700 114.5100 113.5500 113.5500 113.9400 114.3200 112.3100 113.0300 112.1500 112.2200 111.9200 110.8400 112.2500 111.4400 111.4900 110.8800 110.7900 111.3500 110.9800 113.3900 111.8100 111.9300 113.4200 110.4400 109.4000 109.4000
