110.8900 109.5700 108.6600 112.1900 111.3900 112.3500 111.2900 121.2000 121.2900 120.3500 119.8900 121.7100 120.4900 118.9600 120.8600 118.3700 118.3300 114.6200 113.1600 113.2300 111.9500 110.6600 109.4200 108.0300 106.8200 106.9500 104.9800 104.9800 104.1700 104.0700 104.0700 104.8200 104.7000 105.8000 105.5700 105.5600 108.2700 108.4100 105.8900 106.0200
109.0500 109.1650 108.8436 111.5590 109.1669 117.2054 116.4285 117.3376 114.4810 119.7823 120.1932 119.7027 120.9185 115.7942 114.7260 119.3097 119.7236 118.2239 111.6064 112.6101 110.7551 109.5150 108.2600 107.0173 105.0058 103.9709 104.1806 103.7518 104.2628 104.7114 105.3412 105.8214 106.2122 106.5569 106.7048 106.7589 107.1061 109.9703 106.0883 106.0200
109.2500 109.4003 109.2922 108.7550 108.2086 117.7350 120.0883 118.3223 113.7966 118.0159 119.8903 121.7168 118.7747 118.0364 114.6094 114.7075 118.2125 113.6038 111.3019 110.9924 109.3406 108.1291 107.0085 105.9591 104.7299 103.8328 103.8582 104.8585 105.5445 106.3256 107.1553 107.8878 108.5721 109.0149 109.4730 109.6245 109.3173 110.6160 108.3047 108.0500
113.1500 109.6768 111.8105 111.6429 108.4177 113.1068 113.6720 118.4530 116.9702 118.8064 119.5648 120.5422 119.9251 117.8001 113.8682 113.3712 111.8370 115.9017 110.9179 109.4309 108.1315 106.6623 105.6843 104.8237 104.0985 104.5701 105.1118 106.3400 107.4900 108.7402 110.0534 111.0504 111.5738 112.3620 113.3600 112.8822 112.9509 112.0079 111.7784 111.0900
112.7000 111.4479 116.9030 110.0053 108.3136 109.1915 111.4994 117.5249 116.7976 113.5820 117.9420 116.0505 115.5504 118.4640 118.0640 116.6270 114.7551 114.4838 111.2882 108.7438 107.1877 105.7797 104.4169 104.4920 105.2204 106.0586 107.1668 108.5857 110.5060 112.2491 113.1141 111.8937 110.9561 110.8098 110.9241 110.2705 110.5469 110.9521 111.0348 111.5400
114.9800 114.0020 116.7084 116.7191 108.9075 113.5193 117.1065 112.0077 114.5641 117.4897 116.3966 117.6909 111.2181 114.8270 115.7211 112.8466 113.6711 113.5337 110.9429 108.1793 106.3535 105.3908 104.5304 105.0766 106.3240 107.6466 109.2961 112.4064 113.3786 112.9338 110.9696 108.1751 106.4180 105.7155 104.9747 105.1613 105.3717 106.1101 106.8930 108.4900
108.6600 110.4144 110.2184 118.5172 115.6662 116.7383 116.0256 111.7654 113.4309 117.2210 114.3303 115.9951 111.3321 111.9315 113.4425 109.7949 114.8834 113.6740 108.3751 106.0921 105.6093 104.6514 105.9206 107.1737 108.1699 109.4371 111.9402 112.1682 111.9725 108.1447 105.4527 103.7488 102.4391 102.4732 101.9725 102.3158 102.4591 101.5946 102.8605 104.4100
108.9900 108.5266 110.5937 113.0535 113.2903 115.5161 116.3593 113.5339 114.4861 113.7060 111.4206 114.1615 112.4298 113.1293 113.6046 114.0512 116.2813 108.9454 109.6407 105.3049 105.7155 105.6008 105.0809 108.3125 109.4912 110.6388 109.8039 111.1681 107.3045 103.9008 102.7180 102.2153 102.5974 102.6236 102.3395 102.2664 102.2489 103.3854 102.5281 102.0900
112.1100 110.5747 116.1448 114.1583 110.8138 111.4039 118.6087 112.1140 114.2553 114.4934 113.6472 110.3972 109.4622 114.5482 113.9748 108.8571 113.5632 110.8336 106.6074 106.4178 106.8842 106.0695 104.6713 104.8229 107.5163 107.3114 105.7934 109.7073 107.4976 101.0981 102.4792 101.2718 101.2644 100.6537 100.3629 100.2243 100.2719 100.5558 101.4568 102.7900
113.2200 116.8893 117.2293 117.4309 115.3394 109.3620 111.5599 108.8882 110.4713 111.5363 111.3802 108.7842 111.0008 111.9912 112.3135 111.9484 111.4552 111.1327 107.6884 105.1603 105.4834 104.9791 106.5725 103.6263 106.1969 104.7504 103.8305 103.1142 103.2940 103.8911 100.9057 100.3877 99.9002 99.5671 99.3424 99.2656 99.3460 99.5489 99.7898 100.4500
119.9400 120.1156 120.5543 114.1802 112.0215 111.3929 108.4995 110.7417 111.0058 108.9982 110.5345 114.2807 108.9360 108.1995 108.2992 108.5580 107.7712 107.8812 106.3708 106.2058 106.2116 105.9460 105.6228 106.9257 104.5176 107.3893 104.6043 103.1167 101.3599 100.9176 99.9008 99.3572 98.7087 98.2027 97.8476 97.7043 97.8065 98.1390 98.6472 99.1400
110.1500 117.8329 108.8509 109.9844 113.0997 110.2571 112.0879 108.3430 111.8123 112.6549 109.9579 114.5433 108.3715 108.8762 110.3453 107.8796 110.4850 107.5777 107.2465 106.9914 105.1373 106.6266 105.2185 108.0745 105.1995 106.5759 102.8198 101.6846 101.0129 100.1670 99.1636 98.0570 97.2621 96.5160 95.9854 95.8081 95.9592 96.3889 97.1681 97.8000
114.6300 116.4485 108.8267 109.8009 109.1111 107.7547 109.5732 113.1256 113.0886 112.4736 114.3528 114.6825 114.4811 113.5047 112.9631 108.3686 110.2248 106.9014 106.6872 106.4141 106.6606 106.0926 105.9230 105.5192 103.1082 104.0684 101.7516 101.2544 100.1488 99.0153 98.0032 96.6652 95.4878 94.4197 93.8844 93.2772 93.7845 94.5345 95.7912 96.4800
118.5300 117.8038 108.7466 110.9338 112.3667 109.0733 109.6033 111.0059 111.2586 109.1822 105.4063 112.5068 113.1560 113.2936 112.6640 112.0833 106.4950 106.4385 106.5729 105.7357 105.9640 106.1266 104.3207 104.9372 104.4126 104.1009 101.2304 100.3753 99.6310 98.3450 96.5963 95.0477 93.3869 91.7605 90.5282 89.9933 90.5365 92.1853 93.4651 94.0100
118.9700 116.5617 107.8870 111.0803 109.6049 108.6725 111.0474 112.0054 113.5188 108.5868 114.0481 112.1964 114.1897 113.9727 110.8135 108.4931 106.4177 106.5911 108.7015 107.3051 105.7799 106.3484 104.6916 103.0636 104.5920 102.5252 100.9542 99.8928 99.0028 97.7984 95.6810 93.3193 90.9308 88.4945 86.6315 85.9446 86.3586 88.4314 90.8635 94.0100
114.5500 114.1306 113.1366 112.0015 110.2412 108.0172 112.1298 112.2526 115.7279 107.9499 111.2184 114.3111 115.1331 113.4712 110.9949 106.6028 105.8235 106.5010 110.5793 107.6075 104.6373 107.3268 105.3959 104.3086 103.6350 101.8466 100.8505 99.7713 99.1989 97.7123 94.7373 91.4735 88.3337 84.7148 82.7329 80.7678 81.5987 84.9831 87.6028 90.2100
113.5400 111.8375 110.3142 110.6470 111.4491 108.9316 108.3022 107.9526 113.2894 112.6436 111.8003 111.6911 113.8229 112.4536 111.8081 112.5717 105.8039 109.9389 106.1542 105.1298 107.4964 105.2766 106.1358 103.9614 103.0560 101.8064 100.7291 99.6496 98.2785 96.7017 93.9697 90.0003 85.9791 81.0019 74.7530 72.4544 74.8887 80.8413 86.3672 90.2100
113.0200 112.6970 115.0456 115.2230 111.6347 111.0380 109.9303 111.4983 114.2368 110.9667 111.8262 113.3196 112.0760 111.7046 108.8717 111.6074 108.5956 106.7391 105.7774 107.7482 107.4632 105.8250 105.1338 104.7983 102.3908 101.8098 100.6445 99.6535 98.2588 96.0859 93.6606 89.3187 84.8569 80.7742 69.4319 65.6687 69.2288 79.8604 84.7718 87.1300
114.2300 114.6714 118.9128 114.3264 113.2009 112.2209 112.6371 112.7548 115.1475 108.0914 110.2268 113.0806 111.8691 112.2339 111.9274 109.5234 111.7790 105.3237 104.9022 108.8998 106.6511 106.4411 105.9473 105.1773 102.6894 101.8518 100.6195 99.7010 98.3899 96.0971 93.5804 89.3625 84.6308 81.1166 69.0076 63.9700 68.1018 80.2231 84.0694 87.1800
111.4800 111.6429 112.4441 111.6427 114.8583 108.3668 113.6925 114.3396 112.4316 112.1210 112.0601 109.1320 115.1076 109.6464 108.9277 107.2625 108.2691 107.3522 106.8667 106.9822 106.4807 104.9802 104.0514 103.9893 102.7882 101.9728 101.1601 99.5373 98.7834 96.6873 94.4540 90.3376 88.1509 86.8599 76.9018 71.4424 76.2325 84.5448 86.5936 92.4600
111.4200 108.9337 109.2828 108.6340 114.1481 110.3578 111.1096 114.3956 112.1796 112.5781 110.9422 111.9998 109.6796 110.7703 108.4442 107.6492 107.9086 107.0124 107.0945 106.7973 106.8085 104.9246 104.5839 104.8798 103.3539 102.0629 101.3495 99.8678 98.4079 96.9806 94.0393 92.9962 93.1534 91.8813 87.8876 83.7005 87.3813 90.3766 90.1392 92.9800
109.0800 108.3981 109.3018 110.6118 110.6866 109.2204 110.7011 114.9784 112.9802 111.1385 114.5625 114.2117 109.2325 110.3985 108.1259 108.4006 107.3552 106.4436 107.1456 106.8479 106.4456 106.1751 105.0421 105.0906 103.6895 102.2081 101.3851 100.2952 98.9653 97.8858 96.6942 96.6413 105.7774 97.7634 91.3539 101.5316 94.4409 93.8515 93.2294 93.6600
114.7600 112.9531 112.9005 114.3144 113.2590 109.5191 108.7470 111.8408 115.7903 115.4748 114.2177 111.6231 109.9900 107.6649 108.4798 108.2628 108.2584 106.2771 105.9558 106.9152 105.5686 105.8321 105.7560 105.0144 105.1800 102.3694 101.7946 100.9972 100.2998 99.0394 98.3987 96.6251 96.6631 94.1914 92.7737 94.1954 94.1277 93.9653 93.9373 95.2300
109.0900 111.6130 113.0945 108.6504 111.6642 108.4541 109.6155 114.2669 114.1919 112.9794 109.4724 108.7391 108.7259 107.7575 108.5885 108.4167 107.3724 106.9505 106.4581 106.9046 106.0477 105.8236 105.6287 105.2558 105.5128 103.2702 102.1283 101.6663 100.8802 100.1490 99.1998 98.6586 97.6541 96.6001 96.6312 96.1272 96.6244 96.2329 95.4233 96.5500
110.0000 108.7044 111.2659 110.3459 108.8997 107.7370 111.3793 111.4374 108.8174 109.3823 111.4230 112.0918 108.8672 108.2004 108.2823 108.7162 107.4141 107.7566 107.8881 107.5877 105.7119 105.3151 105.1942 106.3185 104.5487 105.1297 102.4741 102.1198 101.4153 100.7959 100.2296 99.4257 98.9346 98.4774 97.7426 97.5470 97.6482 98.4304 98.1076 98.9600
110.6900 109.2942 110.0422 110.6135 109.4391 109.0077 108.9465 109.0528 111.6971 108.9652 111.8217 111.8839 109.1162 109.5637 108.2431 108.6752 108.1127 107.3110 107.7216 107.6786 105.8648 106.3116 106.9322 106.2390 104.3817 104.3224 103.1742 102.5019 101.9470 101.3528 100.9477 100.5021 99.9227 98.9429 99.2509 98.6526 98.7784 99.4702 99.4696 100.2200
113.2700 110.3828 109.6142 109.8304 109.8630 110.0677 108.7004 108.1328 108.1717 109.5975 108.5107 109.4255 109.5207 112.1633 109.1115 108.7393 108.4051 108.0647 107.9470 107.2922 106.6286 105.0041 107.0074 104.8516 105.4271 104.2828 104.3590 103.0577 102.4829 101.9329 101.1708 100.8031 100.7739 99.7043 97.4059 99.9752 100.4246 100.3752 100.6181 101.1800
111.3000 111.0632 109.6907 110.0255 111.0214 109.7988 109.4787 109.5039 111.1022 110.8606 109.4491 109.9595 109.1796 106.3497 108.2378 108.1172 108.1019 108.2272 107.1245 106.3966 106.8646 106.0593 107.1329 105.7729 106.1622 105.0032 105.4078 103.6226 103.4792 103.0144 102.1171 101.7324 101.6511 100.7055 101.1001 100.9429 101.1798 101.7536 101.4372 101.6900
114.8800 112.5758 109.2725 108.7841 113.4999 108.5500 109.5447 112.9140 110.2352 109.2429 109.5703 109.3552 109.7866 115.7636 110.2286 111.6292 107.8427 108.1570 107.3740 106.9085 107.3053 106.9754 107.0980 106.3089 105.1094 105.6836 105.9312 104.8024 101.7320 103.1120 102.5561 102.7796 102.2010 102.1965 101.7881 101.5419 101.6863 102.4473 102.2322 102.2900
114.0300 115.1423 109.1960 113.3845 111.7829 109.8836 109.8514 108.9874 114.2094 113.6924 114.0888 114.5330 114.5275 108.2905 104.0027 109.3549 108.6016 108.2346 108.5484 107.8678 110.9250 108.1800 107.6521 108.2407 105.7721 105.6101 105.7562 106.7213 103.2044 104.0840 104.3700 104.5480 103.3495 103.3160 104.1935 103.8959 102.6493 103.9261 104.7092 103.0600
116.8100 114.5245 110.9168 111.6548 110.6701 109.7705 110.0794 110.8589 108.5268 114.0578 114.9004 109.8420 113.2703 109.6512 105.8196 109.1062 108.8097 109.0229 109.2603 108.7618 107.3428 107.5751 107.7506 106.2646 107.0815 104.7481 105.2135 105.7841 104.1514 102.4079 105.0499 104.6956 105.4377 105.3744 105.5744 103.3611 103.3019 103.9055 105.4892 105.1600
114.1200 113.0306 112.8014 112.4963 110.8914 110.6183 109.7762 110.0383 112.2188 109.7105 108.4986 113.2229 107.8457 107.3502 105.2940 109.5203 111.8059 114.3132 113.0520 107.2055 109.2453 108.9520 108.1179 108.2183 107.3909 107.0062 105.9871 105.1973 105.8880 104.2388 105.9545 104.7592 105.0907 105.7044 105.1512 105.6831 105.6407 105.9978 105.0125 104.2200
114.0300 112.3975 112.1554 110.7504 108.6839 109.0728 114.4906 115.9056 112.8101 108.5392 115.5242 110.8154 113.4202 109.5278 110.1279 115.8435 114.6735 112.1960 107.6959 107.5785 106.8793 107.9597 108.4606 112.1479 107.2288 107.1571 106.8578 105.9232 106.5588 105.5644 106.7793 106.4354 105.8492 106.3170 104.2762 106.0908 106.2491 105.8375 106.2493 106.5100
114.8500 111.9145 110.8556 110.0796 110.8437 111.6440 113.2075 111.8441 109.8185 110.6423 110.6593 108.7035 109.4523 115.3415 111.3781 116.9592 110.1500 108.8073 111.3012 108.9930 111.8420 108.7234 107.7688 110.1918 111.1705 109.7234 107.0486 106.1823 107.2683 106.7801 107.0040 107.0509 106.5926 106.3143 106.4457 106.2372 105.8579 105.5979 106.5953 106.2300
114.8500 114.0453 116.6759 113.6753 115.7201 111.5418 114.1734 112.1026 110.6093 110.4547 109.4420 110.3763 109.0812 115.0666 110.0955 112.8078 113.8979 109.5958 110.6254 112.8218 111.2121 112.6762 110.0985 108.0308 110.0867 107.1187 106.5951 107.1663 107.5669 107.0143 107.2700 106.9276 107.3843 105.3700 105.6932 106.5045 107.1582 106.0195 105.7001 106.6500
116.2300 117.0664 117.2992 116.8587 115.3671 111.6636 113.7931 115.3159 109.9678 112.9955 108.6722 111.1040 111.7716 110.6128 109.0688 109.8701 112.4718 108.6308 112.4908 111.3479 112.5701 111.0241 112.9717 106.4986 106.6351 108.1586 107.8628 108.0577 107.9817 109.9174 107.6721 107.1226 106.2956 106.0820 106.0713 107.3548 106.5463 106.9458 106.0836 106.0300
116.2300 120.1676 117.6065 115.9262 113.7347 115.5013 112.2347 111.0094 110.3011 111.2858 111.3301 109.8678 112.8617 110.3019 110.1297 113.7321 114.6072 113.8994 112.6748 112.4261 112.7854 107.7340 107.6955 108.6141 107.8186 108.3017 107.7270 108.0724 106.7654 108.2396 107.8016 108.0073 107.5861 107.3226 110.7771 106.6695 106.5143 107.0771 106.6704 107.5400
120.1300 117.9737 115.4050 114.9497 115.5125 115.9771 114.7842 113.9935 113.5068 111.4173 113.6547 109.9836 112.4332 113.7613 112.6949 113.7930 115.4346 113.1495 111.0790 109.8585 114.3117 104.6794 114.1191 107.5819 106.4795 107.7748 110.9972 109.7888 106.7746 108.4374 107.1416 106.9967 106.9638 107.4494 106.7044 106.9096 106.4160 107.9312 107.9608 107.1300
117.9800 115.9760 113.5447 114.5920 116.9653 115.4891 114.9365 117.4946 114.2992 112.9982 110.7482 110.1816 109.4864 111.5643 112.3117 112.1163 113.2239 110.3934 109.1962 110.5850 109.4490 108.8989 109.7562 107.5291 108.5639 108.8316 112.6504 111.2769 111.5442 108.4850 111.9221 107.2509 108.4971 108.5982 110.2145 107.1598 107.8515 107.9194 107.7709 107.2800
119.0900 119.0900 115.1600 115.1600 116.9300 115.8800 116.6600 117.6800 114.0600 111.9400 110.7200 110.0800 110.9600 110.9600 113.1500 111.0100 115.6900 115.6900 106.9200 113.3200 113.3200 112.3100 112.3100 108.5300 108.5300 107.6600 111.5200 107.8500 107.8500 108.8700 108.8700 107.7100 107.4900 107.4900 107.2700 106.9200 108.1800 108.6200 107.9200 108.1400
