109.5500 110.3300 110.8000 108.7200 108.2300 109.2000 108.2800 118.7600 114.9700 119.2000 118.6800 118.8700 117.1900 117.7100 120.1900 120.2600 118.4300 114.6000 114.6000 116.0800 111.3700 110.4300 109.4500 108.3200 108.5100 105.9900 105.9900 106.5000 106.6500 105.1200 105.1200 105.2900 105.2700 105.3800 106.0100 105.8800 105.7300 106.9100 106.8800 106.6000
110.0100 109.7394 108.6913 108.6940 108.1132 110.8964 111.0469 115.7521 114.0591 117.1137 117.5528 117.1653 114.6492 115.5102 120.7297 118.0060 117.0693 112.0214 116.2973 113.7546 109.5565 109.0112 108.2260 107.6059 106.9440 106.1447 106.0518 105.5166 105.3308 104.9935 104.5521 104.7217 104.7807 104.7406 104.5339 104.7983 104.1751 104.6100 106.3476 106.6000
110.7800 109.4862 112.8804 113.1230 107.5003 111.1496 111.5299 112.5098 114.1546 114.9217 116.9447 115.5463 114.7917 115.1345 119.7411 117.0014 118.0770 112.3538 115.1721 113.2783 108.5645 107.7307 106.7596 106.2257 105.7465 105.2215 104.7899 104.7858 104.8096 104.6559 104.5965 104.5861 104.6626 104.4216 104.0779 104.0787 104.1993 104.1718 104.7043 105.0800
109.8700 114.0904 117.9514 112.8170 111.2467 108.6203 108.3349 111.5058 115.4385 115.7947 114.0803 113.5469 114.0835 112.7371 115.2333 111.1845 115.9838 113.2803 111.5312 110.7652 109.6862 107.4198 105.4769 105.1150 104.9141 105.1583 105.2862 105.5725 105.7499 106.1029 106.1108 106.0755 106.1349 105.9783 105.4354 105.0870 104.6978 104.5172 104.0554 104.0100
109.6100 116.2016 115.1394 115.9054 115.0167 112.9228 109.4563 115.7899 114.5478 115.9329 115.1210 113.8867 115.4098 114.1893 115.3815 109.5702 112.1442 111.2706 107.3217 111.8321 107.1038 105.1344 105.1231 104.9795 105.8928 106.3000 106.5484 106.9928 107.4697 107.8875 108.0670 108.2235 108.1803 107.9056 107.4762 106.9670 106.4261 105.8346 105.2560 105.0200
118.0000 113.8604 113.0849 110.0516 107.8007 109.8735 113.4001 109.3092 113.7384 116.9283 113.8471 110.7025 111.7299 112.6342 114.5678 111.4795 110.5773 111.8537 109.6913 109.4262 104.1917 105.8394 106.1522 104.3986 105.8035 107.6023 108.5635 109.4071 109.9207 110.0516 111.5540 112.1575 111.8256 111.0260 111.2104 110.0243 108.9221 107.9366 107.0127 107.2700
111.1400 106.7950 110.4432 115.1285 113.1870 112.6256 112.2334 111.8925 111.3681 113.4873 118.6618 116.3240 112.9993 115.0664 110.7323 109.6356 112.1216 112.1948 114.1428 105.5281 107.5337 109.2879 106.4552 105.2506 104.7221 109.0745 108.1878 106.1381 112.2277 111.1022 114.3951 115.4611 114.6721 113.2548 114.7337 114.5592 113.5508 111.2877 109.2864 107.2700
111.1400 109.4067 111.2938 112.0879 114.0572 114.0225 113.3610 111.8237 112.2919 107.5905 108.7541 115.7599 114.1155 111.8751 110.4637 113.3348 111.9274 110.9886 114.4052 107.6644 106.5373 106.3625 110.0755 106.4662 104.3824 105.1530 103.7773 103.5642 110.5012 107.3429 112.3081 108.4849 108.8328 109.5377 110.9947 112.5691 114.7379 114.9415 111.4577 109.4100
108.4400 108.8305 112.3120 112.8778 114.1370 114.4044 114.2309 112.8621 112.9626 110.2289 107.6351 110.9730 111.1502 111.7294 109.5520 112.7467 110.2274 113.3493 109.5030 108.3479 104.5169 111.8430 108.9376 109.9518 104.4103 105.0044 103.7195 105.0838 106.1640 103.3673 108.3181 102.3823 103.5206 104.1054 104.9286 106.2985 108.4074 110.3883 110.5972 111.2200
109.8100 112.1050 110.9660 112.6520 110.5241 110.8685 110.4444 109.7774 113.4820 112.7694 109.4756 108.5103 107.7209 108.2899 107.8433 110.6466 110.2069 107.4733 111.7559 109.9166 105.2730 107.6672 104.4857 105.7078 104.8211 103.4144 102.7647 104.9547 104.7625 103.5551 101.9339 101.3303 101.7987 101.4302 101.7357 102.0652 103.6626 104.6190 108.0715 104.8500
110.7900 110.4489 109.8208 113.7865 110.3380 109.0695 109.4803 108.5567 109.9806 109.3475 108.4785 108.5365 108.2178 107.3673 108.8968 112.5419 110.4621 106.9883 112.2814 105.3420 106.9010 105.1606 105.3053 103.3298 104.0279 103.1839 103.2716 103.7321 102.8033 101.3108 103.2941 103.8970 103.9925 104.8921 103.2462 102.1927 103.2724 102.2188 103.6785 104.8600
109.9900 112.2735 109.6775 110.6040 109.8889 109.3639 109.5838 109.3812 109.3972 109.3215 108.6496 107.8591 107.6750 108.8833 112.0690 106.0452 110.2554 109.1111 108.3660 105.2433 105.9901 104.5761 104.7846 102.8877 103.9613 102.1007 101.7081 101.3926 100.8890 100.7900 100.2927 99.5993 99.6472 100.0617 100.6487 101.0100 102.2734 101.9605 102.7430 102.8200
109.9500 112.5629 110.0148 109.6734 112.8759 108.8699 108.6454 109.0722 109.1954 108.8953 107.4961 107.7033 108.2655 107.4658 111.2699 105.3431 110.9398 104.7426 109.5414 107.2992 104.7133 104.9397 104.3210 103.0171 103.3647 101.4968 101.2583 100.6113 100.0745 99.6585 99.0944 98.9957 99.1461 99.2898 99.5733 100.0578 100.5336 101.0769 102.8617 102.3100
112.4200 116.4033 114.0947 115.7483 109.6671 109.5542 109.4813 109.3587 108.9685 108.5064 107.8998 107.6953 107.9814 107.2440 107.8377 106.9706 106.6618 105.8785 109.6062 110.2519 104.6886 105.0773 103.0842 102.2698 101.4948 100.9752 100.0515 99.0594 98.7168 98.2409 97.5152 97.5678 97.4554 97.7367 98.2700 99.0608 99.5717 100.5701 101.1724 102.3100
115.2600 117.4500 116.6002 116.5715 113.8797 111.2742 111.2392 109.2673 108.8214 107.9737 108.2871 107.6311 108.0239 107.9760 106.8949 107.7827 107.4621 106.4855 104.5682 104.8646 105.4748 108.3332 102.5894 101.9519 101.2305 100.4761 98.9781 98.1857 97.8526 97.5300 96.0683 95.3667 95.4955 95.9896 96.5996 97.7939 98.4239 99.4018 100.3360 100.7700
116.6800 116.4537 115.8528 115.4507 112.9006 112.8064 113.2129 109.9995 111.9547 109.9248 113.4183 108.1720 107.9398 107.7524 106.0907 107.3786 106.3781 106.7879 105.6071 105.2014 105.7467 102.3453 101.9711 101.2434 100.6398 99.7295 98.3416 97.0876 96.8991 95.4104 93.8326 93.0507 93.0508 93.6709 95.0818 96.9367 97.5584 98.5567 99.5163 100.7700
112.1400 114.3490 116.0401 114.0851 113.3288 109.4426 111.0639 111.7014 111.9270 111.9723 110.6984 110.1709 110.6136 107.2764 106.4797 106.1548 105.2368 106.3531 106.1425 104.6928 104.1000 102.6314 101.8112 100.9977 99.9135 98.9634 97.3711 95.6715 94.6016 92.0841 91.3708 90.0195 89.7903 91.0260 92.5400 95.1553 97.1643 98.0725 99.0824 100.2100
115.0200 111.4422 115.2614 114.3258 116.5146 111.8280 113.6296 112.9626 109.3654 108.4880 112.3248 109.5522 112.0330 107.1790 107.1630 106.7844 105.4324 104.8880 105.1669 105.1697 103.0046 102.2124 101.4917 100.3605 99.2854 98.3824 96.1024 94.4636 92.0749 89.5814 87.3709 85.4836 85.6801 88.2808 91.4350 93.6083 95.5983 97.8094 98.8016 100.2100
111.0800 116.4475 115.5374 111.6311 111.5748 111.5591 114.2196 110.9472 108.4287 108.0059 108.3326 111.9020 112.5259 108.3999 105.9639 106.1618 104.9475 105.4475 104.6749 105.4569 102.7257 102.0821 101.2886 100.1252 99.2324 98.0007 96.5688 93.7188 90.3762 85.9982 83.2081 78.4049 79.9847 84.4872 90.0411 92.5502 94.9950 96.3875 98.3944 98.8700
110.3000 116.1508 112.2459 112.8698 110.0263 107.5858 109.2565 112.1486 112.8040 108.9897 110.3725 110.7537 106.2701 114.7501 104.9586 105.4657 105.3784 106.2102 104.9153 105.5984 103.1136 101.9475 100.9907 99.6712 98.7911 97.3930 96.1347 91.5419 86.4662 82.5850 73.0318 68.5774 74.5839 85.7676 91.1622 93.8567 94.9325 97.5802 98.1839 99.2700
112.7800 113.7450 114.1357 112.1799 112.7750 114.0255 111.2347 108.9914 108.6545 108.5912 107.3850 107.1373 106.5980 106.9532 107.1630 106.8385 106.5274 104.4192 105.7030 103.1921 102.8823 102.0355 101.1423 100.0773 98.1491 97.1564 94.3243 90.2106 85.3844 79.5860 67.1121 62.1365 66.5069 79.9865 88.7788 91.0795 95.7976 97.4356 98.2548 99.2000
112.7800 113.9096 113.4902 115.0696 108.2084 109.0908 112.4266 109.0799 109.1220 108.8277 107.4211 106.9985 107.1605 106.2936 107.4333 106.9515 106.7464 105.1774 105.5256 103.2232 102.8960 102.0047 101.1644 100.0672 98.2010 97.2227 94.3324 90.3508 85.5909 79.8829 67.6551 62.5128 66.8088 80.3190 88.3816 91.0676 95.7186 97.3281 98.2083 99.1900
115.8700 113.8527 114.1568 110.3431 110.5768 113.4207 111.3820 110.4230 113.3676 108.2996 108.5666 107.1171 107.4550 106.3181 107.1565 107.1097 106.5400 104.2411 104.4537 103.6851 103.0532 102.0529 101.2412 100.2235 99.1231 98.1259 95.3244 92.2674 89.1474 84.9481 78.9928 72.8048 75.7163 85.5869 87.8975 91.9534 95.4792 97.1235 97.2045 98.9000
116.6600 114.6754 116.9372 112.0806 108.9644 108.3749 108.2677 108.3273 107.9649 107.5463 108.5751 107.8031 107.5709 106.5780 106.8009 106.5318 105.6649 105.1778 105.0062 104.4409 102.7716 102.0482 101.2573 100.3172 99.4266 98.1291 96.2771 94.7787 93.3580 91.2292 88.5199 83.3631 86.1502 88.0903 92.3281 94.7737 96.2431 97.8832 98.2346 98.8100
115.1100 112.5911 113.0559 110.3398 109.3679 108.7651 108.3116 108.2327 108.0005 107.9249 108.2327 107.7085 107.9527 107.7596 107.9936 105.1783 106.7719 106.0166 106.1902 103.4758 103.7462 102.1955 101.6136 100.6758 99.6997 98.3450 97.6034 96.2968 95.4240 93.6278 92.6157 91.3054 90.1163 92.7600 94.3337 95.4517 96.4941 98.5434 99.1638 100.1500
110.5800 111.6531 112.4279 111.1139 110.1588 108.8644 108.2331 106.9413 107.6690 107.2784 108.3233 109.4673 110.9387 112.5383 112.4299 105.7621 105.1182 107.9143 106.0039 105.2746 105.4430 102.3475 102.0905 101.2775 100.3701 99.3129 98.3345 97.6954 95.6078 93.4522 94.1378 92.0210 93.8153 94.3415 93.7727 96.0042 97.4156 98.9138 99.7994 100.1500
113.6700 112.3822 112.6294 113.8392 111.3201 110.0929 110.1649 109.1688 108.1914 107.9994 107.7147 108.7771 109.0699 108.5903 107.0808 106.9977 107.0605 107.0904 106.5592 105.9069 105.4774 102.9375 102.3200 101.6821 100.7753 99.8713 98.8970 98.4713 98.5064 96.3020 96.0580 94.2847 95.1905 96.7788 97.0705 97.3304 98.8802 99.9567 100.6516 101.4500
112.8700 112.3229 115.4915 114.1333 112.6370 112.6043 108.1781 109.4788 108.5464 108.1904 107.7065 109.5610 107.8160 111.3472 106.5769 106.0084 107.0600 106.3540 105.8076 106.3512 105.5575 104.0332 102.5177 101.9295 101.2247 100.7220 99.7694 98.7033 99.9612 97.9678 97.4584 96.4953 96.7830 98.3357 98.9961 98.8638 100.0080 100.5105 100.6220 101.4500
115.6100 116.1830 115.8376 109.4089 108.1834 110.1638 107.3335 107.9561 108.7770 106.7607 111.3146 109.3673 112.0131 108.2619 106.3711 107.3370 107.2548 106.7861 105.3989 104.3071 104.8907 105.2730 102.7869 102.5162 101.9391 101.4574 101.3004 94.1157 99.1997 99.3119 98.9606 99.1415 99.4024 99.6119 99.7405 99.8547 100.2627 100.5091 101.2863 103.7900
111.0800 110.8359 109.4467 110.2236 108.2498 108.9355 109.4567 106.8768 108.7342 109.4429 113.3054 113.7321 111.2772 107.9171 107.9420 107.4309 107.5259 106.9872 108.6183 105.8126 105.3423 105.2854 105.4239 104.8951 102.6110 102.1043 102.2749 101.7492 98.1287 100.6362 100.4530 99.7114 100.2508 100.0739 100.6397 100.8781 101.2465 101.5504 102.0211 102.2500
111.2400 113.4771 114.2735 111.8791 109.6598 108.7497 108.9740 108.2588 108.0829 114.2525 112.2007 108.6865 108.4547 108.7248 107.4571 107.6916 106.9465 106.5091 106.1180 105.8369 106.1302 106.0591 104.2780 103.5526 103.6948 102.5979 101.8706 102.2630 98.0545 97.1606 101.4755 101.0585 101.1823 101.2326 101.3492 101.7439 101.9160 103.9166 102.9167 103.4700
111.0200 114.0439 112.7431 110.5222 109.8244 108.1655 108.9461 109.3158 111.1305 110.6713 109.0581 109.1813 108.0859 112.2803 111.6507 109.6592 109.4851 104.7762 106.4123 105.8512 106.6488 106.1330 105.8366 104.9469 104.0184 103.5677 102.7450 102.3861 102.9867 98.7896 102.2262 102.1709 102.0973 102.1880 102.1445 102.3394 103.8364 103.4119 103.3522 103.4600
115.2200 114.6897 112.3324 110.9620 109.8823 108.9840 111.5140 110.3019 106.7969 109.4061 108.5678 109.9911 110.3786 113.9594 107.6666 111.3338 107.9625 106.3756 107.2256 106.3171 105.5656 104.6088 105.7650 105.2629 104.3167 105.6790 105.4301 103.7075 103.1713 103.3006 102.6872 102.5830 102.6303 102.9461 103.1909 103.9363 105.4464 104.5298 105.2238 103.5300
112.3800 117.6705 114.9148 113.8969 112.0256 113.0677 107.8453 114.0923 111.8318 110.1540 112.4561 111.4337 116.3938 113.5074 112.1278 107.8780 112.1476 107.1880 106.8370 105.6981 106.8457 105.8073 104.8118 104.9291 104.3983 105.4551 106.1465 105.1450 104.5894 105.7741 105.7531 103.0739 104.5116 104.7017 105.2338 105.2221 103.7595 104.7983 106.0541 106.0700
110.2400 115.6316 114.6790 113.8942 109.2748 114.5267 112.0640 110.2687 110.5726 110.5248 110.2405 116.8806 116.1809 108.9533 107.5150 108.1699 108.0276 106.9468 106.5245 105.9551 106.7467 105.2601 107.5160 106.3308 105.0424 106.3566 105.1975 104.8525 106.1216 105.1139 104.5717 105.8831 104.3219 104.8326 104.3850 104.4200 106.4094 105.5927 105.5580 105.8000
110.2400 110.5452 108.9354 112.5988 107.9894 111.7306 112.9606 113.2978 110.2322 108.6096 107.5254 114.7043 112.5338 113.8480 108.6282 108.9388 107.4740 106.6869 107.8903 107.4559 110.2294 106.7587 106.8855 106.0133 105.4943 106.8093 105.0172 105.7274 105.9867 104.6782 105.1691 104.7292 104.4547 105.2102 105.0917 105.5152 106.8490 104.9172 105.6818 106.8100
113.7200 112.7464 113.1097 110.2674 114.6093 112.0096 114.1811 111.6807 109.0934 112.7190 112.8356 112.7474 109.2280 111.3586 108.8034 108.6585 107.6323 108.3071 107.3435 107.2831 105.6883 107.2099 106.6726 105.3207 106.3930 107.5608 106.7128 106.0842 106.8426 106.1334 106.0279 104.9040 105.8475 106.1319 105.8781 106.5217 105.9044 105.5270 105.5566 106.9300
111.5300 111.8312 112.9844 113.9191 118.1647 117.2987 112.3518 109.2502 110.3969 115.9768 114.5410 113.4533 110.3953 109.4655 109.1043 109.7816 108.9469 108.6159 107.7960 108.2848 106.8970 108.1700 107.0014 106.0711 106.1997 106.5355 107.6183 107.1435 106.9445 106.6327 107.5056 105.7431 106.1146 105.3897 105.8220 105.7480 106.4163 106.9263 107.0600 106.9300
117.9900 110.7090 110.8433 119.3881 114.7697 110.9413 116.2910 117.1430 114.8854 112.0102 112.2332 113.3175 109.6584 109.6495 108.7477 104.5543 105.9708 111.9091 112.9350 108.8142 106.8264 107.2758 106.0352 108.5774 108.7877 107.1824 107.6029 107.2714 107.2116 108.2883 106.1017 107.5941 106.3727 105.8824 107.6335 106.0952 106.5657 106.5393 107.3393 107.6800
117.9900 109.7000 119.8000 115.9900 112.7800 111.6800 111.6800 109.8900 111.9300 115.0900 112.3800 111.2500 111.2500 110.1600 109.4500 109.4900 112.4000 113.4900 108.4500 112.4400 107.8900 108.0600 106.7600 106.7600 110.6400 107.8100 107.8100 107.9900 107.2300 106.1000 106.5500 107.7300 106.0100 105.9800 107.5800 106.9200 106.7000 106.9100 107.7900 107.7900
