114.5300 110.2500 109.1800 114.7700 107.6000 117.0000 115.1600 121.1200 121.7100 121.5000 121.0700 120.6300 120.3700 120.1300 119.8800 118.0500 111.3800 108.0800 109.0100 107.4600 104.7000 103.4500 102.3900 104.3500 110.0200 110.9000 114.6500 114.2100 113.7600 106.5400 102.4800 99.3100 99.4700 100.6600 100.2200 100.4100 101.2500 101.2900 100.9900 101.0400
113.1100 112.3118 116.0762 109.6768 116.7184 111.5886 122.4035 121.1718 118.9076 121.1604 121.0941 120.9496 117.3316 120.2353 119.8459 117.0120 113.5748 108.0813 106.8536 106.2440 104.3739 102.8559 102.9359 104.4600 107.5821 115.1757 114.4888 111.5876 105.5061 101.0021 99.4851 99.9124 100.9504 100.3847 100.2228 100.1379 100.2612 100.4987 100.6837 100.9700
111.0500 110.9924 110.5786 113.6949 110.9065 123.5392 120.4140 120.7496 114.9277 117.5426 119.3896 120.5202 120.2567 117.6858 119.2473 115.2179 112.2398 106.6360 106.4959 105.2300 103.4248 102.6845 103.8119 105.8399 109.6531 114.2063 112.8629 105.0853 100.1131 99.9804 100.6646 100.3540 99.6214 99.2698 98.9901 98.8753 98.9557 99.2291 99.6239 99.9800
111.6100 112.8573 113.4249 113.0496 110.4108 116.9166 117.1107 118.4508 119.5477 120.9095 120.9329 119.8475 119.6906 120.0513 109.0078 112.9659 110.6973 108.5960 106.3639 104.3799 102.5981 103.1594 104.8111 107.7278 113.7946 113.3655 106.6844 100.7699 99.2578 100.8420 99.8265 99.1547 98.4875 97.8816 97.4697 97.3125 97.4357 97.8114 98.3808 98.8100
112.9300 114.1201 114.7962 112.3918 111.4740 115.1870 109.0562 118.9713 117.0409 115.2558 118.9659 118.0165 119.9603 119.7212 121.1549 111.3083 109.3061 107.7619 105.6190 103.7312 102.5308 103.7993 106.0817 110.6254 115.0391 109.2832 101.5537 100.0884 100.5853 99.8147 98.9360 97.9546 96.9975 96.1209 95.4719 95.2089 95.4063 96.0144 96.8569 96.8900
121.4700 113.7232 115.7157 119.6829 110.0404 115.2775 115.2902 108.5534 113.5115 119.7777 118.2520 116.0860 118.9854 118.3316 114.7512 112.5188 114.4147 107.2419 105.5420 103.2374 101.9683 105.0923 107.3361 112.9017 113.8288 105.0553 99.2935 101.2326 100.0231 99.0047 97.8713 96.5719 95.1758 93.8018 92.7475 92.2915 92.6365 93.6350 94.9831 96.8900
114.7100 108.2870 115.8878 117.8550 111.5324 115.2092 115.4661 114.0283 109.8527 113.9919 115.2506 113.8266 112.7618 117.0793 115.4131 112.9764 111.0927 106.9155 105.4696 103.5003 107.1474 113.0840 110.7188 113.9857 111.4021 102.0966 99.2851 100.7526 99.4054 98.2217 96.7493 94.9975 92.9524 90.7859 88.9423 88.1716 88.7773 90.5084 92.6522 94.9500
108.6800 109.2378 114.6972 119.0364 117.8819 117.1312 118.9831 115.5147 113.4731 112.9420 111.0508 114.5485 107.4580 112.8664 113.6048 116.4619 112.9200 107.3624 104.8119 104.1588 107.5246 110.9481 114.7590 114.4217 108.3677 100.5195 100.1183 100.1858 98.9224 97.4642 95.6446 93.3301 90.4329 87.1120 84.3229 82.7979 83.8667 86.6584 89.9747 91.6300
109.3300 108.1391 116.2554 119.4162 115.8986 118.3297 116.7017 112.2525 117.2029 116.2164 111.2461 114.4622 113.7226 107.1498 104.7406 114.8654 112.9505 111.2484 104.5244 104.7560 107.3972 110.0051 114.7422 111.2681 106.2234 99.8146 100.5003 99.7704 98.4982 96.8571 94.7045 91.7924 87.9338 83.4460 77.7045 74.3971 77.0123 82.9249 87.3205 91.6300
112.8400 111.2526 115.8792 118.4978 115.3810 116.9610 116.0803 118.1463 116.1902 118.7615 112.3557 117.3903 117.4783 107.6230 115.2717 115.6397 115.2508 105.1258 103.8943 104.5340 103.2783 110.3467 110.6180 113.0924 105.2647 100.3102 100.5691 99.5936 98.2322 96.4682 94.0776 90.7313 86.1500 80.4210 71.1172 67.3890 70.1084 79.2338 85.4234 87.6700
115.8500 113.5997 115.0697 119.4951 118.1400 119.2885 111.1609 119.6063 106.6716 112.7284 106.2539 111.5454 110.8498 105.0973 111.7473 113.4731 105.3846 106.0196 104.0239 106.9566 111.3486 109.6659 113.5175 110.1930 105.0345 100.9813 100.7723 99.5738 98.1740 96.3893 93.9359 90.4799 85.7360 79.4995 69.1275 65.0995 68.2306 78.1451 84.9909 87.5600
108.5000 115.1530 120.5015 116.5303 114.2762 113.9854 119.3926 116.9136 112.8408 108.8177 118.2846 115.8772 112.4745 118.4783 105.0509 107.6695 107.7282 107.9797 104.3816 112.4468 102.9955 110.9117 112.4680 110.0028 105.9247 100.9317 100.8427 99.6878 98.3536 96.6297 94.3311 91.1338 86.8460 81.6701 73.6836 70.1412 72.8348 80.8891 86.1567 87.8500
110.8000 110.5373 120.4165 119.0665 114.8185 114.1327 111.4965 118.3631 109.7673 108.7455 116.3551 114.4792 114.3251 110.6237 109.1103 111.5748 106.0344 111.0125 105.9955 111.0456 107.0919 109.5726 104.3250 103.2272 102.0007 104.5397 100.7773 100.2782 99.1479 97.6429 95.3908 92.4409 89.0273 85.2155 81.1385 78.6296 80.6126 84.5818 88.5374 91.3000
118.7400 111.2259 120.4804 118.0855 115.2325 113.0599 112.5927 110.0639 108.9462 108.1638 112.6586 112.6656 113.7390 110.7107 112.0242 108.1503 107.8443 106.3247 110.4118 105.7492 104.5519 107.4924 104.5960 104.4746 103.0578 106.4462 102.7107 100.4616 99.3478 97.9516 96.3999 94.0728 91.5371 88.8980 86.4795 85.4448 86.2537 88.7391 91.5705 92.4200
113.5500 116.2473 115.2552 116.0196 110.1573 109.7029 111.7793 110.0396 110.2220 109.6483 106.7036 111.2572 115.0296 112.7348 112.6894 107.8378 108.6295 108.3325 110.1286 105.0792 105.7972 105.9500 105.5637 105.2084 106.5371 102.0389 108.2468 100.0130 100.1040 98.8235 97.2365 95.8276 93.9781 92.2538 91.1883 90.2119 91.3260 93.0319 94.6647 94.9900
113.1800 114.3911 112.7070 113.9120 109.5621 110.8978 110.4241 109.5233 110.7365 111.1054 108.8170 109.7673 114.1254 112.9988 112.0072 107.2523 108.6386 107.1065 105.8357 105.3854 105.1815 109.4594 105.7233 104.5305 103.7755 106.3247 103.2659 101.3106 100.6794 99.8240 98.4840 97.4299 96.0469 94.9381 94.1226 93.7373 93.9960 94.9178 96.3699 97.4700
111.3200 112.0118 111.0750 109.0174 108.5752 109.4509 108.5930 107.9754 110.2196 111.4212 105.5791 108.7770 113.8012 111.6060 109.8800 110.2357 106.1244 107.4094 105.5751 106.6133 105.8523 108.1176 107.9076 105.2479 108.1865 102.3971 103.6980 102.9025 101.1509 100.6945 99.7304 98.5112 97.7144 97.0014 96.7193 96.5032 96.5430 97.0484 97.6635 98.8000
117.1000 114.2237 110.7122 111.0818 109.2671 108.3039 107.4944 112.3576 111.0753 112.5892 112.1213 110.4964 114.1064 113.6060 116.7362 115.7345 112.2618 108.1149 106.4843 110.2664 111.2355 105.7527 103.5583 107.6532 110.5236 103.1040 106.4649 104.2161 102.1655 101.2678 100.5609 99.6384 99.0881 98.5070 98.8457 98.6645 98.7072 99.0224 98.8808 100.0500
112.0700 111.9831 110.4810 110.3619 109.3817 108.4989 108.9860 115.1816 111.5351 113.1528 111.0133 113.9232 110.0282 111.7200 117.4734 114.1740 112.8543 110.7569 108.8845 108.2579 108.2127 107.0377 105.8752 111.4622 108.9518 107.5351 105.7148 104.9759 104.0183 101.7206 101.6462 100.7512 100.0592 100.5990 100.3939 99.9497 100.0754 100.1743 100.5565 100.4800
112.6900 112.1188 111.0261 110.8548 109.1675 108.1810 110.8762 115.2792 113.1241 112.2952 111.9495 113.4008 108.9291 109.0499 115.2727 114.7086 113.8569 113.3201 111.8878 106.0771 109.1427 113.7223 109.6546 109.6511 104.3501 102.2304 100.2978 101.8937 104.9335 104.1441 106.9955 107.0922 102.3659 96.1962 99.7789 101.3624 101.6390 101.5531 101.5573 101.2300
113.6400 113.3634 111.4755 110.7108 109.3752 110.0340 109.2700 111.6930 111.7055 112.0787 112.2808 109.4631 111.2708 106.5932 109.3079 111.2342 113.8996 111.2162 112.1166 106.4278 114.5088 107.6675 107.8138 106.7607 105.6044 102.9238 102.7182 105.6597 104.7332 105.0253 108.1392 102.0105 103.4754 95.2268 99.0813 99.7799 99.6224 98.3088 103.9572 104.1100
113.1500 112.8888 109.0026 110.5397 108.4845 108.4959 109.3538 111.0941 111.4659 113.2766 109.8054 108.9658 114.0533 109.1569 108.1632 115.9099 115.0143 113.8835 114.8712 114.7364 106.9597 108.7416 104.0534 105.0828 106.9353 105.1305 104.1246 105.3436 104.0363 103.3413 107.9011 105.7415 97.7652 99.5511 98.1661 97.2031 96.2717 96.9350 105.6888 100.0800
111.9100 112.0894 111.1758 110.2173 108.1709 109.5421 111.2694 108.9366 116.6345 118.7563 110.1649 110.3808 108.6927 106.9180 112.8090 110.0677 114.5608 114.3701 114.4315 114.1347 110.9049 105.7780 105.8316 104.7588 107.8810 104.8987 106.5863 107.3040 108.0986 103.8794 104.4749 103.6113 100.5152 104.1067 100.9277 98.8525 99.3124 104.2718 104.7101 100.0800
113.8700 112.6962 112.4450 109.8079 109.3800 108.8236 109.3399 111.1780 111.8481 115.6756 117.1817 107.7970 109.4837 110.6726 107.8594 109.0521 107.0569 115.1374 115.4457 113.1576 109.6358 106.2059 107.1969 106.2557 110.7975 105.4476 106.0033 105.8664 104.4250 103.7279 105.6906 103.7552 101.4880 100.2300 100.4986 100.5379 101.2343 102.4012 104.3482 104.3000
116.0900 113.7559 111.3846 110.8655 111.1303 107.8534 109.7561 108.4747 107.2228 108.6621 107.3025 107.4803 108.9810 112.1048 111.0985 111.0189 109.5138 110.9437 112.5779 113.2749 108.8055 109.1333 108.3475 105.9857 108.4259 106.0148 103.9649 104.7976 103.1650 104.4434 101.4538 102.1383 101.6870 101.2892 101.8115 102.4304 102.8644 102.6942 105.8991 108.2900
113.9300 111.0171 109.4064 111.0348 112.1234 109.1258 109.7590 108.9679 107.9579 108.0439 109.0459 108.7309 109.3825 112.0979 109.5956 112.0868 108.4707 106.8596 106.7526 110.2796 108.1792 108.1849 104.8732 104.4352 110.9564 108.4756 104.3775 105.5591 104.8283 110.2743 103.7837 105.2163 103.6628 107.0236 105.6306 105.4327 106.4877 102.4209 105.8416 108.2900
117.5100 114.1916 110.1266 112.2414 112.9047 112.0048 110.3489 109.5222 108.1919 109.7672 111.1847 110.7881 108.5445 109.7637 111.6475 110.5162 107.1183 106.5763 105.2689 106.3873 112.8519 110.7928 108.2090 108.9282 110.4370 110.9652 105.7683 107.2025 105.7144 105.7486 105.3978 105.7283 103.8347 106.7471 106.9471 105.4402 104.2666 106.6183 105.3717 103.7200
114.6800 115.2751 112.5239 114.8855 113.1066 111.6958 111.0079 109.4016 108.9931 109.2432 112.0117 109.5265 109.8166 109.5269 112.9173 110.9851 109.5666 109.6467 108.3826 104.5756 110.6435 108.7012 110.0270 108.5979 112.4356 111.5195 106.7345 106.8180 106.2928 107.0910 106.8925 106.2659 105.1616 105.5735 105.8342 107.3872 105.6706 104.8098 106.1041 107.2400
115.7100 113.8200 111.7451 112.1623 114.5377 111.4300 111.6253 110.3317 112.9627 109.7569 110.6917 111.9316 111.6952 110.8498 113.1491 108.9170 110.6624 112.3515 106.7285 104.7263 107.5853 111.1524 109.3984 106.6530 114.1639 109.4424 107.8572 107.7463 107.5639 107.8131 106.4054 106.3997 106.4185 106.3174 106.4640 107.4077 106.4234 106.9734 107.3529 110.1200
115.2000 119.8308 113.0223 111.6761 117.6099 109.5424 113.8826 111.5870 113.4748 109.0640 110.8993 109.1923 107.0745 109.6831 114.8352 113.1819 114.5522 108.9295 107.2713 108.0421 112.4996 113.2749 107.0126 112.2169 112.1216 110.4769 108.0632 107.9330 107.7968 108.3242 106.6078 107.3994 107.3474 107.8012 108.2430 106.5468 106.5110 106.6433 107.8467 112.4400
116.1600 121.6096 115.2386 115.4895 114.2169 111.3949 108.7455 111.7490 109.9359 109.6530 109.1244 108.2267 108.3648 109.9235 114.3152 115.0998 108.1300 112.2625 110.9594 109.7091 111.8249 107.3179 105.8817 110.8446 111.0491 105.1668 110.4215 109.2293 107.6838 108.6655 107.2699 107.6319 108.1765 109.2496 108.1023 107.1455 107.0050 106.9682 108.4041 107.6900
115.8800 115.1231 115.7624 120.4474 118.7434 112.1588 110.7091 113.2380 113.5657 112.2182 109.2129 110.0895 109.9734 107.9182 112.9218 106.7100 108.1491 104.4827 106.8159 109.4396 111.0325 106.5178 109.1923 107.2085 106.6696 106.9631 114.2574 108.9822 111.1717 108.4531 108.8666 109.2937 109.1991 108.2347 107.6501 107.6224 107.1640 107.2296 107.8223 107.4700
116.6600 116.5523 115.9020 114.3892 113.9286 114.5868 117.9251 116.8040 115.0565 111.3603 110.0707 109.6237 109.9103 111.2506 112.2134 107.5561 107.3370 106.1397 106.5040 111.9143 109.9662 113.7731 104.8815 108.5866 106.3247 107.0216 107.8442 105.0857 104.4544 103.4326 104.6708 108.9650 109.6814 109.2242 107.4545 107.4076 107.1705 107.6515 107.8352 107.4800
118.0300 117.7068 115.7970 115.7957 114.9294 115.1457 118.7324 116.4073 115.0866 113.8407 111.2127 111.9720 110.7951 111.2639 108.8814 109.5839 107.3149 107.8631 108.5931 110.3359 109.2869 107.0535 108.5538 109.2710 107.3900 105.7445 108.1024 107.4304 107.8834 106.2564 102.9811 107.7836 107.6919 103.6915 107.9065 108.3379 108.3520 108.2702 107.8068 108.2000
118.3400 117.3896 117.7233 116.4169 116.3737 116.7658 118.1416 117.4101 113.9977 112.0567 109.7494 111.2292 111.0300 110.9744 110.1701 111.2124 109.9311 110.7203 111.0529 112.1729 107.1241 108.7896 106.4488 105.8203 108.0002 106.7113 104.8492 104.7734 104.4835 106.2879 108.1966 104.6177 107.3987 108.9448 108.1548 108.6908 108.0865 108.0236 108.2082 108.4500
118.3400 117.1968 118.2185 118.1857 116.6699 117.0206 116.5584 115.5788 113.5579 112.8917 108.5687 110.5188 110.6098 111.7738 112.7638 110.8538 112.4266 113.8367 111.8871 113.2032 110.3495 106.3840 105.8919 107.7452 107.7577 107.5717 106.0116 105.9942 104.7306 104.6618 108.2341 104.3117 109.5172 109.3388 108.6147 109.3503 109.3086 109.1732 108.1585 109.0000
118.1900 117.5353 117.5314 117.6640 116.2320 117.2259 115.6004 114.5831 114.8766 113.1902 111.4820 110.1794 111.7417 111.1238 112.0102 109.0451 110.3621 114.0646 113.4071 109.0213 107.4326 106.5239 109.8634 107.8655 107.4576 108.8655 107.2911 107.1361 106.4572 105.6455 108.6696 106.7345 108.5038 108.1234 108.2217 108.4828 109.5098 109.0061 108.2437 109.1500
118.7700 117.0667 119.3762 116.5004 118.5390 117.9069 117.3533 116.0179 115.0095 113.9090 115.5370 112.6556 112.1159 111.1788 110.3663 110.6344 110.1459 111.0243 115.7023 108.5120 108.6434 107.5003 108.6709 107.9921 108.4133 108.1751 107.0895 106.9439 107.3153 106.4814 106.4390 107.2152 107.2143 106.9997 106.5383 107.2124 106.4785 108.5169 107.3433 109.2600
119.1400 122.7482 121.3831 119.0486 119.6123 117.7336 117.9683 117.0925 116.7809 117.0679 114.1960 115.3642 113.2195 112.2599 111.9447 112.9208 115.2610 112.1357 114.1800 112.5910 110.1460 109.4024 110.5432 108.6167 109.0536 108.7869 111.5846 108.0566 108.2594 107.8040 107.4630 107.7050 108.0195 107.7036 108.1814 107.7481 108.6706 107.1380 109.6908 109.6000
119.1400 120.4800 120.4800 118.2600 117.7500 118.2800 116.6100 116.1500 116.1500 116.7200 116.7800 114.3500 112.2000 112.2500 111.9200 111.5200 112.9700 112.3700 115.3800 114.1100 111.7900 110.6900 109.3700 109.3700 108.4300 109.5600 109.5600 109.1900 109.1900 108.7800 107.8400 108.0300 108.0700 107.5900 109.1000 108.0100 107.2100 109.2500 109.2400 109.6000
