118.2500 114.0000 115.2500 114.8400 115.4700 120.2700 120.0200 117.2500 114.4000 107.2800 107.7500 108.3600 103.7400 103.5200 103.3400 104.3800 109.2300 113.5700 114.2800 113.8000 107.1700 99.0300 99.0300 100.4400 100.0100 100.0100 99.1000 98.0300 98.0800 98.0600 99.1900 99.0200 99.8900 100.3500 100.7200 102.5700 102.5700 107.6500 114.3100 114.3100
116.2000 117.9044 115.0767 115.0834 115.1572 120.4887 112.5099 117.8498 115.2446 109.4193 107.1174 105.2159 103.8658 102.7489 103.1335 105.0593 106.8311 114.6077 111.6583 109.0909 101.5255 99.2583 100.9941 99.9988 99.3556 98.7496 98.0801 97.6240 97.3954 97.4759 97.8155 98.3390 98.9895 99.6966 100.4855 100.3843 99.0595 100.1075 113.0014 114.1500
115.1800 111.7504 117.3174 117.8942 119.8844 114.5807 107.9595 111.6861 116.8446 117.2984 109.9835 105.1534 103.8872 104.2732 103.8108 104.7727 109.2024 113.7051 109.0962 103.2825 99.7192 100.5530 100.0872 99.1484 98.2070 97.2612 96.3756 95.6972 95.3649 95.4748 95.9893 96.7795 97.7147 98.6727 99.5085 100.6402 100.2824 99.5084 105.7306 109.7800
113.0800 111.7590 114.5464 116.7633 112.3280 118.1594 116.8492 115.3449 104.8026 104.6074 105.4555 104.5098 104.3895 105.0144 112.7801 113.4115 112.0732 114.8674 106.7996 100.0160 100.5877 100.2440 99.2557 98.1557 96.9028 95.5446 94.1796 93.0822 92.4974 92.7041 93.5643 94.8237 96.2115 97.5306 98.7119 99.7269 100.9662 99.1267 103.3183 107.8300
117.1300 119.4197 117.8278 115.6353 119.3769 118.1325 112.3981 108.1429 106.2666 105.9362 104.6473 105.0768 104.2675 105.0485 105.5289 112.4603 114.7656 113.5569 103.4296 99.3824 100.9077 99.5768 98.5125 97.1102 95.4410 93.4802 91.3548 89.4764 88.4723 88.7982 90.3331 92.4027 94.4586 96.2885 97.8155 99.1184 100.2164 99.8837 100.6394 106.4000
114.4800 113.8858 114.0564 114.1034 110.3062 115.7212 108.6681 109.0322 108.5369 109.3357 105.2999 109.0565 107.3181 106.7660 110.6629 113.5948 109.8456 112.4249 107.4901 100.4612 100.4121 99.2267 97.7803 96.0830 93.8955 91.1500 87.9531 84.9922 83.2188 83.8887 86.3266 89.5203 92.5471 95.0321 96.9710 98.5164 99.6867 100.5854 99.8601 105.3500
113.9200 106.7566 111.8236 111.7171 109.3113 111.8761 111.8265 107.1852 107.6033 110.2869 107.6814 109.9156 111.0899 107.5340 112.1559 107.3906 103.7744 108.5682 107.3701 100.9734 100.2169 99.0317 97.3767 95.1860 92.4806 88.8514 84.4817 79.1807 75.1090 76.4901 82.0791 86.6224 90.7252 93.9024 96.2581 98.0292 99.3880 100.5885 99.9865 99.9400
107.5800 108.7134 115.1965 111.3138 110.6487 112.5097 113.5615 107.0155 108.6601 109.2829 107.0470 106.9880 110.2018 113.0310 112.3852 109.1253 107.7100 105.9282 105.4209 100.7987 100.0432 98.8643 97.1557 94.5999 91.4930 87.1865 81.8992 72.8883 67.8313 69.3484 77.5371 84.5188 89.4518 93.1421 95.7931 97.7248 99.1735 100.4292 100.2726 99.7400
116.9300 112.0653 113.6514 109.4996 109.8520 111.3120 111.3366 106.5937 107.2931 105.4690 109.9808 105.7464 107.9664 113.9904 113.0477 109.1500 108.5024 107.5292 104.3715 100.5314 99.9322 98.7807 97.1327 94.4102 91.2177 86.7349 81.0182 70.5517 65.0029 66.8365 76.0892 83.9497 89.1088 92.9492 95.6735 97.6521 99.1361 100.3768 100.3610 99.7000
117.2900 117.7325 111.8802 111.8546 109.4354 110.0494 113.4396 106.7414 106.3907 106.7944 107.5503 106.2665 106.6754 108.6646 107.5605 108.6955 107.4743 111.3719 106.9614 100.8458 100.0405 98.8475 97.1940 95.0540 91.7428 87.6442 82.4930 75.2519 69.9512 71.4392 79.1381 85.1362 89.8013 93.3616 95.9277 97.8124 99.2354 100.4641 100.2406 99.8200
117.1600 114.1015 113.8271 115.3913 115.2158 116.3546 107.0224 105.7485 111.4157 104.8797 116.0849 104.9004 104.1518 108.8916 104.6228 113.5071 113.4536 112.4877 102.7063 99.9582 100.2698 99.0461 97.7216 95.5170 92.9165 89.8403 85.6868 81.6325 78.3255 79.4969 83.5989 87.6180 91.3519 94.2843 96.4947 98.1828 99.4846 100.6000 99.9563 100.1000
115.3100 116.7144 115.4480 115.5532 114.1012 113.7420 111.9715 108.0371 108.4595 105.2534 110.6523 108.6182 107.1142 113.1787 110.1665 113.4475 111.4539 102.3604 102.8342 101.7522 100.6724 99.6316 98.5374 96.5651 94.4637 92.5264 90.1658 86.8779 84.9264 85.6577 87.6246 90.6340 93.2240 95.4732 97.2650 98.7221 99.8595 100.4538 99.9606 104.9300
109.8900 112.9245 110.4486 112.0806 110.8015 108.9908 110.3260 108.5688 109.3884 107.5104 112.9224 104.9301 113.2636 105.0516 110.1963 109.9706 105.5732 109.4542 106.5607 102.3323 101.1569 100.3619 99.2221 97.5145 95.9037 94.4286 93.3070 91.9192 91.6333 91.5347 92.4053 93.6856 95.1091 96.7436 98.1376 99.3293 100.3915 99.7294 101.4290 106.0000
109.8900 112.8332 111.8969 112.3064 112.5320 117.0455 113.3226 108.5280 108.9509 107.4790 106.7468 106.6557 106.8625 107.8962 106.9103 104.3472 105.2342 100.5405 101.9214 102.2104 101.8776 100.8042 100.0440 99.0003 97.7593 96.5879 96.1199 95.2222 94.4219 94.6974 94.4759 95.7864 96.7556 97.9476 99.0076 100.0890 101.1949 98.8019 101.9629 102.6100
110.8500 102.9338 115.1435 116.9278 110.9594 108.9807 114.5883 107.4055 107.0983 106.5371 108.2970 108.2131 104.8999 110.2117 106.0964 105.1289 104.5027 107.5296 97.6596 103.5901 104.0459 101.2809 100.8678 100.1880 99.0950 98.4895 97.7287 96.4751 96.6879 96.8979 97.1668 97.3715 98.1921 99.0377 99.8213 100.8086 100.9164 103.7046 101.3247 113.9500
111.1700 115.9794 116.9937 111.5375 110.4365 110.8142 102.2651 109.4762 106.9165 105.7354 106.8968 108.4226 106.6201 109.9961 105.5845 105.8754 101.2667 105.3628 102.3983 106.2390 103.6989 101.9408 101.3503 100.7791 100.2756 99.7212 98.9113 98.2413 98.3895 98.4547 98.8320 98.8151 99.4260 100.1156 101.0190 99.6388 100.5061 102.8629 110.5132 105.8300
111.2500 113.3307 113.9345 109.3089 109.0253 114.1470 109.3999 110.8630 108.3608 107.3234 106.3352 108.2077 106.8711 108.0359 106.7430 107.5250 103.9599 104.6241 104.9093 104.8352 103.8994 103.2557 103.6676 102.2743 101.1084 100.7532 100.2667 99.8213 100.0292 100.0897 100.2624 100.1316 100.5387 100.4785 102.5273 106.6868 100.4620 107.8034 107.8455 107.7200
108.0200 111.5142 110.8183 111.8197 110.0472 111.7237 111.1843 109.0612 109.2951 108.1064 108.0172 107.4314 106.9661 107.4468 107.6797 105.2619 105.1158 103.9165 104.4685 105.0277 104.5225 103.2597 98.9717 102.5602 101.7463 101.1847 101.1182 100.7138 100.9518 100.9283 101.1853 101.1145 101.1494 101.4737 102.3946 107.6566 103.8840 105.1268 108.3359 107.7200
111.1400 112.7670 108.2926 112.8321 111.2424 109.4148 108.4840 109.4172 104.2718 109.5866 107.4591 107.5153 106.5413 112.5195 106.0993 108.5179 105.3285 104.6129 104.4571 105.6829 105.2660 104.5946 98.1855 104.3420 110.0255 101.7198 103.3017 103.1301 101.8668 101.9699 102.2260 103.5542 101.9815 106.4037 101.3537 103.0136 103.3382 103.2022 109.1873 114.4600
112.4100 112.2332 112.5655 111.5141 107.4713 110.1080 108.3284 103.3245 107.5331 108.8334 108.2416 107.7454 109.0671 111.5113 105.5982 106.4674 104.7944 105.7951 105.5045 104.8747 106.2496 106.4648 108.0598 109.2217 106.5984 104.0135 100.1095 101.5946 102.6818 102.5927 103.1685 104.3437 106.1527 109.3276 106.2247 106.9378 104.5105 110.1171 108.7758 106.2500
111.2800 111.0006 113.2102 110.1271 106.8161 109.9382 109.3620 108.5697 105.8193 107.4340 108.8550 110.6888 107.3366 108.2076 105.5048 104.8760 105.6599 103.9168 105.5580 103.9755 106.9676 105.1829 104.8865 106.0247 109.9160 102.5603 100.1489 104.6074 103.3293 103.5976 104.5953 108.0387 106.3172 99.5034 101.4962 103.7352 103.7458 103.3083 104.9096 106.1300
112.2600 111.0490 114.5392 111.9260 107.4251 109.8316 109.7580 105.0576 108.8405 109.6999 114.0081 107.9881 107.1938 108.1001 107.1104 110.4557 106.1719 104.7515 105.8456 105.5135 108.8431 106.6361 103.9326 103.8987 104.8035 104.5702 104.1801 105.2877 104.8490 104.7561 104.4932 104.9488 102.9780 103.0638 104.1193 102.2396 103.5095 104.7124 107.7128 106.9900
111.6100 114.1906 110.1776 108.1955 111.3708 110.6710 111.8719 104.7865 109.2720 107.1414 109.0797 109.5654 112.8167 112.9345 107.9926 109.3690 107.5147 106.6676 107.7525 107.7273 105.2809 102.9098 103.9937 103.3492 104.8306 103.9436 106.1735 105.8664 106.0378 105.4340 104.7196 102.9600 101.7055 103.2274 105.8056 103.8261 103.2008 106.9452 105.9660 107.9000
110.6800 110.5695 109.5030 109.9307 112.8981 110.1265 111.4271 112.3654 108.1621 108.3007 108.0914 108.9339 111.4804 114.7353 109.6692 108.1458 109.5609 105.7879 106.1602 110.9991 107.0888 107.0821 107.3307 106.6198 103.9870 102.6672 106.4764 105.4118 102.4946 102.7901 103.0451 104.3473 103.8309 103.7965 104.7663 103.1807 104.2926 105.5382 106.1978 107.4300
114.3000 114.6126 112.5991 112.2364 109.9833 110.7689 108.2550 109.6672 110.1308 107.6312 108.4265 113.3198 109.7438 114.1187 108.7530 113.6697 108.8865 107.8335 106.6032 111.2348 109.8511 106.5946 104.0507 104.8187 109.4503 105.2165 105.2703 104.7719 102.9015 104.2663 104.2688 105.2514 104.3203 105.3672 105.0439 106.0479 105.8546 106.6636 107.4292 107.9400
114.3000 112.5091 115.4523 110.8647 109.8464 110.4898 108.7972 115.6071 110.8925 108.1641 110.2251 108.3431 110.9577 112.4222 107.6833 114.4212 113.0576 108.5292 107.4697 112.7889 112.1438 110.4171 104.0325 105.0697 110.7504 104.9785 105.2009 104.9151 105.5437 107.3807 107.6901 105.9958 105.1737 106.3927 106.6368 107.4603 106.6598 107.3182 107.6784 107.4800
118.4200 116.0719 115.2457 112.9388 113.8822 112.1930 109.4632 110.7729 111.5178 109.9399 112.9558 105.9273 113.2698 113.5330 108.3599 115.0755 111.5665 108.4263 108.3025 113.5761 111.6426 109.3754 105.5249 106.7325 106.9097 106.7268 107.3630 105.6289 106.2332 105.3090 106.6718 106.1239 104.9571 105.6970 106.7843 106.7716 107.8094 107.0119 108.1632 107.4800
118.3900 115.4298 111.4860 114.8601 115.8724 111.9602 110.6190 109.3313 110.6209 110.1258 112.1291 109.1550 110.3176 108.3131 106.2327 111.4014 104.3575 113.8985 110.2875 113.5106 110.7357 112.9122 115.8176 112.1831 111.1350 107.5338 110.5733 105.6577 106.0798 107.1374 109.8086 106.7123 106.4755 107.0682 108.0444 107.1117 108.6837 107.6507 107.6852 107.8300
110.8300 114.7222 111.0442 109.8552 111.0074 110.3178 109.0013 109.5954 110.1656 109.0467 112.0748 110.7250 107.9534 108.9539 108.6637 106.1445 111.5656 109.1550 109.6271 112.1256 114.8693 115.7978 113.9869 111.6441 111.4521 110.1932 111.9787 108.9049 107.5391 109.5054 113.4172 107.4346 107.7206 108.8146 108.0452 107.5304 108.4382 107.3235 107.6281 108.1300
116.4200 117.8161 116.6157 112.1129 110.9024 109.8224 109.2822 108.6454 108.5166 108.5850 112.4549 110.1094 108.9550 110.7750 111.1996 110.1691 111.3589 110.5049 109.3370 110.2163 112.2327 116.7404 114.7859 111.9378 108.1787 110.1048 112.9315 107.9980 107.7376 108.2878 111.1554 107.5402 109.1575 110.3460 107.1356 107.8865 107.7993 107.1620 107.7244 107.7400
119.4000 118.5235 113.3921 111.0042 110.9831 109.2649 109.2711 108.2687 107.3010 112.0676 112.3562 110.8641 114.0025 111.7266 110.9532 113.4009 105.8568 112.4416 111.1669 110.3107 105.7061 109.2621 108.9167 108.7158 108.3198 112.3741 112.3776 111.0754 110.0746 110.0201 112.0724 108.4296 108.1241 115.9196 108.8290 107.1663 108.2284 107.7612 108.6311 108.7500
120.3000 115.0005 112.0166 115.3019 111.7720 109.4429 108.7121 108.3417 115.9796 106.4388 107.8203 114.0147 110.4054 113.1415 111.9216 110.6161 110.6052 109.6515 104.1635 104.0356 106.5542 109.4764 109.1537 107.4085 106.6002 114.0753 114.5776 105.2852 103.4461 105.4775 107.6424 109.6082 102.0552 110.4249 109.9839 107.8964 107.6106 108.0783 108.7688 109.1800
120.5600 114.4735 112.5748 111.7034 113.1474 115.1143 111.6104 111.6162 116.1860 111.2294 108.5554 107.7306 110.4530 114.8609 113.2388 106.3749 105.6968 103.5486 103.9404 106.8690 107.1177 108.8466 110.4815 106.7210 103.2873 114.0106 104.2113 107.8730 110.5182 103.2685 106.3340 105.7536 106.3591 108.6255 108.7264 108.4536 108.6908 108.4699 108.9518 108.6700
118.0700 113.8423 112.9083 112.8973 112.7181 114.5526 113.0730 113.8131 112.0527 111.6889 109.8487 113.2540 112.9061 113.5211 112.0221 108.5771 105.6940 105.5858 107.2844 107.8053 108.8021 110.1194 107.8538 106.5276 107.0784 110.2502 110.9080 108.6964 109.1148 107.8560 108.6947 109.4892 107.7194 108.4039 107.6705 109.0753 109.2803 109.0667 108.8124 109.0100
118.0700 116.0206 113.9403 114.8402 114.2818 114.2241 116.3470 116.2768 111.5664 111.3002 110.5122 112.8878 113.9690 110.8185 115.6233 111.7215 108.1235 106.7530 107.3929 110.1277 109.8076 111.2001 107.1614 106.3646 107.0343 110.5408 107.8887 109.1717 105.6429 108.1375 108.0916 107.7816 105.2309 109.2323 107.8342 108.7920 108.7924 108.8051 109.9563 108.8400
116.0500 115.1982 116.3787 115.9705 113.6147 115.9319 113.2699 113.7585 109.7487 111.8321 111.9551 108.3877 109.4615 109.9052 118.6612 108.7217 110.3692 111.4439 108.9745 109.9280 109.9831 107.0192 106.7490 106.9314 109.4966 114.5833 107.1578 104.1442 107.2415 107.2728 104.8297 106.9936 107.3164 106.5751 108.4595 109.4639 108.4646 109.9334 109.3411 109.2700
121.2200 116.3042 115.9387 114.0182 112.1493 115.8198 110.8960 111.2768 110.7431 112.3706 112.0961 110.1861 110.7743 110.1898 112.4996 108.4912 111.2259 111.9047 111.3704 110.1517 111.4244 109.3689 109.0468 107.6316 107.7241 113.3625 106.5717 106.1555 106.6444 107.2899 105.4506 105.6080 106.5770 110.2819 107.9242 108.9834 107.9195 109.3176 109.3632 109.2800
121.2200 116.3723 115.1020 114.8248 114.5320 114.6867 113.6203 113.2850 111.5846 111.5554 111.2795 112.3027 111.2537 112.0193 111.1382 110.2359 111.2110 110.8631 112.5039 108.5424 111.5746 111.3654 110.8551 109.5360 114.3372 113.7566 106.8112 106.5853 107.6884 107.4523 106.7923 106.6072 106.3984 108.3917 107.6886 108.3823 108.3058 108.8809 109.9977 111.7100
118.2200 118.3474 115.7101 115.6797 114.4357 114.4518 114.4900 113.9756 112.6692 112.9338 112.9501 112.2686 113.2194 112.1286 111.7319 113.8544 113.4478 109.8792 112.8258 112.8164 114.6282 114.3642 112.0242 110.3612 111.7940 108.6751 107.1412 107.7061 108.6670 110.0294 108.6102 109.4626 108.1017 109.1359 108.7142 108.5304 109.1300 109.9477 110.5959 108.7800
117.4200 117.4200 116.2800 116.2800 115.3200 114.9500 114.8400 114.1200 113.0800 113.0800 113.7600 112.8900 113.5800 110.4700 112.8400 114.5000 114.3900 111.0900 108.7700 110.3300 114.8200 111.9700 112.5200 111.1100 110.3400 109.4600 108.0600 107.8700 109.3300 109.4700 110.0300 110.6700 108.6600 108.6600 108.6900 109.0700 109.0500 110.4800 110.4000 110.6000
