120.0800 112.5300 114.5400 108.8900 112.1500 107.9500 108.5500 105.4800 106.6200 111.3100 110.0100 108.7100 110.3200 110.2000 106.1000 101.3300 99.8800 99.0300 96.5600 95.0200 90.6200 87.5600 79.2800 71.6100 71.6100 72.0100 72.0100 84.8700 87.5500 93.0900 95.0200 97.8100 98.8500 100.6200 101.4000 104.5000 109.7500 114.0500 108.7100 106.2700
114.1900 118.6743 114.7532 108.4154 108.5735 108.9371 108.7537 108.0483 106.8058 108.6597 109.8785 110.6958 113.2003 112.0547 107.3247 100.8670 100.1267 98.8977 97.1724 94.9483 91.9694 87.8751 82.6142 75.6162 68.9392 69.0529 79.9215 85.0960 89.0646 92.8905 95.6020 97.5688 99.0918 100.1574 101.7218 102.7550 109.2816 114.0970 108.7672 106.2500
120.0900 119.7108 115.0342 111.8428 113.8432 111.1598 104.7833 108.5849 103.6464 106.2153 109.2187 114.4914 106.5078 114.3489 108.0840 101.4944 100.1660 99.1485 97.5763 95.5456 92.9732 89.5566 85.3841 80.8551 76.3121 78.0635 83.4405 86.3686 90.6002 93.7378 96.1228 97.9145 99.3269 100.4054 101.5250 103.4176 109.8902 113.2187 108.1438 106.3400
120.1100 119.0001 113.6399 109.5463 113.8068 106.9336 104.8200 105.7759 104.0692 104.5755 105.4452 114.2705 111.8101 112.7209 106.0123 102.7214 100.3430 99.5004 98.0282 96.4289 94.3563 91.7634 88.7889 85.9994 84.1652 84.5404 86.5402 89.6346 92.5224 94.9787 96.9052 98.4366 99.6723 100.7154 101.3788 104.9114 111.6828 114.5967 107.2999 106.1500
112.3700 111.1434 107.4055 110.2035 116.7585 111.5458 108.7946 106.0946 111.1947 113.0534 109.2281 111.7151 111.0615 110.2099 103.2328 102.4777 100.9270 99.8782 98.7414 97.4107 95.8337 94.0034 92.0269 90.1699 89.1104 89.2891 90.6361 92.5558 94.5086 96.2840 97.7876 99.0811 100.1256 100.6191 101.9109 106.8706 113.3365 110.6891 106.6462 104.2300
104.3100 109.4201 109.1840 111.7360 113.8095 115.5352 106.8186 104.6049 107.7068 111.5368 108.0647 109.8796 112.0781 114.7991 106.4931 99.6313 100.3964 100.4816 99.4622 98.4217 97.2132 95.9559 94.6484 93.5673 92.9655 93.0610 93.8256 94.9939 96.2856 97.5690 98.7184 99.6970 101.2166 100.3869 103.6707 110.1141 113.8054 109.2392 105.9840 104.2300
104.3100 110.9629 111.6769 111.0665 114.7667 110.1809 106.5129 107.0013 110.3845 106.7145 109.9450 108.0920 111.3907 114.3062 102.7138 101.0133 99.7506 100.4214 100.4412 99.3467 98.5365 97.6127 96.6813 96.0462 95.6836 95.7416 96.1968 96.9301 97.8089 98.7270 99.5885 100.4609 101.5930 101.5634 106.7488 113.7402 112.4240 107.5509 105.1179 103.9900
114.5300 110.4028 110.3025 106.9889 108.7278 106.4944 106.0376 108.7809 112.2440 111.4318 107.8667 113.9063 106.6836 108.1391 102.3963 102.9635 103.4385 98.8057 100.7268 100.1680 99.4951 99.0412 98.3862 97.8697 97.6435 97.6818 97.9806 98.4768 99.0681 99.7077 100.6219 100.4449 101.0691 104.8392 110.6175 113.8151 109.7207 106.1471 104.2063 103.8600
111.6400 111.1580 112.9759 112.0739 110.7497 111.1089 106.3587 109.1203 107.5975 108.2328 110.2707 112.2091 107.2374 102.6390 104.6156 105.0637 107.9269 101.5238 99.7132 102.8903 100.3995 100.1003 99.8715 99.3760 99.1765 99.1727 99.3552 99.6531 100.3100 100.6616 101.5989 100.4276 104.2702 110.2909 114.4382 111.1974 107.2479 104.9594 103.4211 103.2300
114.2500 117.2036 116.7595 115.9496 106.7409 113.3755 105.5590 107.4248 106.9995 105.2919 110.3716 110.8871 108.6563 106.6753 103.8973 102.5425 113.8494 109.3677 102.6799 104.7897 103.7571 100.8814 100.9458 100.5058 100.2848 100.4080 100.5873 100.9819 100.6338 100.1021 101.7813 104.8053 110.1923 114.2254 112.5089 107.8606 105.5489 103.9429 103.1499 103.5800
116.5700 117.1036 115.0426 114.1492 111.4371 115.0168 106.8289 107.9322 108.0778 106.3002 107.0421 109.8896 107.1947 107.5416 110.2865 111.9269 115.4307 111.1323 105.6737 105.8412 109.1286 102.3008 101.4401 104.3232 99.6235 99.9766 100.6683 101.1665 100.6836 103.4930 107.0085 112.1951 114.6809 111.9808 108.4250 105.5753 104.0458 103.1051 103.7006 105.0900
108.6500 112.3954 112.8634 111.7393 115.2828 108.4121 107.3019 113.5748 105.8674 106.3882 109.7738 107.4013 107.2078 107.3534 111.3849 115.5021 115.3438 105.2007 109.7856 103.0769 107.1605 105.0701 102.4984 105.6134 102.3343 102.6678 100.1785 102.8316 108.9878 111.5326 113.1914 114.9736 112.0507 107.9586 105.9513 104.4948 102.9897 103.1080 104.7079 105.5300
112.6100 111.6883 113.1365 117.3573 113.7409 111.2861 115.7678 109.8554 107.8195 105.2640 107.1861 107.9942 110.5618 114.1022 102.8884 110.2874 109.3316 114.6977 114.2904 104.8010 103.9902 106.0159 105.0040 105.7818 111.0114 110.6294 106.8713 103.3838 111.0996 103.9074 114.3052 111.9744 106.7197 105.2955 103.9843 103.3307 103.2961 104.5523 105.8719 107.2800
112.0300 114.4833 116.2954 115.3814 114.1267 113.1576 113.2546 110.1571 105.9800 108.6050 106.3873 107.9649 109.0249 110.2458 104.8240 114.9425 106.5945 102.1203 108.9886 109.1977 106.0530 109.0549 105.3495 114.7756 113.9522 114.6077 113.1046 108.0589 105.3231 113.4052 110.7458 109.2006 104.7256 103.6224 102.9632 103.3643 104.2255 105.2058 105.8730 105.6600
113.3300 113.0637 108.1168 112.8058 109.9533 111.5387 113.7213 109.2973 106.1148 112.9915 111.3519 112.7151 111.4532 106.8540 106.8145 111.6777 112.2396 110.6897 103.1042 108.5779 111.5511 109.8144 107.0351 106.0655 105.7464 114.0407 111.1373 110.0348 109.9864 113.9202 106.5849 104.7138 102.9610 102.6136 103.6201 102.8499 104.7932 104.2405 104.8644 107.3700
109.1200 112.6047 115.0614 115.2248 113.4479 111.6322 113.3898 110.4408 111.0258 110.1871 109.7282 108.7646 108.0046 104.8446 110.3270 111.1624 106.0342 107.0438 106.8695 106.5373 110.4908 111.4009 111.9171 111.9937 107.6629 112.9382 114.0792 107.4390 105.9120 108.3505 110.1007 103.6841 103.9323 104.2360 105.2965 105.6426 107.0554 109.4620 108.3623 110.3700
109.1800 113.0855 111.7243 114.9648 114.4920 113.7304 110.6351 109.3143 110.1301 110.1036 110.6761 106.9363 106.9529 106.5639 110.9399 108.1193 108.2345 104.9832 108.1054 108.6788 112.7967 113.6525 108.3795 112.8416 115.8831 114.8304 115.6117 103.8293 109.0540 113.0921 113.6695 104.1713 105.3285 106.8485 104.0753 104.7999 106.3093 109.5994 112.2989 115.8800
115.1900 113.8051 116.2102 114.2494 108.2821 112.5055 114.5753 110.1088 107.6138 109.6297 107.9696 109.3405 107.3927 114.6392 111.3880 106.1273 105.2582 110.1836 107.2111 107.3282 106.3481 113.9581 107.0037 111.0674 112.0717 116.0899 110.6326 108.8181 106.5080 113.7141 108.9961 104.2139 109.5918 107.3441 108.1289 104.9265 104.7098 106.7700 112.9032 115.8800
107.4900 109.0887 112.5681 112.1971 109.2440 110.4776 110.2257 112.7052 111.6294 103.9707 110.4524 112.5343 113.9215 113.9496 107.2310 107.2327 106.4532 106.3841 111.3949 107.4795 115.9491 105.6632 110.5312 111.6835 110.2052 108.7868 112.7462 104.6132 104.4165 109.5373 106.5238 106.4607 115.6466 109.2183 103.9011 105.4000 105.0342 107.5701 107.7829 110.0100
108.2500 112.3288 111.1445 114.8987 108.6777 113.1164 112.4477 111.8082 112.1871 108.7515 106.0189 112.9461 116.3430 108.5430 112.8056 109.8732 113.0117 107.4892 105.8816 109.7679 113.2177 105.9474 107.5104 107.2025 107.6115 107.5144 113.1068 105.6418 107.2492 105.7648 108.4936 109.9627 116.5016 115.0111 108.5304 106.3807 106.0903 109.8664 107.8054 105.9500
113.5000 114.0182 113.2371 109.5595 107.0841 114.2505 110.9988 109.7265 112.0254 111.7910 109.9899 115.2981 115.0626 106.3743 108.7319 109.3075 114.7846 107.1166 112.6611 107.9332 110.8708 112.9584 108.2603 107.6994 107.7984 110.6387 111.9409 107.9443 114.9978 112.3869 112.4397 115.1133 111.9597 112.6283 113.9904 115.4298 107.0990 105.0661 106.5386 106.9300
114.8300 113.1965 112.9245 110.5609 112.5073 113.8116 111.5047 105.7262 113.5101 112.7099 112.4965 112.2677 109.4610 108.0287 103.2318 112.2164 114.6400 112.9827 116.8554 114.3296 116.4540 109.1951 107.6889 107.6622 108.5130 106.9906 108.1927 111.6437 114.2665 107.9482 111.6461 110.8994 110.0274 111.6884 107.6033 101.6463 104.1663 105.1999 108.4174 108.0500
111.2400 110.5051 111.1110 110.3955 113.2101 113.4896 115.5546 114.2307 112.7616 117.6148 115.8786 112.4802 109.5160 109.4497 106.1854 112.6581 110.9632 119.0621 116.2581 115.9634 117.5155 110.5198 109.4684 112.0873 110.1776 109.0327 110.4608 110.1960 119.3955 108.4216 110.3624 104.5629 106.2259 105.7511 106.8737 103.2672 103.7001 108.2438 113.8454 111.6300
116.8300 114.6830 109.2926 109.3737 110.6436 114.4220 115.0630 116.6229 115.2890 114.4643 110.9880 107.6063 106.9172 109.3565 108.6196 105.7037 107.8199 112.5216 111.4497 113.1824 110.6220 110.5809 109.7006 108.5963 106.2119 104.2151 106.6338 108.0210 105.2013 102.6066 104.5018 106.3089 105.0109 105.3700 104.3335 104.7815 104.9619 107.2096 115.7366 116.0800
110.1100 116.3569 109.6844 110.6177 109.8640 110.3790 114.7925 118.0657 115.0247 111.5503 107.2818 107.2398 107.0935 107.6026 108.9435 107.3880 107.7071 110.6648 107.7072 114.8783 108.3784 111.5627 111.1188 111.1541 107.6290 108.0350 107.9219 106.7009 108.3437 105.1843 101.8006 105.9054 109.3104 104.4975 106.0843 101.6377 105.5419 105.1413 111.9660 116.7400
110.9600 109.9210 111.2876 113.1026 112.0939 107.4884 109.6808 117.5166 114.4401 110.2342 107.2118 107.7484 108.7163 107.3268 109.1512 110.6582 112.0925 112.5945 104.6744 115.9756 115.9120 115.1447 107.8916 111.6092 108.2206 108.9889 115.0739 110.9698 104.1294 107.6039 107.3873 107.6395 108.2328 111.4658 114.6997 113.9308 110.0361 107.8819 111.1387 110.1100
115.0300 111.5539 109.1171 110.6920 115.8305 111.7301 108.2359 115.3007 110.5159 107.7859 108.7775 107.5737 106.8315 109.6929 112.2467 112.9931 108.9475 111.5299 112.9101 113.6028 114.5530 115.4963 110.0357 111.0979 105.9590 114.4726 114.5724 115.4462 105.0758 103.9833 115.2710 105.5669 111.9086 109.3231 114.3863 115.3723 106.7552 111.7614 109.7082 112.2600
115.0300 113.7500 110.9690 116.0365 116.4188 113.2141 109.5756 117.1187 112.5015 109.3887 109.0207 108.6408 107.1327 110.0000 110.1315 112.1039 115.6895 112.1156 113.8949 113.0698 113.3785 113.0381 116.2339 113.3844 113.6968 110.7346 112.8249 114.2509 106.2669 107.2693 114.1842 115.6308 109.8853 109.3289 108.4488 115.5261 114.6332 108.5774 110.2580 115.6500
115.4800 115.4382 116.4213 112.1807 117.0355 110.3301 115.5648 110.8636 109.3721 110.4963 110.4128 108.0202 110.0468 108.1529 112.1042 117.2342 116.4895 110.1563 115.1222 111.8388 109.9298 112.6628 114.2973 113.9738 109.5390 111.8253 113.3523 112.4781 106.1361 108.9664 114.7120 113.9683 112.4457 111.6747 115.2100 114.4534 114.1873 112.5970 111.9241 115.6500
115.8600 120.8026 113.5298 111.4487 114.7921 121.7267 118.6340 111.2620 112.4616 112.5280 109.6064 108.5619 109.3611 108.2132 110.8854 118.5944 113.7274 114.6554 116.4484 109.2978 108.9959 110.4354 114.6189 111.0212 110.0490 111.5412 113.1373 113.4508 109.0370 105.7561 114.6189 115.3916 112.8136 114.7161 112.6973 114.4888 115.0581 114.2098 113.2118 110.7400
118.4900 120.1303 118.5168 118.8503 117.2858 114.4518 112.3013 113.1703 110.3241 111.4019 110.4733 109.9376 109.3194 109.6379 117.7566 114.9893 115.7309 115.0206 115.3375 109.0647 109.2388 108.9711 110.0937 109.0043 110.7806 111.8406 112.2932 111.6311 114.0276 111.0994 115.3459 114.8086 111.6736 117.1125 114.8866 112.6508 115.1987 115.2538 115.2108 110.7400
119.3700 121.2963 121.3778 120.1198 124.0452 117.4697 110.8563 108.6766 112.0816 110.7171 113.6118 112.3081 109.4396 109.3622 118.3309 109.1965 116.1703 120.0448 110.8936 109.1794 108.8070 111.7599 114.2645 112.2227 112.8501 112.1366 115.7090 109.8674 115.5396 114.9590 115.2368 113.7549 117.2931 118.0333 114.2518 110.8640 114.5839 115.5458 116.5233 116.2400
124.4300 123.9759 120.8419 118.7914 121.0411 116.7126 116.8365 116.3612 117.2036 115.9425 112.2765 111.6535 110.2566 116.0156 115.3243 112.8519 116.7010 121.4175 109.6937 110.8708 107.8836 113.3986 114.7188 111.4953 115.4663 110.3369 111.4520 109.8957 110.6590 117.1925 116.5899 112.3390 115.2490 118.6148 111.4846 114.9891 112.9308 110.3570 111.0780 109.8900
117.3000 118.6967 121.5767 121.9863 123.0930 115.6767 116.2380 115.9953 118.4791 118.5231 113.8928 112.6700 111.9635 115.5335 111.4345 112.0605 114.8513 121.1660 113.3204 111.7038 110.5233 113.5663 114.0773 111.3923 110.4413 110.3930 112.4468 110.6765 109.3277 108.6176 115.2574 115.3478 109.0339 114.9017 116.1769 113.1726 110.8681 113.0326 115.1046 112.3500
118.5300 123.2515 123.0000 124.5652 118.9120 116.6656 118.7350 117.9010 114.9802 117.9906 114.2275 112.4887 113.6228 114.1880 114.4100 112.4300 114.5618 114.6730 113.8832 112.0864 111.3548 114.3367 116.6077 111.9780 114.0603 110.4540 111.8107 109.5615 109.7599 111.9663 117.1278 116.5394 119.5204 109.7186 110.8802 114.7273 118.0211 113.9995 114.3148 115.5200
125.2700 123.9109 123.9850 122.0401 116.9984 117.4367 122.1683 123.4834 116.9483 114.6140 111.0345 111.6102 112.7069 109.8192 117.9757 112.9734 119.3475 112.5191 113.5271 111.3702 112.7042 112.2166 112.5751 115.8465 114.3907 113.0175 111.4190 111.2993 111.3467 110.4401 116.3268 112.8703 120.0836 111.5480 113.4459 110.7941 114.6308 113.0374 113.7337 111.1600
125.2700 124.6547 124.5130 123.2780 118.4448 118.8390 118.9872 114.3799 114.6928 114.6065 115.5405 112.2134 115.6143 113.5511 115.1867 112.2957 113.7203 114.5618 114.6761 112.9878 115.4831 114.0470 112.7372 112.1648 114.1042 112.9982 112.7310 112.1525 112.3447 111.6396 118.9775 117.7541 112.0445 113.2595 121.3887 116.1345 116.5428 111.8436 112.8368 112.1900
125.4800 125.9852 124.5410 121.3363 119.6073 122.9586 120.0885 116.1851 116.0609 115.5732 115.1938 111.4049 116.9686 116.8183 116.0195 115.7005 115.1896 116.4001 117.3502 114.1950 115.1523 114.3080 110.3581 114.6497 113.7595 114.3125 114.6764 113.4568 112.7057 113.8370 114.8785 120.8700 118.0511 120.0208 117.9657 119.7992 120.7060 115.1384 114.4278 111.7200
125.6900 122.8038 121.0084 121.1680 121.5680 116.9105 116.4177 116.9809 116.8624 116.4658 115.5055 116.3470 116.0576 117.2156 118.2859 115.1657 119.6216 116.0213 114.5092 115.2684 116.3542 116.9451 117.5067 119.7713 115.0132 115.9593 115.1275 113.6738 113.7696 118.1073 117.9803 120.7427 123.5057 119.3496 116.0764 118.4472 113.7706 110.6153 111.3053 111.4300
125.7300 120.3800 119.4000 122.7600 123.9300 118.1200 117.0700 118.0500 119.0100 116.4000 116.4000 116.3000 115.7700 114.9900 116.0500 116.7100 117.5700 115.1200 115.2400 115.5700 116.8800 116.8600 116.9300 114.3600 118.2900 116.7900 116.7700 115.8700 115.3600 119.1000 115.8900 115.8900 124.4300 114.6300 112.3500 118.0100 118.0200 111.4900 111.4900 112.2600
