113.7500 109.9000 109.1900 113.9000 111.2000 112.6500 111.5200 122.4200 120.2200 121.8100 120.7300 117.7800 120.7100 120.4700 119.9800 119.7100 119.2200 110.0500 108.4300 107.7700 106.2700 104.8900 103.1400 103.4600 110.0200 110.3200 114.5700 111.8500 104.8800 100.8400 99.3300 100.8400 99.4900 98.6900 98.6900 97.7600 96.6900 96.4500 96.4100 98.0300
109.5400 109.4922 112.1932 108.1866 117.0909 113.0224 120.9409 120.5459 117.1863 118.8517 120.9350 120.9305 120.7062 120.3458 119.9284 119.5338 117.1435 109.5298 108.7782 107.7013 105.5657 103.6897 102.5681 103.5011 110.7735 114.8958 114.5042 109.2184 101.7688 99.9409 100.6211 99.8405 98.9563 98.0222 97.0696 96.2763 96.0269 95.3718 95.5954 96.4100
113.8900 110.2530 113.3604 111.7508 110.0648 122.0047 120.3338 118.6094 113.7167 115.3896 117.4252 121.2857 120.6347 119.8604 119.1517 119.2365 115.8224 108.5900 108.7403 106.9508 104.9703 103.1124 102.8252 104.5389 107.4027 113.0688 113.6238 104.9901 99.1629 101.1718 99.9780 99.0351 97.8943 96.6224 95.2636 93.9613 93.0249 92.5748 92.9410 94.0300
111.0800 116.5159 124.2326 112.5778 112.8973 113.4916 114.6038 122.2054 122.1137 121.8194 121.6188 121.0948 120.7170 117.8695 110.6874 116.2965 114.8387 111.6347 108.8252 106.4474 104.4739 102.7658 103.2369 105.1824 109.4657 114.1996 111.3373 101.9934 99.2642 100.7974 99.4164 98.2088 96.7620 95.0281 93.0429 90.9534 89.2278 88.5412 89.2040 90.9400
112.0500 117.2765 115.1652 114.3964 114.1374 116.2492 118.7826 120.9593 121.9996 120.5026 121.5870 119.7006 120.8494 118.9381 120.0194 114.2263 114.1565 110.8684 108.3196 106.0945 104.1005 102.6653 103.6205 105.7741 111.2458 114.0870 108.0432 100.4578 100.0705 100.1067 98.9001 97.4353 95.6326 93.3255 90.4738 87.2578 84.6049 83.3117 84.5476 86.7500
123.9600 109.6706 118.7542 114.9138 110.3060 116.8904 115.9774 112.4260 118.5627 121.8507 120.6825 112.6459 121.8509 117.5699 114.9898 112.6583 114.3063 110.6980 108.1270 105.9406 103.7770 102.4962 103.7203 106.2892 112.7474 113.5037 105.7803 99.8634 100.5040 99.7204 98.4575 96.7940 94.6375 91.7194 87.8943 83.5439 77.9502 75.1337 77.7805 80.2400
112.1400 108.7694 121.1840 116.5032 111.3090 118.7888 117.5514 114.7370 113.5316 118.8210 118.1901 115.0121 117.7712 114.9048 113.2829 113.1900 111.9163 110.6842 108.2875 105.1993 104.7096 104.3148 105.2603 106.3493 113.5874 112.9045 104.6553 99.7603 100.5892 99.5250 98.1692 96.3793 93.9601 90.5853 85.9851 80.1152 71.0137 68.2885 71.1251 80.2400
111.7300 108.0272 119.4730 118.7887 115.0365 120.1382 119.2527 120.1665 118.3656 115.9045 119.1581 115.5903 113.1566 107.7747 112.8815 114.5756 111.9846 111.0747 108.6426 104.9017 103.7163 109.3541 106.4573 106.5445 113.8419 112.7127 104.3509 99.6922 100.6096 99.4790 98.0878 96.2646 93.7716 90.2548 85.4119 78.9706 68.8356 65.7245 68.9288 79.5900
112.6800 108.8005 119.3337 117.2257 116.6999 118.5909 120.3337 119.1771 119.0489 117.1606 117.6672 117.3151 114.1928 108.3875 107.8370 115.7733 113.4098 110.8693 108.2238 105.2114 102.9632 109.4702 107.1153 106.2411 113.4679 112.9848 104.8866 99.7088 100.6086 99.5793 98.2332 96.4772 94.1096 90.8439 86.4359 80.9588 72.9393 69.9761 72.6427 80.2300
112.7200 117.5984 118.1012 119.9534 115.9768 117.5401 119.9275 116.7428 115.7233 116.7801 115.3042 119.6537 115.9471 112.3438 107.3634 118.6482 115.2973 111.2327 106.6326 105.0600 103.6200 106.0091 105.9667 108.7188 112.2244 113.7590 106.2691 99.8919 100.4549 99.7927 98.5643 96.9635 94.9047 92.1600 88.6181 84.8154 80.3871 77.8637 80.1053 80.2300
118.5100 112.4692 118.3527 118.9317 119.7386 117.4420 114.1525 117.5559 116.4326 121.2558 118.8166 120.3311 119.1902 116.5359 112.6583 117.6003 117.2346 105.9400 106.8092 105.7535 103.5406 103.3187 109.6685 105.4438 111.0770 112.2798 109.1043 100.8177 99.9812 100.3015 99.0380 97.6579 95.9577 93.8423 91.2160 88.4461 86.0456 85.0392 86.0516 86.7500
111.1500 115.6671 117.9165 120.4657 116.0329 114.5275 117.3125 118.7530 113.0698 118.5983 118.1986 111.6128 114.6319 109.9346 109.3127 111.6005 109.5221 105.6213 107.3051 106.6489 104.9955 107.3061 107.0957 108.9748 108.5748 114.3252 102.3706 103.2694 99.5423 100.7774 99.6223 98.4549 97.1013 95.5171 93.7126 91.9134 90.4629 89.8724 90.4456 90.9200
110.3300 115.2769 121.1771 120.6115 116.8670 117.6250 119.8599 117.4729 114.1659 110.4514 122.5086 115.5906 113.1652 120.8319 111.1843 108.8193 110.4656 107.2052 108.3027 112.0364 111.5065 111.4867 114.9914 105.8969 107.8377 114.2842 104.4005 106.0513 109.2454 101.3477 100.4734 99.2364 98.2204 97.0621 95.8285 94.6917 93.8473 93.5342 93.8469 94.0200
111.6000 113.8995 116.3178 119.1448 118.4956 116.2835 118.4306 117.5506 119.2945 116.2562 117.4524 117.6983 115.9488 110.7341 113.1513 108.3423 108.9045 110.9795 107.5533 111.0022 106.0836 108.9738 115.4064 106.3869 108.8456 108.6878 106.0359 105.2863 101.2301 102.4680 100.2751 100.1048 99.2557 98.3872 97.5459 96.7956 96.2697 96.0211 96.4138 97.8200
112.5800 115.8048 115.8556 117.4702 123.2760 112.0832 111.5803 117.8242 116.8938 112.7158 103.0927 111.2724 112.5185 110.2058 112.2844 106.9296 107.2131 107.0350 105.8287 106.0736 107.5776 110.1727 108.5485 107.3724 107.0767 108.6670 112.1774 106.9565 101.3663 99.9989 100.1387 100.8655 100.0899 99.4920 99.0630 98.4510 98.5038 98.3533 98.3898 97.8200
121.4200 117.8943 117.7802 112.1080 117.3643 113.7165 110.0249 115.0888 112.7576 112.9899 112.4799 114.6670 111.6372 109.5412 106.4965 101.0825 109.5267 106.1569 107.7376 110.9670 106.1563 105.2915 104.9550 107.6966 108.9656 115.2077 107.7276 107.4810 106.3639 101.5394 101.5029 100.6706 100.2555 100.7363 100.1678 100.0125 99.5561 99.5154 99.7429 99.3200
109.8000 114.8109 112.9484 112.6412 113.3936 113.1372 110.8065 108.8922 115.2470 113.2936 109.4928 113.5539 111.1553 113.8491 112.6372 106.7010 108.6454 109.4564 107.2583 115.4194 107.3083 109.6205 108.6205 105.9710 110.5990 112.6678 111.0408 108.5572 107.6812 104.7131 101.8000 101.5233 99.9910 99.5876 101.1247 100.2619 100.7134 100.8932 100.2369 101.1900
110.1500 113.8121 112.1514 113.5252 112.4237 111.5342 110.9407 108.2335 113.3594 115.2447 112.9779 113.7056 109.2069 110.7967 111.9966 109.2929 106.0920 109.9261 107.4993 113.6921 110.1375 108.7789 105.9789 104.0788 111.0286 110.6822 108.2825 107.0790 106.0692 105.7415 103.1805 105.3430 107.2971 110.7211 112.2884 101.3492 102.3426 102.1353 107.3031 101.1900
114.8100 114.4143 112.2391 113.2375 110.8529 108.5778 109.7671 107.9473 114.9755 111.8086 115.0472 111.4805 109.8676 108.3599 108.2502 112.2683 111.8078 115.0550 111.2012 109.5897 110.9083 107.6917 108.7188 104.5354 106.4749 109.8102 106.3939 107.2822 108.5806 110.6654 108.2703 109.2510 114.5546 103.6982 103.5731 103.6833 102.9969 102.9037 105.6243 110.0400
115.1000 115.0900 113.0391 111.5256 114.8089 111.3945 115.4918 114.0967 114.0535 113.8980 112.6004 110.4503 109.4299 108.7243 113.1401 116.3244 115.3460 113.7416 115.3997 106.3589 109.5437 105.5089 105.2286 108.2266 108.6795 106.0529 103.4149 107.2987 110.1863 105.7288 112.5115 114.2489 114.1187 102.4732 103.4529 104.2540 104.8255 105.7275 106.9723 109.3500
115.5700 114.9505 113.0807 113.4678 112.2801 110.5825 110.8193 113.2322 112.4263 113.8124 113.1857 109.9988 112.5301 111.9435 111.5036 115.2392 115.7872 109.2748 111.1748 106.5001 107.9415 108.1057 105.1947 113.3297 105.7780 108.0316 111.0644 111.0180 106.1118 109.8685 107.7999 112.0694 103.5899 101.9910 106.1031 101.7625 105.3850 104.1340 105.2493 99.5000
116.7600 116.4195 111.7238 112.4799 111.5669 116.7563 109.4117 114.4509 113.8254 112.0816 110.9010 113.7657 112.4752 108.5242 114.1438 112.8142 113.1716 105.3319 112.6050 111.6810 107.7172 107.8692 108.7175 107.8986 109.8584 109.4331 105.5316 105.9769 108.4306 114.8580 109.8814 109.2318 102.6037 102.2779 103.3131 102.5179 103.6582 101.5160 105.0801 102.0600
114.8800 116.6091 116.1164 113.5578 109.8643 116.1849 116.2741 108.8057 114.7986 112.5260 109.7045 113.8013 110.2210 109.4330 111.8694 114.7527 113.4414 112.4657 115.9610 114.8250 110.0345 108.8595 110.2705 108.4071 106.5820 109.2638 112.4161 108.1234 111.0632 115.9335 108.6559 107.8388 102.7185 106.9474 103.6465 102.4071 104.8947 105.6485 109.6757 106.6400
114.4400 114.1648 122.1304 108.3381 110.6735 109.3193 110.7210 113.2444 112.8245 109.0561 108.0319 110.8928 110.2306 109.7961 109.9998 113.4653 109.8261 107.5045 114.7409 115.4453 112.4336 114.5959 114.6604 112.8085 108.4334 106.5924 108.0384 110.0801 110.3485 108.2999 105.1305 106.7485 105.1446 105.1928 104.1554 103.2119 103.3564 103.7208 109.9583 106.7900
115.6500 114.5359 111.3159 111.6398 110.0465 110.0566 115.0210 112.3072 114.5357 109.1293 108.8858 111.5105 109.9258 110.6397 108.8665 111.8805 108.2555 113.2121 106.1834 114.3281 108.6976 112.4066 112.3004 110.8340 111.1580 107.2900 107.5617 111.5327 106.9132 108.0323 106.0129 106.5754 105.8812 105.8396 105.7021 105.9857 105.8486 104.7387 110.6958 107.2100
115.7400 111.0888 109.4317 113.5294 111.5659 110.7032 112.3351 109.8413 108.9936 109.2941 110.6546 113.3692 110.3114 108.4970 111.8366 116.0134 112.4743 113.1307 107.9014 115.1609 115.5285 114.2466 103.3691 107.7931 109.8136 112.5256 111.4842 110.1504 110.0733 107.7021 107.7834 106.4326 105.5571 106.9161 106.5890 107.7984 106.1453 105.7782 108.3392 109.3200
116.7700 116.3119 110.6459 112.0341 116.5905 110.2564 112.5868 112.1872 109.4819 108.8528 110.9420 114.8662 111.5314 115.1528 113.3037 114.5335 111.7137 111.6735 111.0104 111.1538 110.5177 108.1815 110.7349 101.5313 112.3727 114.1358 110.1261 108.4668 108.9140 107.4190 107.6249 107.8062 106.9806 109.6764 109.8564 107.3673 107.2195 106.3743 106.4840 106.0000
116.6100 115.7626 115.0811 115.3366 112.2009 109.0178 110.7034 110.4898 111.0789 108.7305 110.2520 113.1745 110.3695 111.7049 115.5514 113.2845 111.6997 113.1054 107.9822 112.9727 107.3178 104.5575 117.5723 109.4095 111.2574 111.9656 112.1447 107.8292 108.7099 111.3324 108.4449 107.4956 107.9540 106.5154 107.8377 108.1469 107.3027 107.1389 106.2231 106.7200
117.5400 118.1214 113.3185 110.8755 121.9028 112.4219 112.2877 109.9895 111.7257 110.8781 112.7498 111.3027 111.7782 110.6182 109.8479 110.2869 108.6993 110.0872 106.8083 111.7922 116.9860 116.2198 114.1816 113.2168 114.5378 107.9118 108.8420 106.2702 103.6988 107.1776 109.5950 109.5944 109.2566 109.4418 108.0486 108.1319 108.6031 108.6394 107.0761 113.6900
120.8600 119.3799 117.0083 113.6439 121.2054 108.9778 112.5803 112.5741 114.4643 114.0384 113.5999 111.7802 113.7631 111.4732 113.4218 110.6065 110.2299 107.4428 107.5895 108.6074 115.9365 115.2593 110.4180 116.9364 108.8011 104.8224 108.8570 108.2263 104.2801 103.0733 105.2593 106.5579 106.8199 108.9388 108.1154 107.4796 108.7029 109.9987 107.6870 107.7100
123.9600 121.6885 117.8018 116.5204 115.6450 116.0846 110.3634 109.4151 110.9694 114.1541 113.0559 113.2753 116.6117 114.5091 113.2582 112.2490 109.4387 108.3807 109.8511 110.9731 116.1984 111.0209 114.1141 111.6223 106.5281 105.3283 109.5062 109.0884 104.9331 104.1561 104.9577 105.3686 106.1392 107.9138 108.6334 107.9298 107.0643 108.3188 111.6625 110.4500
121.3700 119.8182 118.6397 118.0054 119.4500 110.8104 109.0916 112.9437 116.0899 114.0159 109.9503 113.5173 110.5587 115.9295 113.7843 113.5713 111.8670 108.9363 109.4860 113.7145 115.0824 111.8835 115.3810 112.2272 112.8176 116.0183 114.0063 109.3274 104.7731 104.3625 108.1071 103.4263 104.1546 108.7299 108.3624 108.1682 108.5638 108.0987 109.1018 110.0000
119.1900 119.4115 119.0385 120.4517 117.9185 117.4381 115.9917 118.4659 116.5029 113.7041 113.5938 114.3163 111.4793 115.1018 117.1718 114.1465 112.0089 113.4422 116.4791 115.9192 111.0301 111.6528 114.4901 110.3825 113.2506 114.0720 109.6231 108.6757 105.3943 106.1777 106.4999 109.5484 105.0269 107.2234 107.9399 108.6166 108.3828 108.3834 111.3312 112.0400
119.7900 121.2228 119.7716 119.5701 118.5238 117.0462 116.3208 116.5662 115.4508 114.5727 116.4261 112.8730 111.7883 110.1259 112.3573 109.5817 110.1710 117.2257 119.5047 116.5219 113.9621 113.7688 114.2271 110.7879 109.2917 109.6782 108.1101 108.8916 108.9802 107.4722 105.7199 109.3333 108.8056 106.4647 108.4481 109.0093 108.6770 108.6202 110.3962 113.2200
120.2400 122.6619 121.8732 120.4715 120.0443 117.7107 117.6862 115.7126 115.1956 116.2028 113.3678 111.9436 113.4893 112.9210 117.4068 110.8367 112.0621 112.7504 117.5048 116.8292 113.9140 113.5301 111.7890 112.5324 107.5691 107.0343 108.8098 107.8208 106.3552 106.9438 107.7823 111.2636 109.4672 108.6447 108.7062 108.6581 108.5051 108.7333 110.4380 114.2600
120.2400 121.9933 120.7051 121.5281 120.3151 119.2570 118.0305 116.4279 115.9582 116.4089 111.7469 110.7362 112.9509 111.7028 112.7621 110.8362 112.5354 113.6692 111.7533 110.7713 109.9497 111.9285 109.2575 108.1835 108.4398 107.9826 109.2113 108.1317 108.1537 107.6234 109.4642 109.0274 106.5862 108.9106 108.5565 109.3124 108.5293 108.6674 112.0403 109.2500
124.1200 123.7150 119.2874 121.6333 120.6446 118.7047 118.4314 117.6641 116.5058 115.5594 115.3201 111.3920 114.3011 114.4990 112.8916 112.6501 113.1138 112.9349 114.0476 110.1204 111.4735 112.2179 111.2587 110.0059 109.1314 109.1545 109.0375 108.6771 109.5675 108.2170 107.9174 107.8627 110.7156 107.2465 108.7658 108.0730 106.7840 109.0522 111.5039 110.7700
121.5000 121.7163 120.4212 121.0137 121.3519 118.7209 119.2703 118.0839 117.0821 115.9917 115.5815 113.8805 116.0574 114.6235 114.5696 113.0125 113.5827 113.8614 111.1517 110.9934 112.0591 112.0169 108.7460 109.9811 109.3548 109.9073 108.7350 109.6214 108.5676 108.8895 107.6259 107.4468 108.5748 108.6282 108.5452 108.8979 108.1208 108.7945 110.5471 112.9900
124.0800 123.0252 123.5955 121.2813 121.1270 119.0073 118.9838 119.2787 117.5749 117.2389 116.6768 118.0650 116.4298 115.8687 115.7358 116.9739 117.2910 117.9245 112.7672 111.7265 112.3841 112.4151 110.9671 110.6532 111.0151 110.3894 111.0619 110.6747 109.3243 109.4231 112.5312 108.0687 109.8031 109.4068 109.4803 109.5300 108.6693 108.9520 111.9696 112.6700
124.0800 123.3500 124.7200 121.3800 120.1800 119.6100 119.4900 118.3000 118.3000 117.9200 118.1400 117.5600 117.7300 114.5100 114.7000 116.7500 114.2900 117.1600 109.8500 109.8500 112.8700 112.6700 112.5700 111.0900 111.9700 110.6300 111.6000 109.9100 109.9100 113.5000 113.8000 109.8500 110.6000 111.8100 110.3400 109.3100 109.5700 109.6200 113.9900 112.6700
