113.3900 109.4200 109.8700 109.7400 109.0400 121.2800 118.4300 121.2400 121.0200 117.4000 120.3200 120.0700 114.8400 112.7400 114.6200 110.5500 106.5400 103.8900 104.2900 103.0500 103.4100 104.6000 106.4200 114.4600 109.5900 101.0500 100.5600 100.5600 99.5600 100.8600 100.8600 100.2000 100.3100 99.3600 99.3500 100.2900 100.1700 100.9400 100.0800 99.6700
112.1500 115.3048 114.4460 111.7415 118.5048 117.2243 117.5634 120.8911 121.0616 120.4550 120.2110 118.6098 111.0089 113.2962 112.5596 109.8499 107.6256 103.7586 102.9116 102.7268 103.7079 105.5776 109.6169 113.9662 112.5280 101.9381 100.7502 99.9821 100.7624 100.3685 99.7259 99.3183 99.0436 98.9082 98.9903 99.2454 99.7050 100.3328 100.4476 101.2600
114.0100 113.7674 115.8895 114.2133 115.1299 118.8588 119.0115 120.8604 117.0334 120.3351 119.9616 116.1746 113.4246 110.3653 111.2352 108.5854 106.6252 103.0514 102.6453 103.0793 104.6919 107.3672 113.5357 113.7419 107.5255 101.0523 99.1517 100.8783 99.8949 99.2403 98.5437 97.9479 97.5364 97.3574 97.4614 97.8252 98.3785 99.0737 99.7566 100.2700
110.7700 113.4457 120.1152 118.7121 109.2776 114.8625 120.0383 120.3307 113.8680 114.3262 118.1145 114.9232 114.1590 108.9398 105.1754 107.5900 105.6558 103.8703 102.4741 103.7138 105.8139 110.1473 115.1056 109.7737 102.1190 99.9726 100.6199 99.8929 99.0039 98.0452 97.0923 96.2135 95.5636 95.2732 95.4568 96.0268 96.8562 97.8154 98.7634 98.8900
114.0300 117.9566 112.8585 111.7322 110.3272 112.7046 109.7892 115.5658 112.5796 111.2230 113.2130 110.0734 112.9863 111.9872 107.9189 109.2029 103.7718 103.2557 102.7392 104.3657 107.1704 112.5030 114.1490 105.5644 99.4919 101.0560 100.0653 99.0879 97.9687 96.6806 95.3062 93.9378 92.8791 92.3904 92.6844 93.6476 94.9585 96.3526 97.6619 98.8900
117.3900 112.1250 112.8249 115.7360 108.6377 113.1014 112.2302 104.8584 110.2095 114.2513 111.7375 111.9833 108.9358 111.9503 107.7415 108.2612 108.1874 103.8504 103.6785 105.0101 109.4040 113.8550 112.2265 102.5132 99.2627 100.8559 99.4696 98.3181 96.8706 95.1480 93.1389 90.9915 89.1472 88.3024 88.8225 90.4958 92.6123 94.6807 96.4749 97.2100
110.5500 107.3261 112.0781 116.4644 111.5752 115.8543 113.1771 108.9613 106.8909 109.8870 109.9534 108.6437 108.6930 111.3471 107.9083 110.0510 105.0822 106.3958 104.6807 106.7607 110.0999 108.6441 106.9665 100.7606 99.9586 100.3036 99.0040 97.5655 95.7890 93.5196 90.6711 87.3842 84.5554 82.9832 84.0234 86.5938 89.8934 92.8703 95.2876 97.2100
108.0900 108.3145 113.6919 117.8186 116.0871 113.1508 115.3665 113.0473 110.3682 109.3523 111.3641 111.3699 106.6230 106.6428 106.6268 109.6873 115.3498 105.1452 104.1899 109.6654 114.7319 107.9299 101.2626 99.7456 100.4333 99.8647 98.5843 96.9695 94.8624 92.0030 88.2235 83.8138 78.2545 74.6841 76.8105 82.7704 87.1556 91.1710 94.2406 95.2300
109.6600 108.4126 112.7956 113.0782 111.1568 117.1199 113.3349 110.8262 110.5359 111.4975 108.6481 115.9362 107.0611 104.9502 105.7864 107.3009 110.4908 105.5636 103.2036 113.2063 113.5694 110.1131 100.6095 100.6472 100.5507 99.6431 98.3268 96.5811 94.2424 90.9596 86.4586 80.8975 71.6710 67.8402 69.9123 78.8687 85.2054 89.9999 93.5362 95.0600
110.4900 110.3817 110.2947 110.9533 108.4128 117.9361 109.5455 112.0440 111.8796 109.9417 114.3494 109.9813 118.4975 105.6491 109.7613 107.5335 105.5153 103.6244 102.6531 109.9756 113.9067 109.0393 102.2950 100.1450 100.5689 99.7476 98.2496 96.4894 94.0850 90.6947 86.0205 79.9567 69.5197 65.2100 67.9186 77.4877 84.7101 89.6983 93.3699 95.0300
111.8500 110.0680 110.7139 120.3732 119.5057 120.0536 105.9907 117.7990 105.3654 112.6160 102.5958 107.6631 108.5403 105.1068 104.9936 105.2497 106.1592 107.6022 107.1515 109.6262 113.2051 113.7864 104.6738 100.2944 100.8037 99.8679 98.3832 96.7070 94.4448 91.3017 87.0574 81.8044 74.3886 69.9452 72.3351 80.3434 85.8783 90.3987 93.7765 95.1300
108.1000 108.8178 118.2692 118.3746 118.2959 115.5933 115.6942 114.9223 105.3460 103.2865 115.5449 110.8980 111.2368 108.6327 107.6988 112.0757 106.7208 107.4956 103.5834 110.5232 113.1857 113.6405 108.8063 101.6067 101.0425 100.0691 98.9865 97.1831 95.2329 92.6020 89.1503 85.1863 81.2385 78.3409 80.2233 84.2453 88.2468 91.8436 94.6388 95.3500
107.9200 109.1010 119.3341 118.6250 118.5817 117.6189 114.5586 116.3528 113.0542 110.4545 115.7483 116.1747 107.3229 110.8600 115.8936 108.2005 107.6098 106.8438 110.1602 104.5251 106.2245 110.0272 107.5737 103.7837 101.3112 100.3387 99.5066 98.4619 96.8474 94.9524 91.9264 88.9046 86.5110 85.3663 86.1008 88.2508 91.0448 93.5883 95.7664 97.0800
112.5100 121.0102 111.9988 117.7777 117.1197 117.7596 117.0192 112.3120 110.9909 105.7177 109.9637 108.8156 114.6160 110.3066 112.0542 107.9328 106.6206 104.8042 105.2381 105.4515 106.6991 112.0191 104.4486 108.8752 104.0850 100.9615 100.0657 99.1623 97.5823 96.1789 93.8567 92.2727 90.8000 90.1157 90.5136 91.9424 93.7874 95.5395 97.1127 97.6500
120.9800 121.7715 111.4190 114.4287 116.6475 112.7650 114.5931 110.5991 112.3797 107.7790 102.8353 103.2225 109.8690 109.6175 111.1807 110.5313 107.4716 107.8853 106.7850 111.0691 105.9452 106.3807 103.0411 103.3245 104.8193 101.2009 100.5444 99.4776 98.7819 97.5884 96.1783 94.9381 94.0662 93.6866 93.8946 94.9984 96.2039 97.4593 98.6088 98.9400
117.9600 119.5515 118.5765 114.2816 116.1476 111.5296 106.7772 110.2711 111.4937 106.3035 105.1322 104.8371 114.1041 111.4708 110.6636 106.1054 111.6410 106.7106 109.7592 107.6552 105.7786 104.4128 107.9336 107.4700 105.8057 104.8309 100.8233 100.0630 99.7004 98.9824 97.7800 97.1012 96.4301 96.2013 96.3322 96.8414 97.4271 98.5604 99.3376 100.2900
109.7800 114.4143 108.6394 113.6027 113.9242 110.2355 106.9285 109.0430 107.0549 103.6893 108.6693 112.6361 114.1539 110.7622 110.8793 106.4802 109.1255 105.7548 106.9503 106.9813 103.8475 107.6752 108.7276 105.9250 104.1127 105.1323 102.9323 101.3789 100.7102 100.3495 99.4575 98.6346 98.1673 98.0358 98.1270 98.8286 98.9085 99.6726 99.9644 106.5800
113.7800 117.4437 113.1693 111.7797 109.6436 109.1994 108.9495 107.9140 112.2833 107.6327 109.4624 114.2728 110.9082 109.6298 110.9839 111.3083 110.3232 108.0046 109.0123 107.1173 105.8768 113.7158 102.4006 103.3827 105.5211 103.1964 106.0263 102.1803 102.0871 100.9197 100.3545 100.1260 99.5703 99.4011 99.6985 100.2829 100.4066 100.8202 100.8700 106.5800
110.4700 110.8070 109.1254 110.0680 109.4238 108.9919 107.3778 108.2938 111.5898 110.4412 109.2379 113.4963 110.0503 112.5725 113.5587 112.5417 113.1235 109.6538 108.3887 109.0136 111.3323 104.5565 104.4392 104.2599 105.2798 106.2695 107.1204 103.5860 103.9829 103.1376 101.8876 100.3938 101.1403 100.8784 101.0589 100.9181 101.3647 101.5745 103.9975 107.2000
110.5400 110.1622 109.8100 108.4875 109.5068 107.9108 108.3824 112.8159 113.2904 111.3255 109.2875 112.8110 107.4317 110.4457 114.4826 113.6924 111.3521 110.3714 109.9281 107.2592 107.5816 106.1186 110.6435 107.9606 104.7320 103.0377 98.9963 101.2106 104.0074 103.5619 108.5977 102.7333 106.3424 99.9403 99.7988 103.1595 103.3629 102.7137 104.2387 105.3200
117.9500 115.5292 110.5131 109.4366 109.8993 108.0205 109.9323 109.8118 114.0179 111.4752 114.0432 112.7318 112.1761 112.2405 111.2169 111.4440 113.9460 109.3366 113.0118 107.0574 110.4085 109.9427 109.8989 109.9034 103.6968 104.6044 100.5351 102.6244 103.6082 104.7532 109.6425 101.9976 106.3126 95.7880 96.4371 98.7854 102.8194 101.4848 105.8335 105.4100
115.2300 113.5998 110.9909 109.9703 108.6665 108.5343 109.3991 108.2740 109.0424 111.4922 116.8029 112.5971 113.4915 113.3339 117.2339 113.0049 112.8802 108.9756 113.4518 113.7313 109.0008 106.7550 104.4522 109.2112 104.9375 104.7991 104.4348 104.7426 104.9962 113.2333 104.5055 104.6965 97.5917 98.3167 101.3613 99.3821 99.3065 99.5243 105.4328 104.5100
114.4500 114.0929 112.4905 111.7899 108.9116 107.9820 108.1874 108.1662 109.5346 112.7907 115.9557 114.6398 109.1198 115.8707 112.9555 112.0736 112.4453 111.6550 112.8796 113.8058 113.5471 106.9955 110.2134 108.3229 105.4841 103.5980 105.3456 105.9988 103.4046 109.2666 107.7131 105.3717 101.0204 103.8953 105.2707 100.0764 101.5409 104.1970 105.1202 105.2900
112.9300 112.3646 110.7997 107.1161 109.5298 109.1667 107.0442 108.9109 109.2917 112.0342 114.3454 110.2541 110.1651 108.8196 101.7930 107.0738 111.4315 113.3607 109.6493 111.3593 113.6265 109.9025 104.9270 106.0584 106.5870 107.0829 105.0726 104.5811 103.6530 104.7117 105.2544 103.0754 101.8396 102.8629 102.5511 101.0690 102.9350 104.4291 107.1714 109.6500
113.2900 113.3054 111.4359 110.1369 109.7367 108.5438 108.2428 109.6303 108.6593 106.6704 114.2224 110.1646 112.0504 109.0966 109.5499 109.5305 112.2044 110.5684 109.7615 115.1257 111.7389 107.9176 105.8784 106.7258 105.1116 107.0925 108.8044 109.0725 103.3816 105.7711 103.1536 103.1998 101.9303 102.7984 102.5231 103.5167 104.6013 103.6002 107.9205 106.9900
117.2800 111.2508 113.0417 110.3474 109.2413 112.9182 110.0644 109.0753 108.4665 108.3940 110.2071 110.4108 109.8518 108.4450 113.9910 108.5963 108.7180 105.9105 112.1624 111.6519 113.6304 112.0568 106.1543 104.8019 103.8244 104.6963 105.7302 105.9578 106.1955 109.5733 104.0969 106.2449 103.4491 103.3801 106.2293 105.6013 104.9012 104.5080 107.2860 106.7700
119.1400 112.0239 109.2476 112.3917 109.9754 109.2334 108.6196 111.1609 108.6522 108.1057 108.7516 109.1883 109.0878 110.7883 113.7965 107.6873 105.6558 103.6667 109.9062 113.3111 111.6421 107.0799 107.4157 108.6704 110.4542 112.4448 107.0305 106.0888 105.2968 105.0438 106.2453 106.2830 105.7228 105.5302 106.5054 106.6203 105.0268 106.7142 107.2468 105.8700
113.9900 113.1275 111.7746 116.1141 115.9973 108.9493 110.5225 111.0359 109.7942 109.3863 109.0795 109.0257 108.3574 110.0074 113.1972 111.9813 110.7928 107.1328 110.3166 109.6696 111.4518 110.4110 110.1155 110.2287 111.1047 112.0781 108.3344 106.7154 106.5611 106.6239 106.6630 107.2472 106.1370 106.2870 105.6757 107.1303 106.8994 105.1899 106.4171 106.5500
114.9500 114.7191 110.5127 111.8991 118.7775 110.0062 111.4517 110.7157 110.8671 108.6315 112.3089 112.3153 109.2553 109.3393 110.1556 112.4173 116.6278 109.1584 110.6026 108.8230 107.0408 111.2156 112.0588 111.4090 110.3485 108.7362 114.1162 106.3758 106.8628 107.2510 106.0438 106.0979 106.1600 107.4121 107.5214 107.2760 107.2803 109.1523 107.1530 107.4200
116.3800 120.4986 111.5018 111.6324 118.2927 108.8740 112.7100 109.9751 114.6864 110.1356 114.9667 111.3453 106.2615 112.3498 113.6326 112.5635 113.6675 113.2493 111.9549 109.0120 106.8368 109.5092 106.9891 109.4079 111.7044 108.1787 112.6319 108.0114 107.6114 107.2140 112.2295 106.7428 106.9111 107.7466 107.4268 107.9950 107.1824 107.1697 107.2198 107.5700
121.1700 118.5150 115.1029 112.7742 112.1533 111.3593 109.3317 113.1060 112.4567 115.1908 110.8966 110.0318 107.4260 109.5471 112.8830 107.4953 105.7729 110.7999 113.2996 107.2483 108.0188 109.3799 107.3630 106.4070 112.7040 109.5498 112.5599 108.5800 108.2699 109.5160 108.8188 107.9363 107.2010 107.5893 107.9808 108.3232 107.6609 107.4622 107.4884 107.3300
116.9600 115.0151 114.0863 117.1790 117.0732 111.6480 111.1428 112.8906 116.6266 112.7431 111.8809 112.3645 106.8935 113.0816 112.6231 106.5215 109.2776 108.1042 111.3008 105.2261 103.5397 108.9150 107.0059 103.7548 103.9823 114.0595 112.5089 106.1388 103.5095 107.9418 108.8356 109.5203 108.8250 109.8068 108.8212 108.6039 107.7458 107.7498 107.4256 108.8100
118.0900 116.5756 115.3019 114.7939 113.6292 112.4272 116.2871 119.4333 117.1422 112.9837 112.0617 111.2632 107.7707 109.5500 109.8083 106.2773 110.0115 109.1798 106.1142 105.1415 109.2092 111.7247 110.4962 108.8286 110.2571 109.5732 105.7855 107.7173 103.6247 105.5263 103.2173 108.2407 104.0213 104.8110 107.5965 107.8322 107.7587 107.7208 107.9129 107.8200
116.0700 116.5247 116.6426 115.5006 114.6265 115.2984 119.1086 117.8917 116.3621 114.8341 113.5155 112.3511 108.7848 109.2261 109.5112 108.6949 108.7729 109.0421 107.6513 105.8987 110.1344 111.5069 110.2566 109.1207 107.6047 105.7517 107.7011 108.1218 107.8564 107.9849 104.4440 105.0789 107.7104 105.8854 106.7024 108.1285 107.8067 108.5013 108.3222 108.2600
117.4500 117.3155 117.1066 115.3229 115.4085 118.1032 117.7289 119.2630 113.0150 115.4155 111.8965 110.4278 112.0241 110.1667 111.9796 110.7163 111.3355 109.8712 109.5047 108.2170 110.5181 111.7632 107.7532 108.3207 108.4858 106.9112 105.9319 106.0144 104.6539 108.9592 108.2820 107.3567 107.6569 108.4928 108.7971 108.6810 108.4047 108.8386 108.3983 108.3900
117.4500 116.6767 117.4398 116.3179 115.4374 118.0473 115.2972 117.7788 113.5034 116.3974 108.9197 109.7717 110.3578 109.8132 112.8558 111.1717 110.5633 113.0100 109.3052 109.0235 111.6421 108.2321 106.3922 105.6200 105.7003 108.7417 104.6043 106.8493 105.1683 104.1230 108.3126 105.2170 104.9592 108.7542 108.9837 108.5168 108.6595 109.3829 108.9242 108.8000
117.4400 117.7501 116.1901 116.3522 118.1844 117.4807 113.7109 114.1122 113.9271 114.8546 109.9026 110.4203 111.4322 111.2913 111.4423 109.9754 111.7466 112.6341 109.4891 111.2227 116.0266 108.8780 107.7708 106.5524 108.0313 108.7704 107.2047 107.1424 106.0807 105.4129 108.4467 106.9423 108.7323 109.7350 106.3643 108.9912 108.2615 109.3991 108.8468 108.7900
117.3400 116.6828 116.3279 116.1085 117.3439 120.4882 114.1617 115.5965 115.5092 113.6528 113.2425 111.6767 111.9654 113.9411 110.8044 112.0062 111.7980 111.7168 113.2166 113.4325 115.9039 109.9392 109.8033 107.8921 108.7138 108.1316 107.3625 108.0287 106.1427 107.0282 106.6449 106.3038 106.2930 106.7890 107.7919 108.1282 107.1127 107.3795 108.3085 109.3300
118.7300 118.0013 119.2003 116.7472 116.6454 117.4253 116.9568 117.1385 116.3190 116.2891 112.9793 113.0839 113.6641 112.6504 110.9665 116.0720 115.1003 113.2002 112.1220 116.4045 115.9041 109.2161 108.2829 108.0969 108.3312 108.6712 108.0967 108.8619 107.7496 111.2840 110.2501 107.6093 108.0145 108.0454 108.7739 108.5202 109.0738 109.5239 109.7452 109.4300
118.7300 118.2900 119.7300 119.5500 119.5500 117.2300 118.5400 117.1900 114.4500 116.6400 114.0300 114.0300 112.9300 112.9300 112.0100 112.0700 111.2500 114.4900 112.6500 113.4100 109.5600 109.5600 109.3400 108.7300 109.2400 108.7200 108.3400 109.2600 109.0000 108.9600 111.6000 107.8700 108.0500 109.1200 109.9200 109.0200 108.6200 110.1900 109.5000 109.7700
