109.9500 109.9500 110.6100 109.5400 110.0800 110.4200 109.0400 115.9000 113.3300 113.0400 111.0400 108.7100 112.9300 109.1800 109.2700 114.2700 110.7800 110.7800 110.6100 111.2200 115.6400 115.6400 116.6500 113.5400 111.7300 117.1500 115.8100 116.5500 116.7100 117.1100 116.7200 115.9000 115.5600 115.3600 115.2900 115.6200 116.1400 117.3900 116.2400 116.1400
109.5600 109.5906 109.9326 110.0437 110.7488 112.2123 111.6425 110.4028 112.5524 111.5783 110.3580 108.4382 112.4276 110.0547 108.2299 108.6483 110.5296 112.3114 109.6046 113.5824 113.9823 116.2185 116.6614 112.7384 112.2577 113.6960 112.4970 114.4196 116.7516 116.3417 115.9297 115.8421 115.6074 115.3161 115.2164 115.6070 116.5720 116.9850 115.9104 116.1400
109.9500 109.2996 110.5366 109.5302 111.7824 113.8107 112.9865 108.2850 110.3385 111.1232 109.8520 113.6449 114.5950 111.5394 109.5681 109.1703 108.0615 109.4883 109.6190 113.4662 116.1186 116.8768 117.0984 114.4131 112.5235 111.4058 110.1462 112.8765 112.4307 113.2952 115.0725 116.4164 115.8110 115.5468 115.5112 115.8907 115.8999 117.1502 115.9257 115.9900
111.7900 111.9819 116.8550 110.8073 109.5812 109.1133 110.7795 108.9438 109.2169 109.1379 112.0593 115.1549 110.6332 108.7650 109.9046 109.6090 110.1418 109.0106 109.5693 111.9530 113.1096 117.0744 116.7341 115.3668 110.4064 110.6485 109.1045 114.3905 113.1899 114.9063 115.9522 116.4023 115.3994 114.8472 113.0968 115.7174 116.2027 116.2425 116.1877 115.2500
111.7700 110.8310 114.1898 111.7932 109.7036 110.1762 110.2267 109.5962 110.5550 110.0235 108.0296 112.7157 114.8143 109.5601 110.2908 109.4755 110.6715 112.4362 108.1171 110.4228 113.0029 112.8709 112.8446 110.6880 111.9260 112.3221 113.0366 113.2696 112.5769 117.5500 116.8478 115.3528 114.9946 113.9364 114.6130 115.1913 115.7137 116.1293 113.4341 115.2500
114.0300 113.8692 108.8865 118.0040 108.7370 111.9107 110.3272 109.3216 109.3692 109.4767 108.5666 111.6082 111.0144 110.3720 110.9061 111.0515 110.4048 109.4050 108.0789 108.6322 109.2123 109.0764 112.3597 109.9402 114.7471 115.7117 115.6053 113.1708 112.4766 115.9715 115.8769 115.2573 114.4626 114.2430 114.3851 114.8340 114.8078 115.3871 114.2036 112.9500
114.0300 112.2631 113.4525 118.2375 112.9804 115.9976 111.2155 110.5499 109.4618 109.0989 108.2834 114.1284 113.0633 112.4473 111.9270 111.6021 110.2135 109.1553 108.1203 107.9536 109.3168 109.6327 112.7517 114.3857 115.1165 115.0386 113.8629 107.5782 111.3742 114.6800 114.7025 113.2118 108.8717 109.2579 109.1853 113.9366 113.7876 114.6147 109.5346 109.4500
109.1300 110.7225 111.6268 113.9905 113.3999 112.9083 109.9218 110.0804 109.7007 109.9977 108.3168 111.1412 112.2203 114.3082 112.2321 110.7775 110.0802 108.4972 109.4657 109.6909 111.0041 108.8357 110.2504 111.8849 111.1667 115.4609 110.0254 108.3007 108.1438 113.2450 115.4878 111.3130 108.9483 109.0836 109.0850 109.7082 114.1918 114.0878 108.4952 109.1900
109.1300 111.2425 112.5993 112.3835 117.5094 107.4797 108.2683 110.5362 110.3217 109.3663 111.0494 110.1809 112.1962 116.6663 114.4520 109.9272 108.9812 107.7050 108.5120 111.5321 109.7021 108.0547 109.7141 111.0226 108.8590 115.5427 109.1909 108.1664 108.1456 110.6932 115.7064 112.0678 108.3903 108.6022 108.7275 109.0912 111.0965 110.8493 108.8812 109.1300
110.5600 116.8758 112.4359 113.7784 111.3319 110.6652 113.3670 112.4897 110.5922 108.8476 111.2015 110.0186 107.2923 110.4330 114.7685 109.4412 107.7449 108.5500 109.1584 106.8277 112.8546 111.3922 110.5252 110.0086 110.5830 112.1440 108.6297 108.9933 108.3439 110.1397 114.3697 111.0133 107.9510 108.3325 108.6057 108.7611 108.9474 108.2245 108.3152 108.2800
114.0500 112.0838 114.1451 111.7726 111.1214 110.8904 114.4688 112.9992 112.6387 114.3687 112.9232 110.7749 109.4614 111.7655 111.3497 109.1728 108.0914 108.8871 110.6927 111.9709 115.1887 109.9123 108.9473 111.3235 111.5040 109.6636 108.7932 108.7001 108.1238 108.2229 112.2031 111.6118 107.6836 108.1218 108.4756 108.4721 108.4994 108.4944 108.5366 108.6900
112.9500 115.9773 115.6509 108.4539 109.6774 109.1207 110.5916 111.8520 110.6637 114.5254 109.7073 111.7469 109.5839 109.2480 112.0267 109.9392 107.8095 110.8618 107.6571 114.3263 113.2138 110.5621 108.9052 111.3091 112.5123 111.6430 108.5775 108.4765 108.1991 107.8560 111.3245 109.4337 107.4785 107.7144 108.3842 108.0043 108.2842 108.0895 107.7889 108.3100
109.3400 112.1597 117.3209 109.7359 109.3601 108.6688 108.6213 111.6657 110.4721 113.1279 111.2506 113.3667 111.1348 108.8181 109.7968 110.1979 108.2276 110.1777 111.7228 111.2788 112.4802 109.7549 113.1222 107.2973 108.7217 107.2557 108.0387 108.2783 108.1756 107.9873 110.3799 107.9901 107.3972 107.7727 106.9757 107.3708 107.8802 107.5168 107.1581 107.4500
109.2100 110.7416 114.3231 111.1535 114.2381 110.3404 114.4261 111.6603 109.3307 115.4518 113.4585 112.8121 111.2033 112.9764 111.8210 108.8713 108.3141 109.3127 111.5792 108.8794 113.9375 110.9196 112.6201 108.0378 106.5294 106.7661 106.7279 107.6983 106.6733 106.8006 107.6009 107.5262 106.8816 106.8676 106.7338 106.3647 106.4585 106.8445 106.8010 106.8400
115.1000 110.9434 117.5189 113.3948 112.1827 112.7733 113.9904 112.2345 113.2634 113.9564 116.2327 114.5408 113.6218 110.0010 108.9372 108.6845 109.0163 108.6517 108.0099 109.2236 110.4309 107.5278 112.1021 109.6160 112.6830 106.5312 106.3345 106.5159 106.7277 107.3050 106.9574 106.7551 105.9748 106.8481 105.6925 106.7258 106.0645 107.0187 106.5957 106.3200
112.6700 113.6467 110.9325 109.8215 109.5817 110.1361 108.9333 112.1107 115.2573 113.1348 115.1463 116.3562 110.5926 110.6285 110.8743 109.0066 108.6633 108.8272 107.9343 112.1705 112.2530 107.3859 107.8057 108.1979 107.4838 106.7539 107.0277 106.8753 107.6120 106.4750 107.2034 106.5033 105.4195 106.2561 106.2264 106.7287 106.9445 106.4996 106.1512 106.3000
108.6400 117.3515 112.3180 111.2114 110.2171 108.9999 108.8568 107.0053 112.4440 114.0015 111.7554 110.6478 113.7754 114.2144 108.5060 109.1346 109.0405 108.6313 108.5546 107.8393 107.2223 107.0972 107.6918 107.4349 107.6301 107.5585 107.3039 107.1263 106.5857 106.4490 106.5193 106.3909 104.9714 105.6548 106.6995 106.5359 106.8950 106.4026 106.8635 106.2500
108.6400 113.1011 115.6495 111.9067 109.5504 108.9956 108.4005 108.7929 109.2679 109.7786 110.0504 107.3926 108.7880 111.4873 108.3423 108.2170 108.7065 108.5437 108.3997 107.7399 107.5298 106.9061 106.6870 106.4665 107.1530 106.7596 106.9434 106.9386 106.1194 106.4206 106.1719 106.2671 106.0421 106.0569 106.5526 106.2653 106.5525 106.4866 105.9813 106.0000
110.7500 110.4135 113.9371 113.5096 111.7071 110.3522 109.4001 109.8742 108.5957 109.5035 108.9382 108.0887 108.5442 107.8100 112.1534 109.9019 108.3946 108.2933 108.1694 107.1921 107.8042 106.5844 106.1784 106.4934 107.1116 106.1017 106.1969 105.5172 105.1134 106.0654 106.1156 104.9929 105.8003 106.3647 105.4740 106.3868 105.1799 106.4373 106.3714 106.2900
112.5800 110.2444 114.3644 111.9340 111.5915 109.1088 108.8527 109.8105 108.3868 108.4118 107.5115 107.6901 112.2914 112.4164 109.2689 108.5894 108.2855 107.4989 107.9379 107.8480 107.4871 106.1712 106.3421 106.1626 106.4788 106.5470 106.3327 104.7131 105.4660 104.4071 103.5269 104.6670 104.2868 104.8740 105.6711 105.2081 105.1403 104.4704 106.1541 106.3900
115.7100 115.2199 110.8588 110.5095 110.5907 109.8024 108.8797 108.6425 107.7277 107.6952 108.9997 109.3869 108.9167 110.8390 110.3365 110.1989 107.8522 108.2200 107.1822 107.3325 106.3391 106.4315 106.7069 104.6837 106.0481 106.1462 105.9931 103.9526 104.6599 104.2164 103.4362 104.4186 102.9689 103.3691 104.9338 103.2846 103.8164 104.8173 105.3554 104.2800
111.3500 113.0786 112.9964 111.9605 112.7733 108.5010 109.4724 109.1385 109.1718 108.2011 109.0440 109.2044 108.6455 108.9171 108.2459 107.3030 109.7137 107.3075 107.1876 107.4817 106.6970 105.7009 106.3159 106.0753 105.1572 103.6051 105.1628 103.2962 103.7500 102.8175 102.5693 102.2696 102.4205 102.3466 102.3919 102.7936 102.8739 103.3352 104.1664 105.2200
116.2900 113.9588 108.7773 110.4123 108.4027 109.4372 108.9921 107.9367 108.2569 107.8682 107.7863 109.0294 108.2547 107.6472 107.6436 106.6945 107.6914 107.2790 107.0346 106.1062 106.4734 105.7306 106.1173 105.7320 105.6071 104.2305 103.2784 102.4245 102.3248 102.1312 102.0300 101.7643 101.6433 101.8089 101.9302 102.0263 102.3267 102.5199 103.6772 105.0100
110.9800 114.9521 110.7895 109.2161 109.2668 108.8294 108.4609 108.3672 108.3042 109.0295 109.0388 108.1903 109.0166 108.5024 108.3177 107.5646 107.4175 107.4539 106.8367 105.5166 104.7681 105.0777 105.3648 103.4887 104.4544 102.6071 102.1942 102.1230 101.7873 101.1270 101.1397 100.8346 100.8908 100.9199 100.7815 101.0351 101.3847 101.9191 102.6576 104.5700
114.9300 111.9514 111.9494 110.7803 110.5409 107.0585 106.9546 110.8082 109.7089 110.6055 109.5235 107.7346 108.1133 108.5433 108.3304 107.6035 106.8731 107.6085 106.9427 105.2311 104.7463 105.4960 104.8994 103.4331 102.8268 102.2559 101.8017 101.3592 101.0307 100.2746 100.2597 99.4967 99.7018 99.8342 99.4436 99.8920 100.6298 101.0893 101.3089 101.8800
112.1800 109.4496 108.7630 108.2778 108.7374 107.7148 112.5821 113.0694 110.4919 109.0484 109.0995 111.2670 108.3126 107.7192 107.2841 106.8554 106.3323 107.2801 107.1601 105.5790 104.4016 105.6472 103.3363 102.8472 102.2799 101.5430 100.7866 100.6118 100.1895 99.0904 98.6587 97.3436 97.4306 98.9632 98.8912 98.7801 99.5816 100.5097 101.0516 101.8800
108.9300 109.5430 109.6501 109.9605 109.5656 107.7576 114.2805 107.5826 109.8796 110.3252 112.3182 114.0106 112.5949 111.1708 107.4306 106.2441 107.6126 107.1269 106.8792 105.2891 105.0939 105.2165 102.8467 102.2988 101.7405 101.1757 100.3015 99.9567 98.8769 97.7569 97.3741 97.1975 97.0887 97.0309 98.0038 97.7612 98.5120 98.2218 99.3755 101.0600
109.0300 107.9850 108.5630 108.7720 112.3456 108.3258 110.4084 108.6158 110.0791 112.6580 114.7706 113.3438 112.3323 111.0337 108.3233 108.7829 107.2948 106.6162 105.9958 105.8839 104.9176 105.5050 102.6138 101.9361 101.4199 100.6695 99.3633 99.3543 98.9645 96.2887 95.6106 93.9110 95.1809 95.3624 94.3643 95.3928 95.5201 96.8566 98.2281 98.5900
108.9700 112.3799 112.4219 109.7168 114.4379 108.0970 112.8422 109.2514 109.1184 108.7423 109.2250 109.2138 108.5375 107.5069 106.8222 107.0788 105.8854 106.1242 106.5656 105.8944 105.9493 103.2398 102.3936 101.4752 100.7935 100.2307 98.8368 96.8158 91.4895 96.5314 92.7138 90.5027 91.3324 89.8592 91.2524 93.4584 95.1499 96.2683 97.6111 98.1100
111.2800 113.4254 109.6561 114.7779 113.9472 111.5330 110.0748 108.9721 111.7527 113.1694 113.5684 108.6462 108.5205 107.2925 106.5460 107.1217 107.0309 106.3080 104.8215 105.5473 105.7452 102.6826 102.1995 101.4238 100.2449 99.8908 97.9487 97.0230 95.9719 93.9669 88.5190 88.1211 87.0051 87.4691 87.6604 90.6696 93.2696 95.3428 97.4731 98.4700
110.4300 111.4679 111.1587 114.6372 108.6584 111.9923 109.5920 112.4925 113.8187 108.2614 108.8164 108.4788 110.0907 106.7792 106.1921 107.2859 106.4541 105.3793 105.9372 105.1138 103.3008 102.7869 102.1408 101.2875 100.1085 98.9165 97.8100 96.1760 95.2896 91.5051 85.7956 85.5921 79.9441 82.1185 84.4836 87.9610 90.7906 94.3802 96.6112 98.0500
109.0800 108.7102 111.7053 112.2603 115.0017 111.3025 109.9794 110.0811 104.3955 114.5271 113.8929 113.1704 113.0992 107.9214 107.1539 108.0125 105.8874 105.8872 104.5651 105.2754 103.1968 102.7515 101.9867 101.0719 99.7362 98.8657 97.2850 94.5710 93.4147 90.4194 84.0421 74.1541 68.9829 71.7572 82.9460 84.8174 89.0089 93.0471 95.5009 97.4300
108.3600 114.2595 117.2543 115.6325 115.8098 116.1467 114.7151 113.9995 113.3753 115.4287 113.6458 112.5476 109.9773 107.5538 107.2761 111.7201 105.8202 106.5702 105.7350 104.6134 103.2149 102.6683 101.9268 100.8194 99.6226 98.6111 96.7646 94.0272 90.4758 87.5794 84.2369 69.2114 62.7627 65.9669 81.8254 83.6785 87.9197 92.1107 94.3965 97.3400
109.4500 115.9990 116.9600 117.3055 117.0488 116.6743 114.0412 113.2222 112.5375 114.3462 112.8373 113.3254 110.3385 107.4586 107.8684 109.7602 105.6002 106.0266 105.0353 104.1129 103.2580 102.7048 101.9798 101.2098 99.7693 98.7716 96.8907 94.7943 91.7985 87.6754 83.4726 72.4744 67.3382 69.9001 76.2696 84.1738 89.4830 92.6092 94.8047 97.3300
109.4500 108.9890 115.0796 114.0279 114.8426 113.3583 112.8396 107.9026 108.5577 112.9324 108.6926 114.1440 113.3420 107.1513 111.0433 106.8796 105.9114 105.3014 104.3985 105.0423 103.4903 102.8200 102.0198 101.2316 100.0403 98.9325 97.4438 95.8347 94.1663 89.0848 85.1468 81.7815 76.7664 77.3179 81.8228 86.9974 91.4444 94.0329 95.7969 97.7900
114.9900 111.8425 112.1055 111.7133 109.9213 111.0687 112.1660 108.9939 112.5017 112.1695 111.0066 112.4983 115.6229 110.3682 107.9766 106.7176 106.3789 105.6207 104.8741 106.3255 103.3301 102.6958 102.0882 101.2421 100.3393 99.3053 98.0174 96.4000 95.1891 92.5530 88.7651 87.3477 86.9689 85.0120 87.4365 89.9531 92.9548 95.2683 96.9914 97.8200
115.0200 115.0233 114.7343 113.7196 113.8420 112.5452 114.3124 114.7630 112.9424 114.3228 113.8902 111.3762 109.2569 110.8083 107.0454 107.9809 106.0771 106.3379 106.1157 105.8931 105.0605 103.0077 102.3085 101.6389 100.9145 99.9781 98.9795 97.5575 96.5170 94.8959 91.8963 90.1208 88.3809 89.2290 92.0565 93.5920 95.6660 96.5322 98.3004 98.2600
116.3800 116.3592 113.7746 115.5121 112.5035 112.4628 113.9871 117.1744 112.1685 113.4209 114.1274 110.5564 112.6921 105.8860 106.9809 106.7684 106.5605 106.7988 107.1108 106.4436 105.4918 103.2577 102.7235 102.1103 101.4169 100.5741 99.6640 98.4951 97.4791 96.9359 95.7387 94.4628 93.2541 95.2052 94.8721 96.0619 97.3121 97.8789 98.6709 98.5500
118.4200 112.7821 117.2463 112.9928 110.6701 110.6421 113.1952 110.0251 112.2801 114.6829 109.5946 112.0771 112.2675 111.4043 107.3494 106.1136 106.0968 105.4599 105.0483 105.8863 105.8025 103.4394 103.0672 102.4377 101.7768 101.1557 100.2074 99.6285 98.6167 98.0176 97.3589 96.9073 96.5443 96.9991 96.4773 97.9577 97.9715 98.8707 99.7163 99.9100
118.4200 118.4600 118.4600 112.2900 110.7800 110.7200 114.4400 110.1400 109.3400 114.3600 114.3600 111.9200 112.9200 113.2500 108.3600 108.3600 105.6000 105.4300 110.1800 105.1800 104.6800 103.8000 103.9500 102.6800 102.2400 101.7600 101.1300 100.5600 99.9000 99.4200 98.2000 97.6300 97.6600 97.6300 98.0500 98.9000 98.9000 99.5000 100.2000 100.1600
