110.9300 110.9300 110.5100 109.4600 110.6200 110.3900 109.7500 113.5800 113.8600 114.1000 115.0500 113.7800 113.4700 116.2200 114.5700 112.8000 113.0900 115.0600 118.0600 114.0200 117.0700 114.5100 116.9000 116.9000 117.2600 115.3400 115.3400 114.9500 114.9500 114.6800 114.8700 114.6000 114.9400 115.0100 115.5300 115.3000 114.1400 113.9300 114.5800 114.5500
110.1800 110.2533 111.6451 110.3754 113.2618 112.1998 112.8522 113.8854 112.7609 112.8911 113.3108 114.2998 110.4292 116.5820 115.2824 113.1971 116.5679 113.1861 116.8198 117.0222 117.5397 115.5321 115.6050 116.9202 115.8238 115.7230 115.3987 115.0340 114.2234 111.6609 114.4891 113.4482 114.7134 114.4364 114.1961 114.5806 114.7831 110.3405 111.5258 114.5500
110.9600 109.2063 110.5427 110.4106 110.3014 112.5088 114.7311 111.9979 111.8548 110.4119 111.0581 112.6976 108.7156 110.8430 111.0038 111.6405 115.4388 117.3142 115.6377 116.7806 118.5052 115.7927 114.5581 115.9229 115.3267 116.1652 114.4167 115.2282 109.7544 109.0817 113.2640 113.2986 109.8900 110.9954 113.5933 113.6895 114.0292 109.2057 109.3094 109.3000
109.9900 109.5645 119.7451 114.5103 114.6474 114.0190 107.9013 113.3784 111.2335 110.6982 108.8377 112.2216 109.8001 108.4230 110.0143 112.5462 110.3250 113.9759 118.8741 117.9861 117.9189 116.4436 113.2754 115.1133 112.8219 112.6519 113.6457 113.2665 109.2009 109.4212 109.1673 109.8301 110.1033 109.7148 112.6840 112.5689 110.3898 109.0939 109.1213 109.0200
110.2000 114.9946 113.4491 114.1513 112.3563 111.9453 112.8854 109.6521 109.4195 112.4154 108.6241 110.2438 112.5187 109.3304 110.5408 109.7018 108.5358 113.4955 118.5092 117.7010 116.7311 117.0664 114.7315 112.9302 110.1851 110.4913 113.8436 110.1707 109.1963 109.0674 108.9753 109.0447 109.2935 108.6507 110.2109 111.0504 109.4616 108.7425 108.7767 108.6900
119.0300 115.4907 118.9390 114.5750 114.1549 113.2404 109.4278 110.3215 109.4339 113.9046 115.4627 110.9498 112.9276 111.2265 114.0940 110.8772 108.9759 111.5629 112.9911 117.1839 117.6084 116.8837 109.5759 113.6276 110.9062 108.7342 113.8314 111.0789 108.7469 108.6705 108.5136 108.4307 108.3187 108.3347 108.3034 107.9352 108.2739 108.3771 108.3292 108.3200
116.2100 113.8420 113.4087 115.4108 113.7584 111.6076 110.2540 110.2795 114.5717 117.4817 113.4874 113.1540 112.9930 110.5372 111.5865 112.4956 107.4130 106.9584 110.8913 113.1044 120.4695 113.2564 116.4564 113.8333 111.7314 111.0644 112.5504 109.7994 108.3564 108.1875 108.0840 107.9867 107.9054 107.8255 108.0265 107.8573 108.2354 108.5017 108.5515 108.5600
110.0200 111.4128 110.6321 111.7092 112.8431 111.8426 109.6171 108.8063 113.0732 109.5173 113.6679 114.0876 113.7443 113.9987 114.0672 111.8821 107.9190 107.8756 107.7811 109.7682 110.9864 111.2631 111.5602 114.5564 111.8462 109.1513 108.7993 108.2825 107.8893 107.9169 107.6806 107.4628 107.3613 107.3061 107.1903 107.1670 107.1007 107.8413 107.8665 107.8900
112.0500 110.5048 114.4440 115.5789 114.9251 112.3302 109.0533 110.5547 109.7748 110.2292 114.8560 113.8244 109.6868 112.5128 112.3369 114.1786 109.1513 109.6819 108.9973 109.0331 110.3701 110.9196 113.8121 111.7461 111.0696 112.7261 108.5753 108.4102 107.6785 107.0689 107.0260 106.8819 106.7288 106.5525 106.8043 106.8827 106.7351 106.9357 107.1449 107.4100
113.0500 113.2443 114.5003 111.4638 111.4952 112.2564 109.6121 108.8511 109.8660 110.5735 110.5830 111.5479 109.6642 109.6152 110.3534 111.5598 111.3617 112.0743 110.2180 108.2419 108.3353 108.9471 111.7318 115.2311 114.8601 109.7766 107.4637 107.6889 108.0126 107.2426 106.2928 106.2303 106.1701 106.5435 107.2394 107.3010 106.8649 106.5027 106.3379 106.2200
112.3100 111.0445 112.5324 110.8192 109.8687 110.0567 112.0500 111.6269 113.7841 109.7840 110.7525 114.6524 114.4431 111.7989 111.4183 109.3449 111.3441 110.1374 112.4533 114.4109 110.5237 109.2811 114.4810 114.2610 114.2969 110.5400 108.2822 107.7978 107.2027 106.4620 106.6272 106.1644 106.2102 106.6949 106.9663 107.3949 107.3230 107.0387 106.7086 106.2000
111.4700 110.1533 113.4463 116.4739 114.6559 108.6305 111.5048 110.4343 112.7432 110.4871 109.9782 110.5355 110.3887 110.0404 108.7311 109.8180 110.0244 112.8729 113.1617 113.3920 112.5549 108.6266 109.0346 114.3306 114.6325 112.2566 106.0028 106.5850 106.6689 105.8495 106.2358 105.3847 106.1126 105.5379 106.1436 106.9145 107.0526 106.4155 106.5274 106.8200
112.8500 110.6004 112.6931 110.7740 110.7923 113.8118 111.5180 111.2460 115.8271 111.1641 110.5502 111.5270 109.1928 111.9337 111.3344 108.5922 106.2174 115.3827 108.6058 113.5257 109.6451 110.1415 108.9212 107.0252 113.2872 112.9548 107.6962 106.3636 107.0858 106.1587 105.7763 106.1422 105.7870 106.5994 105.9825 106.2896 106.5563 106.1366 105.8113 106.9100
116.3300 115.0825 112.4724 110.7515 115.0282 109.6895 112.0609 115.5102 113.5083 113.6669 114.8910 115.1664 111.6636 111.2231 109.2188 109.3535 108.8983 109.6951 113.9418 109.7653 108.9131 108.3561 108.0184 106.7585 108.4197 110.3869 106.7908 106.6638 106.7169 105.8283 104.8207 106.1508 105.4169 104.9250 105.5068 106.1289 106.1668 104.7361 104.8217 104.8700
116.7300 119.0221 108.2737 108.5992 112.4735 111.9382 114.6806 116.2356 114.0007 114.1870 115.7088 113.5003 116.4771 108.2273 108.6514 111.5895 108.2549 108.4146 111.5066 110.0939 107.4706 108.2786 107.9938 106.8747 107.5225 106.2774 106.4340 106.3122 106.5118 105.9573 105.9372 105.8801 105.6177 104.4977 104.1599 105.4347 105.6469 103.9369 104.5788 105.4700
111.7600 116.4622 108.2297 111.3455 114.7826 111.0430 113.7337 111.5431 115.1259 117.1436 116.3871 113.5675 114.3143 112.2468 106.4435 112.7318 107.0858 107.6919 107.2288 112.2727 110.2996 107.0969 106.9303 107.4179 106.9891 106.1703 106.1888 106.3014 106.3756 106.0054 105.6771 103.5514 103.9373 103.6119 105.6689 103.9623 104.0856 104.8263 103.9191 104.5600
119.5200 111.9836 110.4794 110.8940 113.3971 113.4220 109.7019 108.0538 113.6726 116.1775 115.6673 113.7294 114.0827 110.1366 107.7172 110.9753 110.5366 110.1017 107.8317 107.8512 110.4721 106.5199 106.6196 106.0130 106.2216 106.1747 105.7108 104.9521 106.0209 104.6752 105.1888 103.0018 104.2826 104.6031 103.8366 104.2882 104.5956 104.2552 104.6992 105.0900
110.7600 110.9095 112.2156 111.3736 112.6327 112.6252 111.9204 109.1271 113.5598 116.5307 114.1381 115.0732 113.3170 109.4059 108.0769 108.7267 108.0943 109.3779 108.2769 107.0220 106.8703 106.8678 107.4427 106.4372 104.8925 105.5441 105.0749 105.5120 104.4745 104.6189 104.3819 104.2148 103.2541 103.3276 102.0977 102.6963 102.2535 102.3649 103.5170 102.4300
114.7700 112.6337 109.8939 109.4433 108.3533 108.8538 110.9109 114.3320 113.6786 114.9807 115.7665 114.6430 112.3166 114.5567 113.5721 108.5655 107.8184 108.0844 108.2135 110.2584 107.3820 106.2763 105.7503 106.6701 105.1193 105.4434 104.3493 104.9117 104.5618 103.9580 103.2631 101.9021 101.8007 101.8826 101.9103 101.5934 101.8284 101.5882 101.7034 101.8800
113.5900 113.6382 110.7282 109.9714 108.7734 109.8206 109.0688 109.7655 108.6649 116.2684 111.5844 113.8058 115.1620 112.2460 111.1199 112.4943 112.3712 108.3723 107.8375 107.2338 107.4995 105.9221 106.2715 106.1616 105.6631 104.2071 104.2787 104.8597 103.4559 101.8169 102.8451 101.1334 101.5119 101.2569 101.0213 101.0768 101.1488 101.2797 101.1200 101.0700
115.0700 114.3771 109.8717 108.9511 108.9212 109.3712 109.8851 109.3359 108.1307 109.7856 113.8175 113.0549 112.7031 110.6143 111.7897 115.3188 109.6363 108.0708 110.1666 106.9690 106.3908 105.9097 105.2523 105.1295 105.9395 104.4281 104.9603 104.0901 101.7530 101.3687 100.8109 100.6295 100.6071 100.0305 99.7871 99.9537 100.0897 100.0274 100.1272 99.8300
110.9900 111.0277 111.4098 110.2065 108.8825 108.6308 108.5461 109.0152 108.5387 108.4296 112.4841 109.5880 113.4068 112.7942 113.1410 111.6785 109.4478 110.7776 107.0482 110.1377 106.3894 106.3900 105.0153 106.1470 105.8622 103.5096 104.0894 102.0204 101.5663 100.9124 100.5761 100.0484 99.4651 98.8668 98.8530 98.6815 98.8146 98.7688 98.4546 98.3800
115.6500 114.0512 110.3087 108.8353 108.7382 109.7474 108.8234 108.0573 107.8940 108.4856 109.2785 109.0532 108.6538 108.3956 108.4438 108.4024 107.9023 107.2571 106.3007 107.2205 105.9722 105.2296 105.1848 105.9814 105.0019 103.5458 102.3046 101.8289 101.2362 100.6061 99.9339 99.0444 98.4336 97.9500 97.4557 96.7906 97.3701 97.5913 96.2554 97.9400
111.8900 109.6770 109.9627 108.9351 108.9086 109.5812 108.3396 108.9818 108.6907 110.5215 112.5529 110.8935 108.9144 108.8200 108.2953 108.0603 107.2656 107.9439 106.4894 105.8039 106.3473 105.7423 104.4600 105.4023 104.9326 102.4051 102.0748 101.4445 100.7361 99.6904 99.1279 97.7592 97.2374 95.5113 94.4305 93.4762 93.5835 95.9498 95.5739 96.3200
109.5600 110.0927 108.8670 109.6806 109.0363 109.2076 109.0228 108.5422 109.6694 110.3980 110.4874 113.0125 109.5677 108.4683 108.9146 108.9857 107.7857 108.1560 107.3695 106.2516 106.0590 106.1382 105.9730 103.5076 104.2439 102.2069 101.7049 101.0282 99.9706 98.4939 97.9376 96.2386 95.2784 91.3647 90.4752 90.4665 91.3903 92.5322 93.5924 95.6900
110.4100 110.5371 108.9861 109.1933 109.0853 109.4083 110.3568 110.4069 109.4868 108.6648 109.5311 108.6776 108.1638 107.7827 107.9431 110.2827 107.2309 107.0133 106.9181 105.9120 105.9045 104.9709 104.2355 104.6151 102.5731 101.9924 101.1245 100.6735 99.9121 98.1402 96.3985 93.5156 92.7918 92.4118 87.9292 86.0005 89.0421 91.0482 92.3896 95.6900
112.3800 108.8742 110.4136 109.4202 110.2212 108.4706 111.5202 110.5815 108.2551 109.5698 112.3573 112.3703 109.0608 111.1915 107.2652 106.8550 106.7222 106.4542 106.1119 105.9979 106.1323 104.3765 105.2311 104.9569 102.5280 101.9280 101.0080 100.2745 99.0965 97.0669 95.4463 92.7783 90.5356 89.7585 83.6853 79.2735 81.8019 85.7549 87.9065 89.1800
111.8800 114.8211 115.4500 110.4843 113.0339 112.8043 110.6682 108.3414 109.2838 110.0823 114.8137 113.6787 112.6524 109.7824 108.6264 107.8982 106.9230 106.7016 106.1078 105.8525 105.3066 105.6313 105.8105 104.3908 102.4669 101.8758 100.7488 100.4673 99.0162 96.8572 94.1643 93.3000 91.1734 82.2692 73.1375 65.9464 69.2306 78.8358 84.3894 85.7300
112.2600 115.8149 112.5371 109.4001 114.2036 110.9729 110.2536 108.2120 110.9614 110.0540 110.6197 110.0882 109.9362 109.0706 107.9063 107.8416 106.8488 106.3917 106.9253 105.9727 104.9818 105.6297 105.3284 104.2698 102.5019 101.8234 100.5670 98.6504 96.9250 97.1035 93.8472 92.0385 85.8036 78.1050 69.1890 63.5680 64.8899 76.2247 83.1790 86.7100
112.2600 111.7063 109.6865 110.0410 110.2037 108.6513 108.8251 107.7182 111.9768 110.2211 109.4878 109.2081 109.1158 107.6681 108.9568 106.5703 106.8824 106.6703 107.0775 105.9715 105.6029 104.6793 105.1771 103.0493 102.5764 101.8615 100.5294 98.5917 95.8231 97.3768 93.8853 92.1870 85.7477 78.8984 70.9391 65.3942 66.4225 77.4102 83.9268 86.8200
113.3400 115.7378 110.4101 112.6515 110.6722 108.3453 109.2636 108.2786 111.8329 109.5191 109.6607 109.3340 108.8463 108.3840 108.2538 108.4523 107.4460 106.4524 106.5989 106.3674 106.5446 105.7801 104.2310 103.8417 103.0395 102.0766 100.7784 100.1919 99.5446 97.3963 94.8591 92.8014 88.4210 82.5831 77.4320 72.9147 76.3191 82.8510 87.0199 91.5100
110.7500 113.0828 110.6713 110.6872 112.1423 110.0316 109.7644 108.0982 107.4655 109.3813 109.9186 109.1239 109.0158 108.4002 108.2875 108.3905 107.4685 106.5908 106.4532 106.3467 106.4581 105.9971 104.3215 103.4026 102.6384 101.9584 101.2475 100.3106 99.5263 98.3846 95.9708 94.7745 92.1787 87.9479 84.1609 81.3966 83.1814 86.4716 89.8660 91.6500
110.7500 113.7316 112.0841 111.0022 110.2207 111.4978 110.0912 109.5376 109.2978 110.7914 113.3413 108.1605 109.7356 110.1866 109.1561 108.2532 108.1371 106.6846 105.8260 106.1489 105.7562 104.9357 105.3225 104.1074 102.8349 102.2340 101.5975 100.4310 99.7850 98.9935 96.9718 95.5566 94.5570 91.1944 88.2328 86.6725 88.0107 89.2051 91.4698 94.3000
109.2300 115.5974 110.7826 115.1863 112.2723 115.8300 115.5665 114.5000 114.3817 112.2716 110.0212 111.2161 112.9924 115.1594 111.6523 109.8527 110.2180 106.9754 106.5876 106.5568 106.2875 105.6099 105.1849 105.4855 102.9714 102.5431 101.7393 101.0165 100.1409 99.4273 98.6707 97.2486 95.4701 94.3251 91.6151 91.1699 91.4621 92.1425 94.0559 96.0900
117.0800 116.2611 112.2623 113.6747 113.2242 114.7462 115.2033 114.9064 112.4156 111.7675 110.6981 111.3452 112.2430 112.1204 112.0186 107.9629 110.1365 107.1598 106.1824 105.8507 106.6987 106.3279 106.2569 105.7853 104.7775 102.8886 102.2462 101.6450 100.8513 100.1766 98.8855 98.1489 97.0429 95.3730 94.7876 95.6189 95.5448 94.7061 96.0710 96.0900
113.4000 117.3971 114.1698 113.2474 110.3349 112.3088 114.7986 114.2112 112.3130 111.7176 108.4780 110.5343 111.9229 109.6173 109.6600 107.8762 107.4315 106.4281 110.1234 105.6264 107.3138 106.3667 106.3014 106.1478 106.0423 104.4054 102.4942 102.0599 101.5666 100.9105 99.9356 99.5309 98.4709 97.8266 97.1759 97.1095 97.5271 97.5390 98.1681 98.5600
120.8700 119.6662 113.6574 112.4214 114.2211 113.6093 112.7968 111.2309 111.1933 109.6812 110.1408 110.2477 112.6247 111.8721 107.5418 108.7056 110.7461 106.0213 108.7890 105.9107 107.6941 105.8189 105.2685 105.7623 105.0191 105.6191 102.9807 102.5928 102.1087 101.5851 100.9423 100.2960 99.9445 99.5236 99.1273 99.1948 99.3515 99.2048 99.6397 99.8300
118.7700 115.5699 113.0441 112.0163 115.8421 111.8119 111.5840 112.0472 111.6750 110.3925 113.9287 107.7381 111.2990 114.3973 113.1506 113.9486 112.3623 107.0286 106.2597 106.1209 106.5532 106.8552 105.0674 105.9105 104.7243 104.8330 104.3933 102.8875 102.6502 102.2337 101.7954 101.2815 101.0478 100.6992 100.5836 100.1744 100.5435 100.0497 100.3543 100.1400
118.4500 110.8950 111.4288 114.2674 113.6841 111.6555 112.5670 114.3189 113.8683 110.8516 111.9693 109.2169 113.9272 115.0215 110.8212 109.6356 107.7566 107.1077 106.6145 106.3187 106.4101 107.4345 106.6797 105.8090 105.0075 105.3865 105.3980 103.4083 103.1568 102.8083 102.3535 102.1364 101.9326 101.5172 101.4630 101.1691 101.2439 101.4076 101.1677 100.9600
113.3500 114.8000 110.2600 114.0700 113.5200 112.3500 112.3500 112.9300 114.0700 114.7700 110.1300 109.5000 115.7700 109.4200 109.4200 108.1300 108.0600 107.7000 106.9300 106.3700 107.7500 104.9100 105.8900 105.8900 105.9000 106.5100 105.5800 106.1300 104.1800 102.8900 102.9900 102.6800 102.1300 102.0100 101.9200 101.3900 102.0300 101.9700 101.8900 102.6200
