109.0400 108.4900 113.1100 112.6100 109.8700 111.3800 114.4500 115.0200 116.7700 112.9100 114.5400 114.8400 108.1200 107.3700 107.7900 106.8800 105.8900 106.5200 106.9400 106.9400 105.8900 106.4700 107.2500 106.8100 106.7600 111.3900 108.1500 108.1000 108.0800 108.1200 106.8700 106.8700 107.0800 106.1400 105.8300 106.0600 105.5800 105.9300 106.5600 106.5600
108.4400 109.1899 108.5402 110.2563 106.8350 114.7640 114.8916 113.9748 110.9670 116.2354 113.2962 109.0706 109.5738 107.9310 107.0735 105.9625 106.4366 106.2080 107.1989 106.1490 105.2219 105.5215 107.6415 108.1627 108.7745 111.5122 109.4573 109.4308 109.0458 108.8318 108.6966 108.3957 107.8983 107.4165 106.9783 106.6247 106.3725 107.2409 105.3964 105.3500
115.6200 111.5879 109.5031 112.5420 110.8048 117.1740 116.8934 112.1748 109.0950 112.9608 116.0433 109.1075 108.4077 105.4700 106.8755 105.5075 105.4848 104.7828 106.4415 106.3563 105.9983 105.3141 109.6474 110.2880 111.8567 111.1407 111.8304 112.3815 111.1782 111.2959 111.0209 111.1329 110.1001 109.0290 108.4177 107.4916 106.5186 106.9877 105.9411 105.5100
114.5600 113.9266 115.2715 109.3701 110.0864 113.8270 111.1267 114.4670 117.3573 113.9252 109.3216 107.0816 105.8275 106.3576 110.0691 107.4038 105.1078 104.9030 105.2829 106.5824 105.8401 106.7007 111.0443 111.6949 116.2062 111.9466 112.5184 113.3305 107.7079 108.5542 112.4206 114.1710 112.5110 110.4411 108.8141 109.6897 106.0501 107.8028 106.6762 106.1800
112.1300 116.4375 115.1731 114.3642 111.3150 108.8538 114.0022 111.5714 111.8838 112.8941 107.9609 107.9634 106.8889 107.1052 105.9592 108.7484 104.9943 108.2519 105.9641 106.9494 106.0454 105.9786 109.1245 110.5385 110.7632 108.8544 108.7530 108.9059 105.5580 106.5846 110.1399 111.1994 111.1856 110.1804 106.1814 107.7765 106.2327 108.8824 107.6978 107.1700
116.9300 114.3251 114.5762 115.7242 113.5596 109.7667 108.6474 108.1535 107.7734 110.6245 106.9362 107.8474 106.0313 106.4103 109.2944 106.7152 107.1217 106.5626 107.4698 108.7531 107.1382 105.1645 108.4126 107.1440 106.2518 106.2552 104.1679 104.3362 104.0480 104.3974 105.2871 106.3097 107.7128 107.9767 109.3070 107.4005 108.5651 107.9054 109.4601 109.2700
110.7600 108.0371 111.7750 114.4007 114.2355 111.9957 111.4768 108.5514 107.8452 110.1277 109.2303 106.4096 106.3696 107.0421 112.0630 106.9262 105.5766 105.1613 106.8846 108.6119 107.2086 103.9517 103.4280 103.4960 102.9736 105.3068 104.6744 101.7035 102.6757 102.7598 101.6325 103.4202 103.7714 104.3972 105.1653 105.3912 110.3757 108.6451 109.4778 109.2700
109.1200 109.5062 115.4746 115.6234 114.5080 110.8943 112.3864 112.3514 107.7793 108.1095 107.7968 107.7064 105.9904 109.6395 109.4555 111.5249 105.3565 104.1415 104.9222 105.1381 106.8438 102.5963 104.4101 103.1839 103.0334 101.5496 102.9703 102.9113 103.0522 103.9232 104.9927 107.5429 102.7564 102.8433 103.7839 104.6761 105.2796 106.1134 106.5172 111.1700
116.2700 113.1101 110.0510 113.7508 109.2506 109.2673 108.9477 110.1868 109.7101 111.7068 107.5068 106.6190 106.2224 106.6432 104.4083 107.1536 109.6940 105.9996 103.5138 103.3374 103.3723 103.9674 104.5782 102.0769 102.5888 100.9860 100.9213 100.7192 100.7301 100.8744 102.3426 101.5508 102.2641 103.1810 102.7745 103.2729 104.4839 105.0811 108.2612 110.8000
110.0900 111.2587 113.3332 113.8077 110.8454 113.2559 108.4970 108.9941 107.0662 107.9457 109.2444 106.9967 106.9799 105.8404 105.4384 106.7707 109.4234 103.8000 103.9516 105.8499 102.0807 101.8855 101.3037 100.7817 100.3367 100.2030 99.9781 99.7985 99.8613 99.9991 100.0953 100.6730 100.8926 102.2040 103.4801 102.7223 103.0037 104.9889 107.7453 108.6400
108.9300 108.5373 109.6325 110.7402 110.1809 109.4379 108.4768 108.2238 107.3548 106.6743 107.0075 106.9001 106.8800 106.3445 105.5943 106.0169 105.2056 109.0203 104.1552 103.4353 101.8709 101.3013 100.8690 100.0148 99.3332 98.9603 98.9472 98.6142 98.6792 98.8531 99.3335 99.5692 100.1488 100.5640 101.6711 102.5453 102.9984 102.7468 109.8829 107.6500
109.0800 109.0995 109.7013 109.1627 109.1044 109.0504 108.2151 108.7838 108.0298 107.7350 107.2938 107.5173 105.4384 106.3913 105.7180 105.6917 105.0295 105.4450 104.4652 102.1056 101.6834 100.7244 99.9640 99.1089 98.0856 97.6063 97.7102 97.2038 97.8004 97.7126 97.7852 98.4581 99.0328 99.8200 100.6048 101.4244 105.2783 101.8463 104.1395 104.9200
108.7900 109.1791 109.7540 109.2084 108.9413 107.9890 107.4789 108.1039 107.6018 107.6687 107.7730 107.1835 106.2302 106.3193 106.0755 105.4831 105.3604 103.0602 102.5310 101.8779 100.7998 99.9748 99.1900 98.3420 96.5233 96.0195 95.7262 94.7687 95.2364 95.7131 96.2355 97.0619 97.8523 98.8162 99.7504 100.4834 102.5590 103.4181 102.8565 103.3700
108.7600 109.6431 109.2418 108.9246 108.0273 108.3745 108.7417 108.3321 108.1466 106.7377 106.9562 106.4018 105.4212 105.0846 105.6729 105.4988 104.3794 102.7686 102.1496 101.1574 100.1341 98.8237 98.4989 97.4906 95.3485 94.8177 92.9379 92.3796 92.2827 93.6402 94.3112 95.2471 96.5097 97.7596 98.8721 100.0747 100.7848 102.8653 103.6770 103.7000
114.0900 111.0539 110.8268 107.8646 108.3551 107.9675 107.7120 106.8740 106.4574 106.5456 107.4546 106.9444 106.4416 106.0178 105.1198 104.5314 103.6461 102.4697 101.3969 100.3813 99.4710 98.4846 97.0603 95.5408 94.0029 92.1941 89.8807 89.0405 89.4092 91.5780 92.6531 93.7220 95.0718 96.6457 98.0201 99.3159 100.4206 101.1822 103.6320 104.3700
112.7900 114.3623 113.8686 108.7617 107.8678 107.6350 107.7213 106.8304 106.7760 106.1673 106.6570 106.2662 106.3942 105.7739 104.1747 105.5109 102.8955 102.2701 101.0353 100.0839 99.0055 97.9430 95.9030 93.6372 92.0588 89.2470 86.7940 85.1975 85.4815 88.1747 90.2783 92.1902 93.5445 95.5228 97.2407 99.1771 100.1575 100.8817 104.0475 104.2400
113.5100 114.1422 109.8711 107.0881 107.1104 108.6942 107.2822 106.9113 107.2740 106.4730 106.3018 108.4979 106.4111 106.2887 105.3901 105.0964 102.6340 102.1634 100.9635 99.4552 98.7073 97.8805 94.9592 92.7124 89.2275 86.1102 82.1755 78.8265 80.0621 83.3905 86.6236 90.4364 92.3590 94.6465 96.5452 98.7551 100.0802 100.9840 102.5468 102.6500
115.8700 114.2846 111.3914 112.4774 107.7653 108.8397 107.5843 107.9814 108.2588 107.7275 105.9709 107.2438 105.6961 105.0516 104.7583 103.4155 102.4490 101.8524 100.7897 99.3582 97.8262 96.9256 94.6979 91.6066 87.3531 82.8019 74.1683 68.5056 70.2145 78.3267 84.2005 88.5276 91.4617 93.9667 96.3270 98.5469 99.8165 101.0985 101.5771 103.7400
115.4700 112.8668 111.2546 109.9107 108.4394 108.3340 108.0589 106.8483 107.2256 106.8542 106.8546 104.6839 103.4382 110.9609 109.4366 102.7323 102.3850 101.6963 100.5718 99.6778 98.0710 96.5730 94.0979 90.2881 86.2891 81.1869 71.4441 63.6196 63.7297 73.8410 82.9594 87.7043 90.9487 94.0076 97.3935 99.1566 99.8674 101.1887 101.7737 102.5000
115.0000 112.4255 106.7664 106.4310 108.1445 107.8276 107.4714 106.9242 107.2169 106.1108 106.1803 105.6342 107.4138 107.8737 109.5582 103.2850 102.6078 101.6910 100.5223 99.6616 98.3364 96.6216 93.9851 90.3549 86.6080 81.1588 72.0105 64.2735 63.8435 73.7621 83.0153 87.7912 90.9285 94.0671 97.5260 99.2380 99.8883 101.1157 101.7547 102.4900
116.7900 115.7941 114.4822 113.6729 114.9578 106.8878 109.0178 114.8743 111.5557 105.8688 106.1969 106.1659 106.6804 105.8163 105.1438 103.3064 102.5271 101.9677 100.6110 99.8252 98.0359 96.6846 94.2608 91.0135 87.4384 83.6153 78.0475 70.4989 69.8200 77.6574 84.2172 87.4871 91.6559 96.4529 98.4881 99.6566 100.4931 101.7063 102.1089 102.7600
116.1600 115.2974 112.6301 115.9758 114.9712 109.6056 106.1108 113.4426 106.4582 107.1163 106.6928 106.1782 106.2379 105.9731 104.5166 104.6921 102.6126 101.9149 100.7121 99.7393 98.9050 98.2064 96.2902 93.2646 88.8815 86.2431 82.7255 78.9900 79.5329 82.5233 86.6725 90.1184 94.2623 97.6253 98.3077 99.5230 101.0039 101.7169 102.1892 102.7900
116.0300 117.4799 111.5871 116.3054 115.7209 109.0044 108.6431 110.4141 106.1918 106.7050 107.0094 106.5985 106.4988 105.4252 104.7766 103.7861 102.8318 102.1970 101.1705 100.1522 99.0100 98.4112 97.1705 95.0034 92.6822 90.8857 87.4330 86.3129 85.9125 88.1900 91.1145 93.4766 96.2778 97.5984 98.5409 99.9871 101.1664 101.7500 102.3316 102.7000
116.6200 116.0176 112.8429 110.8740 110.4752 114.6630 114.7714 110.2472 110.4684 110.2007 105.9702 106.2547 105.2492 105.6533 105.1094 104.2715 103.2933 102.5285 101.7805 100.8311 99.7679 98.7434 97.4855 96.1201 95.3197 94.3861 91.1917 90.7674 92.4136 92.8962 94.6164 96.1526 96.7455 98.4697 99.7647 100.6704 101.5045 102.2071 103.5850 105.0000
116.5400 110.2663 111.3963 108.0736 111.9167 110.6418 109.6963 109.5591 110.6245 106.8994 106.3399 106.4633 105.5388 105.7222 105.4541 103.9701 103.4372 102.9053 102.3087 101.3695 100.6667 99.5637 98.6275 97.5654 96.5247 95.2139 94.1235 95.0508 94.8325 96.1789 96.5304 97.8923 98.3431 99.6661 100.1785 101.0713 101.5908 102.5615 103.0120 105.0000
114.6200 114.5652 110.5260 109.3574 110.4095 108.3061 108.2322 108.1506 107.3880 107.2202 107.5547 106.6267 106.4036 105.8469 105.8787 105.6140 103.7973 103.2596 102.7162 101.7367 101.0566 100.1930 100.1347 99.1915 98.4120 97.4085 96.9489 97.2406 97.5204 97.0190 97.4434 98.7798 99.4629 100.2559 100.4180 101.3069 101.9757 102.7493 103.6477 104.9900
115.3800 110.1633 109.3579 109.1530 108.7707 108.9625 108.9063 108.7629 108.3069 107.8086 107.2731 106.8764 107.1132 106.5073 106.4590 106.1806 105.2085 103.6430 103.0480 102.4773 101.8926 100.8947 100.7323 100.2169 99.3543 98.7850 98.0304 98.3365 98.9505 99.3111 98.7715 99.4985 100.0710 101.0785 101.4003 101.8170 102.5420 103.1821 104.2365 104.3400
109.1600 110.0063 109.5842 109.2881 108.7176 108.5177 108.1979 108.6479 108.5428 108.0986 107.8904 107.4428 107.4147 107.1207 106.4170 106.7871 106.3660 105.2933 103.8299 102.9017 102.4816 102.0116 101.2943 100.9079 100.2649 99.9262 99.6003 99.7397 100.0656 100.1647 99.9181 100.3007 100.9389 101.7884 102.3456 102.4668 102.9806 104.0438 104.3407 104.8400
110.2600 109.7931 109.9719 108.2894 108.6395 113.5886 109.1779 108.3527 108.6845 107.4950 108.3808 107.8948 107.7283 107.3148 106.6502 106.9061 105.5605 106.0354 105.2902 103.6408 102.9232 102.5288 102.3412 101.4972 101.2636 101.2548 100.8668 100.8686 101.2583 101.1609 101.0585 101.5657 102.1336 102.3565 102.5801 103.5192 104.5683 103.8230 103.9645 106.0100
109.7300 107.0517 108.2512 112.9195 104.5452 108.3199 109.7024 110.8773 108.3228 108.0273 108.4847 108.0720 108.1007 106.2183 106.9704 110.4400 107.8087 105.7870 106.2297 103.3352 103.8659 102.9990 102.7546 102.2333 102.1054 102.0637 101.7096 101.6213 101.9571 102.2007 102.0918 102.1627 102.3891 103.2880 105.0644 104.1443 104.2578 104.7635 104.9640 104.5700
107.3900 108.7507 108.8651 109.8006 112.4821 113.5018 109.0440 108.8092 108.7964 108.2436 108.4323 108.3158 107.7984 108.0239 107.0754 105.4229 105.8889 105.3451 105.0868 105.9356 104.2009 103.5430 103.3715 103.3867 102.5820 102.8606 102.5755 102.5162 102.6669 102.8532 102.7834 102.8461 104.2414 104.2145 104.0963 104.1039 106.2043 106.5164 106.4925 106.2600
110.5500 112.1215 112.3749 109.8755 109.7860 108.9648 109.5104 109.0038 109.0676 106.6849 108.3736 108.2738 107.7203 109.1128 109.5601 108.3038 106.9911 107.4651 106.3903 106.5209 105.5088 105.4875 105.7680 104.1526 104.0777 103.3345 102.9509 103.1882 103.1163 103.4399 104.2341 103.3928 104.5878 105.5762 103.8364 105.7150 106.4360 106.7953 106.7071 106.5500
110.5200 114.8518 112.0311 109.7051 109.6257 109.1751 109.3340 109.8655 104.0927 109.4998 108.5147 108.6603 108.2367 105.9604 105.8893 106.3476 105.6748 107.2095 106.2123 108.2468 107.1300 106.3046 106.0595 105.1482 105.4884 105.4672 105.1590 104.5547 105.5147 105.8287 106.3292 105.7793 105.7516 105.7504 106.0099 106.8644 106.8307 106.9189 107.1159 106.9800
110.7700 110.5093 110.2966 110.5342 110.0857 111.6015 109.3477 109.8721 109.3743 108.4398 109.7862 109.2704 111.7661 109.9745 110.8912 108.1225 107.4268 106.9376 106.5763 106.1456 106.6757 106.1676 106.6024 105.3719 104.4085 105.7846 105.8086 104.9295 105.5964 106.1711 105.5528 106.6833 106.3053 104.9443 106.5036 105.7272 105.5897 106.3968 107.4267 106.3500
110.7700 110.6318 109.6944 113.6069 109.8396 109.3671 109.7341 109.6720 108.6628 108.4503 110.4195 108.2158 112.5040 114.0756 105.5101 105.9019 105.9682 106.8231 109.5613 106.3487 106.1409 107.3009 107.2509 106.5632 105.3025 106.0075 106.1876 105.5099 106.7761 106.7862 106.0864 106.2549 106.5474 105.8938 106.7040 107.0290 107.2563 106.3055 106.7746 106.3200
115.8300 113.2361 110.1817 113.0650 114.1377 110.1691 110.0788 109.3515 108.5793 110.2433 107.2668 112.6198 112.3089 111.6144 106.4980 109.8406 107.2090 106.8703 107.2194 106.1150 107.0346 107.5884 106.2950 105.9743 106.5382 105.8047 105.9033 105.7419 106.5287 106.8229 107.3009 107.3304 107.0684 106.3994 107.3134 107.3985 106.4039 106.6014 106.7259 108.1300
117.0000 115.2155 114.2251 111.3078 109.8682 109.6049 109.7446 111.1248 109.8302 115.0430 115.1381 110.0796 110.7426 113.3282 110.4844 113.1831 109.2323 106.0536 108.8545 108.2029 106.7196 107.0508 110.8331 109.6103 105.9255 106.5382 106.7692 105.4001 106.8895 106.8413 107.3151 107.3731 106.3877 106.7116 107.6974 107.8573 106.9950 107.3119 106.8420 108.2600
117.7800 115.8835 116.0554 111.0878 109.3265 111.9563 113.9675 111.8506 114.3412 115.3912 113.2925 112.0334 112.0133 110.4142 109.6838 111.3987 109.1732 107.7279 107.0304 110.0535 107.7324 106.9461 111.0121 107.2106 108.4743 109.8480 106.3693 105.2398 107.2397 107.7715 108.0158 107.7884 106.7446 107.3054 107.3412 107.7153 107.5763 107.5263 107.8902 108.3500
118.7500 115.8475 112.5569 111.1328 110.3215 108.5422 109.3549 112.4780 112.9656 114.4785 111.3167 115.0999 113.1164 111.4261 108.6635 107.6766 109.9804 112.4924 111.8538 107.1785 106.8807 107.5044 112.6802 107.5159 108.0503 105.9893 106.1480 106.9338 107.6167 108.3280 107.6648 107.7057 106.6703 108.4816 111.2746 108.3081 108.6741 108.5638 108.5503 108.7000
118.7500 115.3400 115.5100 115.5100 109.3100 108.6900 108.6900 117.8000 117.8000 113.5500 109.6800 116.9800 116.9800 112.2000 113.1500 107.0200 107.0200 113.0900 109.9700 109.9700 107.0100 112.0900 110.1300 106.0000 107.1500 106.6100 107.2900 108.9300 107.5800 108.2000 107.7700 108.2200 107.3600 108.3600 107.6000 109.3200 108.2300 108.3600 108.3200 108.7000
