109.3700 110.7800 110.0100 108.8300 108.3200 109.7300 108.9600 116.2800 116.9200 120.7800 116.1800 114.6200 118.4700 116.9400 113.8200 119.3100 121.3900 121.1700 120.9700 120.7600 120.5400 117.1500 115.3000 113.4700 111.7100 104.9100 106.9900 107.8500 106.2400 105.7800 105.7800 105.2800 103.9900 104.0700 103.9600 103.9600 107.0300 104.6800 104.6500 104.6500
109.9700 110.2039 111.0394 109.0527 110.8487 117.3545 116.8180 121.0605 114.5021 116.3097 116.2964 112.2752 114.1097 112.9513 114.3333 115.5518 116.7482 120.7287 120.1358 120.6653 118.6837 116.1355 113.8394 112.1375 109.0414 106.5090 107.1809 106.7139 105.1992 104.3024 104.0906 104.0542 104.1205 104.4190 104.7241 105.2338 108.6800 105.5261 105.7274 106.2000
109.4500 109.9357 111.0748 111.2129 109.9929 120.4496 118.4574 117.1432 113.6886 114.2120 114.7738 114.2310 114.6115 111.3524 114.6673 115.2312 119.1721 118.7262 120.1698 118.4979 116.1466 113.8960 111.9193 110.2482 108.7803 107.3745 106.3211 105.1476 103.8830 103.0789 103.9404 104.7256 105.3213 105.9275 106.6392 107.1683 107.8388 107.9135 108.0298 108.6600
110.6200 108.7294 119.2902 117.2956 110.5570 112.4829 114.2839 119.1524 114.4768 116.1603 114.8549 116.4789 115.8371 120.1940 113.7699 116.0082 118.4527 119.4042 118.2858 116.1555 114.0222 112.2191 110.3533 108.7375 107.3844 106.1018 104.8376 103.9864 103.7365 104.0934 104.9588 106.1267 107.4376 108.3756 109.3056 110.6311 111.9212 112.1971 112.4458 112.9100
109.1300 112.2899 111.1228 109.8587 109.7556 115.2344 114.9859 119.1638 115.9159 119.3625 119.7329 118.9133 113.6021 116.0097 114.9363 117.4752 116.7999 117.8546 115.7393 114.1438 112.2335 110.7447 109.0865 107.6242 106.1764 104.8876 103.8215 104.0709 104.9042 105.8849 106.7209 108.7906 109.7675 111.8741 113.9901 113.4769 113.1518 112.6131 114.3803 114.2700
117.4200 114.4388 116.2625 115.2974 109.4110 113.6472 118.9977 117.2485 119.0054 116.4062 117.7953 117.6306 118.0942 117.4303 117.0325 114.8192 115.5154 116.3591 113.6733 112.8699 111.6011 109.0548 108.1478 106.6376 105.3065 103.9286 104.1671 105.1758 106.3518 108.0367 110.4049 113.3692 113.9261 111.1775 110.6972 109.0990 108.0261 107.1977 107.2093 107.7700
110.8200 111.4525 113.2665 113.0796 109.3212 114.6941 115.2344 118.0242 117.1918 116.8361 115.9519 117.6603 116.7187 115.0011 114.6371 113.4735 112.8480 115.1215 113.0119 111.5588 108.8736 105.9988 106.2971 105.5959 104.3448 104.6296 105.3084 106.6537 108.5631 111.9619 114.5074 115.0710 110.8619 106.5507 105.3853 103.8695 102.8325 102.5246 102.3032 102.7900
116.6000 111.3936 110.5295 114.8938 113.4272 113.5553 113.6048 117.1865 110.2155 111.7611 113.0522 111.2329 114.6870 115.4565 110.2004 114.4872 115.8406 114.5703 112.2455 112.1763 108.9256 106.7925 105.9093 104.2064 104.2775 105.7184 106.8910 108.7819 111.4667 113.0785 112.7856 108.5658 104.5061 103.0676 102.1321 102.2863 102.2342 101.6739 101.4782 101.6900
110.0300 110.0455 111.6049 115.0452 112.7420 111.7583 109.4517 112.4438 112.9136 108.5881 113.4354 114.4232 112.1733 115.2212 112.2592 110.5069 114.4009 113.3749 111.1077 109.0155 110.7733 109.2207 109.3797 107.4306 106.9348 105.8065 104.9356 110.6430 112.8668 110.4838 107.2582 103.4625 101.3295 101.5615 102.2419 101.5221 100.7642 100.5700 100.5499 100.9500
115.1100 110.4021 112.9910 114.2965 113.0305 110.8206 110.8693 108.6256 111.5717 113.3855 115.6944 112.0180 113.5667 112.4532 110.5783 113.5484 116.0937 110.6785 111.5341 109.8526 113.9099 111.5530 110.9690 106.6831 105.2374 108.9326 108.6509 111.6119 110.6617 106.9372 103.3701 100.7493 102.5654 100.8413 100.4962 99.9176 99.7119 99.4889 99.3879 98.8100
112.3400 111.7929 111.1051 109.2265 109.5222 109.9460 111.2171 110.3329 114.7638 114.0362 114.0389 111.8082 110.4663 110.9128 109.1140 111.6590 114.6099 108.1443 110.6696 107.2754 106.7007 107.2006 107.3582 105.9547 106.0112 106.0270 106.2712 105.5041 107.3851 103.2136 101.4047 103.8556 100.9672 100.1268 99.4595 98.8940 98.3757 98.0387 97.9118 97.3800
111.6200 111.6825 109.5215 110.3743 108.7746 109.3162 108.9692 109.7447 117.1077 116.4825 112.6483 114.5576 113.0116 109.3113 113.0513 107.4765 108.7826 108.4505 108.4265 107.6479 107.7024 106.9231 105.7360 105.7914 105.7830 105.6680 105.1470 104.3129 103.7601 106.0963 105.2827 100.4370 99.9034 99.1245 98.2478 97.3999 96.6866 96.2230 96.3820 95.8500
117.0900 111.9922 109.5020 109.5171 109.4434 108.5776 108.3788 114.7657 116.3400 116.0263 114.5898 113.6221 114.0005 112.1133 111.7262 109.9745 110.6906 108.9097 107.7751 107.5094 106.0292 107.3421 105.6858 105.3807 105.0458 104.9839 104.7317 105.1934 102.6954 103.5276 101.3229 100.0648 99.0870 97.9634 96.9382 95.8947 95.1032 94.3682 93.9085 93.5700
114.2300 109.6049 110.3139 108.4154 118.8895 113.1442 117.3011 115.0155 111.6092 114.5664 109.0943 115.2474 114.9268 115.1711 110.9948 111.5973 111.9598 108.7787 107.9113 107.9731 106.4517 107.0768 105.5979 105.4212 106.2870 105.2899 105.1628 104.4093 104.2678 101.4575 100.4227 99.3551 98.1323 96.7711 95.4061 93.4642 92.4968 91.2931 91.1239 90.9200
109.5900 109.7613 110.2504 109.1384 111.9442 111.6580 117.3337 114.0353 113.4791 112.4884 113.2953 114.2387 115.6978 107.7466 109.5434 112.9029 109.0549 110.4499 109.3774 106.8601 106.0701 106.3982 106.0033 105.4030 105.3526 105.2961 105.2841 103.3715 103.1638 100.9777 100.1062 98.6455 97.2264 95.4503 93.4708 91.3874 88.8203 86.7615 86.3145 86.5200
110.5600 111.9549 109.0550 108.8376 111.3353 108.0848 114.8246 113.8910 114.9435 113.3270 112.0275 110.2932 111.1886 111.7616 109.1852 114.7994 110.2593 106.5721 109.6951 109.3600 106.2162 106.8722 106.4036 105.2370 105.1587 104.8057 104.3857 103.7499 101.8902 101.1214 99.7630 98.0646 96.3895 94.3670 92.6680 88.8589 85.0787 81.2131 80.4177 81.1700
109.2600 112.1332 109.6752 108.9107 112.4113 110.9302 110.4649 112.0876 115.3075 112.1603 111.1006 112.2612 107.6218 112.2258 111.8069 111.9414 110.2132 107.0101 107.0042 108.6658 106.1002 107.0923 106.5243 105.7151 106.4352 105.7370 103.6714 103.5280 101.6652 100.7963 99.5958 97.6575 95.8359 93.4625 91.3599 87.8956 81.7675 75.4278 74.0401 75.6700
113.1200 111.4423 110.6261 108.9463 110.0343 111.0993 109.6293 112.4984 114.2047 112.0508 110.1733 111.5047 108.2245 110.5119 112.5052 109.7220 110.9370 107.9863 106.9878 107.4589 106.7604 106.7257 106.1379 105.6058 105.9275 105.4963 104.1784 102.7002 101.5820 100.5789 99.5759 97.6419 95.7906 94.1316 90.5112 87.8316 81.6132 68.7029 67.9978 75.6700
114.2500 113.9081 110.6871 111.5298 112.0328 110.7990 111.7491 112.3355 115.2186 112.5977 111.1588 109.5736 106.9415 110.2043 114.0589 111.5609 114.9308 108.3308 107.9924 107.1019 106.3200 106.5239 106.3498 104.7952 105.9751 104.6920 104.5554 102.4106 101.7301 100.6254 99.5383 97.6603 95.6405 94.2253 90.3576 87.6892 82.2540 68.2360 65.7402 74.7900
109.5500 110.4261 111.0061 109.8691 113.7901 108.9332 110.6376 110.6356 111.4904 111.7203 110.7291 108.5919 112.5273 111.9564 114.8900 108.4982 108.7841 107.9867 107.6092 107.8485 107.0746 105.6082 105.2849 105.7585 106.3755 105.6151 105.5253 102.5173 101.9160 100.8108 99.8589 97.7669 97.2751 96.3364 93.1495 88.9237 83.7742 75.5854 72.4413 74.7900
110.1900 109.5062 109.9567 110.2674 109.9547 112.5694 110.2830 111.3042 110.0418 112.1524 110.4517 114.1826 114.2008 107.0664 114.2167 113.5503 113.8266 112.3668 110.1425 108.0059 107.7992 105.5941 105.5532 105.8682 106.2114 105.9406 105.6767 102.8733 102.4697 100.8465 99.3787 99.8919 90.1618 88.7822 94.6526 102.3390 90.9518 86.6504 84.9394 87.0200
109.5200 109.5957 109.7668 109.2304 109.9519 112.2249 111.3353 109.2637 114.8167 115.5813 111.6474 115.3000 114.3416 114.1199 114.3901 109.5203 110.0420 108.5897 108.2040 107.4495 107.5953 106.1653 107.0229 106.0071 104.5764 106.1067 103.6839 102.7879 102.4410 101.2199 100.3321 98.9225 95.0003 97.9291 96.6697 105.5154 105.9957 90.4796 90.7032 90.8500
114.1700 111.0098 110.3757 112.9249 108.9676 113.7252 114.2581 115.0053 112.0358 110.6186 108.1453 108.3751 107.8836 108.0765 108.6239 108.9997 109.0753 108.8213 108.4116 108.1708 106.5494 106.9177 105.7730 106.5985 105.6087 105.3651 104.8345 105.1494 102.9341 101.9691 101.0285 100.8308 99.8146 98.1723 96.2738 95.3953 97.6667 91.4936 92.2933 92.2800
112.4700 117.8402 109.0472 109.6809 110.8131 109.8740 113.1963 114.2804 114.5210 111.5690 110.0120 109.2377 108.8515 108.4360 108.7930 108.1965 107.5365 108.7625 108.2941 108.3330 106.5320 107.4367 107.3931 106.0628 106.0837 104.7998 104.9960 104.9784 100.7695 102.1941 101.2860 100.7229 100.0634 99.5045 97.8658 97.2154 96.7885 93.9109 94.8915 94.6600
110.2800 115.5160 109.7428 114.9536 110.7456 111.0254 111.7878 110.7686 108.2944 110.7010 109.3537 108.7722 108.4921 108.4537 109.4996 105.7494 105.8674 108.6175 107.7755 108.3527 106.9163 107.2752 106.9200 106.0505 104.8127 105.4188 104.4432 104.9255 99.9452 102.1380 100.2298 101.5017 100.8193 100.0091 99.3755 98.7511 98.6826 97.8934 96.6487 98.6000
110.2800 110.3055 110.7129 113.8926 110.1224 111.2731 110.7693 108.4853 109.2105 109.6491 109.6777 108.7920 109.1980 109.0581 108.8143 109.1862 106.1998 109.2670 108.0023 108.4931 107.5617 107.3137 106.2306 107.0873 107.3539 105.8370 105.4608 102.9724 103.1316 104.6970 102.3737 101.6811 101.6489 100.8021 100.3473 99.5184 99.3388 98.9675 98.8437 98.6000
110.3600 112.3083 110.7931 113.7019 113.4079 109.7918 111.3806 110.4317 109.5807 109.9329 109.6626 110.0887 109.2318 108.8381 107.8216 109.5419 103.6604 110.3247 108.7889 108.5527 107.7456 107.1773 107.2979 107.5721 106.9254 106.7792 106.2931 103.6428 101.5020 104.9261 102.6841 102.9472 102.8837 97.4116 100.5798 100.7481 100.6126 100.3285 100.2473 99.7800
114.6600 114.4561 112.2365 110.9090 115.0526 109.7684 113.7988 111.7700 109.0860 109.1742 109.7497 109.6316 111.6179 110.5097 111.7533 104.8358 111.8505 108.7147 109.3795 108.0442 108.2665 107.8108 106.7829 106.6946 107.0878 107.0067 106.3738 103.2918 105.0213 105.6337 104.6958 103.3015 103.9172 100.6436 99.9675 101.3593 101.1328 101.0469 100.7991 100.8600
115.1100 114.2463 112.2331 109.1903 113.7538 112.8132 110.6210 113.9666 110.5430 110.5648 111.7767 113.0556 110.1341 115.1269 115.3739 111.5085 108.8503 112.6748 110.9706 112.8846 107.8256 107.5499 107.7691 107.5675 107.2936 107.3456 106.1137 101.6340 102.6154 106.3953 105.9548 103.8775 100.3076 103.5441 104.1312 102.7044 102.0118 101.6668 102.0833 102.9500
115.1100 116.2561 122.8384 110.5310 114.3592 112.3175 110.3185 111.3189 112.2656 111.3759 111.3950 111.3852 109.1553 108.6754 107.1455 106.0192 111.8227 111.9786 113.7351 108.5859 108.3442 112.7423 107.8617 107.9377 107.7867 107.5590 106.7600 106.6237 103.6931 104.9603 106.3664 106.2869 102.9418 104.9615 105.2679 104.8243 103.2513 103.2431 103.4725 103.7100
117.4400 115.6091 111.7747 112.9417 112.1772 109.0765 110.1070 111.5036 109.8669 113.0726 111.2336 108.7320 108.3625 108.9960 113.5317 114.4030 114.4507 109.8087 110.0616 112.8902 107.6711 107.8430 111.8959 107.3482 107.7326 106.2579 105.0876 106.2549 104.0433 106.4705 105.9291 105.4397 104.5624 104.0619 104.1858 104.8078 103.9037 104.8288 105.3534 104.5600
115.2800 114.7667 114.2629 117.6067 115.3724 111.6786 111.9583 109.8988 116.4524 111.0353 110.0265 108.7477 108.4128 114.1495 111.5044 112.4682 114.9976 115.7376 115.4180 113.7276 108.6086 111.7663 107.7546 107.8638 107.7253 108.0046 106.1263 106.7203 104.1969 104.6084 105.9283 106.5371 106.7534 105.5976 104.9631 105.6190 106.0689 105.4379 104.7863 103.7900
116.1200 115.8293 114.5017 114.1203 113.3922 109.9492 116.5632 119.4880 110.2516 111.2660 112.4338 110.3296 109.4887 114.9078 110.9040 114.9784 115.2728 113.1919 112.0140 109.4109 111.8726 110.2484 110.6385 107.9417 108.3161 107.1555 107.0104 106.2909 105.5128 104.1772 106.9727 106.1267 106.5326 106.6135 106.2241 105.4544 106.1776 106.1673 104.6263 104.7100
111.6500 115.4937 115.1906 114.5768 114.1681 113.3521 115.5936 114.2234 110.1324 112.9998 110.2099 110.0700 113.0510 112.2373 112.4420 115.1758 111.4219 108.8657 112.2463 111.0957 107.8297 107.1886 107.6993 108.6283 109.3297 107.7991 107.9564 106.9484 108.2281 106.8123 107.3125 106.8011 106.3582 106.6732 106.8818 106.4573 106.4020 104.9952 106.4379 104.8100
115.8700 115.4932 116.5379 114.9982 114.8431 114.7556 115.6519 115.2490 110.6212 111.0558 108.6832 111.8604 114.5778 113.2254 111.7724 110.3662 111.8832 114.3613 111.9447 109.6136 109.6617 106.6587 110.4849 108.3603 107.8820 108.3419 108.1350 108.2858 108.2188 108.0036 107.4360 107.4070 106.0514 108.6461 105.5454 107.2977 106.7498 106.1755 107.2434 106.4900
117.5700 116.1578 116.4613 115.7916 115.0033 115.3109 114.3235 117.3254 111.4263 115.4341 108.5912 110.0216 111.4266 111.9325 111.9012 110.6808 112.4202 116.3883 112.2700 109.6564 107.3231 110.6392 111.2079 110.7010 108.8781 108.5946 107.8936 108.3992 108.2433 107.8872 107.8728 107.4132 106.3558 106.2729 107.2066 106.5654 107.1743 106.8249 106.7561 105.7100
117.0900 117.1324 115.4562 116.4978 115.8371 117.8691 114.3235 115.5695 110.4398 112.4378 109.9094 108.2220 111.9673 112.4589 111.8115 110.3314 109.4440 112.7799 113.2765 107.5841 105.2536 108.0247 109.1443 107.9733 109.3594 108.5243 107.7065 108.4057 111.0081 109.4537 107.3922 107.6921 112.5550 107.5248 107.7980 107.0674 107.2840 107.7933 105.9978 106.0600
117.3800 117.4628 116.4064 115.4161 117.9647 116.9654 117.5395 116.6342 114.5848 112.7320 112.3973 109.5594 118.3172 116.2002 112.6597 110.1086 113.1579 112.9225 109.0348 107.9345 105.7058 104.9494 106.3878 110.8896 109.3120 104.9307 109.2221 112.3339 109.4586 108.5836 107.2781 107.8336 107.4944 107.4755 108.1018 107.6337 107.4870 107.9760 107.3363 107.7300
118.9300 116.0171 115.1779 118.2544 117.5421 115.8711 117.0638 118.3961 116.0545 112.4481 109.3665 108.5661 117.6426 110.3346 112.1983 113.7101 115.0765 113.5476 112.3688 108.8891 105.5078 106.0732 104.9664 107.8050 110.2691 108.7274 114.3334 113.9168 104.1458 109.2155 107.8613 108.6391 109.2787 108.0887 107.3783 108.3947 107.8964 108.4126 107.9113 109.2400
118.9300 120.1100 117.8800 117.2400 117.2400 115.5000 117.1600 118.9100 116.7300 112.0600 108.8000 112.6800 111.2000 109.8500 111.9500 107.8600 107.8100 112.4700 113.8000 110.2500 107.5000 108.3700 105.4000 106.1100 105.5100 105.5100 114.3700 114.3700 103.8400 108.9800 108.8500 110.5200 108.7900 108.5200 107.4300 108.3100 108.4000 108.4100 108.1800 109.2400
