110.0400 109.8500 108.9200 109.7500 110.3600 108.8600 108.8600 109.4400 117.0500 109.9500 116.1400 112.3600 112.3600 117.7800 115.3800 115.4100 115.3200 117.3000 117.2000 116.1300 116.6500 117.6000 114.5200 117.8100 117.7400 116.4000 118.0000 117.3900 117.4900 117.4900 118.0300 120.0100 119.8900 119.6500 118.8600 117.3800 117.3800 117.2200 117.0000 117.0000
110.7900 110.3087 110.1320 109.7813 110.1213 113.1401 111.1779 116.0346 108.6393 108.0892 109.6400 111.2569 116.5373 115.9210 114.1163 113.4371 116.1130 112.0254 112.7037 116.6494 116.8380 116.2155 116.1833 116.6426 117.2532 116.8530 117.4121 116.8218 116.7840 115.4250 118.9344 121.1341 120.1517 119.3293 119.2891 117.3486 118.2728 117.7796 117.4330 117.3000
110.2200 110.0744 111.2069 111.6322 110.1641 110.9955 112.1151 109.5365 108.8740 111.2349 112.4565 115.8004 114.9840 115.4602 111.5296 111.2439 114.7227 111.4344 107.9486 110.4671 114.6684 111.8182 116.2198 116.3789 116.2894 116.2287 117.6500 116.0351 116.9369 115.9931 113.2291 118.3763 119.6519 118.2495 117.7617 116.5209 117.5848 117.6320 117.1949 116.9600
109.0700 109.1910 111.2104 110.8220 110.7803 109.7776 110.5005 112.9938 115.4365 114.6066 115.9294 115.2274 113.6575 118.2965 114.2966 112.8746 111.8146 109.1531 108.1965 113.6298 110.6060 110.3182 115.7196 114.5444 114.9742 114.5807 117.2411 115.3985 115.6950 113.5794 116.0957 116.2968 116.1565 117.5560 116.7103 116.8201 117.4258 117.3887 116.1895 115.7300
109.0700 109.1222 111.6081 113.5478 108.6724 111.2785 115.1702 113.3184 114.1397 111.4600 114.9655 114.3452 115.1146 110.4846 107.3024 109.2910 109.1051 107.5997 108.8759 114.2046 110.5902 110.4610 116.8675 115.9054 113.0063 114.3667 116.3742 114.9904 115.5306 110.9591 118.1778 117.2079 115.4337 116.7053 115.1367 115.7374 116.2223 116.5065 115.7620 115.4700
109.0100 109.5030 109.5823 109.1179 112.7042 109.4382 117.2414 111.9364 111.3759 112.5881 113.5067 108.4375 112.4796 106.7548 108.4520 108.6095 109.6886 107.4877 108.6406 109.1674 110.3703 110.3548 108.0050 106.3106 115.6999 115.7476 112.2033 112.7581 112.2116 111.9235 119.9038 116.2311 114.4893 113.9030 113.6129 115.0228 115.5306 115.1004 114.9667 115.9500
111.3300 108.7379 109.1333 110.8091 108.4456 110.2966 116.0713 114.0879 111.4172 113.5255 112.0934 115.4006 109.1894 109.7637 111.0969 107.9571 108.8971 108.5411 108.8078 109.1439 109.5958 110.3283 111.6917 108.5736 114.9336 114.8663 112.5732 115.5526 108.4619 111.9922 115.5626 115.7403 115.2409 110.7118 112.7985 113.3789 114.1023 113.9837 114.5245 114.4100
108.6000 108.7096 109.6036 111.5823 110.1757 111.7651 112.6391 115.8645 116.2587 110.2813 110.9455 110.5297 109.5417 109.0737 108.9940 111.0410 107.8547 109.2164 109.2078 109.0351 108.8879 107.6338 114.3841 111.7324 110.2826 109.9930 112.5864 112.3510 109.2507 109.6030 116.3830 117.6127 116.6932 109.1283 113.4940 112.3809 112.5004 112.9216 113.6883 113.0600
108.6100 108.4309 109.4620 111.4414 109.3297 109.5346 110.9896 115.7524 114.8687 111.4933 114.4848 112.8458 108.4094 109.2878 108.5544 110.5271 112.3756 109.7648 108.6806 108.6192 108.1307 112.0769 114.6921 112.6896 110.2667 110.2981 111.2457 108.2733 108.1145 112.9402 111.4854 111.1160 109.8312 110.4166 111.5145 111.2001 111.0210 112.4576 111.7783 115.3100
108.6800 112.2542 111.3442 112.2095 108.6706 109.3593 110.5591 110.1115 115.3140 113.6528 111.7716 114.4205 108.7080 108.0059 107.6463 108.1592 111.2898 108.3135 108.6097 108.7014 108.1004 108.2376 108.6731 111.6566 109.1208 108.5445 113.0095 107.9863 108.3221 115.0052 110.3207 110.4302 108.3440 110.9423 110.4778 109.4603 107.9167 111.6080 111.6014 114.5300
108.7100 108.2424 108.5066 114.1029 110.5558 113.5666 108.7253 109.3148 110.4302 116.1965 112.4456 113.0474 109.2816 109.9327 112.5520 107.2913 113.3899 111.0235 107.3168 108.3755 108.4393 107.2221 109.1806 108.1030 111.3494 111.0512 111.7376 107.8937 108.3395 111.1206 115.3407 111.9448 108.7342 110.2396 109.8837 107.9208 111.2830 108.3026 111.7126 111.9600
109.0500 111.6866 113.8478 114.5658 112.2108 109.6817 108.8344 108.3867 109.2611 110.9716 113.3315 109.0313 109.0914 108.7391 107.3797 108.0150 108.2384 112.5545 108.0863 107.2362 108.2581 108.2316 107.7587 112.9455 113.5142 114.5367 110.7257 107.9438 107.7809 114.8663 107.7449 111.0782 108.4087 112.2455 109.7992 107.4861 108.2062 108.9829 114.1467 108.8200
110.3200 110.7154 115.9727 116.1936 113.7764 109.3619 108.9504 108.3691 108.0972 109.4300 114.2783 113.0554 113.1450 113.5234 109.6566 108.3608 108.3645 106.1942 106.5058 107.1949 107.8317 107.5910 107.0572 107.5762 108.8456 110.8980 108.5042 107.2431 106.9824 108.7844 111.4580 107.8384 107.7816 109.2257 108.3897 107.3419 108.2766 109.0594 106.9361 108.8200
110.1700 112.1188 113.2083 114.2451 113.5577 114.8099 112.0380 107.9129 109.0474 108.2074 109.1042 106.6711 113.2621 110.4714 110.7712 108.3500 107.9930 105.8530 108.3027 107.0838 107.2130 107.0692 105.9034 106.4568 106.0429 106.7676 107.1811 106.4743 106.9835 110.3575 106.6917 107.6315 107.7661 107.7868 107.3847 107.5233 108.4197 107.8309 107.4195 107.3300
117.6700 115.5390 111.0392 109.7415 111.1358 113.0104 114.4180 108.4035 109.2885 108.6742 107.3645 106.8817 112.2705 112.9071 108.4854 107.4299 108.0814 107.0320 108.0020 107.3906 107.3188 106.9217 106.8667 106.6209 106.7991 106.2907 106.1908 106.5965 111.1169 107.1361 106.9054 107.2012 106.5136 107.0711 106.9530 107.5313 107.6260 107.6480 107.3045 107.6300
113.8000 117.1723 116.7960 111.1820 108.8428 110.3455 109.3820 109.6818 108.9102 108.6235 108.2011 107.3479 110.2004 112.8925 108.1208 107.6389 107.3067 107.8183 106.4340 105.8485 107.1653 107.0844 106.5921 106.3000 104.8404 105.6933 106.6561 106.2840 104.5930 105.7557 106.8022 106.8419 106.3467 106.3424 106.1494 107.6337 106.8342 106.9806 107.5380 107.6300
110.5200 115.0407 114.8223 116.9273 111.9324 107.6509 107.6157 109.0608 108.4399 108.4295 108.2140 107.9933 107.2719 111.7721 109.9422 106.2077 107.2635 107.2267 107.2443 104.1063 106.5670 106.2121 106.6790 105.9076 104.6113 105.7077 105.4948 106.0277 104.7554 105.8140 104.7009 105.8970 105.9131 106.7297 106.5668 107.4796 107.4130 107.4517 110.1127 107.7000
112.4300 114.4879 114.7210 114.8162 114.9841 110.0067 108.7821 108.3926 107.9284 108.2238 108.1169 107.6693 107.0942 106.6702 106.9593 111.3861 105.5202 106.5869 107.4949 107.8589 105.5541 105.5531 106.1270 104.6127 105.8006 105.0318 104.1318 104.7212 104.0207 105.2208 105.2698 106.0995 105.5514 105.8641 106.8622 107.0098 107.2580 107.7212 108.2251 107.4200
112.3500 114.3835 115.9819 113.4399 115.0456 113.0504 107.6986 107.1414 107.1370 108.0177 107.8009 107.0164 105.9238 105.6691 107.0934 106.3288 104.9085 105.8511 104.2895 105.7394 105.7314 106.0641 105.4422 105.0444 105.3228 105.8105 104.4321 103.7256 104.6003 104.3514 105.1435 105.7073 106.1806 106.6534 106.4318 107.2623 106.9570 106.9604 107.4165 107.2300
108.7100 109.0419 113.2190 112.9483 111.6874 112.8556 110.2732 111.5673 107.5963 107.1604 107.6975 107.5355 107.0186 105.1296 106.7043 106.1281 106.1182 105.0147 105.0347 105.4647 104.6925 103.3292 102.8581 102.9877 103.4942 103.6027 102.8379 103.8616 105.1925 104.9890 105.3836 104.0645 105.3932 106.2463 105.6382 105.4049 107.1813 106.7932 106.4082 106.8700
110.0800 108.9677 108.4406 109.3581 113.2427 111.5468 114.2834 108.2561 108.2924 107.1818 106.7655 106.9644 106.5653 106.2363 106.2588 105.2071 109.2743 107.3107 104.6326 103.9702 102.5426 102.5766 102.6083 102.3991 101.8974 101.9771 102.3694 102.3207 103.2906 104.1571 102.9877 103.8784 105.5035 106.5890 105.6427 106.6449 105.2788 107.2005 107.0826 106.9900
112.4700 107.8806 108.8928 107.7895 107.2645 107.5334 108.0549 108.2637 108.5458 105.9221 106.5978 107.0449 105.1394 106.5229 105.4736 104.1201 105.3330 104.1195 102.7485 102.2291 101.9162 101.7841 101.8355 101.4314 101.5413 101.5301 101.7147 101.5456 101.7663 102.1520 102.4386 102.9411 103.2497 103.7746 104.3420 104.9628 105.7634 106.3335 105.8948 106.7800
109.8900 110.8161 112.3272 108.9431 108.1985 110.1282 107.6730 106.3259 107.6468 107.7335 106.8774 106.0666 105.2872 105.8027 104.9154 103.8053 103.3126 102.8613 102.2493 101.7206 101.3791 100.9276 100.5861 100.4000 100.1998 100.2626 100.4627 100.7246 101.3892 101.9465 102.0979 102.5919 102.8290 103.5707 104.9559 106.0671 105.9200 105.0660 106.4821 105.3600
109.2300 110.1852 112.3916 112.9026 109.6990 109.5420 107.4868 106.3152 107.1069 106.3065 106.3687 106.6815 105.3690 106.0245 104.9639 104.0673 102.8214 102.2896 101.8779 101.0717 100.4184 99.8258 99.7077 99.5356 98.8326 99.1019 99.1877 99.7533 100.3930 100.6417 101.2504 102.0087 102.4844 102.9175 103.1810 105.4790 105.4699 105.6612 106.7740 105.2200
109.3000 113.2724 108.8523 111.6774 112.1130 110.0483 108.3465 106.8453 107.4846 107.8569 107.1998 105.8664 105.8223 105.9552 104.5229 102.7624 102.4762 101.8406 101.3450 100.1947 99.4459 98.4562 98.7308 98.5627 98.0048 97.8248 97.9691 98.4040 99.6683 99.9786 100.2003 101.2744 101.6940 102.4990 102.8591 103.5840 104.7745 105.2353 105.8816 106.1200
108.8100 108.3722 108.5348 110.6934 108.4270 111.1047 108.4688 107.3218 107.0948 108.1023 107.3799 105.6964 106.0002 103.5517 102.8794 102.4008 101.9652 101.3591 100.4810 99.4283 98.7212 97.9062 96.7189 96.3965 95.4596 95.0448 95.6510 96.4593 98.1460 99.2749 99.4225 100.3484 100.7255 102.1812 102.6798 102.8821 105.2225 104.6183 105.6058 104.9100
108.8100 109.4032 109.0955 108.1962 108.2103 107.4576 106.6989 107.6132 106.4388 107.1309 106.6652 105.2103 105.4464 103.7598 102.7311 102.2322 101.5619 100.4991 99.5405 98.6628 97.5441 96.7796 94.4096 92.8244 92.5826 93.0723 94.2710 94.9997 97.2003 97.8769 98.4188 99.4512 100.5919 101.5988 102.3320 102.8308 104.0339 105.4698 105.0255 105.8200
109.4100 109.2328 109.0428 107.3545 106.9581 107.9657 107.6525 106.8894 106.9932 106.5243 105.8792 105.0097 104.1215 102.9445 102.3577 101.4568 100.7162 99.9178 99.0760 97.6856 95.8542 94.2374 92.7254 90.1420 89.2211 89.7717 91.3987 92.2091 96.2650 97.2225 97.6106 98.9561 99.7386 101.3553 101.7915 102.4291 103.6441 103.6927 104.2662 104.2000
108.8200 108.1765 108.6733 111.2216 108.5545 107.3935 107.5591 107.2632 106.5844 106.4925 106.6460 106.1585 104.1870 102.9906 102.3971 101.5725 100.5785 99.6607 97.9346 96.3852 94.0452 91.4129 89.1700 85.7580 83.5902 84.7220 87.4511 89.3546 92.5616 96.4359 97.4467 98.1649 99.4534 100.4318 101.1574 102.1486 103.0429 103.3069 104.5792 104.7000
103.8300 107.4467 107.8081 107.7212 107.7063 107.4067 106.9734 107.4205 106.6200 106.8283 106.2843 105.8557 103.4894 102.8200 102.3272 101.1727 100.0820 99.2244 97.7132 95.3764 92.7946 89.8258 85.5428 81.9773 76.9116 77.7793 82.1677 86.1562 90.8202 94.9601 96.7197 97.3092 99.3054 100.2384 101.0774 102.0237 102.8438 104.8381 105.4411 106.3900
107.7600 107.9595 107.6451 108.3361 107.6392 107.9831 107.2429 106.8688 107.3340 105.5284 105.8327 105.1079 103.2013 102.7408 102.2273 100.7579 100.1348 98.5426 96.4984 94.7282 92.0842 89.3814 83.9661 77.5393 68.5466 67.2670 76.2723 83.7742 89.3138 93.6613 96.6019 97.1771 99.2126 100.2760 101.0388 101.8907 102.4596 103.5943 103.9784 105.2600
109.2000 108.9737 107.3245 107.7067 107.3305 106.6876 107.8626 105.7656 106.0417 105.4075 105.5159 103.5524 103.1440 102.7692 102.0282 100.8463 100.0516 98.6008 97.0291 94.8343 92.4876 87.6600 82.4623 71.8130 62.0857 62.2949 72.1085 84.5331 87.6772 92.3006 96.0297 97.7607 98.3490 100.3331 101.0804 101.7024 102.2593 104.9277 103.6818 105.1400
108.6400 108.0211 107.6687 107.6016 107.3110 107.0314 107.3405 106.3636 106.1713 106.5562 105.8177 105.0178 103.4914 102.7118 101.9585 100.8631 100.0129 98.7605 97.1246 94.9915 92.4420 88.1585 83.5316 72.4044 63.4039 64.1979 74.3155 83.4666 87.8287 92.2306 96.0212 97.9145 98.5253 100.2030 101.1370 101.6241 102.6703 104.5752 104.2737 105.1300
107.4000 109.3920 108.0747 108.2865 106.9864 107.8796 107.2404 107.7372 107.1086 106.9651 105.4211 106.4518 103.2745 102.8376 101.9773 101.0386 99.9534 99.3301 97.6087 95.7965 93.0795 89.6163 85.7182 78.5362 72.1612 73.1076 80.8974 85.3468 89.7211 92.7098 95.6829 97.5036 99.1984 99.9139 101.0666 101.5478 103.5390 104.7891 105.7924 105.1500
109.4100 109.3725 108.0710 108.2436 107.3334 107.2473 107.2404 106.9689 106.4228 106.6442 105.2741 104.7759 104.1585 102.6890 102.4101 101.4828 100.4942 99.5166 98.3286 96.5647 95.0305 91.7696 89.0030 85.9103 84.6380 83.8587 85.5737 88.8490 92.1776 94.6659 96.8419 97.8378 99.9369 100.3924 100.9565 101.9528 102.8649 105.3872 105.7256 105.8100
107.8700 108.3516 108.3596 108.4325 106.7622 107.6289 107.6003 107.1744 106.6246 106.7851 105.6690 105.0732 103.6569 103.0390 102.5007 101.6939 100.9854 99.9764 98.4515 97.4756 96.2271 93.4292 91.5699 88.8176 87.3222 87.8463 89.3370 91.7724 93.8673 96.2269 97.8190 98.7072 100.0002 100.6357 101.6795 102.4517 102.7791 105.3653 107.2304 109.8800
112.3900 108.5595 107.8151 107.2843 107.7277 108.6406 108.2526 107.6944 107.1233 106.5991 106.6634 108.4096 106.7840 103.0174 102.6931 101.7780 101.3088 100.4984 99.4571 98.4471 97.3116 95.4765 93.5578 92.7009 92.1990 92.2487 92.8372 94.3706 95.9730 97.5143 98.7372 99.6012 100.4082 101.3554 102.0616 102.8358 103.1597 105.2744 106.0749 106.1900
108.6100 108.3300 107.9933 107.8704 108.5203 107.9761 106.7879 106.8386 106.9186 106.6280 107.0032 105.0227 106.0810 103.5458 103.0699 102.4077 101.7396 101.0559 100.4662 99.6792 98.6914 98.0735 96.1160 95.9302 95.9952 95.9552 96.2638 96.9718 97.5292 98.6859 99.8106 100.5093 101.2052 102.0776 102.4743 103.1444 104.9167 105.9768 105.8875 105.0500
108.1900 108.8673 108.6310 107.6236 108.0845 107.6022 105.6898 106.6939 107.6028 109.8520 105.0512 105.4319 104.3505 104.0897 103.4276 102.9441 102.3251 101.6681 101.0610 100.5117 99.9686 99.2441 98.6610 97.9850 97.6807 97.8033 98.0000 98.3425 98.6583 99.9534 100.4209 100.9672 101.8357 102.4964 102.7575 103.0921 105.5053 105.5941 108.6061 105.7000
108.5900 108.5900 107.9700 107.6400 107.9400 107.2300 106.5700 106.5700 107.9400 107.5200 106.5400 105.7500 104.5100 105.5500 103.9300 103.1500 102.6800 102.2300 100.7600 100.7600 100.1500 99.8900 99.4900 99.6300 98.0600 98.0700 98.8800 98.8800 100.0400 100.7600 101.1200 101.6600 102.2900 102.4600 102.4400 105.0200 105.9700 105.2300 106.2300 105.8800
