111.9800 111.9800 109.3400 112.1800 109.7400 115.2800 122.5500 117.8800 119.1400 121.7600 119.5700 121.1200 120.9000 120.6700 120.2000 119.9400 113.7100 111.7000 113.4600 111.3900 107.9400 106.5000 105.1400 102.9100 104.9200 116.0200 108.3700 106.7500 109.8100 114.4400 113.9400 110.5500 104.8000 100.5500 101.0600 101.4000 104.3700 101.2100 101.2100 100.7200
109.7900 112.5835 110.6220 112.4578 111.1601 118.6383 119.1816 121.7191 117.9048 118.3112 120.6976 120.9548 120.7838 120.4953 120.1171 119.7028 118.8953 110.5298 110.2463 109.3432 107.1941 105.3317 103.7073 102.3489 104.0623 109.5853 107.5319 111.9440 114.3961 113.2303 106.8224 102.8547 99.6035 99.9718 100.5645 100.2182 104.1042 104.0843 100.6403 100.7200
110.7900 109.1243 112.6047 112.3143 111.3903 119.1358 122.1567 119.0193 114.5404 115.6247 116.5218 121.1938 120.5836 120.3107 119.9076 119.4586 116.4527 109.3067 110.2814 108.0150 106.1035 104.3054 102.8105 102.9929 104.4633 106.7194 111.5131 114.9836 111.2907 105.2001 100.8027 99.5056 100.0880 100.9893 100.3899 100.2841 99.8047 100.1199 100.3432 100.2100
111.2300 110.2533 123.3027 110.4656 110.7020 114.0574 116.2577 120.0594 122.1012 122.1110 121.3186 121.1538 120.7018 119.3631 111.4648 113.6769 115.5841 112.1979 109.3360 107.1050 105.1490 103.3287 102.6956 103.9002 105.8971 110.1694 114.3436 112.2625 104.8229 99.7682 100.5729 100.5683 100.3156 99.5451 99.2152 98.9303 98.8743 98.9441 99.1975 99.0900
112.4000 111.8425 112.7206 110.5737 112.1102 116.5321 117.1667 121.1877 119.7950 121.0168 118.0597 120.6889 119.5446 119.8825 120.9369 115.5086 112.9496 110.8607 108.3892 106.2765 104.3293 102.5325 103.2210 104.9131 107.9719 113.9120 113.2689 106.2900 100.6299 99.3929 100.9026 99.7425 99.0855 98.4398 97.8229 97.4121 97.2518 97.3954 97.7863 97.4400
122.0000 112.3890 116.6213 117.3810 111.5934 116.3386 117.0864 115.3821 118.2012 119.6722 121.1006 117.6160 116.9524 118.5435 119.6668 116.7829 116.3300 110.4704 107.8988 105.8465 103.3361 102.8227 103.8023 106.1855 110.8889 114.9821 108.9258 101.3091 100.2379 100.6389 99.7613 98.8756 97.9024 96.9193 96.0379 95.3973 95.1380 95.3618 95.9739 97.4400
114.3000 111.5280 110.3749 120.0740 114.3544 115.3002 117.6860 117.0301 111.6023 114.3622 120.1505 112.4888 116.0633 121.1123 116.2710 111.1377 116.2083 109.2117 107.9394 104.8016 104.8958 105.0788 105.4035 107.3734 113.0815 113.6166 104.7804 99.1711 101.1083 99.9636 98.9414 97.8063 96.4893 95.0790 93.7004 92.6319 92.1911 92.5710 93.6027 95.6500
108.5800 110.1441 109.4694 122.1234 119.8023 116.7304 118.5362 117.3864 114.1007 111.5344 113.9799 113.1062 113.2363 113.1143 106.8088 113.7488 121.9921 113.5708 107.0496 103.9394 105.4820 104.7627 113.9179 109.8174 114.0810 110.9977 101.8827 99.3695 100.6952 99.3796 98.1623 96.6766 94.8900 92.8284 90.6440 88.7890 88.0438 88.6772 90.4624 90.0200
115.5600 112.7931 110.3215 118.7265 120.2622 115.9950 119.5049 116.7654 116.2600 116.5919 112.8673 115.9551 118.0988 106.5174 110.6232 108.3019 117.1486 110.4275 106.9031 103.9362 105.1772 105.9391 113.4483 114.5718 114.0908 108.1310 100.4465 100.1959 100.1120 98.8749 97.3973 95.5688 93.2184 90.2630 86.9011 84.1050 82.6252 83.9540 86.6301 89.0200
112.5100 118.1636 112.1788 119.1749 117.3941 114.1915 118.6197 117.9040 120.7892 113.0366 116.0895 117.9828 121.2099 116.9912 113.1081 114.3820 112.9018 107.0344 104.9978 103.6509 105.8897 107.0904 109.7989 113.8021 114.1441 102.7145 99.8674 100.5243 99.7335 98.4474 96.7920 94.6133 91.6614 87.7526 83.2957 77.3080 74.1750 76.8753 82.8741 84.7700
110.2600 110.0039 113.2735 116.1589 114.6017 115.8685 115.0786 118.0110 117.6913 118.1344 109.4629 116.6142 118.5492 104.7595 106.4825 109.4258 108.9578 105.8616 104.3966 106.3396 103.0560 110.5999 111.3979 114.3280 113.2305 101.5029 104.0145 100.3484 99.5305 98.1798 96.3956 93.9879 90.6084 85.9756 80.1293 70.7379 66.8897 69.9792 79.4485 84.0800
116.8100 108.6295 118.9565 116.3767 113.9577 113.2693 119.7540 116.5315 117.7285 110.0472 115.8135 118.4170 114.0331 118.4016 116.5913 106.8790 110.3451 105.1766 105.5992 106.6448 112.2758 114.7093 112.5490 112.3661 113.2254 101.2194 104.5959 100.7280 99.5501 98.2415 96.6126 93.8279 90.3790 85.6031 79.2618 68.7682 64.7404 68.2960 78.4794 83.9000
116.0300 109.6114 118.7461 115.9273 113.5922 112.3820 112.2954 112.9766 109.8183 111.5104 107.3112 114.0267 113.4251 112.9615 112.3559 107.0688 109.3227 107.4990 107.5016 106.9221 105.7372 105.2670 104.5095 103.9851 104.4003 109.5489 103.5137 100.9330 100.0556 98.6950 96.8173 94.2420 91.0566 86.7578 81.6322 73.8084 70.7196 73.1868 81.2090 84.2600
113.2500 112.7169 118.8023 107.4877 113.1279 109.7654 111.4949 110.8802 112.5833 111.4480 105.4000 111.6636 110.2775 110.2070 109.6215 111.1408 108.6092 109.6690 109.7992 104.5612 108.9912 105.6427 104.5994 109.0589 108.4837 110.6502 107.2290 100.7206 100.0669 98.7421 97.3206 95.0313 92.4247 88.9557 85.0386 81.1436 78.6468 80.7563 85.7603 85.8300
116.1300 115.2852 116.4942 111.5631 112.1557 111.4731 109.6485 114.5046 113.1730 111.4927 111.4710 109.9753 113.2197 112.0609 111.5938 109.8349 107.4267 106.5941 104.6837 108.2877 105.6927 106.8881 107.5427 105.7816 112.3378 108.5613 103.8255 100.1050 100.4128 99.2924 97.7365 96.1745 94.0881 91.5885 88.8049 86.7070 86.7720 87.8582 89.6982 89.8500
113.3700 112.6021 111.2884 109.2510 109.3770 109.5787 108.3658 108.1198 112.2137 109.7639 108.1812 109.1520 112.2477 113.4635 110.9022 105.8809 107.6755 105.8020 108.7923 109.6119 105.3056 110.0861 109.6833 108.7462 109.2860 103.4279 105.7630 103.2126 100.7974 100.2025 98.7827 97.3557 95.7410 93.9569 92.5805 90.9463 90.6740 91.4015 92.6169 93.1500
116.3200 112.0448 111.5632 110.6575 110.1432 110.6098 111.1681 110.0336 113.0836 110.1251 115.8434 115.3227 114.3520 108.7793 110.3525 111.2487 107.6295 105.9525 111.0364 107.6587 106.0419 106.8413 106.9027 108.7393 106.7587 103.6883 105.3526 105.0548 101.9302 101.0722 99.7393 98.3688 97.2490 95.8644 95.4747 94.5106 93.7053 94.1123 95.0331 96.2300
112.7800 111.8570 110.4915 111.0016 109.9070 108.2952 109.2904 113.9043 111.1434 111.1842 113.7967 110.7256 113.5342 113.3156 115.9043 117.0117 112.3209 107.9795 108.0679 105.7595 109.6421 107.9071 105.5839 110.1142 110.5921 104.5028 104.1285 102.7795 101.6526 100.4968 100.2641 99.7238 98.2789 97.6719 97.8784 97.2842 96.8213 97.0562 97.4084 98.6100
112.2000 113.1858 111.0984 109.9848 110.3127 115.0543 113.8027 113.8150 113.8403 111.5989 111.0909 111.1570 110.2123 109.8311 112.7526 109.5889 114.5914 111.9730 110.1191 105.1199 108.6566 105.3219 106.6757 105.3268 106.2687 105.9592 103.8100 105.4312 106.6963 105.6246 101.0861 100.3785 99.5907 99.7085 99.3107 98.9089 98.9842 98.7903 99.1930 99.5400
113.9300 113.1092 110.7514 111.7148 109.3581 110.2846 114.0456 111.1146 113.4564 109.7937 110.0272 111.4655 107.2673 106.8703 114.3305 115.5575 112.2464 112.8912 110.5619 106.3444 111.4153 108.2808 106.5111 106.2387 104.9998 103.8256 102.3148 102.6183 105.1032 105.0031 103.2834 105.7952 100.8478 97.2462 98.3368 100.6008 100.4496 100.2933 100.5830 100.6200
112.8300 113.0751 111.2420 111.3642 109.6650 108.9624 109.2626 111.2861 112.5557 111.7822 109.9925 109.3840 110.5510 109.9512 109.9032 111.7030 114.5175 110.1577 112.6116 111.8439 110.3171 106.1446 107.0917 106.4822 104.2975 106.0872 100.5695 104.7506 103.8805 103.2690 101.2918 103.2643 99.1495 93.9992 96.8032 98.6903 99.4528 99.4225 102.1408 94.8200
112.6800 112.5587 108.9773 109.1109 110.2338 109.2696 112.0918 114.5710 118.5489 109.9575 108.8796 107.4776 106.8766 111.0550 111.8404 110.5918 115.4230 110.0419 113.4560 112.7956 105.6924 105.7763 103.7296 102.3833 105.7210 106.9955 105.9175 106.7468 106.3227 102.3596 104.4429 101.3554 96.1188 98.5623 97.5667 95.2227 95.3316 94.8872 102.8343 96.1700
113.0400 112.2870 111.5182 110.7090 109.0080 110.0758 111.0660 107.9743 118.0422 118.0280 109.6861 107.6217 107.2490 115.3454 110.9542 115.5371 115.8473 115.4301 112.7329 113.1900 109.5860 106.5116 105.2364 106.3918 106.5453 105.2892 105.4554 106.7490 103.9739 107.9118 105.0904 104.2077 99.4615 100.3054 99.9975 97.2325 97.5187 101.0645 104.2217 104.2200
114.1500 115.0328 113.0824 109.6375 109.2749 110.7325 109.8269 110.3819 117.2931 114.0096 110.0426 109.5042 108.1142 110.9524 112.4260 109.4635 108.4416 112.9518 111.2451 111.8884 110.3685 109.4252 107.8389 107.4885 108.2996 103.1183 105.7327 105.8851 102.3559 102.8533 101.5116 103.3531 100.4847 98.7338 98.7758 99.1371 99.2928 101.5945 107.3733 104.9100
116.2700 115.2995 111.3960 111.0044 112.5700 108.6800 112.2809 108.6378 109.9948 107.3877 107.3644 113.6356 111.6860 111.9945 112.6979 111.3760 108.3222 104.3096 108.2777 110.6386 109.1799 110.8200 107.9965 108.4002 111.7460 106.0383 106.0224 107.1610 101.7672 103.3195 101.4313 105.3904 101.6482 102.7967 101.3854 101.5085 101.3978 101.1924 105.3928 103.8200
116.2000 113.0858 110.8451 111.5676 113.8626 110.2048 111.1360 107.8196 107.2256 109.4580 107.9949 111.4683 109.8628 111.5631 112.7189 108.3336 110.0493 108.8278 106.5067 110.2728 112.0378 110.0110 109.7716 106.8940 103.6535 106.1185 106.2304 105.2245 103.3781 106.5188 103.9346 105.6648 102.2981 106.3797 105.4877 104.0546 106.0175 102.5579 105.6710 105.4300
116.2000 112.9913 109.5243 111.5524 113.8819 110.7585 111.7269 111.4413 108.5666 110.7905 110.2316 111.4547 109.6152 110.5353 110.2923 109.8661 108.4379 107.3795 105.0207 106.1647 113.3801 109.4558 106.4874 110.1822 110.1763 109.0751 107.1849 106.1532 105.2122 105.1761 104.4756 105.1016 104.0144 103.8238 110.3167 104.1729 102.7185 106.5344 105.4028 102.9600
115.4900 114.4197 114.7864 116.8908 112.4732 110.9201 111.4496 111.6479 111.7445 110.2259 109.7418 108.8014 109.7833 112.1100 110.2736 113.5726 110.4130 107.9596 107.0477 104.3381 106.6179 109.6147 106.9061 108.3749 109.6542 109.1400 107.2435 106.7410 106.5802 105.7597 106.4681 105.7788 105.6184 103.5255 106.2300 106.4958 103.8383 104.8873 104.5016 103.3100
115.3000 117.4228 109.8681 115.3149 115.0530 110.7491 114.0666 109.5735 111.2117 109.4861 108.6293 107.3756 107.7631 107.1481 109.8685 109.1303 115.6846 106.8812 106.0707 108.8553 112.0828 112.4714 107.0989 113.7722 108.6726 107.9565 107.1838 107.4636 107.3444 106.3673 106.0581 106.3539 105.7444 105.7110 107.1591 105.4965 106.4979 106.4154 106.5889 111.6100
119.6500 119.6459 113.4288 111.1679 120.8603 115.8526 111.5532 112.5624 111.1655 110.0335 108.1843 108.0691 108.4451 111.6543 113.8924 114.6220 113.0427 110.6273 110.7505 110.2391 110.0072 115.9395 109.1001 108.6759 108.1073 107.9858 109.5706 108.1603 107.9424 106.8624 105.9237 107.2976 107.6316 107.5303 106.4686 106.4877 106.0956 106.7424 107.0546 111.6100
124.3700 120.2322 121.6553 117.2355 114.5553 113.6731 108.8493 110.0908 110.2191 109.2901 109.4424 109.4643 107.5760 108.8871 115.4871 108.4830 105.2383 105.3693 112.7651 109.2607 108.5740 113.0181 107.9543 109.3794 108.7574 109.2745 110.5313 110.4391 108.6013 107.8513 107.5009 108.1294 108.4580 107.7132 107.5745 107.2111 106.7194 106.6950 106.8688 106.9300
117.6900 117.8188 118.6075 119.6191 117.5365 112.3334 112.1416 113.2321 114.2564 110.6606 109.9037 110.0200 108.1584 114.6194 115.8128 106.3735 106.8235 107.8186 109.4445 108.3833 111.3964 110.9864 105.8223 103.9868 105.2179 109.3298 108.6091 109.0774 109.4801 108.5403 107.9546 110.4081 109.0308 107.6945 107.3095 106.9866 107.0139 107.4261 107.8625 108.1600
116.5900 116.2068 119.0581 114.6521 114.3156 114.2736 117.8125 114.7495 112.1145 111.9725 111.1390 109.2271 109.7097 112.7682 108.1877 108.0224 107.8641 109.4970 110.0221 108.9725 112.3194 105.6027 106.7665 104.5437 106.5013 107.4322 103.3590 105.0982 109.2702 110.0047 109.7030 108.4765 109.1908 108.1145 107.5364 107.0082 106.8648 107.3485 107.6081 107.8800
119.8000 117.7839 116.3588 115.9830 115.7541 117.1736 117.0314 115.8243 113.4306 112.8463 111.1373 112.0429 111.4101 111.9420 109.9706 111.3174 109.4786 111.8903 110.5681 108.5308 104.9163 106.9295 105.6982 104.3371 106.6194 105.6124 107.4380 108.5236 107.4586 109.5245 103.8277 104.0258 108.0318 108.9430 108.0567 108.1355 107.9642 107.4683 108.0056 108.4100
118.9500 118.2082 117.0877 116.8299 116.8637 118.1353 115.6041 116.4504 112.7091 113.3191 110.7658 111.0012 111.3794 110.8394 112.5252 112.0006 111.4438 114.9788 112.4211 107.4818 107.0120 107.7159 105.9013 105.0660 106.1871 106.1770 105.6762 107.0336 103.7087 105.4596 108.0342 108.3280 107.9859 108.4723 107.8788 108.4165 108.6001 107.6466 108.2164 108.7500
119.3300 117.6321 118.2663 116.7591 116.5301 115.4167 115.0801 116.1184 112.8806 114.1212 109.3716 110.1723 111.6695 111.4190 115.3174 110.5304 115.0178 116.2186 111.2976 107.5364 107.6397 105.9597 108.1637 106.8560 109.3256 109.6978 104.8333 105.7947 104.7033 103.8580 107.5061 103.6024 108.6272 108.9874 109.0825 109.0224 109.2238 108.3389 108.7902 108.3400
119.3300 117.5026 118.9320 117.5858 118.1721 116.4833 115.9347 114.8677 113.5081 113.4213 111.5692 111.9450 112.0196 111.9176 112.6675 109.4928 109.9021 114.5658 109.2455 107.6691 107.5011 107.5190 107.6130 107.3910 106.9363 107.3758 106.2450 108.2157 105.6531 105.0531 108.0496 106.1660 108.2477 106.8528 108.0456 109.0261 108.6762 108.8094 108.7910 108.9100
120.7500 119.7995 119.7398 118.7880 120.6358 118.1218 116.4841 115.5403 115.7486 114.8732 113.6250 113.0405 111.5346 115.5070 111.6053 110.6998 111.6228 110.6911 111.1678 109.4423 109.0814 108.1887 107.8070 107.8455 108.2901 107.4130 106.4766 107.2137 106.6187 105.9709 106.3493 106.5120 106.0750 106.2912 105.7472 106.0879 105.2999 108.7090 106.3296 114.6600
119.5200 120.4606 119.8779 120.1866 119.4475 116.4011 118.2325 116.6355 116.0674 117.7604 114.1266 113.0466 111.9911 111.4296 110.9759 114.1132 112.9384 113.8600 114.3753 109.4080 108.6656 108.9186 108.9430 108.4747 109.0230 108.2589 107.7455 108.0920 107.3283 107.2443 106.9794 107.2026 107.4642 107.1257 107.0491 110.0337 106.6317 108.9041 110.3470 108.0600
119.6600 119.6600 119.3600 118.4200 118.4200 117.1800 117.4300 117.4300 115.6100 115.4400 115.4400 113.4600 112.8200 113.5700 113.5700 119.0300 118.1900 113.5800 112.1600 111.2500 108.8400 109.6000 109.5900 109.5900 109.6800 108.6300 108.1400 108.9500 107.9900 107.8200 106.3200 106.5700 107.5300 107.0600 107.3300 107.3500 106.4300 110.0700 113.0200 108.0600
