110.0500 110.0500 113.1200 112.0000 111.4600 109.9700 109.9800 109.8900 109.6500 110.6300 109.8800 110.2800 109.3000 110.2500 109.6200 108.9100 112.0700 113.4600 113.7100 112.6300 111.3400 110.2700 113.1400 113.1400 113.3200 113.4600 110.7300 113.5400 113.6200 113.7000 113.7500 113.6800 110.3400 110.3500 113.8100 114.7800 116.3800 115.5000 115.6800 115.6800
113.6200 112.7877 110.0997 112.2965 112.4497 110.4934 112.8285 110.9615 110.0972 109.8606 110.9585 111.7453 109.3489 109.2770 109.6763 108.9678 109.6425 113.5971 112.9397 112.9301 111.1531 110.1397 110.2567 110.7977 108.9666 112.6145 110.4220 113.1506 113.7605 113.4698 111.3989 110.2063 110.3000 111.0345 114.5357 114.9847 116.9324 115.8893 116.4824 115.4500
112.8200 111.8545 111.0484 110.3208 111.4491 109.3728 111.8883 113.5289 110.7124 110.0991 109.8832 110.5646 109.7244 109.7539 109.0829 109.3945 111.3599 113.1722 113.4314 112.1532 110.0387 109.6404 109.8352 109.7728 111.7718 110.5043 111.7947 111.9537 114.6371 113.3278 110.0219 110.3049 110.2978 111.0271 115.3247 115.6440 116.2519 115.9718 114.8882 115.4500
111.6400 113.0057 112.0423 111.4346 109.5407 109.9595 111.5457 111.8424 111.9210 112.4116 112.0538 109.0176 109.3477 110.3990 109.7043 110.9370 109.9389 111.6622 112.7394 109.8153 110.4885 109.5244 111.0228 112.3657 112.9983 110.7088 114.4758 111.9577 113.4828 110.3270 110.5339 110.0991 110.1040 110.8182 114.2198 113.3652 116.5134 116.1323 114.3148 114.8900
110.9000 112.2738 112.9275 112.9687 110.3269 113.1164 111.6677 111.7375 110.3203 110.9631 109.6367 108.7329 109.1129 109.1685 109.7821 110.0743 111.6357 110.9845 110.2303 110.7087 108.6396 111.5421 114.5348 112.2117 110.9489 111.2288 113.0801 113.7388 115.2838 112.5977 114.0137 109.6831 109.9853 109.7408 109.6972 109.6322 113.2468 113.0581 115.8769 115.4800
110.6300 112.3882 112.5738 110.7091 113.7559 114.0348 109.7718 113.6756 111.2906 111.4716 110.3014 108.9003 109.0009 109.4719 109.5454 109.7653 110.3056 108.9475 108.7676 109.9804 108.5398 112.6289 113.6850 115.3834 111.4951 111.9693 112.2694 109.8685 110.8377 109.4890 110.0542 109.4921 109.7733 109.7308 109.8010 109.2795 112.6722 114.1696 112.9744 112.9700
109.8800 112.0893 109.8011 110.0420 111.8689 112.9539 111.1107 111.9214 114.5500 110.9501 109.7107 110.4378 110.6386 110.3162 109.6962 109.7691 108.5704 108.7675 108.4124 108.3826 110.4098 115.9232 112.6728 110.0315 111.6225 110.2305 109.2414 109.6769 109.8300 109.7995 109.6923 109.6888 109.6380 109.4741 109.5115 110.2899 115.0027 114.6041 115.4892 115.4300
109.8800 111.3871 111.0045 110.6109 110.7789 110.8025 112.6112 109.2398 113.7122 111.9474 113.5688 109.3939 109.8455 111.7429 109.7094 109.4614 108.7471 109.5161 108.1524 108.1545 109.4525 112.0861 111.8294 112.1885 109.9311 107.9140 109.3958 110.7607 109.5807 109.5250 109.4817 109.3790 109.3440 108.7330 109.3656 109.1627 109.3668 109.1647 115.7560 115.2000
109.7200 110.0994 110.9241 109.9366 111.8082 110.6210 109.8730 109.4281 111.5396 114.6115 110.5006 110.6349 108.6902 109.7033 110.8044 108.1621 108.8709 109.1305 108.8133 108.5023 109.2011 111.3252 110.9604 111.8895 108.5896 108.6145 108.5228 111.7233 109.3235 109.3310 109.3181 109.1582 109.1528 108.6702 109.0378 109.0657 109.1489 109.0155 113.4499 113.9900
109.7200 110.3640 111.2458 109.2408 110.8543 111.0721 110.4531 109.1106 109.9768 110.1426 114.1869 109.6320 109.3333 108.5695 112.2640 109.9345 109.2905 109.2958 108.9942 108.7011 108.6922 110.0917 109.5636 110.2192 109.9289 110.9442 109.3931 109.3572 109.1755 109.1186 109.1136 108.9517 108.9901 108.6543 108.5527 108.1233 108.7115 108.6568 108.4669 108.7900
109.7500 110.0259 109.3090 110.3127 109.6131 111.0736 111.5407 109.0630 112.3986 111.8242 110.9102 109.3127 108.6440 109.7961 110.1652 109.1023 108.4646 108.6650 108.8068 108.4940 112.2507 111.5347 109.1029 111.7237 110.7018 108.5799 108.7971 108.9177 108.8874 108.8364 108.8605 108.4806 107.9705 108.3220 108.3560 107.9240 108.3721 108.5381 108.8234 109.0100
109.9800 109.2172 109.7762 110.1974 110.4651 109.0945 111.2032 110.4517 113.2612 111.3005 108.9165 108.7926 108.8776 108.6888 110.5762 113.7631 107.9610 108.8066 108.0552 108.6773 108.0815 114.2039 108.8609 108.4519 109.9092 108.3622 108.1139 108.9554 108.7652 108.5877 108.3319 108.1227 107.8911 107.7973 108.2632 107.4416 108.0891 108.0089 108.3074 108.2100
112.4400 111.5253 109.5403 110.2336 111.1404 110.6832 110.6832 110.7662 113.6124 110.7392 110.4027 109.7320 108.6849 109.8302 108.8967 109.0308 111.0601 113.0401 114.0066 114.3740 107.6277 109.7284 110.6661 109.1062 108.6126 108.5519 107.8500 108.6164 108.4323 107.5457 107.8575 107.1277 107.1917 106.9421 107.7127 106.7235 107.3585 107.7876 107.3883 107.1000
109.5300 109.6712 110.5919 109.3946 114.5089 113.0698 112.4371 114.2077 112.7746 113.2098 112.5149 108.9400 109.0284 110.2254 109.3405 108.5586 111.6879 109.6131 115.1813 113.3140 115.0114 108.4284 109.0138 109.2127 108.7022 108.7042 108.4684 108.4584 107.9431 107.6888 107.7665 107.3811 107.1465 107.2280 107.0542 106.7704 106.3221 107.5623 107.2017 107.3100
109.4800 109.6749 109.5040 110.6257 110.5811 110.3857 111.6864 115.1666 113.0203 110.6188 109.2798 108.3383 110.6375 110.9277 109.6613 111.8412 110.6716 109.9615 112.1666 110.3169 110.2701 109.9553 109.3514 108.5450 108.9089 108.6936 108.5617 108.1158 107.1476 107.7704 107.2463 106.4890 106.7443 106.7526 106.6868 106.6650 106.6721 106.4648 106.8642 106.8000
109.6500 109.2278 110.4028 109.8723 109.5141 109.5514 112.2254 111.3541 114.8938 115.0266 113.3242 109.0066 109.9113 110.1043 110.9259 110.3061 110.1246 110.0706 112.8240 111.9974 111.6658 110.9335 109.2907 108.1949 108.6423 107.9861 107.9607 107.4842 108.1504 107.6375 107.3356 106.6470 106.6131 105.9114 106.3454 106.2533 107.1797 106.6809 107.1579 107.1200
110.7900 110.8266 111.6060 109.7944 109.8100 110.0254 109.3107 109.4956 111.0837 110.2063 110.8970 108.9299 108.8932 109.6138 110.8712 112.1301 111.7006 110.3043 113.3557 108.8063 109.1237 109.1790 108.2109 108.2053 107.7346 107.1102 106.9272 107.8359 107.2535 106.9934 106.6891 105.8647 106.6441 105.6677 106.0031 106.1529 106.5198 106.7786 105.5122 105.7300
110.7900 111.7433 112.9096 109.8838 109.2469 109.5548 108.8036 109.6181 110.5370 111.9155 109.1884 109.2695 108.4791 107.2905 110.5252 109.8888 112.9649 109.7058 112.9122 107.7529 109.2488 109.3265 107.1896 107.6157 107.1698 107.4545 106.2812 107.2305 107.3710 106.0235 106.6299 105.5538 105.1370 106.3313 106.4296 106.3651 106.1454 106.2193 105.4855 105.5100
109.9500 109.7558 110.0752 110.9327 111.2992 111.8127 109.9056 112.3669 111.1106 114.0535 110.4112 108.2599 108.8813 108.5431 108.4696 113.3995 110.6854 110.1280 112.5038 110.8301 108.0051 108.6882 108.2294 108.1829 108.2862 107.8336 107.0261 106.8195 106.9010 106.7748 105.5353 104.9643 106.2627 106.2460 105.8275 106.5702 105.8693 104.2808 106.2970 106.1200
109.5900 112.0253 111.6457 109.2643 110.3729 110.9321 110.9695 111.4386 111.3816 111.9266 110.3785 111.2903 107.4598 107.3047 111.2205 114.4737 110.9326 113.6425 110.9193 109.1931 107.1345 108.1004 108.1214 108.1132 108.0475 107.8768 106.5440 106.9591 106.7551 105.9458 105.3882 105.6942 105.2601 106.3988 105.4136 102.0135 105.7897 105.4819 105.9555 105.9800
112.1700 112.8784 112.7947 113.2456 112.0429 110.8919 110.5824 110.0498 109.5078 110.3330 111.3140 108.7118 108.1991 107.7897 110.1174 109.9103 115.1085 112.8346 110.3224 113.6402 108.6044 108.1106 108.3551 107.8725 107.1928 107.7421 105.4736 106.4018 106.5333 106.5524 106.0275 105.2245 101.9200 105.4900 104.2163 104.8152 103.0945 104.5586 105.4227 104.7500
111.6600 111.4887 110.1715 112.2398 110.9733 111.6342 109.6104 109.1817 108.5052 109.1211 110.9287 110.8495 111.8222 109.3480 113.6067 109.0639 111.2810 114.3165 113.9878 114.0002 108.8552 108.4211 108.1651 106.5285 105.8441 106.4382 107.0227 106.1642 106.2809 106.2609 105.2933 105.5170 105.1451 104.2287 103.0252 102.9878 102.6028 102.6725 102.8535 102.0600
109.8100 111.5339 110.6403 113.1641 111.0615 109.6253 109.1281 108.9834 108.1024 110.8383 109.4260 110.3490 109.9376 108.4237 112.9503 108.7325 107.9834 108.5717 110.0313 111.3149 112.6969 111.4374 107.5718 107.3590 105.5176 106.3607 106.7363 106.1395 104.2910 104.1589 104.4738 104.9906 103.4522 102.5252 102.4831 102.1215 101.9992 101.8523 101.2359 101.1900
111.1300 116.2690 109.9295 112.4920 113.2227 109.9119 109.8672 109.8566 109.4306 110.7113 107.7585 110.8718 113.1955 109.6534 109.2012 109.3936 105.4360 109.4147 108.7031 108.2908 106.7150 107.6999 110.4890 107.2674 106.9126 104.9751 105.3688 104.6599 102.6750 104.4051 104.2669 102.5968 102.4775 101.9514 101.6131 101.1465 101.2404 100.8082 100.6316 100.5300
111.0600 111.4091 110.8343 109.4729 110.8411 112.0723 108.8614 108.8091 111.3215 111.8692 108.9996 111.1386 110.4759 111.2054 111.1340 107.7323 106.2720 108.8549 108.5598 108.4504 107.6592 106.6458 107.1296 105.7212 107.5930 106.0029 108.3360 104.2705 104.1887 103.2332 102.6736 102.3240 101.7491 101.4740 100.8400 100.3738 100.0995 99.7142 99.6791 99.6600
113.8500 111.5940 111.3352 110.2232 108.0804 107.8738 109.4595 110.0897 110.1445 108.0445 112.3096 111.7454 108.7594 111.8948 114.2051 108.7357 105.7837 108.5545 108.3289 108.4106 107.0466 106.4522 107.3140 106.6942 105.8885 105.8664 108.1460 105.3045 103.4507 102.7231 102.2928 101.4420 101.3964 98.7153 96.9518 99.0307 99.4267 98.9305 98.5635 98.8000
109.4100 111.0888 109.9027 108.9205 112.9266 108.6682 109.7063 109.5178 109.3321 109.7134 112.3170 111.3843 109.8592 110.1186 110.0542 110.3411 109.7067 109.0667 107.9690 108.0503 108.1561 107.5266 106.2711 106.3605 106.1574 106.3771 107.9626 103.8859 103.2382 102.2933 101.8461 101.0560 100.4913 97.1536 98.7588 98.2891 96.7111 95.5771 94.6445 95.2800
115.5900 112.4510 108.9680 111.6994 115.3569 109.6450 109.5778 109.4592 112.0721 108.9803 111.0867 111.6691 110.3589 109.1150 109.2869 109.4454 109.2693 107.7807 107.8549 107.9980 107.7930 107.7747 106.5700 105.9751 104.8594 106.2826 106.0866 99.1167 100.7503 102.0874 101.3123 100.5279 100.1290 98.6854 97.4118 95.4510 93.7002 93.0418 92.4416 92.9100
117.0400 122.7761 108.2985 109.1688 118.5423 111.0853 110.0540 109.6082 110.9938 110.9615 111.8009 110.7003 113.1735 110.8062 104.4623 108.5109 106.8061 107.6939 108.3461 107.5823 107.4709 107.5940 107.1240 105.3998 105.7533 106.3694 104.8257 100.5038 95.9869 102.4921 100.6338 100.1109 98.7974 97.1090 95.9772 93.9781 92.3456 89.6453 90.9780 91.3400
122.1000 116.8675 118.8262 116.6384 113.6019 109.8467 111.1246 109.1417 109.2500 109.4027 109.7808 110.4218 108.6162 110.8829 104.2212 109.7281 108.2426 108.2373 108.2753 108.1512 107.8159 107.5707 106.4688 105.7476 105.0407 101.5559 104.8753 102.8156 102.0469 97.5268 100.5585 99.5838 98.0931 96.4913 94.4811 91.6930 89.4745 87.8421 87.9991 89.8700
115.7700 115.1430 113.9027 115.1753 112.1635 108.5911 108.8190 108.3471 109.6649 107.7281 108.4092 109.4514 108.6607 107.5908 103.5741 109.2110 108.5921 108.5053 107.6666 108.0573 107.5527 106.4787 106.8137 105.8657 106.0867 105.4937 105.0727 102.4552 100.9451 98.6459 100.0660 99.3007 98.0399 95.6836 93.1027 88.8327 86.4663 82.7054 78.8566 74.5700
113.6100 113.9024 111.9663 112.3314 109.9098 109.9647 110.7548 111.8016 109.3205 107.8655 110.8976 108.2159 109.4795 110.5564 110.0662 109.1927 109.3246 108.3468 108.2042 107.4060 106.5386 106.7883 106.9968 106.2462 105.7316 105.1610 103.4880 102.5158 102.0123 101.1712 100.0129 98.7399 97.7101 94.7412 90.9851 86.1050 79.8528 73.2122 70.5157 74.3600
110.7400 112.9193 110.2233 109.3571 110.4735 112.7630 114.0173 112.3626 109.8452 109.7457 108.9989 112.5049 113.9685 111.0283 114.5331 110.9193 112.1715 106.9923 107.0824 106.1848 106.2416 106.5179 105.3478 105.1373 105.5251 104.6190 103.0324 102.4512 101.6895 100.9110 100.0952 98.5131 96.8935 94.5183 89.5236 84.3520 76.8626 64.8939 64.8313 74.3600
114.0300 113.2160 113.8607 113.9139 111.8881 112.9625 111.9354 112.3247 110.5074 109.5624 109.0220 114.1227 111.6990 112.0044 110.4718 109.7425 109.5751 107.9428 106.7031 106.6486 106.6775 106.4555 106.4922 105.6118 105.4036 104.9039 104.0626 102.7261 101.8641 101.0511 99.9477 98.6530 96.9769 94.1793 89.8464 86.6262 78.9827 68.5235 66.8005 73.6200
113.0000 113.2029 114.3232 112.6650 111.7764 113.4549 111.0851 111.9686 108.4616 107.6456 107.8832 107.8126 110.2391 105.3382 108.0964 113.7200 113.0808 112.5657 109.0779 107.2779 106.8890 106.2452 106.7533 106.4740 104.4859 105.4962 105.5556 102.5494 101.9977 101.1009 99.8913 99.3337 97.3550 94.9338 91.8025 89.8379 84.5206 77.4716 74.0704 73.6200
115.8200 113.7675 112.3323 114.1121 112.5488 113.0530 112.8278 110.1728 107.9278 110.0944 109.2803 110.8189 112.3378 113.4483 114.1636 113.7760 111.0767 109.8939 108.1461 107.4749 106.6590 107.0799 107.0269 106.8963 104.7039 106.0905 104.7898 103.4488 102.1676 101.4012 100.3561 99.3183 97.9405 96.5276 93.3773 90.8842 87.6166 85.7042 84.9272 83.5700
115.2600 115.4830 114.3057 112.9198 115.0886 112.4664 111.0150 108.5129 111.0116 108.8580 111.0772 112.9387 113.3054 114.7662 111.8150 114.3244 111.5579 111.5562 107.9294 107.4307 106.9801 107.5964 107.0547 105.9848 105.3109 105.8426 104.7195 102.8447 102.3740 101.6812 100.8610 99.7227 98.9504 97.9604 95.9563 94.2330 91.6488 90.9899 89.7861 88.7000
121.6400 117.0193 110.9672 116.0987 113.8079 110.8748 110.3162 108.8405 112.3744 112.3398 111.2844 113.6459 115.3044 110.3321 111.9150 111.2830 112.8446 109.0612 107.2045 107.1591 106.7836 106.8572 106.7855 106.0009 106.2769 106.0652 105.2712 105.0638 102.4697 102.0526 101.3333 100.5229 99.7197 98.6806 97.8228 97.1962 95.4102 94.0024 92.0009 92.7500
122.2800 121.8272 109.0925 114.2502 112.5228 111.2926 109.6432 115.5372 111.6975 115.1731 112.2508 115.1297 112.2126 111.7141 108.2460 103.0552 113.0913 113.0736 108.1904 108.4216 109.5837 106.0265 107.3682 106.7194 106.2518 104.8364 104.8620 104.7552 102.9788 102.3758 101.7425 101.1045 100.3933 99.3849 98.8034 97.8279 96.9571 95.8455 93.9579 92.7500
122.2800 121.0900 109.1500 111.7100 111.7100 111.2700 113.7700 113.7700 111.0100 111.5200 111.5200 115.9300 112.6200 112.2200 112.5000 115.3500 115.3500 112.9300 110.3600 114.5000 112.4600 112.1300 107.6200 104.8400 104.9400 104.9400 104.0300 109.9300 103.1200 102.6800 102.2300 101.2800 101.2800 100.6300 99.3500 99.2100 98.4400 96.9100 95.5700 95.5700
