108.8700 110.1400 111.0600 110.8600 108.3500 115.8900 114.4100 117.8700 119.1000 121.7400 117.9400 120.2700 120.5200 114.7100 121.5100 121.3000 121.0900 117.9700 120.4500 118.9100 116.3600 114.3300 111.0800 109.5100 106.3100 105.3900 105.8900 104.6400 103.4200 103.6900 103.3500 103.9200 103.9200 105.1100 104.9400 106.3300 109.3900 106.1400 106.1600 106.2200
109.4900 109.7761 111.5432 109.7526 108.5878 117.7514 121.8841 118.5332 116.4765 117.8244 118.3100 118.6719 116.5718 122.0443 115.7288 119.8439 121.3297 116.7500 116.2675 116.7660 113.9553 111.8993 110.1482 108.7657 106.7341 104.9090 105.2488 103.6744 103.3473 103.2788 104.2873 104.9551 105.5742 106.5013 107.0648 107.2890 111.9621 112.1525 107.2828 108.7900
109.1300 109.9415 109.5726 110.3734 109.3101 116.5950 121.8830 117.9595 115.5628 115.5126 117.4470 117.3278 113.4138 114.6362 112.7836 118.2400 119.2076 115.1442 116.4391 114.3267 112.3080 110.3231 108.6093 107.0973 105.8080 104.8856 103.8304 103.3404 104.0434 104.5311 105.5327 107.0679 108.2046 109.4757 110.7242 111.5778 111.9614 112.5623 111.9367 112.7100
110.4500 110.0507 120.7749 111.8562 111.5172 111.9096 116.8438 118.4922 121.5856 122.0401 120.0837 116.6594 119.7959 114.1543 117.8205 115.4404 120.2382 117.1367 115.0120 112.6882 110.7481 109.0837 107.4262 105.8820 104.5665 103.6359 103.8058 104.4676 105.4171 106.6966 108.2113 110.8813 112.8441 114.6493 114.1466 113.9889 113.9770 113.4523 113.4384 113.2200
108.6900 110.3844 117.9809 109.1151 109.7810 114.3354 115.5717 119.0461 117.3094 116.7584 113.5216 120.4418 116.7164 117.1604 120.7290 119.2160 117.8716 115.6179 113.0868 111.3107 109.5102 107.9877 106.3339 104.7589 103.6830 103.6965 104.6587 106.0932 107.7009 110.2983 114.0269 115.8926 114.0918 112.1072 110.0355 108.6701 107.5867 107.1564 107.5431 107.4000
116.1100 117.1229 118.4867 116.3353 108.8193 117.6137 119.5734 114.8681 116.8464 117.2232 114.2782 116.7664 118.6054 120.1633 118.2006 115.2220 118.1913 116.4117 111.8743 110.1385 108.3495 106.5244 105.2724 103.9180 104.1197 104.9853 106.1624 108.2389 111.8987 114.5392 114.9676 111.9837 108.1530 105.6307 103.5590 102.7048 102.4527 102.5050 102.6591 102.7400
118.3200 110.8085 117.7825 115.0590 110.9300 114.3608 114.2937 115.9844 117.7277 114.5392 117.5185 116.3952 116.0404 113.6274 109.5308 115.4673 115.4921 112.0288 111.2623 109.2836 108.2870 104.6711 105.0738 104.3264 105.0283 106.2035 108.4187 112.0794 115.6636 113.3929 109.6370 104.8174 102.4737 101.1104 101.9219 102.0554 101.6164 101.6498 101.7565 101.9900
109.3700 108.5435 118.0781 115.3941 113.8576 114.1261 110.8334 117.8109 117.8214 114.8329 114.1095 111.8920 117.8640 112.3804 110.1203 114.3252 115.5718 113.7595 109.5853 108.9894 108.4006 109.0894 105.8983 104.8258 106.3335 108.6356 113.0978 114.8059 113.4410 107.8378 103.3192 101.4008 100.5518 104.0115 102.0860 100.8113 100.6165 100.5702 100.6311 100.9000
118.1400 115.4460 113.3539 117.1343 110.9932 114.7787 112.9836 115.2815 112.5991 115.2450 110.6745 108.2921 113.8013 118.2646 112.6901 109.6467 115.4880 113.6460 109.3101 107.4138 108.6572 108.1051 108.3956 107.6139 109.9170 103.9106 105.8236 112.9654 107.4715 103.2636 100.1818 102.2485 100.8438 101.2045 99.7535 99.7552 99.5298 99.4319 99.5116 99.9100
111.0200 112.8025 109.8750 114.1995 113.1626 113.4013 112.1056 110.6350 109.0635 115.4344 116.3416 115.1467 112.4000 111.6571 110.7569 111.5447 114.9766 108.6661 107.1359 106.2250 106.6210 107.3479 107.1152 104.6166 106.4529 107.7001 104.2607 110.6150 103.0238 101.5091 104.1754 101.0904 100.1059 99.3765 98.9631 98.4094 98.0837 97.9745 98.0864 98.7200
114.4700 113.1277 110.3704 116.5854 114.8166 109.6663 110.6516 109.8972 114.9865 114.9946 109.9457 112.3557 114.9098 110.9979 112.1996 114.1074 112.8919 106.2790 107.8406 107.3114 105.4789 108.5729 106.1265 108.3859 107.1219 105.3032 104.2553 104.9519 101.1780 102.2537 100.9268 99.8487 99.1914 98.3150 97.4815 96.8086 96.3342 96.1423 96.3088 97.2500
117.7900 111.8046 112.2338 111.1328 110.0303 108.2662 109.1330 109.3512 116.0335 115.1197 113.3209 113.5883 109.7001 109.0270 108.7152 108.3577 107.4957 108.8701 107.7102 107.1492 108.8419 113.5306 106.4159 105.6184 104.6898 104.3914 104.7674 104.7180 104.2697 101.0402 100.2405 99.1143 98.0310 96.9199 95.7751 94.7036 93.9119 93.6638 93.9808 93.3000
117.3500 109.0080 109.1294 109.9821 109.1322 108.8421 110.0027 117.8420 116.5848 113.7762 114.9628 114.1170 114.1520 113.3495 108.5586 109.3988 107.9518 107.5244 107.2134 107.8910 105.6313 106.5365 106.0873 105.7914 104.0715 104.8056 104.7045 102.6364 101.5346 100.5361 99.4492 98.1786 96.8435 95.2805 93.7235 92.1686 91.4945 91.1488 91.4482 89.3400
118.7000 108.5637 110.3306 110.7724 114.8407 108.3768 112.6846 115.8602 115.9786 109.4323 108.7495 114.9463 114.2317 111.5895 111.8073 113.5356 108.3048 110.1313 108.1711 107.4103 107.2374 106.4769 106.3085 105.1351 105.8098 104.4319 104.0225 102.2688 101.1999 100.2237 98.7090 97.3041 95.5715 93.5266 91.5238 88.8344 87.2808 86.3791 87.2748 89.3400
109.6200 109.7208 109.3098 109.3522 115.6677 111.3960 113.9391 113.7098 114.2284 108.2432 114.2927 112.0481 113.3661 109.8507 107.1800 108.6796 107.3765 107.4369 107.9458 107.0019 106.9933 107.0011 104.9572 104.2927 105.3124 105.1704 103.8347 103.0554 100.8736 99.9243 98.1517 96.5304 94.3605 91.6145 88.5297 85.0299 81.5911 79.6841 81.8560 85.9400
109.6000 110.6951 109.4070 108.9903 111.6287 110.5467 114.7026 114.9161 116.7202 113.0374 112.1680 111.3681 113.4935 109.5107 111.9898 110.6455 106.9600 107.1329 107.4203 106.6494 106.7335 106.8530 104.9674 104.9172 105.5834 104.5688 103.0371 101.4153 101.0455 99.8493 97.9429 95.7718 93.3118 90.5455 86.9440 81.3355 74.7869 69.6519 72.8093 78.5900
109.3300 110.3470 110.0714 109.3970 111.8957 108.9251 108.9658 114.2985 114.7523 113.6773 111.7469 112.2406 109.7530 108.4040 112.9436 113.3557 107.4280 107.0443 108.4549 110.3720 106.0744 106.5466 105.5333 105.3127 105.7358 104.5224 103.4763 101.5074 100.6811 99.6773 97.8781 95.4581 92.7586 90.0905 86.2235 81.2645 68.2705 62.7427 65.4554 78.5900
109.6900 109.7345 109.8328 109.1420 108.8114 108.7938 110.1989 115.3980 114.2976 113.0077 111.8692 113.0540 107.9421 111.2115 113.8568 110.8112 108.8736 107.7015 106.7346 112.4229 106.5979 106.7550 106.4228 105.4410 105.5393 104.8878 104.7074 101.4668 100.4758 99.5486 98.0740 95.4268 92.8222 89.8947 85.9129 82.4775 69.4732 64.3794 68.3288 82.7200
114.5300 112.9350 111.1609 110.6990 110.9768 110.4364 109.2386 114.9493 113.8750 114.4916 111.1886 109.2221 107.2349 114.8779 114.6762 110.0465 111.9707 108.6885 110.4602 107.0236 105.9329 106.6997 105.6670 105.0519 105.4826 104.4837 104.5737 101.6510 100.8867 99.6355 98.2447 95.9492 93.5391 91.5856 87.1343 85.0980 76.3106 71.5060 74.2027 80.5200
115.3000 114.0033 111.7572 110.5820 112.0499 109.4528 112.0106 114.0304 114.0384 114.2331 111.5031 110.5220 113.4912 109.1192 114.8461 109.3760 112.5664 112.8921 113.1709 105.1051 105.5377 105.8539 106.6139 104.7637 104.6487 103.5020 102.9173 101.8207 101.2250 100.0371 98.8719 96.7191 96.0360 95.5996 91.1145 88.0390 82.3107 82.3846 83.4717 89.8100
110.3300 109.8366 109.3579 110.1958 112.8907 109.1193 109.3522 109.9018 111.5990 111.7799 112.2713 111.6607 113.0948 108.2626 114.7603 110.4213 108.6888 108.3576 108.0949 107.6200 107.2794 106.5450 105.3371 104.4488 105.4095 105.4117 103.8410 102.0433 101.1129 100.2596 98.5747 98.9583 89.9074 96.7577 104.7057 98.1114 92.7743 88.6684 88.9550 87.2400
108.8400 109.8149 109.4898 108.8303 111.0394 113.5176 110.1425 111.6904 116.1527 114.8442 111.8902 114.3905 114.1750 114.9719 108.8180 111.1945 108.7260 108.6757 107.9728 107.2511 107.0571 107.0335 106.3188 106.5458 104.1916 105.5763 104.7061 103.1388 101.4287 100.8196 99.8626 99.3256 90.4657 99.7565 102.4333 106.0199 105.8982 93.0000 93.6886 92.9700
115.1900 110.5514 110.1981 108.7038 110.4010 113.2893 111.2948 110.1250 116.7068 114.5247 111.3661 113.6278 108.7126 113.4797 109.4359 109.2081 108.6929 108.4000 108.2817 107.4095 107.4738 106.0558 105.5186 106.7798 104.7502 104.8141 103.9594 103.3328 102.2182 101.5155 101.0784 100.0785 99.4981 98.0089 96.3680 99.6661 97.6806 94.3173 94.6801 95.5500
114.0700 114.0690 108.8793 110.1925 109.4598 110.8685 110.5681 114.4640 114.2225 112.9320 109.7014 108.8920 107.9856 107.1603 108.2644 106.9793 108.6232 108.9311 108.0841 107.7450 107.0445 106.8538 107.3327 106.7936 104.7609 105.8679 103.9878 103.0941 102.4200 101.9850 99.3818 100.8999 99.9614 99.4621 99.1823 98.1151 98.1495 97.9137 96.2497 96.5800
112.6900 108.8633 109.1157 114.7197 109.4426 110.8147 108.7122 112.4937 111.5535 109.6692 109.9880 109.1030 109.1942 109.1326 109.9270 106.2477 112.9118 108.4109 107.5318 107.0433 107.1501 106.9246 106.7770 106.6657 105.6864 105.7672 105.1199 103.6121 103.8273 103.3329 95.5481 102.1736 100.8271 100.2985 99.9153 99.5945 99.1395 99.0428 98.9919 97.9500
117.7100 110.0474 110.5139 112.3946 110.5786 110.9977 111.8296 109.4319 109.6872 107.9272 112.4144 107.9375 109.8257 109.5408 112.6814 112.0247 110.6203 108.6467 107.5877 108.0515 107.2944 106.4425 104.4906 106.1849 105.6046 105.2612 105.5576 103.3570 103.8847 104.2140 102.3377 101.9721 101.9203 101.1376 100.8503 100.1633 100.3389 100.2975 100.1040 100.6700
117.7100 110.6087 110.4814 113.7609 112.1622 109.6577 110.4604 110.1187 111.1844 111.6281 113.4546 111.5750 111.9038 108.6435 108.6144 108.1598 106.8950 109.8454 108.4938 108.3788 107.5412 106.2083 106.5414 106.9355 106.7566 106.4249 106.0741 104.7520 100.2841 104.3396 104.0946 102.8715 97.1854 100.6235 99.2364 101.3347 101.2203 101.0885 101.2716 101.5600
114.1200 113.5217 110.8527 111.6560 115.1513 109.5697 110.8599 111.7399 110.0459 110.4926 111.2508 112.8032 111.3225 109.3866 111.3996 106.1968 108.8529 108.7250 109.0598 108.5517 108.3438 107.3938 107.9691 106.5120 107.3247 106.9019 105.0729 105.0606 103.4502 104.2849 103.7887 106.1711 101.8486 102.5325 101.9800 101.8858 102.7030 102.2799 101.6680 102.2100
115.1300 114.2557 113.6853 110.0355 114.2088 112.6961 108.6195 111.4998 111.5954 108.7477 113.0533 110.2604 113.2783 114.1064 113.6895 111.5539 108.9401 109.3524 108.2581 107.9476 111.0620 107.6314 107.7763 107.0193 107.4005 107.3449 106.7002 104.7388 104.5807 105.6779 105.9145 105.9459 102.0300 104.1879 103.1221 102.8385 103.8765 102.6450 102.8015 104.7000
114.9400 116.8678 109.8705 116.8375 116.1559 110.8790 110.1534 111.5610 112.5145 112.1789 112.6607 111.8161 109.8196 109.8118 109.4554 105.8194 105.8589 105.1141 113.9098 112.1293 108.7729 107.7421 108.0123 107.8152 107.0922 107.0474 106.5456 105.3473 104.1707 105.6072 105.9337 105.3785 102.4294 104.1339 104.4507 103.9934 105.4432 103.3389 104.4501 104.0000
118.5800 115.2189 111.2388 114.1476 112.0233 110.5417 111.4030 112.1528 109.7902 113.7982 114.7481 111.7115 109.8025 107.5176 108.5098 115.6986 112.2407 114.3401 109.9201 109.6955 108.3889 108.3549 108.2163 107.6236 107.9059 106.3966 107.4823 106.4038 104.0407 105.4730 105.4543 106.1413 105.5004 104.6619 105.7952 104.6726 104.5847 104.0381 105.6908 104.5000
115.5600 114.7853 113.4901 118.8596 111.6543 111.6778 112.0624 111.2772 114.0861 110.9000 112.8785 114.9867 107.5584 108.2811 111.9680 109.4659 115.3408 114.4458 109.4089 110.6507 110.1498 109.0166 108.4626 107.7784 107.5498 107.4661 107.6986 106.6768 105.6856 106.4320 106.2929 106.5013 106.4381 105.8807 105.4566 106.1111 105.2869 104.5332 104.5893 104.5900
117.0700 115.4197 114.2660 113.5390 113.2432 111.4167 116.3680 116.8271 116.0586 109.9205 114.4599 109.8287 108.4876 111.0802 112.7438 113.8753 116.0647 108.4130 110.2606 111.8734 103.1848 110.4500 109.3286 108.5342 107.8297 107.9697 107.0525 106.7798 105.6453 105.8562 105.6204 106.7258 106.9536 106.1939 105.5677 106.2660 105.7995 106.0609 106.7834 106.5500
111.4900 115.2029 114.6678 113.9636 113.4220 115.7888 115.3199 113.4551 115.9711 109.3960 109.3692 113.0152 109.7287 112.8678 111.9589 113.6588 113.3019 110.0488 113.8909 112.0213 109.8665 109.7664 107.8330 109.1463 107.9013 108.3568 108.0674 106.3499 106.5261 107.8822 106.2117 107.3033 106.9874 105.2594 106.0114 106.9443 105.8998 105.3190 105.9368 106.8800
115.8400 115.0281 115.6907 113.8059 114.6150 112.7764 115.2134 111.0722 112.2082 110.0781 109.3381 111.7794 110.9221 115.5471 111.7708 112.2537 113.9758 109.9120 108.0245 114.4072 109.7348 113.7343 111.9253 110.5232 108.1346 108.4258 107.2577 106.8889 107.0228 108.1695 107.3277 107.7994 107.1998 108.3373 106.8799 107.0799 106.6644 105.7703 106.7993 107.2600
118.9200 116.5073 117.1891 115.6565 114.2247 114.0465 113.8358 113.1287 110.8926 110.5529 108.8285 108.8335 110.3567 110.6213 112.2951 111.0253 109.9844 111.8629 117.3700 112.3200 110.3126 110.7990 111.9699 110.3457 112.9627 108.5757 108.6736 108.3661 108.6283 108.3365 107.8974 107.8703 107.6889 110.6816 106.4590 107.1257 107.6274 106.9081 107.1926 107.8000
116.7200 116.6603 117.1561 115.1630 115.0631 116.6588 115.7660 113.2454 110.3383 110.6652 110.0925 108.7876 109.9673 110.5222 114.7487 112.4139 109.2437 110.1210 114.0275 113.8431 113.8424 107.3323 107.4605 108.7317 114.2770 108.4537 108.2047 108.5051 108.4839 108.6056 108.4394 108.1541 106.9832 107.0073 108.0467 107.8415 107.9620 107.3089 107.5522 107.8000
117.2800 116.9673 116.0791 115.1333 118.6283 115.5886 115.6040 115.7106 114.7420 113.5751 112.9029 109.7659 115.4998 116.0439 113.9356 111.3889 109.2377 112.8471 113.9253 113.5075 107.0720 106.7282 110.1198 109.2895 107.2441 106.7878 108.6511 111.6932 108.3390 108.9259 108.6374 107.3887 107.6360 107.1186 108.7422 108.0885 107.0069 106.9939 107.6275 107.2300
118.7700 115.9773 113.4085 115.9409 117.6363 115.8823 115.3032 118.8208 115.4969 115.6012 109.7211 110.3416 111.8472 113.9289 112.9122 112.1600 110.1491 111.2826 114.5776 113.5721 105.6150 104.1051 109.4310 108.9279 106.8723 109.1435 112.8824 112.5349 109.1291 111.4500 108.7127 107.9385 107.3383 110.5721 108.3216 108.5546 108.0044 108.0053 108.1401 108.1100
118.7700 117.2200 117.8300 117.8300 117.2000 117.2000 115.5900 118.9300 114.9700 114.4400 114.4400 111.7700 117.5700 117.5700 111.8800 110.8300 110.8300 115.4000 109.9400 109.9400 113.5900 113.5900 108.3100 105.0800 109.6500 110.8300 109.4000 112.8700 104.2100 109.0900 109.0900 107.7400 102.0800 114.0600 108.0200 108.9100 108.3800 108.5400 108.6800 108.1100
