109.4300 109.4300 109.8800 113.7500 113.1200 109.7900 108.6700 115.8800 117.9500 119.7500 119.0900 118.3300 118.3500 119.1600 116.5700 117.9900 118.1200 118.1200 116.4500 112.9400 114.9700 114.0100 114.5200 113.5400 113.5400 110.8200 110.9000 111.5600 111.8600 112.0000 111.9500 111.9500 111.7200 109.0600 109.0300 109.0100 109.2700 109.0300 109.2000 109.1600
110.4700 110.4610 109.9488 113.1465 116.0533 114.2254 112.5443 109.5961 109.7309 112.8498 120.1067 118.4625 117.8291 117.3561 115.6783 116.2097 118.3072 116.3376 113.0235 115.7721 115.4042 113.9177 113.1775 112.4107 111.9521 111.2698 111.3998 111.2187 111.0477 110.8653 110.8201 110.7116 110.8021 108.5966 108.8435 108.8642 108.7658 108.7260 109.0999 109.1600
110.4200 109.7157 110.8095 112.1881 114.2089 115.3548 112.1669 114.3241 112.3172 109.7270 118.6240 119.0598 117.7271 118.9680 117.6855 117.0745 116.7882 116.1102 114.9307 115.6090 114.0298 112.6518 111.6035 112.9306 110.6393 110.6441 108.5329 109.9136 109.7797 109.5841 109.4410 109.3881 109.5371 108.2433 108.4114 108.4547 108.5449 108.5993 108.7368 108.8200
109.5500 109.7361 111.2895 114.3705 111.0488 114.2230 108.9951 113.0104 115.1125 116.1347 117.5555 116.5609 115.5321 117.0911 116.1371 114.6083 117.2774 116.6966 113.9155 116.1145 114.9333 110.2009 109.1219 111.4751 110.1613 109.8342 108.8327 108.6405 108.2235 108.3153 108.3851 108.1192 108.2498 107.8316 107.9198 107.9808 108.0751 108.1929 108.3151 108.4400
111.7500 112.4174 111.3974 110.5108 108.9961 109.7400 113.6866 113.3300 112.9028 115.6885 115.5941 113.9251 113.6630 117.9940 116.8504 110.0909 111.5607 112.5359 115.6708 112.3123 109.7217 108.8031 108.9951 110.2899 113.6137 113.4677 108.1640 108.1210 108.2487 112.1003 109.8232 106.7489 107.1484 107.3094 107.3770 107.4711 107.5803 107.7023 107.8444 108.0000
116.1100 113.2449 113.7480 114.9705 109.9614 112.3868 116.8777 116.3154 111.2819 115.7295 115.2635 111.3118 113.0220 109.2739 109.0057 110.2687 111.3631 111.7645 114.0338 112.9573 109.2673 108.5752 107.9042 108.4523 112.2310 109.0186 108.2790 108.5265 107.9862 108.0906 107.9618 105.6327 106.5725 106.7408 106.7994 106.8544 106.9783 107.1586 107.3460 107.5100
113.3400 109.1925 112.1910 114.9116 110.5012 111.6811 116.7558 115.6771 115.5689 115.4436 114.7531 109.6357 109.8987 110.9694 113.0770 117.3789 115.6824 112.4480 110.8242 112.9190 110.1107 107.8678 107.5641 106.9842 113.8708 109.3764 108.1869 107.4693 107.3863 106.2662 106.5111 106.2649 106.5859 106.5754 106.5993 106.6020 106.5861 106.5770 105.9446 106.2900
113.3400 113.4018 111.3283 115.0310 113.2895 109.6276 114.4746 112.6555 109.8513 112.1052 110.5245 110.4249 111.6148 110.2872 111.0971 114.1586 114.2283 113.0055 108.2814 110.0300 107.1940 111.0788 107.9779 108.4825 113.1350 107.7366 107.2226 107.0135 107.3491 106.0795 107.2053 105.5477 106.4173 106.6536 106.6595 106.6466 106.5248 106.6373 106.4755 105.7600
108.7000 109.9215 110.6707 112.6828 112.6311 116.3211 112.5659 110.2387 109.7232 107.3429 114.4783 110.6889 110.1625 110.6591 109.5895 112.9700 113.3977 112.4831 111.9411 110.1336 111.1410 108.2633 108.2876 107.7769 106.3191 105.6448 106.0525 106.1410 105.9141 105.7914 107.0266 105.4824 106.5502 106.7145 106.7242 106.7122 106.3685 106.6730 107.0211 105.5800
112.6800 112.4089 111.4256 116.0432 115.0018 114.1556 115.1980 108.9202 108.6531 108.3763 109.6583 112.4750 107.3646 111.2882 110.4874 108.6377 114.4965 111.7582 113.3210 109.0470 108.6097 107.8813 107.6753 107.5509 105.8116 106.5485 106.9909 106.0819 105.8288 106.0676 105.2941 106.8188 106.7348 106.7481 106.7605 106.7643 106.6635 105.9159 106.3980 106.7000
111.8200 111.4555 113.2162 116.1065 114.8628 114.6809 111.2744 115.6433 110.4349 108.6068 109.5149 109.7868 110.1985 109.0274 112.1834 112.2500 108.2771 108.6999 111.6924 107.1615 106.6228 107.8538 107.2203 107.3596 105.7071 105.3037 105.9710 106.1814 106.8725 105.5476 106.0128 106.1401 106.4765 106.6080 106.6935 106.6018 106.4504 106.0847 106.7981 106.7500
109.7700 114.1185 116.8861 115.1105 115.8725 115.9419 113.3481 112.6752 114.4180 111.1621 109.6701 108.1943 108.6858 108.9834 110.4361 108.2689 108.4232 108.4264 111.0783 110.1283 107.2610 106.5412 105.9410 105.6165 106.6306 105.0436 105.7904 105.5152 106.2436 105.7043 104.2973 106.2339 106.0070 106.0590 106.1719 105.2161 105.3174 104.9594 105.5758 105.2600
112.4000 115.4338 113.6316 114.4138 112.7604 111.6479 113.2420 111.4775 109.2769 111.6418 108.5921 109.0323 108.9171 108.5277 108.6434 107.0892 111.1902 108.0788 106.4397 106.0780 110.1279 105.2058 106.5427 106.6099 104.9541 105.7482 104.8451 105.4255 105.0047 106.0114 103.7729 105.6089 104.9348 105.7607 105.3492 105.3792 104.3453 105.1040 105.5168 105.8000
112.2300 115.6180 111.6277 110.5017 111.2384 111.4383 110.7979 111.7811 115.6661 111.9187 107.4789 110.8330 110.0750 109.6097 107.6640 108.2724 107.4727 106.9557 107.4620 105.5200 106.2299 105.3755 106.0617 105.7771 104.9635 106.1143 104.0436 105.5243 104.3990 105.5510 103.9146 105.2226 104.7692 104.5700 104.7910 105.0277 104.9525 104.2096 105.0483 104.6200
115.6100 115.9912 112.3275 110.5257 110.4959 111.5540 113.0792 110.7886 110.4130 110.0772 109.7350 110.2479 113.8286 110.1372 113.0565 106.9272 107.2959 106.5929 109.0166 105.7185 106.1162 105.9374 105.4040 105.3369 105.2007 104.3050 103.5242 103.4513 103.2345 103.2253 103.7549 103.5867 103.9284 102.1363 103.8716 103.2350 103.6775 103.5327 104.9038 104.6200
115.3700 114.8458 111.0297 111.8266 110.3599 115.3226 114.2833 114.9003 111.7030 115.8286 108.6265 112.1731 113.0324 109.5749 108.2184 105.6805 108.1808 107.3091 106.0415 104.5968 105.6851 105.9534 104.2354 104.8060 103.9004 103.1846 104.0998 104.8403 102.7700 102.2456 101.8452 101.3488 102.1118 102.2985 102.6398 102.6926 104.8967 104.3545 104.2210 105.3500
117.5700 114.0715 110.8004 116.5849 111.8257 110.8947 109.8351 113.0755 113.6888 111.6245 109.3035 107.2691 112.1794 113.1861 108.8831 107.6442 108.4325 105.6136 106.7640 106.6573 105.3157 106.2819 104.6923 104.3483 103.2598 102.9994 101.9436 101.7393 101.3907 101.0392 101.1277 100.8600 100.5600 100.7526 100.9795 101.5872 102.4013 102.6070 102.9789 102.8000
113.6900 113.7182 109.1938 115.0838 112.4918 111.1796 113.1432 114.4045 113.1691 109.6960 112.4355 107.8095 111.9819 108.3452 106.4121 107.4118 107.4826 106.6115 106.1394 106.0267 105.1568 104.8405 104.3349 104.4305 102.2127 102.1594 101.5806 101.0263 100.5986 100.4258 100.2688 99.6321 99.6454 99.9731 100.5048 100.9744 101.4689 101.7014 102.1311 102.5100
115.8800 116.3664 113.1137 115.4256 113.7340 111.7182 116.8886 112.4187 113.1965 112.2526 111.1801 108.0387 109.6636 107.5250 106.2512 107.2717 107.5469 107.2237 105.9722 104.7752 105.0001 104.5775 103.2779 102.5578 102.0746 101.5711 101.2785 100.2422 99.6713 99.2761 98.2315 98.2484 98.7816 99.7644 100.0870 100.4373 100.6361 101.2603 101.5961 101.8000
111.7600 112.4196 115.4290 115.3495 113.0763 109.8373 110.3403 114.8221 110.9178 113.8809 113.2779 110.0114 106.4720 107.9102 106.6240 106.0669 105.3218 106.7402 105.3411 105.0792 104.1161 103.2886 102.5658 101.8061 101.3675 100.8101 100.4673 98.8558 97.8975 97.6581 96.7156 97.1939 98.0993 99.1133 99.2569 99.7633 100.4627 101.0646 101.2714 101.3500
111.3000 109.3390 115.7011 115.0932 114.6930 115.0643 111.9229 111.9896 109.0964 108.9153 110.9463 109.8880 107.4409 108.5162 106.3860 105.7371 106.6762 110.2371 103.9078 104.6584 103.5600 102.9779 102.4184 101.5956 100.4760 99.9703 98.8169 97.4459 96.8157 95.8825 96.1604 95.7527 96.6648 97.2331 96.9847 98.4488 99.5286 100.2642 100.5524 101.1300
110.4800 112.6179 114.1388 113.2459 109.7383 109.5037 109.3803 108.8754 108.0465 107.6378 110.5359 112.4576 107.5037 106.8866 106.6864 106.1235 104.9972 106.0892 104.6886 105.0182 103.8463 102.6576 102.0821 101.2176 100.3465 99.6822 98.0056 96.6882 95.7752 94.6282 94.6483 93.2426 93.7881 94.5020 95.5226 96.8763 98.2500 99.1755 99.3087 99.9400
115.0100 114.1822 113.0931 110.4157 109.8530 112.0755 112.4097 108.2861 108.1898 108.9243 107.9459 107.6618 107.1762 107.3369 106.4222 107.2860 106.6975 105.8134 104.9275 105.0136 102.8180 102.2546 101.4071 100.5241 99.7557 98.6336 96.9591 96.1943 94.5753 92.7445 92.1836 90.7920 90.6286 92.2029 94.1299 95.3707 97.1344 98.6144 98.0505 99.5300
110.5500 109.9090 109.9543 109.5345 109.1421 108.9552 109.3336 108.4728 108.5470 107.2642 107.6734 107.8848 106.8669 106.2333 105.8694 107.0948 106.3653 104.3945 105.2394 103.6435 102.7428 101.9553 101.1350 100.1503 98.8158 97.3048 96.2442 94.5143 92.8617 88.9916 87.5907 84.5365 86.6406 88.9974 90.4523 93.3212 95.1112 97.7049 98.4237 99.1300
110.0000 109.3301 110.3830 109.6874 109.7697 109.3335 109.1544 108.0804 108.2101 107.3781 107.6578 107.6456 108.2714 106.7861 106.0323 107.0852 105.5815 104.5975 105.4673 103.2473 102.4547 101.5095 101.1149 100.2353 98.4590 97.0095 94.9288 93.2823 89.5721 85.0976 82.2386 76.5459 79.4654 84.6346 86.7871 90.1036 93.6480 96.3739 97.5406 98.3900
110.5800 112.2572 109.9282 112.4875 109.7439 109.5822 108.6780 108.8330 108.3203 107.6628 108.1361 107.3411 107.7905 107.3785 106.7770 107.2875 106.4410 105.5973 106.0777 103.0637 102.3933 101.6656 101.0039 99.8266 97.8871 96.0411 93.4212 91.9305 88.8732 81.5052 72.7301 66.0720 68.9015 82.3001 85.8900 89.9148 92.3911 96.2098 97.6509 98.6900
110.5500 112.6171 114.9854 112.6057 109.9065 110.6655 109.9855 107.9426 108.7079 108.5543 108.3894 108.3272 107.9114 107.6621 106.5111 106.2716 106.8013 106.2869 104.8500 103.2032 102.5058 101.8513 100.4624 99.1727 97.8347 96.2704 93.3996 91.6247 86.2912 78.8267 66.5031 61.9840 65.7808 78.4574 85.0183 88.9303 92.5242 96.4434 98.0147 98.6500
110.4900 110.0452 113.0384 107.7996 110.8458 111.5259 110.0871 107.3355 108.6619 108.4822 108.5079 108.1412 107.5046 107.3323 106.4195 105.6852 106.9154 106.3708 104.0193 103.1759 102.3728 101.7845 100.4237 98.9719 97.9497 96.7166 93.7874 92.0356 85.7949 79.6698 67.7138 64.4399 68.2623 78.1326 84.9803 89.3523 93.2348 94.7418 96.4769 97.0000
115.8100 112.0586 114.4012 111.9328 108.4665 112.3003 112.4957 108.0011 108.9163 111.5106 108.5898 108.3383 107.4919 106.9589 106.1533 106.7644 105.5516 105.0107 104.6895 103.2297 102.4272 101.6422 100.9568 99.4198 98.3299 97.0858 94.1420 93.0293 89.9307 82.8259 76.1946 73.9781 76.6706 84.1298 85.6660 89.2723 91.9313 94.2196 96.4500 97.1000
111.0000 116.0310 113.4397 115.4940 108.3020 114.1282 113.7609 109.1661 109.0644 108.9664 108.7392 108.4259 107.7198 106.5171 107.7669 107.3895 106.2434 105.4261 104.5534 103.3077 102.6153 101.7647 100.9970 99.5772 98.4854 97.4464 95.1105 94.3588 93.3322 88.1486 83.8597 80.1595 83.4094 84.9858 87.8715 90.9832 93.8976 95.3799 96.9525 98.0900
114.6100 111.3578 109.4289 109.8682 109.0417 109.3228 108.0356 107.1051 108.4600 108.5743 108.3594 107.7032 107.7107 106.4215 107.6800 106.6853 106.0276 105.1613 105.3479 103.3674 102.8342 102.2372 101.3423 100.3365 98.9920 98.7799 96.1259 94.7346 94.1892 91.6345 88.0649 86.2056 87.9138 89.2786 91.1770 93.3643 95.0785 97.0778 98.5292 99.7600
110.3600 110.6406 109.7597 110.4416 108.7267 108.6343 109.6559 112.1901 109.3899 112.0988 107.7102 110.0275 107.6213 106.1170 107.3238 105.9514 106.1323 104.7325 104.3520 103.6399 103.1063 102.5688 101.8733 101.1101 99.8261 98.7107 97.5367 96.7069 96.0327 94.8485 91.5239 91.9232 91.8469 93.0225 93.7463 95.2061 96.4456 98.0797 99.1927 99.8000
116.1000 114.2172 111.0508 109.2699 108.3901 108.5240 110.8434 109.0954 108.6470 108.4833 108.5258 107.6411 107.5999 107.2139 106.8476 105.9455 105.7671 105.7862 105.7142 104.8057 103.9461 102.8114 102.1486 101.4358 100.2685 99.6050 99.2118 97.6941 97.2167 96.3247 95.3360 96.6369 94.9393 95.9144 95.7937 96.3529 97.5782 98.5349 99.4205 100.6900
116.1000 113.3553 109.7283 109.9903 108.5890 111.9195 110.8908 109.2724 110.9891 109.2465 108.3908 108.6884 107.3231 107.4699 107.7511 107.5090 105.5052 105.0090 104.8432 105.6985 105.1098 103.0804 102.5741 101.7483 101.0285 100.4145 99.3775 98.6316 97.7829 97.5056 97.6724 98.8777 94.9771 97.1543 97.5841 97.6116 98.3834 99.2512 100.0713 100.6900
116.4100 114.5086 110.1655 114.2868 113.2268 116.2999 114.3178 107.9736 111.4509 112.1288 109.1602 107.9892 107.9404 107.6757 106.9419 107.1507 105.7347 105.3064 105.2438 106.0815 104.5632 103.5555 103.0894 102.5182 101.7267 101.2012 100.5429 100.1391 99.5144 99.2750 98.5240 98.4426 98.6502 98.3642 98.4976 99.0398 100.2396 100.1769 101.0958 101.8600
110.9100 111.0642 114.9588 113.9389 115.2018 116.1105 116.2206 109.2650 109.0663 111.7153 108.5647 108.4679 108.2994 108.3108 107.4037 106.9090 106.4472 105.4725 106.7309 105.7123 104.9968 105.2789 104.4266 102.7032 102.3548 101.9055 101.3978 100.8842 100.7591 100.4310 99.5576 100.3111 100.2323 99.9096 100.3784 100.5456 101.0397 101.4935 102.0067 102.6400
114.8700 113.0756 116.3739 115.5754 113.6906 113.1042 112.8881 109.3638 109.1518 108.3065 108.1373 109.7607 108.8993 107.9400 108.9829 108.0702 106.3778 105.9180 107.0808 106.2975 105.3588 106.0472 105.6396 103.4559 102.8884 102.4061 102.1638 101.7223 101.5891 101.3528 100.8941 100.9797 100.7826 100.7832 101.4305 101.2252 102.0031 102.1414 102.5624 102.6400
117.4000 115.8223 114.8788 115.7969 108.7925 113.4269 112.8917 111.4043 109.7167 109.4455 112.3289 108.0916 110.7638 108.4701 107.8747 107.4936 107.5424 106.7373 107.4815 106.5832 106.5981 106.4649 105.0061 105.5550 104.3232 103.1849 102.9012 102.6399 102.3002 102.2644 102.0622 102.0228 101.7957 102.2049 102.2306 102.4378 102.7157 102.4845 103.6704 104.1600
115.2600 114.7122 112.1989 115.8696 109.7668 110.7119 110.4800 108.9476 111.8867 109.0875 113.0832 113.6051 108.7000 108.9379 107.9901 107.6401 106.6479 106.7191 106.1893 105.9338 107.0616 106.9367 106.3741 106.2389 106.0260 105.0712 103.3812 102.7640 103.0754 102.9653 102.8009 102.7598 102.7106 102.9631 102.6799 103.0759 104.7111 104.7621 105.1905 104.5100
115.2600 115.1100 115.1100 110.0100 110.4200 110.4600 110.2500 113.8200 115.2700 114.8400 113.9500 113.5300 113.5300 108.5900 107.7100 107.7100 107.3100 106.2100 107.2700 106.0700 107.1800 106.8300 106.8300 106.3800 106.0900 106.0900 111.6900 103.6900 103.6900 103.2700 103.2500 103.4200 103.4100 103.3700 103.1000 104.1600 103.3700 105.8200 104.6500 105.8100
