109.7100 109.7100 109.4400 114.1700 110.6900 109.6900 108.7700 115.9500 111.9000 117.6200 116.0700 116.1700 118.4700 118.2900 117.8000 112.4400 116.9600 116.8100 115.5700 115.5700 117.7200 117.9900 119.0100 117.7000 119.2800 116.0700 116.5500 116.1600 116.0100 115.2700 116.1400 116.2000 115.5500 109.8900 109.8700 109.8600 109.9700 114.1900 115.6600 115.6300
110.7600 109.0101 109.4164 109.7878 109.4724 112.4270 112.0644 110.6588 110.9322 115.5021 115.0277 115.7222 115.4940 116.7157 115.0153 119.3315 117.9821 115.0216 113.5396 113.1850 116.6782 117.4453 118.9674 117.4999 117.6260 115.8541 116.9592 115.2214 116.1714 114.5815 115.3851 115.3936 114.5243 114.0242 111.6626 109.7210 112.6452 114.1952 115.5045 115.6300
110.6200 111.7993 110.1291 109.3821 109.6365 112.1239 112.6569 111.0158 113.7088 110.9348 111.9454 109.8748 113.3905 115.0498 108.2350 115.9270 116.8547 114.8544 114.9900 116.0997 116.5555 116.1205 116.7885 117.1410 115.2680 115.3672 114.9069 113.9727 114.0305 111.7426 114.1093 114.2008 114.0338 110.4594 109.5535 109.5909 109.2175 113.6192 114.6876 115.0500
110.9000 111.1223 114.5460 111.0247 110.8078 109.5310 111.4785 110.2987 114.8234 115.8247 111.2034 114.1007 111.4651 110.6761 112.0465 109.1906 109.7960 113.1330 109.6745 114.1419 115.2863 115.3311 115.0548 115.4279 115.9373 117.1221 113.5644 112.1782 115.1562 112.7535 115.7013 112.7297 110.2833 109.4972 110.4135 109.3365 108.9564 113.3235 113.4113 114.0000
109.1400 108.4182 108.2159 111.2538 110.3383 110.4023 110.1947 111.9066 115.1689 116.5210 115.5396 113.3057 111.5108 108.9129 107.1744 110.0984 111.0623 110.5162 110.4291 113.2864 114.2752 113.8519 113.4524 115.5377 114.8753 115.9115 114.0971 113.1201 114.9236 109.9377 113.1235 111.2449 109.4222 109.0558 108.8867 108.9038 110.9826 109.5657 109.8096 112.7900
115.1400 113.1218 109.8626 111.8529 109.0892 113.2666 109.3237 109.9268 112.4943 110.2231 113.4184 109.5228 111.3040 107.4827 109.2856 113.0948 115.7285 111.5583 110.1957 115.0041 113.1126 113.9379 114.4279 115.7323 111.5453 109.6197 111.9523 111.1166 114.2181 107.5048 111.4832 109.7534 108.6820 108.5051 108.4926 108.5019 108.4593 110.7567 111.4463 111.5700
111.3600 118.9855 111.8916 115.4354 112.8918 111.3074 115.7279 111.6120 108.9882 110.5013 110.0952 113.1316 109.5055 115.9901 114.0885 113.4746 112.7446 116.3465 112.4289 107.0956 108.6073 112.3569 113.2009 112.8090 109.3771 109.2664 111.4184 109.9818 108.9133 108.2737 108.4731 109.2935 108.3711 107.9967 108.0161 108.1344 108.3346 109.5743 112.1632 115.8500
109.8900 110.7723 111.5975 115.2514 115.2838 116.5656 117.9268 107.6397 108.4441 110.0378 108.9505 111.9225 111.6446 115.2732 115.0906 113.7582 112.1821 111.5553 111.6876 111.9708 111.9544 109.5771 113.3840 108.3022 113.4746 109.3295 109.2160 109.0838 108.3858 108.4776 107.7699 109.2389 107.5312 107.5116 107.5103 107.5232 108.0682 107.7910 109.9753 114.2000
109.8900 110.0680 112.1559 114.8099 114.0370 116.0411 117.8892 111.7993 109.3131 108.1352 108.3840 109.9525 113.4065 115.4475 115.0500 110.7603 111.5153 111.5399 109.5745 115.0084 109.5949 108.4501 108.7329 108.4221 109.5586 108.5815 112.7179 110.4328 107.6067 108.3043 108.1261 106.2569 106.7860 106.8089 106.9030 107.0081 107.6531 107.9490 108.1371 107.9900
117.2100 115.1616 114.7828 115.1523 112.0971 115.8279 114.0467 112.8996 111.1419 110.4822 109.4583 109.2803 110.4102 111.7494 115.2005 109.0056 112.1241 111.3607 113.7784 112.6430 108.1907 108.8724 108.5157 108.4867 108.0034 107.7298 110.8176 108.1363 107.6880 108.1159 107.4238 106.4834 106.4656 106.4934 106.4625 106.4686 107.7763 108.7051 110.8011 107.1600
116.0000 115.2404 116.4354 116.2318 115.2862 116.0052 114.9452 110.1060 113.6436 112.5676 109.9897 108.8031 112.1509 108.3213 109.3549 112.6954 111.2080 106.6324 109.6772 114.0763 111.3096 113.1430 107.4072 107.6018 107.9993 107.6011 107.3156 110.4038 107.1640 106.9332 107.4177 106.5012 106.5819 106.0739 106.3264 107.0281 107.5202 107.5479 107.6236 108.0200
111.5700 110.7988 116.1446 114.1095 113.6613 113.2940 115.8914 115.0655 116.1496 115.5591 110.7628 111.5346 110.8987 116.3497 111.9401 114.2148 110.9597 108.5111 108.9849 110.7386 106.4792 110.8236 107.5461 107.7711 107.4940 106.9639 106.9796 105.9609 106.7691 105.9330 106.8623 105.9362 106.5338 105.7195 106.3345 106.2455 107.0122 107.7043 107.3808 107.6200
111.6200 111.5431 113.5847 113.3796 112.6446 112.4954 111.7924 113.0578 116.4160 114.2137 111.8275 113.8498 111.4811 110.5697 109.8405 113.5239 108.9545 108.4982 108.4707 107.1159 110.7032 113.6460 111.3807 107.4747 107.2283 106.8401 106.1271 106.6043 107.1084 105.1831 106.5941 104.9195 105.8625 105.8507 106.1446 105.7805 106.8976 107.1285 106.9841 107.5800
114.9200 115.0489 116.2362 112.7733 109.9375 110.4584 111.9140 114.1587 111.6901 110.4172 109.2433 115.8348 113.9492 113.6691 110.3112 111.5673 107.9959 108.2100 106.8565 107.8297 110.0719 109.4549 106.5095 107.5471 106.4789 107.2103 105.0694 106.5367 106.4241 104.5477 106.2908 105.7223 105.1659 106.4887 106.0752 106.1237 106.1258 107.0818 106.7146 107.0900
113.8200 109.7805 110.5625 116.7870 111.4312 109.2738 109.5305 109.4380 115.2002 109.7476 113.5737 110.4589 115.2335 110.7119 108.0385 109.0272 110.0394 108.5788 109.0066 107.9889 107.3236 106.4909 106.8892 106.8817 106.3655 106.7354 105.4381 105.9820 106.4076 105.5884 105.3852 105.1833 106.0366 104.7178 104.9324 105.9110 104.9598 106.6051 105.5348 105.2900
117.7500 113.0086 114.9587 114.9162 112.8609 109.3575 112.5040 111.1133 110.5651 108.5848 114.6465 114.0131 116.1914 115.0586 111.0883 114.6554 113.7863 108.3883 109.0895 107.6277 106.6980 106.3597 107.0274 105.0179 105.6910 106.7271 105.4425 105.8489 105.6145 105.0476 105.5086 105.5657 105.5843 103.9133 104.9321 106.3645 105.4761 106.2502 105.2157 104.5900
117.7500 112.8323 114.4341 114.2453 113.9890 110.9551 114.4850 113.6196 113.3072 110.1616 110.9426 110.2901 110.2025 115.6581 109.1627 112.3000 109.2960 108.3273 107.8758 112.5932 108.1274 106.0317 106.9633 105.9228 104.5195 105.8112 105.4883 104.3859 105.6012 105.3977 104.0319 103.6744 103.4672 103.7348 105.1636 104.8379 104.6690 104.3527 106.3813 104.6900
109.8500 111.9021 114.5898 114.7109 111.0436 113.7196 110.8355 112.0171 111.8422 109.8837 112.7693 108.5553 108.1891 109.8966 109.5332 111.3745 110.2193 106.4135 106.0946 108.1612 107.2297 105.0598 105.0885 105.6390 104.5914 105.3747 104.5575 103.8082 104.3203 104.5949 103.1190 102.8097 103.6863 104.3388 104.9786 103.5170 103.5500 103.9925 105.7589 105.7100
110.6400 112.1687 116.2882 115.8142 109.7607 109.9032 109.8171 111.5747 108.7170 109.2594 110.6064 109.1715 108.4669 107.4179 107.8484 108.0492 111.4505 106.1277 106.2667 105.3551 104.7884 105.9664 104.3419 105.2364 105.5553 104.3025 103.1044 103.1592 102.6873 102.1948 101.7815 101.6167 102.3246 102.1408 102.7902 102.7320 103.0973 104.8275 104.7594 105.4500
109.8400 111.0006 116.0047 113.2526 113.6015 111.6012 108.8185 108.8154 108.7693 109.2145 108.5976 108.3958 108.2621 108.3522 107.5505 106.3810 106.8622 106.9653 105.6126 105.4769 104.8307 105.6083 104.9721 106.0028 104.0628 102.6677 102.6181 101.9285 101.3093 101.3868 100.8142 101.0864 101.5157 102.0168 102.1218 102.3199 102.4213 103.0284 103.1482 102.9900
115.2600 113.2389 112.5732 113.4803 114.9449 110.2720 109.0736 108.8492 108.3619 109.0478 108.0353 108.7963 107.6922 107.4433 106.5369 107.8863 106.5945 106.6409 104.9647 105.0349 104.8690 105.4508 104.2654 103.3613 102.4509 102.1501 101.7274 101.2830 100.8478 100.3325 100.4915 100.4220 100.8116 101.0151 100.8720 101.4574 102.0540 102.1880 102.5215 102.8800
114.4400 110.4321 109.9587 109.8908 112.8775 109.9341 110.5206 108.8991 108.9455 108.5232 107.8201 108.1087 107.2941 106.9574 106.7586 106.2940 105.5084 106.3630 106.6865 105.9938 104.9195 103.8215 103.2378 102.7096 102.1570 101.8533 100.9261 100.3464 100.1247 99.7651 99.7646 99.2205 99.5352 99.7243 100.0913 100.6016 101.1565 101.3257 101.4111 102.0900
110.7900 110.5056 110.3107 109.0783 109.8969 109.6111 109.0890 107.9866 107.8645 107.9694 107.6942 108.3371 108.2256 107.8012 106.6736 107.1526 106.6098 106.6170 106.3016 106.0437 104.0227 105.3693 102.5538 102.1834 101.5319 101.0616 100.2213 99.9244 99.6873 98.8606 98.8220 98.4887 98.2033 98.6864 99.2678 99.8070 100.2696 101.0544 100.6582 101.6300
110.8800 110.5112 109.2004 108.9995 109.3718 109.4866 109.7000 108.3699 107.9514 107.6574 108.4886 107.9079 107.9379 108.1401 106.4823 107.2969 106.3709 105.0903 105.7240 105.1882 104.3405 102.7686 102.2987 101.6804 100.9313 100.0155 99.4187 98.8158 97.7253 97.1508 97.0794 95.7537 96.6889 97.4287 97.0993 98.1626 98.8208 100.0626 100.6109 100.8000
110.4200 109.7826 112.7572 111.6539 108.4483 108.0928 108.6647 108.8462 107.4286 107.4816 108.1461 107.4204 108.3193 107.3659 107.6863 107.3318 105.5530 105.5957 105.8756 104.1500 103.7810 102.4637 102.1311 101.4304 100.1319 99.4029 98.6342 98.0810 96.4861 94.9507 94.5351 92.2642 93.6147 94.6667 95.2065 96.1363 97.6994 98.8760 99.7281 100.0600
113.9500 111.6572 111.1638 115.9654 113.6363 110.4236 108.7416 108.4714 107.9148 108.5015 108.3161 107.6514 108.2058 108.0004 106.6033 106.8292 107.2712 105.2896 105.3376 104.0335 102.8976 102.2429 101.8057 100.8941 99.4516 98.2999 96.7266 96.3960 95.7011 92.1040 90.4438 88.8626 89.0082 93.3695 94.6615 94.3091 96.1844 98.7130 99.6903 100.1500
110.3300 115.0541 111.2094 112.8124 112.4463 111.8855 108.3553 111.1027 108.8497 109.0394 108.4958 108.5024 108.0719 107.7661 105.6997 107.0586 106.5073 104.7036 104.6927 103.4639 102.7914 102.2763 101.1765 100.0200 98.7485 97.9040 96.2767 95.2313 92.4151 88.6094 85.7240 85.3609 86.5276 88.4243 92.0139 93.8265 95.5376 96.5027 97.6350 100.1500
110.2800 111.4417 110.7717 108.3446 110.5376 111.9564 110.9364 108.4721 109.4341 108.8965 108.6703 108.3313 107.8613 106.9897 105.6732 106.4940 105.3618 104.3124 104.2402 103.3330 102.6045 101.8480 101.1606 99.7221 98.6829 97.4921 95.0874 93.9363 91.2961 84.6169 81.5633 75.3879 82.0532 86.1674 87.5804 90.4656 93.0113 94.6388 96.9002 97.3900
110.3400 109.3993 109.5441 109.2338 108.4685 109.1634 108.7860 107.6096 108.9383 108.9496 108.0520 108.0161 107.1161 106.8061 107.5438 107.2622 106.4376 105.7597 103.9425 103.2683 102.4638 101.6521 100.7264 99.2872 98.3850 97.1004 94.1406 91.9570 92.3067 85.4898 74.7796 69.2169 72.7672 78.5101 84.1800 89.1739 92.7621 94.8477 96.2433 98.0900
109.7500 110.0303 109.7919 108.2945 107.7968 111.0213 110.2554 109.3759 108.9436 108.9773 108.1336 107.5902 107.7090 106.5488 107.4716 105.4884 104.8439 106.7537 105.2205 103.0912 102.4812 101.7807 100.7925 99.8013 97.7090 97.5769 93.6210 91.2593 90.1814 81.5800 66.4518 62.4851 67.2386 76.3950 83.4339 88.7113 92.1178 95.0950 97.2981 98.6600
110.1600 110.1031 109.5369 110.0409 109.7927 108.6688 110.0024 110.0795 109.3514 108.2747 108.0122 107.7167 107.7314 106.4060 107.4102 105.5390 104.8581 105.6020 105.1019 103.0757 102.6149 101.8117 100.8199 99.8646 97.7543 97.6069 93.7910 91.4951 90.3656 83.1110 68.9661 65.1125 68.9804 77.6410 84.0556 88.9833 92.2701 95.2644 97.3721 98.6600
110.5000 109.8282 109.4198 108.8422 108.4279 109.4310 109.4979 109.1207 104.1644 108.3550 107.1273 107.1427 107.4347 106.3445 106.6304 107.2069 105.7271 105.6104 105.3907 103.1126 102.6899 102.0293 101.1265 100.2170 98.5898 96.6949 95.0158 92.3338 90.3976 88.5236 79.3427 75.6905 76.8592 83.7008 86.0507 90.1147 92.7597 95.4756 97.6364 98.5300
114.5600 110.7553 109.5881 108.8971 108.7746 110.6819 110.9936 108.9544 108.9522 109.0076 107.4734 107.7487 107.5679 106.6470 106.8785 106.7931 105.5767 105.2248 105.0372 103.5205 102.8607 102.1252 101.2341 100.1762 99.0428 97.2207 96.2528 92.8200 91.3908 88.8419 84.9745 81.6902 83.5199 88.3323 89.7518 91.1966 93.7308 95.7246 97.8437 98.2900
114.5600 112.0087 110.7330 111.8717 111.8260 115.3081 114.1141 110.7788 110.4268 109.0250 110.0091 108.3623 107.8938 107.5061 106.9994 106.8345 105.2256 105.4860 106.2708 103.5535 102.9866 102.3683 101.5011 100.4462 99.4742 98.3977 96.5923 94.5526 92.4113 91.3067 89.7461 88.6375 88.4416 89.6345 91.3160 92.8530 95.0915 96.5535 97.8731 99.3800
110.6400 112.9663 114.6530 115.8333 114.7899 113.8734 110.6217 113.5616 111.3556 109.6437 108.2761 107.9299 108.1296 107.1937 106.0509 106.3364 105.0120 105.8615 105.3009 103.4818 103.2719 102.6164 101.9319 101.1857 100.0849 99.0569 98.0572 96.7129 95.8347 94.0779 91.6681 92.3612 92.9895 92.5244 93.4665 95.6289 97.1726 97.9432 99.1268 99.4200
113.3700 113.4430 114.7987 114.9520 114.3427 114.7476 111.9333 110.7992 108.8428 108.9915 107.7257 110.5885 107.9830 107.8080 106.5292 106.7282 105.3201 106.4744 104.9777 104.6717 103.4835 102.8673 102.1238 101.4488 100.6446 99.8276 99.0123 98.0762 97.3798 96.6282 95.1147 96.1138 95.4331 95.5897 96.8479 97.0128 98.3488 99.2610 100.1152 101.0300
113.4400 113.5773 110.5722 114.1223 113.4947 113.9381 109.2342 109.0902 110.3048 108.0007 112.0637 111.5179 108.3026 108.5770 107.6779 107.8457 106.1667 105.3468 105.6252 105.2072 104.6977 103.0984 102.5517 101.9929 101.4596 100.7887 100.1090 99.3491 98.6790 98.2068 97.6032 97.3130 97.0467 97.0750 98.4680 98.4755 99.8671 100.1412 100.8750 101.0300
109.7500 112.1617 110.0662 114.3174 110.9634 113.0894 112.3042 110.6303 113.8167 112.7223 110.1313 109.2729 107.9709 107.5434 106.1939 106.6671 105.9912 106.1598 106.9125 105.4001 104.9622 103.6439 103.1374 102.6086 102.1764 101.5915 101.0071 100.3963 99.9520 99.7106 99.4052 99.2193 99.0872 99.4981 99.6824 100.1525 100.5187 100.9646 101.2608 101.3500
110.9500 108.7819 113.0709 113.7405 112.1279 114.8482 114.2916 114.6072 111.1775 110.0059 108.8521 108.3778 108.1475 111.4622 106.4588 107.7910 106.8198 106.7808 107.0001 106.1472 104.8627 103.8762 103.5528 103.1346 102.6338 102.1573 101.7032 101.1278 100.9367 100.7906 100.2873 100.4104 100.4864 100.7652 100.3911 101.1083 101.3488 101.7190 102.1466 102.7200
116.4300 116.4300 113.3600 115.7300 115.7300 114.5600 113.9500 109.5800 109.3000 109.3400 108.2500 108.2500 108.3400 108.3400 106.4500 106.4400 106.8800 106.8800 106.7700 106.1000 106.5200 106.1200 103.9000 103.5300 103.0700 102.7700 102.2000 101.8400 101.8400 101.3000 101.3000 100.6400 101.1100 101.4600 101.0100 101.7100 102.0000 102.5300 104.5000 104.5000
