110.3300 110.3300 112.9700 110.6200 112.5100 114.1400 110.5200 112.9000 111.7500 111.5100 109.3500 110.4400 110.4700 110.2700 110.6600 109.1500 109.4700 111.9400 115.5800 114.1300 114.3400 112.8000 111.3800 114.5000 110.3200 110.0400 114.9400 114.9400 114.6600 114.6500 114.7100 115.2000 114.8700 115.0700 115.0000 115.0700 110.8900 116.3300 115.0200 115.0200
110.1600 110.1912 111.3293 110.7537 109.8892 112.1734 110.9568 111.1282 111.1887 112.6724 109.4560 110.8706 110.2143 110.3999 109.7560 108.4958 109.7743 111.6113 112.6040 112.6920 114.5038 114.0611 111.1294 111.2210 110.3320 109.8463 112.6786 111.6566 113.6191 113.0760 113.5857 113.4320 114.9385 115.2086 115.3872 114.6388 110.0635 116.5217 114.2049 114.9700
112.6800 110.9777 110.1861 109.9453 109.9241 113.7571 110.7918 110.9845 110.6496 111.0074 116.4219 113.9674 110.3804 108.6928 112.6060 110.9294 108.7522 109.4462 112.2318 114.5806 115.0363 112.9295 108.7113 110.9382 109.4442 113.8153 111.9695 115.7025 111.8308 112.7418 111.4514 113.8882 115.3541 115.2110 115.5027 114.7064 109.9108 113.9670 112.6522 116.4100
110.0800 110.4309 120.3874 113.9260 111.1260 110.7508 109.7819 110.3354 109.7839 111.1906 110.0914 110.7975 111.3887 110.6993 110.5165 112.0355 111.1580 108.8677 111.6755 111.4902 113.0102 111.4387 113.5067 111.6610 111.8264 112.9064 111.5200 114.3612 113.8999 110.2359 110.2610 112.3027 110.8037 111.0285 115.2936 114.9115 109.7829 110.0410 113.1247 114.5500
110.0800 110.5806 118.4693 113.1125 111.8170 113.5557 110.0834 110.7168 110.6614 109.4620 111.2580 109.3585 110.6817 111.2290 109.6819 111.8887 112.0769 109.5068 109.8088 108.5756 112.2183 111.7497 112.4104 114.8490 113.9583 110.9946 110.6189 112.7267 115.7339 109.8912 110.6007 110.2898 110.5721 111.5309 115.0958 112.8163 109.6658 110.0893 111.4459 114.6900
114.4300 112.3415 111.7721 115.0678 111.5469 111.1300 110.2698 111.3342 112.5962 109.5806 113.4385 114.4510 109.4713 109.4852 109.7410 108.9725 109.2015 108.4375 108.7514 108.3461 111.0540 108.5595 114.3774 114.7163 114.3677 114.2157 113.2024 111.8935 113.5041 109.8270 110.3767 110.3369 110.3531 110.3738 112.5880 109.8915 110.0415 110.1258 112.3776 114.5400
112.6000 110.4537 111.6150 111.6378 111.8869 112.5714 109.8925 112.1395 112.1478 113.4208 110.5341 117.7616 114.2875 109.1471 108.9751 109.6556 110.8859 109.1672 109.1451 108.6091 110.4965 110.0023 114.1757 114.4981 111.3289 111.0431 108.9603 109.9917 113.1706 109.7935 110.2365 110.1659 110.1355 110.1363 109.9445 110.0602 110.1490 110.0438 111.4038 110.0300
111.1200 110.1127 111.3162 111.0734 108.9208 110.0343 109.0839 109.5028 111.0310 111.1103 110.4214 114.8438 112.0747 111.3011 109.8214 108.6568 108.7421 108.8680 109.5001 109.6387 108.6753 109.1240 114.8335 110.5307 112.4937 107.2709 109.1844 108.4324 110.3574 109.8611 110.0326 109.9762 109.9409 109.7502 109.5255 109.7424 109.8429 109.8334 109.7339 109.8400
111.1200 113.0105 111.5072 111.4572 111.4092 110.2318 111.4541 110.2689 111.1810 110.0997 111.8223 111.0272 110.3857 111.1248 110.4427 109.9714 109.4405 108.3070 108.3453 109.8052 109.8387 108.2058 111.8829 109.4605 110.8582 108.7560 109.7115 110.2049 109.3297 109.9539 109.8119 109.8275 109.7097 109.6378 109.2025 109.5711 109.7196 109.7166 109.7161 109.7300
118.6500 117.7744 114.5103 109.8415 109.8211 111.9887 109.8773 111.0401 111.7840 111.5391 110.0183 113.0762 109.4321 113.2606 110.1392 108.6691 109.7188 109.5965 109.1143 111.0416 108.3243 108.7919 109.9699 112.6484 109.3330 109.3885 109.4770 110.2057 109.3507 109.7418 109.5212 109.7210 109.6231 109.1188 109.4574 109.1010 108.7178 109.4182 109.4606 108.8400
112.3500 115.6929 115.8377 109.9494 110.4592 109.9268 110.0684 111.3052 113.7941 112.0832 110.0929 112.8031 109.8623 111.4916 109.7777 108.4990 109.3377 114.6035 110.6946 110.1394 111.5315 108.5562 109.9898 110.6221 108.8573 109.4871 109.0174 109.7613 109.1465 109.5907 109.4706 109.1659 108.6400 108.6225 109.0778 108.9789 108.2783 108.7284 109.3539 109.2900
110.6400 112.5006 109.6024 112.7322 111.3732 109.3301 109.9149 109.8577 113.6051 116.5682 110.8148 109.7900 111.2649 112.3110 110.0980 108.6310 108.7187 113.8266 112.6215 111.6631 111.9182 107.9684 112.1043 109.0649 109.3330 109.1814 109.4285 109.1602 109.0455 109.3460 109.3308 108.5626 107.7531 108.3787 108.8691 108.8138 108.0474 108.8228 109.1058 109.1500
109.4800 110.4194 110.7111 111.9834 112.7242 112.0736 108.9349 111.6803 116.4388 115.5079 113.2842 112.1347 112.4126 109.6769 109.0997 109.1169 109.6663 113.2310 113.6863 109.7490 110.8269 109.3263 113.9906 110.2920 109.4022 109.1730 109.3957 108.9914 108.1145 108.7435 108.9957 108.5535 108.5649 108.1408 107.6724 108.0694 107.6345 108.6085 108.4194 108.4800
109.3300 110.4989 110.5034 111.6342 111.7219 109.2551 112.0920 113.1570 114.7277 117.9606 116.3652 114.6782 111.6713 110.2660 109.1932 109.5544 111.7272 111.5019 115.9867 110.4648 109.4411 110.3042 114.0994 110.5968 109.3753 109.4841 109.2199 109.1591 109.0049 108.2311 107.5632 108.1462 107.6828 107.5906 108.0107 107.6807 107.9255 107.7186 108.2592 108.3700
113.2300 113.8858 109.7521 109.0783 108.8763 109.8984 109.6759 110.8667 111.4076 117.2308 115.6558 115.5923 113.6720 108.9502 108.1725 110.2039 110.0779 110.5612 109.5243 107.3288 109.4834 112.0642 111.4764 114.3906 111.3505 109.2616 108.7730 108.6353 108.9934 108.1367 107.1306 107.8573 107.3243 108.2972 107.1732 107.6783 107.9479 107.8278 107.7692 108.2100
111.3600 113.4588 111.0268 109.9158 109.1741 110.1116 110.3439 109.0544 112.2290 110.3110 112.6124 113.5240 113.2702 110.2023 110.1054 110.3818 109.9177 110.1866 109.2116 111.1995 109.5042 108.8685 109.0382 108.2029 107.5485 108.2469 108.1770 107.6380 108.3246 108.7892 107.2121 107.0174 107.0362 108.6603 107.6727 107.0037 106.8230 107.1760 107.7766 108.3000
111.3600 111.5414 110.4918 110.6319 109.5123 110.6910 110.0354 109.8623 113.9455 111.7658 111.1965 109.1537 110.1290 109.6221 113.2390 109.5681 110.9793 109.8727 110.1222 112.7441 108.5278 108.7187 110.1131 110.0078 107.1119 108.2643 107.7474 107.1783 107.1196 108.1084 107.5700 106.7920 106.6561 106.1567 106.9196 108.0632 107.5601 107.3736 107.7950 107.9700
110.9300 110.8707 111.0738 110.6813 110.4620 108.7091 109.5829 108.6181 110.4667 109.8520 112.4034 111.3312 109.4543 110.8266 110.5634 109.2134 109.4878 109.7775 109.3627 109.9554 108.6299 113.2063 108.8776 108.7522 110.0422 108.8083 107.6740 108.0663 108.1876 107.4176 107.3575 106.2573 105.9761 107.8610 107.2416 106.7628 106.2676 107.8602 107.6622 107.1700
115.2300 113.1888 112.5463 110.1392 110.9687 110.7591 108.5633 111.3465 110.4551 114.8220 113.4044 110.5023 109.9617 109.4987 107.0977 108.6853 108.6188 109.3338 109.0363 109.4346 108.4534 112.7340 109.9728 107.4528 110.1647 107.6125 106.4833 107.0698 107.8555 107.6480 107.5318 106.5450 106.2181 107.7811 106.3355 105.9788 106.6179 107.0742 106.2032 106.2500
114.1600 112.1633 111.4850 112.8044 109.8232 109.5803 110.9866 109.3310 108.9239 111.4892 112.9458 110.9880 113.9391 108.7932 114.5465 112.3229 109.1348 109.2134 108.5628 108.9902 108.5986 107.7747 109.3140 109.0886 107.6264 107.7228 107.0185 107.4745 106.4338 106.5043 106.4096 107.2462 106.3457 107.1311 105.8490 107.2430 105.3863 106.0939 105.9194 106.3800
109.7700 110.2883 110.3299 108.6316 108.5264 108.7717 110.7075 112.8260 107.9823 110.2156 109.4458 113.1558 110.2663 107.3749 110.7804 112.1522 109.4042 108.8389 109.0866 108.6592 108.1292 108.6504 108.3531 112.9902 106.7871 108.0093 106.3576 107.3531 107.4114 106.5402 105.7918 107.0639 105.5026 106.2075 105.2395 107.2516 107.2786 106.7688 106.1814 106.6700
112.7100 111.4051 111.8874 109.5800 109.4725 109.0959 109.0332 111.4436 108.9643 108.4359 109.8697 112.7827 106.9727 112.4706 111.1876 109.4387 109.0872 109.0489 109.0444 108.7732 108.5679 108.5329 107.9997 107.7072 107.3465 107.1505 106.1758 105.5950 107.3346 106.3243 106.7530 105.7670 105.5782 105.5786 105.6246 106.1773 106.4986 104.6685 106.3520 106.3300
111.7000 111.3375 111.8911 108.4712 109.0096 112.6295 108.9730 111.5406 108.6663 108.2735 109.1272 114.9860 111.7207 109.0121 113.7186 110.5350 108.8179 109.1602 108.9377 108.7870 108.3500 107.7245 107.2962 107.0018 107.1711 107.0858 106.1168 106.6925 106.3489 105.6265 105.9677 105.5620 105.8555 104.1855 105.8302 105.9634 104.4965 104.6068 105.1180 104.9500
110.1800 110.5642 111.5566 109.4423 109.1434 110.5567 110.1772 109.2038 107.8092 107.8951 110.7845 113.4251 116.0404 114.7554 113.7597 114.2267 106.6274 110.0840 108.6250 108.5314 107.7151 107.1998 107.3167 106.8333 106.9611 107.2011 106.0937 105.6106 105.5601 105.2244 104.1896 105.2630 105.0861 104.5139 105.4603 105.2851 104.5661 104.0108 105.0784 105.6500
110.9000 109.3173 111.4399 109.3540 110.2392 110.3223 112.5592 109.1897 108.4457 108.5230 109.9754 116.1930 115.2350 114.5082 114.4816 108.3480 107.1150 110.9878 109.2228 108.3787 108.0314 107.6742 107.1492 106.6882 107.3203 106.9118 106.6886 105.9583 106.3883 104.6912 104.9810 105.3821 103.3241 103.4387 103.9785 103.1584 103.6847 102.6710 102.6769 103.0400
109.5600 110.5552 111.4348 111.7152 110.9661 110.3321 111.1114 108.2531 109.3160 109.6672 113.6660 114.5575 115.0729 113.9442 114.8016 114.9908 109.0565 105.9826 113.3299 108.3763 106.6905 106.9316 105.8404 107.0808 106.5467 105.5828 105.3921 106.5310 105.2256 103.4461 103.0611 102.9795 102.6541 102.6069 102.2131 101.8122 102.1710 102.3494 102.3292 102.5500
110.2700 114.8160 112.5155 111.1714 115.3957 109.0135 109.0674 108.0012 112.6810 114.8992 114.3253 112.5370 112.2496 109.1540 113.6579 111.9101 108.8328 109.6631 106.7238 106.9042 106.7980 106.8790 106.5875 106.8076 106.9964 106.0973 104.5725 103.9683 103.5891 103.0084 102.5511 101.9833 102.2548 101.7763 101.3493 101.3423 101.3156 100.7201 100.6846 100.9100
114.5100 114.3773 112.8129 114.7032 116.6191 109.4474 111.0521 107.3905 114.3933 114.5393 115.3268 112.0458 110.7780 112.6342 113.8607 108.9756 108.4702 109.3646 107.5770 105.1848 105.4993 105.4911 106.3608 107.0762 106.8303 104.6109 103.8698 104.8207 103.0031 102.4282 102.0533 101.6193 101.2838 100.8451 100.1449 99.5392 99.3455 99.1984 99.4601 99.9100
114.5300 114.7372 115.6900 111.4271 117.5475 108.9970 111.6828 110.0240 112.4209 113.4959 112.1554 110.3180 112.7082 113.7043 109.7154 110.6226 108.4111 107.0487 106.8910 105.9417 107.4656 106.4181 105.3093 105.4784 105.0562 104.7166 103.2125 103.1965 102.7993 102.1873 101.2308 100.6496 100.1016 99.2427 98.9401 98.7491 98.5695 98.1733 99.0419 98.7100
119.9500 116.7850 113.4236 114.7782 113.1692 109.2366 108.8415 107.7271 110.3127 115.4662 112.6821 114.1591 110.9702 111.9049 108.6287 107.2649 107.5045 106.8828 106.9622 106.6280 106.3281 107.2554 106.7295 106.0391 104.3127 103.7835 103.0130 102.5822 102.1860 101.2400 100.4106 99.9928 99.2486 98.1405 97.6782 96.9500 97.0340 96.9630 97.6484 96.9600
117.3200 117.4345 117.1036 118.0265 112.9562 108.7306 110.0089 109.1770 115.0364 108.7997 111.0423 114.1944 111.6460 111.2387 110.2931 110.7999 107.7639 106.5100 107.1252 106.2912 107.0671 106.6354 106.1894 104.6807 106.0991 104.1374 102.7431 102.2037 101.7681 100.9782 99.7030 99.0187 98.3025 96.9737 95.6483 94.5746 94.6590 95.0101 95.3951 96.6700
110.3700 111.4176 114.8430 112.7979 113.1928 111.5651 110.6882 116.3677 111.4195 110.0807 111.8895 110.7892 111.7062 114.1911 113.0151 113.4079 112.1617 112.1000 106.4217 105.9807 107.3124 105.4337 106.3510 106.0770 104.0338 102.9580 102.5438 101.5023 100.9227 100.4531 99.0260 97.7688 97.0568 94.9876 92.5567 91.5852 91.4698 91.2284 92.1944 94.3900
109.6500 110.6901 109.0256 110.7733 110.6291 112.7816 117.2643 116.1542 115.1642 117.2627 114.0215 111.9817 114.0689 108.5847 110.9332 108.6981 107.2637 106.9737 106.3814 106.6915 105.8306 106.6477 106.5633 104.6947 103.3261 102.8593 101.9546 101.1746 100.3077 99.3046 98.3060 96.8325 94.4603 92.3707 89.5169 89.2331 87.7055 87.5319 89.4816 91.6900
111.7200 112.8718 111.1178 112.1723 113.6146 113.7907 113.9970 116.1395 113.0930 113.9461 112.6374 112.3040 115.5051 112.8541 107.4524 109.2023 107.8964 106.7445 106.9694 107.1751 107.2796 108.6399 106.3382 105.7276 103.3041 102.6199 101.8068 101.0947 100.2065 98.7774 97.8216 96.0142 92.7312 89.1627 86.2693 84.3222 83.1642 83.4249 85.7865 87.4800
110.5300 115.4242 113.5765 112.4497 112.1250 117.0459 114.0978 116.2732 114.6928 112.7349 108.5032 108.3834 112.5396 112.2604 106.2435 106.3430 107.4338 105.8360 105.9939 106.6378 107.0223 109.3305 105.5323 104.3824 102.8458 102.3830 101.6295 100.7070 99.8657 98.5106 95.7300 94.4088 90.5625 87.3019 83.2706 77.2803 73.8161 76.7998 82.5677 87.4800
117.6000 114.7988 115.6712 113.6827 114.0610 116.7113 114.1431 114.3866 112.8532 112.1922 109.5879 108.3596 115.1502 109.7025 111.3118 112.5158 109.4273 106.9596 106.1284 106.4167 105.1990 106.8259 105.3255 108.3442 102.7773 102.4624 101.5771 100.5957 99.7259 98.4076 96.5702 93.5015 90.5880 86.0992 79.7960 70.6847 65.9439 67.8564 79.3037 82.3700
113.2400 113.5098 112.9498 114.9264 117.0573 116.1714 113.3249 112.5339 113.1191 113.1712 111.9648 110.9988 109.6283 106.5917 110.1864 110.6331 110.6314 106.4387 105.5507 105.1930 108.0225 110.9804 107.0456 105.4578 103.1572 102.4508 101.5944 100.6477 99.6056 98.3745 96.6034 93.1732 90.8141 85.5373 79.3252 68.5822 61.9755 64.6349 77.5642 82.1700
119.8200 111.3453 110.5769 116.1169 115.8219 114.2432 111.9111 112.8999 112.4207 113.8482 112.9595 111.0010 111.2763 110.7570 112.0630 111.1639 113.3162 110.1254 107.0542 107.4049 109.0375 106.7753 106.1725 103.7749 103.2279 102.4829 101.6194 100.4940 99.6444 98.6341 96.7744 93.8949 92.7569 85.7905 80.7669 67.9017 62.9384 67.4801 77.9580 81.3400
109.6800 115.0501 108.7157 114.4383 113.2301 112.9455 112.9995 113.0124 109.9226 112.4410 110.7945 109.4559 111.7770 109.0723 111.7246 110.8174 106.8231 109.8594 106.1236 106.8623 107.0291 106.0936 106.0856 103.9291 103.2027 102.5873 101.6507 100.9267 100.0494 98.6530 96.6339 95.2899 91.8498 86.7755 84.7618 77.6094 76.4023 76.3574 81.6828 82.5300
109.6800 114.2100 108.4300 114.1000 112.2800 113.6000 114.2000 112.5800 109.9100 111.4900 111.4900 110.7700 111.1400 108.7900 113.4900 113.4900 108.5100 109.8000 105.9600 109.4300 107.7800 104.8400 105.7100 103.8300 103.3400 102.5500 101.9000 101.4200 100.2200 99.1400 97.5500 96.3200 93.2800 91.5200 85.8400 81.1100 81.2100 80.2800 85.1100 86.7500
