109.3300 108.8100 108.2300 113.8300 109.5500 115.6000 114.0300 122.4400 119.9800 121.8400 120.4400 117.5600 120.7400 120.5100 120.2700 119.7700 114.2400 110.3800 111.7500 109.8200 106.6100 105.2000 104.1200 103.2400 103.9900 108.9300 111.2600 114.2700 113.8000 102.3900 99.0300 100.8400 100.4900 99.8800 99.8800 99.1300 98.2600 98.0800 98.0500 99.3400
109.4700 109.2119 110.4509 108.7272 114.9285 114.6037 120.0545 121.0226 116.6087 118.1655 120.7481 120.9453 120.8227 120.4048 120.0356 119.7285 118.2412 110.8550 111.9158 108.3904 106.2542 104.3888 102.5346 103.1034 106.9361 114.8864 113.5394 113.6015 106.3449 100.7512 99.4577 100.9147 99.8271 99.1982 98.5018 97.9660 97.8414 97.3819 97.5176 98.0700
113.8400 109.7903 113.5144 112.1045 110.1249 120.5434 121.1846 118.6076 114.0758 115.1694 116.6128 121.4718 120.6786 120.4017 119.4075 119.5720 117.0255 109.4730 108.6361 107.6928 105.5461 103.6620 102.4928 103.8458 105.9820 110.8531 114.6895 109.1327 101.6401 99.9013 100.6123 99.7806 98.9389 97.9768 97.0371 96.1764 95.6513 95.3446 95.5598 96.2700
109.8100 113.6455 123.7462 115.8428 112.1959 113.4937 114.6894 121.3094 121.8754 122.0368 121.5402 121.0767 120.6712 118.9699 111.0160 116.3911 115.6908 112.2573 109.3961 106.9485 104.9397 103.0982 102.8286 104.5391 107.6284 113.1954 113.5510 104.8699 99.1966 101.1586 99.9677 99.0090 97.8619 96.5795 95.2104 93.8849 92.8672 92.4629 92.8596 94.0300
112.0300 118.2176 116.3640 113.8538 112.6029 115.9953 117.7542 120.8719 121.7158 120.5502 121.3730 121.0138 120.7326 119.0382 120.1856 114.6566 114.5603 111.3398 108.7398 106.4787 104.4556 102.7796 103.2656 105.1938 109.4570 114.1246 111.1333 101.9267 99.2612 100.7767 99.4019 98.1853 96.7266 94.9858 92.9791 90.8522 89.1343 88.4260 89.0856 90.9400
123.9700 109.4876 118.9602 115.7083 112.0045 117.1212 118.6481 114.7068 121.3181 121.6446 121.0186 118.9679 120.7316 116.8956 114.7723 112.5944 114.5982 110.9452 108.3865 106.1437 104.0034 102.5996 103.4355 105.7783 111.3352 114.1206 108.0242 100.4131 100.0924 100.1035 98.8857 97.4119 95.5983 93.2745 90.3777 87.1498 84.3929 83.1350 84.3855 86.8100
118.8500 111.2052 120.6225 114.7829 111.3566 118.4402 119.0160 119.8013 117.2020 117.6462 115.9253 116.7740 117.3966 116.0197 110.7632 113.1002 113.2388 111.2400 108.5412 105.4321 104.6872 103.5242 105.2054 106.2125 112.7621 113.4836 105.7240 99.8644 100.4924 99.7052 98.4408 96.7797 94.6160 91.6800 87.8379 83.4684 77.8221 74.8751 77.6749 80.3300
111.6500 107.8414 120.1570 119.0532 116.8192 120.1090 118.4527 118.3770 116.2366 115.8166 114.1568 117.9411 116.3573 107.5275 112.8142 116.9597 111.8403 110.9001 108.2585 104.3308 103.7465 109.8314 106.9671 106.3607 113.7104 112.8714 104.6323 99.6943 100.5903 99.5241 98.1599 96.3721 93.9503 90.5543 85.9343 80.0774 71.0855 68.5516 71.2149 80.3300
112.7100 110.6165 118.6049 119.4744 116.5978 118.2559 120.2963 118.7219 118.3923 116.9962 111.9058 117.6333 115.5710 108.4175 106.8539 115.7171 113.0962 110.8373 107.7193 104.6049 103.0433 106.5632 106.6811 107.8234 113.8654 112.6852 104.3566 99.6808 100.6182 99.4882 98.0909 96.2633 93.7708 90.2565 85.4231 78.9834 68.8702 65.9555 69.0101 79.5900
118.7800 117.1144 119.5565 120.0008 116.3002 117.5939 116.6195 116.0712 116.6481 117.5740 115.5300 119.4948 119.7134 110.4093 115.7977 118.5212 116.8999 108.6254 108.1602 105.4753 103.5781 103.6392 106.6994 108.8462 113.3557 113.1078 104.8526 99.6325 100.6009 99.5624 98.2329 96.4779 94.1287 90.8740 86.4987 81.0277 73.0225 69.9546 72.8191 80.1400
111.1500 111.8984 115.4372 118.9446 112.8426 121.0189 112.9641 121.8326 113.7037 121.3977 107.0827 121.1652 113.1661 120.1067 108.7382 110.4724 110.4845 106.8001 106.6786 107.6349 103.5933 102.8394 110.9025 105.6024 112.7231 111.2403 106.3618 99.8288 100.5059 99.8215 98.5759 96.9881 94.9289 92.2041 88.6812 84.8072 80.5904 78.1090 80.3115 81.5100
110.3800 112.9517 122.3443 120.5211 115.8193 114.5032 117.2875 118.0297 111.0528 119.1544 117.0152 111.8797 112.5584 120.2406 108.8120 112.4947 108.7490 106.0780 107.1027 106.5669 105.1740 108.8538 105.8381 109.5694 110.4469 111.2991 103.1210 100.8965 99.9466 100.2724 99.0522 97.6807 95.9942 93.8852 91.2796 88.5522 86.1662 85.1834 86.1787 86.7100
111.6500 113.3249 113.8192 118.4301 111.6988 115.1811 111.5203 115.4141 117.1320 116.5765 118.7432 119.4819 108.6826 112.1069 113.1030 112.1451 109.5348 106.7256 108.3314 113.1633 110.3975 113.6166 113.9017 105.8343 109.2512 110.4131 102.3349 106.4607 101.9711 100.6530 99.9194 98.4691 97.1399 95.5579 93.7867 92.0021 90.5818 90.0211 90.5690 90.9200
112.5900 113.9685 114.9278 118.5248 119.5947 115.4339 111.5333 115.5333 118.8055 115.9894 115.6186 115.6707 116.2486 109.9328 112.6364 107.8164 109.4166 107.0976 107.8187 111.5456 104.6885 109.9152 111.4361 112.3092 107.5782 105.5911 103.7673 103.2141 106.0434 101.1434 100.5373 99.2453 98.2391 97.1084 95.9306 94.7341 93.9073 93.4974 94.1596 93.8100
108.9900 118.8526 115.2116 113.1740 121.3981 111.2979 109.3302 114.4527 112.7317 109.6278 106.8210 109.9163 113.4331 111.0477 113.4576 106.4453 107.9959 106.4832 110.0282 106.1904 105.6779 106.5533 104.1805 107.7209 106.6310 111.5414 105.9326 113.1837 102.1207 106.9037 100.0511 100.1243 99.2774 98.4316 97.8287 96.9536 96.9342 96.6754 96.7534 96.0800
121.3000 118.5718 114.1322 111.8951 115.2412 114.7174 112.8766 115.6481 113.4777 113.3179 112.1298 110.0953 111.0919 109.6893 107.7689 102.4844 110.2844 105.9731 107.7268 106.9120 106.3929 105.9532 106.5394 106.7951 111.5539 111.8487 109.0492 110.0788 104.3136 107.6104 103.0541 100.6992 99.9764 99.5319 98.9556 98.4530 98.2223 98.2304 98.4243 98.0100
116.6900 115.7823 116.6042 111.3434 112.4295 110.1129 112.1192 110.8063 115.7677 113.3298 109.3597 114.8397 113.6996 109.7559 107.3148 108.3082 108.4984 107.4455 112.1547 105.8417 105.6652 108.7872 106.0920 108.6697 110.4246 112.9757 106.6507 106.2250 106.2727 112.3640 104.7570 101.1409 100.3576 100.5151 100.1038 100.0725 99.5261 99.4240 99.5527 99.4300
110.1500 113.9638 107.3610 112.5376 112.1326 110.2151 109.4944 108.3843 113.2645 112.8600 111.9506 111.9971 116.0573 107.3125 108.9884 111.3026 114.6143 108.4240 113.3774 110.3675 106.5235 108.4663 105.7837 106.9756 105.9902 110.2943 105.7102 104.7547 104.2083 106.5290 101.2834 101.0942 101.9616 104.1390 101.5780 100.9203 100.8480 100.6147 100.6940 100.4700
114.5800 114.3633 112.3243 112.3671 110.5295 108.7695 112.6935 111.4329 113.6783 114.8294 113.4715 109.9348 112.4697 108.1126 113.4901 110.9727 116.7368 112.7419 107.9390 109.2941 107.9024 106.2660 107.2604 104.4914 105.8001 106.5089 106.8274 105.9104 105.1390 104.3833 103.2297 103.9966 102.2423 105.4093 104.5873 103.2218 102.0215 103.2739 101.9798 101.6000
114.2200 113.7720 113.5405 111.7051 110.7228 111.7392 115.5351 115.5213 113.6214 112.8845 112.0768 107.8742 106.6058 111.2281 114.0654 116.0241 113.6203 115.4861 110.9838 106.5754 107.4175 110.3017 107.3864 104.3948 108.8275 108.1541 103.3125 108.4095 106.4606 105.7755 107.3714 107.0452 105.9928 103.6868 105.5451 104.6405 106.8345 106.4204 103.1472 104.7700
116.3400 116.2659 112.7294 112.5898 118.8869 112.7026 112.1556 109.5421 112.4492 110.8035 109.9169 111.9152 115.6619 111.2160 112.7549 112.2202 116.6700 103.5891 114.9029 106.7233 108.0897 112.7903 113.3362 113.2652 107.4325 110.7897 106.8802 110.7168 104.0446 106.2600 111.7062 109.8881 103.7005 99.7923 104.3205 101.3360 101.8557 102.0789 105.3833 99.4700
116.5200 115.3746 111.0154 110.9695 115.5332 114.6469 111.1629 115.2727 113.6211 110.9913 109.2238 115.5354 114.2897 107.6645 113.3062 113.3057 111.9642 109.7649 114.3221 108.6684 113.1002 107.4614 110.7933 107.1358 112.5247 106.6218 113.8606 109.3650 105.3335 110.3464 115.2434 105.7625 103.0927 102.9729 102.6412 100.4504 103.1972 100.7880 104.4046 100.5900
114.3400 115.5151 114.8679 113.4870 109.4682 111.7582 108.4398 113.1330 112.3128 111.4150 108.8759 111.1472 107.1936 112.3037 111.8105 111.8887 115.4557 115.3898 117.7397 114.8628 113.6528 111.7436 110.1048 113.0415 109.8326 107.9985 110.4550 112.5352 108.9703 110.5227 106.9902 103.4163 101.5249 106.4215 102.0697 102.4286 104.6771 104.3707 106.1260 106.0700
115.1000 116.2272 114.8706 111.4780 109.5843 111.7397 110.4180 114.9131 113.2892 113.9515 107.8928 112.1233 112.6105 110.6346 108.8133 112.7155 109.8703 114.4857 113.9347 116.3958 112.5495 110.6387 112.3853 112.5525 109.4460 108.8157 110.3116 107.4667 107.6593 105.3160 104.5491 106.2158 103.7237 104.9556 103.9991 103.0366 103.7072 102.8279 106.3444 106.2300
115.3700 111.8165 112.5647 111.1957 108.5585 111.4298 112.3862 118.3273 112.5024 108.3306 109.1220 108.2745 112.3862 110.2167 112.1318 115.2124 111.0033 113.1150 104.0589 112.9817 110.8831 110.0226 109.6823 106.0959 109.4658 109.7164 111.1956 111.9728 111.2142 108.0126 105.3090 105.7302 105.0771 105.1155 104.6740 103.5159 104.8595 103.1671 106.4430 105.6900
115.3700 109.7522 113.6741 113.5810 110.7468 110.3808 109.0776 113.2024 109.3040 109.6581 110.3105 111.7631 108.0112 108.0943 110.8162 114.8471 111.9796 109.5027 106.2780 114.9252 116.2589 113.2967 102.4880 107.4927 111.2551 109.6137 106.7311 107.0677 108.4119 108.3698 106.1082 106.3618 105.1398 107.8072 105.9401 107.7145 105.9119 105.3334 105.8378 105.8400
116.0100 115.9735 114.6836 111.9958 114.2251 109.9466 112.0336 111.9913 107.6997 110.0435 108.6234 112.0060 109.3417 110.2281 116.4151 113.6145 109.9221 110.5498 111.4684 114.3471 113.1123 108.7542 110.8395 107.4103 112.5321 112.8145 111.1242 108.1657 108.3803 107.1636 107.1674 107.2143 106.5630 112.2380 107.0523 106.9979 106.5672 106.1350 106.0052 105.6700
116.4900 114.3238 115.1174 115.8516 121.8157 109.6073 111.1516 111.2540 109.7415 109.9972 110.4665 109.3208 110.4511 111.5939 111.4815 112.7246 110.7605 108.1375 111.6311 113.3605 112.8906 109.0244 117.7012 109.8484 115.4178 110.2692 109.9933 108.0910 108.8303 108.4336 107.6070 106.6412 108.2735 105.8287 107.6379 107.5446 106.2634 106.7679 105.6092 106.9100
117.0900 117.7557 117.9257 110.2954 115.4365 109.2639 111.8916 108.9373 112.4488 109.8248 110.9062 110.5635 113.6361 111.4823 108.8432 109.6573 108.2554 105.7393 109.0325 108.1617 111.2917 114.2641 112.5712 113.0652 114.1120 102.9455 106.5687 107.7529 109.7447 108.8475 107.2251 108.4261 109.4265 108.5339 107.6320 107.8397 107.6045 107.8492 107.9536 107.0800
117.6700 119.6960 113.2955 115.0771 120.1002 111.0816 114.5706 109.7266 114.9470 113.4575 113.4166 111.9838 113.8675 114.7573 112.9340 109.9097 108.9730 109.2502 108.4480 111.8328 116.9209 113.9157 111.9292 115.2650 107.9755 102.3345 109.5260 105.8029 104.3581 108.2115 108.8262 108.8499 111.6004 107.7208 107.9071 107.1607 108.4896 109.3266 108.1683 107.8400
120.8600 119.5225 117.9689 116.1962 115.4236 114.9735 110.8569 108.8581 109.7038 112.9380 113.6886 113.0741 110.2211 112.7154 114.0901 112.0176 113.0665 108.1315 108.6390 115.0554 115.0175 106.5324 114.1514 106.5310 109.7024 105.1150 111.2125 110.5692 103.8996 102.3741 107.6697 104.5763 106.6274 107.9123 107.7977 107.5274 107.7031 107.6232 110.5210 110.6900
119.7400 119.3689 117.6333 120.9466 117.8498 112.6817 109.9310 109.3652 115.9710 109.7106 112.4700 111.1781 110.2454 114.8342 116.9716 111.7439 111.0971 108.5627 111.3335 116.1884 115.2154 110.5597 112.6184 107.0130 115.2989 115.0457 114.0830 103.9131 104.2907 103.5798 108.1174 105.4721 106.0500 108.5289 107.9226 107.8432 108.1625 108.7314 108.3155 110.6900
119.1300 119.2582 120.1276 117.6057 118.1616 117.8960 117.7604 113.4468 118.9841 113.0687 113.4731 112.3633 110.5176 119.3658 116.3765 108.1909 111.5507 113.0608 110.7072 114.1943 113.9090 110.4159 110.3627 113.2346 112.3172 109.8494 110.2495 107.7202 104.4186 105.4704 106.1673 109.6267 104.4652 107.1499 107.8648 108.3394 108.0546 108.1905 111.0717 113.9300
120.3100 121.1723 118.1260 117.8049 118.4687 118.6759 115.2337 114.7321 113.7763 113.5385 112.7483 112.1643 112.6817 117.3279 110.9055 109.4537 108.2897 113.7035 110.9989 113.6356 112.2982 112.9500 109.8582 112.0637 108.4482 105.9169 110.2448 109.3050 108.7781 107.2569 107.7999 110.7089 108.7570 104.8656 108.2125 108.8117 108.4444 108.2195 111.0281 113.0600
120.3100 119.7991 120.5426 120.2343 119.7145 119.0085 116.5258 115.1091 114.8593 113.6887 111.8682 112.6304 112.0689 110.4185 113.3080 110.5747 112.6231 112.8750 111.8325 108.9285 107.4066 110.3751 110.4402 108.6678 106.7712 106.5108 108.0503 106.5624 106.7222 107.4883 109.1539 109.8831 109.1133 107.8014 108.8875 108.3156 108.3608 108.7499 108.7392 114.4600
120.9500 120.3959 120.8994 120.7666 120.1269 119.5708 117.1287 116.1667 115.2467 114.6910 110.1253 113.6787 112.7165 110.6024 114.9215 110.5366 113.1519 112.9393 111.7846 110.0327 108.9696 110.2614 108.9159 108.1105 108.1585 107.8243 107.4611 107.4876 107.4036 106.7250 108.9121 108.4015 105.6061 109.0538 108.2839 109.1234 108.8018 108.6714 112.8429 109.4000
120.9500 121.2240 119.2223 121.0580 121.1805 120.7233 118.2685 116.4451 115.5463 114.5932 109.8208 112.7603 113.4812 114.9941 113.8897 111.3726 112.5585 115.1550 111.5856 110.2352 109.5337 111.2894 110.0246 109.7572 108.2109 108.8726 108.3095 108.0761 107.8772 107.1804 107.0834 107.0188 109.7349 107.1459 108.4162 108.9198 106.5421 109.2158 110.5873 111.0300
121.6300 121.4417 120.1707 119.1115 121.5656 118.3885 117.4381 116.7006 116.6251 115.3098 115.1673 114.5043 114.8872 116.3048 114.3213 114.4662 115.3448 115.4195 110.8111 111.3552 111.0073 110.5025 109.1173 111.1545 109.3357 109.4830 109.0352 109.1351 107.6182 108.1910 107.0937 106.7725 107.9823 108.2200 107.9430 107.6396 107.7601 108.6940 110.6222 113.8000
123.7700 123.5935 125.6237 119.8420 119.3317 118.5950 119.2325 118.0191 117.2474 117.1715 116.1917 115.7422 117.2833 115.1680 114.6958 118.7093 116.8071 112.3106 111.2896 111.5953 112.0519 110.9988 113.5170 112.0518 110.4269 109.5734 110.3941 109.7169 108.9940 108.5682 112.1179 111.2164 109.2605 109.7705 110.2783 109.1484 108.4455 108.3155 112.2626 112.9600
123.7700 124.2400 121.7000 121.7000 120.8700 118.9200 120.2200 117.9900 116.6300 116.6300 118.1000 117.9000 117.9000 115.1400 113.9100 114.5600 120.3700 112.6200 111.8300 111.5100 112.8600 112.8600 110.9500 112.9600 110.9100 110.9100 113.5200 110.4700 110.4700 113.2300 113.2300 110.2300 109.9300 110.0300 109.6600 108.6200 109.5100 109.5100 114.3900 112.9600
