109.0000 109.0000 110.7800 110.5900 108.9200 114.1400 113.0800 111.1000 109.8100 116.8000 110.5300 118.2800 118.2800 117.9600 118.8400 117.3800 117.4400 116.1000 118.9300 118.9300 117.0200 118.5100 116.7000 115.1100 114.7400 116.8300 113.3700 115.7100 115.3600 115.5800 115.3200 115.8800 115.6100 114.8500 115.0200 116.3000 116.3000 116.3400 116.3400 115.6600
108.8000 111.4549 109.5507 110.1705 109.6041 111.9695 111.0036 115.5694 113.2326 112.4651 114.3481 114.5433 117.7408 117.9435 117.1985 117.2737 117.3310 115.1341 117.5880 119.1663 117.2048 117.8939 116.1346 115.0730 113.9315 115.8639 114.2599 114.2699 114.3081 114.2905 114.7226 114.4072 114.7494 114.6711 114.8612 114.9950 115.5761 114.5776 115.9633 115.6600
108.7800 109.6522 108.5559 108.6705 108.3950 110.9880 113.0839 109.0644 113.6821 110.1609 111.7657 114.9387 115.4092 111.5437 116.8106 116.9113 115.5216 113.0749 117.7464 117.4372 116.2257 115.6488 115.9423 112.7288 112.4084 114.1342 116.3095 114.5504 112.6536 112.8160 113.0451 113.1204 113.2963 113.1208 113.6021 114.3597 115.0328 113.4788 114.7433 114.5800
110.8900 113.0879 114.8673 113.5590 111.4095 109.4871 111.3985 113.1706 116.1937 112.6013 109.5930 114.9467 114.5386 114.0218 115.9169 115.5995 113.6755 113.6129 114.2228 118.1274 114.5531 112.5650 113.7560 112.4278 111.0168 112.2019 116.4431 113.9749 111.0020 110.8154 110.7697 111.1584 111.3283 113.3078 112.3302 113.2039 113.6559 114.0022 108.9543 109.5200
109.2000 113.4604 109.9096 113.1100 110.8436 110.0611 109.9831 112.0531 114.7715 114.2437 114.0588 116.8456 110.3664 113.1328 113.1803 114.9120 112.9212 107.9602 109.2790 112.1725 111.8069 111.4456 111.5777 109.9615 109.5486 110.5760 114.5569 114.5342 114.2635 113.7946 112.5629 111.4047 112.2750 111.1562 111.3003 111.8417 112.2510 112.3412 108.7883 109.2000
109.6800 111.5363 110.0008 113.6597 109.5151 108.9477 117.3157 110.9689 112.4197 114.6142 114.3865 111.2910 107.8953 110.7799 107.6295 107.8909 109.3248 110.8895 112.8752 112.9450 112.5341 111.1626 115.6684 109.1594 110.9220 111.3617 111.9378 112.1022 111.6842 111.2022 112.8593 113.7760 112.1898 109.1612 109.9289 110.3811 110.8691 108.8917 108.3266 109.2000
109.6800 112.2280 110.7984 111.4317 111.2910 106.8201 117.2273 112.0834 112.0052 112.1024 111.4511 112.0145 111.6000 108.0667 108.3192 106.9352 106.7006 106.3265 112.4060 113.0036 111.8911 110.3772 110.0300 110.6818 111.8390 112.7247 111.6375 108.9105 108.4882 109.1518 109.4911 108.7433 107.3506 108.0086 108.5237 109.0426 109.7138 108.4292 110.1888 111.5800
111.6800 110.9459 111.0564 109.7091 109.8362 111.3640 115.2447 111.2692 110.6027 109.3756 108.4873 107.9792 110.2604 109.5559 108.9541 108.4356 111.2029 111.4776 114.0691 110.9398 113.9650 110.4966 107.2581 109.5540 109.3379 109.4525 108.5569 106.7567 107.4989 107.2902 107.9442 108.0562 107.0485 107.3385 107.2805 107.7758 107.9296 107.8714 109.2635 109.3600
111.6800 111.8709 112.8635 112.1972 112.8716 112.5316 111.8366 107.0121 111.4100 108.1811 108.7413 108.8648 108.7447 113.5996 108.5962 108.0399 112.3461 112.4595 113.9242 109.3957 115.5359 114.9416 112.0405 113.2865 107.4676 107.6465 106.3443 106.5314 106.2307 106.4587 107.2746 107.2368 105.8471 106.8276 106.7276 106.7496 107.2771 107.6944 108.4944 107.6200
109.7900 111.3061 108.6238 112.8294 113.6131 109.4689 109.2708 112.8097 112.6719 112.9259 114.4100 107.9671 107.6371 107.0454 107.9920 107.0726 107.9027 110.5589 113.6029 112.1263 109.5294 111.7982 108.6976 112.4889 107.1958 107.3903 107.2166 106.5064 106.4772 106.8469 107.2828 107.2182 107.0750 108.0432 105.4493 106.5163 106.7008 106.9648 107.3149 107.8100
109.4200 111.5553 110.7063 110.5609 112.3688 112.7635 108.9937 109.1857 109.4640 109.2082 109.9757 108.8311 108.2813 107.6211 108.3905 107.7164 107.7500 108.3833 113.6627 112.3661 108.4455 109.5973 105.4495 112.5370 106.9357 106.8045 106.0305 105.7108 105.4558 106.3193 106.8350 107.3629 106.3832 106.8235 106.0049 106.3783 106.3512 106.5315 109.1774 108.8400
110.9700 109.9165 114.3153 109.5390 109.3617 109.2696 109.5376 109.3971 108.0898 107.6770 109.2027 111.4302 108.2723 107.9360 106.0566 109.2848 108.3558 105.5902 107.9233 107.8011 107.9068 105.1763 108.2395 110.8787 106.3377 106.4099 105.8777 105.7528 105.0306 105.4503 105.1828 106.9889 105.7096 105.4157 105.8704 106.3017 106.3048 106.6797 112.2441 113.8200
108.2200 109.4133 109.8020 114.1329 113.3200 109.5739 109.2370 109.0801 107.7071 108.3484 107.9665 108.3399 108.2540 107.6157 108.3413 111.3415 106.2339 106.4362 107.1098 106.4501 106.5647 105.4747 106.8285 107.5574 105.0560 105.4095 104.5780 104.9233 105.5303 105.1091 105.0365 105.0499 106.1123 105.9239 106.1076 106.1676 106.1513 106.6727 108.0123 107.8200
109.4600 112.8997 111.8794 109.2331 109.0633 112.3354 107.6512 109.2602 108.8404 111.5622 107.2512 107.5209 110.2906 107.8883 106.9395 106.7661 106.3282 106.5605 105.6575 110.1101 105.7446 105.5169 107.7280 104.0819 104.0691 104.7272 105.3442 105.5820 105.1731 105.4922 104.4900 105.2934 105.0261 105.2141 105.7652 105.8097 105.5488 106.9013 107.3541 107.5500
113.3600 116.4486 114.2434 112.5444 107.9871 109.1573 108.1806 109.2722 108.6805 108.1126 106.9073 108.2877 110.9366 108.3129 107.3052 106.2272 106.5331 107.2252 105.1781 104.8906 103.1331 106.6996 105.1421 104.8482 105.1691 104.5518 105.4630 105.4351 105.3675 104.0586 105.4471 104.0310 104.2216 105.1874 105.3556 105.8627 106.2844 106.4937 105.9802 107.0200
112.5300 115.7910 115.9925 115.1300 113.0293 111.0901 110.0333 108.7686 108.3664 107.9648 108.1162 108.3736 107.3098 106.6743 106.5858 105.7029 106.5019 106.6073 105.2485 106.0164 105.8305 106.5877 104.6268 105.4116 104.2463 104.0530 104.3497 103.1560 103.9889 104.9533 105.4072 103.8195 104.3557 105.0873 105.0892 105.9268 105.2097 104.9289 106.5891 107.0200
109.5300 114.1233 113.4533 115.3212 114.8372 107.7088 107.4663 108.6255 107.8852 106.9964 107.7199 107.6079 107.2410 107.2285 106.3361 106.7480 106.5698 106.4283 105.5663 105.8127 104.2880 102.9187 103.0962 102.8347 102.3677 102.2227 101.8696 102.8021 102.1259 102.5024 103.8801 104.1678 103.0870 105.3563 105.4625 105.8763 105.7179 105.7525 108.8491 106.2700
109.5300 111.5686 109.3815 111.2066 110.7032 113.2760 110.4386 108.7026 108.1443 107.3681 107.5107 106.9100 106.9087 106.4896 105.7936 105.6390 105.7048 106.0493 104.0897 104.1915 103.9102 102.5811 102.3877 101.9288 101.5739 101.6781 101.6293 101.5082 101.5402 101.6480 101.6442 102.5666 104.1346 104.1801 104.1690 105.7424 106.1750 104.7826 107.5911 105.9000
113.7300 113.7638 111.9100 108.7126 108.4287 110.3072 110.5240 108.6293 108.0576 107.9957 107.1379 107.3002 106.9370 106.5556 106.0823 106.1633 105.8684 105.8274 104.6332 102.6867 102.3929 101.9862 101.5276 101.0628 100.9673 100.7694 100.9384 100.9486 100.3526 100.9096 101.1422 101.4312 101.8368 102.3472 103.2148 105.8176 103.7792 104.6507 107.0363 106.1000
115.7700 113.0494 114.1814 111.5245 109.0132 108.6548 108.4373 108.5819 107.9501 108.1890 107.5005 107.4909 106.4996 106.5174 106.4861 106.3768 105.3210 105.0279 103.1767 102.3035 101.6303 101.2824 100.6076 100.4503 99.6933 99.5749 99.4482 99.3933 99.0550 99.5578 99.7292 100.2477 101.5101 102.2574 102.5935 103.3821 103.3070 106.1781 104.9876 105.2300
114.5200 113.6639 112.6312 109.4064 112.9021 112.6668 108.1840 108.4354 108.1049 107.8128 107.0993 106.7678 106.7899 106.0041 104.7817 104.2827 105.5309 102.7719 102.1736 101.5103 101.0462 100.7706 100.1507 99.5751 98.2570 98.7475 97.9453 98.0666 97.8337 98.3197 98.9793 100.0434 100.7817 101.7069 102.0060 102.6505 103.1720 104.7139 105.2919 105.8500
109.8300 109.4528 109.2975 108.7353 108.3530 108.4388 107.5692 107.5476 107.8238 107.3553 107.0564 106.9311 106.7101 105.6421 105.6449 105.5329 104.0437 102.4106 101.6697 100.9412 100.1625 99.6712 99.2870 98.0549 97.3433 97.2948 96.3711 96.3826 97.2547 97.5613 97.9730 99.2594 100.1935 100.8307 101.4190 102.1058 102.8247 104.1143 105.2985 105.8600
109.7700 109.6034 109.1588 108.0575 108.6968 108.8825 108.4193 107.8878 107.5989 107.6478 107.0027 106.2700 106.6452 105.9259 105.1048 103.2247 102.9319 102.2840 101.4125 100.4996 99.4311 98.6980 97.5474 96.4766 95.7843 94.2576 93.2474 94.0697 95.3305 96.3365 97.5745 98.7156 99.0931 100.3001 101.1109 101.9351 102.4683 103.0562 103.6037 105.3800
109.7600 109.9095 107.9522 108.0621 107.5876 108.2189 107.9540 107.8453 107.5569 107.3303 106.5509 106.4921 106.4289 106.1776 104.2731 103.7292 102.7052 101.9060 101.1618 99.9183 99.0636 97.6667 96.2764 94.7992 92.5429 91.4178 90.9858 91.6125 93.0945 92.8525 95.5181 97.6621 98.2552 99.8313 100.4622 101.3019 102.0188 102.7383 103.9629 104.2900
109.7400 109.1191 108.3786 108.7718 109.0978 108.0070 107.9658 107.0892 107.4524 107.0815 106.4582 106.4550 106.4404 105.0761 103.2150 102.8392 102.4250 101.6545 100.8739 99.2391 98.2234 95.9862 95.9530 93.6166 90.6510 87.4279 85.0272 85.7404 91.0633 92.2864 93.6696 96.1240 97.1197 99.2482 99.5583 100.6085 101.6580 102.3519 103.9475 105.4300
109.6000 111.3301 109.7433 108.6239 108.2601 108.6696 107.9701 107.5681 107.3797 107.2134 107.2874 105.8770 106.4886 106.1784 103.3190 102.8839 102.2762 101.5255 100.4907 99.2603 97.5850 96.1967 94.2803 91.1103 86.3974 81.2382 78.3964 79.5240 85.8779 91.0984 90.9999 94.4568 95.2620 98.7527 99.6039 100.4497 101.3336 102.4962 103.2627 103.5100
109.8000 110.8125 109.6341 109.2469 107.6042 108.2476 107.1839 107.9880 107.5367 107.2639 107.2173 105.8090 105.5713 105.4985 103.4907 102.8703 102.1061 101.1316 100.3830 98.9989 97.6134 96.3035 91.6863 87.5818 83.4721 75.7325 71.8963 72.0422 83.0027 86.1016 89.4598 92.8395 96.0656 98.3110 99.6741 100.4467 101.4077 101.9592 104.1568 104.7000
109.8300 109.8733 109.6102 107.0717 108.5125 111.1186 111.6087 109.3493 107.7251 108.3903 106.3709 105.7273 104.6457 104.4897 103.3283 102.6249 101.8606 101.0733 100.2192 98.8527 96.9488 94.9404 92.1659 86.2609 83.4547 71.4278 63.3785 65.8364 76.9864 88.3212 89.2161 93.1632 95.3415 98.3232 99.3276 100.0159 101.4241 101.3567 104.3212 102.9200
113.7700 105.0886 108.3132 108.5806 108.9768 112.8749 114.8607 110.1454 110.7022 107.8765 106.1571 105.6562 104.5424 104.4397 103.3073 102.6162 101.7752 101.0999 100.2846 98.9117 96.9828 94.8424 92.8309 86.8736 83.9782 73.4291 65.7871 67.0496 78.5396 89.5977 88.9792 93.3859 95.3675 98.5330 99.2753 99.9986 100.8338 101.2885 104.1236 102.9300
105.5800 113.3514 111.2479 109.0449 109.9027 107.9560 108.2406 106.6480 108.0337 107.0354 106.5300 105.0394 105.5534 105.3563 103.4553 102.8476 102.1495 101.2950 100.2694 99.0052 97.3663 95.2375 92.6561 88.0596 84.2077 80.3652 74.2170 74.6831 83.0975 97.6126 92.1732 93.8780 96.1087 97.6846 98.8737 100.2793 101.2976 101.7606 104.5122 104.6100
105.6100 109.6418 109.2554 109.0544 108.8864 108.1999 107.8594 107.5287 106.7516 107.2120 106.6715 104.8742 104.9551 104.5916 103.5486 102.8656 102.1471 101.5289 100.5570 99.3543 98.0281 96.5906 94.7508 91.5505 86.7690 88.0620 82.6658 83.2787 87.3485 91.7250 94.9346 94.5764 97.0558 98.2941 99.5044 100.5865 101.4013 102.2112 103.3512 103.9400
109.8500 109.5434 108.9321 108.8516 108.9559 111.5776 107.7544 106.7110 106.2705 106.7772 106.3480 105.4821 105.9032 105.0013 104.3925 103.0337 102.4716 101.6462 100.7992 99.8182 99.0839 97.9184 96.4875 94.0369 90.9859 91.1983 88.1796 88.6684 90.6957 94.1764 95.2675 96.1312 98.3211 99.2585 100.1244 100.9206 101.5858 102.5393 104.5230 105.4200
114.5800 110.3304 110.1917 109.9710 109.0355 108.3723 107.9959 107.0643 107.3298 106.5224 105.6915 106.7925 105.1685 106.2606 107.6034 103.7816 102.7248 102.0573 101.3299 100.5261 99.7033 98.7717 97.3052 95.8264 94.5590 92.3127 93.3168 93.5249 93.1082 95.5209 97.0007 97.7510 98.6452 100.0707 100.5326 101.1264 101.9060 102.5068 104.2711 104.4400
109.7700 108.8426 109.4238 108.8056 109.8661 108.4936 108.3819 107.6354 106.3814 106.4209 109.2588 104.6219 105.6650 104.9208 105.6266 105.1673 102.8112 102.5003 101.7941 101.0979 100.2406 99.5380 98.6670 96.8728 96.0659 95.4635 95.1123 94.9500 95.3498 96.3846 97.7518 98.8825 99.7581 100.1382 100.8188 101.4181 102.6438 104.2634 103.5688 104.4100
109.7700 108.1071 107.6064 110.3336 108.7540 108.8613 107.5202 106.6884 108.8169 108.2937 111.8793 105.9909 105.1872 105.9344 106.4963 105.0303 103.1769 102.9159 102.2714 101.6495 100.9760 100.4154 99.7820 98.7394 98.5426 97.5807 97.5291 97.4466 97.9695 98.5507 98.9622 99.1313 100.6325 100.8786 101.4036 101.9607 102.8045 104.1305 104.9591 105.8900
115.1100 112.4276 112.1198 112.9037 110.1802 111.6566 107.5814 107.6410 109.0074 106.7447 108.9514 107.0030 106.4863 106.1161 106.2484 104.6773 104.6319 103.0349 102.6640 102.2079 101.7359 100.9859 100.4041 99.7955 99.2352 99.0056 98.9629 99.0124 99.2430 99.8051 100.0731 100.6629 101.2534 101.5426 102.1063 103.2922 104.3123 104.9929 104.7866 106.3500
111.0800 113.4164 112.9731 112.1938 111.4138 104.9091 108.1759 108.4224 108.9737 107.2142 106.9543 107.6260 107.2785 105.9170 105.3375 104.2625 105.5864 105.2827 102.9992 102.7487 102.2772 101.5988 101.0497 100.8948 100.4933 100.2700 100.3670 100.2166 100.3811 100.8987 101.0704 101.4889 101.7610 102.3326 102.8887 103.7596 104.4499 105.8650 105.0661 104.7600
111.5100 114.6714 115.3593 113.1189 105.6231 110.6726 111.9099 108.1353 108.2790 108.1077 107.4117 107.5675 106.7980 105.9254 104.9595 105.7751 105.8603 104.2274 104.1296 103.1909 102.8870 102.4723 102.0325 101.8223 101.6354 101.3949 101.3167 101.2874 101.4204 101.6647 101.9631 102.2759 102.5519 103.0283 102.8336 104.6653 105.6827 106.3131 106.4058 106.4600
110.9600 112.1703 116.3111 112.8965 111.0860 109.2236 109.4364 108.0720 108.2284 108.1397 107.9439 108.0132 107.0883 106.9460 105.3780 106.3172 106.5659 104.3469 104.4316 103.7736 103.3754 103.1219 102.8341 102.5672 102.3850 102.2613 102.0418 102.2005 102.0669 102.4156 102.6270 102.8762 103.1273 103.7710 105.0115 105.4927 105.0863 105.4953 106.2122 106.7500
114.3300 109.6300 115.1100 112.7100 108.8400 108.8400 109.2400 109.2400 108.5000 108.7700 111.3600 111.3600 107.9000 108.3800 105.9900 105.9900 105.6700 106.1300 104.3500 104.2900 103.5200 104.2500 103.1800 103.2800 102.7300 102.9000 102.9100 102.8200 102.8300 102.8100 103.1900 103.6000 103.6000 104.7200 106.0700 105.9900 105.4900 104.9300 105.5100 106.2100
