124.9800 121.4800 119.0600 124.5700 124.4300 116.9400 124.0000 123.8600 123.7100 123.5600 126.1500 106.9400 113.2500 108.7400 109.1800 113.5600 112.9000 114.1500 113.7400 108.4800 112.8600 107.4900 108.5100 106.3200 112.7400 112.7400 110.0100 106.7100 106.7100 108.6700 107.3500 105.7900 104.0300 121.1100 105.8300 121.0900 121.0700 99.3000 99.3000 121.2400 121.4600 121.4100 121.6100 121.6100 121.8000 121.9700 122.1300 122.1300 122.2800 122.4900 122.6300 122.7700 122.9500 123.0900 123.2600 105.9300 112.6800 114.9000 110.2000 124.0100 111.1300 111.1300 124.5800 124.5800
124.9800 121.6201 121.3740 125.0337 123.8156 116.9968 119.5366 121.5190 124.5767 116.2441 116.2030 110.4328 118.2526 124.1083 103.1323 115.3150 120.6509 115.4927 114.2685 108.3859 109.1926 106.4111 109.3284 108.0956 108.8155 105.8009 104.7530 103.2515 106.2778 109.6169 106.7052 104.7336 106.8274 106.1641 101.7904 123.1162 108.4971 104.9591 98.5051 120.9757 114.7931 120.9132 121.4046 121.4898 121.6362 121.8336 123.2031 125.5652 121.9511 122.3153 122.5083 122.6053 122.7476 123.0167 125.9314 113.9205 113.2306 110.5081 115.4935 113.4470 99.5209 127.1573 124.1596 124.5500
120.2700 120.0672 121.5304 122.6312 121.9203 115.9238 115.6569 114.4730 125.6793 114.7294 119.1424 114.2127 111.6713 106.5569 108.5075 125.9062 122.5980 120.6332 108.5360 108.0804 108.9144 101.3804 106.2051 105.5709 111.0606 109.0109 101.1041 103.3784 105.6947 110.7520 103.2410 99.7121 120.3736 119.9657 122.0663 103.3788 105.2560 108.6213 109.5608 119.4392 120.5059 121.1784 121.0764 121.1942 121.2104 121.1748 122.1792 125.6127 121.8063 122.0831 122.1633 122.4723 123.0019 116.7087 112.3191 115.5355 107.9383 125.4648 119.0116 120.2427 116.4591 123.4521 124.1867 124.5200
120.2700 120.2489 121.6111 121.7010 121.1577 123.8153 116.5182 114.8442 117.9079 117.4720 120.7820 123.0276 132.1317 106.3247 119.1258 121.6886 120.9050 121.6421 112.9304 112.7290 108.9238 102.9491 112.0298 107.7845 105.8027 108.2371 105.7425 110.2387 104.2232 105.1187 104.5038 101.7469 114.7990 114.5580 119.6976 97.5197 125.1245 118.4527 117.3470 120.5723 113.8380 120.8371 121.9709 120.0071 121.0509 123.5935 120.8364 121.5869 121.7256 121.4697 121.8531 124.7236 123.1071 113.2559 113.9985 113.0236 123.1303 107.2345 124.6107 119.7721 121.4576 124.6637 124.1337 124.2700
124.5000 119.6831 121.2521 115.7245 116.3554 113.6396 115.4820 123.3175 117.2867 116.2959 120.5633 106.0628 118.2875 105.6237 109.4650 123.1921 123.0909 121.5258 109.3072 109.4499 111.7767 110.7930 112.2391 107.6167 103.5484 107.1349 104.5335 104.6928 104.9170 104.1810 106.2793 112.8377 112.3102 120.3317 122.2216 102.5650 118.5422 120.1928 120.0646 120.3989 120.6691 120.3241 118.9031 118.8193 115.5798 111.5180 121.1169 121.2375 121.2850 121.2160 123.4475 107.9607 106.2713 107.8281 100.5721 104.6754 107.9530 115.1693 111.7740 112.0249 123.7805 123.5808 124.8776 124.0600
124.3000 122.2319 121.1790 115.1167 117.0318 115.9116 114.2131 115.9872 116.3436 109.1414 118.5208 109.2541 102.9203 104.9891 117.4289 108.8255 117.4456 121.9232 122.0174 114.5052 109.7063 111.1110 108.4042 108.3367 103.8671 101.8997 100.0800 96.6032 109.2207 111.5988 102.8703 121.8943 119.6167 119.1100 118.8954 120.0328 119.2133 119.4641 119.5995 119.6470 119.7846 119.8924 120.3084 121.9649 113.0416 122.2968 120.5594 121.0563 121.7797 114.5294 100.7913 100.7405 107.3439 104.0014 117.4551 107.4383 101.5741 117.0534 119.9733 111.3414 125.4039 123.5761 123.8170 103.1600
119.3300 122.0523 106.0476 119.9952 114.4728 113.6770 114.0339 113.5868 114.3391 121.6504 113.3515 117.8395 97.8047 101.2847 113.7688 123.4115 120.8236 120.6020 120.3767 112.1199 110.9419 112.1517 110.9270 109.4465 106.3806 98.5985 103.5254 100.2464 98.9134 98.4990 102.9897 117.1674 117.3617 120.3796 99.7287 121.0231 118.4650 119.1446 119.2364 119.3643 119.4769 119.6309 119.4148 120.1705 109.7484 120.2150 120.4946 120.2626 122.5848 115.1897 110.5506 102.0774 100.6059 117.3027 105.4750 101.7863 101.5225 101.1191 117.2235 124.4537 107.4251 126.1082 114.4721 103.8400
114.8900 117.1386 121.4767 114.6708 120.4394 113.5147 113.7325 113.5403 113.2317 116.0451 122.9522 123.9277 113.0175 100.3569 106.1434 123.0225 121.3115 120.9689 119.7932 117.3196 105.2577 107.3832 105.3906 103.4536 107.4815 97.4331 102.7757 95.7681 100.0736 107.7379 121.7635 119.4690 118.8306 119.9656 111.8960 119.0674 118.3899 118.7113 118.8422 118.9561 119.0895 119.2499 119.3042 115.6034 120.9266 119.8020 120.1499 120.9435 111.3379 115.6101 112.4656 101.7592 122.0510 124.4278 121.3299 111.2063 105.4502 110.8259 123.6418 123.0322 122.9592 122.9100 123.0497 101.7400
114.5800 115.9706 116.5932 109.1205 113.6271 113.7520 113.5035 113.4031 113.5438 112.8717 111.4032 112.9051 110.7072 114.8124 100.5465 108.0051 120.7903 120.4889 119.9119 111.5061 108.1988 98.9493 107.4385 102.1981 104.4254 119.6168 106.8672 99.9216 117.6158 106.1928 119.0675 117.3381 118.0456 118.8673 109.9375 119.1550 117.9520 118.2933 118.4145 118.5453 118.6953 118.8526 119.8425 115.9988 120.9800 119.6573 119.8410 120.0700 120.6603 119.1602 108.9208 110.6933 121.2161 122.7275 103.4447 106.3332 112.8083 117.3184 123.3406 122.7729 122.8265 120.3170 117.1298 101.5000
114.0200 114.1232 115.0755 116.7122 111.1399 114.8633 112.9733 113.6125 114.7515 113.3517 113.7612 114.7104 110.1611 112.3837 106.5822 110.1160 122.3732 120.2843 113.6203 119.2770 123.4535 101.3403 99.5358 99.3001 98.4089 120.0257 116.6308 114.3830 120.1701 118.1849 118.1678 117.3400 117.6532 118.0235 118.6933 117.5922 117.7519 117.8427 117.9753 118.1188 118.2820 118.5112 118.5505 119.5613 119.0923 119.0973 119.5758 119.8625 119.2184 114.8105 119.6366 107.3854 121.4217 120.7220 103.8612 105.6529 120.6748 117.0526 122.3919 122.8000 122.4960 124.5261 108.7681 123.4800
115.3200 115.4901 113.5898 114.6033 115.4129 116.1743 112.1824 111.4112 111.3254 112.8683 113.0919 119.2453 114.8540 108.0701 109.1790 108.5416 118.9075 119.1602 117.0150 121.4209 121.7260 99.6660 102.3630 99.2185 99.9743 123.1634 117.3941 119.2644 117.0474 117.2532 117.0053 117.0272 117.0948 116.9680 116.8592 117.1226 117.2542 117.3706 117.5130 117.6748 117.8599 118.0516 118.3010 118.4253 118.7457 118.9811 119.2463 119.3397 120.3409 120.0219 121.8295 124.7829 120.6717 115.4049 118.9023 112.5187 113.4990 117.7665 122.9714 122.4553 122.6923 123.6889 122.6637 123.4300
116.2100 116.1857 116.2317 116.7054 115.1918 117.1339 112.1930 114.0633 102.7891 112.9932 111.7757 119.1393 106.8316 106.6802 109.0688 109.8403 119.0559 117.6987 101.5468 111.6007 118.6546 106.9890 110.8067 100.1385 100.6158 109.1011 117.5746 116.7185 116.8409 116.7614 116.6646 116.6086 116.4684 116.6488 116.8197 116.5766 116.7517 116.8675 117.0271 117.2046 117.4095 117.6321 117.8646 118.1234 118.3670 118.6374 118.9073 119.1984 119.3444 119.6484 119.9305 118.5111 120.6005 113.3758 108.1959 113.4634 122.3514 121.1266 121.9001 122.3559 122.6657 122.6637 116.9094 123.0000
115.1900 115.8900 118.4066 117.8754 114.0753 111.2477 109.0481 112.5768 107.3401 108.0511 99.1564 106.3626 109.8033 109.9347 110.6526 110.2031 111.7978 107.9914 104.7954 102.6716 106.1803 114.0459 105.4752 104.6476 116.3192 101.7252 116.9076 116.2050 116.3516 116.1968 116.0752 116.0498 115.8109 113.9162 113.3085 115.9748 116.2146 116.3404 116.5151 116.7176 116.9491 117.1890 117.4551 117.7263 118.0013 118.2852 118.5818 118.8646 119.1682 119.4904 120.0053 118.8292 122.1699 108.2597 119.3798 99.4900 120.9626 121.4591 121.9903 122.1792 122.4723 122.8740 123.5882 132.1900
116.7200 106.4106 112.0197 117.0481 110.7981 111.7237 110.5526 109.0680 109.1059 110.0797 109.1934 105.2457 106.1350 108.7155 108.1566 108.8810 103.2359 103.8834 106.4924 105.6401 99.2024 118.0394 118.8429 117.0249 113.4855 112.3627 117.0712 116.5315 115.8245 115.6572 115.4914 115.4243 115.2589 114.5389 114.7238 115.3383 115.6400 115.7753 115.9751 116.2092 116.4647 116.7326 117.0228 117.3193 117.6216 117.9368 118.2466 118.5703 118.8760 119.1374 119.2754 119.8516 117.7188 103.9990 124.3499 120.4376 120.4985 121.6138 121.8055 122.0651 122.0515 123.1064 109.4158 132.1900
114.7300 111.1727 128.1804 118.9581 114.7467 110.7594 110.7705 110.3042 111.3107 110.5413 112.5196 113.4475 112.2895 106.0708 111.0200 107.9252 106.2644 96.2630 105.1311 105.6621 102.4037 119.6545 116.8624 116.5521 116.3910 116.5879 115.3020 115.7712 107.2255 115.5414 114.8433 114.7677 114.5250 112.2768 112.7051 114.7893 115.0051 115.1855 115.4080 115.6668 115.9566 116.2606 116.5762 116.9018 117.2407 117.5774 117.9144 118.2542 118.2729 121.1393 121.2741 118.5122 129.8171 117.9257 122.4354 122.0718 121.2876 121.4010 121.6397 121.9245 122.3418 120.2299 123.4462 119.4500
123.1600 122.7598 114.2411 115.2998 113.4670 111.8862 110.5305 110.8395 109.9023 110.3265 112.4396 114.1128 109.0481 107.1831 105.5442 106.7479 102.2317 96.3582 98.7878 107.7704 100.2655 112.0016 116.7426 116.0911 115.7498 115.3248 115.1250 115.8249 112.6868 115.1442 114.1423 114.0314 113.9467 114.1694 114.1474 114.1348 114.3342 114.5446 114.8091 115.1093 115.4309 115.7709 116.1219 116.4837 116.8515 117.2196 117.5612 118.0181 118.5620 110.5760 113.5128 119.6594 118.9048 120.3022 119.8453 121.1025 121.0572 121.1954 121.4920 121.8031 122.0363 121.4158 123.8168 121.2900
123.1200 122.9155 121.0614 114.7906 117.0843 110.3020 111.1877 106.6633 109.6134 108.8125 113.9359 112.4247 112.5105 109.7494 108.5694 105.4553 97.9389 98.3429 99.1091 101.2894 111.0937 117.5399 115.5475 115.7615 115.2524 114.8980 114.5374 114.0325 114.1458 113.4992 113.3861 113.2611 113.1903 113.0978 113.2414 113.3970 113.6064 113.8684 114.1776 114.5217 114.8784 115.2654 115.6641 116.0576 116.4606 116.8603 117.2498 117.6633 117.9615 118.1728 117.5683 113.7760 119.7102 119.7661 121.6278 105.7976 122.0628 120.6990 121.3919 121.6714 121.9142 122.0923 122.3686 122.5800
123.0800 122.9013 118.7846 115.4329 114.1690 110.7323 99.5887 112.5407 109.9823 110.9436 112.8695 109.3562 110.4411 112.5800 106.5163 103.2120 105.3261 102.3099 107.9042 102.9511 96.0925 116.2246 115.7084 115.2286 114.7457 114.3287 113.8849 113.5094 113.3727 112.8814 112.5974 112.4169 112.3342 112.3511 112.4220 112.5877 112.8384 113.1521 113.5017 113.9002 114.3162 114.7465 115.1859 115.6246 116.0635 116.4998 116.9341 117.3472 117.7417 118.1024 118.7974 119.0846 119.2058 119.8171 120.0672 119.8752 120.7494 120.9725 121.2425 121.5426 121.8254 122.1003 122.3640 122.5400
123.0500 122.9958 122.7963 122.7335 110.0537 110.0642 109.8623 111.1605 107.4794 108.9960 109.0949 111.8301 109.6042 109.5107 102.9903 104.3012 105.7594 101.4183 111.6222 102.9834 96.5046 104.3986 116.3354 114.6594 114.2342 113.7344 113.2534 113.1239 108.7458 112.5087 111.6992 111.4860 111.3818 111.3729 111.4857 111.6971 112.0028 112.3749 112.7900 113.2564 113.7280 114.2202 114.7075 115.2002 115.6789 116.1523 116.6097 117.0568 117.4987 117.9169 118.2951 118.5992 117.8718 117.5162 119.8407 120.0273 120.5007 120.8169 121.1290 121.4271 121.7220 122.0197 122.3093 122.5100
122.8400 121.3201 121.2982 122.4076 118.1767 118.5296 117.1443 117.6570 109.9053 110.0950 112.7820 108.8738 108.3528 96.4777 101.4588 102.4018 102.8097 104.2032 114.4471 110.6111 106.8615 112.6579 114.2430 114.2078 113.6910 113.1338 112.5572 112.4323 109.4725 111.5251 110.7144 110.4541 110.3152 110.3121 110.4528 110.7174 111.0853 111.5444 111.9405 112.5803 113.0530 113.6901 114.2290 114.7746 115.2984 115.8124 116.3008 116.7810 117.2404 117.6746 118.0913 120.5477 108.6454 106.4931 120.7203 120.0188 120.3401 120.7000 121.0129 121.3312 121.6262 121.9114 122.1675 122.4700
113.8500 113.5301 113.4908 115.4080 120.7976 115.0860 116.7965 109.0775 108.5985 110.2411 109.0207 112.6058 109.2311 109.6256 109.7886 99.5164 101.3986 106.8390 117.4762 110.1817 116.3965 116.0012 114.2902 113.8157 113.1624 112.5186 111.8423 111.2685 110.6275 110.0741 109.6216 109.2868 109.1040 109.0973 109.2802 109.6263 110.0867 110.6487 111.2819 112.6936 112.6132 113.1389 113.7625 114.3534 114.9281 115.4874 116.0095 116.5197 117.0081 117.4840 117.6781 120.3491 119.5259 120.3407 119.3940 119.8877 120.2528 120.5922 120.9170 121.2390 121.5456 121.8751 122.2715 122.2500
115.1900 113.4034 113.7986 115.2829 113.8283 110.1244 105.6064 118.4137 111.5141 108.6101 109.0856 116.0093 115.9525 111.7633 110.6582 114.8572 93.8876 110.5018 117.1096 112.9318 115.4452 114.5862 113.9377 113.2675 112.6217 111.9333 111.1774 110.4126 109.7126 109.0027 108.3938 107.9386 107.6837 107.6858 107.9332 108.3874 108.9987 109.6843 110.4563 108.3276 110.7962 112.5072 113.3213 113.9526 114.5832 115.1724 115.7392 116.2759 116.7884 117.3212 117.7177 118.4888 118.4613 118.9236 119.4801 119.8504 120.1608 120.4818 120.8236 121.1513 121.4498 121.7837 123.3671 128.7800
111.5300 110.8042 112.8900 114.1202 112.6455 114.7604 107.7025 109.0059 113.3639 108.5235 107.3105 112.1760 105.6325 116.1088 118.2574 113.0819 106.8706 118.1885 113.0142 113.2225 115.0128 114.3002 113.5911 112.8874 112.1339 111.1725 110.1106 109.7208 108.7330 107.7122 107.0028 106.3604 106.0046 105.9946 106.3517 106.9872 107.7977 109.0034 107.4441 114.1486 113.8485 112.2390 112.8726 113.5861 114.2588 114.8931 115.4890 116.0691 116.5954 116.9823 117.5467 110.7697 118.7159 118.7022 119.0881 119.4170 120.0104 120.4580 120.7885 121.0819 121.3889 121.7495 121.8929 122.1700
100.7300 109.0797 109.1050 109.1922 108.9628 112.1101 107.3662 107.3021 109.6005 110.3301 108.1666 109.0323 99.9104 104.4539 102.1008 98.7737 113.2891 111.4190 115.0249 115.1540 114.6095 114.0050 113.2651 112.4791 111.6593 110.9965 111.4684 105.2889 107.8155 106.4891 105.3933 104.4740 103.9141 103.9105 104.4644 105.3876 106.4650 107.6913 107.0998 113.0559 109.8292 111.6301 112.4786 113.2513 113.9677 114.6441 115.2836 115.8534 116.4770 116.7172 111.8505 116.6240 119.5533 119.2894 119.8575 120.1247 119.8668 120.1954 120.6213 121.0278 121.3392 121.6939 122.0313 122.1500
100.7200 110.3703 102.2997 112.1546 108.5379 108.0966 110.1712 106.4934 110.5871 108.6825 111.2088 110.5338 104.9862 105.9490 107.1872 102.9811 108.9045 106.5656 110.3836 115.3707 114.3575 113.7389 112.9788 112.1446 111.2522 110.2813 109.9984 103.4984 106.7698 105.0277 103.5858 102.1098 101.1815 101.1762 102.0852 103.5551 105.0923 106.5443 108.0973 109.0525 110.2689 111.2209 112.1366 112.9613 113.7271 114.4365 115.0525 115.7702 116.0108 119.9184 100.9871 106.3120 107.0575 118.3452 108.6577 117.0661 119.8616 121.1694 120.5604 121.0032 121.2909 121.5619 121.8191 122.1400
111.4500 111.6664 109.8163 111.2466 107.8319 110.6108 107.4293 112.9857 113.0168 108.5682 109.1837 112.2691 108.1241 110.3654 109.7992 99.0222 117.2759 113.1287 114.1590 114.8859 114.2569 113.5415 112.7492 111.8732 110.9022 109.7784 108.2026 106.2867 105.7506 103.7495 101.5203 99.2176 97.1349 97.1447 99.1800 101.4969 103.6989 105.5721 107.1967 108.6070 109.8133 110.8813 111.8532 112.7343 113.5336 114.2699 115.1512 115.3807 114.5274 122.3902 111.1859 98.4240 102.1486 115.1467 116.4624 119.0656 119.6196 114.6369 120.6442 120.9780 121.2936 122.1524 122.4714 122.1300
110.5400 109.5021 108.8338 109.7525 108.2738 110.9947 106.8299 112.8205 105.6436 110.8428 107.4142 105.8423 102.3890 99.3147 98.7098 108.5013 109.2222 122.0052 115.8736 114.9340 114.1592 113.4095 112.5855 111.6718 110.6616 109.5138 108.2074 106.5833 104.7792 102.5337 99.5232 95.1389 90.6066 90.5995 95.0796 99.4804 102.4801 104.7774 106.6307 108.1658 109.4932 110.6387 111.6626 112.5679 113.4243 114.2111 113.0296 119.5393 118.8468 104.5740 101.1113 128.2163 103.3685 117.5343 119.6143 119.3046 119.2033 120.1619 120.5488 120.9293 121.2586 121.8058 121.8651 122.1200
122.7000 122.0495 122.2988 110.4446 114.4305 107.5428 108.1723 114.1236 115.2522 107.5278 107.0148 105.2818 104.5569 102.7306 101.9362 102.6704 104.5518 106.5408 110.0849 115.6311 114.0658 113.3269 112.5086 111.5718 110.5286 109.3483 107.9677 106.3543 104.3425 101.7720 98.1690 91.1707 85.7850 85.7805 91.0587 98.1156 101.7181 104.3165 106.3221 107.9573 109.3271 110.5167 111.5527 112.4933 113.3227 114.0483 116.2550 100.7637 108.3733 111.4980 101.6566 116.6375 117.9705 118.5361 119.0240 119.4402 119.8386 120.1510 120.5521 120.9057 121.2520 121.5490 121.8443 122.1100
122.6900 122.3141 122.0943 120.4519 113.7750 108.4496 110.3808 114.3896 113.1118 107.0661 110.5452 103.8327 106.6986 103.8179 101.8051 102.4715 104.8981 107.5511 110.3084 115.6009 114.0726 113.3285 112.5374 111.5636 110.5273 109.3446 107.9687 106.3399 104.3434 101.7344 98.0820 91.1020 85.2088 85.3840 90.9312 98.0402 101.7001 104.3023 106.3121 107.9444 109.3233 110.5083 111.5513 112.4846 113.2866 114.0413 115.8374 101.4968 108.6910 111.8170 103.3803 115.9838 117.9045 118.5726 118.9972 119.4349 119.8608 119.9251 120.7253 119.5168 121.2271 121.5464 121.8532 122.1100
122.7000 122.5095 122.0664 121.9000 122.2913 122.0322 122.0251 109.4792 108.0826 105.0950 105.7109 114.7734 111.9264 113.6197 100.3469 116.5451 117.8192 116.0247 115.7949 114.8126 114.1626 113.4113 112.0574 111.6473 110.6331 109.4928 108.1788 106.6325 104.7752 102.4446 99.3892 94.3653 90.2471 90.3517 94.8380 99.3535 102.4278 104.7392 106.6036 108.1504 109.4973 110.6133 111.6283 112.5623 113.5921 114.3807 114.7258 114.9436 116.6725 116.9665 116.0377 117.9818 118.0319 118.6374 119.0517 119.4690 119.8407 118.8662 126.0677 105.5548 119.8847 121.2215 121.8015 122.1100
122.7000 122.4569 122.2016 121.8332 121.4115 121.3645 116.5977 103.1608 103.0674 98.1270 113.8331 96.8927 100.9108 115.5407 109.0651 114.2320 114.9791 115.9584 115.5715 114.9815 114.1998 113.1732 111.7500 111.9495 111.0361 109.7947 108.5703 107.1680 105.5418 103.6415 101.3240 99.0912 96.6801 96.7413 98.9421 101.3635 103.6275 105.5139 107.1461 108.5406 109.5443 110.9123 111.9662 112.3899 113.0432 115.3997 114.5471 114.3834 108.7222 116.5994 112.8091 116.7195 117.8962 118.6771 119.0821 119.4792 119.8690 120.3475 120.0698 121.7103 121.8783 121.3902 122.6060 122.1100
122.7100 122.5001 122.2092 121.9984 121.7338 118.8484 115.8572 118.7093 112.6634 110.6019 110.1824 114.8938 110.7348 110.3813 118.2915 144.8792 113.2746 116.1593 115.7776 115.0879 114.4056 113.9416 112.9312 111.8181 110.9374 110.1008 109.1008 107.8759 106.5197 105.0389 103.4158 101.9176 100.9634 100.9417 101.9244 103.4284 104.9959 106.4995 107.8617 109.1012 109.9353 111.0671 110.7577 113.9262 113.8296 109.9467 114.7892 116.0770 118.8911 116.6700 118.0377 118.6665 118.1678 118.7143 119.1376 119.5324 119.9153 120.2475 120.7137 120.7740 120.9627 121.4696 123.5700 122.1200
122.7200 122.5311 122.2481 121.7046 122.2856 109.1744 115.7912 107.4092 109.0781 110.6072 108.9681 100.2668 110.2237 104.1065 114.1429 65.9338 115.5264 116.1863 115.8399 115.2755 114.6333 113.9615 113.2756 111.2248 111.7360 110.7331 109.7491 108.6866 107.5588 106.4070 105.2756 104.3283 103.7405 103.7365 104.3132 105.2674 106.3995 107.5482 108.6633 109.7233 110.8294 110.9448 118.9720 109.1759 104.6788 104.3826 117.1013 116.9868 118.6119 116.3828 117.2445 117.7186 118.3187 118.7904 119.2135 119.6000 119.9806 120.3391 120.6698 121.0651 121.4381 121.6873 121.7256 122.1300
122.7300 122.5759 122.2000 122.6062 116.1222 114.9969 114.1541 111.0912 106.8279 110.0634 99.5277 107.2551 99.6410 105.8953 115.7302 114.9545 117.4917 117.2381 116.0538 115.5083 114.8915 114.2597 113.5483 112.9997 111.3832 110.7840 110.3993 109.5537 108.6216 107.7209 106.8928 106.2454 105.8600 105.8599 106.2289 106.8827 107.6846 108.6047 109.5184 110.4179 111.2768 111.7390 117.6667 107.7900 105.9783 102.1381 110.9890 106.0869 118.0825 118.1707 117.9118 118.0935 118.4722 118.8961 119.2979 119.6848 120.0499 120.4044 120.7503 121.0656 121.3769 121.6930 122.0383 122.1600
122.7600 122.6075 123.0643 120.2895 110.6717 113.7534 107.1076 113.1973 112.6208 105.9069 104.2086 102.9201 113.3311 102.2993 120.4003 117.4840 113.4362 112.0882 116.4501 115.7192 115.1679 114.5709 113.9381 113.2522 112.8018 112.4153 110.9485 110.3508 109.6472 108.9371 108.3029 107.8368 107.5707 107.5718 107.8266 108.2933 108.9177 109.6277 110.3650 111.1196 111.8738 112.6454 112.0711 112.5961 114.8711 113.8245 112.2909 100.3171 110.3946 109.6450 116.3429 118.0112 118.6495 119.0061 119.4052 119.7787 120.1438 120.4888 120.8222 121.1514 121.4670 121.7692 122.0517 122.1800
122.7900 123.2843 115.9391 114.9649 109.1408 107.6450 107.7266 110.1791 112.1018 99.9081 104.9619 103.7259 114.4126 103.7172 115.7421 119.4412 118.1337 115.9359 116.4224 116.0336 115.4754 114.9171 114.3349 113.7825 112.8373 112.4384 112.8483 111.1133 110.6323 110.0114 109.5431 109.1935 108.9975 109.0001 109.1912 109.5436 110.0231 110.5809 111.1947 111.8354 112.4770 113.1160 114.3856 114.7243 114.4312 113.5466 108.3120 104.4841 105.5044 108.2997 111.7209 119.5726 118.6428 119.1357 119.5256 119.8884 120.2425 120.5823 120.9185 121.2330 121.5390 121.8397 122.1296 122.4000
122.9900 123.1645 115.2960 116.9495 112.3780 116.1183 114.1353 111.3057 112.7150 107.0345 106.1245 99.5946 106.4657 115.4387 119.7964 99.1951 112.5988 111.8478 116.9690 116.3257 115.7839 115.2880 114.7560 114.1412 114.9437 106.0294 102.9583 111.5471 111.5283 110.9963 110.6512 110.3768 110.2337 110.2281 110.3721 110.6501 111.0159 111.4910 111.9963 112.5344 113.0818 113.6126 114.4672 109.9620 117.0564 122.4073 115.8850 114.2204 103.3084 113.5712 108.8749 114.4988 119.1022 119.3263 119.6587 120.0138 120.3607 120.6882 121.0116 121.3219 121.6188 121.9150 122.1938 122.4300
123.0200 122.8936 117.9849 106.8076 105.5520 104.5193 108.1200 113.0205 113.4052 111.1301 100.4915 100.7139 99.2687 110.3006 119.1013 116.5359 117.8725 116.6692 117.0481 116.5976 116.1415 115.6632 115.2028 114.4810 115.2777 94.9379 108.6470 113.8758 112.2267 111.9327 111.6395 111.4177 111.3050 111.3036 111.4158 111.6371 111.9712 112.2684 112.7428 113.2095 113.7114 114.0266 115.9719 106.0541 105.0781 113.7681 106.8131 118.4009 117.0080 117.8593 117.9313 118.2783 119.0271 119.4628 119.8061 120.1518 120.4828 120.8125 121.1193 121.4272 121.7265 122.0279 122.3113 122.4600
123.0500 123.9093 110.9907 103.0054 110.8161 109.1162 107.8443 110.9259 105.4023 106.4721 99.3126 100.3058 111.5213 114.1694 119.3329 118.6220 116.7384 118.3699 117.3018 116.8867 116.5037 116.0473 115.5987 115.1675 114.9798 112.8223 118.3482 113.4036 113.2151 112.7706 112.5322 112.3582 112.2692 112.2648 112.3545 112.5336 112.7872 113.3328 113.3845 113.9625 114.2994 114.7409 114.8989 113.5697 105.3995 107.7008 111.4626 101.7597 119.4743 117.9278 118.3769 118.8460 119.2320 119.6160 119.9682 120.2993 120.6170 120.9365 121.2351 121.5352 121.8432 122.1207 122.4940 122.4900
123.0800 118.5153 112.5201 111.1441 107.7751 111.1773 113.7741 111.8546 98.0729 101.3410 103.1932 106.6098 120.1786 119.9503 118.7285 118.5326 101.9548 122.2098 116.7902 117.3389 116.8778 116.4471 116.0400 115.6843 115.1237 114.9883 114.4555 113.7394 113.7449 113.6229 113.3616 113.1960 113.1270 113.1201 113.2025 113.3489 113.5616 113.8809 110.2377 113.4988 115.0600 115.3227 108.3270 103.5162 117.1812 117.4680 118.3628 119.0321 118.1585 118.7484 119.1265 119.0980 119.4673 119.7997 120.1341 120.4477 120.7660 121.0723 121.3640 121.6432 121.9298 122.3971 119.9179 122.7100
123.2800 123.3695 121.9530 110.0167 110.9038 108.7868 105.2797 107.7178 105.3824 101.6552 115.9090 120.3329 122.0681 119.4640 121.5003 95.7773 121.2065 118.3597 117.9708 117.5605 116.4194 117.2044 116.2513 116.1434 115.5019 115.2499 115.4101 114.7215 114.5698 114.1377 114.0477 113.9867 113.9135 113.9248 113.9774 114.0961 114.3002 114.4786 115.4998 115.2052 115.4952 115.5847 114.4160 98.1995 104.9717 112.1679 118.0762 117.5562 118.1856 116.4449 114.8528 119.4415 119.6742 119.9852 120.3068 120.6092 120.9204 121.2118 121.4990 121.7693 122.0060 123.7165 108.6699 122.7500
123.3200 122.9603 118.7529 110.7220 107.4703 108.0279 111.4912 113.0018 110.8563 110.6299 104.9693 112.8319 118.6384 118.8972 121.0429 108.7688 117.8891 118.4021 118.3111 118.1405 113.9803 112.9055 117.3910 116.3519 116.3053 115.9215 113.5407 112.4569 114.2747 116.0021 114.9269 114.7031 114.6231 114.5882 114.6700 114.7832 114.9210 115.2223 115.2032 116.1983 113.9497 116.6328 114.5267 98.0093 99.0915 104.9011 114.3220 118.1203 118.5812 114.8381 108.2425 120.1489 119.8335 120.1725 120.4910 120.7846 121.0794 121.3603 121.6370 121.8587 121.9466 121.4602 123.2928 122.7900
123.5600 117.3782 108.6793 110.4457 111.3621 111.0412 110.1510 108.6585 103.4640 117.8201 108.6488 101.8378 109.0971 118.7316 119.7814 120.0397 120.0023 118.8181 118.6095 118.0852 118.3843 104.2367 118.2449 117.0335 116.7608 116.2055 117.4334 115.9065 108.9722 108.1102 115.5616 115.3734 115.3058 115.3737 115.2651 115.3796 115.6739 115.7410 113.2009 114.5063 113.7529 113.3615 119.6257 115.8494 100.7148 106.9576 104.7362 119.5672 118.6344 120.8644 120.7061 119.7222 120.1516 120.3860 120.6779 120.9646 121.2404 121.5177 121.8281 121.7873 122.8937 127.7259 122.5573 123.0500
123.5600 115.1724 111.6575 109.5209 110.7097 110.9389 110.7781 104.5711 106.7083 110.7562 109.0792 103.5933 110.1834 119.0185 119.3746 125.1540 119.0710 119.2687 118.7865 118.5862 119.7357 118.4599 116.8336 116.0464 117.4753 116.5248 111.2673 105.5420 117.6158 115.7782 116.0232 116.0355 115.8757 115.6133 117.4558 115.8490 115.7396 115.9354 117.8891 108.4155 117.1698 111.8957 104.1088 97.9155 99.0589 108.3831 105.4998 118.7352 119.1112 119.1276 119.2772 119.6181 120.3109 120.5973 120.8694 121.1404 121.4131 121.6638 121.9095 123.3068 115.6884 108.6920 124.0181 123.0500
111.8000 112.0167 108.8640 109.4099 110.6119 111.1770 103.2892 103.1954 106.4939 103.0016 101.7004 100.8806 120.2197 117.7190 120.4019 126.4331 119.2013 119.4284 119.1751 119.5314 111.1643 117.3984 115.6725 103.8396 118.3094 117.5834 119.3184 106.4561 116.3739 116.2382 116.3233 116.1025 115.9485 115.5385 128.2460 114.6966 125.4462 117.4727 118.1253 105.9498 100.9447 104.8329 102.3908 111.5355 99.9188 113.5795 119.8741 120.1066 119.3873 120.1040 120.0532 120.8530 120.5686 120.7574 121.0471 121.3353 121.5907 121.8374 122.1637 122.7649 117.6098 117.1136 123.7826 105.7100
110.7800 112.6762 110.0801 110.8223 110.3536 108.3565 109.1880 108.5776 105.7130 102.8079 100.8790 102.5258 123.1344 123.6198 104.8947 120.7712 119.7265 119.7863 119.3115 119.2347 104.5069 118.7371 122.1402 114.4868 113.2482 119.5219 104.2607 94.6600 113.4341 117.6092 118.3519 115.5899 116.1380 116.5534 116.2080 109.5672 113.1875 112.8274 108.8983 112.4717 100.0331 109.0650 103.0681 119.6733 120.6626 120.4460 118.6653 115.5259 117.2017 121.4165 109.5690 122.1768 120.3107 121.2919 121.2865 121.4881 121.7816 122.0012 122.3373 122.0370 122.8906 118.6665 121.6799 106.3600
112.2200 111.3889 109.8607 110.8957 110.7098 109.8496 110.7574 106.9491 101.6707 101.9151 104.5861 105.8471 102.4319 121.4890 115.9730 119.4433 120.2574 119.9308 119.8803 119.1111 120.6403 118.5350 118.3904 119.1684 118.2413 119.2854 102.2091 92.9265 101.6036 117.7085 106.2159 107.2615 114.6772 117.3216 109.8118 101.0160 121.2355 97.4136 101.9499 97.9886 112.2025 101.1262 111.0278 120.3986 118.7330 119.7351 119.8244 125.8429 115.9372 115.1385 105.5769 120.4119 121.0184 120.6803 120.2760 121.9501 121.9429 122.1972 122.0018 125.0300 124.3808 123.7151 123.8173 123.4000
112.4900 111.5545 111.1616 111.3724 110.7473 110.6926 107.6535 105.0824 103.1656 104.8638 105.6342 102.0514 99.9814 119.9373 120.8382 120.9580 120.5741 120.3398 120.0636 119.8441 119.3673 117.4977 119.2882 119.1901 118.3901 118.5617 120.9709 115.1289 120.8272 118.1946 111.2638 98.3331 114.0651 116.5647 113.2779 112.7824 118.8011 112.7691 121.3853 106.8116 112.9779 96.9818 107.8771 116.0787 114.0134 119.7132 119.5380 120.7764 112.7684 107.6423 110.2574 123.1799 120.7385 121.4485 121.8828 121.6922 122.1871 122.3989 122.5060 120.9807 112.8439 123.8830 123.5791 123.6100
113.1500 112.3895 113.0078 110.9850 110.6466 109.8163 108.9185 108.6714 106.9459 105.1160 116.2242 103.1890 116.0145 121.0314 122.4835 121.2232 114.1697 120.6538 120.3237 120.1729 119.9466 119.8464 122.1028 114.4650 119.3182 119.0646 118.3863 119.1798 118.4792 106.4539 111.9884 99.3500 93.4456 100.4011 119.9981 119.9622 118.4362 119.2165 119.6010 120.8351 120.6826 116.3753 112.5205 112.1537 120.5099 119.9954 120.1418 120.4351 121.3517 104.3419 104.5191 121.5276 122.4106 121.4391 121.9083 122.0932 122.3215 122.5484 122.6913 123.1920 123.1453 123.2831 123.6184 123.6500
112.5700 112.1818 111.7348 111.0569 110.1066 109.9670 108.7121 109.8749 107.3084 104.5978 103.7713 118.6505 123.1366 101.2802 120.6217 99.9087 123.6589 120.3305 120.8312 120.4045 120.2671 120.1048 124.1580 122.4643 119.6957 119.5299 119.4021 119.7417 120.1289 119.1053 118.0762 100.0327 107.9555 113.1936 120.3770 118.8064 119.0480 119.0122 119.2223 119.1411 119.4762 119.5266 110.2115 108.7185 106.5631 118.9740 120.6302 120.6685 121.1413 116.3929 105.0807 108.5269 120.5943 121.7806 122.1369 122.2688 122.5263 122.7110 122.9387 123.1049 123.2597 123.4979 123.7314 123.8700
112.7500 112.4085 111.7383 110.4340 110.8256 111.0818 111.0099 109.8230 104.7097 104.2666 102.4982 103.7958 124.3713 121.2111 124.6345 118.4254 122.3311 120.9148 120.8075 120.7412 120.1147 120.0656 119.1803 119.7957 119.3772 119.2366 120.7614 119.2231 112.1710 109.0316 105.2823 102.4277 105.4722 108.0246 119.8658 119.5271 119.3581 119.5468 119.5977 119.6950 119.8206 121.0796 111.4594 95.9729 112.8213 121.6190 120.5169 120.9526 121.1090 121.2728 121.1749 123.0718 121.8229 122.0672 122.3342 122.5254 122.5889 122.6854 123.0613 123.3005 123.5062 123.7036 123.8660 123.9200
116.7000 114.8869 112.3107 111.7602 110.9425 110.0541 111.4063 109.1374 106.6376 101.6038 106.4218 110.2532 124.4250 121.9462 119.8264 121.9399 121.9480 121.2995 115.4469 105.7299 123.2259 124.8575 106.3642 120.1705 120.6394 121.1029 107.4112 114.7491 112.3020 111.0099 99.5461 105.3567 113.3250 114.9608 120.1006 119.8049 119.9985 119.7385 119.9789 120.1451 120.1882 118.7536 110.7536 115.6108 115.2438 121.3704 121.1243 121.2008 121.3855 121.5830 121.6763 121.7835 122.0165 122.3226 123.2457 120.1792 123.3577 124.1547 123.3057 123.4510 123.6441 123.8294 124.0068 124.1300
113.8800 112.3965 112.0685 112.6330 112.3013 112.4610 102.5892 108.9201 105.3241 100.9487 120.8287 123.8019 122.5735 122.4536 122.2748 122.2042 121.8951 121.6604 118.1307 106.6989 106.1548 106.9409 104.3882 121.4248 111.8522 116.6450 97.0517 122.4977 110.6065 122.8188 120.3246 113.6865 117.2962 120.1111 120.4459 120.0456 117.7142 121.2023 120.0875 120.1475 120.4548 122.8888 111.5012 117.9699 123.2875 120.8863 121.3155 121.4834 121.6481 121.8124 121.9837 122.1808 122.3670 122.4886 122.3902 118.3294 112.4966 123.8957 123.0384 123.6593 123.7970 123.9894 124.5072 124.3800
113.2900 111.3010 113.0875 112.2411 111.7236 111.0776 109.0069 106.8837 107.5875 113.2153 123.3520 122.8317 122.8131 122.5425 122.3701 122.2256 121.7300 124.1982 110.4880 121.7039 100.4749 98.8011 110.5912 122.1962 107.6705 121.4526 111.5792 99.0096 101.7598 123.6198 106.0066 115.1827 117.6378 120.0532 120.7033 123.5086 116.9781 118.0252 121.4254 123.0233 120.1861 117.7185 106.0981 102.5067 121.6758 121.3226 121.5983 121.7397 121.8996 122.0608 122.2258 122.3922 122.5626 122.7400 123.2689 123.6520 114.0063 121.5692 123.5760 123.8464 123.9849 124.0352 123.7243 124.3800
114.0000 111.4946 112.5030 111.8754 111.5028 111.0865 108.7630 105.7280 106.7169 107.8082 108.0462 124.3858 122.5356 122.7801 122.4171 122.5852 122.1931 122.4016 108.9566 120.4189 106.2099 111.0741 103.9405 104.8645 100.2207 103.2755 107.0649 98.4532 97.7440 122.1613 121.9715 120.6349 120.8753 120.7093 121.3796 120.3809 122.2054 123.7211 121.9163 125.7284 114.7348 110.6625 116.5107 122.1186 123.0765 121.5269 121.8575 122.0087 122.1579 122.3106 122.4677 122.6137 122.7871 122.9458 123.1339 123.9882 115.2891 124.8966 123.5454 123.9446 124.2661 121.9845 126.7978 124.6300
113.8200 113.2716 112.9445 112.3008 111.4716 108.1957 112.4716 109.3782 106.8012 108.7064 115.0511 123.9663 124.3333 123.0919 124.3635 122.0735 123.4207 123.5365 110.9080 104.2172 121.3933 125.6646 119.4356 107.4520 119.9623 120.5055 115.5963 99.5185 119.4891 120.4634 120.8949 121.1110 121.1471 121.4126 121.6629 118.6749 100.4974 108.1676 100.9870 119.0515 112.9243 101.0914 105.3128 122.3226 121.7631 122.0082 122.1281 122.2672 122.4036 122.5510 122.7000 122.8494 122.9999 123.1561 123.3034 123.4706 123.8779 124.3777 123.8272 124.0942 124.2110 124.5338 114.9011 124.6300
113.8400 113.5607 111.9658 112.4868 105.0491 111.4580 125.2176 108.2720 107.9613 112.9239 118.9433 106.6839 119.2247 115.4844 114.5599 126.7326 123.2996 118.9947 103.5603 121.9892 123.8328 111.9934 107.1218 118.9286 115.7760 104.6331 106.0069 103.5366 122.2228 121.1557 121.5787 121.4974 121.4872 121.8527 115.6126 111.5527 122.9621 100.1407 111.8880 122.5884 123.7092 115.9697 111.7679 122.7532 122.2557 122.2538 122.3890 122.5201 122.6509 122.7839 122.9274 123.0677 123.2119 123.3707 123.5376 123.6731 123.8394 123.8013 124.1097 124.9412 123.9326 124.4483 120.0096 105.6500
114.2000 117.8406 118.6701 112.7392 105.1579 122.9843 124.7910 121.9637 109.5523 107.8750 107.2001 104.6741 114.2414 124.7038 105.2456 123.3922 122.4970 116.5272 98.5265 113.6364 119.7258 104.2209 117.8494 104.7053 103.8580 108.0576 107.5125 106.4069 122.0992 121.5383 121.8053 121.7556 121.7880 122.2430 110.8865 123.0970 122.7174 103.9938 111.4190 122.2282 121.7415 122.8668 122.2767 122.5383 122.4988 122.5202 122.6430 122.7676 122.8916 123.0135 123.1512 123.2892 123.4288 123.5670 123.7230 123.8663 123.9433 124.6713 120.0018 116.2333 120.6789 126.2391 127.3096 103.0600
120.4100 116.4807 117.1886 115.4951 124.9841 124.9540 125.4408 110.7841 124.2384 103.1326 101.7930 103.5091 121.2835 103.6972 118.2341 123.9127 122.4284 122.5061 101.8631 120.8993 112.1799 103.9183 108.1979 117.8887 102.1268 109.7975 105.1164 116.7089 122.0211 122.2791 122.0926 122.0718 122.1491 122.0591 123.1583 123.1597 121.2149 120.6238 105.9160 118.3215 126.1825 124.0823 122.4355 122.5435 122.7004 122.7853 122.8885 123.0053 123.1242 123.2438 123.3719 123.5025 123.6335 123.7694 123.8879 124.0555 124.1876 124.3413 124.6424 120.8709 101.5102 113.0345 120.4913 118.6300
125.5600 125.4268 125.9992 124.8477 125.1108 124.9456 124.8839 124.8884 119.1529 113.3464 106.3551 105.1923 113.4975 105.4663 128.6898 122.9883 122.9375 121.5280 104.2267 104.6852 107.5032 101.8307 104.4532 102.0310 107.4411 110.0420 105.5628 114.9829 122.3928 122.4992 122.3991 122.3793 122.3468 122.3577 122.2614 122.3079 121.4997 121.2053 107.7352 120.0548 109.3884 104.8010 122.0445 122.8121 122.9310 123.0342 123.1345 123.2431 123.3496 123.4654 123.5948 123.7084 123.8475 123.9492 124.3509 124.3046 124.3891 124.5512 124.1115 125.4855 124.9261 124.1557 103.3260 120.1500
125.7300 125.5894 125.3375 125.3984 125.1796 125.2202 124.5921 126.9450 116.6986 125.9546 114.1896 111.6094 109.8288 110.9798 124.0686 123.4425 124.2100 116.7564 115.1533 120.7516 118.9170 100.8788 102.4324 106.5599 108.0105 108.2706 104.4879 123.6093 122.4947 122.7166 122.6138 122.6105 122.6532 122.6416 122.6953 122.8370 121.6460 117.1249 104.9687 124.2841 124.1951 119.0588 124.9312 123.1060 123.1826 123.2782 123.3691 123.4724 123.5756 123.6896 123.8082 123.9255 124.0088 124.6076 121.3254 119.9271 124.5866 124.4328 124.7394 124.9466 125.6260 119.7511 119.4960 112.8000
125.7800 125.7783 125.6384 125.5315 125.3758 125.2207 125.2241 124.9091 125.2537 124.1048 126.1209 120.7165 105.1374 110.9237 117.0442 105.4714 115.9315 101.8347 121.6863 125.1551 111.1832 102.2717 101.7700 107.3735 111.4116 110.5661 107.2809 125.0082 123.4631 123.1336 123.1008 122.9048 122.9032 122.9010 122.9527 123.3830 118.3778 112.2412 107.6829 122.7212 100.8960 123.8780 122.8844 123.2263 123.4280 123.5103 123.5998 123.6997 123.7968 123.9039 124.0127 124.1221 124.2412 124.3672 124.3555 126.2162 120.4868 125.3387 124.7561 125.7032 125.6731 118.1597 114.2587 109.8300
125.9500 125.9931 125.8022 125.6556 125.5324 125.4127 125.2676 125.1857 124.9982 125.0122 124.5722 120.9263 99.8593 110.7682 98.9921 102.5909 107.4801 104.3672 123.7237 122.3485 109.9314 104.3601 107.0723 109.3847 111.2489 122.5167 110.3612 122.0987 121.3578 117.5603 122.7879 123.0741 123.2410 123.1775 123.1842 123.1847 123.5460 123.0762 115.0865 123.3577 99.5332 122.1033 123.1391 123.6399 123.6408 123.7474 123.8248 123.9247 124.0209 124.1170 124.2236 124.3263 124.4369 124.5192 124.7400 125.6169 104.6872 125.7036 125.1635 122.6576 117.4308 120.3525 120.0302 109.7500
133.0200 126.0100 125.8900 125.7700 125.6700 125.5400 125.4500 125.3000 125.1800 125.0700 124.9400 124.8200 124.7200 124.5500 102.4400 102.3100 110.9700 102.9700 124.0900 123.9100 110.2700 109.5600 111.7600 109.4600 108.4700 123.5500 108.7400 108.9500 115.4400 130.3100 123.4500 123.2200 123.2300 123.2300 123.4500 123.4500 123.4300 123.4100 123.3900 106.3500 123.5500 123.6900 123.6900 123.6600 123.8100 123.9600 123.9300 124.0600 124.2200 124.3400 124.3100 124.4600 124.5700 124.6900 125.3500 124.9400 103.0700 125.1800 125.3000 118.5000 122.9400 106.8300 111.7500 111.7500
