120.3200 106.0600 113.1800 114.0900 113.8700 107.9900 112.8300 118.3800 117.4800 108.8400 110.0100 120.3800 104.7500 104.6200 118.9600 117.1100 117.1100 116.3100 117.7000 116.5600 121.6200 120.2600 117.6200 118.2100 103.2300 103.0900 112.5200 103.3500 103.5800 102.6200 102.6200 107.8800 109.0800 110.6600 106.5600 123.9300 123.9800 113.9700 123.8300 123.6700 123.7000 123.5300 125.4600 123.5800 123.3900 123.4200 123.4400 123.4500 123.2300 123.2300 123.2300 123.2300 123.4400 123.4300 123.4000 123.3900 123.5700 123.5500 123.5200 123.7000 111.7800 123.8200 123.9700 123.9400
119.3500 114.9696 114.0304 111.6323 110.8919 105.5892 118.2653 115.3187 116.9089 112.5198 105.2231 110.8253 119.4464 112.8701 118.8075 117.2744 113.8694 115.5209 122.3458 117.9100 117.7702 120.0808 114.2485 113.1649 101.8098 104.7385 108.0476 107.4275 102.4174 119.7711 103.8846 104.6810 102.5518 103.8456 107.2596 113.3351 109.1966 120.1852 122.7252 123.1491 124.0639 123.3065 123.5447 123.2792 123.2527 123.2550 123.2960 121.8778 123.0981 123.1040 123.1666 123.1815 123.1968 123.2211 123.2571 123.2840 123.3309 123.3482 125.3864 104.7996 99.8989 121.3464 123.9271 123.9400
119.4100 120.5476 121.9019 115.4557 112.4002 110.7458 112.5892 109.1976 112.0929 114.5570 112.8865 102.9981 112.8459 117.9830 117.7108 117.8996 112.0446 112.3618 119.8429 121.4673 109.4201 113.2898 115.9182 114.6688 102.7743 102.6240 105.4837 106.8621 109.2421 116.1136 101.7638 110.5896 128.2043 105.7368 107.9523 111.6268 120.1926 131.4687 123.1219 127.4087 122.5433 123.2137 123.0987 123.0653 122.9470 123.2906 123.1801 117.5154 123.1355 122.7780 122.9310 122.9261 122.9339 122.9643 122.9736 123.1283 122.9750 123.2665 126.0720 102.0389 101.8853 110.6505 121.6238 123.5000
118.4000 118.6174 117.6111 116.3593 121.1837 110.1390 112.6523 108.7773 108.3641 108.9363 113.0515 105.9543 103.3594 105.6893 111.7366 117.6699 117.2201 110.9867 119.1446 113.0259 127.8156 107.6785 115.0672 113.5134 113.3207 106.2565 105.6715 116.5348 109.3918 104.8625 101.6708 109.0322 122.1357 113.6911 107.8521 114.3425 123.8005 118.8688 122.1643 126.7920 122.6706 122.9407 122.8614 122.7948 122.6309 123.7183 115.6112 113.0784 123.5087 122.0974 122.6171 122.6230 122.6646 122.6779 122.8494 122.2591 123.3857 122.1843 126.1746 102.9657 108.4495 101.6551 110.4100 123.2600
118.4000 118.4392 119.5827 119.6837 106.8744 112.8717 109.9636 107.6485 109.4304 105.0347 108.5048 111.3600 104.2984 104.0184 102.6015 114.5822 117.4093 116.3619 114.3199 113.0997 111.5727 115.8255 118.6036 117.8148 114.5864 113.1941 106.2620 106.1218 108.1860 105.4675 102.3761 107.8122 120.1648 125.9884 109.9585 122.3761 117.3663 123.6683 123.0764 122.3215 122.7413 122.6797 122.5910 122.5165 122.4271 122.8525 118.2798 107.8640 112.6676 123.0542 122.4720 122.2990 122.3918 122.5216 121.6901 124.4537 117.7908 123.8401 103.4092 105.6545 123.9733 105.8604 124.4686 123.0100
117.1200 116.7809 119.8591 121.0837 105.3945 107.7303 117.1392 107.8339 108.6588 111.3233 105.4764 103.3349 109.3467 101.0056 109.9806 107.6354 113.3245 116.6757 116.0324 112.5263 109.3022 112.2909 112.4931 123.8200 120.4631 117.4965 105.5807 104.2995 115.1257 121.8333 122.6721 103.1183 121.2945 119.8620 103.3522 123.7942 122.9969 122.4161 122.6293 122.6168 122.4583 122.3921 122.3069 122.2628 122.2593 122.0391 120.9466 113.1467 112.4506 116.3320 121.5616 121.9926 122.1010 121.8124 124.3376 99.8871 123.3386 101.5293 113.9865 114.7029 128.8851 125.2064 122.0499 122.7500
123.8300 120.4680 115.4049 115.1876 119.2818 119.0592 119.3862 117.2197 113.8557 109.8446 111.1964 102.7819 104.0857 109.8603 104.8067 109.7193 106.0319 112.0554 117.4592 112.0001 111.3605 112.8966 112.5524 118.4635 114.5831 117.8745 108.5499 113.8129 110.3016 119.5247 122.0091 119.4186 121.8062 104.0568 123.4215 123.1984 122.1895 122.5556 122.3945 122.3034 122.1422 121.9129 122.0528 122.0627 121.8941 122.1723 119.0412 104.3906 116.5455 120.0932 121.7791 121.8128 121.8373 121.7657 122.4694 118.4546 124.1233 109.9618 110.8195 121.6335 117.8379 121.1083 122.7711 122.4900
110.7900 116.6611 119.0582 111.8919 108.3925 116.8674 117.5973 118.4389 118.3678 119.3877 103.0627 104.9920 103.9437 103.7906 105.8095 106.6464 109.5119 106.7443 114.0850 110.6509 111.4518 112.3857 109.9085 109.7806 112.3072 116.1959 116.4039 115.9532 115.4805 124.9565 123.3458 122.9155 120.7356 105.9809 120.9228 122.3047 122.4311 122.1997 122.1035 121.9650 122.2854 123.0874 121.4915 121.0918 121.9248 115.1306 122.8982 117.1138 119.8205 121.7093 121.4732 121.2474 121.3936 121.4593 120.9199 124.5462 123.2084 120.9883 120.3220 122.3192 122.4168 122.3555 122.1462 122.2100
111.8800 105.7967 114.3383 117.8338 117.9175 107.6545 112.7718 117.4180 106.8469 120.3577 116.3268 110.4952 102.9479 104.3858 103.2979 104.5702 107.3145 108.5136 107.0933 112.6637 111.7873 115.2044 114.0683 111.9027 117.5510 118.3622 116.0744 120.1370 126.6045 125.1231 126.1092 122.6018 101.5517 121.6954 122.5504 122.1120 122.1022 121.9964 121.8180 121.8134 121.6000 107.1865 123.1088 124.4684 121.2751 112.4974 120.8111 119.4172 121.5178 121.1113 121.0012 121.8344 121.6796 122.4486 103.9454 103.1225 121.9541 121.5666 121.6511 121.5622 121.7139 122.7404 122.3079 122.1700
121.8500 115.9037 110.8635 112.1830 111.9054 117.3304 109.8797 108.3834 114.9415 115.8191 114.5749 117.0557 106.6654 107.6694 103.6851 111.9833 106.9442 108.9377 103.3029 104.4840 108.5064 108.9584 107.6394 107.5155 115.5882 128.0348 120.9471 128.5091 129.8462 126.2882 122.8486 123.4463 122.5026 119.8571 121.5678 121.6293 121.9170 121.6995 120.3317 121.2315 121.0176 118.3186 108.5289 106.1374 103.5494 123.5314 122.2291 120.5992 120.7987 120.2949 121.6077 103.9378 121.4882 121.6911 116.1525 119.8689 121.1980 121.1911 121.2465 121.4153 121.0336 122.0559 106.0138 121.9200
116.8200 118.1080 121.2883 112.6569 110.1359 110.5895 113.9091 108.7828 108.9300 112.7280 112.7275 114.0501 116.4265 115.2283 107.4093 105.6951 108.8145 105.5164 111.1063 115.5997 103.6133 105.3614 108.8488 104.4249 114.0152 120.6697 125.8371 122.2831 122.1106 122.2682 122.6518 121.8367 122.6662 121.5270 130.9272 121.7680 121.6735 121.3860 121.2219 121.4132 120.4551 122.8793 98.9810 122.3958 101.6064 122.7200 120.3473 120.4315 120.4259 120.2212 121.3594 120.1899 120.6354 116.2393 117.0879 121.1744 120.5207 120.8551 120.9593 121.0654 121.0750 120.5899 102.5170 121.6300
121.0500 117.2006 118.2520 122.2288 118.5569 109.9220 112.4785 107.1405 116.8196 115.8798 107.1677 111.4689 116.0311 113.5433 117.8649 112.2814 108.3389 105.5124 108.5686 107.6299 103.4667 105.4981 105.8164 112.3049 111.9340 125.4228 122.6453 122.9308 122.8712 122.6148 122.0532 124.1709 115.4049 120.6762 129.2361 120.0916 121.3479 121.0257 121.4760 121.2877 120.0054 121.6960 97.8876 99.1640 105.7171 121.7824 120.2632 120.0978 120.1060 119.7630 119.5391 105.0450 122.2549 111.5582 104.3245 122.1123 120.5956 120.5264 120.6357 120.7741 120.8242 114.8224 95.6121 99.3200
121.1000 122.4825 118.8957 118.3545 117.7036 119.3155 117.6800 110.4581 105.1742 109.6601 110.1422 109.6283 111.1710 110.9106 114.3223 113.6495 109.2399 108.8585 101.0554 99.7573 109.5308 116.5207 104.5003 107.5708 118.3196 123.3986 122.8324 122.5534 122.4514 122.1809 122.8957 115.1575 99.0123 115.8643 120.9882 121.2314 120.9865 121.8468 107.8681 119.5507 119.8241 121.7648 96.4284 98.4288 106.6615 121.1488 119.8763 119.7141 119.7164 119.7017 121.0431 120.7801 120.0652 119.6265 121.8570 111.6980 120.6387 120.1811 120.3058 120.4076 120.4685 122.6258 116.4489 120.9400
109.5700 112.0174 121.8146 115.8555 115.3675 117.2327 116.3467 117.0075 111.4502 111.3154 108.1870 111.0336 114.5353 112.3803 108.0001 112.8760 107.4115 110.7617 104.5331 105.0453 115.8242 117.2440 120.3742 104.9514 120.5177 118.6215 122.7538 122.8238 122.8078 121.9488 121.7842 112.9093 110.4810 118.3778 121.4669 120.8903 120.4439 116.8115 111.2104 119.7153 119.4274 120.0898 105.9175 98.2058 105.3333 120.3697 119.4214 119.3389 119.3174 119.2534 118.9146 119.0528 119.2808 119.3454 119.9537 120.0494 119.6986 119.8467 119.9401 120.2599 120.1130 120.2822 120.7529 120.6300
109.5700 115.8569 111.9176 113.1954 115.7462 114.8830 114.2703 114.2820 114.5510 114.9078 115.0353 105.5688 107.5604 105.6686 110.4183 108.8690 104.0650 106.0084 104.1856 109.9567 109.3102 123.9103 114.4688 119.1007 116.5607 122.6222 122.3807 119.1703 119.8404 121.7025 123.6368 122.4110 112.3657 118.4552 120.8060 120.6102 120.0145 120.6566 115.8581 117.1229 119.6722 119.4300 120.4944 104.8842 121.6829 119.5441 119.0193 118.9377 118.9068 118.9087 118.9923 118.9749 118.9981 119.0274 119.0117 119.1356 119.3574 119.4647 119.6027 119.5560 122.5296 119.4694 120.9727 120.3100
110.4300 113.0502 118.9057 116.2193 105.4505 112.6659 114.5719 113.8471 112.1561 112.3080 107.8065 111.8516 113.4526 105.7425 106.2408 107.9543 113.0890 102.9182 107.2483 107.3249 108.0291 114.7952 119.8681 119.1661 121.3030 122.5887 122.1578 121.2909 121.5919 122.3433 114.3723 111.2600 117.1534 120.0622 120.6050 120.2093 120.4270 111.1645 102.8256 118.3697 119.3369 119.1475 119.1309 118.5537 117.9491 118.4951 118.5915 118.5141 118.4756 118.4550 118.4457 118.4788 118.5357 118.6088 118.7270 118.8290 118.9411 119.0853 119.2300 119.8952 116.9463 117.6751 120.1084 119.9500
114.1100 113.9327 114.6903 111.8206 110.7325 115.6953 104.7821 114.4575 111.2311 111.4152 112.8183 116.1932 120.0257 116.5643 113.6152 108.1405 106.1325 102.4471 108.3144 123.3462 114.2885 122.3108 112.2146 122.5223 122.6664 122.3114 122.0138 122.0463 121.7837 121.3283 119.8809 119.7600 120.9856 120.3395 120.2485 120.0633 119.2120 121.7625 110.5539 120.2893 120.3155 118.7890 118.6198 118.5062 118.2901 118.2466 118.1191 118.0616 118.0185 118.0036 118.0128 118.0402 118.1000 118.1708 118.2715 118.3952 118.5317 118.6935 118.8916 118.9032 119.7042 119.5670 119.3965 119.9500
119.2200 117.0557 112.7708 112.2370 112.1113 104.6467 107.0645 118.7720 103.4164 109.4526 112.9875 115.6799 112.6049 115.7435 110.6831 111.7316 104.9963 110.3788 116.2523 105.5370 115.6510 124.8939 122.1140 122.4941 122.2822 122.6324 122.3660 121.8747 121.1890 121.1985 120.9261 120.7292 120.4280 120.1124 120.0402 119.5776 120.0459 117.1990 100.2658 101.6371 115.2274 118.2544 118.2130 118.0505 117.8204 117.7773 117.6653 117.5910 117.5424 117.5184 117.5205 117.5618 117.6236 117.7105 117.8184 117.9576 118.1063 118.2808 118.4655 118.7080 118.8722 119.1018 119.3372 119.5200
118.4800 118.4915 118.6886 116.5945 111.7256 110.8453 108.2084 111.2441 108.5950 110.9284 105.8509 113.3155 103.4936 106.0125 109.6697 108.1654 107.0690 113.3215 115.8418 99.7611 101.0337 121.3304 122.5111 122.5093 121.7179 118.0378 98.5755 115.9666 121.6411 120.9097 120.6698 120.4263 120.2232 119.8377 119.1519 119.6469 118.9802 118.3831 103.4880 99.7199 113.6483 118.2062 117.3833 117.5613 118.0175 117.2018 117.1705 117.0645 117.0306 117.0092 117.0104 117.0564 117.1176 117.2218 117.3464 117.4944 117.6620 117.8594 118.0659 118.2748 118.5162 118.7509 118.9999 119.1500
115.7800 116.5671 118.5718 114.2513 113.9952 113.4244 114.1604 107.1152 107.2024 105.6925 108.8529 115.1276 102.1877 107.6424 101.3612 104.1558 102.7836 104.7908 111.8217 103.9917 125.6160 118.3106 121.9906 122.2715 122.1172 121.2518 100.1748 104.0682 114.7223 121.4760 120.4436 120.1045 120.5140 122.0240 108.5524 112.3449 106.4704 112.0402 107.7152 111.5333 108.3251 117.5632 116.1892 118.8314 111.8174 117.8136 116.7482 116.6115 116.4759 116.4664 116.4755 116.5172 116.5946 116.7055 116.8457 117.0076 117.2038 117.4117 117.6374 117.8806 118.1345 118.4071 118.6949 118.7200
115.4900 108.9025 114.3173 110.0265 115.4595 111.6317 112.9071 111.9575 112.3596 106.9037 106.4561 105.1001 105.7808 112.6857 102.4307 105.5034 104.5109 114.4197 119.5748 118.1010 123.8384 122.5773 122.4293 122.6278 121.3097 117.8084 93.7422 103.1449 101.5694 121.0185 116.8733 119.5523 119.4994 110.2741 114.5773 100.2441 101.4240 102.2281 102.8935 105.7375 98.3694 100.8619 117.1587 119.1540 99.5700 118.3831 115.8768 115.7472 115.9247 115.8779 115.8929 115.9433 116.0339 116.1553 116.3165 116.5029 116.7212 116.9495 117.2851 117.4509 117.7267 118.0811 117.6743 118.6500
119.3200 117.1221 121.4891 114.0164 111.5504 111.8358 109.3151 107.9809 108.1333 115.5176 112.5204 109.5592 104.2740 105.2405 102.5024 103.9923 103.4664 109.0181 115.7785 118.2436 122.8845 123.0344 124.8840 119.6347 120.1407 108.5633 109.7132 125.0855 122.6611 122.0052 105.5727 121.4652 118.0065 93.4238 99.5944 98.1249 105.8778 102.7670 103.4591 115.4779 108.3938 88.5773 102.8865 118.1180 102.4902 111.4038 115.1215 121.3910 115.4052 115.4640 115.2767 115.3291 115.4327 115.5824 115.7534 115.9780 116.2187 116.4963 116.6446 116.6700 117.1388 117.6714 117.3664 115.7700
109.8100 108.6519 112.9275 114.8586 116.2764 117.4748 112.9646 105.9707 102.7611 107.5138 109.5007 108.0855 105.1110 105.7463 101.8117 104.4083 100.1725 107.5950 113.9538 119.6324 122.3264 123.6742 109.2179 105.7114 104.2188 98.0190 113.4062 113.4674 121.4927 119.5861 114.5049 109.1358 113.8365 121.3343 102.8787 100.9259 115.1691 101.6516 98.2795 93.5763 114.3450 99.9667 101.2564 98.9359 118.4254 122.0213 118.4220 114.0768 114.3020 114.6959 114.6107 114.6763 114.7974 114.9564 115.1837 115.3745 115.7168 115.7280 116.1989 116.5141 112.4671 118.6654 118.9656 117.7700
104.6100 113.3218 102.4588 112.5250 98.7929 111.5768 111.9228 109.1847 109.8210 110.0517 109.7079 109.3980 106.2494 101.6364 106.4702 104.1661 111.0568 118.4130 103.6597 124.1574 122.1195 122.6924 107.5981 97.9989 98.1699 98.3476 104.7464 106.5425 112.1802 118.8823 119.5458 102.7878 103.1595 98.3861 99.9869 107.0642 97.8990 111.0739 98.4756 99.5044 105.6816 97.3604 90.5887 109.0149 115.8317 109.0759 113.5091 114.3353 114.0256 113.9388 113.8867 113.9659 114.1025 114.2930 114.5398 115.0467 114.9661 116.7533 115.3124 112.6222 120.1329 110.3944 112.6879 117.7100
104.6000 116.3401 104.3160 117.7183 120.5891 113.8703 108.7447 105.2684 105.8187 107.0218 109.1700 112.6949 108.3275 107.0271 111.3361 113.5987 123.6317 114.5510 112.0118 123.7338 122.3413 122.0234 122.9179 108.0595 102.1125 97.8092 112.6580 110.8297 116.4742 122.5932 119.1648 116.7802 102.6810 106.5713 97.2752 107.8681 116.4769 112.2880 91.4091 91.2772 93.2706 112.0470 108.5667 99.9435 113.3321 114.9668 111.1581 113.4308 113.1126 113.0608 113.0976 113.1961 113.3574 113.5816 113.8719 114.2729 107.2182 113.9908 115.1833 116.7344 115.9073 115.7450 117.5010 117.1400
113.6600 113.8151 112.4863 112.7015 110.5900 114.0296 109.3476 110.4065 106.0766 113.7756 107.4043 105.0316 106.2133 107.7608 101.6042 104.1895 117.6436 116.4139 123.5605 123.0764 122.2824 121.6122 121.4510 120.6220 110.4117 107.4079 112.3568 107.0273 117.7798 99.1471 120.6309 120.5204 101.3998 101.5806 97.5137 94.3026 99.9015 99.6171 99.7967 101.3167 95.7217 107.8842 112.1233 114.4350 113.2479 112.8358 112.9414 112.4172 112.2796 112.2163 112.2323 112.3462 112.5452 112.8216 113.0884 113.7358 113.5748 114.6295 114.8309 115.2938 115.6336 116.6170 116.2858 116.6800
119.7000 110.7255 117.2467 110.6006 118.8225 109.9972 111.1210 103.8379 109.1827 115.8945 111.0242 105.0463 105.0257 104.7312 102.6512 114.6835 121.0187 119.5712 121.8208 122.4733 122.0710 122.6286 123.9407 121.2225 120.3161 121.3512 104.7714 104.5377 109.1592 105.2055 106.4786 106.0899 104.3264 98.4663 116.4196 122.1280 114.4702 105.2192 104.7806 97.9439 108.9283 110.4417 113.8059 112.9141 112.6230 112.2063 111.7887 111.5364 111.3424 111.2463 111.2749 111.4152 111.6589 111.9810 112.4280 112.7670 113.3380 113.4862 114.3011 114.7624 115.2724 115.7547 116.2245 116.5600
119.2400 117.8357 126.1576 109.2098 111.0606 110.0767 108.9837 103.4953 109.9282 109.4060 108.8077 107.1910 103.3356 103.2974 101.8378 104.1143 103.5885 111.3791 119.1070 123.0163 121.5999 119.9924 97.7841 121.0951 120.4411 120.4039 118.2391 117.5704 101.0072 118.0793 103.8328 118.2465 99.2598 104.6787 95.6845 91.4102 115.6858 95.4629 116.2092 113.6608 114.3921 113.4288 112.8848 112.3634 111.8150 111.3190 110.8777 110.5148 110.2731 110.1599 110.1938 110.3753 110.6819 111.0889 111.5059 112.3179 109.9311 109.0383 114.1517 114.2847 114.8601 115.3858 115.9040 116.0700
110.6500 115.7900 114.5409 112.5918 109.5623 108.5319 109.3865 109.8358 109.5077 109.0598 108.4148 106.4359 105.1108 102.2411 103.1426 101.5728 103.1352 105.8895 122.8724 122.0287 122.0900 122.0684 124.2690 100.7028 122.9395 120.3515 120.3511 119.6636 119.4743 119.3145 119.4812 104.7936 109.9473 100.3672 106.5864 100.8184 94.4919 103.5955 114.5406 114.1660 113.4823 112.9753 112.2700 111.6433 111.0006 110.3881 109.8423 109.3847 109.0674 108.9171 108.9720 109.2051 109.5914 110.0985 110.6976 111.3158 112.1013 112.6502 113.2135 113.8592 114.4578 115.0302 115.5826 115.9500
112.3100 112.8390 111.7878 111.3477 108.1101 107.8660 108.8977 108.9414 108.8980 108.8149 105.4997 103.1026 102.9739 115.9682 109.0621 102.5992 102.3365 119.2351 121.6376 117.4825 121.9807 117.6518 113.2807 121.9908 121.4934 116.5322 118.2045 119.6463 119.2149 118.8469 118.7376 117.6942 115.2216 92.1192 101.6271 103.0145 114.6535 108.5334 96.2387 115.7317 115.2226 112.4361 111.6548 110.8967 110.1357 109.3928 108.6977 108.0946 107.6726 107.4708 107.5452 107.8607 108.3773 109.0317 109.7516 110.5101 111.2479 111.9555 112.7627 113.4272 114.0754 114.6986 115.2925 115.8400
122.7900 123.4066 123.1046 122.2966 108.5728 108.8579 109.3482 108.7949 108.7973 106.4479 104.7911 107.9956 106.8961 106.8172 116.9386 112.2418 124.7921 123.6175 122.8224 122.9689 123.3716 112.8408 105.4537 121.5314 118.5686 120.5803 120.1627 119.5603 119.2688 118.8483 118.3782 117.1915 108.7902 101.2792 112.7518 96.0125 99.7846 113.3774 113.4768 112.9668 103.6849 111.8608 111.0294 110.1564 109.2522 108.3243 107.4282 106.6215 106.0236 105.7403 105.8303 106.2904 107.0004 107.8680 108.7854 109.7087 110.5954 111.4489 112.2383 113.0097 113.7196 114.3955 115.0140 115.3300
116.4200 122.2058 122.2019 117.2774 111.7423 109.6947 107.5844 107.7045 107.6924 107.0544 104.0325 103.7363 105.9550 101.4093 106.6720 101.9683 123.5198 121.6930 114.6420 123.2273 113.2328 115.1232 115.6585 121.5040 113.5449 120.9445 119.7551 119.4790 119.0191 118.5296 118.4140 119.3306 117.5699 111.3298 103.2506 120.1422 117.8580 107.3337 113.0858 113.1768 112.9725 111.5009 110.4737 109.4304 108.3557 107.2109 106.0356 104.9211 104.0283 103.5616 103.7241 104.4307 105.4600 106.6186 107.7817 108.8987 109.9386 110.9088 111.8042 112.6353 113.4049 114.1234 114.7826 115.2400
115.5000 121.6836 117.3914 118.2579 109.4324 109.9057 109.5455 109.3091 105.4643 104.4909 103.5654 109.0841 100.9415 101.4693 109.0844 118.5424 115.0666 117.7693 109.3803 112.6550 109.2781 97.2443 106.2543 117.2865 112.4110 120.7172 119.9836 119.4784 119.0316 119.6106 118.0530 117.2344 72.0215 107.1489 107.8018 104.8787 115.8664 115.1496 114.2267 112.4044 111.3360 110.7126 109.9271 108.7708 107.4914 106.0776 104.5378 102.9315 101.4630 100.6936 100.9576 102.1361 103.7491 105.3148 106.8015 108.1446 109.3502 110.4337 111.4221 112.3121 113.1371 113.8889 114.5879 115.1600
120.2800 121.2430 109.3688 109.2447 110.3843 110.6050 110.1703 105.7383 105.8953 105.3087 104.1580 102.1439 101.0269 103.4625 99.3465 104.9966 114.3507 107.0811 124.9019 110.1580 99.2448 112.1549 124.2830 122.7041 107.7127 123.2966 119.4347 119.4235 119.4373 109.0719 118.7234 117.8212 140.2172 107.9632 102.0204 104.1755 116.3458 113.8262 113.1151 112.5541 112.4269 110.5022 109.4100 108.1925 106.7366 105.0334 103.0205 100.6342 98.1128 96.1386 96.9113 99.4875 101.8582 104.0564 105.9130 107.4886 108.8565 110.0461 111.1134 112.0586 112.9240 113.7132 114.4381 115.0500
116.1800 117.5096 115.6894 116.6371 115.4448 111.1052 110.8763 109.1736 110.7407 111.1192 110.2377 103.2526 113.7328 104.2927 102.9177 111.5455 118.0216 119.9934 121.6242 123.2238 113.4890 121.5346 119.4620 120.4482 122.0886 121.0360 120.4173 119.2715 119.0028 114.6756 117.5078 117.4051 113.3912 93.9745 92.4529 111.8142 110.1363 114.1048 113.2809 112.4312 108.3214 102.6231 109.8012 107.7730 106.1564 104.1886 101.6853 98.4825 92.9963 89.4869 90.5960 96.0696 100.1151 103.0169 105.2236 107.0034 108.5006 109.7713 110.8983 111.8886 112.7778 113.5908 114.3362 115.0500
112.6900 112.9472 113.1457 112.6072 110.5701 109.1486 109.6102 109.4605 107.2526 106.0328 104.3690 100.7069 120.0023 105.3996 103.7711 109.1975 126.3392 124.0761 122.3990 121.9383 123.1924 121.9678 121.2626 120.9960 120.4007 119.7875 113.7434 117.1567 118.5252 118.4298 118.4215 117.4789 117.3289 117.2790 109.6235 114.3116 108.7745 113.3206 112.9864 112.2507 110.9258 106.7968 109.1674 107.5273 105.8537 103.7269 100.8879 96.7761 88.9203 84.9025 86.3240 93.0615 99.0334 102.4301 104.8515 106.7556 108.3143 109.6407 110.7850 111.8050 112.7091 113.5315 114.2809 114.5300
112.6900 112.1909 109.7420 109.1295 110.9816 113.6181 108.0331 108.5686 106.6653 104.3396 102.6870 100.1195 118.9084 105.1094 99.5791 124.4837 123.3827 122.5281 122.4473 122.0107 121.5388 121.3617 121.1116 120.5337 120.4123 119.2672 113.5511 111.9001 118.5421 118.5300 118.0980 117.3448 117.8621 117.9667 118.2562 117.3938 116.4482 116.1736 113.7261 112.2804 111.5170 110.6310 109.0478 107.5954 105.8894 103.7699 100.9727 96.9865 89.3313 85.2202 86.5148 93.5053 99.1515 102.4865 104.8945 106.7800 108.3325 109.6501 110.7927 111.8114 112.7155 113.5375 114.2819 114.5300
109.6000 110.4984 110.1831 110.2187 110.0347 115.6408 108.7454 108.6082 107.4741 104.5830 103.1714 102.7891 119.4672 111.6510 122.3274 102.5341 117.6595 121.8233 122.3814 122.0915 121.7772 121.4866 121.3588 121.5518 120.9543 121.9840 105.4119 121.7902 119.3915 118.7020 117.8495 119.5429 99.5320 97.4396 96.5117 98.9597 103.4900 93.7433 112.5804 112.3707 111.4035 110.3685 109.2094 107.8436 106.2447 104.3086 101.8905 98.7384 94.0603 90.5491 91.6245 96.7269 100.3973 103.1796 105.3244 107.0763 108.5534 109.8105 110.9291 111.9075 112.8044 113.6059 114.3484 115.0200
113.6200 113.6943 104.8334 106.2366 106.4584 106.9508 106.3265 106.3606 104.6359 102.4468 102.5659 110.6930 114.5201 116.1654 104.7888 113.5662 128.8587 128.4696 121.7247 121.9061 116.7203 121.5091 117.7309 105.7559 118.4235 111.7174 109.0582 121.9036 106.6218 120.1436 117.5438 110.7210 97.4256 97.5026 94.8164 95.9594 116.4156 114.1460 113.7384 112.4807 111.6343 110.6526 109.5403 108.2946 106.8562 105.2039 103.2781 101.1843 98.8417 97.1445 97.7989 99.9321 102.2000 104.2750 106.0611 107.5990 108.9360 110.1112 111.1642 112.1004 112.9597 113.7484 114.4614 115.0500
121.3800 121.1702 106.3708 107.4544 107.3051 107.7225 106.6470 105.8239 104.3124 102.8466 103.1716 119.7193 105.2889 104.0776 104.2028 109.6208 124.4687 122.5859 122.3649 122.4224 122.3055 122.2152 105.9036 124.0010 103.0924 122.0381 116.6920 120.1024 119.4175 114.7133 98.6900 119.7505 118.0824 117.8750 117.5555 116.3955 116.5129 94.2432 115.5143 112.4133 111.9372 111.0164 109.9974 108.8794 107.6386 106.2785 104.8051 103.3146 101.9431 101.2251 101.4653 102.5814 104.0519 105.5490 106.9778 108.2790 109.4497 110.5201 111.4839 112.3742 113.1783 113.9026 114.5358 115.1000
126.5300 109.0567 107.7681 107.0688 105.7169 106.0093 106.7645 105.1507 102.6117 102.5762 102.5621 121.6750 103.8600 128.2676 112.0705 121.3182 122.8730 122.8037 121.3849 122.5977 117.3252 122.0609 122.6076 118.2160 104.4152 116.8851 121.8394 122.0879 118.5504 119.2782 119.1877 117.3507 116.7539 115.3040 115.7864 115.5876 114.8641 108.5832 113.6251 113.0173 112.3056 111.4491 110.5352 109.5588 108.5076 107.4060 106.3011 105.2351 104.3919 103.9647 104.1081 104.7798 105.7453 106.8571 107.9610 109.0421 110.0631 111.0102 111.8882 112.7025 113.4847 114.1999 115.6608 115.1600
126.2300 109.8362 108.5649 108.7528 104.6474 104.2403 109.2104 106.3958 105.2107 103.1062 100.7908 116.3970 110.7219 123.4454 125.1980 106.8194 124.4754 122.8387 119.1159 119.4331 107.0656 118.0122 121.1130 122.2775 109.9960 111.0099 119.2260 128.8603 118.6051 118.5230 118.1525 118.0024 117.2121 116.7031 116.4358 116.6198 115.3754 114.8838 114.2030 113.4400 112.7124 111.9481 111.1382 110.2787 109.4089 108.5133 107.6632 106.8942 106.3211 106.0480 106.1451 106.5750 107.2631 108.0759 108.9552 109.8537 110.7171 111.5485 112.3346 113.0681 113.8129 114.7535 108.9584 95.8400
107.9400 107.7199 108.9049 109.0224 109.7102 109.5795 109.7000 105.4026 112.5599 101.7722 102.6546 111.5759 111.3584 123.0522 124.8514 125.1251 122.9491 122.9151 122.9758 112.5002 110.4399 114.6315 121.6507 121.7983 114.3835 113.8475 120.2476 115.5543 119.5677 119.0736 118.7073 118.1180 112.9972 110.1364 111.5140 115.6937 116.1218 114.3000 114.4750 113.8166 113.1686 112.4798 111.7624 111.0419 110.3470 109.5514 108.8984 108.3250 107.9174 107.7263 107.7938 108.0988 108.6009 109.2238 109.9251 110.6645 111.4062 112.1013 112.9426 113.5131 113.9943 115.9017 107.4489 95.8400
124.6900 109.4947 109.0613 108.4994 109.3066 110.6683 109.1762 107.7641 102.0860 103.0771 120.5100 110.9230 109.3243 115.6775 125.5629 116.9806 122.9871 122.0683 115.5981 113.4692 112.1771 122.6078 121.6748 111.2313 122.8073 121.6872 100.3071 119.4887 120.1588 119.2672 118.3613 118.5771 104.7168 96.2553 112.0452 114.4383 115.3239 115.4296 114.8602 114.2375 113.6426 113.0234 112.3966 111.7516 110.8029 110.3246 109.9214 109.5921 109.2970 109.1379 109.1850 109.4140 109.7880 110.2823 110.8386 111.4565 112.0858 112.7253 112.7891 114.4261 106.6529 115.9559 112.6549 115.8400
111.2200 108.0029 110.4589 107.6698 107.8161 106.6158 106.4030 104.2851 102.9837 104.4271 111.3296 111.0994 117.9867 121.6952 123.7607 122.1663 124.2880 123.2580 114.9982 125.0232 112.8386 108.6707 104.6562 100.1739 121.2869 122.0186 114.1960 124.1493 113.2358 126.4533 117.4946 119.5249 116.8179 107.8686 108.0540 113.2494 115.3203 115.6497 115.2110 114.6630 114.1250 113.5628 113.0778 112.5520 111.1173 111.5431 111.7306 110.7508 110.4612 110.3516 110.3870 110.5612 110.8482 111.2481 111.7107 112.2184 112.7543 113.3461 113.2238 112.9742 97.3383 99.7878 110.8037 116.4400
125.9200 114.7388 112.6215 106.3768 106.2510 107.7451 108.5378 105.9664 103.2361 100.5412 98.7521 119.6867 126.8217 124.0294 123.7972 123.5422 113.2538 123.1873 123.4679 121.6013 117.0102 113.7405 116.7646 115.5323 122.3808 104.8695 104.5133 101.4656 97.9500 116.5605 118.3942 114.6399 103.5737 104.9556 92.3067 110.5627 117.0109 116.0215 115.5785 115.1083 114.5654 114.2577 112.8522 114.1082 112.7383 113.2418 103.4953 112.2242 111.4570 111.4191 111.4430 111.5750 111.8421 112.1560 112.4971 112.9487 113.4002 113.8934 114.3710 116.5294 112.9105 106.9958 114.9660 116.5300
109.5300 111.1352 109.1960 108.7638 108.6379 109.2807 106.0974 102.6962 110.7395 116.8256 128.5403 124.7319 124.5705 124.2828 124.5037 123.5403 120.6374 116.8317 123.0855 122.6931 124.6567 123.9587 124.4901 122.3508 121.2407 116.2529 116.0932 115.1290 116.2627 118.6496 120.5982 99.9178 95.1892 94.4325 95.2818 117.5051 116.5655 116.5136 115.9810 115.5601 115.1433 114.6763 118.6516 117.9026 116.0030 109.2316 106.4751 112.8562 112.4039 112.3739 112.3843 112.4937 112.6873 112.9084 113.8017 113.6388 114.0401 114.4295 115.8000 106.2252 109.7671 116.3275 115.1274 117.0200
109.5500 109.2055 109.1410 108.9715 108.3463 116.1017 112.0828 117.9928 120.0389 123.3005 119.1557 104.2392 125.5244 119.0258 104.6027 125.1307 124.1282 122.3831 122.5520 122.6650 112.8936 121.3871 125.0747 118.6757 124.5801 121.3658 120.6225 120.9345 120.6922 120.0796 120.6432 105.6436 111.8838 115.8264 116.0021 117.8101 116.8599 116.7848 116.3861 115.9528 115.3797 116.5080 120.2950 93.0388 115.7497 91.7873 112.2509 111.1171 113.3034 113.2519 113.2350 113.3226 113.4947 114.6898 115.2227 114.2575 114.6493 115.0225 115.5302 116.3691 115.5554 116.9042 117.3539 117.1100
109.8800 112.7692 115.7348 114.5116 114.3122 118.0291 109.0248 104.1784 103.6783 102.8672 115.7341 100.8232 102.2419 102.6246 122.8753 124.6039 112.3094 132.4545 117.2144 122.9694 122.1659 124.2335 116.8072 123.6929 120.7152 120.9419 121.0056 120.5114 120.1747 121.2414 104.7283 105.5539 121.1330 117.9301 119.3748 117.9145 117.5137 117.1510 116.7955 116.2773 116.8798 111.2008 100.0789 89.7990 110.9148 88.5933 114.5061 113.9838 114.0353 113.9986 114.0125 114.0767 114.2621 114.4074 114.4896 114.9714 115.2253 115.5459 115.8772 116.1683 116.6611 117.0065 117.3085 117.5800
123.9400 113.9210 114.2062 113.2813 107.4360 107.7824 104.5553 103.6189 103.6937 101.5734 113.1272 106.1621 108.1516 111.0099 107.5270 110.5073 106.7702 104.9285 122.1756 100.2568 121.5779 123.0009 104.1752 120.9075 109.5454 123.0634 121.1358 120.5587 120.8598 120.2660 116.7933 109.8864 117.3206 119.0991 117.5431 114.2040 118.2432 117.4901 117.1823 116.8763 116.9289 115.2219 102.1406 97.0228 92.0193 113.7091 115.4505 114.7384 114.7506 114.7144 114.7191 114.7870 114.9009 115.0708 115.3530 115.4708 115.7131 116.0833 116.3666 116.6865 117.0346 117.3435 117.7009 117.6400
108.8500 107.7992 107.7690 108.2751 108.0644 106.1011 105.7265 103.2625 103.3108 110.4934 118.1612 116.2729 107.6754 113.9009 110.2247 121.4950 107.3609 107.1597 119.7435 120.7908 115.1761 122.5892 116.7224 104.7835 122.7682 120.7597 121.3950 120.9184 117.2945 122.7213 97.6002 121.6509 119.5809 119.5925 117.0943 118.0848 118.1640 117.8546 117.5682 117.2342 121.5740 101.1645 98.1482 97.6557 94.5524 113.7012 115.6992 115.4746 115.4043 115.3716 115.3863 115.4394 115.5407 115.6741 115.8454 116.3486 116.3479 115.8619 116.9389 116.9826 117.5766 118.2316 117.7221 118.1300
109.8800 110.1104 108.9747 106.6481 107.6963 104.4107 111.1483 102.9255 103.6042 103.3724 116.7939 114.5749 111.3207 108.3136 102.3994 102.1629 106.0084 105.2220 97.3166 116.3966 103.5796 100.4850 101.7709 107.3538 123.2870 121.3870 121.2548 122.7648 100.6937 119.3854 111.0736 119.4110 119.9724 120.2157 99.4532 116.3180 118.9579 118.2136 118.3125 117.9637 119.2623 99.2029 102.1362 99.5652 99.8566 117.8647 116.1702 116.0652 116.0102 115.9838 115.9964 116.0387 116.1279 116.2443 116.4983 116.6451 104.9395 117.8734 117.0179 117.7363 114.4263 113.4495 118.7568 118.5300
104.9200 114.0217 112.8122 105.6060 106.2866 104.7618 104.0868 103.9322 104.1039 102.6856 108.3533 101.4205 104.5936 114.2386 112.2805 107.7150 113.7876 112.5930 106.7226 108.5613 108.8889 107.5283 107.9834 120.2170 121.3182 122.1972 121.5468 117.1237 111.1050 117.9377 112.5861 105.3572 120.6128 119.5952 114.2117 116.9001 115.3889 118.1203 116.7885 117.4508 118.2117 116.3297 110.4584 101.9693 100.2279 117.4118 116.7784 116.6224 116.5794 116.5551 116.5680 116.6083 116.6755 116.7540 117.0713 117.7320 112.5003 119.8104 117.4676 117.8684 121.0998 108.5825 118.9421 119.0400
104.9200 111.6076 116.9581 106.5112 108.0894 104.7225 104.1086 104.5005 103.4113 105.5205 105.8829 109.1359 112.6570 108.4690 112.7805 116.7503 115.2375 109.8387 114.2522 109.1734 107.6968 108.7473 126.2462 117.7057 126.2487 120.8375 121.4798 115.2436 112.1171 115.2747 99.6238 110.7636 120.8187 121.4376 100.7447 104.7585 117.6144 116.4529 107.9310 118.6653 117.2082 117.9377 114.4679 113.9589 117.5578 117.4152 117.2684 117.1656 117.1133 117.0964 117.0981 117.1411 117.1914 117.2641 117.6247 118.1298 100.6509 117.0808 117.8897 118.3465 119.8457 118.2981 120.1064 119.4000
122.7200 107.1234 106.5166 108.7701 104.6691 105.3861 102.7335 114.0078 109.6218 104.9864 105.4717 120.4865 118.2168 110.8225 114.6880 112.9667 112.0311 113.2277 115.4373 109.6855 111.9887 117.5824 109.3806 106.8924 132.7488 121.7807 123.4678 119.0323 100.5811 112.7478 124.3641 129.5947 120.9054 114.2169 98.7085 111.3180 109.5665 97.9005 112.8733 120.1172 110.5945 117.5097 111.8003 99.4246 119.6502 117.7929 117.7340 117.6743 117.6190 117.6019 117.6039 117.6488 117.6950 117.5264 119.4799 118.6117 117.0488 119.5447 118.4549 118.7855 118.7704 120.9575 112.9415 97.4500
122.6400 109.5095 105.7428 110.6138 111.0925 109.2881 117.6987 112.6181 105.9289 102.8275 105.8666 112.6283 120.6285 116.2734 115.3659 114.8022 121.0106 111.6599 110.4667 119.8986 120.8847 107.2173 112.7998 119.2556 125.9781 122.5254 114.5542 102.0603 112.9973 120.6514 120.5516 126.4170 120.3648 105.6285 98.0630 98.4881 98.4302 121.2064 121.5430 118.9442 119.4746 117.4418 103.8060 107.1637 119.0482 118.1747 118.2107 118.1200 118.0938 118.0684 118.0898 118.1170 118.1696 118.2477 118.2867 118.4329 118.7455 118.5044 118.9036 118.9504 120.8224 105.4802 120.5940 119.7800
110.5300 110.1428 104.5886 105.7262 116.1274 103.7609 124.7122 100.7858 103.0774 106.3472 101.7305 100.8055 120.3296 119.3241 117.5321 123.7412 125.4069 115.2924 122.6781 124.7185 125.0536 104.2501 120.4429 123.4865 121.9830 126.6741 100.6266 103.4291 119.4920 118.1457 120.4963 121.2060 121.2845 122.5633 117.5353 113.4224 97.5512 120.9391 119.3236 119.6264 120.1533 110.3047 109.9088 119.7299 118.8243 119.0807 118.4545 118.7404 118.5943 118.5733 118.5315 118.5653 118.6151 118.6815 118.7843 118.9195 119.1229 119.2484 119.3209 120.0647 119.8793 112.7067 117.3886 99.4500
105.1500 106.2547 104.9935 102.3858 123.7513 101.7379 110.7604 108.1754 115.5486 117.0059 121.2236 114.4454 107.1129 105.4550 126.0626 120.8001 117.4225 120.0368 115.2329 109.8130 108.4641 112.9447 106.8318 128.4624 122.2972 107.2121 98.4140 115.8753 103.2283 112.1285 121.9079 121.4004 121.1395 120.4809 120.2618 121.0679 111.0286 120.7023 120.0661 119.9063 121.9123 103.9693 117.8787 119.1125 119.1776 120.5327 116.2952 119.3545 118.7507 118.8034 119.0008 119.0015 119.0381 119.0972 119.1870 119.3107 117.7867 119.3798 120.0833 114.7201 120.9605 120.2794 113.6679 120.5300
106.5500 104.8391 112.6128 109.1122 119.9981 110.1746 124.8318 108.1016 124.7313 116.9980 103.4685 104.3974 118.6833 115.9626 124.8622 124.5873 117.5314 102.9701 110.4385 102.4045 104.6997 101.8239 112.4769 107.3203 112.6120 102.7089 100.1464 114.7121 116.0896 122.4025 121.7843 121.6710 121.4736 121.3621 121.0862 120.0577 121.4802 118.7831 120.0369 120.2011 113.6514 103.5605 121.7441 119.5423 119.5944 119.5676 119.7041 119.3303 120.3729 120.0039 119.2629 119.3295 119.4558 119.5338 119.5993 119.6897 119.6739 120.3275 120.4522 124.7169 134.9398 119.5665 107.7558 98.5800
120.8100 121.0296 117.8564 112.6132 118.3834 119.6510 118.1743 119.4975 117.1624 127.6106 102.6335 101.5476 134.5994 122.5519 125.8694 114.5119 125.7602 117.3332 104.4506 106.3906 102.3860 102.7817 102.0517 119.7150 123.8496 101.0835 107.2174 111.7902 115.1384 124.1069 122.0109 121.9185 121.7311 121.5523 121.0715 120.7103 121.0127 116.5654 118.4611 120.6455 110.1223 102.1323 116.6955 120.7266 120.0622 119.9257 119.6770 121.7304 103.8540 122.3094 120.0291 119.9643 119.8147 119.7674 119.8347 120.0241 120.1855 120.2971 109.0038 103.4487 122.0601 119.8912 117.1934 104.5900
111.4000 110.6015 123.5438 120.4229 119.5731 125.8771 118.6149 122.1119 103.6060 104.3493 106.8792 112.0439 118.1864 112.7570 102.5655 115.3147 120.3284 110.6827 110.7623 126.4868 125.0879 114.3313 124.6287 124.3260 124.2273 113.1586 107.4667 122.4247 122.9678 122.6671 122.2139 122.1443 121.9763 121.8054 121.5695 121.7791 103.4896 101.2969 111.6478 121.0200 124.4887 96.2343 111.8105 120.3615 119.7277 119.0457 120.0053 123.3375 98.2908 122.7018 120.3167 114.0649 120.5860 120.9069 120.7682 120.4305 120.3778 120.7799 122.8313 111.2868 120.9888 120.3526 108.4439 113.0600
123.7600 124.5692 124.2688 123.2065 121.8117 123.0983 122.7164 117.3717 104.7843 118.8640 112.3196 107.7538 116.1853 103.8086 106.8942 111.8964 111.9890 117.4513 121.6025 119.4237 124.2668 110.5203 107.2935 113.6635 115.3686 109.4995 116.3992 123.6635 124.5310 121.0728 122.5838 122.3563 122.2161 122.0674 121.8543 122.2353 123.1139 110.8413 121.5547 121.6686 120.5618 111.9917 120.3284 119.2193 119.9383 119.0273 120.3009 105.2751 100.0329 122.2983 120.4078 120.6839 120.6447 122.5111 104.5060 121.4597 120.6077 120.9893 114.5103 122.7038 121.2228 135.2194 109.0274 105.8800
124.7100 124.9197 127.4376 127.6401 127.9145 117.7704 122.7069 122.0155 114.3747 115.8404 125.4779 119.5844 106.4889 105.5062 105.7148 113.7258 108.8109 133.8839 126.7522 124.7306 125.1498 115.7099 112.3096 107.6835 111.3398 115.9153 113.0252 112.2700 109.9158 121.4079 123.4024 122.6757 122.5473 122.3319 122.2808 121.8540 121.7311 122.5396 121.5238 120.8752 117.2211 122.1103 120.9196 121.6993 120.4958 121.0488 119.3142 106.2732 103.2060 122.3607 120.8028 120.7539 121.0171 122.6354 104.7682 122.6577 120.9687 121.2173 122.5923 116.8644 107.4099 112.3408 103.0618 106.0800
125.1600 127.4100 127.3100 127.2000 126.9800 126.8700 128.5500 121.5900 111.7700 126.3000 123.6400 121.6900 121.7900 125.7100 114.0500 104.8000 110.1600 129.9300 129.8600 124.6600 124.5200 124.4000 124.2400 110.7700 123.8300 123.8300 114.0400 109.2200 115.6000 131.3600 122.9000 122.7400 122.7400 122.4200 122.4500 122.0900 122.0900 121.9500 121.7800 121.6000 121.6000 121.4100 121.4600 121.2400 114.7100 121.3100 121.0600 121.0900 121.1000 121.1100 121.1100 121.1000 121.0700 121.0500 111.7400 121.2700 121.2300 121.4400 114.3500 112.1400 117.1300 117.1300 111.6100 101.8100
