131.6100 123.5400 121.2400 113.2500 122.3100 122.1000 124.6100 124.1300 131.5800 129.9600 105.7500 105.6500 119.7000 119.6100 124.2700 117.6800 118.5000 118.5400 109.5600 108.8200 109.5000 111.4700 106.8500 108.2000 103.8400 108.0800 105.3400 103.1900 113.8500 113.8500 116.1400 111.3600 105.8400 108.8000 106.4000 123.7800 123.6700 108.9500 123.3100 112.3000 111.7600 122.6900 122.7100 122.3500 122.3800 122.1700 122.0100 121.8700 121.7000 121.7000 121.5300 121.3300 121.3300 121.1300 121.1700 120.9500 120.9800 108.7300 104.2700 106.3300 102.9700 120.8000 120.8000 120.7900
123.5100 127.6053 128.0459 115.3141 117.4040 117.8564 122.8489 123.4675 126.7512 127.7699 119.6557 104.9461 108.2262 121.5284 122.8434 118.5532 117.7263 110.8274 107.8251 107.7065 109.4140 110.0021 109.0614 109.4164 104.4875 106.1338 107.6886 105.1267 101.2106 107.4819 111.2851 116.7169 112.8823 106.2532 102.9841 108.8030 120.8360 117.8534 123.5437 125.7251 115.2691 118.9392 124.1702 122.3052 122.1205 122.6542 119.0839 121.6240 121.5712 121.4154 121.2823 121.1573 121.0359 120.9294 120.9070 122.2414 110.1413 105.3651 102.1149 106.6776 110.2671 120.8993 120.5857 120.4800
117.2600 114.1420 127.7033 126.1580 126.0965 118.2523 119.2444 117.5714 122.5414 120.7504 128.0509 119.3591 117.8629 122.6303 114.8005 118.6411 118.3820 119.3717 100.9182 106.2885 105.7824 109.4727 107.1697 106.2827 106.6562 103.0932 104.7640 103.7090 104.1867 103.1073 104.2135 107.8988 108.8256 110.5537 114.6828 109.7712 109.6186 112.7609 122.0235 125.7455 121.0967 104.4281 122.7665 123.6765 121.5393 121.0972 118.6381 121.8095 121.2562 121.1296 120.9834 120.8511 120.7217 120.6854 120.1791 118.1850 99.0737 102.5652 100.7778 110.7219 113.9165 119.5163 120.4188 120.1500
117.2600 118.9185 121.1824 123.3234 123.5361 126.2685 125.7716 114.7815 116.2694 115.2337 120.2709 119.3591 124.0828 122.4651 118.9596 113.4115 116.0442 116.4249 116.3344 103.4158 103.6233 104.2138 103.2053 104.2473 106.7740 106.2209 108.8759 111.3493 100.9184 103.1015 108.1015 107.7073 103.0590 110.1205 123.2575 120.4741 126.8407 121.9459 122.7950 132.8344 122.1343 119.4159 116.6414 110.1887 119.6385 125.5776 119.6266 121.3494 121.0025 120.8034 120.6733 120.5250 120.4009 120.1276 121.3885 117.5813 98.0954 102.0791 100.3978 103.4051 108.2955 100.8988 121.5346 119.8100
123.5100 127.5220 121.2897 120.5538 120.1931 118.0045 117.3373 122.4101 122.4640 123.2801 114.5907 109.8666 119.7779 119.7761 114.8064 119.7033 113.6725 113.1954 115.3832 107.0703 118.1333 113.0079 107.0590 103.2233 103.4342 104.6917 106.7738 108.1537 107.6841 103.6191 107.7745 109.4035 121.2420 117.5734 125.0571 128.3006 125.0956 120.7006 123.2090 123.0176 121.6269 121.8272 103.4439 111.6558 113.8639 108.1030 112.9899 121.6255 120.9033 120.5108 120.3688 120.2063 120.0727 120.1675 116.5250 103.9835 102.4334 103.0641 106.0323 106.0214 111.0800 121.1682 119.3156 119.4500
123.1900 123.1811 124.5570 120.4963 116.2525 118.0407 116.9648 114.3310 115.9234 117.3299 124.9399 105.0367 107.9236 108.8125 117.3199 116.9753 115.7987 115.4621 113.3942 110.9130 114.0431 112.8023 115.6159 111.6317 102.2199 102.7085 101.2188 101.3099 104.5143 101.8374 103.5571 110.7754 125.6197 109.7463 103.3846 119.5595 122.7466 122.7582 122.3697 122.2048 121.9511 121.0262 118.9288 121.9514 107.2826 103.6095 121.0574 121.2816 119.5652 120.2197 120.0220 119.8550 119.7245 120.1851 109.5873 102.0794 106.1843 103.6075 119.5715 118.9783 120.7677 115.2176 119.2502 119.0800
124.1700 124.3829 122.2224 119.5005 123.1903 118.8763 118.3326 121.8175 116.4496 110.8410 106.4301 110.9821 115.8803 105.0606 112.7498 112.3051 117.5629 115.4372 117.4441 106.8096 113.0051 112.2029 116.0860 113.8396 102.4981 112.4425 117.9925 117.6157 124.1054 121.7486 114.4057 101.6760 116.8528 109.1162 109.6695 125.4108 123.5143 122.3971 122.2513 122.0713 121.5736 121.8199 123.3661 102.8235 112.5370 103.9018 106.6881 126.7019 124.6799 119.5843 119.7382 119.5533 119.3560 119.4737 111.5120 98.6480 102.8632 113.8553 113.6159 114.1240 119.1501 118.9614 118.4925 118.6900
125.4000 126.9930 122.1989 123.4673 111.6792 119.1813 118.2184 117.5058 116.6722 115.9136 115.3423 114.0734 105.2012 104.4184 110.9645 105.3676 114.7946 112.9601 117.6694 115.7594 116.4432 106.5136 119.2039 102.8889 119.6264 109.1336 107.5071 102.0472 117.7396 124.0825 122.5179 123.3646 124.3889 108.1820 117.8808 114.1755 122.4421 122.2542 122.0128 122.1816 118.1642 121.4145 121.4946 119.4538 124.1628 113.0820 116.2777 121.8687 118.4162 119.9285 119.2987 119.1817 118.7810 118.7291 121.9245 96.3189 100.9916 118.9727 118.0405 118.8441 118.3534 117.9789 118.0738 118.2900
113.0300 113.3544 115.0274 125.9525 125.4340 119.8257 126.0671 106.5048 120.5674 114.8120 112.3617 104.1080 104.5955 114.4500 103.9818 119.8432 112.5559 116.8904 115.5869 113.4870 113.3958 115.8238 117.2276 104.9932 115.8738 114.2784 122.0748 107.6650 108.7534 130.5098 108.0601 107.1500 112.8748 127.5330 123.5472 123.2986 122.3054 122.0245 122.0049 121.6270 121.5219 120.6266 121.1055 120.6615 117.7085 106.5905 130.9654 115.3180 119.9290 119.1578 119.0347 118.7709 118.3760 111.9878 113.5820 93.5197 97.3671 119.0162 117.0680 117.4815 117.4949 117.5889 117.5972 117.4100
125.5300 115.7281 113.8898 109.1014 110.0872 114.7135 121.8600 113.5505 109.0906 109.7534 114.6248 105.5470 106.4290 106.9254 108.3851 114.5943 110.8709 107.8555 108.9545 112.4584 113.5742 112.7582 115.2179 117.0903 116.7328 118.8030 126.4387 130.3829 129.6389 122.0393 125.0347 126.3457 123.1307 121.2568 122.2182 122.2463 122.0765 122.7651 120.1327 121.7266 120.8690 121.4747 122.1472 112.7119 104.1290 114.1620 115.7477 119.6867 119.0581 118.8992 118.6487 118.1559 120.3394 116.3793 114.8360 118.1785 111.4659 117.2962 116.8494 117.1873 117.1289 117.0803 117.0937 116.9400
120.0000 119.7860 114.7400 122.0343 112.1123 109.8531 111.0513 105.9345 109.5640 104.9769 106.1879 106.5066 103.8049 114.3207 116.4998 111.8409 112.4287 112.5617 116.7333 111.0688 107.9154 111.6298 109.4976 111.6978 123.0569 132.1370 126.7680 128.0116 124.1640 123.8955 123.0212 122.2428 121.2805 121.4615 122.1911 122.3038 121.5442 123.8495 98.1946 123.5971 121.2108 122.0422 116.6558 100.6081 116.0260 117.5863 117.9254 119.5016 118.7656 118.5462 118.2829 117.8834 116.7865 106.0921 99.4668 119.7223 115.8424 116.9400 116.4580 116.6090 116.5577 116.5343 116.5777 116.4400
119.5300 119.5013 120.0755 120.5848 123.5531 120.7527 123.3318 116.8670 112.3738 106.9137 110.3363 104.9746 105.1834 104.8830 103.9491 107.1063 108.3836 108.3798 114.8269 113.8435 108.1502 108.7155 106.5594 121.5949 119.6509 120.1285 120.4863 123.7072 123.3003 123.3757 123.1039 117.2886 106.9337 123.4633 122.5401 121.9392 121.8222 115.2443 114.6360 122.8185 115.4734 111.7254 104.0512 121.2373 119.9546 119.1740 119.1944 118.7230 118.4905 118.1670 117.8723 118.1697 114.7615 115.3507 90.3421 103.7433 117.0029 116.2766 116.1404 116.0510 115.9861 115.9615 115.8336 115.9100
117.3500 116.7285 120.6337 122.9621 122.7901 125.2510 120.0225 119.1412 119.8095 112.5887 118.3147 111.6048 110.5290 109.3681 107.2001 109.2651 107.2461 104.0616 103.7073 107.6000 113.4615 110.9569 109.1037 126.9599 125.4616 124.5001 124.3904 123.9007 123.4852 124.9182 126.8559 107.9175 119.3433 128.0761 122.7611 122.3598 124.1945 96.7999 111.0457 106.4202 113.4968 104.2929 97.3040 107.5297 120.5538 118.9232 118.7485 118.4485 118.1208 117.8140 117.4975 117.2577 113.0484 118.3999 105.3593 110.4614 116.4935 115.7194 115.5615 115.4436 115.3855 115.3601 115.7081 115.3500
112.1800 124.4798 116.9320 119.3464 122.2621 121.6625 119.8232 119.5733 114.7237 118.2580 112.0665 116.6780 114.3795 112.9710 109.5418 112.9535 104.5558 105.1146 107.2205 108.5500 118.9810 104.6875 105.8538 122.5835 128.6444 123.8407 124.0126 123.8242 123.3220 112.9688 124.6941 99.6768 124.1212 124.1261 121.9875 122.9882 107.7224 122.1492 104.4030 98.4788 120.5469 106.7513 98.5846 115.8996 114.4307 119.0963 118.4301 118.1193 117.7874 117.4451 117.1141 116.7619 117.0602 116.3768 103.7732 113.3162 115.2231 115.1187 114.9289 114.7948 114.7733 114.5439 109.8960 92.7400
117.6100 120.6554 120.7469 118.2313 120.4585 120.0391 121.9032 122.3824 115.0463 115.4193 118.2777 115.2510 115.6034 112.6879 111.9691 112.7674 109.2365 109.7518 108.7637 109.2140 110.7427 103.7883 104.8193 121.7379 108.0930 125.5841 123.7444 123.7151 124.8666 109.3147 109.6372 112.5987 113.9344 119.2029 121.3385 122.2276 107.4833 111.4389 114.7392 98.2388 107.5837 120.4282 113.2515 117.5983 116.4058 118.5684 118.2102 117.8016 117.4359 117.0747 116.7085 116.2619 115.9591 116.1513 115.5895 114.7570 114.7777 114.4547 114.2503 114.1033 114.0237 113.8713 114.1973 114.0900
117.3300 121.6250 121.5330 115.8242 117.7208 121.4752 121.9496 122.2465 118.2417 114.4532 115.9896 119.7502 115.5494 113.9940 110.7843 110.9257 107.5044 105.4694 103.6504 108.7920 101.4267 101.9829 103.5258 123.3165 112.6636 126.5201 123.6292 123.7438 123.2778 119.6184 117.4171 112.5931 115.7414 121.9281 121.9269 121.2520 122.9919 105.0605 100.5739 113.6997 113.4742 106.7616 119.4933 118.8078 119.0302 118.1657 117.8877 117.4856 117.0981 116.6976 116.3379 115.7770 115.9635 118.1172 114.8045 114.4262 114.0128 113.7657 113.5347 113.3466 113.2331 113.1188 112.3930 109.8900
114.6300 115.2115 115.3597 116.5159 113.6967 111.7358 120.2703 111.7090 119.2619 117.6746 113.7627 110.4370 107.9422 106.0733 111.2228 110.5704 110.9671 104.3580 119.8304 119.3426 119.4219 122.8483 122.3033 124.6451 123.2064 128.7765 124.0330 123.7903 123.3265 123.5974 123.4380 121.9822 121.7888 122.1892 121.6852 121.2234 121.0119 120.5842 101.7794 101.6267 110.8619 111.3829 118.5949 119.3050 118.3636 117.9948 117.5892 117.1800 116.7598 116.3284 115.9258 115.1832 116.9206 100.5262 113.9778 113.9394 113.4134 113.0295 112.7409 112.5237 112.3766 112.3927 114.3981 120.9000
115.0300 114.3284 113.8557 108.8026 108.9484 106.3503 104.7629 115.2534 114.4170 111.4457 110.0946 116.3545 108.4364 118.5734 110.4843 107.0538 111.0176 104.1127 105.1147 126.9153 118.5624 125.1960 124.6438 124.3695 123.9909 124.9383 118.7696 123.8490 123.1690 122.9730 122.6928 122.4795 122.2079 121.8973 121.4521 121.5435 120.9584 120.8531 120.4493 110.3911 116.1275 125.1195 108.8045 116.8275 117.7732 117.7410 117.3157 116.8751 116.4232 115.9667 115.4871 114.9937 114.6932 113.4209 113.4851 112.8778 112.6964 112.2191 111.8773 111.6174 111.4383 111.3607 111.1346 111.7900
115.3400 114.5844 114.2766 110.2493 116.5065 107.2441 112.2113 113.6235 110.4349 109.3937 110.8319 104.8168 108.1688 110.0484 105.5561 105.3487 103.6299 114.4662 119.2941 112.0729 126.0773 125.0259 124.5272 124.3823 123.4625 124.6470 106.3870 122.6848 123.0178 122.7873 122.6309 122.3750 122.1088 121.8479 120.9811 119.0551 99.0526 120.2108 120.1661 121.1675 120.1828 116.1114 118.9099 118.6604 117.0839 117.5503 117.0643 116.5864 116.1036 115.6084 115.0868 114.5515 113.9294 113.4339 112.9002 112.6131 111.8136 111.3571 110.9407 110.6130 110.3966 110.3470 110.4541 110.8600
120.5800 115.8584 112.6626 106.7449 109.1498 111.0089 109.6275 108.5157 104.3416 108.8939 110.8129 109.9229 110.4078 110.7275 110.0266 109.1581 105.3440 116.8740 116.6237 114.9899 125.3699 121.1655 124.7470 124.4047 123.6926 121.0167 107.0414 101.6242 109.0807 123.5202 122.6528 122.2644 121.9988 121.6590 121.8212 121.6054 122.4294 119.0309 121.7029 119.4940 119.3284 119.3950 118.8427 116.0898 109.9332 117.9630 116.6947 116.3197 115.8032 115.2657 114.7002 114.1255 113.5199 112.8067 112.2399 111.6203 111.0029 110.4213 109.8962 109.4852 109.2019 109.0804 109.1542 109.8200
120.4900 120.3126 120.2733 114.5199 115.7455 115.3595 114.0502 114.6911 110.6322 106.5811 107.2219 106.7313 104.8436 109.2086 109.3069 105.5594 104.2028 119.2072 116.7141 109.5898 124.7902 124.5044 124.2802 123.8935 123.4484 121.7676 117.5935 119.8783 119.7664 122.7914 122.6766 122.3327 122.0584 121.6679 118.4942 118.5985 120.4022 105.8766 112.2489 119.4821 119.3077 118.7472 118.3580 118.4696 117.0636 117.2600 116.5902 116.0574 115.5150 114.9381 114.3289 113.6963 113.0254 112.3358 111.6110 110.8744 110.1286 109.4039 108.7461 108.1971 107.8206 107.6727 107.7914 107.1500
116.2500 120.2170 118.3796 115.6477 113.2708 113.2994 111.9532 114.2346 116.3000 114.0159 114.7736 115.7162 107.5126 103.4356 104.6542 104.4685 107.2604 121.4891 116.9047 123.0769 126.0802 124.3598 125.0575 126.2789 125.5956 125.4016 124.7191 122.8583 123.1517 122.4893 122.1928 121.7790 121.3408 120.8943 119.7454 112.4548 114.7009 99.2172 103.3965 121.5440 119.1455 118.7233 118.3214 117.7719 117.3233 116.8543 116.3914 115.8256 115.2556 114.6384 113.9875 113.2998 112.5674 111.7848 110.9632 110.0991 109.2095 108.3208 107.4564 106.7210 106.1881 105.9789 106.1382 107.1500
120.4300 116.8378 116.1885 113.9957 112.1565 112.1951 111.3397 113.5529 113.8327 111.9783 113.6122 113.5332 114.5856 107.3483 114.0094 109.4321 105.6328 122.8347 117.7628 123.9592 124.4625 124.5896 121.3732 112.9324 114.3390 111.3127 114.9422 124.3995 122.9447 122.5633 123.4772 123.8073 124.2947 123.7851 121.1894 122.8796 113.5762 111.2290 117.1985 126.3043 118.9998 118.5849 118.2069 117.7442 117.2601 116.7545 116.2071 115.6264 115.0223 114.3735 113.6842 112.9384 112.1406 111.2827 110.3342 109.3291 108.2635 107.1589 106.0356 104.9908 104.2038 103.8716 104.1261 103.5900
113.7700 115.7343 112.1670 115.8489 114.0453 111.5814 110.9691 109.7583 109.2745 112.0631 109.6226 110.8698 112.6375 111.4076 110.2555 111.9549 109.5747 120.9919 121.0945 124.7061 124.7611 124.4829 123.8472 106.2136 101.6619 99.2395 105.9678 127.1063 122.7828 122.3129 122.3757 110.6544 110.4131 107.2303 124.3839 117.1594 122.1618 122.5899 127.2565 119.1724 119.1101 118.3258 118.0020 117.6399 117.1272 116.6009 116.0523 115.4589 114.8244 114.1485 113.4222 112.6284 111.7674 110.8285 109.7909 108.7002 107.3696 105.9808 104.4739 102.9503 101.6522 101.1016 101.5268 100.9300
106.2800 120.4987 117.4700 120.0144 113.5271 116.9592 113.0402 113.1052 113.1091 112.0349 114.2365 111.2050 112.8891 105.0047 103.8843 107.2673 115.2776 118.3950 121.6623 125.1549 124.8233 124.5875 123.6901 128.5010 176.6272 125.6929 118.9072 122.5388 122.7317 122.6794 122.7918 105.8947 99.1096 115.0714 115.2376 119.4835 121.8517 107.6389 119.7580 120.5015 118.8042 119.1812 118.4760 117.3834 117.0524 116.4996 115.9357 115.3254 114.6762 113.9741 113.2132 112.3797 111.4625 110.4509 109.4349 106.9506 106.6631 104.8284 102.8415 100.5469 98.2854 96.8917 97.9718 97.2600
113.5000 114.1892 111.2010 111.3748 111.9141 113.2297 108.1177 110.0142 113.7706 118.3684 109.3205 110.3895 110.4019 104.2804 103.8691 106.0119 116.5583 116.3161 120.4694 125.1057 124.8453 124.6119 124.6786 124.4117 71.5304 103.7644 122.2570 111.1691 123.3261 122.4694 122.4616 122.2886 117.0641 123.7033 124.1673 121.7510 120.5269 117.5280 123.7279 104.7049 121.0382 115.6981 114.0836 117.5688 117.0069 116.4499 115.8534 115.2389 114.5726 113.8494 113.0628 112.2064 111.2518 110.1819 108.9642 107.2798 105.9235 103.8864 101.3315 98.0789 92.7154 90.2427 92.0591 96.2200
119.6300 118.5829 118.2480 117.5549 117.4422 116.8719 111.6496 117.5423 104.9311 120.4002 114.9101 114.0179 106.1826 104.4705 102.7755 117.6937 110.4447 123.5010 120.0397 125.0025 124.6551 124.6263 124.9815 114.0296 127.4283 121.4755 122.9502 122.6773 122.7988 122.5949 122.2559 121.9975 121.8089 116.4198 110.7903 107.3199 122.5493 107.2334 103.1272 97.9645 110.1102 117.4020 116.3325 117.6063 116.9733 116.3887 115.8185 115.1918 114.5202 113.7831 112.9849 112.1055 111.1315 110.0374 108.7904 107.3475 105.5619 103.3224 100.3171 95.8852 88.1893 85.7694 88.1872 89.6600
119.3200 120.0343 119.1979 119.4069 119.0592 119.4364 112.3388 116.0586 116.8186 115.6123 116.7507 112.7775 104.8767 108.0973 104.4818 105.9920 105.9839 124.8301 115.0883 125.2149 124.5368 124.5989 124.4587 123.5325 123.7754 123.6545 119.7680 118.1974 122.8195 122.6583 122.3236 122.0367 121.8609 120.1336 112.4997 102.6766 115.7951 102.5005 111.9849 97.0034 110.4893 115.8738 117.2913 117.5523 116.9540 116.3983 115.8117 115.1886 114.5115 113.7854 112.9872 112.1202 111.1338 110.0202 108.7643 107.2773 105.5324 103.2961 100.2598 95.7773 88.0468 85.7875 87.9264 89.6400
106.2700 106.3014 106.7571 106.1038 105.7162 105.2944 105.3749 105.1293 104.9045 104.9069 104.7245 104.7404 104.3242 104.1227 106.7344 103.3571 102.8081 124.2603 123.5640 120.1267 125.2520 124.5875 124.4065 123.6235 119.0663 117.2701 112.4575 124.5969 122.8985 122.6023 122.3594 123.1242 108.1944 100.3415 100.3397 100.2344 112.3673 101.4139 122.9684 115.5983 113.3953 118.7377 118.0592 117.4745 116.9726 116.4342 115.8496 115.2277 114.5666 113.8424 113.0540 112.1523 111.3797 110.1779 108.4722 107.5271 105.8720 103.8178 101.2145 97.7115 92.3651 89.5611 91.4921 96.1700
128.2700 129.0958 130.8756 114.6860 110.6932 109.4826 110.6994 109.9107 109.6547 108.4257 107.3789 105.5988 104.5510 103.7673 122.8947 103.7990 123.9421 124.8636 125.0315 124.3973 124.7943 124.5310 123.9333 124.4021 124.2438 123.4494 123.8016 122.7986 122.8000 122.5807 122.3564 122.2735 122.7637 116.7635 101.8123 103.4630 115.2071 119.0049 119.7039 119.5886 119.2262 118.4322 117.9981 117.5377 117.0355 116.4980 115.9304 115.3128 114.6653 113.9559 113.2035 112.5050 108.9074 110.5193 105.1455 108.1173 106.5095 104.7295 102.6940 100.3466 97.7703 96.2591 97.4956 100.4000
128.2700 127.9846 128.7855 116.3193 112.2207 111.4426 116.2884 109.6111 105.8320 111.7782 110.7861 104.8040 116.7977 112.4680 109.0716 106.0774 104.9201 125.9688 117.8759 124.5884 124.6721 118.0122 110.8181 124.4325 123.4206 114.6563 124.0227 124.2809 123.5219 122.6702 122.5055 123.0010 122.7793 99.4325 103.8781 118.1966 109.2266 103.3930 120.5250 119.1659 118.8890 118.5471 118.0943 117.6182 117.1229 116.5947 116.0371 115.4489 114.8171 114.1433 113.0506 112.6328 103.8095 111.9563 110.4229 108.5021 107.3019 105.8635 104.3163 102.7501 101.3692 100.7609 101.2179 100.9400
128.2800 128.7358 124.8279 114.7471 111.5558 114.4175 112.1444 110.4991 110.9739 110.0315 109.0874 109.4260 118.2562 110.9539 114.0826 109.9282 127.8903 123.7315 125.6232 125.0178 127.0123 112.5588 110.8921 126.1015 123.1082 124.8151 120.0839 115.5996 119.8213 122.3998 121.4082 116.1784 106.1876 100.4259 97.9627 96.6552 112.4048 113.3664 120.6042 119.4132 119.0379 118.6059 118.1744 117.7186 117.2291 116.7211 116.1823 115.6106 115.0006 114.3451 113.5947 113.8992 113.2944 110.9310 110.2355 109.2944 108.1867 107.0444 105.8920 104.7987 103.9692 103.6213 103.8942 103.5600
128.2800 127.7538 111.9917 110.2812 108.3234 108.6496 110.8777 105.5242 108.2115 107.3444 106.3855 106.2458 111.3471 107.6383 114.2656 110.0857 122.2143 125.4815 124.9342 125.7947 114.7349 118.1518 127.0206 112.6912 116.6681 124.5911 113.8618 111.5864 121.8161 124.2485 101.0980 103.7618 102.5748 104.6493 100.6288 101.3986 105.7431 111.7816 120.1183 119.5430 119.1183 118.7561 118.3294 117.8511 117.3739 116.8799 116.3545 115.8130 115.2274 114.6060 113.9725 113.1638 112.4205 111.8082 110.8966 110.0382 109.1231 108.2134 107.3250 106.5556 106.0054 105.7846 105.9521 105.6000
128.2800 116.0420 103.0762 103.7374 108.4102 107.4173 107.5300 110.2669 111.3577 109.5928 109.6503 105.1218 105.5638 106.6339 114.6074 124.1682 123.8363 123.1836 125.2078 123.7720 107.5987 121.2162 123.7621 117.2140 110.8602 124.5875 125.7978 125.2161 123.1812 115.7977 104.5620 104.7412 102.9510 101.0499 109.1794 110.2750 112.3810 116.1040 119.9845 119.6736 119.2219 118.5962 118.2663 117.9837 117.5360 117.0607 116.5596 116.0373 115.4836 114.9064 114.3113 113.7055 113.0180 112.2829 111.5433 110.7933 110.0372 109.3113 108.6257 108.0549 107.6686 107.5196 107.6289 108.5200
128.3900 117.4461 119.4942 125.1783 112.9772 113.4510 108.9786 107.0434 109.3848 109.1542 105.8656 108.1283 104.3910 104.4375 102.9260 111.0110 120.1122 119.7791 125.4535 119.5406 125.6946 124.3831 123.2332 122.1610 123.5692 123.1479 123.2927 122.9983 123.7312 108.7996 117.7007 115.4427 115.2111 110.2027 134.0008 123.0796 122.4403 121.6200 120.1210 119.7130 119.6496 119.7181 118.8013 118.1658 117.7179 117.2633 116.7899 116.2912 115.7735 115.2319 114.6605 114.0749 113.4596 112.8352 112.2004 111.5546 110.9167 110.3186 109.7869 109.3516 109.0642 108.9522 109.0402 108.5200
128.4000 124.6575 116.4676 110.2859 109.5713 111.6723 109.4809 108.8934 109.9227 105.6550 110.3879 102.8885 120.4823 113.1089 106.6111 108.5244 122.2482 126.2523 125.6201 125.5276 124.7215 123.8290 123.9907 124.6236 125.2478 123.9750 123.3425 123.3830 123.5617 118.4701 123.9378 123.6356 123.3558 118.1850 101.6329 126.1968 120.5240 120.3544 120.2369 120.0274 116.2585 111.4068 118.4438 118.3137 117.9199 117.4790 117.0311 116.5591 116.0732 115.5680 115.0497 114.5144 113.9662 113.4040 112.8417 112.2859 111.7570 111.2681 110.8346 110.4981 110.2779 110.1917 110.2598 109.8100
113.2800 112.5994 110.8406 114.4873 111.4418 109.8418 110.6326 110.7876 108.2888 108.8322 111.9886 106.4859 121.8559 107.4842 102.8741 114.4117 126.2823 125.1899 119.4214 125.1871 125.1335 124.9662 124.3950 126.3524 103.7035 127.0539 125.0896 123.4881 123.1846 123.3342 122.4832 122.3091 121.8506 122.5329 123.5592 122.8830 121.1542 120.6954 120.2952 120.0943 117.3549 136.9347 118.6574 118.6416 118.1300 117.7145 117.2947 116.8506 116.3961 115.9281 115.4502 114.9552 114.4622 113.9636 113.4739 112.9926 112.5517 112.1357 111.7929 111.5171 111.3427 111.2774 111.3268 111.7800
119.7400 118.8831 110.9668 106.8868 109.5586 118.5234 111.5907 111.8011 111.3688 113.0332 105.2297 109.6958 122.0439 126.7290 125.3948 127.0356 125.7626 125.2949 125.5080 125.2594 125.0566 124.8573 124.6193 124.7709 122.4326 117.2233 112.9682 123.5569 123.2389 123.0221 122.8164 122.5410 122.2694 121.8299 121.2628 121.0296 120.9925 120.8944 120.4667 120.2018 120.0288 117.9019 119.0368 118.7596 118.3597 117.9717 117.5605 117.1451 116.7231 116.2931 115.8494 115.4082 114.9640 114.5162 114.0860 113.6761 113.2870 112.9467 112.6578 112.4366 112.2950 112.2370 112.2764 112.6200
118.3000 118.1552 118.7450 115.3218 114.3993 112.7971 112.7517 114.6305 113.7566 106.8517 111.8654 126.2145 120.4385 126.5990 116.8429 107.5581 136.8073 126.2577 125.5280 125.3346 125.1287 124.6707 125.5283 115.5969 125.2223 120.9008 124.4754 123.5609 123.3310 123.1346 122.8771 122.6348 122.3615 122.2254 121.4724 121.4433 120.0701 124.9672 113.5659 121.2763 119.9034 119.6644 119.2597 118.9569 118.5942 118.2266 117.8441 117.4604 117.0659 116.6589 116.2616 115.8556 115.4583 115.0616 114.6800 114.3202 113.9869 113.6972 113.4534 113.2638 113.1502 113.1084 113.1395 113.3900
118.6000 114.1633 114.1286 114.1257 115.5134 114.4324 115.6875 111.8450 110.5352 108.5075 120.4891 115.4422 112.3923 105.8311 125.3062 111.1344 127.5404 124.1612 125.5885 125.4030 125.1844 124.8466 125.0263 124.9766 124.5951 122.6987 118.1838 122.1989 123.4439 123.2461 122.9777 122.7093 121.9551 120.1548 95.9525 102.4101 101.7923 120.4445 115.1287 120.7197 120.0782 119.8914 119.5486 119.1841 118.8174 118.4796 118.1344 117.7716 117.4184 117.0526 116.6634 116.3013 115.9359 115.5852 115.2408 114.9327 114.6458 114.3899 114.1836 114.0256 113.9279 113.8921 113.9182 114.0900
116.1700 118.4448 113.3295 112.3335 115.9873 113.4519 109.9598 108.6260 104.9240 104.5696 102.8401 118.9648 115.3520 122.1348 124.8332 118.1305 126.2393 126.1297 125.6155 125.4386 125.0063 125.0163 124.8926 124.3129 118.4496 115.2076 124.4092 124.0039 123.5498 123.3047 123.1469 122.7227 118.6114 105.8674 104.4976 125.3298 124.7661 100.6648 123.5836 120.5284 120.3539 120.0412 119.7332 119.4183 119.4189 118.7509 118.4364 118.0843 117.6546 117.3351 117.0573 116.7385 116.4088 116.0926 115.7870 115.5125 115.2567 115.0392 114.8614 114.7320 114.6446 114.6181 114.6411 114.7400
115.1100 118.1863 110.1213 109.2368 107.3687 108.2581 108.5056 106.6762 105.3998 108.4991 103.6553 114.3074 117.9993 120.7224 127.4166 127.4238 125.9868 125.8931 125.7185 125.4751 127.4726 125.2614 125.5147 126.4119 106.7757 117.7078 124.9091 123.6869 123.6944 123.4075 123.2028 122.7089 122.7645 124.4862 124.7901 121.6157 121.7198 122.2409 120.8084 120.8513 120.5417 120.2595 119.9617 119.5618 120.2956 119.2571 118.7306 118.4102 117.9013 116.9521 117.5740 117.1630 116.8642 116.5788 116.3113 116.0619 115.8427 115.6583 115.5059 115.3853 115.3124 115.2868 115.3038 115.3400
118.5200 121.8697 113.0772 108.1893 108.3159 108.3058 107.4138 107.5743 107.4260 108.1526 110.9344 112.2019 129.0890 128.4173 128.7028 125.6559 126.2767 125.8771 125.6906 124.9183 127.6809 124.6883 122.8654 125.8570 113.2270 125.6028 125.1165 124.4302 123.7280 123.4517 123.2281 123.1973 122.5573 118.3664 113.1792 115.2514 122.6571 121.5947 121.1839 121.0346 120.7497 120.4695 120.1869 119.9172 119.5036 119.2130 119.0422 118.6985 118.5449 118.1694 117.8276 117.5676 117.3027 117.0450 116.8008 116.5942 116.3994 116.2213 116.0085 115.9932 115.9236 115.9054 115.9202 115.9100
122.6000 117.2593 110.6365 107.5531 107.8926 108.6615 106.8539 111.3927 105.4597 107.6608 123.4117 111.6206 118.4207 123.4634 128.6391 129.0413 125.5348 126.7203 126.0504 124.4135 122.6966 126.7678 103.4962 119.7295 124.9831 124.3358 124.0696 123.9208 123.8380 123.9396 123.2708 123.0009 125.1081 105.2894 101.1720 105.9566 123.1690 121.5888 121.5299 121.2127 120.9560 120.6834 120.3996 120.1623 119.8365 119.5849 119.2100 119.0513 118.7480 118.4901 118.2356 117.9825 117.7303 117.4988 117.2830 117.0264 117.1143 116.7070 117.0111 116.5477 116.5008 116.4770 116.4992 116.4400
118.7200 106.7163 108.1035 111.1399 111.2910 111.9242 106.1446 107.5183 105.8865 105.0753 122.4043 115.6476 120.1520 125.3371 126.4222 127.2266 128.4195 116.6479 127.0630 126.8049 115.2073 120.7501 116.0934 123.3653 124.6244 124.6710 124.4262 123.6703 127.2210 116.9457 122.1537 123.5219 119.6130 102.3987 103.5600 115.3848 120.0199 121.9761 121.6756 121.4053 121.1440 121.0049 120.7071 120.4822 120.1042 119.8082 119.8382 119.3389 119.0984 118.8500 118.6089 118.3756 118.1495 117.9364 117.7382 117.5291 117.5582 111.4365 117.7123 117.0775 117.0396 117.0234 117.0332 116.9400
117.1500 117.0868 111.3979 113.2076 110.0524 109.8668 109.4002 104.9555 105.4271 105.1720 115.3227 130.8113 129.4776 127.1899 126.1922 126.7709 114.8451 116.7438 125.3339 125.8996 118.4735 125.9835 127.2155 125.8903 124.8774 124.6698 124.4597 122.6739 109.2174 101.9792 121.8991 124.3840 104.4249 103.0340 102.4759 118.1210 121.4571 122.1281 121.8410 121.6068 121.3936 121.0111 120.2860 120.5676 121.2629 114.2397 119.3625 119.6650 119.4146 119.1927 118.9677 118.7495 118.5447 118.3552 118.1765 117.9947 118.3705 116.9956 117.7489 117.6072 117.5456 117.5327 117.5497 117.4100
111.0900 113.5153 107.1861 108.4634 107.6318 96.9483 111.0417 108.2071 108.4559 109.7288 123.3305 128.0005 127.3211 126.8498 126.7658 126.4773 123.2958 129.7821 128.3493 126.3002 127.4688 125.9107 125.1522 124.8503 125.3068 125.1625 124.4461 123.4172 120.0044 117.0590 124.3273 102.9974 102.9017 100.5252 99.0901 125.0499 122.5300 122.2739 122.0378 121.8087 121.4517 121.4364 123.8318 125.2426 110.7277 116.3314 120.8963 119.6971 119.8240 119.5276 119.3185 119.1200 118.9417 118.7499 118.5929 118.4486 118.3169 118.2241 118.1398 118.0654 118.0305 118.0176 118.0242 117.8600
118.4000 109.5610 107.9102 111.2940 109.8686 125.0114 117.9774 112.3122 115.7724 122.3763 140.1540 120.7615 128.4315 126.2380 126.4766 126.4603 127.1714 126.4337 125.9862 125.9095 125.6652 126.0828 128.0960 125.5757 121.7588 124.3545 124.5314 124.8030 124.8445 124.0988 126.7973 101.9503 122.4407 119.6496 120.3147 122.8591 122.4760 122.4305 122.2022 122.0804 121.6811 123.4839 104.5320 102.6107 98.5326 103.7587 123.1696 119.9821 120.1668 119.8407 119.6720 119.4866 119.3156 119.2695 119.1111 118.8714 118.7509 118.6505 118.5783 118.5172 118.4870 118.4731 118.4836 118.6900
113.3900 111.3816 109.9848 118.2811 117.1780 120.6332 117.1827 113.2045 110.4661 105.0077 120.7850 102.1481 124.8249 126.6790 127.5048 127.2578 116.3562 133.6782 126.0808 126.1300 126.1457 126.6966 128.8937 124.0603 124.7938 124.8695 124.8017 124.5942 124.4555 124.0828 124.3076 108.3765 125.4668 123.3374 123.3745 121.3013 124.4111 122.4579 122.4175 122.2123 122.7854 115.0173 101.4631 97.1173 116.2809 120.8440 120.8642 120.3563 120.3404 120.1812 119.9993 119.8333 119.6748 119.5149 119.3807 119.2743 119.1685 119.0853 119.0039 118.9471 118.9175 118.9078 118.9153 119.0800
116.7900 117.1614 117.3020 117.9535 120.9770 118.4402 112.1352 105.3386 105.7568 105.9482 105.1492 111.2079 115.6745 111.9832 107.1382 122.5950 115.1670 127.5950 126.1943 126.0754 122.6369 132.3291 124.2849 124.2291 132.4898 125.9577 124.9969 124.7230 124.4978 124.1608 124.8300 114.8551 123.7661 123.3598 126.1420 122.4730 123.1184 122.7982 122.6394 122.0535 124.4985 106.8880 106.4833 101.4134 121.2853 121.2641 120.9801 120.8495 120.6826 120.4942 120.3247 120.1675 120.0188 119.8894 119.7696 119.6385 119.5154 119.4223 119.4038 119.3569 119.3313 119.3166 119.3295 119.4500
122.4100 116.7089 115.9544 117.8780 117.7248 107.7480 107.8090 106.1828 105.3466 110.1258 112.7546 115.7591 129.4117 130.9250 109.1485 117.4816 127.9619 126.2956 123.2458 127.3095 127.2074 124.4845 109.5306 103.8355 127.0747 124.5379 125.0406 125.2202 124.7480 126.0237 106.5748 118.6641 124.6766 123.0114 116.2314 117.1708 123.0580 122.9420 122.8456 122.6212 121.8100 102.2806 109.4514 109.8694 119.2717 121.4151 121.1175 121.1493 120.9703 120.8004 120.6648 120.4955 120.3612 120.2404 120.0515 120.0647 120.0633 119.9855 119.8205 119.7482 119.7288 119.7167 119.7270 119.8100
116.5300 114.8049 108.0380 108.6862 108.7348 108.8618 111.0513 105.9500 105.8990 103.9297 122.3142 115.6008 121.1976 120.9600 114.6307 124.4268 121.7674 115.5092 105.8701 121.7776 111.7079 105.4062 103.8895 119.6526 125.7464 125.5344 124.9754 125.1226 123.0525 121.0925 114.1777 126.1167 122.9741 122.0822 103.2201 117.5001 123.8950 123.3998 122.8000 122.9582 120.7594 104.3884 102.6057 113.6768 117.6536 121.8835 121.5187 121.5603 121.2642 120.9792 120.8591 120.8593 120.6836 120.5714 120.4686 119.6264 118.5442 119.6596 120.1550 120.1210 120.1050 120.0937 120.1039 120.1500
112.0600 109.3471 110.8125 109.4375 107.1845 106.5770 107.7755 106.0091 106.8998 108.4356 115.0931 121.1868 101.6370 107.2737 123.4274 106.2805 113.4122 117.6142 118.2576 110.2920 108.1945 114.6064 107.7426 126.8036 125.3770 125.6118 125.3055 124.7965 119.6679 127.9589 118.4348 121.5938 118.7670 126.8907 122.0720 120.4515 119.8343 123.9017 123.5797 124.0314 123.3734 115.1877 97.3801 120.7181 123.5825 121.6113 121.7998 121.6000 121.2597 121.0159 121.3511 121.1481 121.0015 120.8892 120.8710 120.8157 121.7884 122.1988 120.5674 120.4908 120.4666 120.4580 120.4664 120.4800
112.0600 112.2203 112.5448 109.3120 108.5110 105.7897 105.3622 105.0969 109.4320 110.5478 100.7805 108.3129 115.4467 121.5472 114.5863 121.3788 127.0347 115.0875 118.9238 121.1800 111.9031 116.8750 121.2417 122.3158 128.2702 125.2783 125.1147 125.9559 114.9926 120.8266 109.3864 122.1605 125.0298 118.7838 103.5623 117.1468 106.2351 122.7022 116.1149 122.3293 101.6467 117.6780 111.5571 121.9344 120.1409 121.8832 122.1033 122.0419 121.7712 112.7407 121.7712 121.4403 121.3124 121.2295 121.0072 117.2853 95.9464 117.6858 120.8461 120.8260 120.8073 120.7986 120.8067 120.7900
118.4300 109.1262 116.8826 106.7112 106.6383 115.6783 113.4661 110.7606 105.9630 115.0612 120.9101 119.5028 123.0998 121.1490 122.5172 121.7297 124.6402 118.4134 119.2591 125.8656 125.4598 114.2899 113.7212 119.0312 116.4936 126.4904 125.5487 116.6640 98.9646 117.1053 127.3794 123.9962 125.4398 115.4589 101.8829 101.1209 105.0771 119.3031 114.2856 124.0398 115.7606 109.6146 125.6873 102.2805 115.4931 122.3554 122.3786 122.1151 122.1674 122.3361 121.7373 121.7234 121.6126 121.5246 121.4828 122.6258 120.9794 120.9267 121.1791 121.1694 121.1483 121.1375 121.1453 121.1000
109.5100 108.6143 114.8297 111.3324 115.2479 121.6321 111.2795 112.4125 117.3778 112.0419 127.9400 114.1290 121.1371 122.6883 120.9624 117.6106 126.9316 117.5055 118.9537 126.0548 127.0491 128.6259 116.4307 125.3104 116.4688 128.6173 114.4775 107.8626 118.1576 129.4831 124.8267 123.3800 124.2653 114.2188 112.1971 121.8118 109.7607 111.7184 126.0554 124.0859 123.7821 106.9344 124.5059 129.4384 127.0607 122.6254 123.0570 122.2144 122.4525 122.1591 122.1290 122.0054 121.9023 121.8327 121.6578 121.2687 121.4874 121.6080 121.5112 121.4529 121.4525 121.4558 121.4625 121.4000
109.2800 108.7692 115.7138 119.4896 117.7153 111.7562 118.5886 105.6093 108.9835 104.3750 108.3714 104.9758 125.0770 122.5973 123.3429 122.2266 128.6652 123.9943 126.2498 127.6228 129.3725 120.3053 128.2267 124.2993 125.6853 124.5776 99.7359 105.8988 128.2427 109.2336 114.8597 127.1704 124.5087 125.5565 126.1514 125.4977 108.7732 122.6603 123.6069 123.2259 125.2617 117.9567 117.0010 124.3280 120.3744 123.7390 120.5249 124.4718 122.5036 122.4888 122.3710 122.2730 122.1846 122.0887 122.0657 122.0060 122.0907 121.8065 121.9047 121.9254 121.7547 121.7725 121.7775 121.6800
115.7400 111.9931 108.8238 111.4765 124.8508 107.7419 129.3448 124.4059 107.6048 107.1817 123.8010 116.7838 107.4357 109.4928 122.6382 127.2137 124.0281 129.2383 117.6346 110.6205 107.2822 109.5067 119.4354 123.3854 128.1621 121.0500 107.0738 124.9711 103.4784 111.1374 120.9918 125.2022 124.8306 124.7485 124.4235 125.1964 118.1210 124.8710 124.1901 125.4571 119.1664 114.1099 118.9670 123.1024 117.1804 122.9740 101.1840 121.2898 122.6881 122.8033 122.6316 122.5723 122.4540 122.4064 122.1308 122.2282 120.7038 122.1336 121.1092 121.8393 122.0491 122.0824 122.0774 121.9600
107.3400 110.4152 118.7040 116.3894 127.6507 125.6937 115.4259 107.6337 131.8045 111.3128 110.9621 105.2633 113.4135 126.4583 127.6147 127.4975 126.9637 127.4495 119.2744 119.0171 107.8896 113.2001 114.9919 119.0962 125.8118 103.4960 103.6083 116.1783 124.6093 124.7543 126.2023 125.2933 125.1995 125.0498 124.9112 124.5350 125.4109 120.5270 122.1493 124.7734 111.9334 102.1953 120.1451 125.4543 114.0157 115.4476 121.3296 116.7796 123.7988 122.8545 122.9480 122.6243 122.7379 122.6645 122.5427 120.9133 121.4584 122.3758 121.6118 122.5050 122.3324 122.3403 122.3635 122.4900
127.1700 128.4032 129.9862 129.4602 128.1660 123.4130 127.2338 126.8336 106.7127 123.8834 104.5202 114.2586 132.8072 128.4499 127.8540 127.6298 128.0803 118.5578 107.8455 107.4052 107.5326 105.5061 102.9502 127.0629 126.5320 121.0568 109.0243 116.3505 126.2285 125.0746 125.7008 125.4296 125.3246 125.1617 125.0401 124.7194 126.8653 122.2588 124.5142 124.2875 104.6499 99.1805 116.3367 117.8715 126.7986 124.3715 120.3843 122.9184 118.3890 124.6998 122.6004 123.9866 122.9737 122.9190 122.8502 123.0001 122.7534 122.8284 122.7030 122.6597 122.6997 122.7561 122.6394 122.7400
129.4700 125.2054 129.2377 129.3067 124.3465 122.9822 122.8732 129.0991 129.4685 110.8043 115.4011 114.3279 123.2001 112.2021 114.9442 129.4312 127.2938 126.1399 117.1395 129.7091 128.6245 127.4524 126.4172 125.3917 126.1123 110.3398 105.6938 128.5260 128.6560 125.7033 125.7867 125.5753 125.4576 125.3192 125.2302 124.2564 101.3276 103.9411 126.3215 124.6294 124.3782 109.4395 104.4888 102.6242 116.7932 111.3095 124.5957 123.7918 118.5330 123.1947 114.7615 122.9979 123.2172 123.1708 123.1014 123.0432 123.4648 121.3089 123.3190 122.8242 122.6354 122.4736 122.9501 122.9900
129.4900 129.6011 129.3504 129.8394 124.9122 125.6317 121.4043 127.9702 111.7712 125.6070 112.4910 118.6724 113.9895 120.8410 124.6079 124.1219 118.9208 115.8524 125.1872 127.1684 126.6277 127.5628 115.5996 111.6181 110.5189 113.3946 110.9481 119.0543 124.6169 125.7870 125.8818 125.7403 125.6008 125.4879 125.2723 126.0624 126.4457 127.5598 125.6135 124.8463 125.2542 126.1749 117.9150 123.0372 116.0882 114.7128 101.0841 99.1705 124.6980 118.6666 122.3552 123.4766 123.4646 123.4057 123.4525 123.5180 119.2353 114.0287 124.0898 123.6476 124.4213 124.7483 123.0182 123.2300
140.5200 127.3059 129.3173 129.2262 128.9622 130.3087 110.3272 132.6106 128.5376 122.1243 130.9173 127.5202 121.2298 110.2180 107.4667 112.0406 108.4394 135.2944 127.9274 127.6205 127.4495 126.9790 127.3078 113.9706 116.7476 121.3851 117.3006 112.6158 122.1341 124.1368 125.9400 125.8362 125.7586 125.6080 125.5896 124.8521 124.7054 124.8022 125.0566 124.6862 124.7882 122.4367 106.0705 121.8425 122.7522 126.7539 117.9934 102.3956 123.7399 114.2223 123.8526 123.6392 123.7312 123.6498 123.7089 123.9573 109.6448 124.4450 125.6094 110.7304 110.8912 106.4863 125.3470 123.4600
140.5200 130.9700 129.4600 129.2900 129.2000 129.1200 128.9500 128.8600 128.7800 128.6800 128.5000 128.4100 128.3200 119.3200 118.2600 117.2000 110.0500 127.7800 127.5600 127.4500 127.3500 127.2400 127.0500 117.0100 126.8300 107.5200 108.8100 105.9700 120.0700 121.3500 126.0600 125.9500 125.8400 125.7200 125.6300 125.4900 125.4000 125.2500 125.1300 125.1300 124.9100 124.9100 102.6500 102.6500 105.0800 124.4200 124.2800 124.2900 124.1500 124.0200 124.0600 123.9000 123.9300 123.7700 123.7900 123.7900 114.2700 123.6500 113.7900 115.5200 116.3400 105.2300 123.6900 123.6900
